3728.44 2
12667.1 2
14160.3 2.5
26824.2 1
29062.4 2
38000.1 2.5
38745.2 2.9
48430.9 3.24483
49176 3.55301
58861.7 3.83446
59606.8 4.09525
60350.9 4.33944
73017.8 4.56988
73762.9 4.78871
74507 4.99753
75252 5.19763
85683.8 5.39003
86428.9 5.57555
87172.9 5.75491
87918 1
88663.1 1
99842.9 1
100585 2
101330 3
111761 3.33333
112506 3.63333
113250 3.90856
125172 4.16441
125917 4.40454
126661 4.63158
138583 4.84749
139328 5.05378
140072 5.25165
141562 5.44207
155719 5.62582
156464 1
157209 2
157957 3
158703 3
169878 3.33333
171365 3.63333
172111 3.90856
183286 4.16441
184776 4.40454
185521 4.63158
197443 4.84749
198188 1
198932 2
199681 3
210109 3.33333
210854 3.63333
211598 3.90856
223521 4.16441
224265 4.40454
225009 4.63158
236186 4.84749
236931 5.05378
237675 5.25165
238420 1
251835 2
252580 3
253325 3.33333
254066 1
263753 2
264499 2
271948 2.5
272694 2.9
283124 3.24483
283870 3.55301
297280 3.83446
298028 4.09525
298773 4.33944
309946 4.56988
310691 4.78871
311435 4.99753
312180 5.19763
317395 5.39003
318142 5.57555
318886 5.75491
319631 5.92867
320376 6.09735
326338 6.26135
327083 6.42106
327828 6.5768
328572 6.72885
329317 6.87746
330062 7.02286
336768 7.16526
338258 7.30482
339004 7.44171
339748 7.57609
340493 7.70809
341238 7.83782
341983 7.96541
348689 8.09095
350182 1
350927 2
351673 3
352418 3
353163 3
