3834.6 3834.6
7743.95 3909.35
9653.3 5818.7
11577.5 3833.6
13490.9 3837.6
15411.1 3833.6
17320.5 5742.95
19227.8 5736.95
21135.2 5724.05
23042.5 5722.05
24949.9 7629.39
26857.2 7629.39
28764.6 7629.39
30671.9 7629.39
32579.3 7629.39
34486.6 7629.39
36394 9536.74
38301.3 9536.74
40208.7 9536.74
42116 9536.74
44023.4 9536.74
45930.7 9536.74
47838.1 11444.1
49745.4 11444.1
51652.8 11444.1
53560.1 11444.1
55467.5 11444.1
57374.8 11444.1
59282.2 11444.1
61189.5 13351.4
63096.9 13351.4
65004.2 13351.4
66911.6 13351.4
68818.9 13351.4
70726.3 13351.4
72633.6 13351.4
74541 13351.4
76448.3 13351.4
78355.6 15258.8
80263 15258.8
82170.3 15258.8
84077.7 15258.8
85985 15258.8
87892.4 15258.8
89799.7 15258.8
91707.1 15258.8
93614.4 15258.8
95521.8 17166.1
97429.1 17166.1
99336.5 17166.1
101244 17166.1
103151 17166.1
105059 17166.1
106966 17166.1
108873 17166.1
110781 17166.1
112688 17166.1
114595 17166.1
116503 19073.5
118410 19073.5
120317 19073.5
122225 19073.5
124132 19073.5
126039 19073.5
127947 19073.5
129854 19073.5
131761 19073.5
133669 19073.5
135576 19073.5
137483 20980.8
139391 20980.8
141298 20980.8
143206 20980.8
145113 20980.8
147020 20980.8
148928 20980.8
150835 20980.8
152742 20980.8
154650 20980.8
156557 20980.8
158464 20980.8
160372 20980.8
162279 22888.2
164186 22888.2
166094 22888.2
168001 22888.2
169908 22888.2
171816 22888.2
173723 22888.2
175630 22888.2
177538 22888.2
179445 22888.2
181352 22888.2
183260 22888.2
185167 22888.2
187075 24795.5
188982 24795.5
190889 24795.5
192797 24795.5
194704 24795.5
196611 24795.5
198519 24795.5
200426 24795.5
202333 24795.5
204241 24795.5
206148 24795.5
208055 24795.5
209963 24795.5
211870 24795.5
213777 26702.9
215685 26702.9
217592 26702.9
219499 26702.9
221407 26702.9
223314 26702.9
225221 26702.9
227129 26702.9
229036 26702.9
230944 26702.9
232851 26702.9
234758 26702.9
236666 26702.9
238573 26702.9
240480 26702.9
242388 26702.9
244295 28610.2
246202 28610.2
248110 28610.2
250017 28610.2
251924 28610.2
253832 28610.2
255739 28610.2
257646 28610.2
259554 28610.2
261461 28610.2
263368 28610.2
265276 28610.2
267183 28610.2
269091 28610.2
270998 28610.2
272905 28610.2
274813 30517.6
276720 30517.6
278627 30517.6
280535 30517.6
282442 30517.6
284349 30517.6
286257 30517.6
288164 30517.6
290071 30517.6
291979 30517.6
293886 30517.6
295793 30517.6
297701 30517.6
299608 30517.6
301515 30517.6
303423 30517.6
305330 30517.6
307237 30517.6
309145 32424.9
311052 32424.9
312960 32424.9
314867 32424.9
316774 32424.9
318682 32424.9
320589 32424.9
322496 32424.9
324404 32424.9
326311 32424.9
328218 32424.9
330126 32424.9
332033 32424.9
333940 32424.9
335848 32424.9
337755 32424.9
339662 32424.9
341570 32424.9
343477 32424.9
345384 32424.9
347292 32424.9
349199 32424.9
351107 32424.9
353014 32424.9
354921 32424.9
356829 32424.9
358736 32424.9
360643 32424.9
362551 32424.9
364458 32424.9
366365 32424.9
368273 32424.9
370180 32424.9
372087 32424.9
373995 32424.9
375902 32424.9
377809 32424.9
379717 32424.9
381624 32424.9
383531 32424.9
385439 32424.9
387346 32424.9
389253 32424.9
391161 32424.9
393068 32424.9
394976 32424.9
396883 32424.9
398790 32424.9
400698 32424.9
402605 32424.9
404512 32424.9
406420 32424.9
408327 15258.8
410234 15258.8
412142 15258.8
414049 15258.8
415956 15258.8
417864 15258.8
419771 15258.8
421678 15258.8
423586 15258.8
425493 15258.8
427400 16274.8
429308 9536.74
431215 9536.74
433122 9536.74
435030 9536.74
436937 9536.74
438845 9536.74
440752 9536.74
442659 9536.74
444567 11444.1
446474 11444.1
448381 11444.1
450289 11444.1
452196 12651.8
454103 7629.39
456011 7629.39
457918 7629.39
459825 7629.39
461733 7629.39
463640 9536.74
465547 9536.74
467455 9536.74
469362 9536.74
471269 9536.74
473177 9536.74
475084 11444.1
476992 11444.1
478899 11444.1
480806 11444.1
482714 11444.1
484621 11444.1
486528 11444.1
488436 11444.1
490343 13351.4
492250 13351.4
494158 13351.4
496065 13351.4
497972 13351.4
499880 13351.4
501787 13351.4
503694 13351.4
505602 15258.8
507509 15258.8
509416 15258.8
511324 15258.8
513231 15258.8
515138 15258.8
517046 15258.8
518953 15258.8
520861 15258.8
522768 15258.8
524675 17166.1
526583 17166.1
528490 17166.1
530397 17166.1
532305 17166.1
534212 17166.1
536119 17166.1
538027 17166.1
539934 17166.1
541841 17166.1
543749 19073.5
545656 19073.5
547563 19073.5
549471 19073.5
551378 19073.5
553285 19073.5
555193 19073.5
557100 19073.5
559008 19073.5
560915 19073.5
562822 19073.5
564730 20980.8
566637 20980.8
568544 20980.8
570452 20980.8
572359 20980.8
574266 20980.8
576174 20980.8
578081 20980.8
579988 20980.8
581896 20980.8
583803 20980.8
585710 20980.8
587618 20980.8
589525 22888.2
591432 22888.2
593340 22888.2
595247 22888.2
597154 22888.2
599062 22888.2
600969 22888.2
602877 22888.2
604784 22888.2
606691 22888.2
608599 22888.2
610506 22888.2
612413 22888.2
614321 24795.5
616228 24795.5
618135 24795.5
620043 24795.5
621950 24795.5
623857 24795.5
625765 24795.5
627672 24795.5
629579 24795.5
631487 24795.5
633394 24795.5
635301 24795.5
637209 24795.5
639116 24795.5
641023 24795.5
642931 26702.9
644838 26702.9
646746 26702.9
648653 26702.9
650560 26702.9
652468 26702.9
654375 26702.9
656282 26702.9
658190 26702.9
660097 26702.9
662004 26702.9
663912 26702.9
665819 26702.9
667726 26702.9
669634 26702.9
671541 28610.2
673448 28610.2
675356 28610.2
677263 28610.2
679170 28610.2
681078 28610.2
682985 28610.2
684893 28610.2
686800 28610.2
688707 28610.2
690615 28610.2
692522 28610.2
694429 28610.2
696337 28610.2
698244 28610.2
700151 28610.2
702059 28610.2
703966 30517.6
705873 30517.6
707781 30517.6
709688 30517.6
711595 30517.6
713503 30517.6
715410 30517.6
717317 30517.6
719225 30517.6
721132 30517.6
723039 30517.6
724947 30517.6
726854 30517.6
728762 30517.6
730669 30517.6
732576 30517.6
734484 30517.6
736391 32424.9
738298 32424.9
740206 32424.9
742113 32424.9
744020 32424.9
745928 32424.9
747835 32424.9
749742 32424.9
751650 32424.9
753557 32424.9
755464 32424.9
757372 32424.9
759279 32424.9
761186 32424.9
763094 32424.9
765001 32424.9
766909 32424.9
768816 32424.9
770723 32424.9
772631 32424.9
774538 32424.9
776445 32424.9
778353 32424.9
780260 32424.9
782167 32424.9
784075 32424.9
785982 32424.9
787889 32424.9
789797 32424.9
791704 32424.9
793611 32424.9
795519 32424.9
797426 32424.9
799333 32424.9
801241 32424.9
803148 32424.9
805055 32424.9
806963 32424.9
808870 32424.9
810778 32424.9
812685 32424.9
814592 32424.9
816500 32424.9
818407 32424.9
820314 32424.9
822222 32424.9
824129 32424.9
826036 32424.9
827944 32424.9
829851 32424.9
831758 32424.9
833666 32424.9
835573 32424.9
837480 15258.8
839388 15258.8
841295 15258.8
843202 15258.8
845110 15258.8
847017 15258.8
848924 15258.8
850832 15258.8
852739 15258.8
854647 16269
856554 9536.74
858461 9536.74
860369 9536.74
862276 9536.74
864183 9536.74
866091 9536.74
867998 9536.74
869905 9536.74
871813 11444.1
873720 11444.1
875627 11444.1
877535 11444.1
879442 11444.1
881349 11444.1
883257 13280.9
885164 7629.39
887071 7629.39
888979 7629.39
890886 7629.39
892794 7629.39
894701 9536.74
896608 9536.74
898516 9536.74
900423 9536.74
902330 9536.74
904238 9536.74
906145 11444.1
908052 11444.1
909960 11444.1
911867 11444.1
913774 11444.1
915682 11444.1
917589 11444.1
919496 11444.1
921404 13351.4
923311 13351.4
925218 13351.4
927126 13351.4
929033 13351.4
930940 13351.4
932848 13351.4
934755 13351.4
936663 15258.8
938570 15258.8
940477 15258.8
942385 15258.8
944292 15258.8
946199 15258.8
948107 15258.8
950014 15258.8
951921 15258.8
953829 15258.8
955736 17166.1
957643 17166.1
959552 17167.1
961459 17167.1
963366 17167.1
965274 17167.1
967181 17167.1
969088 17167.1
970996 17167.1
972903 17167.1
974811 19074.5
976718 19074.5
978625 19073.5
980533 19073.5
982440 19073.5
984347 19073.5
986255 19073.5
988162 19073.5
990069 19073.5
991977 19073.5
993884 19073.5
995791 20980.8
997699 20980.8
999606 20980.8
1.00151e+06 20980.8
1.00342e+06 20980.8
1.00533e+06 20980.8
1.00724e+06 20980.8
1.00914e+06 20980.8
1.01105e+06 20980.8
1.01296e+06 20980.8
1.01486e+06 20980.8
1.01677e+06 20980.8
1.01868e+06 20980.8
1.02059e+06 22888.2
1.02249e+06 22888.2
1.0244e+06 22888.2
1.02631e+06 22888.2
1.02822e+06 22888.2
1.03012e+06 22888.2
1.03203e+06 22888.2
1.03394e+06 22888.2
1.03585e+06 22888.2
1.03775e+06 22888.2
1.03966e+06 22888.2
1.04157e+06 22888.2
1.04348e+06 22888.2
1.04538e+06 24795.5
1.04729e+06 24795.5
1.0492e+06 24795.5
1.0511e+06 24795.5
1.05301e+06 24795.5
1.05492e+06 24795.5
1.05683e+06 24795.5
1.05873e+06 24795.5
1.06064e+06 24795.5
1.06255e+06 24795.5
1.06446e+06 24795.5
1.06636e+06 24795.5
1.06827e+06 24795.5
1.07018e+06 24795.5
1.07209e+06 24795.5
1.07399e+06 26702.9
1.0759e+06 26702.9
1.07781e+06 26702.9
1.07971e+06 26702.9
1.08162e+06 26702.9
1.08353e+06 26702.9
1.08544e+06 26702.9
1.08734e+06 26702.9
1.08925e+06 26702.9
1.09116e+06 26702.9
1.09307e+06 26702.9
1.09497e+06 26702.9
1.09688e+06 26702.9
1.09879e+06 26702.9
1.1007e+06 26702.9
1.1026e+06 28610.2
1.10451e+06 28610.2
1.10642e+06 28610.2
1.10832e+06 28610.2
1.11023e+06 28610.2
1.11214e+06 28610.2
1.11405e+06 28610.2
1.11595e+06 28610.2
1.11786e+06 28610.2
1.11977e+06 28610.2
1.12168e+06 28610.2
1.12358e+06 28610.2
1.12549e+06 28610.2
1.1274e+06 28610.2
1.12931e+06 28610.2
1.13121e+06 28610.2
1.13312e+06 28610.2
1.13503e+06 30517.6
1.13694e+06 30517.6
1.13884e+06 30517.6
1.14075e+06 30517.6
1.14266e+06 30517.6
1.14456e+06 30517.6
1.14647e+06 30517.6
1.14838e+06 30517.6
1.15029e+06 30517.6
1.15219e+06 30517.6
1.1541e+06 30517.6
1.15601e+06 30517.6
1.15792e+06 30517.6
1.15982e+06 30517.6
1.16173e+06 30517.6
1.16364e+06 30517.6
1.16555e+06 30517.6
1.16745e+06 32424.9
1.16936e+06 32424.9
1.17127e+06 32424.9
1.17317e+06 32424.9
1.17508e+06 32424.9
1.17699e+06 32424.9
1.1789e+06 32424.9
1.1808e+06 32424.9
1.18271e+06 32424.9
1.18462e+06 32424.9
1.18653e+06 32424.9
1.18843e+06 32424.9
1.19034e+06 32424.9
1.19225e+06 32424.9
1.19416e+06 32424.9
1.19606e+06 32424.9
1.19797e+06 32424.9
1.19988e+06 32424.9
1.20178e+06 32424.9
1.20369e+06 32424.9
1.2056e+06 32424.9
1.20751e+06 32424.9
1.20941e+06 32424.9
1.21132e+06 32424.9
1.21323e+06 32424.9
1.21514e+06 32424.9
1.21704e+06 32424.9
1.21895e+06 32424.9
1.22086e+06 32424.9
1.22277e+06 32424.9
1.22467e+06 32424.9
1.22658e+06 32424.9
1.22849e+06 32424.9
1.2304e+06 32424.9
1.2323e+06 32424.9
1.23421e+06 32424.9
1.23612e+06 32424.9
1.23802e+06 32424.9
1.23993e+06 32424.9
1.24184e+06 32424.9
1.24375e+06 32424.9
1.24565e+06 32424.9
1.24756e+06 32424.9
1.24947e+06 32424.9
1.25138e+06 32424.9
1.25328e+06 32424.9
1.25519e+06 32424.9
1.2571e+06 32424.9
1.25901e+06 32424.9
1.26091e+06 32424.9
1.26282e+06 32424.9
1.26473e+06 32424.9
1.26663e+06 32424.9
1.26854e+06 15258.8
1.27045e+06 15258.8
1.27236e+06 15258.8
1.27426e+06 15258.8
1.27617e+06 15258.8
1.27808e+06 15258.8
1.27999e+06 15258.8
1.28189e+06 15258.8
1.2838e+06 15258.8
1.28571e+06 16269
1.28762e+06 9536.74
1.28952e+06 9536.74
1.29143e+06 9536.74
1.29334e+06 9536.74
1.29525e+06 9536.74
1.29715e+06 9536.74
1.29906e+06 9536.74
1.30097e+06 9536.74
1.30287e+06 11444.1
1.30478e+06 11444.1
1.30669e+06 11444.1
1.3086e+06 11444.1
1.3105e+06 11444.1
1.31241e+06 11444.1
1.31432e+06 13280.9
1.31623e+06 7629.39
1.31813e+06 7629.39
1.32004e+06 7629.39
1.32195e+06 7629.39
1.32386e+06 7629.39
1.32576e+06 9536.74
1.32767e+06 9536.74
1.32958e+06 9536.74
1.33148e+06 9536.74
1.33339e+06 9536.74
1.3353e+06 9536.74
1.33721e+06 11444.1
1.33911e+06 11444.1
1.34102e+06 11444.1
1.34293e+06 11444.1
1.34484e+06 11444.1
1.34674e+06 11444.1
1.34865e+06 11444.1
1.35056e+06 11444.1
1.35247e+06 13351.4
1.35437e+06 13351.4
1.35628e+06 13351.4
1.35819e+06 13351.4
1.36009e+06 13351.4
1.362e+06 13351.4
1.36391e+06 13351.4
1.36582e+06 13351.4
1.36772e+06 15258.8
1.36963e+06 15258.8
1.37154e+06 15258.8
1.37345e+06 15258.8
1.37535e+06 15258.8
1.37726e+06 15258.8
1.37917e+06 15258.8
1.38108e+06 15258.8
1.38298e+06 15258.8
1.38489e+06 15258.8
1.3868e+06 17166.1
1.38871e+06 17166.1
1.39061e+06 17166.1
1.39252e+06 17166.1
1.39443e+06 17166.1
1.39633e+06 17166.1
1.39824e+06 17166.1
1.40015e+06 17166.1
1.40206e+06 17166.1
1.40396e+06 17166.1
1.40587e+06 19073.5
1.40778e+06 19073.5
1.40969e+06 19073.5
1.41159e+06 19073.5
1.4135e+06 19073.5
1.41541e+06 19073.5
1.41732e+06 19073.5
1.41922e+06 19073.5
1.42113e+06 19073.5
1.42304e+06 19073.5
1.42494e+06 19073.5
1.42685e+06 20980.8
1.42876e+06 20980.8
1.43067e+06 20980.8
1.43257e+06 20980.8
1.43448e+06 20980.8
1.43639e+06 20980.8
1.4383e+06 20980.8
1.4402e+06 20980.8
1.44211e+06 20980.8
1.44402e+06 20980.8
1.44593e+06 20980.8
1.44783e+06 20980.8
1.44974e+06 20980.8
1.45165e+06 22888.2
1.45356e+06 22888.2
1.45546e+06 22888.2
1.45737e+06 22888.2
1.45928e+06 22888.2
1.46118e+06 22888.2
1.46309e+06 22888.2
1.465e+06 22888.2
1.46691e+06 22888.2
1.46881e+06 22888.2
1.47072e+06 22888.2
1.47263e+06 22888.2
1.47454e+06 22888.2
1.47644e+06 24795.5
1.47835e+06 24795.5
1.48026e+06 24795.5
1.48217e+06 24795.5
1.48407e+06 24795.5
1.48598e+06 24795.5
1.48789e+06 24795.5
1.48979e+06 24795.5
1.4917e+06 24795.5
1.49361e+06 24795.5
1.49552e+06 24795.5
1.49742e+06 24795.5
1.49933e+06 24795.5
1.50124e+06 24795.5
1.50315e+06 24795.5
1.50505e+06 26702.9
1.50696e+06 26702.9
1.50887e+06 26702.9
1.51078e+06 26702.9
1.51268e+06 26702.9
1.51459e+06 26702.9
1.5165e+06 26702.9
1.5184e+06 26702.9
1.52031e+06 26702.9
1.52222e+06 26702.9
1.52413e+06 26702.9
1.52603e+06 26702.9
1.52794e+06 26702.9
1.52985e+06 26702.9
1.53176e+06 26702.9
1.53366e+06 28610.2
1.53557e+06 28610.2
1.53748e+06 28610.2
1.53939e+06 28610.2
1.54129e+06 28610.2
1.5432e+06 28610.2
1.54511e+06 28610.2
1.54702e+06 28610.2
1.54892e+06 28610.2
1.55083e+06 28610.2
1.55274e+06 28610.2
1.55464e+06 28610.2
1.55655e+06 28610.2
1.55846e+06 28610.2
1.56037e+06 28610.2
1.56227e+06 28610.2
1.56418e+06 28610.2
1.56609e+06 30517.6
1.568e+06 30517.6
1.5699e+06 30517.6
1.57181e+06 30517.6
1.57372e+06 30517.6
1.57563e+06 30517.6
1.57753e+06 30517.6
1.57944e+06 30517.6
1.58135e+06 30517.6
1.58325e+06 30517.6
1.58516e+06 30517.6
1.58707e+06 30517.6
1.58898e+06 30517.6
1.59088e+06 30517.6
1.59279e+06 30517.6
1.5947e+06 30517.6
1.59661e+06 30517.6
1.59851e+06 32424.9
1.60042e+06 32424.9
1.60233e+06 32424.9
1.60424e+06 32424.9
1.60614e+06 32424.9
1.60805e+06 32424.9
1.60996e+06 32424.9
1.61186e+06 32424.9
1.61377e+06 32424.9
1.61568e+06 32424.9
1.61759e+06 32424.9
1.61949e+06 32424.9
1.6214e+06 32424.9
1.62331e+06 32424.9
1.62522e+06 32424.9
1.62712e+06 32424.9
1.62903e+06 32424.9
1.63094e+06 32424.9
1.63285e+06 32424.9
1.63475e+06 32424.9
1.63666e+06 32424.9
1.63857e+06 32424.9
1.64048e+06 32424.9
1.64238e+06 32424.9
1.64429e+06 32424.9
1.6462e+06 32424.9
1.6481e+06 32424.9
1.65001e+06 32424.9
1.65192e+06 32424.9
1.65383e+06 32424.9
1.65573e+06 32424.9
1.65764e+06 32424.9
1.65955e+06 32424.9
1.66146e+06 32424.9
1.66336e+06 32424.9
1.66527e+06 32424.9
1.66718e+06 32424.9
1.66909e+06 32424.9
1.67099e+06 32424.9
1.6729e+06 32424.9
1.67481e+06 32424.9
1.67671e+06 32424.9
1.67862e+06 32424.9
1.68053e+06 32424.9
1.68244e+06 32424.9
1.68434e+06 32424.9
1.68625e+06 32424.9
1.68816e+06 32424.9
1.69007e+06 32424.9
1.69197e+06 32424.9
1.69388e+06 32424.9
1.69579e+06 32424.9
1.6977e+06 32424.9
1.6996e+06 15258.8
1.70151e+06 15258.8
1.70342e+06 15258.8
1.70533e+06 15258.8
1.70723e+06 15258.8
1.70914e+06 15258.8
1.71105e+06 15258.8
1.71295e+06 15258.8
1.71486e+06 15258.8
1.71677e+06 16269
1.71868e+06 9536.74
1.72058e+06 9536.74
1.72249e+06 9536.74
1.7244e+06 9536.74
1.72631e+06 9536.74
1.72821e+06 9536.74
1.73012e+06 9536.74
1.73203e+06 9536.74
1.73394e+06 11444.1
1.73584e+06 11444.1
1.73775e+06 11444.1
1.73966e+06 11444.1
1.74156e+06 11444.1
1.74347e+06 11444.1
1.74538e+06 13280.9
1.74729e+06 7629.39
1.74919e+06 7629.39
1.7511e+06 7629.39
1.75301e+06 7629.39
1.75492e+06 7629.39
1.75682e+06 9536.74
1.75873e+06 9536.74
1.76064e+06 9536.74
1.76255e+06 9536.74
1.76445e+06 9536.74
1.76636e+06 9536.74
1.76827e+06 11444.1
1.77017e+06 11444.1
1.77208e+06 11444.1
1.77399e+06 11444.1
1.7759e+06 11444.1
1.7778e+06 11444.1
1.77971e+06 11444.1
1.78162e+06 11444.1
1.78353e+06 13351.4
1.78543e+06 13351.4
1.78734e+06 13351.4
1.78925e+06 13351.4
1.79116e+06 13351.4
1.79306e+06 13351.4
1.79497e+06 13351.4
1.79688e+06 13351.4
1.79879e+06 15258.8
1.80069e+06 15258.8
1.8026e+06 15258.8
1.80451e+06 15258.8
1.80641e+06 15258.8
1.80832e+06 15258.8
1.81023e+06 15258.8
1.81214e+06 15258.8
1.81404e+06 15258.8
1.81595e+06 15258.8
1.81786e+06 17166.1
1.81977e+06 17166.1
1.82167e+06 17166.1
1.82358e+06 17166.1
1.82549e+06 17166.1
1.8274e+06 17166.1
1.8293e+06 17166.1
1.83121e+06 17166.1
1.83312e+06 17166.1
1.83502e+06 17166.1
1.83693e+06 19073.5
1.83884e+06 19073.5
1.84075e+06 19073.5
1.84265e+06 19073.5
1.84456e+06 19073.5
1.84647e+06 19073.5
1.84838e+06 19073.5
1.85028e+06 19073.5
1.85219e+06 19073.5
1.8541e+06 19073.5
1.85601e+06 19073.5
1.85791e+06 20980.8
1.85982e+06 20980.8
1.86173e+06 20980.8
1.86363e+06 20980.8
1.86554e+06 20980.8
1.86745e+06 20980.8
1.86936e+06 20980.8
1.87126e+06 20980.8
1.87317e+06 20980.8
1.87508e+06 20980.8
1.87699e+06 20980.8
1.87889e+06 20980.8
1.8808e+06 20980.8
1.88271e+06 22888.2
1.88462e+06 22888.2
1.88652e+06 22888.2
1.88843e+06 22888.2
1.89034e+06 22888.2
1.89225e+06 22888.2
1.89415e+06 22888.2
1.89606e+06 22888.2
1.89797e+06 22888.2
1.89987e+06 22888.2
1.90178e+06 22888.2
1.90369e+06 22888.2
1.9056e+06 22888.2
1.9075e+06 24795.5
1.90941e+06 24795.5
1.91132e+06 24797.5
