2572.2 0
4955.67 0
7146.9 0
11721.6 0
16296.3 0
16677.8 0
20871 0
21255.5 0
25445.7 0
25833.1 0
30020.4 0
30401.8 0
30783.3 0
34595.1 0
34979.5 0
35361 0
39169.8 0
39557.2 0
39938.7 0
43744.5 0
44134.9 0
44516.4 0
44897.9 0
48319.2 0
48710.6 0
49094.1 0
49475.6 0
52893.8 0
53286.3 0
53671.8 0
54053.3 0
57468.5 0
57862 0
58247.5 0
58629 0
59010.4 0
62043.2 0
62436.7 0
62823.2 0
63204.6 0
63588.1 0
66617.9 0
67011.4 0
67397.9 0
67780.3 0
68165.8 0
71192.6 0
71586.1 0
71972.6 0
72354 0
72735.5 0
73117 0
75767.3 0
76160.8 0
76547.3 0
76929.7 0
77311.2 0
77692.7 0
80342 0
80737.5 0
81122 0
81504.4 0
81885.9 0
82268.4 0
84936.7 0
85318.1 0
85699.6 0
86081.1 0
86462.5 0
86844.1 0
89512.3 0
89894.8 0
90276.3 0
90657.8 0
91039.2 0
91420.7 0
94088 0
94471.5 0
94853 0
95234.4 0
95615.9 0
95997.4 0
99042.2 0
99423.7 0
99805.1 0
100187 0
100568 0
100950 0
103620 0
104001 0
104383 0
104764 0
105146 0
105527 0
108197 0
108579 0
108960 0
109342 0
109723 0
110105 0
112775 0
113157 0
113538 0
113920 0
114301 0
114682 0
117353 0
117734 0
118116 0
118497 0
118879 0
119260 0
121930 0
122312 0
122693 0
123075 0
123456 0
123838 0
126508 0
126889 0
127271 0
127652 0
128034 0
128415 0
131086 0
131467 0
131849 0
132230 0
132612 0
132993 0
135663 0
136045 0
136426 0
136808 0
137189 0
137571 0
140241 0
140622 0
141004 0
141385 0
141767 0
142148 0
144819 0
145200 0
145582 0
145963 0
146344 0
146726 0
149396 0
149778 0
150159 0
150541 0
150922 0
151304 0
153974 0
154355 0
154737 0
155118 0
155500 0
155881 0
158551 0
158933 0
159314 0
159696 0
160077 0
160459 0
163129 0
163511 0
163892 0
164274 0
164655 0
165036 0
167707 0
168088 0
168470 0
168851 0
169233 0
169614 0
172284 0
172666 0
173047 0
173429 0
173810 0
174192 0
176862 0
177243 0
177625 0
178006 0
178388 0
178769 0
181440 0
181821 0
182203 0
182584 0
182966 0
183347 0
186017 0
186399 0
186780 0
187162 0
187543 0
187925 0
190595 0
190976 0
191358 0
191739 0
192121 0
192502 0
195173 0
195554 0
195936 0
196317 0
196698 0
197080 0
199750 0
200132 0
200513 0
200895 0
201276 0
201658 0
204328 0
204709 0
205091 0
205472 0
205854 0
206235 0
208905 0
209287 0
209668 0
210050 0
210431 0
210813 0
213483 0
213865 0
214246 0
214628 0
215009 0
215390 0
218061 0
218442 0
218824 0
219205 0
219587 0
219968 0
222638 0
223020 0
223401 0
223783 0
224164 0
224546 0
227216 0
227598 0
227979 0
228360 0
228742 0
229123 0
231794 0
232175 0
504861 0
505242 0
505624 0
506005 0
506387 0
506768 0
509817 0
510199 0
510580 0
510962 0
511343 0
514392 0
514773 0
515155 0
515536 0
515918 0
518967 0
519348 0
519730 0
520111 0
520492 0
520874 0
523544 0
523926 0
524307 0
524689 0
525070 0
525452 0
528122 0
528503 0
528885 0
529266 0
529648 0
530029 0
532699 0
533081 0
533462 0
533844 0
534225 0
534607 0
537277 0
537659 0
538040 0
538422 0
538803 0
539184 0
541855 0
542236 0
542618 0
542999 0
543381 0
543762 0
546432 0
546814 0
547195 0
547577 0
547958 0
548340 0
551010 0
551392 0
551773 0
552154 0
552536 0
552917 0
555588 0
555969 0
556351 0
556732 0
557114 0
557495 0
560165 0
560547 0
560928 0
561310 0
561691 0
562073 0
564743 0
565124 0
565506 0
565887 0
566269 0
566650 0
569321 0
569702 0
570084 0
570465 0
570846 0
571228 0
573898 0
574280 0
574661 0
575043 0
575424 0
575806 0
578476 0
578857 0
579239 0
579620 0
580002 0
580383 0
583053 0
583435 0
583816 0
584198 0
584579 0
584961 0
587631 0
588013 0
588394 0
588776 0
589157 0
589538 0
592209 0
592590 0
592972 0
593353 0
593735 0
594116 0
596786 0
597168 0
597549 0
597931 0
598312 0
598694 0
601364 0
601746 0
602127 0
602508 0
602890 0
603271 0
605942 0
606323 0
606705 0
607086 0
607468 0
607849 0
610519 0
610901 0
611282 0
611664 0
612045 0
612427 0
615097 0
615478 0
615860 0
616241 0
616623 0
617004 0
619675 0
620056 0
620438 0
620819 0
621200 0
621582 0
624252 0
624634 0
625015 0
625397 0
625778 0
626160 0
628830 0
629211 0
629593 0
629974 0
630356 0
630737 0
633407 0
633789 0
634170 0
634552 0
634933 0
635315 0
637985 0
638367 0
638748 0
639130 0
639511 0
639892 0
642563 0
642944 0
643326 0
643707 0
644089 0
644470 0
647140 0
647522 0
647903 0
648285 0
648666 0
649048 0
651718 0
652100 0
652481 0
652862 0
653244 0
653625 0
656296 0
656677 0
657059 0
657440 0
657822 0
658203 0
660873 0
661255 0
661636 0
662018 0
662399 0
662781 0
665451 0
665832 0
666214 0
666595 0
666977 0
667358 0
670029 0
670410 0
670792 0
671173 0
671554 0
671936 0
674606 0
674988 0
675369 0
675751 0
676132 0
676514 0
679184 0
679565 0
679947 0
680328 0
680710 0
681091 0
683761 0
684143 0
684524 0
684906 0
685287 0
685669 0
688339 0
688721 0
689102 0
689484 0
689865 0
690246 0
692917 0
693298 0
693680 0
694061 0
694443 0
1.00486e+06 0
1.00524e+06 0
1.00562e+06 0
1.00601e+06 0
1.00639e+06 0
1.00677e+06 0
1.00982e+06 0
1.0102e+06 0
1.01058e+06 0
1.01096e+06 0
1.01134e+06 0
1.01439e+06 0
1.01477e+06 0
1.01515e+06 0
1.01554e+06 0
1.01592e+06 0
1.01897e+06 0
1.01935e+06 0
1.01973e+06 0
1.02011e+06 0
1.02049e+06 0
1.02087e+06 0
1.02354e+06 0
1.02393e+06 0
1.02431e+06 0
1.02469e+06 0
1.02507e+06 0
1.02545e+06 0
1.02812e+06 0
1.0285e+06 0
1.02888e+06 0
1.02927e+06 0
1.02965e+06 0
1.03003e+06 0
1.0327e+06 0
1.03308e+06 0
1.03346e+06 0
1.03384e+06 0
1.03423e+06 0
1.03461e+06 0
1.03728e+06 0
1.03766e+06 0
1.03804e+06 0
1.03842e+06 0
1.0388e+06 0
1.03918e+06 0
1.04185e+06 0
1.04224e+06 0
1.04262e+06 0
1.043e+06 0
1.04338e+06 0
1.04376e+06 0
1.04643e+06 0
1.04681e+06 0
1.0472e+06 0
1.04758e+06 0
1.04796e+06 0
1.04834e+06 0
1.05101e+06 0
1.05139e+06 0
1.05177e+06 0
1.05215e+06 0
1.05254e+06 0
1.05292e+06 0
1.05559e+06 0
1.05597e+06 0
1.05635e+06 0
1.05673e+06 0
1.05711e+06 0
1.0575e+06 0
1.06017e+06 0
1.06055e+06 0
1.06093e+06 0
1.06131e+06 0
1.06169e+06 0
1.06207e+06 0
1.06474e+06 0
1.06512e+06 0
1.06551e+06 0
1.06589e+06 0
1.06627e+06 0
1.06665e+06 0
1.06932e+06 0
1.0697e+06 0
1.07008e+06 0
1.07046e+06 0
1.07085e+06 0
1.07123e+06 0
1.0739e+06 0
1.07428e+06 0
1.07466e+06 0
1.07504e+06 0
1.07542e+06 0
1.07581e+06 0
1.07848e+06 0
1.07886e+06 0
1.07924e+06 0
1.07962e+06 0
1.08e+06 0
1.08038e+06 0
1.08305e+06 0
1.08343e+06 0
1.08382e+06 0
1.0842e+06 0
1.08458e+06 0
1.08496e+06 0
1.08763e+06 0
1.08801e+06 0
1.08839e+06 0
1.08878e+06 0
1.08916e+06 0
1.08954e+06 0
1.09221e+06 0
1.09259e+06 0
1.09297e+06 0
1.09335e+06 0
1.09373e+06 0
1.09412e+06 0
1.09679e+06 0
1.09717e+06 0
1.09755e+06 0
1.09793e+06 0
1.09831e+06 0
1.09869e+06 0
1.10136e+06 0
1.10175e+06 0
1.10213e+06 0
1.10251e+06 0
1.10289e+06 0
1.10327e+06 0
1.10594e+06 0
1.10632e+06 0
1.1067e+06 0
1.10709e+06 0
1.10747e+06 0
1.10785e+06 0
1.11052e+06 0
1.1109e+06 0
1.11128e+06 0
1.11166e+06 0
1.11205e+06 0
1.11243e+06 0
1.1151e+06 0
1.11548e+06 0
1.11586e+06 0
1.11624e+06 0
1.11662e+06 0
1.117e+06 0
1.11967e+06 0
1.12006e+06 0
1.12044e+06 0
1.12082e+06 0
1.1212e+06 0
1.12158e+06 0
1.12425e+06 0
1.12463e+06 0
1.12502e+06 0
1.1254e+06 0
1.12578e+06 0
1.12616e+06 0
1.12883e+06 0
1.12921e+06 0
1.12959e+06 0
1.12997e+06 0
1.13036e+06 0
1.13074e+06 0
1.13341e+06 0
1.13379e+06 0
1.13417e+06 0
1.13455e+06 0
1.13493e+06 0
1.13531e+06 0
1.13799e+06 0
1.13837e+06 0
1.13875e+06 0
1.13913e+06 0
1.13951e+06 0
1.13989e+06 0
1.14256e+06 0
1.14294e+06 0
1.14333e+06 0
1.14371e+06 0
1.14409e+06 0
1.14447e+06 0
1.14714e+06 0
1.14752e+06 0
1.1479e+06 0
1.14828e+06 0
1.14867e+06 0
1.14905e+06 0
1.15172e+06 0
1.1521e+06 0
1.15248e+06 0
1.15286e+06 0
1.15324e+06 0
1.15363e+06 0
1.1563e+06 0
1.15668e+06 0
1.15706e+06 0
1.15744e+06 0
1.15782e+06 0
1.1582e+06 0
1.16087e+06 0
1.16125e+06 0
1.16164e+06 0
1.16202e+06 0
1.1624e+06 0
1.16278e+06 0
1.16545e+06 0
1.16583e+06 0
1.16621e+06 0
1.1666e+06 0
1.16698e+06 0
1.16736e+06 0
1.17003e+06 0
1.17041e+06 0
1.17079e+06 0
1.17117e+06 0
1.17155e+06 0
1.17194e+06 0
1.17461e+06 0
1.17499e+06 0
1.17537e+06 0
1.17575e+06 0
1.17613e+06 0
1.17651e+06 0
1.17918e+06 0
1.17957e+06 0
1.17995e+06 0
1.18033e+06 0
1.18071e+06 0
1.18109e+06 0
1.18376e+06 0
1.18414e+06 0
1.18452e+06 0
1.18491e+06 0
1.18529e+06 0
1.18567e+06 0
1.18834e+06 0
1.18872e+06 0
1.1891e+06 0
1.18948e+06 0
1.18987e+06 0
1.19025e+06 0
1.19292e+06 0
1.1933e+06 0
1.19368e+06 0
1.19406e+06 0
1.19444e+06 0
1.50486e+06 0
1.50524e+06 0
1.50562e+06 0
1.50601e+06 0
1.50639e+06 0
1.50677e+06 0
1.50982e+06 0
1.5102e+06 0
1.51058e+06 0
1.51096e+06 0
1.51134e+06 0
1.51439e+06 0
1.51477e+06 0
1.51515e+06 0
1.51554e+06 0
1.51592e+06 0
1.51897e+06 0
1.51935e+06 0
1.51973e+06 0
1.52011e+06 0
1.52049e+06 0
1.52087e+06 0
1.52354e+06 0
1.52393e+06 0
1.52431e+06 0
1.52469e+06 0
1.52507e+06 0
1.52545e+06 0
1.52812e+06 0
1.5285e+06 0
1.52888e+06 0
1.52927e+06 0
1.52965e+06 0
1.53003e+06 0
1.5327e+06 0
1.53308e+06 0
1.53346e+06 0
1.53384e+06 0
1.53423e+06 0
1.53461e+06 0
1.53728e+06 0
1.53766e+06 0
1.53804e+06 0
1.53842e+06 0
1.5388e+06 0
1.53918e+06 0
1.54185e+06 0
1.54224e+06 0
1.54262e+06 0
1.543e+06 0
1.54338e+06 0
1.54376e+06 0
1.54643e+06 0
1.54681e+06 0
1.5472e+06 0
1.54758e+06 0
1.54796e+06 0
1.54834e+06 0
1.55101e+06 0
1.55139e+06 0
1.55177e+06 0
1.55215e+06 0
1.55254e+06 0
1.55292e+06 0
1.55559e+06 0
1.55597e+06 0
1.55635e+06 0
1.55673e+06 0
1.55711e+06 0
1.5575e+06 0
1.56017e+06 0
1.56055e+06 0
1.56093e+06 0
1.56131e+06 0
1.56169e+06 0
1.56207e+06 0
1.56474e+06 0
1.56512e+06 0
1.56551e+06 0
1.56589e+06 0
1.56627e+06 0
1.56665e+06 0
1.56932e+06 0
1.5697e+06 0
1.57008e+06 0
1.57046e+06 0
1.57085e+06 0
1.57123e+06 0
1.5739e+06 0
1.57428e+06 0
1.57466e+06 0
1.57504e+06 0
1.57542e+06 0
1.57581e+06 0
1.57848e+06 0
1.57886e+06 0
1.57924e+06 0
1.57962e+06 0
1.58e+06 0
1.58038e+06 0
1.58305e+06 0
1.58343e+06 0
1.58382e+06 0
1.5842e+06 0
1.58458e+06 0
1.58496e+06 0
1.58763e+06 0
1.58801e+06 0
1.58839e+06 0
1.58878e+06 0
1.58916e+06 0
1.58954e+06 0
1.59221e+06 0
1.59259e+06 0
1.59297e+06 0
1.59335e+06 0
1.59373e+06 0
1.59412e+06 0
1.59679e+06 0
1.59717e+06 0
1.59755e+06 0
1.59793e+06 0
1.59831e+06 0
1.59869e+06 0
1.60136e+06 0
1.60175e+06 0
1.60213e+06 0
1.60251e+06 0
1.60289e+06 0
1.60327e+06 0
1.60594e+06 0
1.60632e+06 0
1.6067e+06 0
1.60709e+06 0
1.60747e+06 0
1.60785e+06 0
1.61052e+06 0
1.6109e+06 0
1.61128e+06 0
1.61166e+06 0
1.61205e+06 0
1.61243e+06 0
1.6151e+06 0
1.61548e+06 0
1.61586e+06 0
1.61624e+06 0
1.61662e+06 0
1.617e+06 0
1.61967e+06 0
1.62006e+06 0
1.62044e+06 0
1.62082e+06 0
1.6212e+06 0
1.62158e+06 0
1.62425e+06 0
1.62463e+06 0
1.62502e+06 0
1.6254e+06 0
1.62578e+06 0
1.62616e+06 0
1.62883e+06 0
1.62921e+06 0
1.62959e+06 0
1.62997e+06 0
1.63036e+06 0
1.63074e+06 0
1.63341e+06 0
1.63379e+06 0
1.63417e+06 0
1.63455e+06 0
1.63493e+06 0
1.63531e+06 0
1.63799e+06 0
1.63837e+06 0
1.63875e+06 0
1.63913e+06 0
1.63951e+06 0
1.63989e+06 0
1.64256e+06 0
1.64294e+06 0
1.64333e+06 0
1.64371e+06 0
1.64409e+06 0
1.64447e+06 0
1.64714e+06 0
1.64752e+06 0
1.6479e+06 0
1.64828e+06 0
1.64867e+06 0
1.64905e+06 0
1.65172e+06 0
1.6521e+06 0
1.65248e+06 0
1.65286e+06 0
1.65324e+06 0
1.65363e+06 0
1.6563e+06 0
1.65668e+06 0
1.65706e+06 0
1.65744e+06 0
1.65782e+06 0
1.6582e+06 0
1.66087e+06 0
1.66125e+06 0
1.66164e+06 0
1.66202e+06 0
1.6624e+06 0
1.66278e+06 0
1.66545e+06 0
1.66583e+06 0
1.66621e+06 0
1.6666e+06 0
1.66698e+06 0
1.66736e+06 0
1.67003e+06 0
1.67041e+06 0
1.67079e+06 0
1.67117e+06 0
1.67155e+06 0
1.67194e+06 0
1.67461e+06 0
1.67499e+06 0
1.67537e+06 0
1.67575e+06 0
1.67613e+06 0
1.67651e+06 0
1.67918e+06 0
1.67957e+06 0
1.67995e+06 0
1.68033e+06 0
1.68071e+06 0
1.68109e+06 0
1.68376e+06 0
1.68414e+06 0
1.68452e+06 0
1.68491e+06 0
1.68529e+06 0
1.68567e+06 0
1.68834e+06 0
1.68872e+06 0
1.6891e+06 0
1.68948e+06 0
1.68987e+06 0
1.69025e+06 0
1.69292e+06 0
1.6933e+06 0
1.69368e+06 0
1.69406e+06 0
1.69444e+06 0
2.00486e+06 0
2.00524e+06 0
2.00562e+06 0
2.00601e+06 0
2.00639e+06 0
2.00677e+06 0
2.00982e+06 0
2.0102e+06 0
2.01058e+06 0
2.01096e+06 0
2.01134e+06 0
2.01439e+06 0
2.01477e+06 0
2.01515e+06 0
2.01554e+06 0
2.01592e+06 0
2.01897e+06 0
2.01935e+06 0
2.01973e+06 0
2.02011e+06 0
2.02049e+06 0
2.02087e+06 0
2.02354e+06 0
2.02393e+06 0
2.02431e+06 0
2.02469e+06 0
2.02507e+06 0
2.02545e+06 0
2.02812e+06 0
2.0285e+06 0
2.02888e+06 0
2.02927e+06 0
2.02965e+06 0
2.03003e+06 0
2.0327e+06 0
2.03308e+06 0
2.03346e+06 0
2.03384e+06 0
2.03423e+06 0
2.03461e+06 0
2.03728e+06 0
2.03766e+06 0
2.03804e+06 0
2.03842e+06 0
2.0388e+06 0
2.03918e+06 0
2.04185e+06 0
2.04224e+06 0
2.04262e+06 0
2.043e+06 0
2.04338e+06 0
2.04376e+06 0
2.04643e+06 0
2.04681e+06 0
2.0472e+06 0
2.04758e+06 0
2.04796e+06 0
2.04834e+06 0
2.05101e+06 0
2.05139e+06 0
2.05177e+06 0
2.05215e+06 0
2.05254e+06 0
2.05292e+06 0
2.05559e+06 0
2.05597e+06 0
2.05635e+06 0
2.05673e+06 0
2.05711e+06 0
2.0575e+06 0
2.06017e+06 0
2.06055e+06 0
2.06093e+06 0
2.06131e+06 0
2.06169e+06 0
2.06207e+06 0
2.06474e+06 0
2.06512e+06 0
2.06551e+06 0
2.06589e+06 0
2.06627e+06 0
2.06665e+06 0
2.06932e+06 0
2.0697e+06 0
2.07008e+06 0
2.07046e+06 0
2.07085e+06 0
2.07123e+06 0
2.0739e+06 0
2.07428e+06 0
2.07466e+06 0
2.07504e+06 0
2.07542e+06 0
2.07581e+06 0
2.07848e+06 0
2.07886e+06 0
2.07924e+06 0
2.07962e+06 0
2.08e+06 0
2.08038e+06 0
2.08305e+06 0
2.08343e+06 0
2.08382e+06 0
2.0842e+06 0
2.08458e+06 0
2.08496e+06 0
2.08763e+06 0
2.08801e+06 0
2.08839e+06 0
2.08878e+06 0
2.08916e+06 0
2.08954e+06 0
2.09221e+06 0
2.09259e+06 0
2.09297e+06 0
2.09335e+06 0
2.09373e+06 0
2.09412e+06 0
2.09679e+06 0
2.09717e+06 0
2.09755e+06 0
2.09793e+06 0
2.09831e+06 0
2.09869e+06 0
2.10136e+06 0
2.10175e+06 0
2.10213e+06 0
2.10251e+06 0
2.10289e+06 0
2.10327e+06 0
2.10594e+06 0
2.10632e+06 0
2.1067e+06 0
2.10709e+06 0
2.10747e+06 0
2.10785e+06 0
2.11052e+06 0
2.1109e+06 0
2.11128e+06 0
2.11166e+06 0
2.11205e+06 0
2.11243e+06 0
2.1151e+06 0
2.11548e+06 0
2.11586e+06 0
2.11624e+06 0
2.11662e+06 0
2.117e+06 0
2.11967e+06 0
2.12006e+06 0
2.12044e+06 0
2.12082e+06 0
2.1212e+06 0
2.12158e+06 0
2.12425e+06 0
2.12463e+06 0
2.12502e+06 0
2.1254e+06 0
2.12578e+06 0
2.12616e+06 0
2.12883e+06 0
2.12921e+06 0
2.12959e+06 0
2.12997e+06 0
2.13036e+06 0
2.13074e+06 0
2.13341e+06 0
2.13379e+06 0
2.13417e+06 0
2.13455e+06 0
2.13493e+06 0
2.13531e+06 0
2.13799e+06 0
2.13837e+06 0
2.13875e+06 0
2.13913e+06 0
2.13951e+06 0
2.13989e+06 0
2.14256e+06 0
2.14294e+06 0
2.14333e+06 0
2.14371e+06 0
2.14409e+06 0
2.14447e+06 0
2.14714e+06 0
2.14752e+06 0
2.1479e+06 0
2.14828e+06 0
2.14867e+06 0
2.14905e+06 0
2.15172e+06 0
2.1521e+06 0
2.15248e+06 0
2.15286e+06 0
2.15324e+06 0
2.15363e+06 0
2.1563e+06 0
2.15668e+06 0
2.15706e+06 0
2.15744e+06 0
2.15782e+06 0
2.1582e+06 0
2.16087e+06 0
2.16125e+06 0
2.16164e+06 0
2.16202e+06 0
2.1624e+06 0
2.16278e+06 0
2.16545e+06 0
2.16583e+06 0
2.16621e+06 0
2.1666e+06 0
2.16698e+06 0
2.16736e+06 0
2.17003e+06 0
2.17041e+06 0
2.17079e+06 0
2.17117e+06 0
2.17155e+06 0
2.17194e+06 0
2.17461e+06 0
2.17499e+06 0
2.17537e+06 0
2.17575e+06 0
2.17613e+06 0
2.17651e+06 0
2.17918e+06 0
2.17957e+06 0
2.17995e+06 0
2.18033e+06 0
2.18071e+06 0
2.18109e+06 0
2.18376e+06 0
2.18414e+06 0
2.18452e+06 0
2.18491e+06 0
2.18529e+06 0
2.18567e+06 0
2.18834e+06 0
2.18872e+06 0
2.1891e+06 0
2.18948e+06 0
2.18987e+06 0
2.19025e+06 0
2.19292e+06 0
2.1933e+06 0
2.19368e+06 0
2.19406e+06 0
2.19444e+06 0
