2769 2000
6769 4000
14769 8000
30769 16000
62769 32000
126769 64000
254769 128000
510769 256000
1.02277e+06 512000
2.04677e+06 1.024e+06
4.09477e+06 2.048e+06
5.40811e+06 1.31334e+06
5.40811e+06 1
8.30609e+06 2.89798e+06
8.3061e+06 7.45058
1.0069e+07 1.76285e+06
1.0069e+07 1
1.0069e+07 6.45058
1.13861e+07 1.31712e+06
1.13861e+07 7.45058
1.13861e+07 1
1.13973e+07 11182.3
1.39426e+07 2.54536e+06
1.39426e+07 7.45058
1.39985e+07 55894.3
1.39985e+07 7.45058
1.39985e+07 1
1.67164e+07 2.71783e+06
1.67611e+07 44718.4
1.67611e+07 7.45058
1.67611e+07 7.45058
1.68282e+07 67062.7
1.68282e+07 1
2.05866e+07 3.75847e+06
2.06202e+07 33535.1
2.06425e+07 22374.1
2.06426e+07 7.45058
2.06873e+07 44710.9
2.06984e+07 11183.3
2.06984e+07 1
2.43534e+07 3.65498e+06
2.44093e+07 55909.2
2.44765e+07 67107.4
2.44876e+07 11183.3
2.44876e+07 7.45058
2.44988e+07 11183.3
2.47112e+07 212409
2.81586e+07 3.44735e+06
2.81586e+07 1
2.82704e+07 111780
2.89746e+07 704199
2.90528e+07 78260.9
2.91199e+07 67070.1
2.91534e+07 33550
2.97794e+07 625998
3.3157e+07 3.37759e+06
3.32018e+07 44718.4
3.32018e+07 1
3.32912e+07 89435.8
3.3716e+07 424795
3.37272e+07 11183.3
3.37719e+07 44710.9
3.38837e+07 111781
3.44985e+07 614829
3.85109e+07 4.01245e+06
3.85892e+07 78238.5
3.86339e+07 44718.4
3.88127e+07 178844
3.88127e+07 1
3.93605e+07 547743
3.94499e+07 89414.4
3.95058e+07 55909.2
3.95058e+07 7.45058
4.00871e+07 581287
4.44184e+07 4.33132e+06
4.4452e+07 33535.1
4.45079e+07 55894.3
4.49214e+07 413582
4.49885e+07 67062.7
4.49885e+07 1
4.52903e+07 301815
4.53797e+07 89429.3
4.55586e+07 178866
4.55586e+07 7.45058
4.59835e+07 424892
4.97068e+07 3.72327e+06
4.97515e+07 44718.4
5.03663e+07 614792
5.12381e+07 871778
5.12828e+07 44718.4
5.13275e+07 44710.9
5.1674e+07 346497
5.1674e+07 1
5.1797e+07 122963
5.19423e+07 145361
5.19535e+07 11220.6
5.24455e+07 491984
5.68206e+07 4.37507e+06
5.68541e+07 33535.1
5.75248e+07 670634
5.81618e+07 637077
5.83295e+07 167668
5.83295e+07 7.45058
5.87654e+07 435896
5.87654e+07 7.45058
5.87654e+07 1
5.88325e+07 67084
5.90449e+07 212416
5.90561e+07 11190.8
5.95706e+07 514448
6.41886e+07 4.61809e+06
6.42781e+07 89414.4
6.52504e+07 972383
6.57869e+07 536479
6.59881e+07 201188
6.60216e+07 33535.1
6.60664e+07 44740.7
6.6167e+07 100590
6.61893e+07 22359.2
6.61893e+07 1
6.62676e+07 78245
6.65247e+07 257127
6.65582e+07 33535.1
6.72404e+07 682168
7.31554e+07 5.91502e+06
7.31666e+07 11183.3
7.3569e+07 402376
7.38372e+07 268228
7.43402e+07 502951
7.43849e+07 44733.3
7.45526e+07 167675
7.45749e+07 22359.2
7.45749e+07 7.45058
7.45749e+07 7.45058
7.4575e+07 7.45058
7.4575e+07 1
7.48321e+07 257148
7.48321e+07 7.45058
7.57267e+07 894621
8.2891e+07 7.16423e+06
8.29357e+07 44710.9
8.30922e+07 156537
8.30922e+07 7.45058
8.30922e+07 7.45058
8.31258e+07 33542.5
8.3137e+07 11198.2
8.3137e+07 7.45058
8.3137e+07 7.45058
8.31593e+07 22366.6
8.31817e+07 22359.2
8.31929e+07 11183.3
8.31929e+07 1
8.34836e+07 290683
8.35059e+07 22366.6
8.45457e+07 1.0398e+06
9.22846e+07 7.73882e+06
9.23405e+07 55901.7
9.25529e+07 212438
9.25529e+07 7.45058
9.25529e+07 7.45058
9.25641e+07 11183.3
9.25641e+07 7.45058
9.25641e+07 7.45058
9.25641e+07 7.45058
9.25641e+07 7.45058
9.25641e+07 7.45058
9.25753e+07 11183.3
9.25865e+07 11198.2
9.31678e+07 581279
9.31678e+07 1
9.32572e+07 89443.2
9.39507e+07 693440
1.02282e+08 8.33148e+06
1.02316e+08 33557.4
1.02383e+08 67092.5
1.02383e+08 7.45058
1.02383e+08 7.45058
1.02383e+08 7.45058
1.02383e+08 7.45058
1.02394e+08 11183.3
1.02394e+08 7.45058
1.02394e+08 7.45058
1.02394e+08 7.45058
1.02405e+08 11190.8
1.02416e+08 11198.2
1.02785e+08 368915
1.02931e+08 145324
1.02931e+08 1
1.0311e+08 178910
1.03959e+08 849888
1.12899e+08 8.93954e+06
1.1291e+08 11183.3
1.12955e+08 44748.2
1.12966e+08 11198.2
1.12977e+08 11198.2
1.12977e+08 7.45058
1.13011e+08 33564.9
1.13011e+08 7.45058
1.13011e+08 7.45058
1.13011e+08 14.9012
1.13011e+08 7.45058
1.13022e+08 11183.3
1.13022e+08 7.45058
1.13492e+08 469506
1.13548e+08 55901.7
1.13548e+08 7.45058
1.1395e+08 402458
1.1395e+08 1
1.14643e+08 693425
1.24072e+08 9.42811e+06
1.24094e+08 22359.2
1.24139e+08 44733.3
1.24139e+08 7.45058
1.24161e+08 22366.6
1.24351e+08 190027
1.24373e+08 22374.1
1.24373e+08 7.45058
1.24373e+08 7.45058
1.24373e+08 14.9012
1.24373e+08 7.45058
1.24385e+08 11190.8
1.24407e+08 22366.6
1.24675e+08 268318
1.24687e+08 11183.3
1.24754e+08 67070.1
1.24865e+08 111841
1.24865e+08 7.45058
1.24865e+08 1
1.26006e+08 1.14064e+06
1.35977e+08 9.97069e+06
1.36089e+08 111796
1.36178e+08 89444.2
1.36189e+08 11183.3
1.36189e+08 7.45058
1.362e+08 11190.8
1.36267e+08 67085
1.36279e+08 11190.8
1.36279e+08 7.45058
1.36301e+08 22366.6
1.36301e+08 14.9012
1.36301e+08 7.45058
1.36301e+08 7.45058
1.36558e+08 257127
1.36603e+08 44725.8
1.36603e+08 7.45058
1.36838e+08 234745
1.36838e+08 14.9012
1.3686e+08 22374.1
1.3799e+08 1.12952e+06
1.3799e+08 1
1.4836e+08 1.03705e+07
1.48382e+08 22374.1
1.48584e+08 201203
1.48584e+08 7.45058
1.48584e+08 7.45058
1.48606e+08 22366.6
1.48651e+08 44733.3
1.48684e+08 33542.5
1.48684e+08 7.45058
1.4874e+08 55931.5
1.4883e+08 89436.8
1.4883e+08 7.45058
1.4883e+08 7.45058
1.4902e+08 190035
1.4902e+08 7.45058
1.4902e+08 7.45058
1.49187e+08 167720
1.49199e+08 11183.3
1.49243e+08 44733.3
1.50507e+08 1.26363e+06
1.50507e+08 7.45058
1.50507e+08 1
1.61266e+08 1.07589e+07
1.61311e+08 44733.3
1.61534e+08 223570
1.61534e+08 7.45058
1.61534e+08 7.45058
1.61545e+08 11205.7
1.61657e+08 111818
1.61668e+08 11190.8
1.61668e+08 7.45058
1.61724e+08 55886.8
1.61959e+08 234731
1.61959e+08 7.45058
1.61959e+08 7.45058
1.62138e+08 178874
1.6216e+08 22366.6
1.6216e+08 7.45058
1.62272e+08 111803
1.62272e+08 7.45058
1.62306e+08 33587.2
1.63636e+08 1.33067e+06
1.63636e+08 7.45058
1.63636e+08 7.45058
1.7435e+08 1.07139e+07
1.7435e+08 1
1.74395e+08 44754.6
1.74518e+08 122979
1.74518e+08 7.45058
1.74518e+08 7.45058
1.74585e+08 67114.8
1.7463e+08 44733.3
1.7463e+08 7.45058
1.7463e+08 7.45058
1.74652e+08 22359.2
1.74786e+08 134125
1.74831e+08 44710.9
1.74898e+08 67092.5
1.75066e+08 167713
1.75077e+08 11190.8
1.75099e+08 22359.2
1.75189e+08 89429.3
1.752e+08 11190.8
1.75368e+08 167757
1.76564e+08 1.19653e+06
1.76564e+08 14.9012
1.76564e+08 7.45058
1.87993e+08 1.1429e+07
1.87993e+08 7.45058
1.87993e+08 1
1.88016e+08 22358.2
1.88049e+08 33572.3
1.8806e+08 11183.3
1.88116e+08 55916.6
1.88172e+08 55916.6
1.88206e+08 33572.3
1.88206e+08 7.45058
1.88206e+08 7.45058
1.88251e+08 44710.9
1.88329e+08 78246
1.88362e+08 33535.1
1.88508e+08 145301
1.88731e+08 223614
1.88742e+08 11190.8
1.88743e+08 7.45058
1.88743e+08 7.45058
1.88787e+08 44792.9
1.88977e+08 190087
1.9023e+08 1.25236e+06
1.9023e+08 7.45058
1.90241e+08 11198.2
2.02094e+08 1.18535e+07
2.02094e+08 7.45058
2.02106e+08 11190.8
2.02139e+08 33557.4
2.02139e+08 1
2.02162e+08 22380.5
2.02162e+08 7.45058
2.02195e+08 33564.9
2.02307e+08 111789
2.02352e+08 44725.8
2.02385e+08 33535.1
2.02419e+08 33542.5
2.02419e+08 7.45058
2.02598e+08 178851
2.02653e+08 55894.3
2.02721e+08 67062.7
2.02888e+08 167787
2.02888e+08 14.9012
2.02888e+08 7.45058
2.02888e+08 7.45058
2.03056e+08 167720
2.0319e+08 134163
2.04476e+08 1.28593e+06
2.04532e+08 55931.5
2.04532e+08 29.8023
2.16835e+08 1.23033e+07
2.16835e+08 7.45058
2.16858e+08 22381.5
2.1688e+08 22366.6
2.1688e+08 7.45058
2.1688e+08 1
2.16947e+08 67098.9
2.17048e+08 100620
2.17081e+08 33542.5
2.17081e+08 7.45058
2.17126e+08 44718.4
2.17126e+08 7.45058
2.17126e+08 7.45058
2.17126e+08 7.45058
2.17383e+08 257127
2.17428e+08 44718.4
2.17428e+08 7.45058
2.17886e+08 458449
2.17886e+08 7.45058
2.17898e+08 11190.8
2.17898e+08 7.45058
2.17965e+08 67070.1
2.18155e+08 189997
2.19351e+08 1.19661e+06
2.19351e+08 7.45058
2.19396e+08 44755.6
2.32245e+08 1.28486e+07
2.32245e+08 7.45058
2.32323e+08 78275.8
2.32334e+08 11183.3
2.32334e+08 22.3517
2.32334e+08 7.45058
2.3248e+08 145346
2.3248e+08 1
2.32502e+08 22365.6
2.32502e+08 7.45058
2.32502e+08 7.45058
2.32513e+08 11190.8
2.32513e+08 7.45058
2.32524e+08 11190.8
2.32524e+08 7.45058
2.32804e+08 279464
2.32849e+08 44710.9
2.32871e+08 22374.1
2.33419e+08 547878
2.33419e+08 7.45058
2.33419e+08 7.45058
2.33419e+08 7.45058
2.33441e+08 22359.2
2.33464e+08 22359.2
2.3485e+08 1.38666e+06
2.3485e+08 7.45058
2.34873e+08 22396.4
2.48337e+08 1.34645e+07
2.48337e+08 7.45058
2.48393e+08 55909.2
2.48415e+08 22359.2
2.48449e+08 33535.1
2.48449e+08 7.45058
2.48583e+08 134178
2.48583e+08 7.45058
2.48583e+08 1
2.48583e+08 6.45058
2.48583e+08 7.45058
2.48605e+08 22374.1
2.48605e+08 7.45058
2.48606e+08 7.45058
2.48606e+08 7.45058
2.48606e+08 7.45058
2.48818e+08 212409
2.48941e+08 122949
2.49019e+08 78268.3
2.49623e+08 603728
2.49679e+08 55894.3
2.49679e+08 7.45058
2.49679e+08 7.45058
2.49679e+08 7.45058
2.49679e+08 7.45058
2.50909e+08 1.2303e+06
2.50909e+08 7.45058
2.5092e+08 11198.2
2.65e+08 1.40794e+07
2.65e+08 7.45058
2.65056e+08 55909.2
2.651e+08 44710.9
2.651e+08 7.45058
2.65112e+08 11183.3
2.65246e+08 134170
2.65246e+08 7.45058
2.65268e+08 22359.2
2.65279e+08 11183.3
2.65279e+08 1
2.65279e+08 6.45058
2.65279e+08 14.9012
2.65279e+08 7.45058
2.65279e+08 7.45058
2.65302e+08 22359.2
2.65369e+08 67077.6
2.65469e+08 100598
2.65603e+08 134178
2.65849e+08 245914
2.66464e+08 614896
2.66464e+08 7.45058
2.66475e+08 11183.3
2.66475e+08 7.45058
2.66475e+08 7.45058
2.66476e+08 7.45058
2.67594e+08 1.11867e+06
2.67594e+08 7.45058
2.67594e+08 7.45058
2.82283e+08 1.46886e+07
2.82316e+08 33535.1
2.82372e+08 55939
2.82372e+08 7.45058
2.82372e+08 7.45058
2.82451e+08 78283.3
2.82529e+08 78246
2.82529e+08 7.45058
2.82529e+08 7.45058
2.82529e+08 7.45058
2.8254e+08 11183.3
2.8254e+08 1
2.8254e+08 6.45058
2.82596e+08 55894.3
2.82596e+08 7.45058
2.82596e+08 7.45058
2.8263e+08 33535.1
2.82775e+08 145353
2.82775e+08 7.45058
2.83043e+08 268303
2.83166e+08 122979
2.83792e+08 626050
2.83837e+08 44718.4
2.83837e+08 7.45058
2.83859e+08 22366.6
2.83859e+08 7.45058
2.83859e+08 7.45058
2.84978e+08 1.11876e+06
2.84978e+08 7.45058
2.84978e+08 7.45058
3.00098e+08 1.51195e+07
3.0012e+08 22359.2
3.00254e+08 134192
3.00254e+08 7.45058
3.00332e+08 78253.4
3.00433e+08 100628
3.00433e+08 7.45058
3.00433e+08 7.45058
3.00433e+08 7.45058
3.00433e+08 7.45058
3.00433e+08 7.45058
3.00467e+08 33535.1
3.00478e+08 11183.3
3.00478e+08 1
3.00478e+08 6.45058
3.00478e+08 7.45058
3.00478e+08 7.45058
3.00478e+08 7.45058
3.00657e+08 178874
3.00657e+08 22.3517
3.0097e+08 313058
3.01115e+08 145368
3.01763e+08 648342
3.01763e+08 7.45058
3.01763e+08 7.45058
3.01763e+08 7.45058
3.01797e+08 33542.5
3.01797e+08 7.45058
3.02916e+08 1.11883e+06
3.02916e+08 7.45058
3.02916e+08 7.45058
3.18571e+08 1.56554e+07
3.18616e+08 44718.4
3.18728e+08 111863
3.18728e+08 7.45058
3.18773e+08 44718.4
3.18862e+08 89436.8
3.18862e+08 22.3517
3.18862e+08 7.45058
3.18862e+08 7.45058
3.18862e+08 7.45058
3.18862e+08 7.45058
3.18862e+08 7.45058
3.18862e+08 7.45058
3.18862e+08 7.45058
3.18862e+08 1
3.18862e+08 6.45058
3.18873e+08 11183.3
3.18873e+08 7.45058
3.18873e+08 14.9012
3.18985e+08 111811
3.19108e+08 122987
3.19477e+08 368975
3.19645e+08 167713
3.20338e+08 693001
3.20338e+08 7.45058
3.20338e+08 7.45058
3.20338e+08 7.45058
3.20338e+08 7.45058
3.20338e+08 7.45058
3.21311e+08 973590
3.21311e+08 7.45058
3.21311e+08 7.45058
3.3756e+08 1.62488e+07
3.37627e+08 67070.1
3.37717e+08 89466.6
3.37717e+08 14.9012
3.37728e+08 11190.8
3.3775e+08 22359.2
3.37806e+08 55901.7
3.37806e+08 7.45058
3.37806e+08 7.45058
3.37817e+08 11183.3
3.37817e+08 7.45058
3.37829e+08 11183.3
3.37829e+08 7.45058
3.37829e+08 7.45058
3.37829e+08 14.9012
3.37829e+08 7.45058
3.37829e+08 1
3.37829e+08 6.45058
3.37829e+08 7.45058
3.37829e+08 7.45058
3.37952e+08 122979
3.3803e+08 78283.3
3.38533e+08 503138
3.38935e+08 402413
3.39226e+08 290602
3.39248e+08 22381.5
3.39282e+08 33550
3.39282e+08 7.45058
3.39282e+08 7.45058
3.39282e+08 7.45058
3.40244e+08 962444
3.40256e+08 11190.8
3.40256e+08 7.45058
3.57282e+08 1.70264e+07
3.57282e+08 7.45058
3.57304e+08 22366.6
3.57316e+08 11205.7
3.57327e+08 11190.8
3.57349e+08 22359.2
3.57394e+08 44725.8
3.57394e+08 7.45058
3.57394e+08 7.45058
3.57394e+08 7.45058
3.57394e+08 14.9012
3.57394e+08 7.45058
3.57394e+08 7.45058
3.57394e+08 7.45058
3.57405e+08 11190.8
3.57416e+08 11198.2
3.5745e+08 33550
3.5745e+08 1
3.57483e+08 33541.5
3.57506e+08 22366.6
3.57573e+08 67092.5
3.57584e+08 11205.7
3.57674e+08 89481.5
3.583e+08 626005
3.58501e+08 201248
3.58534e+08 33535.1
3.58691e+08 156514
3.58691e+08 7.45058
3.58691e+08 7.45058
3.58691e+08 7.45058
3.58691e+08 7.45058
3.59843e+08 1.15249e+06
3.59843e+08 7.45058
3.59843e+08 7.45058
3.77497e+08 1.76531e+07
3.7753e+08 33550
3.7753e+08 7.45058
3.77597e+08 67077.6
3.77631e+08 33535.1
3.77631e+08 14.9012
3.77664e+08 33550
3.77664e+08 7.45058
3.77687e+08 22359.2
3.77709e+08 22374.1
3.77765e+08 55968.8
3.77765e+08 7.45058
3.77765e+08 7.45058
3.77765e+08 7.45058
3.77765e+08 7.45058
3.77765e+08 14.9012
3.77821e+08 55901.7
3.77843e+08 22359.2
3.77877e+08 33535.1
3.77877e+08 1
3.77899e+08 22380.5
3.7791e+08 11190.8
3.78022e+08 111803
3.78358e+08 335358
3.78659e+08 301823
3.78715e+08 55909.2
3.78715e+08 7.45058
3.78838e+08 123024
3.78838e+08 7.45058
3.78838e+08 7.45058
3.78838e+08 7.45058
3.78905e+08 67070.1
3.80091e+08 1.18609e+06
3.80092e+08 7.45058
3.80103e+08 11198.2
3.98379e+08 1.82763e+07
3.9848e+08 100635
3.98491e+08 11183.3
3.98513e+08 22389
3.98513e+08 7.45058
3.98536e+08 22366.6
3.98614e+08 78268.3
3.98625e+08 11183.3
3.98625e+08 7.45058
3.98692e+08 67070.1
3.98726e+08 33579.8
3.98804e+08 78253.4
3.98838e+08 33550
3.98838e+08 7.45058
3.98838e+08 7.45058
3.98838e+08 7.45058
3.98949e+08 111803
3.98949e+08 7.45058
3.98949e+08 7.45058
3.99005e+08 55886.8
3.99005e+08 1
3.99117e+08 111795
3.99195e+08 78246
3.99397e+08 201240
3.99531e+08 134170
3.99687e+08 156507
3.99687e+08 14.9012
3.99687e+08 7.45058
3.99944e+08 257149
3.99944e+08 7.45058
3.99944e+08 7.45058
3.99944e+08 7.45058
3.99956e+08 11183.3
4.00963e+08 1.00724e+06
4.00963e+08 7.45058
4.00974e+08 11190.8
4.19716e+08 1.87424e+07
4.19828e+08 111789
4.19839e+08 11190.8
4.19851e+08 11198.2
4.19884e+08 33535.1
4.19951e+08 67062.7
4.20085e+08 134178
4.20085e+08 7.45058
4.20097e+08 11198.2
4.20186e+08 89459.1
4.20186e+08 7.45058
4.20231e+08 44733.3
4.2032e+08 89414.4
4.20331e+08 11198.2
4.20331e+08 7.45058
4.20343e+08 11183.3
4.20421e+08 78253.4
4.20477e+08 55901.7
4.2051e+08 33550
4.20521e+08 11198.2
4.20611e+08 89466.6
4.2089e+08 279412
4.2089e+08 1
4.20902e+08 11182.3
4.2108e+08 178859
4.21192e+08 111826
4.21338e+08 145376
4.21338e+08 7.45058
4.21349e+08 11190.8
4.21472e+08 123106
4.21472e+08 7.45058
4.21472e+08 7.45058
4.21472e+08 7.45058
4.21472e+08 7.45058
4.22334e+08 861853
4.22334e+08 7.45058
4.22334e+08 7.45058
4.41736e+08 1.94021e+07
4.41769e+08 33535.1
4.41803e+08 33542.5
4.41859e+08 55894.3
4.41881e+08 22366.6
4.41904e+08 22359.2
4.42127e+08 223629
4.42127e+08 7.45058
4.42138e+08 11183.3
4.42228e+08 89451.7
4.42228e+08 7.45058
4.42228e+08 7.45058
4.42228e+08 7.45058
4.42273e+08 44718.4
4.42317e+08 44710.9
4.42362e+08 44718.4
4.4244e+08 78268.3
4.42664e+08 223599
4.42843e+08 178866
4.42876e+08 33550
4.43044e+08 167683
4.43044e+08 7.45058
4.43066e+08 22389
4.43066e+08 1
4.43066e+08 51.1541
4.43089e+08 22389
4.43145e+08 55939
4.4329e+08 145309
4.43301e+08 11183.3
4.43312e+08 11183.3
4.4348e+08 167802
4.4348e+08 14.9012
4.4348e+08 7.45058
4.4348e+08 7.45058
4.43503e+08 22366.6
4.44309e+08 805981
4.44309e+08 7.45058
4.4432e+08 11183.3
4.64303e+08 1.99835e+07
4.64303e+08 7.45058
4.64348e+08 44725.8
4.64348e+08 7.45058
4.64393e+08 44740.7
4.6446e+08 67077.6
4.64739e+08 279486
4.64739e+08 14.9012
4.64751e+08 11205.7
4.64807e+08 55916.6
4.64807e+08 7.45058
4.64807e+08 7.45058
4.64807e+08 7.45058
4.64807e+08 7.45058
4.64807e+08 7.45058
4.64807e+08 7.45058
4.64862e+08 55886.8
4.65578e+08 715457
4.65589e+08 11190.8
4.65611e+08 22389
4.65611e+08 22.3517
4.65612e+08 14.9012
4.65612e+08 7.45058
4.65612e+08 7.45058
4.65612e+08 1
4.65634e+08 22410.3
4.65668e+08 33579.8
4.65824e+08 156552
4.65969e+08 145361
4.65969e+08 7.45058
4.65981e+08 11183.3
4.66003e+08 22411.3
4.66003e+08 7.45058
4.66003e+08 7.45058
4.66003e+08 7.45058
4.66014e+08 11190.8
4.66876e+08 861883
4.66887e+08 11190.8
4.66899e+08 11205.7
4.87366e+08 2.04676e+07
4.87411e+08 44733.3
4.87433e+08 22359.2
4.87467e+08 33557.4
4.875e+08 33535.1
4.87545e+08 44725.8
4.8778e+08 234775
4.87802e+08 22366.6
4.87881e+08 78283.3
4.88003e+08 122972
4.88003e+08 7.45058
4.88003e+08 7.45058
4.88003e+08 7.45058
4.88004e+08 7.45058
4.88004e+08 7.45058
4.88004e+08 7.45058
4.88004e+08 7.45058
4.88697e+08 693142
4.88697e+08 14.9012
4.88697e+08 14.9012
4.88697e+08 7.45058
4.88708e+08 11190.8
4.88708e+08 37.2529
4.88708e+08 7.45058
4.88708e+08 7.45058
4.88719e+08 11220.6
4.88719e+08 1
4.88842e+08 122971
4.89032e+08 190124
4.89077e+08 44748.2
4.89077e+08 7.45058
4.89077e+08 7.45058
4.89077e+08 37.2529
4.89077e+08 7.45058
4.89077e+08 7.45058
4.89077e+08 7.45058
4.89088e+08 11190.8
4.89995e+08 906669
4.89995e+08 44.7035
4.89995e+08 14.9012
5.1093e+08 2.09347e+07
5.1103e+08 100613
5.11042e+08 11198.2
5.11086e+08 44748.2
5.11109e+08 22366.6
5.11142e+08 33535.1
5.11321e+08 178851
5.1141e+08 89459.1
5.11556e+08 145309
5.11612e+08 55916.6
5.11735e+08 122987
5.11735e+08 7.45058
5.11735e+08 7.45058
5.11735e+08 7.45058
5.11735e+08 7.45058
5.11735e+08 7.45058
5.11735e+08 7.45058
5.12338e+08 603743
5.12372e+08 33557.4
5.12383e+08 11190.8
5.12439e+08 55886.8
5.12439e+08 7.45058
5.12439e+08 7.45058
5.12484e+08 44718.4
5.12484e+08 7.45058
5.12529e+08 44725.8
5.12562e+08 33535.1
5.12562e+08 1
5.12573e+08 11189.8
5.12674e+08 100724
5.12685e+08 11190.8
5.12685e+08 7.45058
5.12685e+08 7.45058
5.12685e+08 7.45058
5.12685e+08 7.45058
5.12708e+08 22366.6
5.12708e+08 7.45058
5.12708e+08 7.45058
5.13626e+08 918068
5.13648e+08 22396.4
5.13648e+08 37.2529
5.3526e+08 2.16122e+07
5.35305e+08 44748.2
5.35316e+08 11190.8
5.35395e+08 78268.3
5.35473e+08 78238.5
5.35473e+08 7.45058
5.35551e+08 78260.9
5.35808e+08 257127
5.35842e+08 33550
5.36054e+08 212401
5.36188e+08 134148
5.36188e+08 7.45058
5.36188e+08 7.45058
5.36188e+08 7.45058
5.36188e+08 7.45058
5.36188e+08 7.45058
5.362e+08 11183.3
5.36736e+08 536643
5.36803e+08 67085
5.36803e+08 22.3517
5.36859e+08 55894.3
5.36859e+08 7.45058
5.3687e+08 11190.8
5.3687e+08 7.45058
5.36882e+08 11183.3
5.36893e+08 11220.6
5.36893e+08 7.45058
5.36893e+08 7.45058
5.36893e+08 7.45058
5.36893e+08 1
5.36993e+08 100708
5.37027e+08 33550
5.37049e+08 22359.2
5.37049e+08 7.45058
5.37049e+08 7.45058
5.37072e+08 22359.2
5.37072e+08 7.45058
5.37072e+08 22.3517
5.37072e+08 7.45058
5.37945e+08 873424
5.37945e+08 7.45058
5.37945e+08 22.3517
5.60098e+08 2.2153e+07
5.60143e+08 44733.3
5.6021e+08 67092.5
5.60288e+08 78260.9
5.60288e+08 7.45058
5.60311e+08 22366.6
5.60411e+08 100598
5.6068e+08 268325
5.60892e+08 212371
5.61104e+08 212379
5.61194e+08 89414.4
5.61194e+08 7.45058
5.61227e+08 33550
5.61227e+08 7.45058
5.61227e+08 7.45058
5.61227e+08 7.45058
5.61239e+08 11183.3
5.61742e+08 503130
5.61742e+08 22.3517
5.61753e+08 11205.7
5.61764e+08 11198.2
5.61786e+08 22359.2
5.61787e+08 14.9012
5.61831e+08 44740.7
5.61831e+08 7.45058
5.61831e+08 22.3517
5.61831e+08 14.9012
5.61831e+08 7.45058
5.61842e+08 11198.2
5.61842e+08 7.45058
5.61843e+08 1
5.61977e+08 134214
5.61988e+08 11190.8
5.61988e+08 7.45058
5.61988e+08 7.45058
5.61988e+08 7.45058
5.61988e+08 7.45058
5.61988e+08 7.45058
5.62033e+08 44763.1
5.62033e+08 7.45058
5.62861e+08 828668
5.62861e+08 7.45058
5.62861e+08 29.8023
5.85543e+08 2.2682e+07
5.85577e+08 33535.1
5.85633e+08 55901.7
5.85666e+08 33542.5
5.85734e+08 67114.8
5.85789e+08 55901.7
5.85834e+08 44725.8
5.86248e+08 413634
5.86348e+08 100605
5.86795e+08 447087
5.86795e+08 7.45058
5.86818e+08 22359.2
5.86896e+08 78246
5.86896e+08 7.45058
5.86896e+08 7.45058
5.86896e+08 7.45058
5.86896e+08 7.45058
5.87254e+08 357859
5.87276e+08 22359.2
5.87321e+08 44725.8
5.87321e+08 7.45058
5.87321e+08 7.45058
5.87332e+08 11183.3
5.87377e+08 44800.3
5.87377e+08 7.45058
5.87399e+08 22396.4
5.87399e+08 7.45058
5.87411e+08 11190.8
5.87489e+08 78238.5
5.875e+08 11198.2
5.875e+08 7.45058
5.87534e+08 33572.3
5.87534e+08 1
5.87556e+08 22365.6
5.87556e+08 7.45058
5.87556e+08 7.45058
5.87567e+08 11205.7
5.87567e+08 7.45058
5.87578e+08 11190.8
5.87601e+08 22411.3
5.87601e+08 7.45058
5.88407e+08 806347
5.88407e+08 7.45058
5.88407e+08 37.2529
6.11491e+08 2.30836e+07
6.11547e+08 55901.7
6.11614e+08 67070.1
