2974 2000
6974 4000
14974 8000
30974 16000
62974 32000
126974 64000
254974 128000
510974 256000
1.02297e+06 512000
2.04697e+06 1.024e+06
4.09497e+06 2.048e+06
5.4403e+06 1.34533e+06
5.4403e+06 1
8.37346e+06 2.93316e+06
8.37347e+06 7.45058
1.00626e+07 1.68911e+06
1.00626e+07 1
1.0301e+07 238385
1.19222e+07 1.62126e+06
1.19782e+07 55998.6
1.19782e+07 1
1.19782e+07 6.45058
1.42817e+07 2.30343e+06
1.43265e+07 44822.7
1.43265e+07 7.45058
1.43265e+07 7.45058
1.43265e+07 1
1.69989e+07 2.67242e+06
1.70996e+07 100709
1.71667e+07 67107.4
1.72227e+07 55998.6
1.72451e+07 22381.5
1.72451e+07 1
2.05886e+07 3.34352e+06
2.07005e+07 111870
2.07005e+07 7.45058
2.07191e+07 18543.7
2.08721e+07 153001
2.08721e+07 7.45058
2.08721e+07 1
2.46518e+07 3.77969e+06
2.46948e+07 43068.4
2.47172e+07 22403.9
2.47955e+07 78283.3
2.49073e+07 111796
2.49073e+07 7.45058
2.49744e+07 67114.8
2.88619e+07 3.88748e+06
2.88619e+07 1
2.89579e+07 96002.3
2.90362e+07 78260.9
2.90586e+07 22381.5
2.90921e+07 33557.4
2.90921e+07 29.8023
2.91034e+07 11213.1
3.36131e+07 4.50969e+06
3.36242e+07 11134.1
3.36242e+07 1
3.37754e+07 151213
3.38648e+07 89444.2
3.39207e+07 55886.8
3.39207e+07 7.45058
3.39208e+07 14.9012
3.40214e+07 100620
3.90132e+07 4.9918e+06
3.90132e+07 14.4506
3.90132e+07 7.45058
3.92308e+07 217594
3.92308e+07 1
3.93537e+07 122956
3.93537e+07 7.45058
3.93538e+07 7.45058
3.93538e+07 7.45058
3.93873e+07 33535.1
4.49565e+07 5.56916e+06
4.49676e+07 11183.3
4.49677e+07 7.45058
4.52514e+07 283755
4.52514e+07 7.45058
4.52514e+07 1
4.5285e+07 33541.5
4.53073e+07 22359.2
4.53409e+07 33535.1
4.53409e+07 7.45058
4.5352e+07 11190.8
5.14915e+07 6.13941e+06
5.14915e+07 29.8023
5.15027e+07 11198.2
5.15699e+07 67167
5.1581e+07 11190.8
5.15811e+07 7.45058
5.17376e+07 156507
5.17376e+07 1
5.18046e+07 67061.7
5.18829e+07 78238.5
5.19052e+07 22366.6
5.19388e+07 33535.1
5.85815e+07 6.64272e+06
5.85815e+07 14.9012
5.86151e+07 33564.9
5.88164e+07 201367
5.88388e+07 22359.2
5.88388e+07 7.45058
5.88612e+07 22359.2
5.88612e+07 7.45058
5.88612e+07 1
5.88612e+07 6.45058
5.88724e+07 11190.8
5.89395e+07 67092.5
5.89395e+07 7.45058
6.62642e+07 7.32477e+06
6.62643e+07 37.2529
6.62755e+07 11190.8
6.64544e+07 178948
6.64544e+07 7.45058
6.64768e+07 22359.2
6.64768e+07 7.45058
6.64768e+07 7.45058
6.64768e+07 7.45058
6.64768e+07 1
6.6488e+07 11182.3
6.6488e+07 7.45058
6.65887e+07 100665
6.65887e+07 7.45058
7.45285e+07 7.93985e+06
7.45509e+07 22403.9
7.45621e+07 11183.3
7.46964e+07 134252
7.46964e+07 7.45058
7.46964e+07 7.45058
7.47634e+07 67062.7
7.47746e+07 11183.3
7.47746e+07 7.45058
7.47746e+07 7.45058
7.47746e+07 14.9012
7.47746e+07 1
7.47747e+07 6.45058
7.48418e+07 67122.3
7.48418e+07 7.45058
8.33743e+07 8.53254e+06
8.33968e+07 22463.5
8.33968e+07 7.45058
8.35534e+07 156574
8.36093e+07 55909.2
8.36205e+07 11190.8
8.36317e+07 11190.8
8.36317e+07 7.45058
8.36317e+07 7.45058
8.36429e+07 11190.8
8.36541e+07 11198.2
8.36541e+07 7.45058
8.36541e+07 1
8.36541e+07 6.45058
8.371e+07 55886.8
8.371e+07 7.45058
9.27793e+07 9.06937e+06
9.28129e+07 33602.1
9.28129e+07 7.45058
9.29136e+07 100695
9.30031e+07 89451.7
9.30702e+07 67107.4
9.30814e+07 11220.6
9.30814e+07 7.45058
9.30814e+07 7.45058
9.30926e+07 11183.3
9.31373e+07 44725.8
9.31374e+07 7.45058
9.31374e+07 7.45058
9.31374e+07 7.45058
9.31374e+07 1
9.31486e+07 11182.3
9.31709e+07 22359.2
1.02799e+08 9.62847e+06
1.02878e+08 78477
1.02889e+08 11183.3
1.02956e+08 67077.6
1.03023e+08 67070.1
1.03113e+08 89511.3
1.03135e+08 22366.6
1.03169e+08 33535.1
1.03169e+08 7.45058
1.03169e+08 7.45058
1.03202e+08 33535.1
1.03202e+08 7.45058
1.03202e+08 7.45058
1.03236e+08 33542.5
1.03247e+08 11190.8
1.03247e+08 1
1.03258e+08 11182.3
1.0328e+08 22366.6
1.13412e+08 1.01317e+07
1.13491e+08 78409.9
1.13502e+08 11183.3
1.13569e+08 67070.1
1.13591e+08 22396.4
1.1367e+08 78335.4
1.13681e+08 11190.8
1.13737e+08 55901.7
1.1377e+08 33550
1.1377e+08 7.45058
1.13826e+08 55909.2
1.13826e+08 7.45058
1.13837e+08 11183.3
1.13849e+08 11213.1
1.13916e+08 67092.5
1.13916e+08 14.9012
1.13916e+08 7.45058
1.13916e+08 1
1.13916e+08 6.45058
1.24629e+08 1.07132e+07
1.24707e+08 78469.5
1.24707e+08 7.45058
1.24719e+08 11235.5
1.24797e+08 78260.9
1.24931e+08 134185
1.24965e+08 33572.3
1.25009e+08 44725.8
1.25043e+08 33542.5
1.25043e+08 7.45058
1.25099e+08 55916.6
1.25099e+08 7.45058
1.25099e+08 7.45058
1.25155e+08 55931.5
1.25155e+08 7.45058
1.25155e+08 7.45058
1.25155e+08 7.45058
1.25155e+08 7.45058
1.25155e+08 1
1.25155e+08 6.45058
1.36416e+08 1.12612e+07
1.36494e+08 78439.7
1.36494e+08 14.9012
1.36517e+08 22418.8
1.36595e+08 78246
1.3674e+08 145368
1.36819e+08 78290.7
1.36875e+08 55901.7
1.36875e+08 7.45058
1.36875e+08 7.45058
1.36942e+08 67122.3
1.36942e+08 7.45058
1.36942e+08 7.45058
1.36953e+08 11190.8
1.36953e+08 7.45058
1.36953e+08 7.45058
1.36953e+08 7.45058
1.36975e+08 22359.2
1.36975e+08 7.45058
1.36986e+08 11190.8
1.36986e+08 1
1.48918e+08 1.19318e+07
1.48974e+08 56147.6
1.48986e+08 11198.2
1.49053e+08 67114.8
1.49086e+08 33535.1
1.49232e+08 145376
1.49366e+08 134207
1.49388e+08 22366.6
1.49388e+08 7.45058
1.49388e+08 7.45058
1.49422e+08 33557.4
1.49422e+08 7.45058
1.49422e+08 7.45058
1.49478e+08 55924.1
1.49478e+08 7.45058
1.49478e+08 7.45058
1.49478e+08 7.45058
1.49478e+08 7.45058
1.49478e+08 7.45058
1.49478e+08 44.7035
1.49478e+08 7.45058
1.49478e+08 1
1.61947e+08 1.2469e+07
1.61992e+08 44979.2
1.61992e+08 14.9012
1.62092e+08 100657
1.62092e+08 7.45058
1.6226e+08 167795
1.62439e+08 178866
1.62439e+08 7.45058
1.62439e+08 14.9012
1.62439e+08 7.45058
1.62439e+08 22.3517
1.62439e+08 7.45058
1.62439e+08 7.45058
1.62495e+08 55924.1
1.62495e+08 14.9012
1.62495e+08 7.45058
1.62495e+08 7.45058
1.62495e+08 7.45058
1.62495e+08 7.45058
1.62495e+08 14.9012
1.62495e+08 7.45058
1.62529e+08 33579.8
1.74964e+08 1.24349e+07
1.74964e+08 1
1.75109e+08 145621
1.75132e+08 22366.6
1.75232e+08 100628
1.75232e+08 7.45058
1.75478e+08 246115
1.7549e+08 11190.8
1.75501e+08 11183.3
1.75512e+08 11183.3
1.75546e+08 33550
1.75557e+08 11183.3
1.75557e+08 7.45058
1.75557e+08 7.45058
1.75568e+08 11183.3
1.75601e+08 33550
1.75602e+08 104.308
1.75613e+08 11183.3
1.75613e+08 7.45058
1.75613e+08 7.45058
1.75635e+08 22411.3
1.75635e+08 14.9012
1.75635e+08 7.45058
1.88596e+08 1.29608e+07
1.88596e+08 14.9012
1.88596e+08 1
1.88753e+08 156826
1.88775e+08 22381.5
1.88887e+08 111818
1.88887e+08 7.45058
1.89032e+08 145450
1.89032e+08 7.45058
1.89032e+08 7.45058
1.89032e+08 7.45058
1.89077e+08 44755.6
1.89133e+08 55886.8
1.89156e+08 22366.6
1.89156e+08 7.45058
1.89156e+08 7.45058
1.89167e+08 11205.7
1.89279e+08 111818
1.89279e+08 67.0552
1.89279e+08 7.45058
1.89279e+08 7.45058
1.8929e+08 11250.4
1.8929e+08 7.45058
1.8929e+08 7.45058
2.02921e+08 1.36308e+07
2.02921e+08 7.45058
2.02921e+08 7.45058
2.03111e+08 190414
2.03111e+08 1
2.03145e+08 33534.1
2.03167e+08 22396.4
2.03201e+08 33535.1
2.03357e+08 156663
2.03357e+08 7.45058
2.03402e+08 44733.3
2.03402e+08 7.45058
2.03424e+08 22359.2
2.03469e+08 44710.9
2.03491e+08 22381.5
2.03491e+08 7.45058
2.03491e+08 7.45058
2.03536e+08 44740.7
2.03637e+08 100709
2.03682e+08 44755.6
2.03682e+08 7.45058
2.03693e+08 11190.8
2.03704e+08 11228
2.03704e+08 7.45058
2.03704e+08 7.45058
2.17806e+08 1.41015e+07
2.17806e+08 7.45058
2.17806e+08 7.45058
2.18007e+08 201605
2.18007e+08 7.45058
2.18007e+08 1
2.18007e+08 6.45058
2.18018e+08 11205.7
2.18018e+08 7.45058
2.18399e+08 380278
2.18399e+08 7.45058
2.18432e+08 33550
2.18432e+08 7.45058
2.18432e+08 7.45058
2.18432e+08 14.9012
2.18455e+08 22418.8
2.18455e+08 22.3517
2.18488e+08 33542.5
2.18511e+08 22366.6
2.18544e+08 33639.4
2.18567e+08 22366.6
2.18567e+08 7.45058
2.18578e+08 11198.2
2.18611e+08 33602.1
2.18612e+08 44.7035
2.18612e+08 7.45058
2.3324e+08 1.46283e+07
2.3324e+08 7.45058
2.3324e+08 22.3517
2.3333e+08 89801.8
2.33363e+08 33572.3
2.33363e+08 7.45058
2.33374e+08 11205.7
2.33374e+08 1
2.33408e+08 33549
2.33408e+08 7.45058
2.33878e+08 469759
2.33878e+08 7.45058
2.33878e+08 7.45058
2.33878e+08 7.45058
2.33878e+08 7.45058
2.33889e+08 11213.1
2.33911e+08 22381.5
2.33911e+08 7.45058
2.33923e+08 11183.3
2.33956e+08 33557.4
2.34035e+08 78350.3
2.34035e+08 7.45058
2.34046e+08 11205.7
2.34046e+08 7.45058
2.34079e+08 33684.1
2.34079e+08 7.45058
2.34079e+08 7.45058
2.49316e+08 1.52362e+07
2.49316e+08 22.3517
2.49316e+08 29.8023
2.49372e+08 56244.4
2.49417e+08 44748.2
2.49417e+08 7.45058
2.49417e+08 29.8023
2.49439e+08 22396.4
2.49439e+08 1
2.49473e+08 33549
2.49495e+08 22359.2
2.49954e+08 458620
2.49954e+08 7.45058
2.49954e+08 7.45058
2.49954e+08 7.45058
2.49954e+08 7.45058
2.49987e+08 33587.2
2.5001e+08 22389
2.5001e+08 7.45058
2.5001e+08 7.45058
2.5001e+08 7.45058
2.50155e+08 145443
2.50155e+08 7.45058
2.50178e+08 22426.2
2.50178e+08 7.45058
2.50189e+08 11295.1
2.50189e+08 7.45058
2.50189e+08 7.45058
2.65969e+08 1.57797e+07
2.65969e+08 7.45058
2.65969e+08 52.1541
2.66003e+08 33907.6
2.66047e+08 44740.7
2.66047e+08 7.45058
2.66081e+08 33579.8
2.66103e+08 22389
2.66114e+08 11183.3
2.66126e+08 11190.8
2.66126e+08 1
2.66159e+08 33563.9
2.6664e+08 481017
2.6664e+08 7.45058
2.6664e+08 14.9012
2.6664e+08 7.45058
2.6664e+08 7.45058
2.6664e+08 7.45058
2.66652e+08 11235.5
2.66663e+08 11183.3
2.66663e+08 7.45058
2.66663e+08 7.45058
2.66842e+08 179052
2.66842e+08 7.45058
2.66842e+08 52.1541
2.66842e+08 7.45058
2.66864e+08 22433.7
2.66864e+08 7.45058
2.66864e+08 7.45058
2.83184e+08 1.63197e+07
2.83184e+08 7.45058
2.83184e+08 29.8023
2.83196e+08 11555.9
2.83252e+08 55953.9
2.83263e+08 11198.2
2.83296e+08 33609.6
2.83341e+08 44822.7
2.83364e+08 22366.6
2.83364e+08 59.6046
2.83375e+08 11183.3
2.83375e+08 1
2.83487e+08 111817
2.83856e+08 369109
2.83856e+08 7.45058
2.83856e+08 7.45058
2.83867e+08 11205.7
2.83867e+08 7.45058
2.83867e+08 7.45058
2.83878e+08 11250.4
2.83878e+08 7.45058
2.83912e+08 33572.3
2.83912e+08 7.45058
2.84024e+08 112027
2.84024e+08 7.45058
2.84035e+08 11190.8
2.84035e+08 7.45058
2.84091e+08 55983.7
2.84102e+08 11205.7
2.84102e+08 7.45058
3.00983e+08 1.68807e+07
3.00983e+08 7.45058
3.00983e+08 149.012
3.01017e+08 33907.6
3.01028e+08 11220.6
3.01039e+08 11242.9
3.01118e+08 78372.7
3.01308e+08 190191
3.0133e+08 22359.2
3.01375e+08 44718.4
3.01409e+08 33542.5
3.01409e+08 7.45058
3.01442e+08 33535.1
3.01442e+08 1
3.01644e+08 201448
3.01644e+08 7.45058
3.01644e+08 7.45058
3.01666e+08 22418.8
3.01666e+08 7.45058
3.01677e+08 11228
3.017e+08 22418.8
3.017e+08 14.9012
3.01722e+08 22478.4
3.01722e+08 7.45058
3.01834e+08 112005
3.01834e+08 7.45058
3.01845e+08 11190.8
3.01845e+08 7.45058
3.01879e+08 33564.9
3.01913e+08 33535.1
3.01913e+08 14.9012
3.19394e+08 1.7481e+07
3.19394e+08 7.45058
3.19394e+08 193.715
3.19428e+08 33944.8
3.19439e+08 11205.7
3.19461e+08 22418.8
3.19618e+08 156797
3.19775e+08 156514
3.19775e+08 7.45058
3.19808e+08 33535.1
3.19831e+08 22381.5
3.19831e+08 7.45058
3.19831e+08 7.45058
3.19831e+08 7.45058
3.19831e+08 1
3.20054e+08 223814
3.20054e+08 7.45058
3.20054e+08 7.45058
3.20088e+08 33646.8
3.20088e+08 7.45058
3.2011e+08 22418.8
3.20122e+08 11295.1
3.20133e+08 11205.7
3.20155e+08 22448.6
3.20155e+08 7.45058
3.20267e+08 111975
3.20267e+08 7.45058
3.20267e+08 7.45058
3.20267e+08 7.45058
3.2029e+08 22359.2
3.2029e+08 7.45058
3.2029e+08 7.45058
3.3845e+08 1.816e+07
3.3845e+08 7.45058
3.3845e+08 67.0552
3.38495e+08 45299.5
3.38495e+08 44.7035
3.38529e+08 33609.6
3.3882e+08 290945
3.38865e+08 44740.7
3.38865e+08 7.45058
3.38865e+08 7.45058
3.38898e+08 33572.3
3.38909e+08 11183.3
3.38909e+08 7.45058
3.38909e+08 7.45058
3.38932e+08 22374.1
3.391e+08 167921
3.391e+08 1
3.391e+08 6.45058
3.39122e+08 22403.9
3.39156e+08 33617
3.39156e+08 22.3517
3.39167e+08 11317.4
3.39178e+08 11250.4
3.39189e+08 11272.7
3.39212e+08 22366.6
3.39223e+08 11190.8
3.39324e+08 100747
3.39335e+08 11183.3
3.39335e+08 7.45058
3.39335e+08 7.45058
3.39335e+08 7.45058
3.39346e+08 11190.8
3.39346e+08 7.45058
3.58025e+08 1.86784e+07
3.58025e+08 14.9012
3.58025e+08 14.9012
3.58048e+08 22910.5
3.5807e+08 22418.8
3.58137e+08 67323.4
3.58395e+08 257291
3.58439e+08 44718.4
3.58451e+08 11198.2
3.58451e+08 7.45058
3.58473e+08 22374.1
3.58473e+08 14.9012
3.58473e+08 7.45058
3.58473e+08 7.45058
3.58518e+08 44718.4
3.58674e+08 156745
3.58674e+08 7.45058
3.58674e+08 1
3.58686e+08 11227
3.58708e+08 22426.2
3.58708e+08 37.2529
3.58719e+08 11317.4
3.58742e+08 22463.5
3.58764e+08 22448.6
3.58787e+08 22389
3.58787e+08 7.45058
3.58831e+08 44748.2
3.58887e+08 55991.1
3.58887e+08 7.45058
3.58899e+08 11183.3
3.5891e+08 11183.3
3.5891e+08 7.45058
3.58932e+08 22374.1
3.58943e+08 11250.4
3.78154e+08 1.92109e+07
3.78154e+08 7.45058
3.78154e+08 22.3517
3.78233e+08 78871.8
3.78245e+08 11280.2
3.7829e+08 44941.9
3.78491e+08 201374
3.78491e+08 7.45058
3.78502e+08 11190.8
3.78547e+08 44733.3
3.78547e+08 7.45058
3.78558e+08 11213.1
3.7858e+08 22366.6
3.7858e+08 7.45058
3.78614e+08 33535.1
3.7876e+08 145607
3.7876e+08 7.45058
3.7876e+08 7.45058
3.78827e+08 67085
3.78827e+08 1
3.78849e+08 22410.3
3.78849e+08 7.45058
3.7886e+08 11391.9
3.78861e+08 104.308
3.78883e+08 22441.1
3.78905e+08 22366.6
3.78928e+08 22396.4
3.78973e+08 44733.3
3.79017e+08 44778
3.79017e+08 7.45058
3.79017e+08 7.45058
3.79017e+08 7.45058
3.79017e+08 7.45058
3.79073e+08 56043.3
3.79085e+08 11213.1
3.98891e+08 1.98068e+07
3.98891e+08 7.45058
3.98891e+08 44.7035
3.98982e+08 90174.4
3.98982e+08 59.6046
3.99049e+08 67383.1
3.99194e+08 145406
3.99194e+08 7.45058
3.99217e+08 22359.2
3.99228e+08 11220.6
3.99228e+08 7.45058
3.99295e+08 67077.6
3.99317e+08 22366.6
3.99329e+08 11190.8
3.9934e+08 11213.1
3.99497e+08 156730
3.99497e+08 7.45058
3.99497e+08 7.45058
3.99508e+08 11198.2
3.99508e+08 7.45058
3.99508e+08 1
3.99541e+08 33608.6
3.99541e+08 7.45058
3.99575e+08 33780.9
3.99598e+08 22500.8
3.99631e+08 33557.4
3.99631e+08 7.45058
3.99698e+08 67122.3
3.99698e+08 22.3517
3.99754e+08 55968.8
3.99754e+08 7.45058
3.99766e+08 11205.7
3.99766e+08 7.45058
3.99766e+08 7.45058
3.99799e+08 33676.6
3.99855e+08 55901.7
4.2024e+08 2.0385e+07
4.2024e+08 7.45058
4.2024e+08 7.45058
4.20353e+08 112630
4.20353e+08 37.2529
4.2042e+08 67450.1
4.20543e+08 123009
4.20543e+08 7.45058
4.20543e+08 7.45058
4.20566e+08 22366.6
4.20566e+08 7.45058
4.20566e+08 7.45058
4.20633e+08 67092.5
4.20655e+08 22433.7
4.20689e+08 33572.3
4.20834e+08 145458
4.20834e+08 7.45058
4.20834e+08 7.45058
4.20834e+08 7.45058
4.20857e+08 22381.5
4.20857e+08 7.45058
4.2089e+08 33624.5
4.2089e+08 1
4.2089e+08 6.45058
4.20924e+08 33795.8
4.20969e+08 44845
4.2098e+08 11220.6
4.21003e+08 22381.5
4.21047e+08 44770.5
4.2107e+08 22396.4
4.21114e+08 44733.3
4.21114e+08 7.45058
4.21137e+08 22359.2
4.21137e+08 7.45058
4.21137e+08 7.45058
4.21238e+08 100762
4.21249e+08 11228
4.42142e+08 2.08933e+07
4.42142e+08 14.9012
4.42142e+08 7.45058
4.42277e+08 135154
4.42277e+08 7.45058
4.42378e+08 100926
4.42412e+08 33579.8
4.42412e+08 7.45058
4.42412e+08 7.45058
4.42423e+08 11183.3
4.42423e+08 22.3517
4.42434e+08 11198.2
4.42501e+08 67099.9
4.42546e+08 44792.9
4.42569e+08 22418.8
4.42647e+08 78372.7
4.42647e+08 7.45058
4.42647e+08 7.45058
4.42647e+08 7.45058
4.42669e+08 22381.5
4.42669e+08 7.45058
4.42759e+08 89503.8
4.42759e+08 7.45058
4.42759e+08 1
4.42759e+08 6.45058
4.42837e+08 78484.4
4.42871e+08 33669.2
4.42882e+08 11250.4
4.42916e+08 33579.8
4.42961e+08 44763.1
4.42994e+08 33550
4.43028e+08 33542.5
4.43028e+08 7.45058
4.43028e+08 7.45058
4.43028e+08 7.45058
4.43028e+08 7.45058
4.43162e+08 134297
4.43207e+08 44675.5
4.64738e+08 2.15317e+07
4.64738e+08 7.45058
4.64738e+08 7.45058
4.64807e+08 68135.6
4.64807e+08 7.45058
4.64963e+08 156842
4.65019e+08 55916.6
4.65019e+08 7.45058
4.65019e+08 7.45058
4.65019e+08 52.1541
4.65019e+08 7.45058
4.65019e+08 7.45058
4.65019e+08 52.1541
4.65064e+08 44778
4.65064e+08 59.6046
4.6512e+08 56065.6
4.6512e+08 7.45058
4.6512e+08 7.45058
4.6512e+08 7.45058
4.65143e+08 22381.5
4.65143e+08 7.45058
4.65176e+08 33579.8
4.65176e+08 7.45058
4.65199e+08 22374.1
4.65199e+08 1
4.6521e+08 11234.5
4.65277e+08 67263.8
4.65322e+08 44822.7
4.65412e+08 89541.1
4.65479e+08 67085
4.65501e+08 22359.2
4.65501e+08 7.45058
4.65501e+08 7.45058
4.65512e+08 11198.2
4.65512e+08 7.45058
4.65512e+08 7.45058
4.65512e+08 7.45058
4.65702e+08 190206
4.65781e+08 78313.1
4.87835e+08 2.20547e+07
4.87835e+08 22.3517
4.87835e+08 14.9012
4.87915e+08 79393.4
4.87915e+08 14.9012
4.88139e+08 223845
4.88139e+08 29.8023
4.88139e+08 67.0552
4.88139e+08 7.45058
4.88139e+08 29.8023
4.88139e+08 7.45058
4.88139e+08 7.45058
4.8815e+08 11228
4.8815e+08 52.1541
4.88184e+08 33691.5
4.88206e+08 22448.6
4.88218e+08 11213.1
4.88218e+08 7.45058
4.88218e+08 7.45058
4.88218e+08 7.45058
4.88218e+08 7.45058
4.88218e+08 7.45058
4.88218e+08 7.45058
4.88218e+08 22.3517
4.88229e+08 11220.6
4.8823e+08 1138.96
4.8823e+08 1
4.88287e+08 57245.7
4.88364e+08 77113.5
4.88461e+08 96556.5
4.88517e+08 55901.7
4.88517e+08 7.45058
4.88517e+08 7.45058
4.88517e+08 7.45058
4.88539e+08 22359.2
4.88539e+08 7.45058
4.8855e+08 11280.2
4.8855e+08 7.45058
4.88875e+08 324219
4.88953e+08 78350.3
5.11552e+08 2.25989e+07
5.11552e+08 7.45058
5.11563e+08 11183.3
5.11676e+08 112996
5.11676e+08 7.45058
5.11878e+08 201546
5.11889e+08 11220.6
5.119e+08 11205.7
5.119e+08 7.45058
5.119e+08 22.3517
5.11911e+08 11220.6
5.11911e+08 7.45058
5.11911e+08 29.8023
5.11911e+08 44.7035
5.11912e+08 260.77
5.11923e+08 11257.8
5.11934e+08 11190.8
5.11934e+08 7.45058
5.11934e+08 7.45058
5.11956e+08 22374.1
5.11956e+08 7.45058
5.11956e+08 7.45058
5.11956e+08 7.45058
5.11979e+08 22359.2
5.11979e+08 22.3517
5.1199e+08 11257.8
5.1199e+08 7.45058
5.1199e+08 1
5.12007e+08 16673.4
5.12151e+08 144327
5.12256e+08 105194
5.1229e+08 33542.5
5.1229e+08 7.45058
5.1229e+08 7.45058
5.1229e+08 7.45058
5.1229e+08 7.45058
5.12301e+08 11183.3
5.12413e+08 111766
5.12424e+08 11198.2
5.12704e+08 279479
5.12827e+08 123054
5.35895e+08 2.30686e+07
5.35906e+08 11183.3
5.35929e+08 22374.1
5.36131e+08 202492
5.36131e+08 7.45058
5.3631e+08 179186
5.3631e+08 14.9012
5.3631e+08 44.7035
5.3631e+08 7.45058
5.36322e+08 11183.3
5.36322e+08 59.6046
5.36322e+08 7.45058
5.36322e+08 7.45058
5.36322e+08 7.45058
5.36344e+08 22694.5
5.36356e+08 11220.6
5.36356e+08 7.45058
5.36356e+08 7.45058
5.36356e+08 7.45058
5.36356e+08 59.6046
5.36356e+08 7.45058
5.36356e+08 7.45058
5.36356e+08 7.45058
5.36356e+08 7.45058
5.36356e+08 7.45058
5.36367e+08 11257.8
5.36367e+08 7.45058
5.36367e+08 7.45058
5.36401e+08 33713.9
5.36401e+08 1
5.36486e+08 85182.2
5.3656e+08 74176.2
5.3658e+08 19898.5
5.36587e+08 6711.68
5.36587e+08 21.4506
5.36609e+08 22358.6
5.36659e+08 49691.7
5.36659e+08 7.45058
5.36659e+08 7.45058
5.36737e+08 78253.4
5.36961e+08 223607
5.37196e+08 234865
5.60778e+08 2.35829e+07
5.6079e+08 11183.3
5.6079e+08 7.45058
5.6107e+08 280812
5.6107e+08 7.45058
5.61261e+08 190377
5.61261e+08 7.45058
5.61261e+08 52.1541
5.61272e+08 11205.7
5.61272e+08 89.407
5.61272e+08 14.9012
5.61272e+08 7.45058
5.61272e+08 7.45058
5.61272e+08 14.9012
5.61284e+08 11466.4
5.61284e+08 67.0552
5.61284e+08 7.45058
5.61295e+08 11213.1
5.61295e+08 7.45058
5.61295e+08 29.8023
5.61295e+08 7.45058
5.61295e+08 7.45058
5.61295e+08 7.45058
5.61295e+08 7.45058
5.61295e+08 7.45058
5.61306e+08 11190.8
5.61306e+08 7.45058
5.61306e+08 7.45058
5.6134e+08 33751.1
5.6134e+08 7.45058
5.6134e+08 1
5.61412e+08 72265.9
5.61492e+08 79503.2
5.61503e+08 11179.3
5.61503e+08 21.4506
5.61543e+08 40501.1
5.61559e+08 15382.2
5.61581e+08 21781
5.61581e+08 7.45058
5.61603e+08 22359.2
5.61681e+08 78270.3
5.61916e+08 234812
5.62419e+08 503071
5.86293e+08 2.38736e+07
5.86293e+08 7.45058
5.86293e+08 7.45058
5.86764e+08 471152
5.86764e+08 7.45058
5.86831e+08 67368.1
5.86831e+08 7.45058
5.86843e+08 11257.8
5.86843e+08 7.45058
5.86843e+08 67.0552
5.86843e+08 7.45058
5.86843e+08 7.45058
5.86843e+08 7.45058
5.86843e+08 7.45058
5.86854e+08 11466.4
5.86854e+08 74.5058
5.86854e+08 7.45058
5.86865e+08 11198.2
5.86865e+08 7.45058
5.86865e+08 44.7035
5.86865e+08 7.45058
5.86866e+08 7.45058
5.86866e+08 7.45058
5.86866e+08 7.45058
5.86866e+08 14.9012
5.86866e+08 7.45058
5.86866e+08 7.45058
5.86866e+08 7.45058
5.8691e+08 44904.6
5.8691e+08 7.45058
5.8691e+08 7.45058
5.87041e+08 130885
5.87041e+08 1
5.87045e+08 4082.66
5.87045e+08 16.9012
5.87108e+08 62755.5
5.87108e+08 7.45058
5.87108e+08 7.45058
5.87131e+08 22359.2
5.87142e+08 11183.3
5.87153e+08 11183.3
5.87231e+08 78246
5.87488e+08 257261
5.88003e+08 514217
6.12178e+08 2.41755e+07
6.12178e+08 7.45058
6.12178e+08 7.45058
