2922 2000
6922 4000
14922 8000
30922 16000
62922 32000
126922 64000
254922 128000
510922 256000
1.02292e+06 512000
2.04692e+06 1.024e+06
4.09492e+06 2.048e+06
5.3855e+06 1.29058e+06
5.3855e+06 1
8.36169e+06 2.97618e+06
8.3617e+06 7.45058
9.53726e+06 1.17556e+06
9.53726e+06 1
9.53726e+06 6.45058
1.18904e+07 2.35314e+06
1.18904e+07 7.45058
1.18904e+07 1
1.18904e+07 6.45058
1.44962e+07 2.60583e+06
1.44963e+07 7.45058
1.44963e+07 7.45058
1.44963e+07 7.45058
1.44963e+07 1
1.7554e+07 3.05778e+06
1.75652e+07 11183.3
1.75652e+07 7.45058
1.75653e+07 44.7035
1.75653e+07 7.45058
1.75653e+07 1
2.11617e+07 3.59637e+06
2.11617e+07 7.45058
2.11617e+07 7.45058
2.11617e+07 7.45058
2.11617e+07 7.45058
2.11617e+07 7.45058
2.11617e+07 1
2.49035e+07 3.74181e+06
2.49035e+07 7.45058
2.49035e+07 7.45058
2.49035e+07 7.45058
2.49259e+07 22381.5
2.49259e+07 7.45058
2.49595e+07 33535.1
2.88513e+07 3.89187e+06
2.88513e+07 1
2.88513e+07 13.9012
2.88513e+07 7.45058
2.88625e+07 11183.3
2.89296e+07 67107.4
2.89408e+07 11183.3
2.90638e+07 122942
3.35794e+07 4.51562e+06
3.35794e+07 14.9012
3.35794e+07 1
3.36241e+07 44709.9
3.36241e+07 7.45058
3.36465e+07 22389
3.36689e+07 22418.8
3.37248e+07 55909.2
3.37584e+07 33542.5
3.89487e+07 5.19033e+06
3.89599e+07 11190.8
3.89823e+07 22359.2
3.89823e+07 7.45058
3.89823e+07 1
3.89823e+07 6.45058
3.90158e+07 33535.1
3.90271e+07 11257.8
3.91389e+07 111818
3.91725e+07 33579.8
4.49234e+07 5.75093e+06
4.49346e+07 11183.3
4.49458e+07 11190.8
4.49458e+07 14.9012
4.49458e+07 7.45058
4.49458e+07 1
4.49458e+07 6.45058
4.49458e+07 7.45058
4.51696e+07 223801
4.5192e+07 22381.5
4.52144e+07 22366.6
5.14581e+07 6.24379e+06
5.14581e+07 7.45058
5.14582e+07 7.45058
5.14582e+07 7.45058
5.14582e+07 7.45058
5.14805e+07 22359.2
5.14917e+07 11183.3
5.14917e+07 1
5.14917e+07 6.45058
5.19057e+07 413977
5.19616e+07 55939
5.19616e+07 7.45058
5.86487e+07 6.68703e+06
5.86487e+07 7.45058
5.86487e+07 7.45058
5.86487e+07 7.45058
5.86487e+07 7.45058
5.86487e+07 7.45058
5.86487e+07 7.45058
5.87046e+07 55924.1
5.87046e+07 1
5.87047e+07 6.45058
5.91075e+07 402838
5.91858e+07 78298.2
5.91858e+07 7.45058
6.6267e+07 7.08119e+06
6.6267e+07 7.45058
6.62894e+07 22374.1
6.62894e+07 7.45058
6.62894e+07 7.45058
6.62894e+07 7.45058
6.62894e+07 7.45058
6.62894e+07 7.45058
6.63118e+07 22366.6
6.63118e+07 1
6.63118e+07 6.45058
6.68265e+07 514746
6.69495e+07 123009
6.69495e+07 7.45058
7.44864e+07 7.5369e+06
7.44864e+07 7.45058
7.44865e+07 7.45058
7.44865e+07 7.45058
7.44865e+07 7.45058
7.44865e+07 7.45058
7.44865e+07 7.45058
7.44977e+07 11190.8
7.44977e+07 7.45058
7.44977e+07 7.45058
7.45089e+07 11228
7.45089e+07 1
7.51578e+07 648840
7.5292e+07 134200
7.53143e+07 22359.2
8.33742e+07 8.05987e+06
8.33742e+07 7.45058
8.33742e+07 7.45058
8.33742e+07 7.45058
8.33742e+07 7.45058
8.33742e+07 7.45058
8.33742e+07 7.45058
8.33854e+07 11183.3
8.33854e+07 7.45058
8.33854e+07 14.9012
8.33967e+07 11205.7
8.33967e+07 22.3517
8.33967e+07 1
8.39338e+07 537126
8.41127e+07 178859
8.41909e+07 78290.7
9.27231e+07 8.5322e+06
9.27232e+07 7.45058
9.27232e+07 7.45058
9.27232e+07 7.45058
9.27232e+07 7.45058
9.27232e+07 7.45058
9.27232e+07 7.45058
9.27232e+07 7.45058
9.27232e+07 14.9012
9.27232e+07 29.8023
9.27457e+07 22418.8
9.2768e+07 22366.6
9.27681e+07 22.3517
9.35511e+07 783078
9.35511e+07 1
9.36182e+07 67084
9.36518e+07 33602.1
1.02843e+08 9.19162e+06
1.02843e+08 7.45058
1.02843e+08 7.45058
1.02843e+08 7.45058
1.02843e+08 7.45058
1.02843e+08 7.45058
1.02843e+08 7.45058
1.02843e+08 7.45058
1.02844e+08 7.45058
1.02844e+08 7.45058
1.02844e+08 44.7035
1.02844e+08 7.45058
1.02844e+08 14.9012
1.03638e+08 794441
1.03649e+08 11198.2
1.03649e+08 1
1.03672e+08 22365.6
1.03806e+08 134230
1.13414e+08 9.60847e+06
1.13414e+08 7.45058
1.13414e+08 7.45058
1.13414e+08 7.45058
1.13414e+08 7.45058
1.13414e+08 7.45058
1.13414e+08 7.45058
1.13414e+08 7.45058
1.13414e+08 14.9012
1.13414e+08 7.45058
1.13414e+08 52.1541
1.13414e+08 29.8023
1.13414e+08 7.45058
1.14242e+08 827990
1.14265e+08 22381.5
1.14265e+08 7.45058
1.14276e+08 11183.3
1.14276e+08 1
1.14522e+08 246032
1.24801e+08 1.02787e+07
1.24801e+08 7.45058
1.24812e+08 11183.3
1.24812e+08 7.45058
1.24812e+08 7.45058
1.24812e+08 7.45058
1.24823e+08 11190.8
1.24823e+08 7.45058
1.24823e+08 7.45058
1.24823e+08 7.45058
1.24834e+08 11183.3
1.24846e+08 11228
1.24846e+08 37.2529
1.25551e+08 705168
1.25551e+08 7.45058
1.25551e+08 7.45058
1.25551e+08 7.45058
1.25551e+08 7.45058
1.25551e+08 1
1.25819e+08 268369
1.3656e+08 1.07404e+07
1.3656e+08 7.45058
1.36571e+08 11198.2
1.36571e+08 7.45058
1.36571e+08 7.45058
1.36571e+08 7.45058
1.36571e+08 7.45058
1.36582e+08 11190.8
1.36582e+08 7.45058
1.36582e+08 14.9012
1.36582e+08 7.45058
1.36616e+08 33550
1.36616e+08 7.45058
1.37421e+08 805855
1.37421e+08 7.45058
1.37421e+08 7.45058
1.37421e+08 7.45058
1.37433e+08 11183.3
1.37455e+08 22389
1.37623e+08 167757
1.37623e+08 1
1.49077e+08 1.14542e+07
1.49077e+08 7.45058
1.49099e+08 22374.1
1.49133e+08 33542.5
1.49155e+08 22359.2
1.49166e+08 11205.7
1.49166e+08 7.45058
1.49178e+08 11190.8
1.49178e+08 7.45058
1.49178e+08 7.45058
1.49178e+08 7.45058
1.49178e+08 7.45058
1.49178e+08 7.45058
1.49894e+08 716530
1.49894e+08 7.45058
1.49894e+08 7.45058
1.49894e+08 29.8023
1.49894e+08 29.8023
1.49906e+08 11213.1
1.49973e+08 67129.7
1.49984e+08 11183.3
1.49984e+08 1
1.61989e+08 1.20051e+07
1.61989e+08 7.45058
1.61989e+08 7.45058
1.62023e+08 33564.9
1.62023e+08 7.45058
1.62034e+08 11205.7
1.62034e+08 7.45058
1.62067e+08 33602.1
1.6209e+08 22396.4
1.6209e+08 7.45058
1.62101e+08 11213.1
1.62101e+08 7.45058
1.62112e+08 11205.7
1.62896e+08 783667
1.62907e+08 11190.8
1.62907e+08 22.3517
1.62918e+08 11213.1
1.62918e+08 14.9012
1.62952e+08 33624.5
1.6312e+08 167809
1.6312e+08 7.45058
1.6312e+08 7.45058
1.75018e+08 1.18982e+07
1.75018e+08 1
1.75018e+08 6.45058
1.75018e+08 7.45058
1.7504e+08 22441.1
1.7504e+08 7.45058
1.7504e+08 14.9012
1.75052e+08 11190.8
1.7513e+08 78365.2
1.75175e+08 44740.7
1.75186e+08 11190.8
1.75208e+08 22389
1.75208e+08 7.45058
1.75219e+08 11183.3
1.7597e+08 750206
1.7597e+08 14.9012
1.7597e+08 14.9012
1.7597e+08 7.45058
1.7597e+08 7.45058
1.75981e+08 11190.8
1.76093e+08 111982
1.76104e+08 11205.7
1.76104e+08 37.2529
1.88617e+08 1.25133e+07
1.88617e+08 7.45058
1.88617e+08 1
1.88617e+08 6.45058
1.88617e+08 7.45058
1.8864e+08 22396.4
1.8864e+08 29.8023
1.8864e+08 7.45058
1.8864e+08 67.0552
1.88674e+08 33646.8
1.88707e+08 33564.9
1.88718e+08 11213.1
1.88797e+08 78260.9
1.88797e+08 7.45058
1.88797e+08 7.45058
1.89659e+08 862136
1.89659e+08 7.45058
1.89692e+08 33550
1.89692e+08 7.45058
1.89692e+08 7.45058
1.89737e+08 44785.4
1.89816e+08 78409.9
1.89838e+08 22359.2
1.89838e+08 7.45058
2.0282e+08 1.29822e+07
2.0282e+08 7.45058
2.0282e+08 14.9012
2.0282e+08 14.9012
2.0282e+08 1
2.0282e+08 6.45058
2.02831e+08 11198.2
2.02831e+08 22.3517
2.02831e+08 7.45058
2.02854e+08 22411.3
2.02887e+08 33624.5
2.02943e+08 55916.6
2.02977e+08 33557.4
2.02988e+08 11190.8
2.02988e+08 14.9012
2.02999e+08 11183.3
2.03929e+08 929274
2.03962e+08 33535.1
2.03962e+08 7.45058
2.03962e+08 7.45058
2.03973e+08 11205.7
2.04063e+08 89578.3
2.04152e+08 89503.8
2.04164e+08 11213.1
2.04164e+08 7.45058
2.17671e+08 1.35076e+07
2.17671e+08 7.45058
2.17682e+08 11242.9
2.17716e+08 33550
2.17716e+08 29.8023
2.17716e+08 1
2.17716e+08 6.45058
2.17716e+08 7.45058
2.17738e+08 22403.9
2.17738e+08 7.45058
2.17738e+08 22.3517
2.17828e+08 89541.1
2.17828e+08 14.9012
2.17839e+08 11198.2
2.17839e+08 22.3517
2.17839e+08 7.45058
2.17839e+08 7.45058
2.18914e+08 1.07466e+06
2.18925e+08 11183.3
2.18936e+08 11198.2
2.18936e+08 29.8023
2.18948e+08 11205.7
2.19093e+08 145406
2.1916e+08 67144.6
2.1916e+08 14.9012
2.1916e+08 7.45058
2.33174e+08 1.40141e+07
2.33174e+08 14.9012
2.33185e+08 11190.8
2.33185e+08 7.45058
2.33208e+08 22463.5
2.33208e+08 7.45058
2.33208e+08 7.45058
2.33208e+08 1
2.33208e+08 6.45058
2.33208e+08 44.7035
2.33208e+08 7.45058
2.33242e+08 33550
2.3332e+08 78320.5
2.3332e+08 7.45058
2.3332e+08 7.45058
2.33331e+08 11198.2
2.33342e+08 11183.3
2.33342e+08 7.45058
2.34417e+08 1.07476e+06
2.34428e+08 11183.3
2.34462e+08 33542.5
2.34518e+08 55916.6
2.34596e+08 78320.5
2.34641e+08 44785.4
2.34686e+08 44800.3
2.34719e+08 33572.3
2.34719e+08 7.45058
2.49211e+08 1.44917e+07
2.49222e+08 11190.8
2.49222e+08 7.45058
2.49222e+08 7.45058
2.49289e+08 67137.2
2.49289e+08 7.45058
2.49289e+08 29.8023
2.49289e+08 7.45058
2.49289e+08 1
2.493e+08 11204.7
2.49334e+08 33557.4
2.49356e+08 22381.5
2.49368e+08 11198.2
2.49435e+08 67137.2
2.49446e+08 11183.3
2.49446e+08 22.3517
2.49446e+08 7.45058
2.49446e+08 37.2529
2.49446e+08 7.45058
2.50644e+08 1.19775e+06
2.50655e+08 11183.3
2.50677e+08 22389
2.50688e+08 11190.8
2.50711e+08 22500.8
2.50745e+08 33602.1
2.50789e+08 44770.5
2.50789e+08 44.7035
2.50789e+08 7.45058
2.65994e+08 1.5205e+07
2.66017e+08 22441.1
2.66039e+08 22374.1
2.66039e+08 7.45058
2.66062e+08 22418.8
2.66062e+08 7.45058
2.66062e+08 37.2529
2.66062e+08 7.45058
2.66062e+08 7.45058
2.66073e+08 11190.8
2.66073e+08 1
2.66095e+08 22358.2
2.6614e+08 44837.6
2.66162e+08 22381.5
2.66174e+08 11190.8
2.66174e+08 7.45058
2.66185e+08 11213.1
2.66185e+08 7.45058
2.66185e+08 52.1541
2.66185e+08 22.3517
2.67461e+08 1.27605e+06
2.67461e+08 7.45058
2.67472e+08 11183.3
2.67472e+08 7.45058
2.67484e+08 11369.6
2.67562e+08 78350.3
2.67607e+08 44822.7
2.6764e+08 33535.1
2.6764e+08 22.3517
2.83395e+08 1.57548e+07
2.83395e+08 52.1541
2.83395e+08 52.1541
2.83418e+08 22374.1
2.83451e+08 33602.1
2.83462e+08 11190.8
2.83474e+08 11198.2
2.83474e+08 7.45058
2.83474e+08 7.45058
2.83474e+08 7.45058
2.83474e+08 7.45058
2.83474e+08 1
2.83474e+08 6.45058
2.83496e+08 22448.6
2.83507e+08 11250.4
2.83507e+08 22.3517
2.83507e+08 14.9012
2.83507e+08 37.2529
2.83507e+08 7.45058
2.83508e+08 67.0552
2.83519e+08 11190.8
2.84839e+08 1.32079e+06
2.84839e+08 7.45058
2.8484e+08 7.45058
2.8484e+08 14.9012
2.84918e+08 78439.7
2.84996e+08 78484.4
2.85075e+08 78409.9
2.85075e+08 7.45058
2.85075e+08 14.9012
3.01243e+08 1.61684e+07
3.01255e+08 11272.7
3.01266e+08 11280.2
3.01288e+08 22374.1
3.01288e+08 37.2529
3.01288e+08 14.9012
3.01299e+08 11183.3
3.01299e+08 7.45058
3.01311e+08 11205.7
3.01311e+08 7.45058
3.01311e+08 7.45058
3.01311e+08 7.45058
3.01311e+08 14.9012
3.01311e+08 1
3.01344e+08 33638.4
3.01389e+08 44792.9
3.01389e+08 29.8023
3.01389e+08 7.45058
3.01389e+08 44.7035
3.01389e+08 7.45058
3.01389e+08 14.9012
3.01389e+08 14.9012
3.02587e+08 1.19784e+06
3.02587e+08 7.45058
3.02609e+08 22374.1
3.0261e+08 44.7035
3.02811e+08 201657
3.02957e+08 145495
3.03024e+08 67219.1
3.03024e+08 7.45058
3.03035e+08 11235.5
3.19706e+08 1.66705e+07
3.19739e+08 33676.6
3.19751e+08 11190.8
3.19762e+08 11272.7
3.19784e+08 22426.2
3.19784e+08 7.45058
3.19784e+08 7.45058
3.19784e+08 7.45058
3.19818e+08 33542.5
3.19829e+08 11183.3
3.19829e+08 7.45058
3.19851e+08 22381.5
3.19863e+08 11183.3
3.19863e+08 7.45058
3.19863e+08 1
3.19863e+08 162.913
3.19863e+08 74.5058
3.19863e+08 44.7035
3.19863e+08 29.8023
3.19863e+08 14.9012
3.19863e+08 7.45058
3.19863e+08 7.45058
3.19863e+08 7.45058
3.21161e+08 1.29847e+06
3.21161e+08 7.45058
3.21161e+08 7.45058
3.21161e+08 7.45058
3.21531e+08 369422
3.21587e+08 56162.5
3.21621e+08 33676.6
3.21632e+08 11198.2
3.21643e+08 11213.1
3.38627e+08 1.69841e+07
3.38739e+08 112057
3.38739e+08 7.45058
3.38762e+08 22411.3
3.38762e+08 96.8575
3.38762e+08 7.45058
3.38762e+08 14.9012
3.38762e+08 22.3517
3.38762e+08 29.8023
3.38762e+08 7.45058
3.38762e+08 14.9012
3.38784e+08 22359.2
3.38784e+08 7.45058
3.38784e+08 14.9012
3.38784e+08 29.8023
3.38796e+08 11339.8
3.38796e+08 1
3.38807e+08 11212.1
3.38818e+08 11228
3.38896e+08 78320.5
3.38896e+08 7.45058
3.38896e+08 14.9012
3.38908e+08 11183.3
3.38908e+08 7.45058
3.40083e+08 1.17549e+06
3.40083e+08 7.45058
3.40083e+08 14.9012
3.40106e+08 22366.6
3.40352e+08 246510
3.40609e+08 257477
3.4071e+08 100717
3.4071e+08 7.45058
3.4071e+08 14.9012
3.58164e+08 1.74538e+07
3.58343e+08 179127
3.58343e+08 7.45058
3.58343e+08 52.1541
3.58343e+08 44.7035
3.58343e+08 7.45058
3.58343e+08 22.3517
3.58343e+08 81.9564
3.58343e+08 37.2529
3.58343e+08 7.45058
3.58355e+08 11220.6
3.58388e+08 33542.5
3.58399e+08 11183.3
3.58399e+08 22.3517
3.58422e+08 22381.5
3.58444e+08 22478.4
3.58444e+08 7.45058
3.58444e+08 1
3.58467e+08 22373.1
3.585e+08 33617
3.58512e+08 11235.5
3.58512e+08 7.45058
3.58512e+08 14.9012
3.58512e+08 7.45058
3.58512e+08 7.45058
3.59653e+08 1.14194e+06
3.59654e+08 7.45058
3.59654e+08 14.9012
3.59654e+08 14.9012
3.60045e+08 391938
3.60169e+08 123300
3.60214e+08 44822.7
3.60225e+08 11190.8
3.6027e+08 44740.7
3.78438e+08 1.81688e+07
3.7855e+08 112146
3.7855e+08 7.45058
3.78562e+08 11198.2
3.78562e+08 14.9012
3.78562e+08 7.45058
3.78584e+08 22374.1
3.78618e+08 33587.2
3.78629e+08 11228
3.78629e+08 14.9012
3.78651e+08 22418.8
3.78651e+08 14.9012
3.78651e+08 7.45058
3.78651e+08 37.2529
3.78674e+08 22389
3.7873e+08 55976.2
3.7873e+08 7.45058
3.7873e+08 7.45058
3.78741e+08 11198.2
3.78741e+08 1
3.78741e+08 110.759
3.78741e+08 52.1541
3.78741e+08 7.45058
3.78763e+08 22359.2
3.78775e+08 11183.3
3.78775e+08 7.45058
3.79838e+08 1.06381e+06
3.79838e+08 7.45058
3.79861e+08 22366.6
3.79861e+08 44.7035
3.80286e+08 425473
3.80499e+08 212722
3.8051e+08 11213.1
3.8051e+08 14.9012
3.80522e+08 11235.5
3.99228e+08 1.87062e+07
3.99374e+08 145763
3.99385e+08 11190.8
3.99385e+08 7.45058
3.99385e+08 7.45058
3.99396e+08 11198.2
3.99429e+08 33542.5
3.99452e+08 22411.3
3.99463e+08 11205.7
3.99463e+08 52.1541
3.99474e+08 11257.8
3.99474e+08 22.3517
3.99474e+08 14.9012
3.99486e+08 11198.2
3.99553e+08 67152.1
3.99564e+08 11205.7
3.99564e+08 7.45058
3.99564e+08 7.45058
3.99564e+08 14.9012
3.99564e+08 7.45058
3.99564e+08 1
3.99575e+08 11323.9
3.9962e+08 44718.4
3.99631e+08 11183.3
3.99631e+08 7.45058
3.99631e+08 7.45058
3.99631e+08 7.45058
4.00595e+08 963293
4.00595e+08 7.45058
4.00595e+08 7.45058
4.00606e+08 11213.1
4.01087e+08 481278
4.01345e+08 257567
4.01389e+08 44785.4
4.01389e+08 22.3517
4.0139e+08 126.66
4.2061e+08 1.92202e+07
4.20834e+08 224151
4.20845e+08 11183.3
4.20845e+08 22.3517
4.20845e+08 7.45058
4.20845e+08 52.1541
4.20845e+08 29.8023
4.20856e+08 11205.7
4.20856e+08 44.7035
4.20857e+08 96.8575
4.20913e+08 55991.1
4.20913e+08 22.3517
4.20924e+08 11220.6
4.20935e+08 11198.2
4.20957e+08 22403.9
4.2098e+08 22396.4
4.20991e+08 11198.2
4.21013e+08 22374.1
4.21025e+08 11190.8
4.21025e+08 7.45058
4.21025e+08 7.45058
4.21114e+08 89518.7
4.21114e+08 1
4.21125e+08 11182.3
4.21136e+08 11213.1
4.21137e+08 7.45058
4.21137e+08 7.45058
4.21137e+08 14.9012
4.21865e+08 728562
4.21865e+08 7.45058
4.21865e+08 7.45058
4.21887e+08 22366.6
4.22536e+08 649020
4.22761e+08 224099
4.22761e+08 14.9012
4.22761e+08 7.45058
4.22805e+08 44874.8
4.42555e+08 1.9749e+07
4.42801e+08 246428
4.42801e+08 7.45058
4.42801e+08 59.6046
4.42801e+08 14.9012
4.42801e+08 22.3517
4.42801e+08 7.45058
4.42801e+08 7.45058
4.42801e+08 29.8023
4.42868e+08 67308.5
4.42891e+08 22448.6
4.42902e+08 11220.6
4.42924e+08 22389
4.42924e+08 7.45058
4.42969e+08 44710.9
4.43047e+08 78275.8
4.43059e+08 11183.3
4.4307e+08 11235.5
4.4307e+08 22.3517
4.4307e+08 7.45058
4.43081e+08 11190.8
4.43115e+08 33639.4
4.43115e+08 7.45058
4.43115e+08 1
4.43126e+08 11204.7
4.4316e+08 33684.1
4.43193e+08 33572.3
4.43216e+08 22448.6
4.43216e+08 14.9012
4.43866e+08 650153
4.43866e+08 7.45058
4.43866e+08 7.45058
4.43866e+08 7.45058
4.44347e+08 481188
4.44784e+08 436716
4.44784e+08 7.45058
4.44784e+08 14.9012
4.44829e+08 44815.2
4.65066e+08 2.02373e+07
4.65323e+08 257574
4.65323e+08 22.3517
4.65323e+08 7.45058
4.65324e+08 67.0552
4.65324e+08 7.45058
4.65324e+08 7.45058
4.65324e+08 7.45058
4.65324e+08 37.2529
4.65357e+08 33617
4.6538e+08 22582.7
4.6538e+08 37.2529
4.65413e+08 33572.3
4.65425e+08 11198.2
4.65425e+08 14.9012
4.65514e+08 89466.6
4.65514e+08 7.45058
4.65604e+08 89451.7
4.65637e+08 33579.8
4.65637e+08 7.45058
4.65637e+08 37.2529
4.65671e+08 33617
4.65671e+08 7.45058
4.65671e+08 7.45058
4.65671e+08 1
4.65727e+08 56131.7
4.65749e+08 22411.3
4.65749e+08 22.3517
4.65761e+08 11317.4
4.65761e+08 7.45058
4.66344e+08 583030
4.66344e+08 14.9012
4.66388e+08 44710.9
4.66456e+08 67077.6
4.66881e+08 425316
4.67396e+08 514969
4.67396e+08 7.45058
4.67396e+08 7.45058
4.67474e+08 78298.2
4.88172e+08 2.06977e+07
4.88407e+08 235170
4.88407e+08 22.3517
4.88407e+08 7.45058
4.88429e+08 22411.3
4.88429e+08 14.9012
4.88429e+08 7.45058
4.88429e+08 44.7035
4.88441e+08 11190.8
4.88463e+08 22396.4
4.88486e+08 22493.3
4.88508e+08 22478.4
4.8853e+08 22403.9
4.8853e+08 7.45058
4.8853e+08 7.45058
4.88564e+08 33564.9
4.88586e+08 22389
4.88687e+08 100650
4.88721e+08 33617
4.88754e+08 33542.5
4.88765e+08 11205.7
4.8881e+08 44889.7
4.8881e+08 7.45058
4.8881e+08 7.45058
4.8881e+08 7.45058
4.889e+08 89667.7
4.889e+08 1
4.889e+08 36.2529
4.889e+08 7.45058
4.889e+08 104.308
4.889e+08 7.45058
4.89483e+08 583090
4.89483e+08 7.45058
4.89483e+08 22.3517
4.89483e+08 7.45058
4.90043e+08 559501
4.90547e+08 503756
4.90558e+08 11190.8
4.90558e+08 7.45058
4.90591e+08 33557.4
5.12164e+08 2.15731e+07
5.12299e+08 134550
5.12299e+08 37.2529
5.12299e+08 22.3517
5.12321e+08 22403.9
5.12321e+08 14.9012
5.12321e+08 14.9012
5.12344e+08 22381.5
5.12344e+08 37.2529
5.12344e+08 7.45058
5.12366e+08 22389
5.12389e+08 22403.9
5.12445e+08 56080.5
5.12445e+08 7.45058
5.12467e+08 22366.6
5.1249e+08 22366.6
5.12512e+08 22381.5
5.12579e+08 67174.4
5.12601e+08 22396.4
5.12601e+08 7.45058
5.12613e+08 11198.2
5.12691e+08 78402.5
5.12691e+08 7.45058
5.12691e+08 7.45058
5.12691e+08 7.45058
5.12781e+08 89786.9
5.12781e+08 7.45058
5.12781e+08 1
5.12781e+08 13.9012
5.12781e+08 22.3517
5.12792e+08 11250.4
5.12792e+08 14.9012
5.13465e+08 672638
5.13465e+08 7.45058
5.13498e+08 33602.1
5.13521e+08 22389
5.13946e+08 425279
5.1445e+08 503704
5.14472e+08 22366.6
5.14483e+08 11205.7
5.14483e+08 7.45058
5.3677e+08 2.22867e+07
5.36938e+08 168115
5.36938e+08 7.45058
5.36949e+08 11190.8
5.37017e+08 67122.3
5.37017e+08 7.45058
5.37017e+08 7.45058
5.3705e+08 33535.1
5.3705e+08 7.45058
5.3705e+08 7.45058
5.37106e+08 55991.1
5.37106e+08 7.45058
5.3714e+08 33542.5
5.3714e+08 7.45058
5.3714e+08 7.45058
5.3714e+08 7.45058
5.3714e+08 7.45058
5.37241e+08 100918
5.37252e+08 11235.5
5.37252e+08 7.45058
5.37274e+08 22366.6
5.37297e+08 22530.6
5.37297e+08 7.45058
5.37297e+08 7.45058
5.37297e+08 7.45058
5.37387e+08 89772
5.37387e+08 14.9012
5.37387e+08 7.45058
5.37387e+08 7.45058
5.37387e+08 1
5.37398e+08 11234.5
5.37398e+08 104.308
5.37398e+08 7.45058
5.38071e+08 672631
5.38071e+08 7.45058
5.38071e+08 59.6046
5.38071e+08 149.012
5.38619e+08 548288
5.39089e+08 470102
5.39089e+08 37.2529
5.39112e+08 22359.2
5.39112e+08 7.45058
5.61771e+08 2.26598e+07
5.62029e+08 257500
5.62062e+08 33557.4
5.62107e+08 44748.2
5.62152e+08 44778
5.62152e+08 7.45058
5.62152e+08 7.45058
5.62152e+08 7.45058
5.62152e+08 7.45058
5.62163e+08 11220.6
5.62197e+08 33550
5.62197e+08 7.45058
5.62197e+08 7.45058
5.62197e+08 7.45058
5.62197e+08 7.45058
5.62208e+08 11198.2
5.62208e+08 7.45058
5.62253e+08 44904.6
5.62253e+08 29.8023
5.62275e+08 22374.1
5.62275e+08 7.45058
5.62309e+08 33825.6
5.6232e+08 11190.8
5.6232e+08 22.3517
5.62332e+08 11183.3
5.62399e+08 67442.7
5.62399e+08 7.45058
5.62399e+08 7.45058
5.62399e+08 7.45058
5.62399e+08 7.45058
5.62399e+08 1
5.62399e+08 6.45058
5.62399e+08 37.2529
5.62399e+08 7.45058
5.63117e+08 717685
5.63128e+08 11205.7
5.63128e+08 7.45058
5.63139e+08 11228
5.63643e+08 503577
5.6418e+08 537224
5.64191e+08 11228
5.64191e+08 7.45058
5.64191e+08 7.45058
5.87429e+08 2.32377e+07
5.87832e+08 402786
5.87843e+08 11228
5.87932e+08 89459.1
5.87944e+08 11235.5
5.87944e+08 7.45058
5.87944e+08 7.45058
5.87944e+08 7.45058
5.87944e+08 7.45058
5.87944e+08 7.45058
5.87944e+08 14.9012
5.87955e+08 11213.1
5.87955e+08 29.8023
5.87955e+08 7.45058
5.87955e+08 7.45058
5.87966e+08 11183.3
5.87966e+08 14.9012
5.87966e+08 163.913
5.87978e+08 11198.2
5.87978e+08 7.45058
5.87989e+08 11183.3
5.88056e+08 67405.4
5.88056e+08 7.45058
5.88056e+08 44.7035
5.88056e+08 7.45058
5.8809e+08 33877.8
5.88101e+08 11205.7
5.88101e+08 7.45058
5.88101e+08 7.45058
5.88101e+08 7.45058
5.88101e+08 7.45058
5.88101e+08 7.45058
5.88101e+08 1
5.88101e+08 28.8023
5.88101e+08 7.45058
5.88853e+08 751421
5.88853e+08 7.45058
5.88853e+08 7.45058
5.88853e+08 7.45058
5.89244e+08 391699
5.89983e+08 738546
5.89983e+08 7.45058
5.89983e+08 14.9012
5.89983e+08 29.8023
6.13575e+08 2.35921e+07
6.14157e+08 581667
6.14157e+08 7.45058
