2282 2000
6282 4000
14282 8000
30282 16000
62282 32000
126282 64000
254282 128000
510282 256000
1.02228e+06 512000
2.04628e+06 1.024e+06
4.09428e+06 2.048e+06
4.78215e+06 687866
4.78215e+06 1
8.27284e+06 3.4907e+06
8.27285e+06 7.45058
9.4468e+06 1.17394e+06
9.4468e+06 1
9.4468e+06 6.45058
1.12512e+07 1.80442e+06
1.12512e+07 7.45058
1.12512e+07 1
1.12513e+07 28.8023
1.36014e+07 2.3501e+06
1.36014e+07 7.45058
1.36126e+07 11190.8
1.36238e+07 11220.6
1.36238e+07 1
1.6278e+07 2.65417e+06
1.62891e+07 11183.3
1.64792e+07 190057
1.65798e+07 100657
1.65799e+07 7.45058
1.65799e+07 1
1.97894e+07 3.20952e+06
1.98229e+07 33535.1
1.99235e+07 100628
2.01248e+07 201225
2.01471e+07 22359.2
2.01471e+07 7.45058
2.01471e+07 1
2.37591e+07 3.612e+06
2.37815e+07 22374.1
2.40163e+07 234775
2.42735e+07 257216
2.42735e+07 7.45058
2.42735e+07 7.45058
2.42735e+07 7.45058
2.76957e+07 3.42215e+06
2.76957e+07 1
2.77069e+07 11227
2.80982e+07 391357
2.81989e+07 100650
2.81989e+07 7.45058
2.82325e+07 33564.9
2.82437e+07 11183.3
3.24259e+07 4.18223e+06
3.24259e+07 7.45058
3.24259e+07 1
3.24483e+07 22402.9
3.28061e+07 357851
3.28844e+07 78268.3
3.28844e+07 7.45058
3.29291e+07 44718.4
3.29403e+07 11183.3
3.7771e+07 4.83073e+06
3.77711e+07 7.45058
3.77823e+07 11235.5
3.78159e+07 33579.8
3.78159e+07 1
3.81402e+07 324353
3.82409e+07 100642
3.82409e+07 22.3517
3.82409e+07 7.45058
3.82409e+07 7.45058
4.36307e+07 5.38984e+06
4.36308e+07 7.45058
4.3642e+07 11228
4.36644e+07 22381.5
4.36644e+07 7.45058
4.36644e+07 1
4.38211e+07 156729
4.40001e+07 178963
4.40001e+07 7.45058
4.40001e+07 7.45058
4.40001e+07 7.45058
5.01056e+07 6.10547e+06
5.01279e+07 22359.2
5.01615e+07 33572.3
5.02062e+07 44725.8
5.02062e+07 7.45058
5.02062e+07 7.45058
5.03965e+07 190273
5.03965e+07 1
5.05308e+07 134281
5.05308e+07 7.45058
5.05308e+07 7.45058
5.0542e+07 11183.3
5.71507e+07 6.60869e+06
5.7173e+07 22366.6
5.7173e+07 7.45058
5.72066e+07 33564.9
5.72066e+07 7.45058
5.72066e+07 37.2529
5.73634e+07 156730
5.73746e+07 11242.9
5.73746e+07 1
5.75313e+07 156647
5.75313e+07 7.45058
5.75425e+07 11190.8
5.75425e+07 7.45058
6.47103e+07 7.16779e+06
6.47326e+07 22381.5
6.47438e+07 11183.3
6.47774e+07 33557.4
6.47997e+07 22359.2
6.49004e+07 100687
6.50683e+07 167869
6.51019e+07 33639.4
6.5102e+07 14.9012
6.5102e+07 1
6.51691e+07 67143.6
6.51803e+07 11183.3
6.51803e+07 7.45058
6.51803e+07 7.45058
7.27508e+07 7.57049e+06
7.27732e+07 22374.1
7.27955e+07 22359.2
7.2885e+07 89481.5
7.29074e+07 22389
7.30863e+07 178926
7.31648e+07 78454.6
7.33772e+07 212468
7.33996e+07 22359.2
7.33996e+07 7.45058
7.35451e+07 145487
7.35451e+07 1
7.35675e+07 22373.1
7.35675e+07 7.45058
7.36122e+07 44710.9
8.15181e+07 7.9059e+06
8.15181e+07 7.45058
8.15181e+07 7.45058
8.16076e+07 89511.3
8.16972e+07 89570.9
8.18761e+07 178918
8.21222e+07 246093
8.22341e+07 111878
8.22341e+07 7.45058
8.22341e+07 7.45058
8.24243e+07 190169
8.24243e+07 7.45058
8.24243e+07 1
8.24578e+07 33556.4
8.2469e+07 11198.2
8.24802e+07 11183.3
9.08335e+07 8.35329e+06
9.08335e+07 7.45058
9.08335e+07 7.45058
9.09118e+07 78328
9.11803e+07 268437
9.12251e+07 44778
9.15382e+07 313163
9.17284e+07 190154
9.17284e+07 7.45058
9.17284e+07 7.45058
9.18627e+07 134327
9.18627e+07 7.45058
9.18627e+07 14.9012
9.18739e+07 11198.2
9.18739e+07 1
9.18739e+07 6.45058
9.18851e+07 11183.3
1.00887e+08 9.00175e+06
1.00887e+08 7.45058
1.00887e+08 7.45058
1.00965e+08 78335.4
1.01189e+08 223771
1.0129e+08 100650
1.01569e+08 279658
1.01681e+08 111900
1.01681e+08 7.45058
1.01681e+08 7.45058
1.01894e+08 212602
1.01894e+08 7.45058
1.01905e+08 11205.7
1.01905e+08 7.45058
1.01905e+08 7.45058
1.01905e+08 1
1.01905e+08 6.45058
1.01905e+08 14.9012
1.11242e+08 9.33738e+06
1.11298e+08 55901.7
1.11298e+08 7.45058
1.11466e+08 167742
1.11913e+08 447266
1.11958e+08 44725.8
1.12126e+08 167966
1.12361e+08 234850
1.12372e+08 11250.4
1.12372e+08 14.9012
1.12506e+08 134319
1.12506e+08 7.45058
1.12518e+08 11228
1.12518e+08 7.45058
1.12518e+08 7.45058
1.12518e+08 22.3517
1.12518e+08 22.3517
1.12518e+08 1
1.12518e+08 6.45058
1.22559e+08 1.00417e+07
1.22559e+08 7.45058
1.22559e+08 14.9012
1.22604e+08 44852.5
1.23186e+08 581376
1.23219e+08 33564.9
1.23331e+08 112116
1.23533e+08 201300
1.23577e+08 44800.3
1.23622e+08 44770.5
1.23723e+08 100799
1.23723e+08 7.45058
1.23734e+08 11220.6
1.23745e+08 11190.8
1.23745e+08 7.45058
1.23745e+08 7.45058
1.23746e+08 44.7035
1.23746e+08 7.45058
1.23746e+08 1
1.23746e+08 21.3517
1.34246e+08 1.05001e+07
1.34246e+08 7.45058
1.34246e+08 7.45058
1.34402e+08 156716
1.34827e+08 424854
1.34827e+08 37.2529
1.35118e+08 290938
1.35308e+08 190198
1.35409e+08 100709
1.35409e+08 52.1541
1.35544e+08 134297
1.35544e+08 14.9012
1.35544e+08 29.8023
1.35544e+08 22.3517
1.35544e+08 7.45058
1.35544e+08 52.1541
1.35566e+08 22374.1
1.35566e+08 7.45058
1.35566e+08 22.3517
1.35588e+08 22418.8
1.35588e+08 1
1.46558e+08 1.09697e+07
1.46558e+08 7.45058
1.46558e+08 7.45058
1.47005e+08 447266
1.47151e+08 145487
1.47162e+08 11198.2
1.47543e+08 380404
1.47699e+08 156619
1.47789e+08 89600.7
1.47834e+08 44852.5
1.47979e+08 145458
1.47979e+08 7.45058
1.4799e+08 11198.2
1.48002e+08 11213.1
1.48002e+08 14.9012
1.48035e+08 33557.4
1.4808e+08 44710.9
1.4808e+08 7.45058
1.48091e+08 11198.2
1.48102e+08 11205.7
1.48102e+08 7.45058
1.48102e+08 1
1.59542e+08 1.14395e+07
1.59564e+08 22366.6
1.59598e+08 33535.1
1.59911e+08 312977
1.60101e+08 190295
1.60112e+08 11190.8
1.6056e+08 447534
1.60672e+08 111915
1.60761e+08 89600.7
1.60895e+08 134341
1.61164e+08 268385
1.61164e+08 7.45058
1.61164e+08 22.3517
1.61175e+08 11183.3
1.61175e+08 7.45058
1.61186e+08 11190.8
1.61197e+08 11183.3
1.61209e+08 11183.3
1.61253e+08 44718.4
1.61298e+08 44763.1
1.61298e+08 7.45058
1.61309e+08 11190.8
1.72604e+08 1.12944e+07
1.72604e+08 1
1.72872e+08 268250
1.72906e+08 33550
1.72906e+08 14.9012
1.73096e+08 190139
1.73096e+08 14.9012
1.73409e+08 313580
1.73666e+08 257187
1.73801e+08 134364
1.73958e+08 156723
1.74137e+08 178985
1.74148e+08 11183.3
1.7417e+08 22366.6
1.74181e+08 11183.3
1.74181e+08 7.45058
1.74193e+08 11198.2
1.74215e+08 22366.6
1.74215e+08 22.3517
1.74226e+08 11190.8
1.74349e+08 123039
1.74349e+08 59.6046
1.7436e+08 11183.3
1.86515e+08 1.21549e+07
1.86526e+08 11183.3
1.86526e+08 1
1.86527e+08 21.3517
1.86538e+08 11213.1
1.86571e+08 33542.5
1.8665e+08 78402.5
1.8665e+08 7.45058
1.87209e+08 559404
1.87399e+08 190198
1.87478e+08 78551.5
1.87858e+08 380166
1.87992e+08 134252
1.87992e+08 7.45058
1.88026e+08 33564.9
1.88037e+08 11198.2
1.88104e+08 67204.2
1.88104e+08 14.9012
1.88104e+08 7.45058
1.88104e+08 7.45058
1.88115e+08 11183.3
1.88149e+08 33587.2
1.88149e+08 141.561
1.88149e+08 7.45058
2.00707e+08 1.25574e+07
2.00718e+08 11198.2
2.00729e+08 11190.8
2.00796e+08 67129.7
2.00796e+08 1
2.00796e+08 13.9012
2.00807e+08 11220.6
2.00852e+08 44837.6
2.00863e+08 11213.1
2.01579e+08 715867
2.01613e+08 33795.8
2.02049e+08 436164
2.02206e+08 156596
2.02362e+08 156619
2.02362e+08 37.2529
2.02363e+08 126.66
2.02363e+08 7.45058
2.02363e+08 74.5058
2.02363e+08 7.45058
2.02363e+08 7.45058
2.02363e+08 29.8023
2.02363e+08 7.45058
2.02363e+08 149.012
2.02363e+08 126.66
2.02363e+08 22.3517
2.15491e+08 1.31276e+07
2.15491e+08 14.9012
2.15491e+08 22.3517
2.15524e+08 33639.4
2.15524e+08 14.9012
2.15524e+08 1
2.15524e+08 13.9012
2.15547e+08 22374.1
2.15625e+08 78454.6
2.15625e+08 14.9012
2.16397e+08 771724
2.16632e+08 234924
2.17001e+08 369102
2.17079e+08 78350.3
2.17169e+08 89757.1
2.17169e+08 7.45058
2.17169e+08 44.7035
2.17169e+08 7.45058
2.17169e+08 67.0552
2.17169e+08 7.45058
2.17169e+08 7.45058
2.17169e+08 37.2529
2.17169e+08 7.45058
2.17169e+08 223.517
2.1717e+08 149.012
2.17192e+08 22403.9
2.30811e+08 1.36195e+07
2.30811e+08 7.45058
2.30811e+08 14.9012
2.30923e+08 111870
2.30935e+08 11198.2
2.30935e+08 7.45058
2.30935e+08 7.45058
2.30935e+08 1
2.30935e+08 21.3517
2.31013e+08 78506.8
2.31035e+08 22366.6
2.31986e+08 950582
2.32132e+08 145480
2.32378e+08 246093
2.3249e+08 111900
2.32568e+08 78655.8
2.32568e+08 14.9012
2.32568e+08 7.45058
2.32568e+08 14.9012
2.32568e+08 96.8575
2.32568e+08 22.3517
2.32568e+08 44.7035
2.32568e+08 22.3517
2.32568e+08 7.45058
2.3258e+08 11406.8
2.32602e+08 22485.9
2.32625e+08 22396.4
2.46613e+08 1.39886e+07
2.46613e+08 14.9012
2.46613e+08 7.45058
2.46747e+08 134178
2.46759e+08 11213.1
2.46759e+08 7.45058
2.46759e+08 7.45058
2.46759e+08 14.9012
2.46759e+08 1
2.46803e+08 44717.4
2.47038e+08 234962
2.47083e+08 44755.6
2.4809e+08 1.00641e+06
2.48257e+08 167876
2.48369e+08 111997
2.48425e+08 55968.8
2.4856e+08 134580
2.4856e+08 37.2529
2.4856e+08 22.3517
2.4856e+08 44.7035
2.4856e+08 67.0552
2.4856e+08 7.45058
2.4856e+08 37.2529
2.4856e+08 22.3517
2.4856e+08 14.9012
2.48594e+08 33825.6
2.48639e+08 44845
2.48661e+08 22381.5
2.63142e+08 1.44807e+07
2.63142e+08 7.45058
2.63142e+08 7.45058
2.63142e+08 22.3517
2.63164e+08 22381.5
2.63187e+08 22359.2
2.6322e+08 33542.5
2.63243e+08 22359.2
2.63243e+08 7.45058
2.63243e+08 7.45058
2.63243e+08 1
2.63623e+08 380254
2.63656e+08 33542.5
2.64663e+08 1.00648e+06
2.64931e+08 268452
2.64976e+08 44949.4
2.65066e+08 89496.4
2.65145e+08 78722.8
2.65145e+08 22.3517
2.65145e+08 14.9012
2.65145e+08 52.1541
2.65145e+08 29.8023
2.65145e+08 7.45058
2.65145e+08 96.8575
2.65145e+08 29.8023
2.65145e+08 7.45058
2.65179e+08 33892.7
2.65257e+08 78357.8
2.65268e+08 11205.7
2.80185e+08 1.49168e+07
2.80185e+08 7.45058
2.80241e+08 55901.7
2.80353e+08 111781
2.80375e+08 22366.6
2.80375e+08 22.3517
2.80375e+08 7.45058
2.80375e+08 7.45058
2.80375e+08 7.45058
2.80375e+08 7.45058
2.80375e+08 7.45058
2.80375e+08 1
2.80632e+08 257320
2.80633e+08 14.9012
2.81896e+08 1.26357e+06
2.8212e+08 223756
2.82165e+08 44927
2.82243e+08 78328
2.82322e+08 78767.5
2.82322e+08 7.45058
2.82322e+08 7.45058
2.82322e+08 7.45058
2.82322e+08 14.9012
2.82322e+08 7.45058
2.82322e+08 119.209
2.82322e+08 14.9012
2.82322e+08 22.3517
2.82356e+08 33997
2.82468e+08 111938
2.82502e+08 33535.1
2.98011e+08 1.55093e+07
2.98011e+08 7.45058
2.98067e+08 55894.3
2.98078e+08 11183.3
2.98078e+08 7.45058
2.98167e+08 89436.8
2.98167e+08 7.45058
2.98167e+08 7.45058
2.98167e+08 7.45058
2.98167e+08 7.45058
2.98167e+08 7.45058
2.98167e+08 7.45058
2.98414e+08 246219
2.98414e+08 1
2.9847e+08 55893.3
2.99711e+08 1.24122e+06
2.9989e+08 179037
2.99991e+08 100806
3.00035e+08 44807.8
3.00092e+08 56423.2
3.00092e+08 7.45058
3.00092e+08 7.45058
3.00092e+08 7.45058
3.00092e+08 7.45058
3.00092e+08 7.45058
3.00103e+08 11250.4
3.00103e+08 29.8023
3.00103e+08 7.45058
3.00193e+08 90032.8
3.00249e+08 55983.7
3.00249e+08 7.45058
3.16385e+08 1.61355e+07
3.16385e+08 7.45058
3.16385e+08 7.45058
3.16396e+08 11183.3
3.16396e+08 7.45058
3.16463e+08 67099.9
3.16463e+08 7.45058
3.16474e+08 11183.3
3.16485e+08 11190.8
3.16508e+08 22359.2
3.16519e+08 11183.3
3.1653e+08 11190.8
3.16944e+08 413902
3.16944e+08 14.9012
3.16944e+08 1
3.16944e+08 13.9012
3.18163e+08 1.21886e+06
3.18253e+08 89652.8
3.18387e+08 134312
3.18398e+08 11339.8
3.18466e+08 67554.4
3.18466e+08 7.45058
3.18466e+08 7.45058
3.18466e+08 7.45058
3.18466e+08 22.3517
3.18466e+08 7.45058
3.18466e+08 44.7035
3.18466e+08 37.2529
3.18477e+08 11205.7
3.18545e+08 67688.5
3.18578e+08 33572.3
3.1859e+08 11198.2
3.35351e+08 1.67616e+07
3.35374e+08 22389
3.35396e+08 22403.9
3.35396e+08 7.45058
3.35407e+08 11183.3
3.35474e+08 67062.7
3.3553e+08 55886.8
3.35541e+08 11183.3
3.35552e+08 11183.3
3.35619e+08 67070.1
3.3562e+08 7.45058
3.3562e+08 7.45058
3.35855e+08 235111
3.35855e+08 7.45058
3.35855e+08 7.45058
3.35866e+08 11198.2
3.35866e+08 1
3.37163e+08 1.29713e+06
3.37219e+08 56169.9
3.37353e+08 134274
3.37354e+08 178.814
3.37421e+08 67547
3.37432e+08 11198.2
3.37432e+08 7.45058
3.37432e+08 7.45058
3.37444e+08 11205.7
3.37444e+08 14.9012
3.37444e+08 22.3517
3.37444e+08 29.8023
3.37444e+08 96.8575
3.37489e+08 45262.3
3.37511e+08 22411.3
3.37511e+08 7.45058
3.54765e+08 1.72536e+07
3.54877e+08 111766
3.55011e+08 134125
3.55078e+08 67062.7
3.55089e+08 11183.3
3.55089e+08 7.45058
3.55123e+08 33535.1
3.55156e+08 33535.1
3.55156e+08 7.45058
3.55201e+08 44733.3
3.55201e+08 7.45058
3.55201e+08 14.9012
3.55391e+08 190496
3.55391e+08 14.9012
3.55392e+08 14.9012
3.55436e+08 44740.7
3.55447e+08 11190.8
3.55447e+08 1
3.56678e+08 1.23008e+06
3.56845e+08 167958
3.56902e+08 56043.3
3.56902e+08 186.265
3.56992e+08 89906.2
3.56992e+08 7.45058
3.56992e+08 7.45058
3.56992e+08 7.45058
3.56992e+08 67.0552
3.56992e+08 7.45058
3.56992e+08 37.2529
3.56992e+08 22.3517
3.56992e+08 89.407
3.57004e+08 11749.6
3.57026e+08 22381.5
3.57026e+08 7.45058
3.74749e+08 1.77232e+07
3.74794e+08 44725.8
3.74794e+08 7.45058
3.74794e+08 14.9012
3.74816e+08 22359.2
3.74895e+08 78253.4
3.74906e+08 11190.8
3.74906e+08 7.45058
3.74906e+08 7.45058
3.74906e+08 7.45058
3.74906e+08 7.45058
3.75096e+08 190027
3.7551e+08 414006
3.7551e+08 52.1541
3.75543e+08 33557.4
3.75543e+08 37.2529
3.75555e+08 11183.3
3.75577e+08 22374.1
3.76796e+08 1.21894e+06
3.76796e+08 1
3.76986e+08 190376
3.77042e+08 55953.9
3.77054e+08 11362.1
3.77132e+08 78767.5
3.77132e+08 7.45058
3.77132e+08 7.45058
3.77132e+08 7.45058
3.77133e+08 59.6046
3.77133e+08 7.45058
3.77133e+08 37.2529
3.77133e+08 7.45058
3.77133e+08 208.616
3.77133e+08 499.189
3.77144e+08 11183.3
3.77144e+08 7.45058
3.95159e+08 1.80141e+07
3.95304e+08 145309
3.95326e+08 22359.2
3.95337e+08 11198.2
3.9536e+08 22366.6
3.95382e+08 22374.1
3.95416e+08 33572.3
3.95472e+08 55894.3
3.95561e+08 89421.9
3.95572e+08 11183.3
3.95572e+08 7.45058
3.95606e+08 33535.1
3.96199e+08 592828
3.96221e+08 22389
3.96277e+08 55953.9
3.96288e+08 11190.8
3.96288e+08 7.45058
3.96299e+08 11190.8
3.97552e+08 1.25246e+06
3.97574e+08 22374.1
3.97574e+08 1
3.97753e+08 179245
3.97753e+08 14.9012
3.97787e+08 33661.7
3.97866e+08 78849.5
3.97866e+08 7.45058
3.97866e+08 7.45058
3.97866e+08 22.3517
3.97866e+08 14.9012
3.97866e+08 7.45058
3.97866e+08 44.7035
3.97866e+08 7.45058
3.97866e+08 253.32
3.97878e+08 11749.6
3.97878e+08 7.45058
3.97878e+08 7.45058
4.16373e+08 1.8495e+07
4.16463e+08 89421.9
4.16485e+08 22359.2
4.16574e+08 89414.4
4.16608e+08 33535.1
4.16664e+08 55894.3
4.16731e+08 67085
4.16776e+08 44725.8
4.16865e+08 89429.3
4.16865e+08 7.45058
4.16887e+08 22359.2
4.16887e+08 7.45058
4.17514e+08 626437
4.17536e+08 22374.1
4.1757e+08 33587.2
4.1757e+08 14.9012
4.1757e+08 29.8023
4.1757e+08 7.45058
4.189e+08 1.3307e+06
4.189e+08 22.3517
4.18901e+08 7.45058
4.19113e+08 212789
4.19113e+08 1
4.19113e+08 6.45058
4.19136e+08 22605.1
4.19192e+08 56326.4
4.19192e+08 7.45058
4.19192e+08 37.2529
4.19192e+08 7.45058
4.19192e+08 44.7035
4.19192e+08 7.45058
4.19192e+08 7.45058
4.19192e+08 7.45058
4.19193e+08 298.023
4.19216e+08 22985
4.19227e+08 11190.8
4.19227e+08 7.45058
4.38258e+08 1.90316e+07
4.38292e+08 33535.1
4.38303e+08 11190.8
4.38326e+08 22374.1
4.38359e+08 33535.1
4.38426e+08 67062.7
4.38493e+08 67070.1
4.38549e+08 55894.3
4.38583e+08 33542.5
4.3865e+08 67070.1
4.38728e+08 78253.4
4.3875e+08 22359.2
4.3941e+08 660077
4.3941e+08 14.9012
4.39455e+08 44725.8
4.39466e+08 11183.3
4.39478e+08 11183.3
4.39478e+08 14.9012
4.40819e+08 1.34187e+06
4.40819e+08 22.3517
4.40819e+08 14.9012
4.41043e+08 223935
4.41043e+08 7.45058
4.41043e+08 1
4.41043e+08 6.45058
4.41066e+08 22605.1
4.41111e+08 45180.3
4.41111e+08 7.45058
4.41111e+08 37.2529
4.41111e+08 7.45058
4.41111e+08 29.8023
4.41111e+08 7.45058
4.41111e+08 7.45058
4.41111e+08 7.45058
4.41112e+08 230.968
4.41202e+08 90196.7
4.41246e+08 44725.8
4.41258e+08 11190.8
4.6077e+08 1.95124e+07
4.60792e+08 22366.6
4.60804e+08 11190.8
4.60848e+08 44710.9
4.60893e+08 44733.3
4.60949e+08 55909.2
4.60971e+08 22374.1
4.60971e+08 14.9012
4.61016e+08 44718.4
4.61061e+08 44733.3
4.61128e+08 67085
4.61139e+08 11190.8
4.619e+08 760689
4.61933e+08 33550
4.61956e+08 22366.6
4.61956e+08 22.3517
4.61956e+08 22.3517
4.61956e+08 22.3517
4.63331e+08 1.37532e+06
4.63331e+08 29.8023
4.63398e+08 67099.9
4.63566e+08 168040
4.63566e+08 7.45058
4.63566e+08 14.9012
4.63566e+08 1
4.63566e+08 13.9012
4.63578e+08 11399.4
4.63623e+08 45269.7
4.63623e+08 7.45058
4.63623e+08 7.45058
4.63623e+08 7.45058
4.63623e+08 7.45058
4.63623e+08 7.45058
4.63623e+08 7.45058
4.63623e+08 7.45058
4.63623e+08 171.363
4.63758e+08 134997
4.63758e+08 7.45058
4.63803e+08 44718.4
4.83606e+08 1.98032e+07
4.83662e+08 55901.7
4.83684e+08 22366.6
4.83684e+08 7.45058
4.83819e+08 134178
4.83964e+08 145331
4.84053e+08 89429.3
4.84076e+08 22359.2
4.84076e+08 7.45058
4.84154e+08 78275.8
4.84277e+08 123017
4.84277e+08 7.45058
4.84881e+08 604302
4.84937e+08 55909.2
4.85004e+08 67070.1
4.85004e+08 14.9012
4.8506e+08 55894.3
4.85183e+08 122979
4.86357e+08 1.17406e+06
4.8638e+08 22403.9
4.86447e+08 67114.8
4.86671e+08 223897
4.86671e+08 29.8023
4.86671e+08 29.8023
4.86671e+08 7.45058
4.86671e+08 7.45058
4.86671e+08 1
4.86682e+08 11383.5
4.86727e+08 45284.6
4.86727e+08 7.45058
4.86727e+08 7.45058
4.86727e+08 7.45058
4.86727e+08 7.45058
4.86727e+08 7.45058
4.86727e+08 7.45058
4.86727e+08 7.45058
4.86728e+08 186.265
4.86818e+08 90308.5
4.86818e+08 7.45058
4.86829e+08 11183.3
5.07001e+08 2.01723e+07
5.07046e+08 44740.7
5.07046e+08 7.45058
5.07046e+08 7.45058
5.07203e+08 156507
5.07381e+08 178844
5.07482e+08 100605
5.07482e+08 7.45058
5.07482e+08 14.9012
5.07616e+08 134155
5.07683e+08 67092.5
5.07695e+08 11183.3
5.08657e+08 962071
5.08891e+08 234731
5.09137e+08 245884
5.0935e+08 212371
5.09428e+08 78253.4
5.09517e+08 89429.3
5.1011e+08 592850
5.10133e+08 22403.9
5.10166e+08 33617
5.10368e+08 201553
5.10368e+08 22.3517
5.10368e+08 96.8575
5.10368e+08 7.45058
5.10368e+08 22.3517
5.10368e+08 7.45058
5.10368e+08 1
5.10368e+08 162.913
5.10424e+08 56460.5
5.10424e+08 7.45058
5.10425e+08 7.45058
5.10425e+08 7.45058
5.10425e+08 7.45058
5.10425e+08 7.45058
5.10425e+08 7.45058
5.10425e+08 7.45058
5.10425e+08 171.363
5.10493e+08 68008.9
5.10493e+08 7.45058
5.10493e+08 7.45058
5.31224e+08 2.07314e+07
5.31302e+08 78260.9
5.31302e+08 7.45058
5.31369e+08 67085
5.31582e+08 212438
5.31604e+08 22366.6
5.31671e+08 67077.6
5.31694e+08 22359.2
5.31738e+08 44710.9
5.31783e+08 44718.4
5.3185e+08 67129.7
5.3185e+08 7.45058
5.33438e+08 1.58788e+06
5.33505e+08 67092.5
5.33561e+08 55901.7
5.33595e+08 33557.4
5.33606e+08 11205.7
5.33628e+08 22359.2
5.34221e+08 592858
5.34266e+08 44748.2
5.34411e+08 145361
5.34658e+08 246316
5.34658e+08 7.45058
5.34658e+08 59.6046
5.34658e+08 7.45058
5.34658e+08 7.45058
5.34658e+08 14.9012
5.34658e+08 7.45058
5.34658e+08 141.561
5.34658e+08 1
5.34714e+08 56496.8
5.34714e+08 7.45058
5.34714e+08 7.45058
5.34714e+08 7.45058
5.34714e+08 7.45058
5.34714e+08 7.45058
5.34714e+08 7.45058
5.34714e+08 7.45058
5.34715e+08 178.814
5.34783e+08 68061.1
5.34783e+08 7.45058
5.34783e+08 7.45058
5.55995e+08 2.12123e+07
5.56062e+08 67077.6
5.56062e+08 7.45058
5.56151e+08 89421.9
5.56207e+08 55976.2
5.56207e+08 7.45058
5.56375e+08 167675
5.56386e+08 11190.8
5.56409e+08 22374.1
5.5642e+08 11183.3
5.56677e+08 257112
5.56688e+08 11183.3
5.58343e+08 1.65491e+06
5.58354e+08 11205.7
5.58354e+08 14.9012
5.58421e+08 67137.2
5.58421e+08 7.45058
5.58477e+08 55901.7
5.59059e+08 581644
5.59115e+08 55924.1
5.59204e+08 89503.8
5.5954e+08 335790
5.5954e+08 7.45058
5.5954e+08 22.3517
5.5954e+08 74.5058
5.5954e+08 7.45058
5.5954e+08 7.45058
5.5954e+08 7.45058
5.5954e+08 67.0552
5.5954e+08 14.9012
5.5954e+08 1
5.59597e+08 56481.9
5.59597e+08 7.45058
5.59597e+08 7.45058
5.59597e+08 7.45058
5.59597e+08 7.45058
5.59597e+08 7.45058
5.59597e+08 7.45058
5.59597e+08 7.45058
5.59597e+08 119.209
5.59598e+08 968.575
5.59598e+08 7.45058
5.59598e+08 7.45058
5.81616e+08 2.20175e+07
5.81627e+08 11183.3
5.81638e+08 11190.8
5.81671e+08 33542.5
5.81739e+08 67129.7
5.81739e+08 7.45058
5.81772e+08 33550
5.81772e+08 7.45058
5.81794e+08 22359.2
5.81794e+08 7.45058
5.81862e+08 67129.7
5.81862e+08 14.9012
5.83762e+08 1.90073e+06
5.83774e+08 11183.3
5.83785e+08 11198.2
5.83897e+08 111863
5.83897e+08 14.9012
5.83908e+08 11190.8
5.844e+08 492223
5.84422e+08 22389
5.84613e+08 190109
5.85015e+08 402920
5.85015e+08 7.45058
5.85015e+08 7.45058
5.85016e+08 59.6046
5.85016e+08 14.9012
5.85016e+08 7.45058
5.85016e+08 29.8023
5.85016e+08 29.8023
5.85016e+08 7.45058
5.85016e+08 7.45058
5.8505e+08 34138.6
5.8505e+08 1
5.8505e+08 6.45058
5.8505e+08 7.45058
5.8505e+08 7.45058
5.85072e+08 22359.2
5.85072e+08 7.45058
5.85072e+08 7.45058
5.85072e+08 14.9012
5.85072e+08 96.8575
5.85073e+08 879.169
5.85073e+08 7.45058
5.85073e+08 22.3517
6.07538e+08 2.2465e+07
6.07561e+08 22366.6
6.07572e+08 11183.3
