2444 2000
6444 4000
14444 8000
30444 16000
62444 32000
126444 64000
254444 128000
510444 256000
1.02244e+06 512000
2.04644e+06 1.024e+06
4.09444e+06 2.048e+06
4.78202e+06 687575
4.78202e+06 1
8.30608e+06 3.52406e+06
8.30609e+06 7.45058
9.52042e+06 1.21433e+06
9.52042e+06 1
9.52043e+06 6.45058
1.17452e+07 2.22474e+06
1.17452e+07 7.45058
1.17452e+07 1
1.17452e+07 6.45058
1.43062e+07 2.56097e+06
1.43062e+07 7.45058
1.43062e+07 7.45058
1.43062e+07 7.45058
1.43062e+07 1
1.71015e+07 2.79535e+06
1.71015e+07 7.45058
1.71015e+07 7.45058
1.71015e+07 7.45058
1.71016e+07 52.1541
1.71016e+07 1
2.06576e+07 3.55597e+06
2.06576e+07 7.45058
2.06576e+07 22.3517
2.06576e+07 14.9012
2.06577e+07 74.5058
2.06577e+07 7.45058
2.06577e+07 1
2.48062e+07 4.1485e+06
2.48062e+07 7.45058
2.48064e+07 186.265
2.48064e+07 37.2529
2.48065e+07 52.1541
2.48065e+07 7.45058
2.48065e+07 7.45058
2.89552e+07 4.1487e+06
2.89552e+07 1
2.89552e+07 6.45058
2.89554e+07 163.913
2.89554e+07 37.2529
2.89555e+07 89.407
2.89555e+07 7.45058
2.89555e+07 7.45058
3.36967e+07 4.74118e+06
3.36967e+07 7.45058
3.36967e+07 1
3.36967e+07 6.45058
3.36969e+07 186.265
3.36969e+07 14.9012
3.3697e+07 104.308
3.3697e+07 7.45058
3.3697e+07 22.3517
3.90308e+07 5.33381e+06
3.90308e+07 7.45058
3.90309e+07 7.45058
3.90309e+07 7.45058
3.90309e+07 1
3.90311e+07 229.968
3.90311e+07 7.45058
3.90312e+07 134.11
3.90312e+07 7.45058
3.90313e+07 7.45058
4.49578e+07 5.9265e+06
4.49578e+07 67.0552
4.49578e+07 22.3517
4.49579e+07 7.45058
4.4958e+07 111.759
4.4958e+07 1
4.49581e+07 88.407
4.49581e+07 7.45058
4.49917e+07 33669.2
4.49918e+07 44.7035
4.49918e+07 7.45058
5.14773e+07 6.48552e+06
5.14775e+07 163.913
5.14775e+07 22.3517
5.14775e+07 14.9012
5.14777e+07 163.913
5.14777e+07 7.45058
5.14778e+07 74.5058
5.14778e+07 1
5.14778e+07 6.45058
5.15002e+07 22433.7
5.15114e+07 11198.2
5.15114e+07 7.45058
5.85672e+07 7.0558e+06
5.85898e+07 22567.8
5.85898e+07 37.2529
5.85898e+07 7.45058
5.85901e+07 253.32
5.85901e+07 14.9012
5.85902e+07 81.9564
5.86015e+07 11287.6
5.86015e+07 1
5.86126e+07 11189.8
5.86239e+07 11228
5.86239e+07 7.45058
5.86239e+07 22.3517
6.62721e+07 7.64821e+06
6.62948e+07 22649.8
6.62948e+07 74.5058
6.62949e+07 67.0552
6.62951e+07 223.517
6.62951e+07 14.9012
6.62952e+07 37.2529
6.63066e+07 11377
6.63066e+07 7.45058
6.63066e+07 1
6.63178e+07 11189.8
6.6329e+07 11228
6.6329e+07 7.45058
6.63402e+07 11198.2
7.45586e+07 8.21843e+06
7.45702e+07 11548.4
7.45704e+07 253.32
7.45816e+07 11213.1
7.45929e+07 11257.8
7.45929e+07 29.8023
7.4593e+07 67.0552
7.46827e+07 89719.9
7.46827e+07 7.45058
7.46827e+07 7.45058
7.46827e+07 7.45058
7.46827e+07 1
7.47275e+07 44762.1
7.47387e+07 11198.2
7.47387e+07 7.45058
8.34041e+07 8.66544e+06
8.34605e+07 56400.9
8.34832e+07 22701.9
8.34833e+07 52.1541
8.34834e+07 67.0552
8.34834e+07 22.3517
8.34835e+07 96.8575
8.36068e+07 123300
8.36068e+07 7.45058
8.3618e+07 11190.8
8.3618e+07 7.45058
8.3618e+07 7.45058
8.3618e+07 1
8.3674e+07 56019.9
8.3674e+07 7.45058
8.3674e+07 7.45058
9.28202e+07 9.14613e+06
9.29437e+07 123516
9.29441e+07 454.485
9.29442e+07 22.3517
9.29554e+07 11213.1
9.29554e+07 22.3517
9.29667e+07 11302.5
9.31348e+07 168100
9.31348e+07 7.45058
9.3146e+07 11213.1
9.3146e+07 7.45058
9.31572e+07 11190.8
9.31572e+07 7.45058
9.31572e+07 7.45058
9.31572e+07 1
9.31572e+07 6.45058
9.31572e+07 7.45058
1.02896e+08 9.73873e+06
1.03019e+08 123523
1.03042e+08 22903.1
1.03042e+08 29.8023
1.03042e+08 44.7035
1.03042e+08 29.8023
1.03043e+08 111.759
1.03211e+08 168137
1.03211e+08 14.9012
1.03233e+08 22381.5
1.03233e+08 7.45058
1.03233e+08 52.1541
1.03233e+08 7.45058
1.03233e+08 7.45058
1.03233e+08 7.45058
1.03233e+08 1
1.03233e+08 21.3517
1.03233e+08 7.45058
1.13162e+08 9.92867e+06
1.13677e+08 514977
1.13711e+08 34108.8
1.13711e+08 7.45058
1.13711e+08 37.2529
1.13711e+08 67.0552
1.13711e+08 134.11
1.13891e+08 179335
1.13891e+08 7.45058
1.13902e+08 11183.3
1.13902e+08 7.45058
1.13902e+08 37.2529
1.13902e+08 7.45058
1.13902e+08 7.45058
1.13902e+08 7.45058
1.13902e+08 7.45058
1.13902e+08 37.2529
1.13902e+08 1
1.13924e+08 22365.6
1.24457e+08 1.05324e+07
1.24827e+08 369944
1.24972e+08 145793
1.24972e+08 7.45058
1.24972e+08 74.5058
1.24973e+08 52.1541
1.24973e+08 89.407
1.25163e+08 190593
1.25163e+08 22.3517
1.25163e+08 7.45058
1.25163e+08 7.45058
1.25163e+08 22.3517
1.25163e+08 7.45058
1.25163e+08 7.45058
1.25163e+08 7.45058
1.25163e+08 7.45058
1.25163e+08 37.2529
1.25163e+08 7.45058
1.25163e+08 1
1.25163e+08 6.45058
1.36299e+08 1.1136e+07
1.36636e+08 336573
1.36826e+08 190549
1.36826e+08 7.45058
1.36827e+08 37.2529
1.36827e+08 14.9012
1.36827e+08 156.462
1.37017e+08 190631
1.37017e+08 7.45058
1.37017e+08 7.45058
1.37017e+08 7.45058
1.37017e+08 7.45058
1.37017e+08 7.45058
1.37017e+08 7.45058
1.37017e+08 7.45058
1.37017e+08 7.45058
1.37017e+08 37.2529
1.37017e+08 7.45058
1.37017e+08 7.45058
1.37017e+08 7.45058
1.37017e+08 1
1.48768e+08 1.17509e+07
1.49038e+08 269525
1.49251e+08 213079
1.49251e+08 7.45058
1.49273e+08 22381.5
1.49273e+08 7.45058
1.49274e+08 238.419
1.49464e+08 190571
1.49464e+08 7.45058
1.49464e+08 7.45058
1.49464e+08 7.45058
1.49464e+08 7.45058
1.49464e+08 29.8023
1.49464e+08 7.45058
1.49464e+08 22.3517
1.49464e+08 14.9012
1.49464e+08 14.9012
1.49464e+08 7.45058
1.49464e+08 7.45058
1.49464e+08 7.45058
1.49464e+08 7.45058
1.49464e+08 1
1.61797e+08 1.23322e+07
1.62066e+08 269502
1.62279e+08 213213
1.62279e+08 14.9012
1.62279e+08 22.3517
1.62279e+08 7.45058
1.62336e+08 56266.8
1.62504e+08 168078
1.62504e+08 7.45058
1.62504e+08 14.9012
1.62504e+08 7.45058
1.62504e+08 7.45058
1.62504e+08 7.45058
1.62504e+08 14.9012
1.62504e+08 37.2529
1.62504e+08 7.45058
1.62504e+08 14.9012
1.62504e+08 22.3517
1.62504e+08 14.9012
1.62504e+08 7.45058
1.62504e+08 7.45058
1.62515e+08 11183.3
1.74836e+08 1.23213e+07
1.74836e+08 1
1.75061e+08 224753
1.75196e+08 135191
1.75196e+08 7.45058
1.75196e+08 14.9012
1.75196e+08 7.45058
1.75409e+08 212736
1.75543e+08 134371
1.75543e+08 7.45058
1.75543e+08 7.45058
1.75543e+08 7.45058
1.75543e+08 7.45058
1.75555e+08 11190.8
1.75588e+08 33572.3
1.75622e+08 33557.4
1.75622e+08 7.45058
1.75622e+08 14.9012
1.75622e+08 7.45058
1.75622e+08 7.45058
1.75622e+08 14.9012
1.75622e+08 7.45058
1.75622e+08 7.45058
1.88491e+08 1.28689e+07
1.88491e+08 37.2529
1.88491e+08 1
1.88727e+08 236033
1.88952e+08 224754
1.88952e+08 7.45058
1.88963e+08 11198.2
1.88963e+08 7.45058
1.8903e+08 67323.4
1.89232e+08 201456
1.89232e+08 7.45058
1.89232e+08 7.45058
1.89232e+08 14.9012
1.89243e+08 11183.3
1.89265e+08 22359.2
1.89276e+08 11213.1
1.89332e+08 55901.7
1.89332e+08 7.45058
1.89332e+08 14.9012
1.89332e+08 29.8023
1.89332e+08 7.45058
1.89332e+08 14.9012
1.89332e+08 22.3517
1.89332e+08 7.45058
2.02727e+08 1.33944e+07
2.02727e+08 37.2529
2.02727e+08 7.45058
2.0294e+08 213757
2.0294e+08 1
2.03232e+08 291898
2.03244e+08 11198.2
2.03244e+08 7.45058
2.03244e+08 29.8023
2.03255e+08 11369.6
2.03501e+08 246175
2.03501e+08 7.45058
2.03501e+08 44.7035
2.03512e+08 11183.3
2.03524e+08 11190.8
2.03535e+08 11183.3
2.03568e+08 33602.1
2.03602e+08 33557.4
2.03624e+08 22359.2
2.03624e+08 14.9012
2.03635e+08 11183.3
2.03636e+08 37.2529
2.03636e+08 7.45058
2.03669e+08 33535.1
2.03669e+08 7.45058
2.17533e+08 1.3864e+07
2.17533e+08 44.7035
2.17533e+08 29.8023
2.17747e+08 213735
2.17747e+08 14.9012
2.17747e+08 1
2.18039e+08 292002
2.18039e+08 14.9012
2.1805e+08 11198.2
2.18061e+08 11198.2
2.18073e+08 11354.7
2.18364e+08 290938
2.18364e+08 7.45058
2.18375e+08 11205.7
2.18386e+08 11205.7
2.18397e+08 11213.1
2.18397e+08 7.45058
2.18487e+08 89496.4
2.18509e+08 22359.2
2.18531e+08 22359.2
2.18531e+08 14.9012
2.18531e+08 14.9012
2.18543e+08 11235.5
2.18543e+08 7.45058
2.18543e+08 7.45058
2.18543e+08 7.45058
2.32865e+08 1.43223e+07
2.32887e+08 22396.4
2.32887e+08 7.45058
2.33146e+08 258557
2.33146e+08 52.1541
2.33146e+08 14.9012
2.33449e+08 303209
2.33449e+08 1
2.33449e+08 21.3517
2.33449e+08 7.45058
2.33461e+08 11190.8
2.33595e+08 134379
2.33819e+08 223882
2.33819e+08 7.45058
2.3383e+08 11183.3
2.33841e+08 11183.3
2.33864e+08 22366.6
2.33864e+08 7.45058
2.33942e+08 78335.4
2.33942e+08 14.9012
2.33942e+08 7.45058
2.33942e+08 7.45058
2.33953e+08 11213.1
2.3402e+08 67152.1
2.3402e+08 37.2529
2.34031e+08 11198.2
2.34032e+08 7.45058
2.48656e+08 1.46242e+07
2.48678e+08 22396.4
2.48678e+08 7.45058
2.49138e+08 459827
2.49138e+08 14.9012
2.49138e+08 7.45058
2.49475e+08 336789
2.49475e+08 7.45058
2.49475e+08 1
2.49475e+08 51.1541
2.49475e+08 126.66
2.49475e+08 7.45058
2.49687e+08 212543
2.49855e+08 167996
2.49855e+08 7.45058
2.49855e+08 7.45058
2.49867e+08 11183.3
2.49867e+08 14.9012
2.49867e+08 7.45058
2.49956e+08 89511.3
2.49967e+08 11190.8
2.49979e+08 11198.2
2.49979e+08 7.45058
2.50001e+08 22359.2
2.50068e+08 67152.1
2.50068e+08 52.1541
2.50079e+08 11310
2.50091e+08 11213.1
2.6514e+08 1.50489e+07
2.65184e+08 44725.8
2.65196e+08 11190.8
2.65722e+08 526927
2.65723e+08 37.2529
2.65723e+08 22.3517
2.66071e+08 348061
2.66071e+08 67.0552
2.66071e+08 7.45058
2.66093e+08 22471
2.66093e+08 1
2.66227e+08 134244
2.66227e+08 7.45058
2.66373e+08 145517
2.66429e+08 56050.7
2.66451e+08 22374.1
2.66451e+08 7.45058
2.66451e+08 14.9012
2.66451e+08 7.45058
2.66451e+08 7.45058
2.66552e+08 100695
2.66574e+08 22366.6
2.66574e+08 22.3517
2.66574e+08 7.45058
2.66574e+08 7.45058
2.66586e+08 11198.2
2.66664e+08 78380.1
2.66742e+08 78447.2
2.66888e+08 145368
2.82239e+08 1.53507e+07
2.8225e+08 11190.8
2.82261e+08 11213.1
2.82855e+08 594139
2.82889e+08 33587.2
2.82889e+08 7.45058
2.8327e+08 381701
2.83349e+08 78350.3
2.83349e+08 7.45058
2.83494e+08 145398
2.83494e+08 7.45058
2.83494e+08 1
2.8355e+08 55945.4
2.8355e+08 7.45058
2.83595e+08 45001.5
2.83595e+08 7.45058
2.83595e+08 7.45058
2.83606e+08 11183.3
2.83606e+08 7.45058
2.83606e+08 7.45058
2.83618e+08 11190.8
2.83696e+08 78328
2.83696e+08 29.8023
2.83741e+08 44740.7
2.83741e+08 7.45058
2.83741e+08 7.45058
2.83763e+08 22381.5
2.83864e+08 100866
2.84132e+08 268474
2.84177e+08 44763.1
2.99986e+08 1.5809e+07
2.99997e+08 11190.8
3.00031e+08 33550
3.00536e+08 505000
3.00547e+08 11198.2
3.00547e+08 7.45058
3.01242e+08 694819
3.01287e+08 44740.7
3.01287e+08 7.45058
3.01331e+08 44785.4
3.01331e+08 7.45058
3.01331e+08 7.45058
3.01332e+08 37.2529
3.01332e+08 1
3.01332e+08 6.45058
3.01376e+08 44904.6
3.01376e+08 7.45058
3.01376e+08 14.9012
3.01376e+08 7.45058
3.01376e+08 7.45058
3.01376e+08 7.45058
3.01377e+08 14.9012
3.01377e+08 22.3517
3.01377e+08 37.2529
3.0141e+08 33535.1
3.0141e+08 7.45058
3.0141e+08 7.45058
3.015e+08 89466.6
3.01735e+08 235140
3.01947e+08 212558
3.01992e+08 44778
3.18282e+08 1.62897e+07
3.18304e+08 22374.1
3.18304e+08 7.45058
3.1872e+08 415727
3.1872e+08 44.7035
3.1872e+08 7.45058
3.19694e+08 974335
3.19705e+08 11198.2
3.19705e+08 7.45058
3.19717e+08 11228
3.19717e+08 14.9012
3.19717e+08 7.45058
3.19717e+08 134.11
3.19717e+08 7.45058
3.19717e+08 1
3.19717e+08 6.45058
3.1975e+08 33572.3
3.1975e+08 7.45058
3.1975e+08 7.45058
3.1975e+08 7.45058
3.1975e+08 7.45058
3.1975e+08 7.45058
3.19751e+08 7.45058
3.19751e+08 22.3517
3.19751e+08 44.7035
3.19751e+08 7.45058
3.19751e+08 7.45058
3.19751e+08 7.45058
3.19762e+08 11183.3
3.20131e+08 369355
3.20355e+08 223786
3.20366e+08 11183.3
3.37204e+08 1.68375e+07
3.37215e+08 11198.2
3.37215e+08 14.9012
3.37642e+08 427052
3.37653e+08 11205.7
3.37653e+08 7.45058
3.38605e+08 951953
3.38639e+08 33617
3.38661e+08 22366.6
3.38672e+08 11228
3.38672e+08 22.3517
3.38672e+08 14.9012
3.38717e+08 44867.4
3.38717e+08 7.45058
3.38717e+08 7.45058
3.38717e+08 7.45058
3.38717e+08 1
3.38717e+08 6.45058
3.38717e+08 7.45058
3.38717e+08 7.45058
3.38717e+08 7.45058
3.38717e+08 7.45058
3.38717e+08 7.45058
3.38717e+08 7.45058
3.38717e+08 37.2529
3.38717e+08 14.9012
3.38717e+08 7.45058
3.38717e+08 22.3517
3.38729e+08 11205.7
3.38729e+08 7.45058
3.39109e+08 380568
3.39333e+08 223763
3.39344e+08 11183.3
3.5664e+08 1.72958e+07
3.5664e+08 7.45058
3.56651e+08 11190.8
3.57168e+08 516631
3.57168e+08 14.9012
3.57168e+08 7.45058
3.5812e+08 952162
3.58142e+08 22403.9
3.58142e+08 7.45058
3.58154e+08 11235.5
3.58154e+08 7.45058
3.58154e+08 7.45058
3.58232e+08 78290.7
3.58232e+08 7.45058
3.58232e+08 7.45058
3.58232e+08 7.45058
3.58232e+08 7.45058
3.58232e+08 1
3.58232e+08 6.45058
3.58243e+08 11190.8
3.58243e+08 14.9012
3.58243e+08 7.45058
3.58254e+08 11198.2
3.58254e+08 7.45058
3.58254e+08 7.45058
3.58265e+08 11183.3
3.58266e+08 59.6046
3.58266e+08 7.45058
3.58288e+08 22359.2
3.58288e+08 67.0552
3.58299e+08 11198.2
3.58668e+08 369325
3.58859e+08 190280
3.58859e+08 7.45058
3.76736e+08 1.78771e+07
3.76736e+08 7.45058
3.76736e+08 7.45058
3.77297e+08 561506
3.77297e+08 29.8023
3.77297e+08 14.9012
3.78306e+08 1.00819e+06
3.78328e+08 22374.1
3.78328e+08 7.45058
3.78328e+08 44.7035
3.78339e+08 11183.3
3.78339e+08 7.45058
3.78339e+08 7.45058
3.78339e+08 7.45058
3.78339e+08 7.45058
3.78339e+08 7.45058
3.78339e+08 7.45058
3.7835e+08 11183.3
3.7835e+08 7.45058
3.7835e+08 1
3.7835e+08 6.45058
3.78351e+08 22.3517
3.78351e+08 7.45058
3.78362e+08 11183.3
3.78362e+08 7.45058
3.78395e+08 33550
3.78395e+08 44.7035
3.78429e+08 33594.7
3.78429e+08 7.45058
3.78429e+08 14.9012
3.78451e+08 22426.2
3.78451e+08 7.45058
3.78821e+08 369325
3.78989e+08 167914
3.78989e+08 7.45058
3.97458e+08 1.84696e+07
3.97458e+08 7.45058
3.97458e+08 7.45058
3.9802e+08 561677
3.9802e+08 7.45058
3.9802e+08 7.45058
3.99051e+08 1.03059e+06
3.99062e+08 11190.8
3.99073e+08 11220.6
3.99106e+08 33542.5
3.99106e+08 7.45058
3.9914e+08 33550
3.9914e+08 7.45058
3.9914e+08 7.45058
3.9914e+08 22.3517
3.9914e+08 29.8023
3.9914e+08 7.45058
3.9914e+08 7.45058
3.99151e+08 11205.7
3.99151e+08 7.45058
3.99151e+08 1
3.99151e+08 6.45058
3.99163e+08 11213.1
3.99174e+08 11205.7
3.99174e+08 7.45058
3.99174e+08 7.45058
3.99174e+08 7.45058
3.99174e+08 52.1541
3.99196e+08 22374.1
3.99196e+08 7.45058
3.99196e+08 7.45058
3.99196e+08 29.8023
3.99196e+08 7.45058
3.9961e+08 414044
3.99722e+08 111997
3.99756e+08 33550
4.18717e+08 1.89616e+07
4.18717e+08 7.45058
4.18717e+08 7.45058
4.19335e+08 617601
4.19335e+08 14.9012
4.19335e+08 7.45058
4.20444e+08 1.10894e+06
4.20455e+08 11228
4.20478e+08 22374.1
4.20478e+08 7.45058
4.20478e+08 7.45058
4.20478e+08 7.45058
4.20478e+08 7.45058
4.20478e+08 7.45058
4.20478e+08 22.3517
4.20489e+08 11183.3
4.20489e+08 7.45058
4.20489e+08 7.45058
4.20489e+08 29.8023
4.20489e+08 7.45058
4.20489e+08 7.45058
4.20489e+08 7.45058
4.20489e+08 1
4.205e+08 11182.3
4.20511e+08 11242.9
4.20511e+08 37.2529
4.20511e+08 22.3517
4.20523e+08 11183.3
4.20534e+08 11220.6
4.20534e+08 29.8023
4.20534e+08 7.45058
4.20534e+08 7.45058
4.20534e+08 29.8023
4.20534e+08 7.45058
4.20959e+08 425190
4.21138e+08 179105
4.21138e+08 7.45058
4.40614e+08 1.94758e+07
4.40614e+08 14.9012
4.40614e+08 7.45058
4.41243e+08 628889
4.41243e+08 7.45058
4.41243e+08 14.9012
4.42419e+08 1.17608e+06
4.42419e+08 22.3517
4.42419e+08 22.3517
4.42419e+08 29.8023
4.42419e+08 7.45058
4.42419e+08 7.45058
4.42419e+08 7.45058
4.42419e+08 7.45058
4.42419e+08 7.45058
4.42419e+08 7.45058
4.4243e+08 11198.2
4.4243e+08 7.45058
4.4243e+08 14.9012
4.4243e+08 7.45058
4.4243e+08 7.45058
4.4243e+08 37.2529
4.4243e+08 14.9012
4.4243e+08 1
4.4243e+08 6.45058
4.4243e+08 44.7035
4.42453e+08 22426.2
4.42453e+08 7.45058
4.42453e+08 7.45058
4.42464e+08 11205.7
4.42464e+08 7.45058
4.42464e+08 7.45058
4.42475e+08 11183.3
4.42487e+08 11213.1
4.42487e+08 7.45058
4.42878e+08 391647
4.43102e+08 223845
4.43102e+08 7.45058
4.63025e+08 1.9923e+07
4.63047e+08 22403.9
4.63047e+08 7.45058
4.63743e+08 695959
4.63743e+08 14.9012
4.63743e+08 7.45058
4.6492e+08 1.1762e+06
4.64942e+08 22381.5
4.64942e+08 29.8023
4.64942e+08 22.3517
4.64942e+08 7.45058
4.64942e+08 7.45058
4.64942e+08 7.45058
4.64942e+08 7.45058
4.64942e+08 14.9012
4.64942e+08 7.45058
4.64942e+08 14.9012
4.64942e+08 7.45058
4.64942e+08 14.9012
4.64942e+08 29.8023
4.64942e+08 7.45058
4.64942e+08 7.45058
4.64953e+08 11205.7
4.64953e+08 7.45058
4.64953e+08 1
4.64953e+08 6.45058
4.64954e+08 52.1541
4.64998e+08 44778
4.64998e+08 7.45058
4.64998e+08 7.45058
4.64998e+08 7.45058
4.64998e+08 7.45058
4.64998e+08 14.9012
4.64998e+08 7.45058
4.64998e+08 14.9012
4.64998e+08 7.45058
4.65424e+08 425301
4.65681e+08 257343
4.65681e+08 7.45058
4.86096e+08 2.04149e+07
4.86107e+08 11235.5
4.86107e+08 22.3517
4.86837e+08 729524
4.86837e+08 22.3517
4.86837e+08 7.45058
4.88035e+08 1.19869e+06
4.88035e+08 7.45058
4.88047e+08 11228
4.88058e+08 11190.8
4.88058e+08 7.45058
4.88058e+08 7.45058
4.88058e+08 7.45058
4.88058e+08 37.2529
4.88058e+08 7.45058
4.88058e+08 7.45058
4.88058e+08 7.45058
4.88058e+08 7.45058
4.88058e+08 7.45058
4.88058e+08 44.7035
4.88058e+08 7.45058
4.88058e+08 7.45058
4.88069e+08 11183.3
4.88069e+08 7.45058
4.88069e+08 7.45058
4.88069e+08 7.45058
4.88069e+08 1
4.88069e+08 43.7035
4.8808e+08 11220.6
4.8808e+08 14.9012
4.8808e+08 7.45058
4.88103e+08 22389
4.88114e+08 11183.3
4.88114e+08 14.9012
4.88114e+08 22.3517
4.88114e+08 7.45058
4.88114e+08 14.9012
4.88573e+08 458889
4.88808e+08 234894
4.88808e+08 29.8023
5.09804e+08 2.09962e+07
5.09838e+08 33557.4
5.09838e+08 59.6046
5.10523e+08 684850
5.10523e+08 7.45058
5.10523e+08 7.45058
5.11744e+08 1.22119e+06
5.11744e+08 22.3517
5.11755e+08 11228
5.11755e+08 7.45058
5.11755e+08 7.45058
5.11755e+08 14.9012
5.11755e+08 7.45058
5.11766e+08 11213.1
5.11766e+08 7.45058
5.11766e+08 7.45058
5.11778e+08 11190.8
5.11778e+08 14.9012
5.11778e+08 14.9012
5.11778e+08 22.3517
5.11778e+08 14.9012
5.11778e+08 7.45058
5.11778e+08 7.45058
5.11778e+08 7.45058
5.11778e+08 7.45058
5.11778e+08 14.9012
5.11778e+08 14.9012
5.11778e+08 1
5.11778e+08 28.8023
5.11778e+08 52.1541
5.11778e+08 22.3517
5.11778e+08 7.45058
5.11778e+08 29.8023
5.11778e+08 14.9012
5.118e+08 22366.6
5.11811e+08 11190.8
5.11811e+08 7.45058
5.11823e+08 11190.8
5.12282e+08 458948
5.12449e+08 167742
5.12505e+08 55953.9
5.34072e+08 2.15664e+07
5.34094e+08 22366.6
5.34105e+08 11302.5
5.34812e+08 707202
5.34824e+08 11205.7
5.34824e+08 7.45058
5.36045e+08 1.22128e+06
5.36056e+08 11257.8
5.36056e+08 37.2529
5.36056e+08 7.45058
5.36056e+08 7.45058
5.36056e+08 22.3517
5.36056e+08 7.45058
5.36056e+08 7.45058
5.36056e+08 7.45058
5.36056e+08 7.45058
5.36056e+08 7.45058
5.36056e+08 7.45058
5.36056e+08 7.45058
5.36056e+08 7.45058
5.36056e+08 22.3517
5.36056e+08 7.45058
5.36056e+08 7.45058
5.36056e+08 7.45058
5.36056e+08 14.9012
5.36068e+08 11190.8
5.36068e+08 7.45058
5.36068e+08 7.45058
5.36079e+08 11242.9
5.36079e+08 1
5.36079e+08 66.0552
5.36079e+08 22.3517
5.36079e+08 7.45058
5.36079e+08 29.8023
5.36079e+08 7.45058
5.3609e+08 11183.3
5.3609e+08 7.45058
5.36101e+08 11183.3
5.36101e+08 7.45058
5.36549e+08 447810
5.3665e+08 100665
5.36672e+08 22426.2
5.58965e+08 2.2293e+07
5.58965e+08 7.45058
5.58965e+08 81.9564
5.59796e+08 830308
5.59796e+08 14.9012
5.59796e+08 37.2529
5.60939e+08 1.14319e+06
5.6095e+08 11242.9
5.6095e+08 7.45058
5.6095e+08 7.45058
5.6095e+08 7.45058
5.6095e+08 7.45058
5.6095e+08 22.3517
5.6095e+08 7.45058
5.6095e+08 7.45058
5.6095e+08 22.3517
5.6095e+08 7.45058
5.6095e+08 7.45058
5.6095e+08 7.45058
5.6095e+08 7.45058
5.6095e+08 7.45058
5.6095e+08 7.45058
5.6095e+08 7.45058
5.6095e+08 7.45058
5.6095e+08 7.45058
5.6095e+08 14.9012
5.6095e+08 7.45058
5.6095e+08 7.45058
5.60962e+08 11265.3
5.60973e+08 11190.8
5.60973e+08 1
5.61006e+08 33549
5.61051e+08 44718.4
5.61051e+08 7.45058
5.61051e+08 7.45058
5.61051e+08 7.45058
5.61051e+08 7.45058
5.61051e+08 7.45058
5.61051e+08 7.45058
5.61051e+08 7.45058
5.61421e+08 369623
5.61521e+08 100650
5.61544e+08 22389
5.84407e+08 2.28632e+07
5.84407e+08 7.45058
5.84418e+08 11228
5.85271e+08 852756
5.85271e+08 14.9012
5.85271e+08 37.2529
5.86426e+08 1.15455e+06
5.86437e+08 11213.1
5.86437e+08 7.45058
5.86437e+08 7.45058
5.86437e+08 7.45058
5.86437e+08 7.45058
5.86437e+08 37.2529
5.86437e+08 7.45058
5.86437e+08 7.45058
5.86437e+08 37.2529
5.86437e+08 7.45058
5.86437e+08 14.9012
5.86437e+08 14.9012
5.86437e+08 7.45058
5.86437e+08 7.45058
5.86437e+08 7.45058
5.86437e+08 7.45058
5.86437e+08 7.45058
5.86437e+08 7.45058
5.86437e+08 7.45058
5.86437e+08 7.45058
5.86437e+08 7.45058
5.86515e+08 78238.5
5.86515e+08 7.45058
5.86515e+08 7.45058
5.86515e+08 29.8023
5.86515e+08 1
5.86527e+08 11234.5
5.86527e+08 7.45058
5.86538e+08 11213.1
5.86538e+08 7.45058
5.86549e+08 11198.2
5.86549e+08 7.45058
5.86549e+08 7.45058
5.86549e+08 7.45058
5.8693e+08 380769
5.86952e+08 22396.4
5.86975e+08 22396.4
6.10453e+08 2.34781e+07
6.10453e+08 7.45058
6.10453e+08 14.9012
