2566 2000
6566 4000
14566 8000
30566 16000
62566 32000
126566 64000
254566 128000
510566 256000
1.02257e+06 512000
2.04657e+06 1.024e+06
4.09457e+06 2.048e+06
4.80342e+06 708858
4.80342e+06 1
8.35065e+06 3.54723e+06
8.35066e+06 7.45058
9.82012e+06 1.46945e+06
9.82012e+06 1
9.82014e+06 28.8023
1.1836e+07 2.0159e+06
1.1836e+07 7.45058
1.1836e+07 1
1.18361e+07 58.6046
1.43016e+07 2.46553e+06
1.43016e+07 7.45058
1.43016e+07 7.45058
1.43802e+07 78551.5
1.43802e+07 1
1.73575e+07 2.97725e+06
1.73575e+07 7.45058
1.73575e+07 7.45058
1.8224e+07 866506
1.82687e+07 44763.1
1.82687e+07 1
2.17843e+07 3.51561e+06
2.1885e+07 100620
2.19185e+07 33557.4
2.20863e+07 167765
2.2131e+07 44733.3
2.21757e+07 44710.9
2.21757e+07 1
2.59871e+07 3.81135e+06
2.61436e+07 156537
2.62107e+07 67092.5
2.74963e+07 1.28559e+06
2.78093e+07 313021
2.78205e+07 11190.8
2.78205e+07 22.3517
3.23503e+07 4.52979e+06
3.23503e+07 1
3.23727e+07 22388
3.23839e+07 11190.8
3.26075e+07 223607
3.26075e+07 7.45058
3.26075e+07 7.45058
3.26411e+07 33542.5
3.68579e+07 4.21686e+06
3.68803e+07 22359.2
3.68803e+07 1
3.70479e+07 167652
3.7048e+07 7.45058
3.82889e+07 1.24092e+06
3.83224e+07 33542.5
3.83336e+07 11190.8
3.84454e+07 111818
4.38737e+07 5.42827e+06
4.38849e+07 11190.8
4.39073e+07 22396.4
4.39073e+07 7.45058
4.39073e+07 1
4.39073e+07 6.45058
4.4008e+07 100672
4.4008e+07 7.45058
4.4008e+07 7.45058
4.4008e+07 7.45058
4.95766e+07 5.56858e+06
4.96101e+07 33550
4.96437e+07 33579.8
4.96437e+07 7.45058
4.96437e+07 22.3517
4.96437e+07 1
4.96437e+07 6.45058
5.06612e+07 1.01747e+06
5.07059e+07 44718.4
5.07395e+07 33564.9
5.07395e+07 14.9012
5.73334e+07 6.59385e+06
5.74005e+07 67159.5
5.74118e+07 11295.1
5.74119e+07 59.6046
5.74231e+07 11220.6
5.74231e+07 7.45058
5.74231e+07 7.45058
5.74231e+07 1
5.75461e+07 123030
5.75461e+07 7.45058
5.75797e+07 33557.4
5.76021e+07 22374.1
6.44333e+07 6.83122e+06
6.4668e+07 234716
6.48133e+07 145338
6.48469e+07 33550
6.48804e+07 33535.1
6.48804e+07 7.45058
6.48916e+07 11190.8
6.48916e+07 7.45058
6.48916e+07 1
6.53167e+07 425092
6.53279e+07 11213.1
6.53951e+07 67129.7
6.54174e+07 22374.1
7.30875e+07 7.6701e+06
7.31323e+07 44725.8
7.31323e+07 7.45058
7.31435e+07 11190.8
7.31547e+07 11190.8
7.3177e+07 22366.6
7.31882e+07 11183.3
7.31882e+07 7.45058
7.31882e+07 7.45058
7.31882e+07 1
7.34009e+07 212653
7.34345e+07 33579.8
7.34792e+07 44755.6
7.35799e+07 100642
8.1627e+07 8.04716e+06
8.17053e+07 78253.4
8.17165e+07 11198.2
8.17165e+07 7.45058
8.17165e+07 7.45058
8.17277e+07 11183.3
8.17277e+07 7.45058
8.175e+07 22359.2
8.17612e+07 11198.2
8.17613e+07 22.3517
8.22646e+07 503309
8.22646e+07 1
8.23205e+07 55915.6
8.23764e+07 55961.3
8.24548e+07 78350.3
9.10551e+07 8.60027e+06
9.10551e+07 7.45058
9.10663e+07 11183.3
9.10663e+07 7.45058
9.10774e+07 11183.3
9.10774e+07 7.45058
9.10775e+07 22.3517
9.10887e+07 11190.8
9.10887e+07 7.45058
9.10887e+07 7.45058
9.15583e+07 469632
9.15583e+07 7.45058
9.15583e+07 1
9.15919e+07 33549
9.17262e+07 134334
9.18268e+07 100635
1.00942e+08 9.11515e+06
1.00953e+08 11183.3
1.00964e+08 11183.3
1.00976e+08 11183.3
1.00976e+08 7.45058
1.00976e+08 7.45058
1.01043e+08 67099.9
1.01043e+08 29.8023
1.01043e+08 7.45058
1.01043e+08 7.45058
1.01412e+08 369184
1.0149e+08 78260.9
1.01568e+08 78268.3
1.01736e+08 167705
1.01736e+08 1
1.01937e+08 201299
1.0196e+08 22471
1.11571e+08 9.61105e+06
1.11571e+08 29.8023
1.11571e+08 7.45058
1.11571e+08 44.7035
1.11571e+08 7.45058
1.11571e+08 7.45058
1.11571e+08 14.9012
1.11593e+08 22374.1
1.11593e+08 7.45058
1.11593e+08 7.45058
1.1194e+08 346728
1.12041e+08 100605
1.12074e+08 33564.9
1.12074e+08 7.45058
1.12074e+08 7.45058
1.12074e+08 1
1.12276e+08 201299
1.12511e+08 234894
1.22624e+08 1.01133e+07
1.22657e+08 33564.9
1.22657e+08 7.45058
1.2268e+08 22381.5
1.2268e+08 7.45058
1.2268e+08 7.45058
1.22691e+08 11190.8
1.22713e+08 22381.5
1.22713e+08 7.45058
1.22736e+08 22366.6
1.23015e+08 279710
1.23049e+08 33550
1.23116e+08 67070.1
1.23183e+08 67062.7
1.23228e+08 44710.9
1.23261e+08 33572.3
1.23507e+08 246033
1.23507e+08 1
1.23709e+08 201373
1.34525e+08 1.08162e+07
1.34626e+08 100635
1.34626e+08 7.45058
1.34637e+08 11183.3
1.34637e+08 7.45058
1.34637e+08 7.45058
1.34637e+08 7.45058
1.34659e+08 22381.5
1.34659e+08 7.45058
1.34693e+08 33572.3
1.35062e+08 369020
1.35095e+08 33550
1.35129e+08 33550
1.35129e+08 7.45058
1.35129e+08 7.45058
1.35129e+08 7.45058
1.3514e+08 11183.3
1.35174e+08 33557.4
1.35174e+08 1
1.35353e+08 179104
1.46682e+08 1.13287e+07
1.46749e+08 67092.5
1.4676e+08 11198.2
1.46782e+08 22374.1
1.46782e+08 14.9012
1.46816e+08 33550
1.46827e+08 11190.8
1.46905e+08 78298.2
1.46905e+08 14.9012
1.47006e+08 100642
1.47207e+08 201359
1.47274e+08 67077.6
1.47308e+08 33550
1.47308e+08 7.45058
1.47308e+08 7.45058
1.47319e+08 11183.3
1.47319e+08 7.45058
1.47364e+08 44748.2
1.47453e+08 89421.9
1.47744e+08 290886
1.47744e+08 1
1.59821e+08 1.20767e+07
1.59832e+08 11198.2
1.59854e+08 22411.3
1.59866e+08 11198.2
1.59877e+08 11183.3
1.59877e+08 7.45058
1.59877e+08 7.45058
1.59899e+08 22381.5
1.59933e+08 33579.8
1.60056e+08 122979
1.60168e+08 111848
1.60168e+08 7.45058
1.60179e+08 11190.8
1.60246e+08 67070.1
1.60268e+08 22366.6
1.6028e+08 11198.2
1.60291e+08 11198.2
1.60302e+08 11183.3
1.60302e+08 7.45058
1.60559e+08 257283
1.6057e+08 11198.2
1.6057e+08 1
1.72615e+08 1.20441e+07
1.72626e+08 11198.2
1.7267e+08 44733.3
1.72704e+08 33542.5
1.72704e+08 7.45058
1.7276e+08 55901.7
1.7276e+08 7.45058
1.72793e+08 33572.3
1.72827e+08 33579.8
1.72861e+08 33639.4
1.72906e+08 44837.6
1.72906e+08 14.9012
1.73006e+08 100642
1.73017e+08 11228
1.7304e+08 22381.5
1.73107e+08 67085
1.7314e+08 33557.4
1.73163e+08 22359.2
1.73185e+08 22359.2
1.73565e+08 380166
1.73588e+08 22366.6
1.73588e+08 7.45058
1.86079e+08 1.24916e+07
1.86079e+08 1
1.86158e+08 78267.3
1.86202e+08 44725.8
1.86202e+08 7.45058
1.86202e+08 7.45058
1.86303e+08 100605
1.86303e+08 7.45058
1.86314e+08 11213.1
1.86359e+08 44778
1.86393e+08 33572.3
1.86404e+08 11265.3
1.86404e+08 7.45058
1.86516e+08 111900
1.86527e+08 11213.1
1.8656e+08 33557.4
1.86605e+08 44718.4
1.86661e+08 55901.7
1.86661e+08 29.8023
1.86661e+08 22.3517
1.87064e+08 402465
1.87064e+08 7.45058
1.87086e+08 22396.4
2.00002e+08 1.29163e+07
2.00025e+08 22374.1
2.00025e+08 1
2.00081e+08 55900.7
2.00092e+08 11190.8
2.00103e+08 11183.3
2.00103e+08 7.45058
2.00125e+08 22374.1
2.00148e+08 22366.6
2.00159e+08 11190.8
2.00349e+08 190049
2.00371e+08 22374.1
2.00416e+08 44740.7
2.00416e+08 7.45058
2.00506e+08 89578.3
2.00506e+08 59.6046
2.00506e+08 14.9012
2.00506e+08 14.9012
2.00595e+08 89474
2.0064e+08 44807.8
2.00696e+08 55886.8
2.01042e+08 346594
2.01042e+08 7.45058
2.01087e+08 44740.7
2.13412e+08 1.23252e+07
2.13468e+08 55894.3
2.13468e+08 7.45058
2.13692e+08 223532
2.13692e+08 1
2.13737e+08 44709.9
2.13871e+08 134125
2.13949e+08 78246
2.14541e+08 592351
2.14642e+08 100590
2.14664e+08 22359.2
2.14765e+08 100628
2.1481e+08 44725.8
2.14988e+08 178851
2.15033e+08 44733.3
2.15156e+08 123054
2.15179e+08 22396.4
2.15212e+08 33557.4
2.15212e+08 7.45058
2.15223e+08 11235.5
2.15268e+08 44815.2
2.15291e+08 22366.6
2.15693e+08 402540
2.15715e+08 22366.6
2.1576e+08 44718.4
2.2802e+08 1.22597e+07
2.28165e+08 145338
2.28433e+08 268273
2.28534e+08 100605
2.28534e+08 7.45058
2.28534e+08 1
2.28534e+08 6.45058
2.28746e+08 212356
2.2878e+08 33542.5
2.29059e+08 279404
2.29059e+08 7.45058
2.29059e+08 14.9012
2.29585e+08 525311
2.29685e+08 100598
2.2992e+08 234701
2.29942e+08 22366.6
2.30144e+08 201210
2.30244e+08 100613
2.30244e+08 14.9012
2.30244e+08 7.45058
2.30378e+08 134170
2.30591e+08 212528
2.30591e+08 7.45058
2.30893e+08 301994
2.30949e+08 55901.7
2.30971e+08 22389
2.43047e+08 1.20755e+07
2.4355e+08 503086
2.43773e+08 223607
2.43807e+08 33535.1
2.43807e+08 7.45058
2.43863e+08 55901.7
2.43874e+08 11183.3
2.43874e+08 1
2.43896e+08 22358.2
2.4412e+08 223525
2.4412e+08 7.45058
2.4412e+08 7.45058
2.44187e+08 67070.1
2.44377e+08 190012
2.44422e+08 44710.9
2.44578e+08 156477
2.44802e+08 223540
2.44936e+08 134133
2.45104e+08 167646
2.45215e+08 111766
2.45305e+08 89429.3
2.46087e+08 782393
2.46188e+08 100657
2.46188e+08 7.45058
2.46579e+08 391521
2.46613e+08 33550
2.46803e+08 190049
2.58692e+08 1.18891e+07
2.59173e+08 480868
2.59575e+08 402391
2.59642e+08 67070.1
2.59676e+08 33550
2.59765e+08 89414.4
2.59788e+08 22366.6
2.59844e+08 55894.3
2.59844e+08 1
2.59866e+08 22365.6
2.59922e+08 55931.5
2.59933e+08 11213.1
2.59933e+08 7.45058
2.59967e+08 33535.1
2.59978e+08 11190.8
2.59978e+08 7.45058
2.59989e+08 11190.8
2.60112e+08 122994
2.60201e+08 89451.7
2.60224e+08 22359.2
2.60224e+08 7.45058
2.60392e+08 167675
2.6161e+08 1.21826e+06
2.62023e+08 413552
2.62023e+08 7.45058
2.62784e+08 760227
2.62828e+08 44770.5
2.62963e+08 134230
2.75006e+08 1.20437e+07
2.75755e+08 749134
2.758e+08 44740.7
2.75867e+08 67070.1
2.75979e+08 111811
2.75979e+08 7.45058
2.76113e+08 134133
2.76113e+08 7.45058
2.76136e+08 22359.2
2.76214e+08 78260.9
2.76214e+08 1
2.7637e+08 156491
2.76605e+08 234798
2.76605e+08 7.45058
2.76605e+08 7.45058
2.76605e+08 7.45058
2.76605e+08 7.45058
2.76605e+08 7.45058
2.76661e+08 55894.3
2.7675e+08 89451.7
2.76773e+08 22366.6
2.76806e+08 33557.4
2.76874e+08 67167
2.77243e+08 369057
2.77433e+08 190027
2.77433e+08 7.45058
2.79668e+08 2.23544e+06
2.79691e+08 22441.1
2.7978e+08 89459.1
2.92038e+08 1.22584e+07
2.9272e+08 681847
2.92765e+08 44770.5
2.92765e+08 7.45058
2.92787e+08 22381.5
2.92821e+08 33564.9
2.9291e+08 89451.7
2.9291e+08 7.45058
2.92933e+08 22359.2
2.92955e+08 22359.2
2.92955e+08 7.45058
2.92955e+08 1
2.93056e+08 100597
2.93145e+08 89474
2.93145e+08 22.3517
2.93145e+08 7.45058
2.93235e+08 89444.2
2.93235e+08 7.45058
2.93279e+08 44733.3
2.93291e+08 11190.8
2.93347e+08 55931.5
2.9338e+08 33542.5
2.93481e+08 100620
2.93704e+08 223562
2.94487e+08 782579
2.94643e+08 156544
2.94655e+08 11213.1
2.95929e+08 1.2745e+06
2.96711e+08 782408
2.97214e+08 502996
3.09417e+08 1.22029e+07
3.10278e+08 860587
3.10535e+08 257090
3.10535e+08 7.45058
3.10557e+08 22359.2
3.1058e+08 22366.6
3.10759e+08 178844
3.10759e+08 7.45058
3.10759e+08 7.45058
3.10759e+08 7.45058
3.10759e+08 7.45058
3.10815e+08 55924.1
3.10815e+08 22.3517
3.10815e+08 1
3.10882e+08 67091.5
3.10882e+08 7.45058
3.10882e+08 7.45058
3.10949e+08 67077.6
3.10949e+08 7.45058
3.10971e+08 22366.6
3.10982e+08 11183.3
3.10994e+08 11183.3
3.11061e+08 67062.7
3.11128e+08 67070.1
3.11161e+08 33557.4
3.11676e+08 514299
3.12e+08 324212
3.12201e+08 201195
3.13733e+08 1.53176e+06
3.13934e+08 201173
3.14392e+08 458226
3.27748e+08 1.33559e+07
3.28318e+08 569992
3.28575e+08 257052
3.28787e+08 212379
3.28821e+08 33535.1
3.28843e+08 22359.2
3.29112e+08 268266
3.29134e+08 22359.2
3.29134e+08 7.45058
3.29156e+08 22359.2
3.29156e+08 7.45058
3.29235e+08 78246
3.29257e+08 22359.2
3.29302e+08 44710.9
3.29302e+08 1
3.29413e+08 111788
3.29447e+08 33535.1
3.29447e+08 7.45058
3.29469e+08 22389
3.29469e+08 7.45058
3.29548e+08 78238.5
3.29548e+08 7.45058
3.29548e+08 7.45058
3.2957e+08 22366.6
3.29615e+08 44718.4
3.29626e+08 11198.2
3.30017e+08 391245
3.3033e+08 312999
3.30431e+08 100605
3.32242e+08 1.81136e+06
3.32242e+08 7.45058
3.32309e+08 67062.7
3.47676e+08 1.53671e+07
3.48157e+08 480585
3.48213e+08 55886.8
3.48358e+08 145301
3.48358e+08 7.45058
3.48358e+08 7.45058
3.48615e+08 257082
3.48615e+08 7.45058
3.48626e+08 11205.7
3.48637e+08 11183.3
3.48671e+08 33535.1
3.48705e+08 33535.1
3.48705e+08 7.45058
3.4885e+08 145301
3.4885e+08 7.45058
3.48883e+08 33535.1
3.48883e+08 1
3.48883e+08 6.45058
3.48883e+08 7.45058
3.48962e+08 78275.8
3.48962e+08 7.45058
3.48962e+08 7.45058
3.48973e+08 11183.3
3.49006e+08 33535.1
3.49029e+08 22359.2
3.49029e+08 7.45058
3.49118e+08 89421.9
3.49398e+08 279494
3.4942e+08 22463.5
3.4951e+08 89436.8
3.51947e+08 2.43712e+06
3.52014e+08 67062.7
3.5207e+08 55894.3
3.67493e+08 1.54232e+07
3.6756e+08 67070.1
3.68029e+08 469394
3.68197e+08 167646
3.68286e+08 89414.4
3.68286e+08 7.45058
3.68465e+08 178821
3.68543e+08 78246
3.68611e+08 67092.5
3.68622e+08 11183.3
3.68622e+08 7.45058
3.68678e+08 55901.7
3.68678e+08 7.45058
3.68789e+08 111774
3.68823e+08 33535.1
3.68823e+08 7.45058
3.68823e+08 7.45058
3.68823e+08 1
3.68823e+08 6.45058
3.68834e+08 11190.8
3.6889e+08 55886.8
3.68935e+08 44733.3
3.68968e+08 33535.1
3.68968e+08 7.45058
3.68968e+08 7.45058
3.68991e+08 22359.2
3.69035e+08 44710.9
3.69047e+08 11183.3
3.69348e+08 301875
3.69393e+08 44874.8
3.69639e+08 245959
3.72937e+08 3.29752e+06
3.73071e+08 134140
3.73071e+08 7.45058
3.89142e+08 1.60714e+07
3.89142e+08 7.45058
3.89142e+08 7.45058
3.89142e+08 7.45058
3.89142e+08 7.45058
3.89154e+08 11183.3
3.89165e+08 11183.3
3.89243e+08 78238.5
3.89377e+08 134163
3.89377e+08 7.45058
3.89422e+08 44710.9
3.8959e+08 167720
3.8959e+08 14.9012
3.89601e+08 11183.3
3.89623e+08 22389
3.89623e+08 7.45058
3.89623e+08 7.45058
3.89646e+08 22374.1
3.89701e+08 55901.7
3.89701e+08 1
3.89701e+08 6.45058
3.89701e+08 7.45058
3.89724e+08 22374.1
3.89724e+08 7.45058
3.89735e+08 11183.3
3.89735e+08 7.45058
3.89735e+08 7.45058
3.89791e+08 55886.8
3.89791e+08 7.45058
3.89847e+08 55968.8
3.90115e+08 268385
3.90428e+08 312999
3.93826e+08 3.39802e+06
3.93972e+08 145301
3.93972e+08 7.45058
4.10203e+08 1.62311e+07
4.10236e+08 33535.1
4.10247e+08 11198.2
4.10247e+08 7.45058
4.1027e+08 22359.2
4.1027e+08 7.45058
4.1027e+08 7.45058
4.10426e+08 156507
4.10661e+08 234723
4.10661e+08 7.45058
4.10672e+08 11205.7
4.10706e+08 33550
4.10728e+08 22374.1
4.10739e+08 11190.8
4.10762e+08 22366.6
4.10762e+08 7.45058
4.10762e+08 7.45058
4.10762e+08 7.45058
4.10762e+08 7.45058
4.10784e+08 22366.6
4.10784e+08 1
4.10784e+08 6.45058
4.10784e+08 7.45058
4.10829e+08 44725.8
4.1084e+08 11220.6
4.1084e+08 7.45058
4.10851e+08 11213.1
4.10851e+08 7.45058
4.10851e+08 7.45058
4.10863e+08 11183.3
4.11008e+08 145368
4.11433e+08 424780
4.11578e+08 145338
4.14976e+08 3.39799e+06
4.14976e+08 7.45058
4.15043e+08 67077.6
4.31976e+08 1.69333e+07
4.31999e+08 22359.2
4.32021e+08 22374.1
4.32055e+08 33542.5
4.32111e+08 55886.8
4.32122e+08 11183.3
4.32155e+08 33542.5
4.32166e+08 11190.8
4.32278e+08 111811
4.32334e+08 55909.2
4.32334e+08 22.3517
4.32334e+08 7.45058
4.32357e+08 22381.5
4.32368e+08 11183.3
4.32368e+08 7.45058
4.32379e+08 11190.8
4.32379e+08 7.45058
4.32379e+08 7.45058
4.32424e+08 44710.9
4.32424e+08 7.45058
4.32424e+08 7.45058
4.32424e+08 7.45058
4.32424e+08 1
4.32424e+08 6.45058
4.32502e+08 78253.4
4.32558e+08 55901.7
4.3258e+08 22366.6
4.32603e+08 22366.6
4.32636e+08 33535.1
4.32636e+08 7.45058
4.32636e+08 7.45058
4.33039e+08 402428
4.33251e+08 212438
4.33486e+08 234723
4.36716e+08 3.23033e+06
4.36716e+08 7.45058
4.36716e+08 7.45058
4.53974e+08 1.72578e+07
4.53974e+08 7.45058
4.54052e+08 78260.9
4.54097e+08 44710.9
4.54142e+08 44710.9
4.54164e+08 22359.2
4.54231e+08 67099.9
4.54276e+08 44710.9
4.54388e+08 111774
4.54399e+08 11190.8
4.54443e+08 44718.4
4.54443e+08 7.45058
4.54455e+08 11183.3
4.54477e+08 22359.2
4.54477e+08 7.45058
4.54511e+08 33535.1
4.54511e+08 7.45058
4.54511e+08 7.45058
4.54511e+08 7.45058
4.54511e+08 7.45058
4.54511e+08 7.45058
4.54511e+08 7.45058
4.54511e+08 7.45058
4.54511e+08 1
4.54555e+08 44709.9
4.54555e+08 7.45058
4.54645e+08 89421.9
4.54656e+08 11183.3
4.54701e+08 44710.9
4.54701e+08 7.45058
4.54701e+08 7.45058
4.54712e+08 11183.3
4.54913e+08 201322
4.55371e+08 458345
4.55483e+08 111781
4.58747e+08 3.26373e+06
4.58836e+08 89421.9
4.5887e+08 33542.5
4.76743e+08 1.7873e+07
4.76743e+08 7.45058
4.76765e+08 22359.2
4.76788e+08 22366.6
4.76788e+08 7.45058
4.76788e+08 7.45058
4.77022e+08 234701
4.77022e+08 7.45058
4.77034e+08 11183.3
4.77089e+08 55886.8
4.77112e+08 22366.6
4.77168e+08 55886.8
4.77168e+08 7.45058
4.77168e+08 7.45058
4.7719e+08 22359.2
4.7719e+08 7.45058
4.7719e+08 7.45058
4.77201e+08 11190.8
4.77235e+08 33550
4.77257e+08 22366.6
4.77257e+08 7.45058
4.7728e+08 22366.6
4.7728e+08 7.45058
4.77324e+08 44710.9
4.77324e+08 1
4.77347e+08 22358.2
4.77347e+08 7.45058
4.77358e+08 11183.3
4.7738e+08 22359.2
4.77414e+08 33535.1
4.77458e+08 44718.4
4.77503e+08 44748.2
4.77503e+08 7.45058
4.77682e+08 178970
4.78342e+08 659488
4.78554e+08 212356
4.80633e+08 2.079e+06
4.80734e+08 100590
4.8079e+08 55894.3
4.99803e+08 1.90134e+07
4.99848e+08 44710.9
4.99859e+08 11183.3
5.00172e+08 312939
5.00172e+08 7.45058
5.00194e+08 22359.2
5.00194e+08 7.45058
5.00194e+08 7.45058
5.00194e+08 7.45058
5.00194e+08 7.45058
5.00239e+08 44718.4
5.00261e+08 22359.2
5.00261e+08 7.45058
5.00261e+08 7.45058
5.00261e+08 7.45058
5.00272e+08 11183.3
5.00272e+08 7.45058
5.00272e+08 7.45058
5.00272e+08 7.45058
5.00272e+08 7.45058
5.00273e+08 7.45058
5.00351e+08 78238.5
5.00351e+08 7.45058
5.00351e+08 7.45058
5.00351e+08 7.45058
5.00351e+08 7.45058
5.00351e+08 1
5.00351e+08 6.45058
5.00351e+08 7.45058
5.00351e+08 7.45058
5.00485e+08 134125
5.00552e+08 67070.1
5.00619e+08 67107.4
5.00619e+08 7.45058
5.00988e+08 368968
5.01726e+08 737727
5.01882e+08 156492
5.03257e+08 1.37491e+06
5.0338e+08 122957
5.03425e+08 44718.4
5.24082e+08 2.06566e+07
5.24082e+08 7.45058
5.24137e+08 55886.8
5.2416e+08 22359.2
5.24193e+08 33535.1
5.24305e+08 111774
5.24305e+08 7.45058
5.24305e+08 7.45058
5.24339e+08 33535.1
5.2435e+08 11190.8
5.24372e+08 22359.2
5.24395e+08 22374.1
5.24417e+08 22366.6
5.24417e+08 7.45058
5.24417e+08 14.9012
5.24417e+08 7.45058
5.2445e+08 33535.1
5.2445e+08 7.45058
5.2445e+08 7.45058
5.24451e+08 7.45058
5.24451e+08 7.45058
5.24451e+08 7.45058
5.24451e+08 7.45058
5.24451e+08 7.45058
5.24451e+08 7.45058
5.24451e+08 7.45058
5.24451e+08 7.45058
5.24451e+08 1
5.24462e+08 11189.8
5.24462e+08 14.9012
5.24473e+08 11220.6
5.24585e+08 111848
5.24719e+08 134140
5.24775e+08 55901.7
5.24808e+08 33535.1
5.25222e+08 413604
5.25636e+08 413544
5.26261e+08 625901
5.272e+08 938974
5.27335e+08 134170
5.27346e+08 11198.2
5.46628e+08 1.92824e+07
5.46628e+08 7.45058
5.46841e+08 212356
5.47053e+08 212349
5.47265e+08 212371
5.47433e+08 167646
5.47433e+08 7.45058
5.475e+08 67070.1
5.475e+08 7.45058
5.47668e+08 167646
5.47902e+08 234716
5.48171e+08 268228
5.48215e+08 44710.9
5.48238e+08 22359.2
5.48238e+08 7.45058
5.48238e+08 7.45058
5.48282e+08 44718.4
5.48439e+08 156492
5.48484e+08 44718.4
5.48484e+08 7.45058
5.48495e+08 11198.2
5.48495e+08 7.45058
5.48495e+08 7.45058
5.48517e+08 22366.6
5.48517e+08 7.45058
5.48517e+08 7.45058
5.48517e+08 7.45058
5.48517e+08 7.45058
5.48517e+08 7.45058
5.48517e+08 1
5.48517e+08 6.45058
5.48551e+08 33542.5
5.48797e+08 245959
5.48841e+08 44725.8
5.48886e+08 44710.9
5.48886e+08 7.45058
5.49009e+08 122972
5.49099e+08 89436.8
5.4968e+08 581190
5.51759e+08 2.07893e+06
5.51904e+08 145398
5.52251e+08 346527
5.73545e+08 2.12946e+07
5.73568e+08 22366.6
5.73579e+08 11190.8
5.73579e+08 7.45058
5.73624e+08 44755.6
5.73624e+08 7.45058
5.73657e+08 33535.1
5.73702e+08 44710.9
5.73702e+08 7.45058
5.73702e+08 7.45058
5.73724e+08 22359.2
5.73724e+08 7.45058
5.73747e+08 22359.2
5.73747e+08 7.45058
5.73769e+08 22359.2
5.7378e+08 11183.3
5.73802e+08 22359.2
5.73847e+08 44710.9
5.73847e+08 7.45058
5.73847e+08 7.45058
5.73847e+08 7.45058
5.73847e+08 7.45058
5.73847e+08 7.45058
5.73881e+08 33535.1
5.73881e+08 7.45058
5.73881e+08 7.45058
5.73892e+08 11183.3
5.73892e+08 7.45058
5.73892e+08 7.45058
5.73892e+08 7.45058
5.73892e+08 1
5.73903e+08 11182.3
5.73903e+08 7.45058
5.73948e+08 44710.9
5.7397e+08 22359.2
5.7397e+08 7.45058
5.7397e+08 7.45058
5.74082e+08 111766
5.74283e+08 201181
5.7444e+08 156470
5.76429e+08 1.98945e+06
5.76887e+08 458278
5.771e+08 212364
5.98585e+08 2.14852e+07
5.98641e+08 55894.3
5.98797e+08 156470
5.98864e+08 67062.7
5.99088e+08 223525
5.99088e+08 7.45058
5.99088e+08 7.45058
5.99088e+08 7.45058
5.99121e+08 33535.1
5.99133e+08 11183.3
5.99144e+08 11183.3
5.99166e+08 22359.2
5.99189e+08 22359.2
5.992e+08 11183.3
5.99211e+08 11183.3
5.99211e+08 7.45058
5.99211e+08 7.45058
5.99233e+08 22359.2
5.99233e+08 7.45058
5.99233e+08 7.45058
5.99233e+08 7.45058
5.99233e+08 7.45058
5.99233e+08 7.45058
5.99233e+08 7.45058
5.99233e+08 7.45058
5.99245e+08 11183.3
5.99245e+08 7.45058
5.99245e+08 7.45058
5.99256e+08 11183.3
5.99256e+08 7.45058
5.99256e+08 7.45058
5.99256e+08 7.45058
5.99256e+08 1
5.99256e+08 6.45058
5.99256e+08 14.9012
5.99256e+08 7.45058
5.99256e+08 7.45058
5.99256e+08 7.45058
5.99278e+08 22359.2
5.99345e+08 67062.7
5.9939e+08 44710.9
6.01726e+08 2.33585e+06
6.02687e+08 961237
6.0281e+08 122949
6.20466e+08 1.76558e+07
6.20484e+08 18471.7
6.20495e+08 11183.3
