2116 2000
6116 4000
14116 8000
30116 16000
62116 32000
126116 64000
254116 128000
510116 256000
1.02212e+06 512000
2.04612e+06 1.024e+06
3.59822e+06 1.5521e+06
3.59822e+06 1
8.29569e+06 4.69748e+06
8.29571e+06 14.9012
9.93854e+06 1.64283e+06
9.93854e+06 1
9.93855e+06 6.45058
1.1721e+07 1.78247e+06
1.1721e+07 7.45058
1.1721e+07 1
1.1721e+07 6.45058
1.51309e+07 3.40991e+06
1.5131e+07 7.45058
1.51421e+07 11198.2
1.51646e+07 22426.2
1.51646e+07 1
1.82485e+07 3.08395e+06
1.82485e+07 7.45058
1.82485e+07 7.45058
1.8271e+07 22448.6
1.8271e+07 7.45058
1.8271e+07 1
2.27225e+07 4.45152e+06
2.27226e+07 59.6046
2.27226e+07 14.9012
2.2745e+07 22448.6
2.27451e+07 22.3517
2.27675e+07 22389
2.27675e+07 1
2.69036e+07 4.13619e+06
2.69037e+07 96.8575
2.69038e+07 7.45058
2.69485e+07 44770.5
2.69485e+07 7.45058
2.69598e+07 11228
2.69598e+07 7.45058
3.13344e+07 4.37468e+06
3.13344e+07 1
3.13345e+07 80.9564
3.13345e+07 7.45058
3.14241e+07 89518.7
3.14352e+07 11183.3
3.14464e+07 11190.8
3.14464e+07 7.45058
3.62638e+07 4.81733e+06
3.62638e+07 7.45058
3.62638e+07 1
3.63198e+07 56019.9
3.63198e+07 14.9012
3.63534e+07 33631.9
3.63534e+07 7.45058
3.63535e+07 67.0552
3.63535e+07 37.2529
4.18781e+07 5.52459e+06
4.18781e+07 7.45058
4.18893e+07 11183.3
4.19006e+07 11295.1
4.19006e+07 1
4.19007e+07 66.0552
4.19008e+07 104.308
4.19008e+07 7.45058
4.19009e+07 104.308
4.19457e+07 44763.1
4.79168e+07 5.97111e+06
4.79168e+07 7.45058
4.79168e+07 7.45058
4.80847e+07 167884
4.80847e+07 7.45058
4.80847e+07 1
4.80848e+07 103.308
4.80849e+07 134.11
4.80849e+07 7.45058
4.81633e+07 78320.5
4.81968e+07 33557.4
5.46992e+07 6.50243e+06
5.46992e+07 7.45058
5.47105e+07 11228
5.48225e+07 112049
5.48225e+07 7.45058
5.48225e+07 7.45058
5.48227e+07 134.11
5.48227e+07 1
5.4834e+07 11301.5
5.4834e+07 22.3517
5.48453e+07 11272.7
5.48677e+07 22403.9
6.21415e+07 7.2738e+06
6.21415e+07 7.45058
6.21974e+07 55953.9
6.2287e+07 89570.9
6.2287e+07 7.45058
6.2287e+07 7.45058
6.23319e+07 44867.4
6.23543e+07 22374.1
6.23543e+07 1
6.24439e+07 89636.9
6.24663e+07 22396.4
6.24664e+07 81.9564
6.25e+07 33587.2
6.98239e+07 7.32395e+06
6.98463e+07 22366.6
6.99471e+07 100777
6.99697e+07 22605.1
6.99697e+07 7.45058
6.99697e+07 7.45058
7.00034e+07 33699
7.00146e+07 11183.3
7.00146e+07 7.45058
7.00146e+07 1
7.01378e+07 123217
7.02049e+07 67144.6
7.0205e+07 96.8575
7.02051e+07 37.2529
7.86475e+07 8.44243e+06
7.86475e+07 7.45058
7.87146e+07 67114.8
7.87818e+07 67159.5
7.8793e+07 11183.3
7.88153e+07 22389
7.88379e+07 22552.9
7.88379e+07 7.45058
7.88379e+07 7.45058
7.88379e+07 14.9012
7.90283e+07 190355
7.90283e+07 1
7.91737e+07 145367
7.92184e+07 44785.4
7.9252e+07 33579.8
8.75706e+07 8.31854e+06
8.75818e+07 11198.2
8.76489e+07 67152.1
8.7649e+07 89.407
8.7649e+07 14.9012
8.76602e+07 11190.8
8.76829e+07 22649.8
8.76829e+07 7.45058
8.76829e+07 7.45058
8.76829e+07 7.45058
8.7985e+07 302173
8.79851e+07 7.45058
8.79851e+07 1
8.79963e+07 11212.1
8.80188e+07 22500.8
8.80524e+07 33587.2
9.77443e+07 9.69192e+06
9.77443e+07 14.9012
9.77443e+07 7.45058
9.77779e+07 33572.3
9.77779e+07 7.45058
9.77779e+07 7.45058
9.79011e+07 123248
9.79011e+07 7.45058
9.79123e+07 11183.3
9.79123e+07 7.45058
9.81251e+07 212766
9.81251e+07 7.45058
9.81475e+07 22374.1
9.81922e+07 44748.2
9.81922e+07 1
9.82147e+07 22492.3
9.8226e+07 11272.7
1.07742e+08 9.51586e+06
1.07764e+08 22396.4
1.07764e+08 7.45058
1.07798e+08 33646.8
1.07798e+08 7.45058
1.07798e+08 7.45058
1.07944e+08 145689
1.07944e+08 7.45058
1.07944e+08 7.45058
1.07944e+08 7.45058
1.0819e+08 246316
1.08212e+08 22374.1
1.08235e+08 22389
1.08235e+08 44.7035
1.08235e+08 7.45058
1.08235e+08 1
1.08268e+08 33638.4
1.08347e+08 78335.4
1.18992e+08 1.06454e+07
1.18992e+08 7.45058
1.18992e+08 22.3517
1.19071e+08 78477
1.19093e+08 22366.6
1.19093e+08 14.9012
1.19149e+08 56132.7
1.19149e+08 7.45058
1.1916e+08 11183.3
1.19172e+08 11190.8
1.19317e+08 145786
1.19317e+08 7.45058
1.19351e+08 33557.4
1.19373e+08 22359.2
1.19384e+08 11205.7
1.19452e+08 67122.3
1.19541e+08 89503.8
1.19541e+08 1
1.19631e+08 89510.3
1.30316e+08 1.0685e+07
1.30316e+08 7.45058
1.30349e+08 33535.1
1.30428e+08 78603.6
1.30428e+08 7.45058
1.30428e+08 22.3517
1.30484e+08 56088
1.30484e+08 7.45058
1.30484e+08 7.45058
1.30484e+08 22.3517
1.30842e+08 358216
1.30842e+08 7.45058
1.30853e+08 11220.6
1.30853e+08 7.45058
1.30853e+08 37.2529
1.30853e+08 29.8023
1.30887e+08 33594.7
1.30887e+08 7.45058
1.30887e+08 1
1.30965e+08 78453.6
1.42494e+08 1.15281e+07
1.42494e+08 7.45058
1.42494e+08 7.45058
1.42639e+08 145674
1.42639e+08 7.45058
1.42639e+08 37.2529
1.42706e+08 67181.9
1.42706e+08 7.45058
1.42706e+08 7.45058
1.42707e+08 37.2529
1.42987e+08 280030
1.42987e+08 7.45058
1.4311e+08 122979
1.43121e+08 11205.7
1.43165e+08 44763.1
1.43165e+08 7.45058
1.43177e+08 11272.7
1.43177e+08 7.45058
1.43177e+08 7.45058
1.43266e+08 89660.3
1.43266e+08 1
1.55229e+08 1.19621e+07
1.55229e+08 14.9012
1.55229e+08 7.45058
1.55341e+08 112183
1.55352e+08 11213.1
1.55363e+08 11235.5
1.55442e+08 78424.8
1.55464e+08 22381.5
1.55464e+08 7.45058
1.55464e+08 126.66
1.55833e+08 369273
1.55833e+08 14.9012
1.55833e+08 52.1541
1.55856e+08 22359.2
1.55856e+08 29.8023
1.55856e+08 7.45058
1.55923e+08 67196.8
1.55923e+08 7.45058
1.55923e+08 7.45058
1.56136e+08 212699
1.56136e+08 7.45058
1.56136e+08 1
1.68818e+08 1.26822e+07
1.68818e+08 7.45058
1.68818e+08 7.45058
1.68919e+08 100963
1.68919e+08 14.9012
1.68975e+08 55953.9
1.69054e+08 78581.3
1.69054e+08 29.8023
1.69054e+08 7.45058
1.69098e+08 44778
1.69412e+08 313297
1.69445e+08 33557.4
1.6949e+08 44733.3
1.6949e+08 7.45058
1.6949e+08 7.45058
1.6949e+08 7.45058
1.69557e+08 67375.6
1.69557e+08 7.45058
1.69569e+08 11190.8
1.6996e+08 391454
1.69971e+08 11183.3
1.69971e+08 7.45058
1.8191e+08 1.19393e+07
1.8191e+08 1
1.81922e+08 11182.3
1.81922e+08 7.45058
1.8209e+08 168197
1.82101e+08 11183.3
1.82101e+08 59.6046
1.82314e+08 212662
1.82314e+08 37.2529
1.82314e+08 7.45058
1.82325e+08 11310
1.82627e+08 302039
1.82627e+08 7.45058
1.82739e+08 111870
1.82739e+08 7.45058
1.82739e+08 7.45058
1.82739e+08 7.45058
1.82929e+08 190258
1.82929e+08 7.45058
1.82952e+08 22374.1
1.83153e+08 201404
1.83175e+08 22366.6
1.83175e+08 37.2529
1.95926e+08 1.27505e+07
1.95926e+08 22.3517
1.95926e+08 1
1.95926e+08 6.45058
1.95926e+08 14.9012
1.96094e+08 168167
1.96105e+08 11220.6
1.96105e+08 7.45058
1.96385e+08 279807
1.96385e+08 14.9012
1.96385e+08 7.45058
1.96396e+08 11213.1
1.9681e+08 413850
1.9681e+08 7.45058
1.96911e+08 100672
1.96922e+08 11198.2
1.96933e+08 11220.6
1.96933e+08 7.45058
1.97023e+08 89637.9
1.97023e+08 7.45058
1.97023e+08 59.6046
1.97258e+08 234976
1.97258e+08 7.45058
1.9728e+08 22381.5
2.10484e+08 1.32031e+07
2.10506e+08 22374.1
2.10517e+08 11220.6
2.1054e+08 22471
2.1054e+08 1
2.1054e+08 88.407
2.10842e+08 302330
2.10842e+08 37.2529
2.10842e+08 29.8023
2.11211e+08 369236
2.11223e+08 11183.3
2.11223e+08 7.45058
2.11234e+08 11183.3
2.11547e+08 313371
2.11547e+08 7.45058
2.11558e+08 11250.4
2.11558e+08 52.1541
2.11558e+08 22.3517
2.11558e+08 7.45058
2.11648e+08 89518.7
2.11648e+08 22.3517
2.1176e+08 111826
2.12207e+08 447422
2.12218e+08 11183.3
2.12241e+08 22374.1
2.25571e+08 1.333e+07
2.25571e+08 14.9012
2.25571e+08 37.2529
2.25571e+08 44.7035
2.25571e+08 7.45058
2.25571e+08 1
2.25605e+08 33623.5
2.25963e+08 358298
2.25985e+08 22374.1
2.26086e+08 100687
2.26556e+08 469662
2.26556e+08 7.45058
2.26556e+08 7.45058
2.26556e+08 7.45058
2.26701e+08 145830
2.26701e+08 14.9012
2.26713e+08 11235.5
2.26746e+08 33564.9
2.26746e+08 22.3517
2.26757e+08 11183.3
2.26892e+08 134178
2.26914e+08 22403.9
2.26936e+08 22381.5
2.27518e+08 581518
2.27529e+08 11190.8
2.27607e+08 78260.9
2.41356e+08 1.37482e+07
2.41356e+08 7.45058
2.41356e+08 7.45058
2.41378e+08 22381.5
2.41378e+08 7.45058
2.41378e+08 7.45058
2.41378e+08 111.759
2.41378e+08 1
2.42105e+08 727146
2.4215e+08 44740.7
2.42172e+08 22448.6
2.4224e+08 67263.8
2.4224e+08 7.45058
2.4224e+08 22.3517
2.4224e+08 22.3517
2.42542e+08 302270
2.42542e+08 29.8023
2.42576e+08 33572.3
2.42587e+08 11213.1
2.42643e+08 55939
2.42654e+08 11198.2
2.42721e+08 67107.4
2.42833e+08 111841
2.42934e+08 100598
2.43537e+08 603825
2.43537e+08 7.45058
2.43549e+08 11205.7
2.58026e+08 1.44779e+07
2.58026e+08 7.45058
2.58027e+08 7.45058
2.58038e+08 11190.8
2.58038e+08 7.45058
2.58071e+08 33550
2.58161e+08 89466.6
2.58161e+08 7.45058
2.58161e+08 1
2.58485e+08 324658
2.58497e+08 11220.6
2.58497e+08 44.7035
2.58519e+08 22538
2.58519e+08 44.7035
2.58519e+08 59.6046
2.58519e+08 29.8023
2.58989e+08 469863
2.59034e+08 44740.7
2.59112e+08 78275.8
2.59168e+08 55901.7
2.59202e+08 33557.4
2.59246e+08 44725.8
2.59291e+08 44740.7
2.59403e+08 111856
2.59492e+08 89459.1
2.60242e+08 749156
2.60242e+08 7.45058
2.60242e+08 52.1541
2.75266e+08 1.50247e+07
2.75266e+08 7.45058
2.75266e+08 29.8023
2.75278e+08 11198.2
2.753e+08 22374.1
2.75311e+08 11183.3
2.75311e+08 14.9012
2.75311e+08 29.8023
2.75311e+08 7.45058
2.75356e+08 45061.1
2.75356e+08 1
2.75356e+08 58.6046
2.75356e+08 74.5058
2.75357e+08 126.66
2.7539e+08 33587.2
2.75424e+08 33572.3
2.75524e+08 100695
2.76184e+08 659809
2.76207e+08 22389
2.76296e+08 89459.1
2.76307e+08 11213.1
2.76419e+08 111789
2.76464e+08 44718.4
2.76475e+08 11183.3
2.76553e+08 78275.8
2.76587e+08 33579.8
2.77529e+08 942547
2.7755e+08 20235.4
2.77638e+08 88717.5
2.9278e+08 1.51413e+07
2.9278e+08 7.45058
2.9278e+08 7.45058
2.9278e+08 7.45058
2.9278e+08 14.9012
2.9278e+08 14.9012
2.9278e+08 7.45058
2.92791e+08 11205.7
2.92791e+08 7.45058
2.92791e+08 186.265
2.92791e+08 14.9012
2.92791e+08 1
2.92791e+08 66.0552
2.92791e+08 74.5058
2.92903e+08 111863
2.93048e+08 145398
2.93239e+08 190094
2.93283e+08 44785.4
2.93809e+08 525594
2.93854e+08 44748.2
2.94044e+08 190035
2.94055e+08 11205.7
2.94055e+08 14.9012
2.94066e+08 11183.3
2.94144e+08 78253.4
2.94279e+08 134133
2.9439e+08 111908
2.95702e+08 1.31145e+06
2.95814e+08 111848
2.95881e+08 67226.6
3.10877e+08 1.49961e+07
3.10877e+08 7.45058
3.10877e+08 7.45058
3.10877e+08 7.45058
3.10877e+08 7.45058
3.10877e+08 14.9012
3.10877e+08 7.45058
3.10877e+08 7.45058
3.10877e+08 7.45058
3.10877e+08 96.8575
3.10877e+08 37.2529
3.10888e+08 11213.1
3.10922e+08 33594.7
3.10922e+08 1
3.11112e+08 190115
3.11369e+08 257246
3.11437e+08 67099.9
3.11604e+08 167802
3.1175e+08 145324
3.12186e+08 436075
3.12264e+08 78238.5
3.12365e+08 100613
3.1242e+08 55894.3
3.12443e+08 22366.6
3.12499e+08 55916.6
3.12521e+08 22411.3
3.12532e+08 11220.6
3.12882e+08 349408
3.14948e+08 2.06615e+06
3.15138e+08 190005
3.17932e+08 2.79415e+06
3.29587e+08 1.16545e+07
3.29598e+08 11190.8
3.29609e+08 11190.8
3.29609e+08 7.45058
3.29609e+08 14.9012
3.29609e+08 7.45058
3.29609e+08 14.9012
3.29609e+08 7.45058
3.29609e+08 7.45058
3.2962e+08 11220.6
3.2962e+08 29.8023
3.2971e+08 89466.6
3.29799e+08 89474
3.29822e+08 22381.5
3.29822e+08 1
3.3009e+08 268436
3.30235e+08 145473
3.30236e+08 29.8023
3.3056e+08 324182
3.30649e+08 89481.5
3.31141e+08 491872
3.31208e+08 67077.6
3.31275e+08 67167
3.31275e+08 7.45058
3.31275e+08 44.7035
3.3132e+08 44763.1
3.31499e+08 178970
3.3151e+08 11183.3
3.3221e+08 700065
3.40258e+08 8.04783e+06
3.40258e+08 7.45058
3.42326e+08 2.0677e+06
3.49086e+08 6.75964e+06
3.49108e+08 22366.6
3.49108e+08 7.45058
3.49108e+08 22.3517
3.49108e+08 7.45058
3.49119e+08 11183.3
3.4913e+08 11183.3
3.4913e+08 7.45058
3.4913e+08 7.45058
3.49142e+08 11205.7
3.49153e+08 11190.8
3.49175e+08 22396.4
3.49455e+08 279568
3.49511e+08 55931.5
3.49522e+08 11205.7
3.496e+08 78417.4
3.496e+08 1
3.49846e+08 245980
3.49846e+08 37.2529
3.50137e+08 290617
3.50405e+08 268288
3.50606e+08 201322
3.5064e+08 33587.2
3.5092e+08 279628
3.50931e+08 11183.3
3.50953e+08 22403.9
3.51068e+08 115178
3.51478e+08 409264
3.51478e+08 7.45058
3.52134e+08 656637
3.62376e+08 1.02417e+07
3.62387e+08 11205.7
3.62611e+08 223763
3.69326e+08 6.7151e+06
3.69326e+08 14.9012
3.69326e+08 7.45058
3.69349e+08 22381.5
3.69349e+08 7.45058
3.6936e+08 11198.2
3.69371e+08 11183.3
3.69371e+08 14.9012
3.69371e+08 7.45058
3.69371e+08 7.45058
3.69371e+08 29.8023
3.69371e+08 7.45058
3.69393e+08 22418.8
3.69393e+08 7.45058
3.69393e+08 14.9012
3.69494e+08 100724
3.69517e+08 22381.5
3.69517e+08 1
3.69695e+08 178925
3.6974e+08 44710.9
3.69953e+08 212424
3.70355e+08 402451
3.70545e+08 190184
3.70601e+08 55924.1
3.7096e+08 359245
3.7096e+08 23.9012
3.70972e+08 11177.3
3.71221e+08 249788
3.71642e+08 420271
3.71642e+08 7.45058
3.72184e+08 542507
3.82718e+08 1.05341e+07
3.82741e+08 22359.2
3.83155e+08 413880
3.89881e+08 6.7265e+06
3.89881e+08 7.45058
3.89881e+08 7.45058
3.89881e+08 7.45058
3.89892e+08 11205.7
3.89892e+08 14.9012
3.89892e+08 7.45058
3.89892e+08 22.3517
3.89892e+08 7.45058
3.89892e+08 7.45058
3.89904e+08 11220.6
3.89915e+08 11213.1
3.89915e+08 52.1541
3.89915e+08 7.45058
3.89926e+08 11198.2
3.90116e+08 190094
3.90172e+08 55953.9
3.90172e+08 7.45058
3.90273e+08 100665
3.90273e+08 1
3.90284e+08 11182.3
3.90608e+08 324197
3.90854e+08 246033
3.91396e+08 541515
3.91429e+08 33594.7
3.91777e+08 347993
3.91777e+08 22.4506
3.91821e+08 43447.6
3.91892e+08 71739.4
3.92426e+08 533339
3.92426e+08 7.45058
3.92939e+08 513109
4.03741e+08 1.08019e+07
4.03741e+08 7.45058
4.04445e+08 704572
4.11049e+08 6.60372e+06
4.11049e+08 7.45058
4.11049e+08 7.45058
4.11049e+08 7.45058
4.11049e+08 37.2529
4.11049e+08 7.45058
4.11049e+08 14.9012
4.11049e+08 7.45058
4.11049e+08 22.3517
4.11049e+08 7.45058
4.11049e+08 7.45058
4.11072e+08 22396.4
4.11072e+08 59.6046
4.11072e+08 7.45058
4.11072e+08 52.1541
4.11172e+08 100642
4.11318e+08 145376
4.11329e+08 11198.2
4.11463e+08 134222
4.11463e+08 7.45058
4.11463e+08 1
4.11463e+08 6.45058
4.11787e+08 324182
4.12129e+08 341392
4.1249e+08 361703
4.12669e+08 178926
4.13056e+08 386484
4.13056e+08 7.45058
4.13078e+08 22359.2
4.13149e+08 71169.1
4.13608e+08 458606
4.13619e+08 11190.8
4.14159e+08 539471
4.2519e+08 1.10314e+07
4.25201e+08 11183.3
4.25649e+08 447385
4.32756e+08 7.10702e+06
4.32756e+08 7.45058
4.32756e+08 22.3517
4.32756e+08 29.8023
4.32756e+08 44.7035
4.32756e+08 7.45058
4.32756e+08 22.3517
4.32756e+08 7.45058
4.32756e+08 29.8023
4.32756e+08 29.8023
4.32767e+08 11183.3
4.32778e+08 11242.9
4.32778e+08 44.7035
4.32778e+08 22.3517
4.32823e+08 44785.4
4.32968e+08 145338
4.33024e+08 55939
4.33036e+08 11228
4.33383e+08 347621
4.33408e+08 24627
4.33434e+08 26586.3
4.33453e+08 18159.4
4.33453e+08 1
4.3385e+08 397465
4.34171e+08 321102
4.34452e+08 280752
4.34722e+08 270460
4.35259e+08 536785
4.35259e+08 7.45058
4.35259e+08 7.45058
4.35259e+08 7.45058
4.35528e+08 268504
4.35528e+08 7.45058
4.3716e+08 1.63226e+06
4.47499e+08 1.03385e+07
4.4751e+08 11198.2
4.47756e+08 246070
4.55131e+08 7.3755e+06
4.55131e+08 14.9012
4.55131e+08 22.3517
4.55131e+08 14.9012
4.55131e+08 67.0552
4.55131e+08 7.45058
4.55131e+08 14.9012
4.55131e+08 7.45058
4.55131e+08 14.9012
4.55132e+08 37.2529
4.55132e+08 29.8023
4.55154e+08 22411.3
4.55154e+08 67.0552
4.55154e+08 7.45058
4.55221e+08 67167
4.55288e+08 67085
4.554e+08 111848
4.55411e+08 11213.1
4.55891e+08 480099
4.55915e+08 23588.7
4.5612e+08 204821
4.56153e+08 33535.1
4.56187e+08 33535.1
4.56187e+08 1
4.56433e+08 246040
4.56612e+08 178941
4.56897e+08 284901
4.57266e+08 369027
4.57545e+08 279680
4.57546e+08 7.45058
4.57546e+08 22.3517
4.57546e+08 7.45058
4.57881e+08 335611
4.57881e+08 7.45058
4.59314e+08 1.43245e+06
4.70177e+08 1.08638e+07
4.70222e+08 44733.3
4.70412e+08 190191
4.78067e+08 7.65513e+06
4.7809e+08 22366.6
4.78101e+08 11205.7
4.78101e+08 7.45058
4.78101e+08 37.2529
4.78101e+08 7.45058
4.78101e+08 7.45058
4.78101e+08 7.45058
4.78101e+08 22.3517
4.78124e+08 22418.8
4.78135e+08 11310
4.78146e+08 11250.4
4.78146e+08 81.9564
4.78146e+08 29.8023
4.78292e+08 145391
4.78325e+08 33542.5
4.78432e+08 106529
4.78599e+08 167701
4.79318e+08 718458
4.79318e+08 7.45058
4.79463e+08 145338
4.79463e+08 7.45058
4.7953e+08 67085
4.79553e+08 22366.6
4.79553e+08 1
4.79709e+08 156580
4.79877e+08 167809
4.80246e+08 369005
4.80582e+08 335582
4.80645e+08 63293.8
4.80645e+08 23.4506
4.80678e+08 33528.5
4.8069e+08 11184.3
4.81067e+08 377613
4.81067e+08 7.45058
4.82968e+08 1.9004e+06
4.9372e+08 1.07521e+07
4.93843e+08 123002
4.94357e+08 514321
5.01778e+08 7.42063e+06
5.01789e+08 11190.8
5.01789e+08 14.9012
5.01789e+08 14.9012
5.01789e+08 7.45058
5.01789e+08 7.45058
5.01789e+08 7.45058
5.01789e+08 7.45058
5.01789e+08 7.45058
5.018e+08 11213.1
5.018e+08 96.8575
5.01812e+08 11295.1
5.01812e+08 52.1541
5.01812e+08 37.2529
5.01957e+08 145413
5.01957e+08 7.45058
5.02058e+08 100672
5.02352e+08 294578
5.02959e+08 606718
5.02959e+08 7.45058
5.03004e+08 44710.9
5.03015e+08 11190.8
5.03037e+08 22359.2
5.03071e+08 33542.5
5.03071e+08 7.45058
5.03272e+08 201292
5.03272e+08 1
5.0353e+08 257320
5.03887e+08 357784
5.042e+08 313193
5.04279e+08 78439.7
5.04279e+08 14.9012
5.04279e+08 37.2529
5.04286e+08 7126.3
5.04597e+08 310749
5.04597e+08 7.45058
5.07067e+08 2.47019e+06
5.1773e+08 1.06626e+07
5.17797e+08 67092.5
5.18278e+08 480831
5.25967e+08 7.68904e+06
5.25967e+08 7.45058
5.25967e+08 7.45058
5.25989e+08 22381.5
5.25989e+08 29.8023
5.25989e+08 7.45058
5.25989e+08 7.45058
5.26e+08 11183.3
5.26023e+08 22396.4
5.26045e+08 22582.7
5.26045e+08 134.11
5.26057e+08 11190.8
5.26057e+08 37.2529
5.26079e+08 22389
5.26401e+08 321784
5.26434e+08 33530.1
5.26629e+08 194242
5.26814e+08 185834
5.27464e+08 649757
5.27464e+08 7.45058
5.27464e+08 7.45058
5.27475e+08 11205.7
5.27487e+08 11190.8
5.27509e+08 22374.1
5.2752e+08 11183.3
5.2761e+08 89503.8
5.27643e+08 33550
5.27643e+08 1
5.28269e+08 626265
5.28415e+08 145435
5.28605e+08 190169
5.28685e+08 80326.9
5.28704e+08 18608.4
5.28726e+08 21782.8
5.28762e+08 35981.3
5.29017e+08 255738
5.29017e+08 13
5.32871e+08 3.85335e+06
5.42595e+08 9.72392e+06
5.42628e+08 33557.4
5.43154e+08 525616
5.50888e+08 7.73377e+06
5.50888e+08 7.45058
5.50888e+08 7.45058
5.50888e+08 7.45058
5.50888e+08 14.9012
5.50888e+08 7.45058
5.50888e+08 14.9012
5.50888e+08 14.9012
5.50921e+08 33646.8
5.50933e+08 11406.8
5.50933e+08 163.913
5.50933e+08 7.45058
5.50944e+08 11213.1
5.50978e+08 33564.9
5.51262e+08 284416
5.51262e+08 7.45058
5.5145e+08 187909
5.51651e+08 201176
5.52256e+08 604350
5.52278e+08 22374.1
5.52278e+08 7.45058
5.523e+08 22366.6
5.52323e+08 22396.4
5.5239e+08 67129.7
5.52401e+08 11205.7
5.52524e+08 123121
5.52558e+08 33550
5.52558e+08 7.45058
5.53106e+08 547789
5.53106e+08 1
5.53285e+08 178999
5.53452e+08 167876
5.53486e+08 33706.4
5.53518e+08 31757.2
5.53551e+08 33549
5.53585e+08 33528.1
5.54513e+08 927667
5.54513e+08 7.45058
5.57732e+08 3.219e+06
5.67769e+08 1.00369e+07
5.67847e+08 78275.8
5.68384e+08 536710
5.76308e+08 7.92402e+06
5.76308e+08 7.45058
5.76308e+08 7.45058
5.76308e+08 7.45058
5.76308e+08 7.45058
5.76308e+08 14.9012
5.76319e+08 11183.3
5.76319e+08 37.2529
5.76352e+08 33669.2
5.76364e+08 11436.6
5.76364e+08 163.913
5.76364e+08 14.9012
5.76409e+08 44748.2
5.76442e+08 33587.2
5.76655e+08 212446
5.76666e+08 11220.6
5.77009e+08 342674
5.77194e+08 185525
5.77713e+08 518595
5.77724e+08 11228
5.77724e+08 7.45058
5.77735e+08 11183.3
5.77769e+08 33446.7
5.77937e+08 167759
5.7797e+08 33535.1
5.78149e+08 178844
5.78205e+08 55916.6
5.78205e+08 7.45058
5.78507e+08 301898
5.78507e+08 7.45058
5.78507e+08 1
5.78786e+08 279619
5.78988e+08 201359
5.79021e+08 33758.6
5.79033e+08 11265.3
5.79033e+08 14.9012
5.79033e+08 7.45058
5.79891e+08 857796
5.79913e+08 22366.6
5.83344e+08 3.43134e+06
5.93549e+08 1.02046e+07
5.93549e+08 7.45058
5.94231e+08 682034
6.02233e+08 8.0025e+06
6.02233e+08 7.45058
6.02233e+08 7.45058
6.02233e+08 7.45058
6.02245e+08 11183.3
6.02245e+08 14.9012
6.02245e+08 7.45058
6.02245e+08 22.3517
6.02278e+08 33684.1
6.0229e+08 11391.9
6.02335e+08 45764.3
6.02368e+08 32315.4
6.02446e+08 78249
6.02562e+08 116421
6.0272e+08 157910
6.02754e+08 33572.3
6.03307e+08 553301
6.03518e+08 211045
6.03977e+08 458673
6.03977e+08 7.45058
6.03999e+08 22366.6
6.04033e+08 33557.4
6.04189e+08 156499
6.04547e+08 357687
6.04547e+08 7.45058
6.04592e+08 44710.9
6.04659e+08 67099.9
6.0467e+08 11183.3
6.04804e+08 134319
6.04816e+08 11183.3
6.04816e+08 7.45058
6.04995e+08 178978
6.04995e+08 1
6.05174e+08 179051
6.05241e+08 67375.6
6.05241e+08 81.9564
6.05241e+08 29.8023
6.05241e+08 7.45058
6.0636e+08 1.11857e+06
6.06449e+08 89414.4
6.11031e+08 4.58233e+06
6.20074e+08 9.04237e+06
6.20141e+08 67085
6.2117e+08 1.02874e+06
6.29869e+08 8.69974e+06
6.29869e+08 7.45058
6.29869e+08 7.45058
