2899 2000
6899 4000
14899 8000
30899 16000
62899 32000
126899 64000
254899 128000
510899 256000
1.0229e+06 512000
2.0469e+06 1.024e+06
4.0949e+06 2.048e+06
5.39689e+06 1.30199e+06
5.39689e+06 1
8.35223e+06 2.95533e+06
8.35224e+06 14.9012
1.00325e+07 1.68025e+06
1.00325e+07 1
1.02113e+07 178852
1.20973e+07 1.886e+06
1.20974e+07 7.45058
1.20974e+07 1
1.21313e+07 33906.6
1.44904e+07 2.35917e+06
1.44904e+07 7.45058
1.44905e+07 7.45058
1.45354e+07 44956.8
1.45354e+07 1
1.74567e+07 2.9213e+06
1.74567e+07 7.45058
1.74567e+07 7.45058
1.75353e+07 78529.1
1.75688e+07 33572.3
1.75688e+07 1
2.09904e+07 3.42162e+06
2.09905e+07 7.45058
2.09905e+07 7.45058
2.10691e+07 78633.4
2.10691e+07 29.8023
2.10691e+07 7.45058
2.10691e+07 1
2.50944e+07 4.02531e+06
2.50945e+07 14.9012
2.50945e+07 7.45058
2.52066e+07 112168
2.5229e+07 22403.9
2.5229e+07 7.45058
2.52291e+07 7.45058
2.91988e+07 3.96971e+06
2.91988e+07 1
2.91988e+07 13.9012
2.91988e+07 7.45058
2.93558e+07 156961
2.93856e+07 29828.1
2.93856e+07 38.8023
2.94386e+07 52990.4
3.40231e+07 4.5845e+06
3.40231e+07 7.45058
3.40231e+07 1
3.40343e+07 11197.2
3.40343e+07 7.45058
3.4292e+07 257716
3.42921e+07 7.45058
3.42921e+07 7.45058
3.42921e+07 7.45058
3.93596e+07 5.0675e+06
3.93708e+07 11257.8
3.93708e+07 7.45058
3.93708e+07 7.45058
3.93708e+07 1
3.93708e+07 6.45058
3.97494e+07 378526
3.97494e+07 7.45058
3.97494e+07 7.45058
3.97494e+07 7.45058
4.5206e+07 5.45661e+06
4.52284e+07 22381.5
4.52285e+07 81.9564
4.52285e+07 7.45058
4.52285e+07 37.2529
4.52285e+07 1
4.52285e+07 6.45058
4.57098e+07 481248
4.57322e+07 22381.5
4.57322e+07 7.45058
4.57322e+07 52.1541
5.16251e+07 5.89284e+06
5.16362e+07 11190.8
5.16476e+07 11324.9
5.16476e+07 14.9012
5.16812e+07 33572.3
5.16812e+07 7.45058
5.16924e+07 11190.8
5.16924e+07 1
5.20842e+07 391825
5.21065e+07 22366.6
5.21177e+07 11183.3
5.22295e+07 111803
5.86857e+07 6.4562e+06
5.86858e+07 22.3517
5.87194e+07 33631.9
5.87194e+07 7.45058
5.87194e+07 7.45058
5.87194e+07 7.45058
5.87194e+07 14.9012
5.87194e+07 7.45058
5.87194e+07 1
5.93013e+07 581897
5.93237e+07 22374.1
5.93237e+07 7.45058
5.93685e+07 44770.5
6.65009e+07 7.13243e+06
6.6501e+07 37.2529
6.65234e+07 22418.8
6.65234e+07 7.45058
6.65234e+07 7.45058
6.65346e+07 11183.3
6.65346e+07 7.45058
6.65458e+07 11198.2
6.6557e+07 11190.8
6.6557e+07 1
6.71389e+07 581949
6.71389e+07 7.45058
6.71389e+07 7.45058
6.72061e+07 67167
7.44986e+07 7.29246e+06
7.45098e+07 11183.3
7.45209e+07 11198.2
7.4521e+07 7.45058
7.45321e+07 11183.3
7.45433e+07 11183.3
7.45433e+07 7.45058
7.45545e+07 11183.3
7.45545e+07 7.45058
7.45658e+07 11250.4
7.54607e+07 894897
7.54607e+07 1
7.54607e+07 6.45058
7.54607e+07 7.45058
7.54943e+07 33594.7
8.3417e+07 7.92269e+06
8.34393e+07 22359.2
8.34393e+07 7.45058
8.34393e+07 7.45058
8.34393e+07 7.45058
8.34394e+07 7.45058
8.34394e+07 7.45058
8.34729e+07 33535.1
8.34729e+07 29.8023
8.35178e+07 44830.1
8.44238e+07 906065
8.44238e+07 7.45058
8.44238e+07 1
8.44238e+07 6.45058
8.44238e+07 7.45058
8.44686e+07 44763.1
9.28165e+07 8.34794e+06
9.28277e+07 11183.3
9.28277e+07 7.45058
9.28277e+07 7.45058
9.28389e+07 11190.8
9.28389e+07 7.45058
9.28389e+07 7.45058
9.2839e+07 7.45058
9.28726e+07 33602.1
9.2895e+07 22411.3
9.39128e+07 1.01786e+06
9.39464e+07 33572.3
9.39464e+07 7.45058
9.39464e+07 7.45058
9.39464e+07 1
9.39576e+07 11182.3
9.40136e+07 56013.5
1.02758e+08 8.74476e+06
1.02758e+08 7.45058
1.02758e+08 7.45058
1.02758e+08 7.45058
1.02758e+08 7.45058
1.02781e+08 22374.1
1.02781e+08 7.45058
1.02781e+08 14.9012
1.02848e+08 67107.4
1.02904e+08 56006
1.03749e+08 844638
1.03849e+08 100620
1.03894e+08 44755.6
1.03894e+08 7.45058
1.03905e+08 11198.2
1.03905e+08 1
1.03916e+08 11182.3
1.04116e+08 199231
1.13405e+08 9.28961e+06
1.13405e+08 7.45058
1.13405e+08 7.45058
1.13405e+08 7.45058
1.13405e+08 7.45058
1.13416e+08 11183.3
1.13416e+08 7.45058
1.13416e+08 7.45058
1.13439e+08 22418.8
1.13573e+08 134178
1.14468e+08 894994
1.14468e+08 14.9012
1.1449e+08 22381.5
1.1449e+08 7.45058
1.14513e+08 22403.9
1.14513e+08 7.45058
1.14513e+08 52.1541
1.14513e+08 1
1.14885e+08 372135
1.24904e+08 1.00193e+07
1.24904e+08 7.45058
1.24904e+08 7.45058
1.24904e+08 7.45058
1.24904e+08 7.45058
1.24904e+08 7.45058
1.24904e+08 7.45058
1.24904e+08 7.45058
1.24983e+08 78298.2
1.25095e+08 111908
1.25911e+08 816718
1.25911e+08 7.45058
1.25945e+08 33587.2
1.25945e+08 7.45058
1.25945e+08 7.45058
1.25945e+08 37.2529
1.25945e+08 29.8023
1.25945e+08 14.9012
1.25945e+08 1
1.26383e+08 438229
1.36917e+08 1.05337e+07
1.36917e+08 7.45058
1.36917e+08 7.45058
1.36917e+08 22.3517
1.36917e+08 14.9012
1.36917e+08 7.45058
1.36917e+08 7.45058
1.36917e+08 7.45058
1.36928e+08 11198.2
1.37029e+08 100717
1.37924e+08 895023
1.37924e+08 22.3517
1.37935e+08 11205.7
1.37935e+08 37.2529
1.37935e+08 7.45058
1.37935e+08 7.45058
1.37935e+08 7.45058
1.37935e+08 44.7035
1.37935e+08 7.45058
1.38338e+08 402830
1.38338e+08 1
1.49397e+08 1.10592e+07
1.49397e+08 7.45058
1.49397e+08 14.9012
1.49431e+08 33557.4
1.49476e+08 44710.9
1.49498e+08 22366.6
1.49509e+08 11190.8
1.49509e+08 7.45058
1.49531e+08 22366.6
1.49643e+08 111938
1.50393e+08 749752
1.50393e+08 7.45058
1.50393e+08 14.9012
1.50393e+08 37.2529
1.50393e+08 7.45058
1.50393e+08 7.45058
1.50393e+08 7.45058
1.50393e+08 67.0552
1.50393e+08 7.45058
1.5085e+08 456386
1.5085e+08 7.45058
1.5085e+08 1
1.62478e+08 1.16287e+07
1.62478e+08 7.45058
1.62523e+08 44740.7
1.62546e+08 22366.6
1.62546e+08 7.45058
1.62546e+08 14.9012
1.62546e+08 7.45058
1.62546e+08 7.45058
1.62546e+08 7.45058
1.62646e+08 100799
1.63441e+08 794485
1.63441e+08 7.45058
1.63441e+08 7.45058
1.63441e+08 7.45058
1.63441e+08 7.45058
1.63441e+08 7.45058
1.63441e+08 7.45058
1.63441e+08 81.9564
1.63441e+08 7.45058
1.63866e+08 425197
1.63877e+08 11220.6
1.63877e+08 7.45058
1.75442e+08 1.15646e+07
1.75442e+08 1
1.75476e+08 33534.1
1.75554e+08 78253.4
1.75554e+08 22.3517
1.75554e+08 7.45058
1.75565e+08 11190.8
1.75565e+08 7.45058
1.75565e+08 7.45058
1.75587e+08 22359.2
1.75655e+08 67286.2
1.76494e+08 839151
1.76505e+08 11183.3
1.76527e+08 22359.2
1.76527e+08 7.45058
1.76527e+08 7.45058
1.76527e+08 7.45058
1.76527e+08 7.45058
1.76527e+08 81.9564
1.76527e+08 7.45058
1.77064e+08 537001
1.77076e+08 11198.2
1.77076e+08 7.45058
1.8922e+08 1.21439e+07
1.8922e+08 14.9012
1.8922e+08 1
1.8922e+08 6.45058
1.89231e+08 11205.7
1.89253e+08 22403.9
1.89264e+08 11213.1
1.89287e+08 22374.1
1.89298e+08 11190.8
1.89298e+08 7.45058
1.89298e+08 7.45058
1.89533e+08 234865
1.90182e+08 649236
1.90182e+08 7.45058
1.90182e+08 7.45058
1.90182e+08 7.45058
1.90182e+08 7.45058
1.90182e+08 7.45058
1.90182e+08 7.45058
1.90182e+08 81.9564
1.90182e+08 7.45058
1.90764e+08 581689
1.90786e+08 22359.2
1.90831e+08 44718.4
2.03534e+08 1.2703e+07
2.03534e+08 52.1541
2.03534e+08 22.3517
2.03534e+08 7.45058
2.03534e+08 1
2.03534e+08 66.0552
2.03545e+08 11190.8
2.03601e+08 55894.3
2.03691e+08 89451.7
2.03691e+08 7.45058
2.03691e+08 7.45058
2.03702e+08 11198.2
2.0397e+08 268474
2.04362e+08 392161
2.04362e+08 7.45058
2.04362e+08 7.45058
2.04362e+08 7.45058
2.04362e+08 7.45058
2.04362e+08 7.45058
2.04363e+08 7.45058
2.04363e+08 67.0552
2.04363e+08 14.9012
2.05199e+08 835982
2.0521e+08 11183.3
2.0521e+08 7.45058
2.18472e+08 1.32621e+07
2.18573e+08 100635
2.18573e+08 22.3517
2.18573e+08 7.45058
2.18584e+08 11190.8
2.18584e+08 1
2.18595e+08 11219.6
2.18617e+08 22359.2
2.18617e+08 7.45058
2.18673e+08 55924.1
2.18673e+08 7.45058
2.18673e+08 14.9012
2.1874e+08 67152.1
2.18875e+08 134386
2.19245e+08 369765
2.19245e+08 7.45058
2.19245e+08 7.45058
2.19245e+08 7.45058
2.19245e+08 44.7035
2.19245e+08 7.45058
2.19245e+08 7.45058
2.19245e+08 14.9012
2.19245e+08 44.7035
2.20097e+08 852473
2.20097e+08 29.8023
2.20097e+08 7.45058
2.3403e+08 1.3933e+07
2.3403e+08 7.45058
2.3403e+08 14.9012
2.3403e+08 7.45058
2.34041e+08 11198.2
2.34053e+08 11198.2
2.3412e+08 67099.9
2.3412e+08 1
2.3412e+08 6.45058
2.3412e+08 7.45058
2.34142e+08 22426.2
2.34153e+08 11228
2.34176e+08 22359.2
2.34299e+08 123113
2.34333e+08 33766
2.34702e+08 369735
2.34702e+08 22.3517
2.34702e+08 7.45058
2.34702e+08 7.45058
2.34702e+08 14.9012
2.34702e+08 7.45058
2.34702e+08 7.45058
2.34703e+08 37.2529
2.34703e+08 14.9012
2.35559e+08 856769
2.35626e+08 67107.4
2.35705e+08 78253.4
2.50107e+08 1.44027e+07
2.50119e+08 11183.3
2.5013e+08 11183.3
2.5013e+08 7.45058
2.50141e+08 11198.2
2.50186e+08 44748.2
2.50208e+08 22374.1
2.50208e+08 22.3517
2.50208e+08 1
2.50208e+08 6.45058
2.50208e+08 7.45058
2.50253e+08 44792.9
2.50342e+08 89474
2.50342e+08 7.45058
2.50421e+08 78558.9
2.50432e+08 11265.3
2.50813e+08 380918
2.50824e+08 11198.2
2.50824e+08 29.8023
2.50824e+08 7.45058
2.50824e+08 7.45058
2.50824e+08 7.45058
2.50824e+08 14.9012
2.50824e+08 14.9012
2.50824e+08 44.7035
2.5152e+08 695228
2.51643e+08 123009
2.51754e+08 111774
2.66627e+08 1.48724e+07
2.66638e+08 11183.3
2.66638e+08 7.45058
2.66638e+08 7.45058
2.66672e+08 33542.5
2.66694e+08 22389
2.66705e+08 11183.3
2.66716e+08 11228
2.66716e+08 7.45058
2.66716e+08 7.45058
2.66716e+08 1
2.66716e+08 6.45058
2.66817e+08 100709
2.66851e+08 33602.1
2.66851e+08 14.9012
2.66985e+08 134476
2.67019e+08 33609.6
2.67411e+08 392064
2.67422e+08 11213.1
2.67422e+08 29.8023
2.67422e+08 7.45058
2.67422e+08 22.3517
2.67422e+08 7.45058
2.67422e+08 59.6046
2.67422e+08 7.45058
2.67422e+08 37.2529
2.68147e+08 725062
2.68483e+08 335373
2.68527e+08 44725.8
2.83735e+08 1.52079e+07
2.83746e+08 11190.8
2.83758e+08 11205.7
2.83758e+08 7.45058
2.83769e+08 11198.2
2.83802e+08 33542.5
2.83802e+08 7.45058
2.83836e+08 33564.9
2.83836e+08 7.45058
2.83836e+08 7.45058
2.8387e+08 33535.1
2.8387e+08 1
2.8387e+08 6.45058
2.83926e+08 55998.6
2.83959e+08 33684.1
2.83959e+08 14.9012
2.84116e+08 156932
2.84116e+08 14.9012
2.84631e+08 514932
2.84642e+08 11198.2
2.84642e+08 37.2529
2.84642e+08 22.3517
2.84642e+08 89.407
2.84642e+08 7.45058
2.84687e+08 44740.7
2.8471e+08 22366.6
2.84788e+08 78260.9
2.85408e+08 619876
2.85713e+08 305350
2.85735e+08 22366.6
3.01424e+08 1.56887e+07
3.01424e+08 22.3517
3.01447e+08 22389
3.01447e+08 7.45058
3.01469e+08 22381.5
3.0148e+08 11183.3
3.01525e+08 44718.4
3.0157e+08 44763.1
3.0157e+08 7.45058
3.0157e+08 7.45058
3.01581e+08 11183.3
3.01592e+08 11205.7
3.01592e+08 7.45058
3.01592e+08 1
3.01659e+08 67076.6
3.01738e+08 78603.6
3.01749e+08 11183.3
3.01805e+08 56207.2
3.01827e+08 22381.5
3.02354e+08 526130
3.02376e+08 22366.6
3.02376e+08 44.7035
3.02376e+08 67.0552
3.02443e+08 67114.8
3.02499e+08 55894.3
3.02611e+08 111789
3.02644e+08 33535.1
3.02667e+08 22396.4
3.03267e+08 600586
3.03584e+08 316143
3.03617e+08 33542.5
3.19731e+08 1.61137e+07
3.19742e+08 11198.2
3.19742e+08 29.8023
3.19742e+08 7.45058
3.19753e+08 11205.7
3.19753e+08 7.45058
3.19753e+08 7.45058
3.19843e+08 89481.5
3.19843e+08 7.45058
3.19843e+08 7.45058
3.19843e+08 7.45058
3.19865e+08 22374.1
3.19865e+08 7.45058
3.19888e+08 22359.2
3.19888e+08 1
3.1991e+08 22388
3.20134e+08 224069
3.20134e+08 7.45058
3.20145e+08 11324.9
3.20179e+08 33572.3
3.20705e+08 526004
3.20705e+08 67.0552
3.2075e+08 44755.6
3.20783e+08 33654.3
3.20839e+08 55976.2
3.20985e+08 145309
3.21018e+08 33535.1
3.21018e+08 7.45058
3.21085e+08 67144.6
3.21854e+08 768605
3.22122e+08 268377
3.22145e+08 22381.5
3.38717e+08 1.65722e+07
3.38728e+08 11198.2
3.38728e+08 37.2529
3.38728e+08 7.45058
3.38728e+08 52.1541
3.38728e+08 7.45058
3.38728e+08 7.45058
3.38762e+08 33579.8
3.38762e+08 7.45058
3.38762e+08 7.45058
3.38762e+08 7.45058
3.38762e+08 22.3517
3.38762e+08 7.45058
3.38762e+08 7.45058
3.38807e+08 44740.7
3.38874e+08 67099.9
3.38874e+08 1
3.39042e+08 168233
3.39042e+08 7.45058
3.39064e+08 22411.3
3.3912e+08 55991.1
3.39624e+08 503644
3.39624e+08 52.1541
3.39669e+08 44755.6
3.39803e+08 134148
3.39926e+08 122987
3.39959e+08 33564.9
3.39971e+08 11190.8
3.40004e+08 33550
3.40049e+08 44919.6
3.41037e+08 987555
3.41272e+08 234842
3.41327e+08 55924.1
3.58246e+08 1.69189e+07
3.58291e+08 44740.7
3.58313e+08 22403.9
3.58313e+08 7.45058
3.58336e+08 22403.9
3.58336e+08 7.45058
3.58336e+08 7.45058
3.58369e+08 33602.1
3.58381e+08 11198.2
3.58381e+08 7.45058
3.58392e+08 11183.3
3.58426e+08 33631.9
3.58426e+08 7.45058
3.58437e+08 11220.6
3.58437e+08 14.9012
3.58448e+08 11198.2
3.58459e+08 11190.8
3.58459e+08 1
3.58594e+08 134661
3.58594e+08 14.9012
3.58594e+08 14.9012
3.58672e+08 78357.8
3.59221e+08 548407
3.59299e+08 78246
3.59344e+08 44740.7
3.59388e+08 44710.9
3.59433e+08 44755.6
3.59478e+08 44755.6
3.595e+08 22366.6
3.59545e+08 44725.8
3.59657e+08 111863
3.60676e+08 1.01919e+06
3.60911e+08 234909
3.61112e+08 201203
3.78434e+08 1.73215e+07
3.78434e+08 7.45058
3.78445e+08 11228
3.78456e+08 11198.2
3.78501e+08 44822.7
3.78501e+08 7.45058
3.78523e+08 22389
3.78534e+08 11205.7
3.78557e+08 22396.4
3.78557e+08 44.7035
3.78557e+08 14.9012
3.78658e+08 100672
3.78658e+08 7.45058
3.78669e+08 11213.1
3.7868e+08 11198.2
3.78691e+08 11228
3.78691e+08 7.45058
3.78691e+08 7.45058
3.78725e+08 34011.9
3.78725e+08 1
3.78725e+08 6.45058
3.78748e+08 22389
3.78893e+08 145473
3.79464e+08 570714
3.79497e+08 33535.1
3.79564e+08 67099.9
3.7962e+08 55894.3
3.7971e+08 89459.1
3.79732e+08 22374.1
3.79732e+08 7.45058
3.79743e+08 11190.8
3.79833e+08 89585.8
3.8094e+08 1.10714e+06
3.8122e+08 279583
3.81276e+08 55924.1
3.99123e+08 1.7847e+07
3.99145e+08 22359.2
3.99167e+08 22374.1
3.99179e+08 11183.3
3.99246e+08 67204.2
3.99246e+08 7.45058
3.99257e+08 11220.6
3.99279e+08 22396.4
3.99279e+08 37.2529
3.99313e+08 33557.4
3.99324e+08 11213.1
3.99391e+08 67181.9
3.99403e+08 11198.2
3.99414e+08 11242.9
3.99414e+08 52.1541
3.99414e+08 14.9012
3.99414e+08 7.45058
3.99414e+08 7.45058
3.99448e+08 33944.8
3.99448e+08 14.9012
3.99448e+08 1
3.99448e+08 6.45058
3.99459e+08 11183.3
3.99582e+08 123203
4.00153e+08 570670
4.00153e+08 7.45058
4.00231e+08 78268.3
4.00276e+08 44710.9
4.00432e+08 156537
4.00444e+08 11190.8
4.00466e+08 22374.1
4.00511e+08 44718.4
4.006e+08 89608.1
4.01733e+08 1.1327e+06
4.02001e+08 268444
4.02046e+08 44733.3
4.20419e+08 1.83727e+07
4.2043e+08 11198.2
4.20464e+08 33579.8
4.20464e+08 7.45058
4.20531e+08 67234
4.20531e+08 7.45058
4.20564e+08 33557.4
4.20609e+08 44763.1
4.20632e+08 22374.1
4.20632e+08 14.9012
4.20643e+08 11183.3
4.20732e+08 89556
4.20744e+08 11190.8
4.20744e+08 111.759
4.20744e+08 141.561
4.20744e+08 29.8023
4.20744e+08 7.45058
4.20755e+08 11190.8
4.20822e+08 67368.1
4.20834e+08 11235.5
4.20834e+08 7.45058
4.20834e+08 7.45058
4.20834e+08 1
4.20834e+08 6.45058
4.20901e+08 67353.2
4.21438e+08 537023
4.21483e+08 44710.9
4.21561e+08 78290.7
4.21572e+08 11190.8
4.21818e+08 245959
4.21841e+08 22366.6
4.21885e+08 44710.9
4.21896e+08 11183.3
4.21964e+08 67301.1
4.22858e+08 894532
4.23306e+08 447340
4.23406e+08 100613
4.42374e+08 1.8968e+07
4.42385e+08 11198.2
4.42397e+08 11265.3
4.42397e+08 7.45058
4.42542e+08 145517
4.42542e+08 7.45058
4.42542e+08 7.45058
4.4262e+08 78313.1
4.4262e+08 14.9012
4.4262e+08 7.45058
4.42632e+08 11205.7
4.42677e+08 44927
4.42677e+08 22.3517
4.42677e+08 119.209
4.42699e+08 22448.6
4.42699e+08 14.9012
4.42699e+08 7.45058
4.42699e+08 14.9012
4.42789e+08 89764.6
4.42789e+08 7.45058
4.428e+08 11198.2
4.42811e+08 11213.1
4.42811e+08 7.45058
4.42811e+08 1
4.42811e+08 6.45058
4.42834e+08 22679.6
4.43315e+08 480987
4.43315e+08 7.45058
4.43449e+08 134170
4.43516e+08 67114.8
4.43751e+08 234805
4.43807e+08 55894.3
4.43807e+08 7.45058
4.43807e+08 7.45058
4.43919e+08 112012
4.44724e+08 805117
4.45239e+08 514418
4.45239e+08 7.45058
4.64808e+08 1.9569e+07
4.64819e+08 11198.2
4.64886e+08 67219.1
4.64897e+08 11205.7
4.65065e+08 167795
4.65065e+08 7.45058
4.65076e+08 11183.3
4.65099e+08 22403.9
4.6511e+08 11198.2
4.6511e+08 7.45058
4.65132e+08 22366.6
4.65155e+08 22731.7
4.65155e+08 37.2529
4.65178e+08 22456
4.65178e+08 52.1541
4.65178e+08 37.2529
4.65178e+08 7.45058
4.65178e+08 7.45058
4.65301e+08 123329
4.65301e+08 7.45058
4.65312e+08 11220.6
4.65312e+08 7.45058
4.65312e+08 7.45058
4.65312e+08 7.45058
4.65312e+08 1
4.65312e+08 6.45058
4.65357e+08 45061.1
4.65805e+08 447340
4.65805e+08 7.45058
4.65805e+08 7.45058
4.65972e+08 167735
4.66218e+08 245988
4.66252e+08 33564.9
4.66274e+08 22366.6
4.66308e+08 33557.4
4.66442e+08 134349
4.67191e+08 749238
4.67793e+08 601188
4.67802e+08 9350.72
4.87909e+08 2.01075e+07
4.87932e+08 22463.5
4.88033e+08 100821
4.88055e+08 22418.8
4.88234e+08 178888
4.88234e+08 14.9012
4.88234e+08 7.45058
4.88245e+08 11198.2
4.88245e+08 7.45058
4.88245e+08 7.45058
4.88245e+08 37.2529
4.88291e+08 45202.7
4.88291e+08 59.6046
4.88291e+08 81.9564
4.88291e+08 59.6046
4.88291e+08 67.0552
4.88291e+08 7.45058
4.88291e+08 14.9012
4.88425e+08 134528
4.88425e+08 7.45058
4.88425e+08 22.3517
4.88425e+08 7.45058
4.88425e+08 111.759
4.88425e+08 7.45058
4.88425e+08 7.45058
4.88426e+08 7.45058
4.88426e+08 1
4.88515e+08 89636.9
4.88839e+08 324264
4.88839e+08 7.45058
4.88839e+08 7.45058
4.88929e+08 89451.7
4.89365e+08 436030
4.89365e+08 44.7035
4.89376e+08 11220.6
4.89399e+08 22411.3
4.89589e+08 190280
4.90226e+08 637405
4.9102e+08 794002
4.91054e+08 33542.5
5.1156e+08 2.05066e+07
5.11605e+08 44763.1
5.11807e+08 201598
5.11896e+08 89533.6
5.11952e+08 55894.3
5.11952e+08 7.45058
5.11952e+08 7.45058
5.11986e+08 33550
5.11986e+08 7.45058
5.11986e+08 22.3517
5.11997e+08 11190.8
5.12076e+08 78812.2
5.12076e+08 37.2529
5.12076e+08 193.715
5.12098e+08 22359.2
5.1211e+08 11183.3
5.1211e+08 7.45058
5.12121e+08 11190.8
5.12211e+08 89943.4
5.12211e+08 29.8023
5.12211e+08 7.45058
5.12211e+08 7.45058
5.12233e+08 22441.1
5.12233e+08 7.45058
5.12233e+08 7.45058
5.12233e+08 7.45058
5.12244e+08 11198.2
5.12244e+08 1
5.12345e+08 100694
5.12647e+08 301883
5.12647e+08 7.45058
5.12647e+08 7.45058
5.12658e+08 11183.3
5.13128e+08 469588
5.13195e+08 67099.9
5.13195e+08 22.3517
5.13262e+08 67174.4
5.1343e+08 167973
5.14023e+08 592664
5.14773e+08 750726
5.14863e+08 89421.9
5.35952e+08 2.10895e+07
5.35952e+08 44.7035
5.36109e+08 156760
5.36143e+08 33572.3
5.36187e+08 44770.5
5.36188e+08 44.7035
5.36232e+08 44778
5.36299e+08 67085
5.36311e+08 11190.8
5.36311e+08 14.9012
5.36311e+08 29.8023
5.36434e+08 123709
5.36434e+08 67.0552
5.36457e+08 22374.1
5.36457e+08 7.45058
5.36468e+08 11183.3
5.36468e+08 7.45058
5.36479e+08 11220.6
5.36569e+08 89958.3
5.3658e+08 11183.3
5.3658e+08 7.45058
5.3658e+08 7.45058
5.36614e+08 33594.7
5.36636e+08 22366.6
5.36636e+08 7.45058
5.36636e+08 7.45058
5.36659e+08 22381.5
5.36659e+08 7.45058
5.36882e+08 223681
5.36882e+08 1
5.36994e+08 111802
5.36994e+08 7.45058
5.37017e+08 22359.2
5.37017e+08 7.45058
5.37408e+08 391342
5.3752e+08 111818
5.37531e+08 11190.8
5.37654e+08 123113
5.37889e+08 235043
5.38426e+08 536725
5.39136e+08 709747
5.39158e+08 22366.6
5.60874e+08 2.17159e+07
5.6093e+08 55976.2
5.61075e+08 145555
5.6112e+08 44725.8
5.61131e+08 11235.5
5.61154e+08 22381.5
5.61176e+08 22456
5.61176e+08 7.45058
5.61176e+08 7.45058
5.61176e+08 7.45058
5.61187e+08 11183.3
5.61345e+08 157356
5.61389e+08 44740.7
5.61389e+08 7.45058
5.61389e+08 7.45058
5.61412e+08 22366.6
5.61412e+08 7.45058
5.61412e+08 14.9012
5.61558e+08 145897
5.61558e+08 37.2529
5.61558e+08 7.45058
5.61558e+08 7.45058
5.61591e+08 33572.3
5.61591e+08 7.45058
5.61591e+08 7.45058
5.61591e+08 7.45058
5.61625e+08 33550
5.61636e+08 11198.2
5.61815e+08 178941
5.61815e+08 7.45058
5.61815e+08 1
5.6196e+08 145330
5.6196e+08 7.45058
5.6196e+08 7.45058
5.6196e+08 7.45058
5.62341e+08 380144
5.62374e+08 33579.8
5.62385e+08 11205.7
5.62576e+08 190191
5.62889e+08 313312
5.63381e+08 492021
5.6417e+08 788717
5.64237e+08 67070.1
5.86478e+08 2.22414e+07
5.86501e+08 22590.2
5.86691e+08 190273
5.86691e+08 7.45058
5.86691e+08 59.6046
5.86702e+08 11183.3
5.86747e+08 44755.6
5.86747e+08 7.45058
5.86747e+08 7.45058
5.86747e+08 7.45058
5.86747e+08 7.45058
5.86916e+08 168562
5.86938e+08 22381.5
5.86938e+08 7.45058
5.86938e+08 7.45058
5.86949e+08 11190.8
5.86949e+08 7.45058
5.8696e+08 11235.5
5.87129e+08 168189
5.8714e+08 11242.9
5.8714e+08 7.45058
5.8714e+08 7.45058
5.87173e+08 33535.1
5.87173e+08 7.45058
5.87173e+08 7.45058
5.87173e+08 14.9012
5.87173e+08 14.9012
5.87229e+08 55946.4
5.87419e+08 190079
5.87419e+08 7.45058
5.87419e+08 7.45058
5.8752e+08 100605
5.8752e+08 1
5.87576e+08 55900.7
5.87576e+08 7.45058
5.87576e+08 7.45058
5.87945e+08 368983
5.87945e+08 29.8023
5.87945e+08 44.7035
5.88146e+08 201441
5.88538e+08 391483
5.88974e+08 436135
5.89768e+08 794405
5.89813e+08 44710.9
6.12535e+08 2.27222e+07
6.1258e+08 44800.3
6.12636e+08 56088
