2162 2000
6162 4000
14162 8000
30162 16000
62162 32000
126162 64000
254162 128000
510162 256000
1.02216e+06 512000
2.04616e+06 1.024e+06
4.09416e+06 2.048e+06
4.1884e+06 94233
4.1884e+06 1
8.28311e+06 4.09471e+06
8.28312e+06 7.45058
1.02181e+07 1.93502e+06
1.02181e+07 1
1.02181e+07 6.45058
1.17501e+07 1.53191e+06
1.17501e+07 7.45058
1.17501e+07 1
1.17501e+07 6.45058
1.53776e+07 3.62757e+06
1.53777e+07 7.45058
1.53777e+07 7.45058
1.53777e+07 7.45058
1.53777e+07 1
1.87402e+07 3.36255e+06
1.87402e+07 7.45058
1.87402e+07 7.45058
1.87402e+07 7.45058
1.87402e+07 7.45058
1.87402e+07 1
2.23572e+07 3.61692e+06
2.23572e+07 7.45058
2.23572e+07 7.45058
2.23572e+07 7.45058
2.23572e+07 7.45058
2.23572e+07 7.45058
2.23572e+07 1
2.71178e+07 4.76063e+06
2.71178e+07 7.45058
2.71179e+07 14.9012
2.71179e+07 44.7035
2.71179e+07 37.2529
2.71179e+07 7.45058
2.7118e+07 14.9012
3.11662e+07 4.0482e+06
3.11662e+07 1
3.11662e+07 6.45058
3.11885e+07 22381.5
3.12109e+07 22374.1
3.12781e+07 67144.6
3.12781e+07 7.45058
3.12781e+07 37.2529
3.58493e+07 4.57115e+06
3.58493e+07 7.45058
3.58493e+07 1
3.58828e+07 33556.4
3.58828e+07 14.9012
3.59164e+07 33550
3.59387e+07 22359.2
3.59611e+07 22389
3.60059e+07 44748.2
4.11175e+07 5.11163e+06
4.11175e+07 7.45058
4.11175e+07 14.9012
4.12406e+07 123039
4.12406e+07 1
4.12518e+07 11189.8
4.12518e+07 29.8023
4.12518e+07 7.45058
4.13301e+07 78268.3
4.13748e+07 44725.8
4.69337e+07 5.55886e+06
4.69337e+07 7.45058
4.69672e+07 33550
4.69784e+07 11205.7
4.69784e+07 7.45058
4.69784e+07 1
4.69784e+07 6.45058
4.70679e+07 89496.4
4.70679e+07 7.45058
4.71127e+07 44763.1
4.73698e+07 257127
5.35412e+07 6.17135e+06
5.35412e+07 7.45058
5.35524e+07 11198.2
5.35636e+07 11198.2
5.35636e+07 7.45058
5.35748e+07 11190.8
5.35748e+07 7.45058
5.35748e+07 1
5.37202e+07 145434
5.37202e+07 7.45058
5.3765e+07 44778
5.38433e+07 78246
6.05585e+07 6.71527e+06
6.05585e+07 7.45058
6.06368e+07 78275.8
6.06704e+07 33579.8
6.06704e+07 7.45058
6.06704e+07 7.45058
6.06704e+07 7.45058
6.06704e+07 7.45058
6.06704e+07 1
6.08494e+07 178962
6.08606e+07 11242.9
6.08718e+07 11213.1
6.08831e+07 11220.6
6.81689e+07 7.28582e+06
6.81689e+07 7.45058
6.82471e+07 78253.4
6.83366e+07 89444.2
6.83366e+07 7.45058
6.83366e+07 7.45058
6.83366e+07 7.45058
6.83366e+07 7.45058
6.83366e+07 7.45058
6.83366e+07 1
6.85156e+07 178932
6.85493e+07 33751.1
6.85493e+07 37.2529
6.86052e+07 55886.8
7.63937e+07 7.78847e+06
7.64049e+07 11198.2
7.65167e+07 111789
7.65167e+07 7.45058
7.65167e+07 7.45058
7.65167e+07 7.45058
7.65167e+07 7.45058
7.65167e+07 7.45058
7.65279e+07 11183.3
7.65279e+07 7.45058
7.65838e+07 55901.7
7.65838e+07 1
7.67404e+07 156573
7.67851e+07 44718.4
7.68075e+07 22366.6
8.54025e+07 8.59503e+06
8.54025e+07 44.7035
8.54249e+07 22381.5
8.54473e+07 22366.6
8.54809e+07 33594.7
8.54809e+07 7.45058
8.54809e+07 7.45058
8.55033e+07 22366.6
8.55815e+07 78268.3
8.55927e+07 11190.8
8.55927e+07 14.9012
8.55928e+07 7.45058
8.55928e+07 1
8.5671e+07 78267.3
8.5671e+07 7.45058
8.5671e+07 14.9012
9.45281e+07 8.857e+06
9.46623e+07 134207
9.46846e+07 22359.2
9.46958e+07 11183.3
9.47406e+07 44763.1
9.47517e+07 11183.3
9.47518e+07 7.45058
9.47629e+07 11183.3
9.47965e+07 33564.9
9.47965e+07 14.9012
9.47965e+07 7.45058
9.47965e+07 7.45058
9.47965e+07 7.45058
9.48077e+07 11183.3
9.48077e+07 1
9.48301e+07 22365.6
9.48525e+07 22366.6
1.04548e+08 9.69531e+06
1.04671e+08 123098
1.04671e+08 7.45058
1.04682e+08 11183.3
1.04771e+08 89436.8
1.04772e+08 7.45058
1.04772e+08 7.45058
1.04772e+08 29.8023
1.04794e+08 22403.9
1.04816e+08 22381.5
1.04816e+08 7.45058
1.04816e+08 7.45058
1.04816e+08 7.45058
1.04816e+08 7.45058
1.04816e+08 7.45058
1.04816e+08 1
1.04816e+08 6.45058
1.04816e+08 7.45058
1.1512e+08 1.03041e+07
1.154e+08 279665
1.154e+08 7.45058
1.154e+08 7.45058
1.15411e+08 11198.2
1.15411e+08 7.45058
1.15411e+08 7.45058
1.15411e+08 7.45058
1.15467e+08 55931.5
1.1549e+08 22359.2
1.15523e+08 33535.1
1.15523e+08 7.45058
1.15557e+08 33550
1.15579e+08 22359.2
1.15579e+08 7.45058
1.1559e+08 11198.2
1.1559e+08 7.45058
1.1559e+08 1
1.15601e+08 11189.8
1.26223e+08 1.06213e+07
1.26379e+08 156693
1.26435e+08 56006
1.26458e+08 22359.2
1.2648e+08 22374.1
1.26491e+08 11198.2
1.26491e+08 52.1541
1.26491e+08 7.45058
1.26648e+08 156499
1.26648e+08 7.45058
1.26682e+08 33564.9
1.26704e+08 22381.5
1.26704e+08 14.9012
1.26704e+08 7.45058
1.26726e+08 22359.2
1.26793e+08 67077.6
1.26816e+08 22366.6
1.26816e+08 7.45058
1.26816e+08 1
1.26827e+08 11182.3
1.38007e+08 1.11803e+07
1.3813e+08 123098
1.38153e+08 22374.1
1.38153e+08 7.45058
1.38164e+08 11220.6
1.38175e+08 11265.3
1.38265e+08 89511.3
1.38265e+08 14.9012
1.38287e+08 22359.2
1.38287e+08 7.45058
1.3841e+08 123009
1.38477e+08 67070.1
1.38544e+08 67062.7
1.38544e+08 7.45058
1.38544e+08 14.9012
1.38567e+08 22359.2
1.38623e+08 55886.8
1.38623e+08 7.45058
1.38623e+08 7.45058
1.38645e+08 22366.6
1.38645e+08 1
1.50487e+08 1.18425e+07
1.50633e+08 145525
1.50633e+08 7.45058
1.50633e+08 7.45058
1.50633e+08 89.407
1.50644e+08 11228
1.50711e+08 67137.2
1.50711e+08 7.45058
1.50711e+08 7.45058
1.50734e+08 22389
1.50779e+08 44733.3
1.5079e+08 11183.3
1.5079e+08 7.45058
1.5079e+08 7.45058
1.5089e+08 100590
1.50935e+08 44718.4
1.51002e+08 67085
1.51092e+08 89451.7
1.51125e+08 33550
1.51203e+08 78260.9
1.51203e+08 7.45058
1.51203e+08 1
1.6323e+08 1.20262e+07
1.63509e+08 279747
1.63509e+08 52.1541
1.63509e+08 52.1541
1.63577e+08 67144.6
1.63632e+08 55894.3
1.63677e+08 44755.6
1.63677e+08 7.45058
1.63677e+08 7.45058
1.63733e+08 55909.2
1.638e+08 67107.4
1.63845e+08 44733.3
1.63845e+08 7.45058
1.63879e+08 33542.5
1.63879e+08 7.45058
1.63934e+08 55909.2
1.64002e+08 67099.9
1.64069e+08 67092.5
1.64102e+08 33535.1
1.64169e+08 67085
1.64169e+08 14.9012
1.64169e+08 14.9012
1.76035e+08 1.18657e+07
1.76035e+08 1
1.76393e+08 357932
1.76438e+08 44822.7
1.7646e+08 22389
1.76594e+08 134252
1.76594e+08 7.45058
1.76628e+08 33535.1
1.76673e+08 44718.4
1.76684e+08 11198.2
1.76706e+08 22366.6
1.76796e+08 89444.2
1.76852e+08 55916.6
1.76852e+08 7.45058
1.76885e+08 33535.1
1.76885e+08 7.45058
1.7693e+08 44710.9
1.76941e+08 11205.7
1.77075e+08 134148
1.77075e+08 7.45058
1.77243e+08 167720
1.77299e+08 55924.1
1.77344e+08 44755.6
1.89857e+08 1.25134e+07
1.89857e+08 7.45058
1.89857e+08 1
1.90215e+08 357910
1.90304e+08 89541.1
1.90338e+08 33557.4
1.90562e+08 223704
1.90562e+08 7.45058
1.90584e+08 22366.6
1.90584e+08 7.45058
1.90595e+08 11190.8
1.90595e+08 14.9012
1.90629e+08 33572.3
1.90752e+08 122987
1.90774e+08 22366.6
1.90785e+08 11183.3
1.90808e+08 22366.6
1.90864e+08 55894.3
1.90875e+08 11183.3
1.90908e+08 33609.6
1.90908e+08 7.45058
1.90976e+08 67099.9
1.9111e+08 134185
1.91244e+08 134178
2.04087e+08 1.28434e+07
2.04087e+08 7.45058
2.04087e+08 7.45058
2.04389e+08 302032
2.04389e+08 1
2.04613e+08 223636
2.04613e+08 22.3517
2.04792e+08 179030
2.04792e+08 7.45058
2.04826e+08 33550
2.04826e+08 7.45058
2.04859e+08 33557.4
2.04882e+08 22374.1
2.04938e+08 55924.1
2.05038e+08 100620
2.05049e+08 11190.8
2.05049e+08 7.45058
2.05072e+08 22374.1
2.05072e+08 7.45058
2.05072e+08 7.45058
2.05161e+08 89474
2.05195e+08 33572.3
2.05284e+08 89421.9
2.05374e+08 89488.9
2.05441e+08 67077.6
2.1881e+08 1.33689e+07
2.18821e+08 11183.3
2.18832e+08 11190.8
2.1919e+08 357807
2.1919e+08 7.45058
2.1919e+08 1
2.19268e+08 78289.7
2.19313e+08 44740.7
2.19615e+08 302114
2.19626e+08 11190.8
2.1966e+08 33542.5
2.1966e+08 7.45058
2.1966e+08 7.45058
2.19671e+08 11183.3
2.19738e+08 67122.3
2.19805e+08 67107.4
2.19816e+08 11190.8
2.19816e+08 7.45058
2.1985e+08 33550
2.1985e+08 7.45058
2.19861e+08 11190.8
2.19951e+08 89488.9
2.20018e+08 67085
2.20029e+08 11198.2
2.20219e+08 190064
2.20342e+08 122942
2.34218e+08 1.38766e+07
2.34218e+08 7.45058
2.34218e+08 7.45058
2.34364e+08 145361
2.34386e+08 22359.2
2.34397e+08 11183.3
2.34453e+08 55901.7
2.34453e+08 1
2.34532e+08 78304.6
2.34934e+08 402763
2.35001e+08 67122.3
2.35035e+08 33572.3
2.35046e+08 11190.8
2.35091e+08 44725.8
2.35113e+08 22366.6
2.35158e+08 44763.1
2.35214e+08 55901.7
2.35259e+08 44733.3
2.35259e+08 14.9012
2.3527e+08 11205.7
2.35292e+08 22396.4
2.35292e+08 7.45058
2.35393e+08 100642
2.35415e+08 22366.6
2.35527e+08 111796
2.3574e+08 212431
2.3574e+08 7.45058
2.50255e+08 1.45154e+07
2.50255e+08 7.45058
2.50255e+08 7.45058
2.50266e+08 11213.1
2.50277e+08 11190.8
2.50289e+08 11183.3
2.503e+08 11190.8
2.503e+08 7.45058
2.503e+08 1
2.50389e+08 89473
2.50647e+08 257351
2.50725e+08 78298.2
2.5077e+08 44800.3
2.50815e+08 44785.4
2.5087e+08 55909.2
2.50971e+08 100680
2.51027e+08 55909.2
2.51083e+08 55946.4
2.51184e+08 100628
2.51184e+08 14.9012
2.51228e+08 44710.9
2.51251e+08 22396.4
2.5134e+08 89451.7
2.51486e+08 145383
2.51575e+08 89429.3
2.51664e+08 89444.2
2.51922e+08 257134
2.51922e+08 7.45058
2.66694e+08 1.47728e+07
2.66694e+08 7.45058
2.66694e+08 7.45058
2.66706e+08 11183.3
2.66717e+08 11190.8
2.66739e+08 22374.1
2.66739e+08 7.45058
2.66739e+08 7.45058
2.66784e+08 44718.4
2.6694e+08 156611
2.6694e+08 1
2.6722e+08 279642
2.67231e+08 11213.1
2.67243e+08 11242.9
2.67243e+08 29.8023
2.67243e+08 14.9012
2.67366e+08 123076
2.67366e+08 29.8023
2.67433e+08 67174.4
2.67489e+08 55961.3
2.67578e+08 89436.8
2.67612e+08 33535.1
2.67679e+08 67152.1
2.67735e+08 55901.7
2.68249e+08 514232
2.68271e+08 22366.6
2.68327e+08 55901.7
2.68674e+08 346616
2.68674e+08 7.45058
2.83715e+08 1.50411e+07
2.83715e+08 14.9012
2.83737e+08 22448.6
2.83737e+08 7.45058
2.83737e+08 7.45058
2.83737e+08 7.45058
2.83737e+08 7.45058
2.83738e+08 7.45058
2.83738e+08 7.45058
2.83827e+08 89488.9
2.83838e+08 11213.1
2.83838e+08 1
2.84084e+08 246054
2.84118e+08 33602.1
2.84196e+08 78275.8
2.84196e+08 44.7035
2.84196e+08 7.45058
2.84241e+08 44748.2
2.84241e+08 14.9012
2.84308e+08 67159.5
2.84454e+08 145540
2.84599e+08 145450
2.84633e+08 33542.5
2.84733e+08 100650
2.84733e+08 7.45058
2.8499e+08 257120
2.85102e+08 111811
2.85181e+08 78283.3
2.85885e+08 704303
2.85885e+08 7.45058
3.01469e+08 1.55837e+07
3.01469e+08 14.9012
3.0148e+08 11257.8
3.0148e+08 7.45058
3.0148e+08 7.45058
3.0148e+08 7.45058
3.0148e+08 7.45058
3.0148e+08 22.3517
3.0148e+08 7.45058
3.01491e+08 11250.4
3.01502e+08 11190.8
3.01502e+08 14.9012
3.01648e+08 145420
3.01648e+08 1
3.01804e+08 156558
3.01871e+08 67129.7
3.01905e+08 33535.1
3.01905e+08 7.45058
3.01905e+08 67.0552
3.01916e+08 11183.3
3.02073e+08 156634
3.0223e+08 156641
3.02263e+08 33624.5
3.02263e+08 22.3517
3.0242e+08 156611
3.02442e+08 22359.2
3.02711e+08 268430
3.03035e+08 324145
3.03303e+08 268340
3.03829e+08 525519
3.03829e+08 22.3517
3.19775e+08 1.59467e+07
3.19798e+08 22359.2
3.19809e+08 11257.8
3.1982e+08 11198.2
3.1982e+08 7.45058
3.1982e+08 7.45058
3.1982e+08 7.45058
3.1982e+08 14.9012
3.1982e+08 14.9012
3.19843e+08 22366.6
3.19843e+08 7.45058
3.19843e+08 22.3517
3.19899e+08 56058.2
3.19899e+08 37.2529
3.19899e+08 1
3.19966e+08 67121.3
3.20122e+08 156559
3.20122e+08 7.45058
3.20122e+08 7.45058
3.20156e+08 33579.8
3.2019e+08 33535.1
3.20346e+08 156648
3.20492e+08 145458
3.20514e+08 22396.4
3.20525e+08 11183.3
3.20615e+08 89585.8
3.20615e+08 7.45058
3.21219e+08 603862
3.21364e+08 145331
3.21789e+08 424795
3.22214e+08 424922
3.22225e+08 11205.7
3.38777e+08 1.65521e+07
3.38799e+08 22366.6
3.38833e+08 33557.4
3.38844e+08 11213.1
3.38844e+08 7.45058
3.38844e+08 7.45058
3.38844e+08 7.45058
3.38855e+08 11220.6
3.38878e+08 22389
3.38878e+08 7.45058
3.38878e+08 7.45058
3.38878e+08 7.45058
3.38934e+08 55991.1
3.38945e+08 11280.2
3.38945e+08 7.45058
3.38945e+08 22.3517
3.38945e+08 1
3.39012e+08 67203.2
3.39046e+08 33542.5
3.39046e+08 7.45058
3.39091e+08 44718.4
3.39091e+08 7.45058
3.39292e+08 201359
3.3946e+08 167847
3.39482e+08 22381.5
3.39482e+08 7.45058
3.39695e+08 212602
3.39695e+08 7.45058
3.40254e+08 559099
3.4031e+08 55909.2
3.40545e+08 234783
3.41316e+08 771448
3.41383e+08 67137.2
3.58385e+08 1.70014e+07
3.58396e+08 11205.7
3.58407e+08 11183.3
3.58407e+08 22.3517
3.58407e+08 7.45058
3.58418e+08 11183.3
3.58418e+08 7.45058
3.58441e+08 22396.4
3.58463e+08 22418.8
3.58474e+08 11183.3
3.58485e+08 11183.3
3.58485e+08 7.45058
3.58541e+08 55924.1
3.58608e+08 67152.1
3.5862e+08 11190.8
3.5862e+08 14.9012
3.5862e+08 7.45058
3.5862e+08 1
3.58631e+08 11376
3.58676e+08 44740.7
3.58709e+08 33550
3.58743e+08 33550
3.58743e+08 7.45058
3.58911e+08 167713
3.5909e+08 179090
3.59112e+08 22366.6
3.59123e+08 11190.8
3.59313e+08 190161
3.59313e+08 7.45058
3.59917e+08 603981
3.5994e+08 22359.2
3.60119e+08 178859
3.60767e+08 648543
3.60868e+08 100620
3.78643e+08 1.77754e+07
3.78643e+08 14.9012
3.78643e+08 7.45058
3.78654e+08 11198.2
3.78654e+08 29.8023
3.78654e+08 7.45058
3.78654e+08 14.9012
3.78722e+08 67077.6
3.78733e+08 11198.2
3.78733e+08 14.9012
3.78733e+08 29.8023
3.78733e+08 14.9012
3.78744e+08 11205.7
3.78811e+08 67144.6
3.78822e+08 11213.1
3.78834e+08 11228
3.78845e+08 11183.3
3.78845e+08 7.45058
3.78878e+08 33654.3
3.78878e+08 1
3.78879e+08 51.1541
3.78901e+08 22396.4
3.78912e+08 11198.2
3.78912e+08 7.45058
3.79013e+08 100650
3.79236e+08 223719
3.79259e+08 22411.3
3.79259e+08 7.45058
3.79449e+08 190198
3.79449e+08 7.45058
3.80355e+08 905856
3.80377e+08 22381.5
3.80433e+08 55916.6
3.81216e+08 782683
3.81227e+08 11198.2
3.99478e+08 1.82509e+07
3.99489e+08 11213.1
3.99523e+08 33542.5
3.99523e+08 14.9012
3.99523e+08 7.45058
3.99523e+08 7.45058
3.99523e+08 7.45058
3.99523e+08 22.3517
3.99523e+08 7.45058
3.99523e+08 7.45058
3.99523e+08 29.8023
3.99534e+08 11183.3
3.99545e+08 11213.1
3.99579e+08 33706.4
3.99601e+08 22366.6
3.99669e+08 67137.2
3.9968e+08 11183.3
3.9968e+08 7.45058
3.99736e+08 55961.3
3.99736e+08 7.45058
3.99736e+08 1
3.99825e+08 89584.8
3.99848e+08 22366.6
3.99848e+08 7.45058
3.99848e+08 7.45058
4.00049e+08 201285
4.0015e+08 100717
4.0015e+08 7.45058
4.0015e+08 7.45058
4.00452e+08 301905
4.00452e+08 7.45058
4.01223e+08 771768
4.0138e+08 156529
4.01503e+08 123009
4.02107e+08 603907
4.02196e+08 89474
4.21077e+08 1.88807e+07
4.21077e+08 7.45058
4.21077e+08 7.45058
4.21077e+08 7.45058
4.21077e+08 7.45058
4.21077e+08 7.45058
4.21077e+08 14.9012
4.21077e+08 22.3517
4.21077e+08 7.45058
4.21077e+08 7.45058
4.21077e+08 29.8023
4.21077e+08 7.45058
4.211e+08 22403.9
4.21234e+08 134334
4.21245e+08 11198.2
4.21267e+08 22411.3
4.21267e+08 7.45058
4.21267e+08 7.45058
4.21312e+08 44740.7
4.21312e+08 22.3517
4.21312e+08 14.9012
4.21614e+08 302069
4.21614e+08 1
4.21614e+08 6.45058
4.21614e+08 7.45058
4.21659e+08 44718.4
4.21771e+08 111818
4.21883e+08 111893
4.21883e+08 7.45058
4.21883e+08 7.45058
4.22039e+08 156499
4.22073e+08 33535.1
4.23001e+08 928357
4.23102e+08 100642
4.23225e+08 123002
4.2384e+08 615135
4.23952e+08 111893
4.43132e+08 1.91799e+07
4.43132e+08 7.45058
4.43132e+08 7.45058
4.43132e+08 7.45058
4.43132e+08 37.2529
4.43132e+08 7.45058
4.43132e+08 7.45058
4.43132e+08 7.45058
4.43132e+08 7.45058
4.43132e+08 7.45058
4.43143e+08 11228
4.43154e+08 11198.2
4.43165e+08 11213.1
4.43356e+08 190377
4.43367e+08 11198.2
4.43445e+08 78342.9
4.43445e+08 7.45058
4.43445e+08 7.45058
4.4349e+08 44725.8
4.43501e+08 11198.2
4.43513e+08 11205.7
4.43792e+08 279538
4.43792e+08 7.45058
4.43792e+08 1
4.43915e+08 122978
4.43937e+08 22381.5
4.43971e+08 33542.5
4.44116e+08 145406
4.44273e+08 156522
4.44295e+08 22366.6
4.44295e+08 7.45058
4.44463e+08 167698
4.44508e+08 44725.8
4.45201e+08 693597
4.45291e+08 89436.8
4.45459e+08 167765
4.46029e+08 570565
4.46186e+08 156559
4.65798e+08 1.96127e+07
4.65798e+08 22.3517
4.65798e+08 7.45058
4.65798e+08 14.9012
4.65798e+08 7.45058
4.65798e+08 7.45058
4.6581e+08 11183.3
4.6581e+08 7.45058
4.6581e+08 7.45058
4.6581e+08 7.45058
4.6581e+08 29.8023
4.6581e+08 14.9012
4.6581e+08 52.1541
4.66235e+08 425301
4.66246e+08 11228
4.66336e+08 89436.8
4.66358e+08 22359.2
4.66392e+08 33542.5
4.66392e+08 14.9012
4.66392e+08 7.45058
4.66414e+08 22359.2
4.66682e+08 268407
4.66705e+08 22366.6
4.66727e+08 22381.5
4.66727e+08 1
4.66805e+08 78274.8
4.66805e+08 7.45058
4.66839e+08 33542.5
4.67152e+08 312991
4.67241e+08 89421.9
4.67286e+08 44718.4
4.67308e+08 22359.2
4.67387e+08 78268.3
4.67532e+08 145383
4.68147e+08 615343
4.6817e+08 22374.1
4.68315e+08 145458
4.68942e+08 626586
4.69043e+08 100709
4.89029e+08 1.99864e+07
4.89029e+08 7.45058
4.89029e+08 7.45058
4.89029e+08 7.45058
4.89029e+08 22.3517
4.89029e+08 14.9012
4.89029e+08 14.9012
4.89029e+08 7.45058
4.89029e+08 44.7035
4.89029e+08 7.45058
4.8904e+08 11198.2
4.8904e+08 7.45058
4.8904e+08 67.0552
4.89723e+08 682384
4.89868e+08 145413
4.89924e+08 55901.7
4.89924e+08 7.45058
4.90069e+08 145338
4.90148e+08 78253.4
4.90237e+08 89451.7
4.90237e+08 7.45058
4.9064e+08 402436
4.90684e+08 44718.4
4.90684e+08 7.45058
4.90729e+08 44718.4
4.90785e+08 55946.4
4.90785e+08 1
4.90796e+08 11197.2
4.90796e+08 7.45058
4.90807e+08 11213.1
4.90819e+08 11190.8
4.9083e+08 11213.1
4.9083e+08 7.45058
4.90841e+08 11205.7
4.90897e+08 55961.3
4.91602e+08 704840
4.91635e+08 33564.9
4.91736e+08 100762
4.92396e+08 660084
4.92475e+08 78365.2
5.12758e+08 2.02834e+07
5.12758e+08 7.45058
5.12758e+08 7.45058
5.12758e+08 14.9012
5.12758e+08 7.45058
5.12758e+08 7.45058
5.12758e+08 7.45058
5.12758e+08 7.45058
5.12758e+08 29.8023
5.12758e+08 7.45058
5.12769e+08 11228
5.12769e+08 7.45058
5.12781e+08 11354.7
5.13541e+08 760593
5.13854e+08 313088
5.13854e+08 7.45058
5.13854e+08 7.45058
5.14022e+08 167690
5.14145e+08 122964
5.14313e+08 167705
5.14335e+08 22366.6
5.1457e+08 234768
5.14637e+08 67122.3
5.14637e+08 7.45058
5.14659e+08 22374.1
5.14682e+08 22403.9
5.14693e+08 11183.3
5.14693e+08 1
5.14704e+08 11182.3
5.14715e+08 11198.2
5.14726e+08 11190.8
5.14726e+08 7.45058
5.14727e+08 7.45058
5.14738e+08 11183.3
5.14782e+08 44763.1
5.14783e+08 59.6046
5.15454e+08 671305
5.15499e+08 44859.9
5.15588e+08 89578.3
5.16215e+08 626557
5.16271e+08 55939
5.37071e+08 2.08002e+07
5.37071e+08 7.45058
5.37071e+08 7.45058
5.37071e+08 22.3517
5.37071e+08 7.45058
5.37071e+08 7.45058
5.37071e+08 7.45058
5.37071e+08 14.9012
5.37071e+08 7.45058
5.37071e+08 7.45058
5.37071e+08 59.6046
5.37082e+08 11205.7
5.37172e+08 89637.9
5.37966e+08 794098
5.38536e+08 570178
5.38536e+08 7.45058
5.38536e+08 7.45058
5.38581e+08 44725.8
5.38704e+08 122957
5.38805e+08 100613
5.38872e+08 67114.8
5.39095e+08 223674
5.39118e+08 22374.1
5.39118e+08 37.2529
5.39118e+08 22.3517
5.39129e+08 11183.3
5.39129e+08 7.45058
5.39129e+08 7.45058
5.3914e+08 11198.2
5.3914e+08 1
5.39151e+08 11189.8
5.39163e+08 11183.3
5.39163e+08 7.45058
5.39174e+08 11213.1
5.39174e+08 7.45058
5.39207e+08 33542.5
5.39207e+08 14.9012
5.39901e+08 693776
5.40024e+08 123091
5.40248e+08 223681
5.40561e+08 313535
5.40595e+08 33550
5.62022e+08 2.14267e+07
5.62022e+08 7.45058
5.62022e+08 7.45058
5.62022e+08 14.9012
5.62022e+08 7.45058
5.62022e+08 22.3517
5.62022e+08 14.9012
5.62022e+08 22.3517
5.62022e+08 7.45058
5.62022e+08 22.3517
5.62033e+08 11205.7
5.621e+08 67077.6
5.62279e+08 179060
5.63207e+08 928223
5.63688e+08 480682
5.63688e+08 7.45058
5.63766e+08 78275.8
5.63845e+08 78268.3
5.64001e+08 156656
5.64068e+08 67062.7
5.64147e+08 78238.5
5.64191e+08 44770.5
5.64191e+08 7.45058
5.64191e+08 7.45058
5.64191e+08 14.9012
5.64191e+08 7.45058
5.64191e+08 7.45058
5.64191e+08 7.45058
5.64191e+08 7.45058
5.64191e+08 7.45058
5.64191e+08 1
5.64191e+08 13.9012
5.64191e+08 7.45058
5.64203e+08 11183.3
5.64236e+08 33557.4
5.64247e+08 11205.7
5.6427e+08 22366.6
5.64281e+08 11213.1
5.65031e+08 749744
5.6531e+08 279590
5.65467e+08 156589
5.65669e+08 201881
5.65669e+08 37.2529
5.87573e+08 2.19047e+07
5.87573e+08 7.45058
5.87573e+08 7.45058
5.87573e+08 7.45058
5.87573e+08 7.45058
5.87574e+08 22.3517
5.87574e+08 7.45058
5.87574e+08 7.45058
5.87574e+08 7.45058
5.87574e+08 22.3517
5.87585e+08 11198.2
5.87618e+08 33587.2
5.8782e+08 201404
5.8886e+08 1.04003e+06
5.89027e+08 167690
5.89061e+08 33542.5
5.89195e+08 134178
5.89307e+08 111803
5.89609e+08 301935
5.89609e+08 7.45058
5.8962e+08 11213.1
5.89654e+08 33542.5
5.89676e+08 22374.1
5.89676e+08 14.9012
5.89721e+08 44733.3
5.89721e+08 7.45058
5.89721e+08 7.45058
5.89721e+08 7.45058
5.89721e+08 7.45058
5.89721e+08 7.45058
5.89732e+08 11190.8
5.89766e+08 33542.5
5.89766e+08 1
5.89766e+08 6.45058
5.89777e+08 11198.2
5.89799e+08 22359.2
5.8981e+08 11183.3
5.8981e+08 7.45058
5.89833e+08 22381.5
5.90672e+08 839204
5.90784e+08 111900
5.91041e+08 257187
5.91288e+08 246704
5.91299e+08 11205.7
6.13597e+08 2.22978e+07
6.13597e+08 7.45058
6.13597e+08 7.45058
