2856 2000
6856 4000
14856 8000
30856 16000
62856 32000
126856 64000
254856 128000
510856 256000
1.02286e+06 512000
2.04686e+06 1.024e+06
4.09486e+06 2.048e+06
5.37448e+06 1.27962e+06
5.37448e+06 1
8.30634e+06 2.93186e+06
8.30638e+06 44.7035
9.83236e+06 1.52598e+06
9.83236e+06 1
9.84381e+06 11450.5
1.16728e+07 1.82899e+06
1.16841e+07 11287.6
1.16841e+07 1
1.33072e+07 1.6231e+06
1.48283e+07 1.52107e+06
1.48283e+07 7.45058
1.48283e+07 7.45058
1.48286e+07 312.924
1.48286e+07 1
1.77803e+07 2.95167e+06
1.77803e+07 7.45058
1.77803e+07 7.45058
1.90541e+07 1.27385e+06
1.90541e+07 7.45058
1.90541e+07 1
2.2509e+07 3.45484e+06
2.2509e+07 7.45058
2.2509e+07 14.9012
2.26009e+07 91910.1
2.26345e+07 33545.5
2.27222e+07 87704.1
2.27222e+07 1
2.6814e+07 4.09188e+06
2.6814e+07 7.45058
2.68141e+07 7.45058
2.78441e+07 1.03005e+06
2.79118e+07 67704.9
2.79999e+07 88040.8
2.80137e+07 13855.2
3.20227e+07 4.009e+06
3.20227e+07 1
3.20227e+07 6.45058
3.20227e+07 7.45058
3.25859e+07 563183
3.26083e+07 22374.1
3.26754e+07 67077.6
3.31448e+07 469446
3.71588e+07 4.01396e+06
3.71588e+07 7.45058
3.71588e+07 1
3.71588e+07 6.45058
3.71588e+07 7.45058
3.85937e+07 1.43495e+06
3.87056e+07 111833
3.87503e+07 44718.4
3.88733e+07 122964
4.36586e+07 4.78534e+06
4.36586e+07 7.45058
4.36586e+07 7.45058
4.36698e+07 11183.3
4.36698e+07 1
4.36698e+07 6.45058
4.44729e+07 803097
4.49759e+07 503026
4.50318e+07 55886.8
4.53671e+07 335298
4.99403e+07 4.57321e+06
4.99403e+07 7.45058
4.99404e+07 44.7035
4.99404e+07 7.45058
4.99628e+07 22389
4.99628e+07 1
4.99628e+07 6.45058
5.1532e+07 1.56926e+06
5.16327e+07 100613
5.1778e+07 145301
5.21691e+07 391193
5.74019e+07 5.23276e+06
5.74019e+07 37.2529
5.7402e+07 14.9012
5.7402e+07 7.45058
5.7402e+07 67.0552
5.74021e+07 22.3517
5.74133e+07 11198.2
5.74133e+07 1
5.83054e+07 892145
5.83278e+07 22381.5
5.84731e+07 145294
5.88195e+07 346467
6.47342e+07 5.91462e+06
6.47454e+07 11213.1
6.47454e+07 22.3517
6.47454e+07 7.45058
6.47455e+07 126.66
6.47456e+07 29.8023
6.47568e+07 11220.6
6.47568e+07 7.45058
6.47568e+07 1
6.71125e+07 2.35568e+06
6.79842e+07 871763
6.79842e+07 7.45058
6.92919e+07 1.30761e+06
7.3519e+07 4.22711e+06
7.35749e+07 55931.5
7.35861e+07 11235.5
7.35861e+07 7.45058
7.36087e+07 22605.1
7.36088e+07 22.3517
7.36088e+07 59.6046
7.36088e+07 7.45058
7.36088e+07 7.45058
7.36088e+07 1
7.48221e+07 1.21326e+06
7.52356e+07 413522
7.53697e+07 134118
7.67332e+07 1.36349e+06
8.20558e+07 5.32252e+06
8.20782e+07 22403.9
8.20894e+07 11265.3
8.20894e+07 7.45058
8.22017e+07 112243
8.22017e+07 37.2529
8.22018e+07 111.759
8.22018e+07 7.45058
8.22018e+07 7.45058
8.22018e+07 7.45058
8.49605e+07 2.75866e+06
8.49605e+07 1
8.52958e+07 335283
8.65252e+07 1.22937e+06
8.74528e+07 927649
9.18589e+07 4.40608e+06
9.18589e+07 7.45058
9.18814e+07 22478.4
9.18814e+07 7.45058
9.20275e+07 146091
9.20499e+07 22381.5
9.20611e+07 11205.7
9.20611e+07 7.45058
9.20611e+07 7.45058
9.20611e+07 7.45058
9.34863e+07 1.42518e+06
9.34863e+07 7.45058
9.34863e+07 1
9.36875e+07 201202
9.44921e+07 804678
9.64033e+07 1.91111e+06
1.01603e+08 5.19969e+06
1.01603e+08 7.45058
1.01648e+08 44941.9
1.01648e+08 7.45058
1.01872e+08 224441
1.01872e+08 7.45058
1.01884e+08 11198.2
1.01884e+08 7.45058
1.01895e+08 11205.7
1.01895e+08 7.45058
1.03944e+08 2.0495e+06
1.03944e+08 7.45058
1.04067e+08 122942
1.04894e+08 827067
1.04894e+08 1
1.06448e+08 1.55351e+06
1.06995e+08 547633
1.12195e+08 5.19985e+06
1.12195e+08 7.45058
1.1224e+08 44964.3
1.1224e+08 7.45058
1.12509e+08 269182
1.12509e+08 7.45058
1.12509e+08 7.45058
1.12509e+08 7.45058
1.12509e+08 29.8023
1.1251e+08 22.3517
1.1406e+08 1.55028e+06
1.1406e+08 7.45058
1.14328e+08 268273
1.1501e+08 681818
1.1501e+08 7.45058
1.1501e+08 1
1.16586e+08 1.57583e+06
1.16932e+08 346459
1.23194e+08 6.26165e+06
1.23194e+08 37.2529
1.23239e+08 44994.1
1.23239e+08 7.45058
1.23542e+08 302665
1.23542e+08 37.2529
1.23542e+08 52.1541
1.23542e+08 22.3517
1.23542e+08 96.8575
1.23542e+08 22.3517
1.25426e+08 1.88413e+06
1.25426e+08 7.45058
1.25571e+08 145331
1.26421e+08 849500
1.26577e+08 156477
1.267e+08 122942
1.27784e+08 1.08408e+06
1.27784e+08 1
1.28567e+08 782317
1.34929e+08 6.36234e+06
1.3494e+08 11213.1
1.3503e+08 89801.8
1.3503e+08 7.45058
1.35277e+08 246771
1.35299e+08 22381.5
1.3531e+08 11324.9
1.3531e+08 29.8023
1.35322e+08 11265.3
1.35322e+08 22.3517
1.36986e+08 1.66377e+06
1.37019e+08 33557.4
1.37243e+08 223570
1.37924e+08 681840
1.37924e+08 7.45058
1.3807e+08 145294
1.38796e+08 726469
1.39791e+08 994667
1.39791e+08 1
1.40238e+08 447041
1.47126e+08 6.8877e+06
1.47126e+08 22.3517
1.47294e+08 168182
1.47294e+08 7.45058
1.4753e+08 235692
1.47541e+08 11280.2
1.47541e+08 126.66
1.47541e+08 52.1541
1.47541e+08 44.7035
1.47541e+08 7.45058
1.49413e+08 1.87221e+06
1.49536e+08 123002
1.49782e+08 245929
1.50386e+08 603527
1.50386e+08 7.45058
1.5043e+08 44710.9
1.50866e+08 435866
1.51325e+08 458226
1.51783e+08 458226
1.52219e+08 435874
1.52219e+08 1
1.60045e+08 7.82663e+06
1.60045e+08 7.45058
1.60269e+08 224061
1.60269e+08 37.2529
1.60438e+08 168756
1.60483e+08 44807.8
1.60483e+08 156.462
1.60483e+08 59.6046
1.60506e+08 22433.7
1.60506e+08 7.45058
1.623e+08 1.79476e+06
1.62446e+08 145346
1.6258e+08 134185
1.6258e+08 7.45058
1.6258e+08 7.45058
1.63061e+08 480592
1.63262e+08 201173
1.63698e+08 435874
1.64525e+08 827037
1.64916e+08 391163
1.65318e+08 402339
1.65318e+08 1
1.7348e+08 8.16208e+06
1.7348e+08 7.45058
1.73693e+08 212841
1.73693e+08 29.8023
1.73884e+08 191063
1.73929e+08 44979.2
1.73952e+08 22523.1
1.73963e+08 11205.7
1.73963e+08 59.6046
1.73963e+08 7.45058
1.75576e+08 1.61325e+06
1.75688e+08 111878
1.75945e+08 257097
1.75945e+08 7.45058
1.76292e+08 346459
1.77096e+08 804693
1.77253e+08 156470
1.77856e+08 603527
1.79957e+08 2.10109e+06
1.79957e+08 7.45058
1.79957e+08 7.45058
1.79957e+08 7.45058
1.86778e+08 6.82107e+06
1.86778e+08 1
1.86778e+08 21.3517
1.86947e+08 168093
1.86947e+08 29.8023
1.87082e+08 135198
1.87116e+08 33780.9
1.87149e+08 33743.7
1.87149e+08 7.45058
1.87172e+08 22366.6
1.87172e+08 29.8023
1.89036e+08 1.86392e+06
1.89125e+08 89503.8
1.89215e+08 89451.7
1.89215e+08 7.45058
1.89405e+08 190027
1.89997e+08 592351
1.9031e+08 312932
1.91338e+08 1.0282e+06
1.92031e+08 692926
1.92243e+08 212349
1.92489e+08 245877
1.92925e+08 435866
2.00775e+08 7.84948e+06
2.00775e+08 7.45058
2.00775e+08 1
2.00775e+08 6.45058
2.00853e+08 78752.6
2.00853e+08 59.6046
2.01022e+08 168860
2.01034e+08 11310
2.01079e+08 44979.2
2.0109e+08 11220.6
2.0109e+08 29.8023
2.01101e+08 11205.7
2.03137e+08 2.03638e+06
2.03428e+08 290684
2.03428e+08 7.45058
2.03462e+08 33535.1
2.04445e+08 983596
2.05507e+08 1.06173e+06
2.05708e+08 201188
2.06356e+08 648208
2.06669e+08 312932
2.06669e+08 7.45058
2.06669e+08 7.45058
2.06893e+08 223525
2.15424e+08 8.53141e+06
2.15435e+08 11205.7
2.15435e+08 14.9012
2.15435e+08 7.45058
2.15435e+08 1
2.15503e+08 67590.7
2.15548e+08 44822.7
2.15672e+08 124149
2.15706e+08 33766
2.15706e+08 163.913
2.15706e+08 74.5058
2.15728e+08 22381.5
2.1574e+08 11235.5
2.17768e+08 2.02804e+06
2.17991e+08 223644
2.17991e+08 7.45058
2.17991e+08 7.45058
2.19601e+08 1.60945e+06
2.20227e+08 625864
2.20528e+08 301778
2.21121e+08 592336
2.21121e+08 7.45058
2.21121e+08 7.45058
2.21322e+08 201173
2.21747e+08 424691
2.30647e+08 8.90041e+06
2.30647e+08 7.45058
2.30669e+08 22366.6
2.30669e+08 22.3517
2.30669e+08 7.45058
2.30669e+08 1
2.30726e+08 56474.4
2.30726e+08 163.913
2.30884e+08 157677
2.30884e+08 365.078
2.30884e+08 134.11
2.30884e+08 7.45058
2.30884e+08 29.8023
2.30884e+08 22.3517
2.3323e+08 2.34599e+06
2.33499e+08 268318
2.33499e+08 7.45058
2.33499e+08 7.45058
2.35846e+08 2.34708e+06
2.36203e+08 357635
2.36393e+08 190012
2.36393e+08 7.45058
2.36393e+08 7.45058
2.36617e+08 223532
2.37288e+08 670567
2.37746e+08 458218
2.46568e+08 8.82238e+06
2.46568e+08 7.45058
2.46579e+08 11190.8
2.46591e+08 11190.8
2.46591e+08 7.45058
2.46591e+08 7.45058
2.46647e+08 56557.4
2.46647e+08 1
2.46692e+08 44926
2.46805e+08 112966
2.46805e+08 327.826
2.46805e+08 156.462
2.46805e+08 7.45058
2.46805e+08 7.45058
2.46806e+08 22.3517
2.49189e+08 2.38379e+06
2.4948e+08 290662
2.4948e+08 7.45058
2.4948e+08 7.45058
2.51749e+08 2.26887e+06
2.51928e+08 178821
2.5233e+08 402346
2.5233e+08 7.45058
2.52934e+08 603512
2.53168e+08 234708
2.53939e+08 771150
2.54956e+08 1.01701e+06
2.62974e+08 8.01791e+06
2.62974e+08 22.3517
2.62974e+08 7.45058
2.62986e+08 11213.1
2.62986e+08 14.9012
2.62986e+08 22.3517
2.63064e+08 78871.8
2.63064e+08 22.3517
2.63064e+08 1
2.63087e+08 22678.6
2.63189e+08 101790
2.63189e+08 245.869
2.63223e+08 33676.6
2.63223e+08 7.45058
2.63223e+08 7.45058
2.63223e+08 22.3517
2.66015e+08 2.79241e+06
2.66172e+08 156522
2.66172e+08 7.45058
2.66239e+08 67062.7
2.68385e+08 2.14593e+06
2.68653e+08 268228
2.68653e+08 7.45058
2.68944e+08 290580
2.69145e+08 201173
2.69704e+08 558808
2.70821e+08 1.11761e+06
2.70821e+08 7.45058
2.80046e+08 9.22509e+06
2.80058e+08 11213.1
2.80058e+08 7.45058
2.80058e+08 29.8023
2.80058e+08 14.9012
2.80058e+08 22.3517
2.80137e+08 78938.9
2.80148e+08 11220.6
2.80148e+08 7.45058
2.80159e+08 11473.9
2.80159e+08 1
2.80261e+08 101871
2.80295e+08 33721.3
2.80295e+08 149.012
2.80295e+08 14.9012
2.80295e+08 14.9012
2.80306e+08 11183.3
2.83002e+08 2.69608e+06
2.83371e+08 368886
2.83371e+08 7.45058
2.83438e+08 67077.6
2.86489e+08 3.05115e+06
2.86489e+08 7.45058
2.87115e+08 625864
2.8735e+08 234701
2.87506e+08 156477
2.88054e+08 547633
2.88613e+08 558801
2.88836e+08 223525
2.97626e+08 8.78941e+06
2.97626e+08 7.45058
2.97626e+08 29.8023
2.97626e+08 37.2529
2.97626e+08 22.3517
2.97626e+08 14.9012
2.97716e+08 90196.7
2.97716e+08 7.45058
2.97716e+08 37.2529
2.9775e+08 33870.3
2.97761e+08 11213.1
2.97761e+08 1
2.9783e+08 68410.2
2.97863e+08 33654.3
2.97863e+08 111.759
2.97863e+08 22.3517
2.97863e+08 7.45058
2.97864e+08 7.45058
3.00698e+08 2.83443e+06
3.01089e+08 391260
3.01123e+08 33535.1
3.01179e+08 55894.3
3.03894e+08 2.71586e+06
3.04375e+08 480570
3.04632e+08 257052
3.04632e+08 7.45058
3.05169e+08 536457
3.06353e+08 1.18466e+06
3.06353e+08 7.45058
3.07359e+08 1.00584e+06
3.15847e+08 8.48786e+06
3.15847e+08 7.45058
3.15847e+08 29.8023
3.15847e+08 22.3517
3.15847e+08 52.1541
3.15847e+08 14.9012
3.15948e+08 101417
3.15948e+08 7.45058
3.15949e+08 29.8023
3.15982e+08 33907.6
3.15982e+08 22.3517
3.15982e+08 7.45058
3.16084e+08 102013
3.16084e+08 1
3.16085e+08 103.308
3.16085e+08 96.8575
3.16085e+08 22.3517
3.16085e+08 7.45058
3.16085e+08 7.45058
3.19162e+08 3.07742e+06
3.19397e+08 234835
3.19397e+08 7.45058
3.19397e+08 7.45058
3.22772e+08 3.37522e+06
3.22996e+08 223525
3.22996e+08 7.45058
3.23376e+08 379987
3.23834e+08 458226
3.24538e+08 704095
3.2551e+08 972316
3.26013e+08 502922
3.34669e+08 8.65566e+06
3.34669e+08 7.45058
3.34669e+08 29.8023
3.34669e+08 37.2529
3.34669e+08 59.6046
3.34669e+08 7.45058
3.34759e+08 90219.1
3.34759e+08 7.45058
3.34759e+08 7.45058
3.34805e+08 45232.5
3.34838e+08 33572.3
3.34838e+08 7.45058
3.34907e+08 68567.7
3.34907e+08 7.45058
3.34907e+08 1
3.34907e+08 148.012
3.34907e+08 29.8023
3.34907e+08 14.9012
3.34907e+08 7.45058
3.34907e+08 7.45058
3.38041e+08 3.13424e+06
3.385e+08 458352
3.38622e+08 122942
3.38745e+08 122942
3.41517e+08 2.77169e+06
3.41707e+08 189997
3.42098e+08 391163
3.42456e+08 357635
3.43719e+08 1.2629e+06
3.45071e+08 1.3523e+06
3.45842e+08 771150
3.46245e+08 402376
3.54018e+08 7.77291e+06
3.54018e+08 7.45058
3.54018e+08 37.2529
3.54018e+08 67.0552
3.54029e+08 11220.6
3.54029e+08 22.3517
3.54108e+08 78998.5
3.54108e+08 7.45058
3.54108e+08 7.45058
3.54187e+08 78924
3.54198e+08 11228
3.54198e+08 7.45058
3.54255e+08 57421.6
3.54255e+08 7.45058
3.54255e+08 7.45058
3.54256e+08 81.9564
3.54256e+08 1
3.54256e+08 21.3517
3.54256e+08 22.3517
3.54256e+08 7.45058
3.54256e+08 7.45058
3.5718e+08 2.92485e+06
3.58052e+08 871927
3.58052e+08 7.45058
3.58198e+08 145301
3.61439e+08 3.24107e+06
3.61673e+08 234708
3.62478e+08 804678
3.63227e+08 748798
3.64009e+08 782326
3.64747e+08 737675
3.65809e+08 1.06183e+06
3.65954e+08 145301
3.73861e+08 7.9071e+06
3.73861e+08 22.3517
3.73861e+08 37.2529
3.73861e+08 59.6046
3.73872e+08 11190.8
3.73873e+08 44.7035
3.73952e+08 78991.1
3.73952e+08 29.8023
3.73952e+08 14.9012
3.7403e+08 78886.7
3.74042e+08 11242.9
3.74042e+08 14.9012
3.74099e+08 57637.7
3.74111e+08 11183.3
3.74122e+08 11183.3
3.74155e+08 33542.5
3.74155e+08 7.45058
3.74155e+08 1
3.74178e+08 22365.6
3.74178e+08 7.45058
3.74178e+08 7.45058
3.74178e+08 7.45058
3.77182e+08 3.00411e+06
3.77584e+08 402555
3.77663e+08 78246
3.77998e+08 335298
3.81049e+08 3.05106e+06
3.81809e+08 759974
3.82681e+08 871725
3.83396e+08 715263
3.83999e+08 603542
3.84592e+08 592425
3.86112e+08 1.52007e+06
3.86391e+08 279427
3.94433e+08 8.04136e+06
3.94433e+08 7.45058
3.94444e+08 11205.7
3.94455e+08 11220.6
3.94455e+08 22.3517
3.94455e+08 29.8023
3.94523e+08 67807.7
3.94523e+08 14.9012
3.94523e+08 7.45058
3.94602e+08 78938.9
3.94613e+08 11310
3.94613e+08 37.2529
3.94749e+08 135824
3.94749e+08 7.45058
3.94749e+08 7.45058
3.94749e+08 7.45058
3.94749e+08 7.45058
3.94749e+08 7.45058
3.94749e+08 7.45058
3.94749e+08 1
3.94749e+08 6.45058
3.94749e+08 7.45058
3.94749e+08 7.45058
3.97767e+08 3.01754e+06
3.98069e+08 301890
3.98113e+08 44770.5
3.98862e+08 748843
4.01813e+08 2.95049e+06
4.0274e+08 927612
4.03221e+08 480570
4.03444e+08 223532
4.0483e+08 1.38583e+06
4.05467e+08 637092
4.06831e+08 1.3637e+06
4.07189e+08 357635
4.15487e+08 8.29854e+06
4.15487e+08 37.2529
4.15499e+08 11242.9
4.15499e+08 37.2529
4.15499e+08 7.45058
4.15499e+08 7.45058
4.15566e+08 67748.1
4.15566e+08 29.8023
4.15566e+08 37.2529
4.15657e+08 90204.2
4.15657e+08 126.66
4.15657e+08 29.8023
4.15759e+08 102252
4.15759e+08 7.45058
4.1577e+08 11183.3
4.1577e+08 7.45058
4.15793e+08 22359.2
4.15804e+08 11190.8
4.15804e+08 7.45058
4.15804e+08 7.45058
4.15804e+08 1
4.15804e+08 36.2529
4.15804e+08 7.45058
4.15804e+08 7.45058
4.1896e+08 3.15659e+06
4.19307e+08 346646
4.19698e+08 391178
4.2019e+08 491761
4.23062e+08 2.87224e+06
4.24336e+08 1.27408e+06
4.24716e+08 379987
4.25566e+08 849411
4.26214e+08 648208
4.26963e+08 748873
4.28293e+08 1.33018e+06
4.28528e+08 234716
4.37173e+08 8.64514e+06
4.37173e+08 52.1541
4.37173e+08 59.6046
4.37173e+08 29.8023
4.37173e+08 7.45058
4.37173e+08 7.45058
4.37252e+08 78916.5
4.37252e+08 29.8023
4.37252e+08 7.45058
4.37331e+08 79140.1
4.37331e+08 119.209
4.37331e+08 37.2529
4.37467e+08 135832
4.37467e+08 7.45058
4.37467e+08 7.45058
4.37467e+08 7.45058
4.37478e+08 11190.8
4.37478e+08 7.45058
4.37478e+08 14.9012
4.37478e+08 7.45058
4.37478e+08 7.45058
4.37478e+08 7.45058
4.37478e+08 1
4.37478e+08 6.45058
4.3749e+08 11190.8
4.40406e+08 2.91606e+06
4.41155e+08 748999
4.41646e+08 491753
4.42608e+08 961162
4.44664e+08 2.05639e+06
4.46329e+08 1.66526e+06
4.4672e+08 391170
4.48218e+08 1.4976e+06
4.48397e+08 178821
4.48855e+08 458293
4.50442e+08 1.58728e+06
4.50543e+08 100598
4.59289e+08 8.74578e+06
4.59289e+08 67.0552
4.59311e+08 22441.1
4.59311e+08 37.2529
4.59311e+08 7.45058
4.59311e+08 7.45058
4.59368e+08 56557.4
4.59368e+08 44.7035
4.59368e+08 22.3517
4.59447e+08 79192.2
4.59447e+08 134.11
4.59447e+08 7.45058
4.59572e+08 124641
4.59572e+08 7.45058
4.59572e+08 29.8023
4.59572e+08 7.45058
4.59572e+08 7.45058
4.59572e+08 7.45058
4.59572e+08 22.3517
4.59572e+08 7.45058
4.59583e+08 11205.7
4.59583e+08 7.45058
4.59594e+08 11205.7
4.59594e+08 1
4.59594e+08 6.45058
4.59617e+08 22366.6
4.62933e+08 3.31637e+06
4.63872e+08 938885
4.63872e+08 7.45058
4.64822e+08 949971
4.66376e+08 1.55353e+06
4.68633e+08 2.2576e+06
4.69628e+08 994682
4.70779e+08 1.15114e+06
4.71103e+08 324115
4.7164e+08 536621
4.72679e+08 1.03961e+06
4.73003e+08 324108
4.82118e+08 9.11473e+06
4.82174e+08 55976.2
4.8223e+08 55968.8
4.8223e+08 14.9012
4.8223e+08 7.45058
4.8223e+08 7.45058
4.82287e+08 56549.9
4.82287e+08 67.0552
4.82287e+08 22.3517
4.82366e+08 79214.6
4.82366e+08 141.561
4.82366e+08 7.45058
4.82479e+08 113383
4.82479e+08 7.45058
4.8248e+08 89.407
4.82491e+08 11183.3
4.82491e+08 7.45058
4.82502e+08 11183.3
4.82502e+08 29.8023
4.82513e+08 11183.3
4.82536e+08 22374.1
4.82536e+08 7.45058
4.82547e+08 11272.7
4.82547e+08 7.45058
4.82547e+08 1
4.82547e+08 51.1541
4.82547e+08 22.3517
4.85785e+08 3.23838e+06
4.87149e+08 1.36353e+06
4.87931e+08 782348
4.88065e+08 134118
4.90278e+08 2.2129e+06
4.92033e+08 1.75465e+06
4.92927e+08 894092
4.93709e+08 782341
4.94313e+08 603512
4.9467e+08 357695
4.96291e+08 1.62087e+06
4.96381e+08 89414.4
5.05484e+08 9.1037e+06
5.05485e+08 104.308
5.05541e+08 55998.6
5.05541e+08 7.45058
5.05541e+08 7.45058
5.05541e+08 14.9012
5.05686e+08 145897
5.05687e+08 96.8575
5.05687e+08 22.3517
5.05766e+08 79251.8
5.05788e+08 22523.1
5.05788e+08 29.8023
5.05879e+08 91008.8
5.05879e+08 7.45058
5.05879e+08 14.9012
5.05879e+08 14.9012
5.05879e+08 14.9012
5.05879e+08 14.9012
5.05879e+08 22.3517
5.05913e+08 33579.8
5.05924e+08 11190.8
5.05924e+08 14.9012
5.05947e+08 22448.6
5.05947e+08 7.45058
5.05947e+08 14.9012
5.05947e+08 37.2529
5.05947e+08 1
5.0598e+08 33586.2
5.09996e+08 4.01522e+06
5.11214e+08 1.21826e+06
5.12633e+08 1.41939e+06
5.13181e+08 547655
5.15427e+08 2.24641e+06
5.16646e+08 1.2182e+06
5.17171e+08 525288
5.17998e+08 827052
5.18221e+08 223540
5.18322e+08 100590
5.19764e+08 1.44217e+06
5.19854e+08 89414.4
5.29382e+08 9.52847e+06
5.29494e+08 111841
5.29583e+08 89563.4
5.29583e+08 14.9012
5.29583e+08 7.45058
5.29583e+08 14.9012
5.29763e+08 179447
5.29763e+08 119.209
5.29763e+08 7.45058
5.29842e+08 79229.5
5.29865e+08 22523.1
5.29865e+08 59.6046
5.29956e+08 91061
5.29956e+08 7.45058
5.29956e+08 14.9012
5.29956e+08 7.45058
5.29956e+08 22.3517
5.29956e+08 7.45058
5.2999e+08 33572.3
5.2999e+08 22.3517
5.2999e+08 7.45058
5.2999e+08 7.45058
5.2999e+08 67.0552
5.2999e+08 7.45058
5.2999e+08 7.45058
5.2999e+08 7.45058
5.2999e+08 7.45058
5.2999e+08 1
5.30034e+08 44806.8
5.33585e+08 3.55012e+06
5.34065e+08 480607
5.35719e+08 1.65416e+06
5.3715e+08 1.43055e+06
5.39441e+08 2.29114e+06
5.40939e+08 1.49761e+06
5.42012e+08 1.07297e+06
5.42582e+08 570014
5.42716e+08 134163
5.42749e+08 33542.5
5.44694e+08 1.94513e+06
5.44829e+08 134148
5.53966e+08 9.13729e+06
5.53977e+08 11302.5
5.54056e+08 78417.4
5.54067e+08 11183.3
5.541e+08 33550
5.54112e+08 11190.8
5.54336e+08 224113
5.54403e+08 67196.8
5.54403e+08 7.45058
5.54482e+08 79229.5
5.54505e+08 22567.8
5.54505e+08 44.7035
5.54596e+08 90979
5.54596e+08 37.2529
5.54596e+08 7.45058
5.54596e+08 7.45058
5.54596e+08 7.45058
5.54596e+08 7.45058
5.54596e+08 37.2529
5.54618e+08 22389
5.54618e+08 7.45058
5.54618e+08 7.45058
5.54629e+08 11272.7
5.5463e+08 22.3517
5.5463e+08 7.45058
5.5463e+08 7.45058
5.5463e+08 7.45058
5.5463e+08 29.8023
5.54652e+08 22426.2
5.54652e+08 1
5.58425e+08 3.77272e+06
5.58849e+08 424750
5.59453e+08 603512
5.60202e+08 748806
5.6351e+08 3.30813e+06
5.65376e+08 1.86642e+06
5.66975e+08 1.59827e+06
5.67522e+08 547737
5.6769e+08 167742
5.67724e+08 33564.9
5.70384e+08 2.66031e+06
5.7101e+08 625916
5.79298e+08 8.28806e+06
5.79309e+08 11280.2
5.79399e+08 89615.6
5.79399e+08 22.3517
5.79421e+08 22359.2
5.79421e+08 14.9012
5.79668e+08 246458
5.79724e+08 56073.1
5.79724e+08 14.9012
5.79859e+08 135072
5.79859e+08 260.77
5.79859e+08 67.0552
5.79939e+08 79840.4
5.79961e+08 22366.6
5.79973e+08 11205.7
5.79973e+08 7.45058
5.79973e+08 7.45058
5.79973e+08 7.45058
5.79973e+08 7.45058
5.79973e+08 44.7035
5.79973e+08 14.9012
5.79973e+08 37.2529
5.79984e+08 11250.4
5.79984e+08 7.45058
5.79984e+08 7.45058
5.79984e+08 7.45058
5.79984e+08 14.9012
5.79984e+08 14.9012
5.80018e+08 33579.8
5.80018e+08 14.9012
5.80018e+08 1
5.84001e+08 3.98356e+06
5.84146e+08 145301
5.85331e+08 1.18472e+06
5.86035e+08 704102
5.88047e+08 2.01169e+06
5.89511e+08 1.46408e+06
5.90696e+08 1.18467e+06
5.92696e+08 2.00062e+06
5.93144e+08 447258
5.93244e+08 100620
5.97123e+08 3.87868e+06
5.97268e+08 145324
6.05042e+08 7.77399e+06
6.05143e+08 100672
6.05244e+08 100799
6.05255e+08 11190.8
6.05255e+08 7.45058
6.05255e+08 14.9012
6.05546e+08 291228
6.05602e+08 55991.1
6.05602e+08 7.45058
6.05737e+08 135079
6.05738e+08 357.628
6.05738e+08 74.5058
6.05829e+08 91046.1
6.05851e+08 22374.1
6.05851e+08 14.9012
6.05851e+08 7.45058
6.05851e+08 7.45058
6.05851e+08 14.9012
6.05851e+08 7.45058
6.05851e+08 22.3517
6.05851e+08 7.45058
6.05851e+08 22.3517
6.05851e+08 37.2529
6.05862e+08 11190.8
6.05862e+08 14.9012
6.05862e+08 7.45058
6.05862e+08 14.9012
6.05862e+08 29.8023
6.05874e+08 11205.7
6.05885e+08 11183.3
6.05885e+08 7.45058
6.09677e+08 3.79261e+06
6.09677e+08 1
6.09733e+08 55885.8
6.10024e+08 290610
6.10248e+08 223540
6.1103e+08 782363
6.12047e+08 1.01712e+06
6.13031e+08 983536
6.15344e+08 2.31351e+06
6.17814e+08 2.47001e+06
6.18306e+08 491746
6.23358e+08 5.05225e+06
6.2347e+08 111796
6.27007e+08 3.53738e+06
6.27007e+08 7.45058
6.27041e+08 33564.9
