2057 2000
6057 4000
14057 8000
30057 16000
62057 32000
126057 64000
254057 128000
510057 256000
1.02206e+06 512000
2.04606e+06 1.024e+06
2.99245e+06 946389
2.99245e+06 1
8.23996e+06 5.24751e+06
8.23996e+06 7.45058
9.77609e+06 1.53613e+06
9.77609e+06 1
9.7761e+06 6.45058
1.16323e+07 1.85617e+06
1.16323e+07 7.45058
1.16323e+07 1
1.16323e+07 6.45058
1.42681e+07 2.63577e+06
1.42681e+07 7.45058
1.42681e+07 7.45058
1.42681e+07 7.45058
1.42681e+07 1
1.72428e+07 2.97474e+06
1.72428e+07 7.45058
1.72428e+07 7.45058
1.72428e+07 7.45058
1.72428e+07 7.45058
1.72428e+07 1
2.07988e+07 3.55597e+06
2.07988e+07 7.45058
2.07988e+07 7.45058
2.07988e+07 7.45058
2.07989e+07 7.45058
2.07989e+07 52.1541
2.07989e+07 1
2.50358e+07 4.23692e+06
2.50358e+07 7.45058
2.50358e+07 7.45058
2.50359e+07 14.9012
2.50359e+07 7.45058
2.50359e+07 7.45058
2.50359e+07 7.45058
2.93136e+07 4.27772e+06
2.93136e+07 1
2.93136e+07 28.8023
2.93136e+07 7.45058
2.93136e+07 7.45058
2.93137e+07 7.45058
2.93137e+07 7.45058
2.93137e+07 7.45058
3.40776e+07 4.76391e+06
3.40776e+07 7.45058
3.40776e+07 1
3.41e+07 22410.3
3.41e+07 7.45058
3.41e+07 7.45058
3.41e+07 7.45058
3.41e+07 7.45058
3.41e+07 14.9012
3.94677e+07 5.36768e+06
3.94677e+07 14.9012
3.94677e+07 7.45058
3.94678e+07 52.1541
3.94678e+07 1
3.94678e+07 6.45058
3.94678e+07 14.9012
3.94678e+07 22.3517
3.94678e+07 7.45058
3.9479e+07 11198.2
4.54396e+07 5.96051e+06
4.54396e+07 7.45058
4.54396e+07 14.9012
4.54508e+07 11220.6
4.54508e+07 7.45058
4.54508e+07 1
4.54508e+07 6.45058
4.54509e+07 44.7035
4.55404e+07 89548.5
4.55404e+07 7.45058
4.55516e+07 11198.2
5.1997e+07 6.4454e+06
5.1997e+07 7.45058
5.1997e+07 7.45058
5.19971e+07 52.1541
5.19971e+07 7.45058
5.19971e+07 22.3517
5.19971e+07 7.45058
5.19971e+07 1
5.19971e+07 6.45058
5.20084e+07 11302.5
5.20084e+07 7.45058
5.20085e+07 29.8023
5.9188e+07 7.17955e+06
5.91992e+07 11205.7
5.91992e+07 7.45058
5.92887e+07 89511.3
5.93111e+07 22403.9
5.93224e+07 11220.6
5.93224e+07 7.45058
5.93224e+07 7.45058
5.93224e+07 1
5.93224e+07 6.45058
5.95756e+07 253208
5.95756e+07 7.45058
5.9598e+07 22359.2
6.69002e+07 7.30223e+06
6.69002e+07 7.45058
6.69002e+07 7.45058
6.69115e+07 11317.4
6.70012e+07 89637.9
6.70794e+07 78260.9
6.70794e+07 7.45058
6.70794e+07 7.45058
6.70794e+07 7.45058
6.70794e+07 1
6.70794e+07 6.45058
6.71018e+07 22366.6
6.71018e+07 7.45058
6.71018e+07 7.45058
7.58916e+07 8.78976e+06
7.5914e+07 22381.5
7.60034e+07 89429.3
7.61599e+07 156522
7.63054e+07 145473
7.63166e+07 11183.3
7.6339e+07 22374.1
7.6339e+07 7.45058
7.6339e+07 7.45058
7.6339e+07 7.45058
7.6339e+07 29.8023
7.6339e+07 1
7.6339e+07 6.45058
7.6339e+07 7.45058
7.63502e+07 11183.3
8.48715e+07 8.52129e+06
8.48939e+07 22389
8.48939e+07 7.45058
8.50169e+07 123002
8.53077e+07 290856
8.53078e+07 29.8023
8.5319e+07 11228
8.5319e+07 7.45058
8.5319e+07 7.45058
8.53302e+07 11183.3
8.53414e+07 11235.5
8.53414e+07 7.45058
8.53414e+07 1
8.53415e+07 6.45058
8.53415e+07 7.45058
8.53415e+07 7.45058
9.5026e+07 9.6845e+06
9.51266e+07 100613
9.51266e+07 7.45058
9.52495e+07 122957
9.58532e+07 603646
9.59091e+07 55894.3
9.60656e+07 156514
9.60656e+07 7.45058
9.60656e+07 7.45058
9.60656e+07 14.9012
9.60992e+07 33535.1
9.60992e+07 22.3517
9.60992e+07 7.45058
9.60992e+07 14.9012
9.60992e+07 1
9.60992e+07 6.45058
9.60992e+07 7.45058
1.05527e+08 9.42751e+06
1.0565e+08 122957
1.05717e+08 67062.7
1.05884e+08 167690
1.06298e+08 413701
1.06298e+08 7.45058
1.06298e+08 22.3517
1.06298e+08 7.45058
1.06298e+08 7.45058
1.06298e+08 37.2529
1.06298e+08 7.45058
1.06298e+08 7.45058
1.06298e+08 7.45058
1.06365e+08 67129.7
1.06388e+08 22359.2
1.06388e+08 1
1.06455e+08 67098.9
1.06466e+08 11183.3
1.17135e+08 1.06686e+07
1.17168e+08 33564.9
1.17168e+08 7.45058
1.17235e+08 67077.6
1.17526e+08 290692
1.17526e+08 7.45058
1.17738e+08 212371
1.17738e+08 7.45058
1.17738e+08 7.45058
1.17805e+08 67077.6
1.17805e+08 7.45058
1.17828e+08 22359.2
1.17861e+08 33542.5
1.19538e+08 1.67654e+06
1.19538e+08 7.45058
1.19594e+08 55894.3
1.19683e+08 89444.2
1.19683e+08 1
1.19683e+08 6.45058
1.28866e+08 9.18246e+06
1.28933e+08 67062.7
1.28933e+08 7.45058
1.29022e+08 89429.3
1.29659e+08 637054
1.29659e+08 7.45058
1.2976e+08 100605
1.30017e+08 257075
1.30028e+08 11183.3
1.30509e+08 480592
1.30665e+08 156529
1.30766e+08 100665
1.30967e+08 201210
1.31347e+08 380196
1.31347e+08 7.45058
1.31347e+08 7.45058
1.31359e+08 11190.8
1.31359e+08 7.45058
1.31359e+08 1
1.31359e+08 6.45058
1.42732e+08 1.13734e+07
1.43023e+08 290647
1.43056e+08 33535.1
1.43257e+08 201181
1.43313e+08 55894.3
1.43313e+08 7.45058
1.43313e+08 7.45058
1.4347e+08 156470
1.43514e+08 44718.4
1.4357e+08 55924.1
1.43582e+08 11213.1
1.43705e+08 123039
1.43727e+08 22366.6
1.44096e+08 368983
1.44096e+08 14.9012
1.44096e+08 14.9012
1.44174e+08 78238.5
1.44185e+08 11183.3
1.44197e+08 11190.8
1.4432e+08 122972
1.4432e+08 1
1.55861e+08 1.15412e+07
1.56129e+08 268303
1.56185e+08 55916.6
1.56219e+08 33579.8
1.56286e+08 67085
1.56286e+08 7.45058
1.56286e+08 7.45058
1.56297e+08 11190.8
1.56308e+08 11183.3
1.56364e+08 55901.7
1.5642e+08 55901.7
1.56487e+08 67144.6
1.56487e+08 7.45058
1.57202e+08 715360
1.57213e+08 11183.3
1.57214e+08 7.45058
1.57214e+08 7.45058
1.57247e+08 33542.5
1.57292e+08 44710.9
1.57437e+08 145353
1.57437e+08 7.45058
1.57437e+08 1
1.69415e+08 1.19774e+07
1.69415e+08 89.407
1.69448e+08 33579.8
1.69448e+08 59.6046
1.69582e+08 134125
1.69582e+08 7.45058
1.69694e+08 111781
1.69828e+08 134155
1.69828e+08 14.9012
1.69828e+08 59.6046
1.69873e+08 44740.7
1.70108e+08 234723
1.7013e+08 22366.6
1.70734e+08 603743
1.70734e+08 7.45058
1.70734e+08 29.8023
1.70756e+08 22389
1.70756e+08 22.3517
1.70756e+08 7.45058
1.71114e+08 357762
1.71114e+08 7.45058
1.71114e+08 7.45058
1.82779e+08 1.16644e+07
1.82779e+08 1
1.82879e+08 100671
1.82879e+08 7.45058
1.83002e+08 122957
1.83002e+08 7.45058
1.83002e+08 7.45058
1.83058e+08 55886.8
1.83282e+08 223532
1.83282e+08 22.3517
1.83371e+08 89421.9
1.83494e+08 122957
1.83639e+08 145294
1.83639e+08 7.45058
1.8431e+08 670932
1.8431e+08 7.45058
1.84333e+08 22374.1
1.84333e+08 52.1541
1.84333e+08 7.45058
1.84333e+08 22.3517
1.84556e+08 223614
1.84556e+08 7.45058
1.84556e+08 7.45058
1.96344e+08 1.17874e+07
1.96344e+08 7.45058
1.96344e+08 1
1.96825e+08 480710
1.96858e+08 33542.5
1.9697e+08 111818
1.97071e+08 100642
1.97104e+08 33564.9
1.97339e+08 234701
1.9735e+08 11205.7
1.97428e+08 78238.5
1.97473e+08 44718.4
1.97495e+08 22389
1.97495e+08 7.45058
1.97529e+08 33542.5
1.98245e+08 715628
1.983e+08 55901.7
1.98368e+08 67107.4
1.98412e+08 44763.1
1.98412e+08 22.3517
1.98446e+08 33535.1
1.98479e+08 33557.4
1.98479e+08 7.45058
1.98479e+08 14.9012
2.10345e+08 1.18661e+07
2.10401e+08 55894.3
2.10435e+08 33579.8
2.11094e+08 659451
2.11094e+08 1
2.11106e+08 11189.8
2.11385e+08 279419
2.1153e+08 145383
2.11597e+08 67062.7
2.11631e+08 33542.5
2.11922e+08 290617
2.11955e+08 33542.5
2.12e+08 44725.8
2.12022e+08 22403.9
2.12022e+08 7.45058
2.12056e+08 33557.4
2.12749e+08 693247
2.12771e+08 22359.2
2.12771e+08 7.45058
2.12816e+08 44733.3
2.12894e+08 78253.4
2.12962e+08 67070.1
2.13029e+08 67107.4
2.13051e+08 22359.2
2.13051e+08 7.45058
2.257e+08 1.26488e+07
2.25778e+08 78260.9
2.2608e+08 301771
2.26259e+08 178844
2.26404e+08 145324
2.26404e+08 1
2.2646e+08 55893.3
2.26549e+08 89421.9
2.26929e+08 380144
2.26997e+08 67062.7
2.27175e+08 178851
2.27242e+08 67085
2.27243e+08 37.2529
2.27243e+08 14.9012
2.27265e+08 22411.3
2.27265e+08 14.9012
2.27299e+08 33557.4
2.27969e+08 670820
2.27969e+08 7.45058
2.27969e+08 7.45058
2.28048e+08 78283.3
2.28048e+08 7.45058
2.28081e+08 33542.5
2.28193e+08 111781
2.28294e+08 100590
2.28294e+08 7.45058
2.41703e+08 1.34093e+07
2.41837e+08 134155
2.41904e+08 67092.5
2.41904e+08 7.45058
2.41971e+08 67092.5
2.42228e+08 257067
2.42262e+08 33550
2.42262e+08 1
2.4234e+08 78252.4
2.4281e+08 469521
2.42843e+08 33542.5
2.42966e+08 122972
2.42966e+08 14.9012
2.42966e+08 7.45058
2.42977e+08 11198.2
2.42977e+08 22.3517
2.42989e+08 11205.7
2.43044e+08 55946.4
2.43693e+08 648417
2.43704e+08 11190.8
2.43726e+08 22359.2
2.43794e+08 67077.6
2.43805e+08 11190.8
2.43849e+08 44710.9
2.43849e+08 7.45058
2.43916e+08 67077.6
2.44028e+08 111766
2.58287e+08 1.42592e+07
2.5841e+08 122964
2.58533e+08 122964
2.58545e+08 11190.8
2.5869e+08 145309
2.58757e+08 67062.7
2.58791e+08 33550
2.58791e+08 7.45058
2.58791e+08 1
2.58824e+08 33534.1
2.59349e+08 525311
2.59361e+08 11205.7
2.59361e+08 59.6046
2.59361e+08 7.45058
2.59361e+08 7.45058
2.59361e+08 22.3517
2.59383e+08 22448.6
2.59394e+08 11198.2
2.59707e+08 312991
2.60534e+08 827134
2.60557e+08 22366.6
2.60557e+08 7.45058
2.60613e+08 55886.8
2.60657e+08 44710.9
2.60724e+08 67062.7
2.60724e+08 7.45058
2.60724e+08 7.45058
2.60792e+08 67062.7
2.75509e+08 1.47179e+07
2.75588e+08 78246
2.75632e+08 44710.9
2.75644e+08 11183.3
2.75744e+08 100598
2.75744e+08 7.45058
2.76091e+08 346512
2.76158e+08 67070.1
2.76158e+08 7.45058
2.76225e+08 67070.1
2.76225e+08 1
2.76314e+08 89525.2
2.76326e+08 11205.7
2.76337e+08 11198.2
2.76337e+08 7.45058
2.76337e+08 7.45058
2.76337e+08 29.8023
2.76482e+08 145324
2.76538e+08 55886.8
2.7741e+08 871785
2.77857e+08 447124
2.77946e+08 89421.9
2.7798e+08 33535.1
2.78025e+08 44718.4
2.78025e+08 7.45058
2.78025e+08 7.45058
2.78036e+08 11183.3
2.78058e+08 22374.1
2.78058e+08 7.45058
2.93335e+08 1.52771e+07
2.93391e+08 55894.3
2.93391e+08 7.45058
2.93425e+08 33542.5
2.93425e+08 7.45058
2.93537e+08 111789
2.93704e+08 167698
2.93738e+08 33550
2.93771e+08 33542.5
2.93794e+08 22359.2
2.93794e+08 7.45058
2.93794e+08 1
2.9404e+08 245928
2.94185e+08 145301
2.94386e+08 201173
2.94487e+08 100590
2.94543e+08 55886.8
2.9518e+08 637099
2.95325e+08 145331
2.95325e+08 7.45058
2.9575e+08 424765
2.95873e+08 122972
2.95929e+08 55894.3
2.96007e+08 78246
2.96018e+08 11183.3
2.9604e+08 22374.1
2.9604e+08 7.45058
2.96074e+08 33557.4
2.96108e+08 33535.1
2.9613e+08 22359.2
3.11541e+08 1.54116e+07
3.11553e+08 11183.3
3.11553e+08 7.45058
3.11575e+08 22359.2
3.11609e+08 33542.5
3.11631e+08 22366.6
3.11888e+08 257112
3.11933e+08 44725.8
3.11955e+08 22359.2
3.12011e+08 55886.8
3.12022e+08 11183.3
3.12324e+08 301771
3.13017e+08 692949
3.13017e+08 1
3.13274e+08 257074
3.13296e+08 22359.2
3.13341e+08 44710.9
3.13386e+08 44748.2
3.13554e+08 167690
3.13989e+08 435948
3.14045e+08 55894.3
3.14146e+08 100628
3.14168e+08 22359.2
3.1418e+08 11205.7
3.14191e+08 11190.8
3.14224e+08 33557.4
3.14258e+08 33542.5
3.14258e+08 7.45058
3.14381e+08 123002
3.14414e+08 33542.5
3.14448e+08 33579.8
3.30542e+08 1.60936e+07
3.30542e+08 7.45058
3.30609e+08 67070.1
3.30855e+08 245892
3.30877e+08 22359.2
3.30922e+08 44718.4
3.31257e+08 335298
3.31268e+08 11183.3
3.31279e+08 11190.8
3.31302e+08 22359.2
3.31324e+08 22359.2
3.31715e+08 391200
3.31883e+08 167653
3.31894e+08 11183.3
3.31894e+08 1
3.32118e+08 223606
3.32118e+08 7.45058
3.3214e+08 22359.2
3.32319e+08 178866
3.32643e+08 324182
3.32967e+08 324272
3.32979e+08 11213.1
3.33046e+08 67077.6
3.33057e+08 11205.7
3.33057e+08 29.8023
3.33057e+08 7.45058
3.3309e+08 33535.1
3.3309e+08 7.45058
3.3309e+08 7.45058
3.33157e+08 67062.7
3.33169e+08 11190.8
3.33303e+08 134125
3.50648e+08 1.73456e+07
3.50771e+08 122964
3.51017e+08 245892
3.51353e+08 335284
3.51397e+08 44725.8
3.51408e+08 11198.2
3.5142e+08 11183.3
3.5142e+08 7.45058
3.5142e+08 7.45058
3.5142e+08 7.45058
3.5142e+08 7.45058
3.51442e+08 22389
3.51453e+08 11198.2
3.51476e+08 22366.6
3.51487e+08 11190.8
3.51722e+08 234753
3.51722e+08 1
3.51733e+08 11189.8
3.51733e+08 7.45058
3.52012e+08 279486
3.52381e+08 369087
3.52538e+08 156499
3.52627e+08 89421.9
3.5265e+08 22359.2
3.52728e+08 78246
3.5275e+08 22359.2
3.5275e+08 7.45058
3.5275e+08 7.45058
3.52773e+08 22366.6
3.52773e+08 7.45058
3.52773e+08 7.45058
3.52795e+08 22366.6
3.52829e+08 33564.9
3.70934e+08 1.81059e+07
3.71147e+08 212379
3.71337e+08 190012
3.71337e+08 7.45058
3.71393e+08 55886.8
3.71415e+08 22366.6
3.71415e+08 22.3517
3.71415e+08 14.9012
3.71482e+08 67070.1
3.71493e+08 11190.8
3.71549e+08 55886.8
3.71572e+08 22359.2
3.71583e+08 11190.8
3.71616e+08 33542.5
3.71661e+08 44733.3
3.71751e+08 89421.9
3.71773e+08 22366.6
3.71773e+08 1
3.71784e+08 11189.8
3.71784e+08 7.45058
3.71985e+08 201330
3.72533e+08 547886
3.72813e+08 279434
3.72813e+08 7.45058
3.72846e+08 33535.1
3.72857e+08 11183.3
3.72857e+08 7.45058
3.72869e+08 11198.2
3.72869e+08 7.45058
3.72869e+08 7.45058
3.72902e+08 33542.5
3.72913e+08 11190.8
3.72969e+08 55894.3
3.73137e+08 167675
3.91601e+08 1.84639e+07
3.91813e+08 212371
3.91914e+08 100598
3.91914e+08 7.45058
3.91914e+08 7.45058
3.91914e+08 14.9012
3.9197e+08 55894.3
3.91981e+08 11220.6
3.92104e+08 123009
3.92182e+08 78246
3.9226e+08 78253.4
3.92261e+08 7.45058
3.92294e+08 33535.1
3.9235e+08 55931.5
3.92406e+08 55894.3
3.92406e+08 7.45058
3.92417e+08 11198.2
3.92417e+08 7.45058
3.92451e+08 33564.9
3.92451e+08 1
3.92451e+08 6.45058
3.92529e+08 78305.6
3.93122e+08 592552
3.93412e+08 290617
3.93434e+08 22359.2
3.93457e+08 22359.2
3.93468e+08 11183.3
3.93468e+08 7.45058
3.93468e+08 7.45058
3.93468e+08 14.9012
3.93468e+08 7.45058
3.93569e+08 100590
3.93602e+08 33542.5
3.9368e+08 78246
3.93736e+08 55916.6
4.1229e+08 1.85535e+07
4.12592e+08 301845
4.12793e+08 201210
4.12793e+08 7.45058
4.12804e+08 11198.2
4.12894e+08 89421.9
4.12927e+08 33535.1
4.13005e+08 78238.5
4.13095e+08 89496.4
4.13106e+08 11220.6
4.13151e+08 44725.8
4.13173e+08 22374.1
4.13173e+08 7.45058
4.13386e+08 212371
4.13464e+08 78253.4
4.13464e+08 7.45058
4.13542e+08 78268.3
4.13564e+08 22359.2
4.13576e+08 11190.8
4.13587e+08 11190.8
4.13587e+08 1
4.13598e+08 11212.1
4.13676e+08 78283.3
4.14001e+08 324212
4.14325e+08 324227
4.14358e+08 33535.1
4.14392e+08 33542.5
4.14537e+08 145301
4.1456e+08 22366.6
4.14593e+08 33535.1
4.14593e+08 7.45058
4.14604e+08 11183.3
4.14615e+08 11190.8
4.14638e+08 22366.6
4.14694e+08 55924.1
4.14895e+08 201181
4.33717e+08 1.88221e+07
4.34231e+08 514179
4.34511e+08 279538
4.34533e+08 22374.1
4.34544e+08 11183.3
4.34567e+08 22374.1
4.34589e+08 22366.6
4.34623e+08 33535.1
4.34712e+08 89436.8
4.34768e+08 55916.6
4.34779e+08 11183.3
4.34779e+08 7.45058
4.3479e+08 11205.7
4.34947e+08 156477
4.3507e+08 122987
4.35148e+08 78238.5
4.3526e+08 111826
4.3526e+08 7.45058
4.35282e+08 22403.9
4.35327e+08 44710.9
4.35349e+08 22366.6
4.35472e+08 122957
4.35472e+08 1
4.35618e+08 145293
4.35796e+08 178836
4.36087e+08 290804
4.36087e+08 7.45058
4.36177e+08 89421.9
4.3621e+08 33542.5
4.36266e+08 55886.8
4.363e+08 33542.5
4.363e+08 7.45058
4.363e+08 7.45058
4.36367e+08 67070.1
4.36367e+08 7.45058
4.3649e+08 122972
4.3659e+08 100605
4.54932e+08 1.83418e+07
4.55636e+08 704147
4.56441e+08 804856
4.56553e+08 111803
4.56553e+08 7.45058
4.56564e+08 11190.8
4.5662e+08 55924.1
4.56642e+08 22366.6
4.56743e+08 100598
4.5681e+08 67077.6
4.5681e+08 7.45058
4.5681e+08 7.45058
4.56844e+08 33535.1
4.56944e+08 100598
4.57213e+08 268288
4.57224e+08 11183.3
4.57425e+08 201263
4.57436e+08 11220.6
4.57559e+08 122964
4.57582e+08 22366.6
4.57615e+08 33535.1
4.57738e+08 122964
4.57738e+08 7.45058
4.57738e+08 1
4.57738e+08 6.45058
4.57772e+08 33550
4.58152e+08 380047
4.58152e+08 7.45058
4.58163e+08 11190.8
4.58185e+08 22403.9
4.58208e+08 22381.5
4.58286e+08 78268.3
4.58308e+08 22359.2
4.58342e+08 33550
4.58353e+08 11205.7
4.58364e+08 11183.3
4.58644e+08 279501
4.58733e+08 89429.3
4.77243e+08 1.85097e+07
4.77567e+08 324138
4.78473e+08 905573
4.78618e+08 145301
4.78618e+08 7.45058
4.78651e+08 33535.1
4.78696e+08 44718.4
4.7892e+08 223540
4.79344e+08 424765
4.79579e+08 234745
4.79613e+08 33542.5
4.79758e+08 145324
4.79847e+08 89414.4
4.7987e+08 22359.2
4.79948e+08 78238.5
4.79959e+08 11198.2
4.80026e+08 67107.4
4.80194e+08 167727
4.80272e+08 78268.3
4.80351e+08 78260.9
4.80384e+08 33550
4.80451e+08 67062.7
4.80474e+08 22366.6
4.80496e+08 22359.2
4.80496e+08 1
4.80496e+08 6.45058
4.8063e+08 134125
4.80775e+08 145324
4.80775e+08 7.45058
4.80775e+08 7.45058
4.80865e+08 89421.9
4.80943e+08 78246
4.81088e+08 145353
4.81088e+08 7.45058
4.81111e+08 22359.2
4.81144e+08 33564.9
4.81167e+08 22374.1
4.81346e+08 178933
4.81547e+08 201292
4.99845e+08 1.82976e+07
4.99945e+08 100598
5.01711e+08 1.76618e+06
5.01868e+08 156485
5.01901e+08 33535.1
5.01912e+08 11190.8
5.02024e+08 111774
5.02103e+08 78238.5
5.0255e+08 447080
5.02628e+08 78238.5
5.0274e+08 111766
5.02885e+08 145338
5.02896e+08 11183.3
5.02896e+08 7.45058
5.02896e+08 7.45058
5.02941e+08 44718.4
5.03276e+08 335403
5.03455e+08 178874
5.03466e+08 11220.6
5.03533e+08 67107.4
5.03701e+08 167675
5.03701e+08 7.45058
5.03802e+08 100598
5.03802e+08 7.45058
5.03824e+08 22366.6
5.03835e+08 11190.8
5.03835e+08 1
5.03902e+08 67076.6
5.03992e+08 89421.9
5.03992e+08 7.45058
5.03992e+08 7.45058
5.03992e+08 7.45058
5.04003e+08 11190.8
5.04104e+08 100598
5.04104e+08 7.45058
5.04104e+08 7.45058
5.04227e+08 122942
5.04271e+08 44710.9
5.04551e+08 279449
5.04931e+08 380181
5.22782e+08 1.78509e+07
5.22894e+08 111774
5.25319e+08 2.42557e+06
5.2533e+08 11190.8
5.2533e+08 7.45058
5.25364e+08 33542.5
5.25375e+08 11198.2
5.25375e+08 7.45058
5.25778e+08 402421
5.2599e+08 212379
5.26146e+08 156499
5.26482e+08 335306
5.2656e+08 78246
5.2656e+08 7.45058
5.26582e+08 22359.2
5.26594e+08 11183.3
5.27007e+08 413619
5.27018e+08 11190.8
5.27074e+08 55939
5.27454e+08 380121
5.27544e+08 89421.9
5.27544e+08 7.45058
5.27544e+08 7.45058
5.27555e+08 11198.2
5.27577e+08 22366.6
5.27577e+08 7.45058
5.27622e+08 44710.9
5.27622e+08 1
5.27656e+08 33534.1
5.27712e+08 55886.8
5.27712e+08 7.45058
5.27745e+08 33535.1
5.27779e+08 33542.5
5.27801e+08 22359.2
5.27846e+08 44718.4
5.27846e+08 7.45058
5.27868e+08 22374.1
5.27913e+08 44718.4
5.27913e+08 7.45058
5.28136e+08 223592
5.28639e+08 502959
5.47273e+08 1.86337e+07
5.47295e+08 22374.1
5.49028e+08 1.73242e+06
5.49061e+08 33542.5
5.49106e+08 44718.4
5.49196e+08 89429.3
5.49296e+08 100620
5.49319e+08 22374.1
5.49866e+08 547744
5.49989e+08 123002
5.50157e+08 167675
5.50325e+08 167698
5.50381e+08 55901.7
5.50537e+08 156485
5.50626e+08 89421.9
5.50649e+08 22359.2
5.51174e+08 525348
5.51208e+08 33535.1
5.51666e+08 458345
5.51901e+08 234783
5.51934e+08 33550
5.51968e+08 33557.4
5.52024e+08 55909.2
5.52069e+08 44733.3
5.52102e+08 33535.1
5.52124e+08 22366.6
5.52125e+08 7.45058
5.52158e+08 33542.5
5.52225e+08 67070.1
5.52225e+08 1
5.52236e+08 11182.3
5.52281e+08 44733.3
5.52281e+08 7.45058
5.52315e+08 33542.5
5.52337e+08 22366.6
5.52348e+08 11183.3
5.52348e+08 7.45058
5.52359e+08 11183.3
5.52371e+08 11183.3
5.52393e+08 22359.2
5.52493e+08 100613
5.52538e+08 44710.9
5.7239e+08 1.98523e+07
5.72402e+08 11228
5.72603e+08 201240
5.72614e+08 11190.8
5.72692e+08 78246
5.72827e+08 134140
5.73128e+08 301793
5.73251e+08 122942
5.73833e+08 581302
5.74447e+08 614718
5.74581e+08 134125
5.7485e+08 268266
5.74906e+08 55894.3
5.74939e+08 33535.1
5.74973e+08 33535.1
5.75017e+08 44710.9
5.75677e+08 659436
5.75677e+08 7.45058
5.76448e+08 771366
5.76594e+08 145368
5.76594e+08 7.45058
5.76672e+08 78290.7
5.76694e+08 22374.1
5.7684e+08 145338
5.76862e+08 22359.2
5.77041e+08 178881
5.77074e+08 33564.9
5.77097e+08 22374.1
5.77097e+08 7.45058
5.77097e+08 7.45058
5.77097e+08 1
5.77097e+08 6.45058
5.77209e+08 111781
5.7722e+08 11183.3
5.77365e+08 145324
5.7741e+08 44718.4
5.77432e+08 22359.2
5.77499e+08 67092.5
5.77533e+08 33542.5
5.77533e+08 7.45058
5.77533e+08 14.9012
5.77544e+08 11183.3
5.77566e+08 22359.2
5.97609e+08 2.00425e+07
5.9781e+08 201203
5.98157e+08 346527
5.98224e+08 67085
5.98246e+08 22403.9
5.98347e+08 100657
5.9847e+08 122987
5.98492e+08 22366.6
5.98827e+08 335358
5.99107e+08 279412
5.99129e+08 22366.6
5.99442e+08 313014
5.99476e+08 33542.5
5.99476e+08 7.45058
5.9952e+08 44718.4
5.99554e+08 33535.1
6.00001e+08 447154
6.00102e+08 100605
6.01599e+08 1.4976e+06
6.01856e+08 257097
6.01901e+08 44710.9
6.02069e+08 167757
6.02069e+08 7.45058
6.02248e+08 178859
6.02281e+08 33535.1
6.02337e+08 55946.4
6.0246e+08 123002
6.02639e+08 178903
6.0265e+08 11183.3
6.0265e+08 7.45058
6.02706e+08 55909.2
6.02717e+08 11190.8
6.02717e+08 1
6.02729e+08 11182.3
6.02762e+08 33542.5
6.0293e+08 167727
6.02963e+08 33542.5
6.02986e+08 22374.1
6.03086e+08 100613
6.03154e+08 67077.6
6.03154e+08 7.45058
6.03221e+08 67062.7
6.03232e+08 11190.8
6.03232e+08 14.9012
6.21466e+08 1.82345e+07
6.217e+08 233731
6.22093e+08 392527
