2382 2000
6382 4000
14382 8000
30382 16000
62382 32000
126382 64000
254382 128000
510382 256000
1.02238e+06 512000
2.04638e+06 1.024e+06
4.09438e+06 2.048e+06
4.78093e+06 686550
4.78093e+06 1
8.28278e+06 3.50185e+06
8.2828e+06 14.9012
1.02181e+07 1.93531e+06
1.02181e+07 1
1.02181e+07 6.45058
1.18843e+07 1.66616e+06
1.18955e+07 11190.8
1.18955e+07 1
1.19178e+07 22365.6
1.56573e+07 3.7395e+06
1.56573e+07 7.45058
1.56573e+07 7.45058
1.56574e+07 7.45058
1.56574e+07 1
1.86842e+07 3.02688e+06
1.86842e+07 7.45058
1.86842e+07 7.45058
1.86843e+07 7.45058
1.86843e+07 7.45058
1.86843e+07 1
2.22677e+07 3.58344e+06
2.22901e+07 22366.6
2.22901e+07 7.45058
2.22901e+07 7.45058
2.23124e+07 22366.6
2.23125e+07 7.45058
2.23125e+07 1
2.69835e+07 4.67105e+06
2.69947e+07 11183.3
2.69947e+07 7.45058
2.69947e+07 7.45058
2.69947e+07 7.45058
2.69947e+07 7.45058
2.69947e+07 14.9012
3.11437e+07 4.149e+06
3.11437e+07 1
3.11437e+07 6.45058
3.11549e+07 11190.8
3.11549e+07 7.45058
3.1155e+07 7.45058
3.11662e+07 11198.2
3.11885e+07 22389
3.5771e+07 4.58244e+06
3.5771e+07 7.45058
3.5771e+07 1
3.5771e+07 6.45058
3.58828e+07 111803
3.58828e+07 7.45058
3.58828e+07 7.45058
3.58828e+07 14.9012
3.59499e+07 67107.4
4.11175e+07 5.16759e+06
4.11175e+07 14.9012
4.11176e+07 7.45058
4.11399e+07 22359.2
4.11399e+07 1
4.11847e+07 44762.1
4.11847e+07 7.45058
4.11847e+07 7.45058
4.12518e+07 67070.1
4.12518e+07 29.8023
4.69672e+07 5.71543e+06
4.69672e+07 7.45058
4.69784e+07 11213.1
4.69785e+07 7.45058
4.70344e+07 55901.7
4.70344e+07 1
4.71239e+07 89540.1
4.71574e+07 33542.5
4.71574e+07 7.45058
4.72133e+07 55894.3
4.73139e+07 100605
5.35412e+07 6.22722e+06
5.35412e+07 7.45058
5.35524e+07 11198.2
5.35524e+07 22.3517
5.35524e+07 7.45058
5.35636e+07 11198.2
5.36978e+07 134207
5.36978e+07 1
5.36978e+07 6.45058
5.36978e+07 7.45058
5.3709e+07 11190.8
5.3709e+07 14.9012
6.08269e+07 7.11791e+06
6.08269e+07 7.45058
6.0827e+07 7.45058
6.0827e+07 7.45058
6.0827e+07 22.3517
6.08382e+07 11183.3
6.08494e+07 11228
6.08494e+07 7.45058
6.08494e+07 1
6.08494e+07 6.45058
6.08494e+07 14.9012
6.08606e+07 11213.1
6.08607e+07 22.3517
6.84932e+07 7.63252e+06
6.84932e+07 7.45058
6.84932e+07 7.45058
6.85156e+07 22366.6
6.85156e+07 14.9012
6.85268e+07 11190.8
6.8538e+07 11220.6
6.8538e+07 7.45058
6.8538e+07 7.45058
6.8538e+07 1
6.8538e+07 6.45058
6.8538e+07 7.45058
6.85381e+07 37.2529
6.85493e+07 11235.5
7.6841e+07 8.29172e+06
7.6841e+07 7.45058
7.68522e+07 11190.8
7.68522e+07 7.45058
7.68635e+07 11250.4
7.68858e+07 22374.1
7.6897e+07 11183.3
7.6897e+07 14.9012
7.68971e+07 29.8023
7.68971e+07 22.3517
7.68971e+07 7.45058
7.68971e+07 1
7.68971e+07 6.45058
7.68971e+07 29.8023
7.68972e+07 29.8023
8.57493e+07 8.85217e+06
8.57717e+07 22389
8.57717e+07 7.45058
8.57717e+07 7.45058
8.58165e+07 44770.5
8.58389e+07 22374.1
8.58389e+07 7.45058
8.5906e+07 67099.9
8.5906e+07 7.45058
8.5906e+07 7.45058
8.5906e+07 7.45058
8.5906e+07 7.45058
8.5906e+07 1
8.5906e+07 6.45058
8.59061e+07 29.8023
8.60067e+07 100620
9.49196e+07 8.91291e+06
9.5065e+07 145361
9.5065e+07 7.45058
9.50873e+07 22366.6
9.51768e+07 89459.1
9.5188e+07 11183.3
9.5188e+07 22.3517
9.52215e+07 33535.1
9.52215e+07 7.45058
9.52439e+07 22381.5
9.52439e+07 14.9012
9.52439e+07 7.45058
9.52887e+07 44710.9
9.52887e+07 7.45058
9.52887e+07 1
9.52887e+07 6.45058
9.53669e+07 78260.9
1.04962e+08 9.59479e+06
1.0504e+08 78290.7
1.05074e+08 33557.4
1.05141e+08 67107.4
1.05252e+08 111781
1.05252e+08 7.45058
1.05297e+08 44740.7
1.05297e+08 7.45058
1.05342e+08 44725.8
1.05443e+08 100628
1.05465e+08 22366.6
1.05498e+08 33557.4
1.05499e+08 7.45058
1.05521e+08 22359.2
1.05554e+08 33550
1.05554e+08 1
1.05599e+08 44724.8
1.05633e+08 33535.1
1.15646e+08 1.00136e+07
1.15736e+08 89481.5
1.15747e+08 11198.2
1.15859e+08 111789
1.15903e+08 44710.9
1.15926e+08 22359.2
1.16004e+08 78260.9
1.16038e+08 33550
1.16038e+08 7.45058
1.16183e+08 145383
1.16183e+08 7.45058
1.16183e+08 7.45058
1.16183e+08 7.45058
1.16183e+08 7.45058
1.16317e+08 134207
1.16317e+08 7.45058
1.16373e+08 55886.8
1.16373e+08 1
1.16373e+08 6.45058
1.26972e+08 1.05992e+07
1.27185e+08 212431
1.27263e+08 78246
1.27498e+08 234745
1.27498e+08 7.45058
1.27587e+08 89451.7
1.27587e+08 7.45058
1.27587e+08 7.45058
1.27598e+08 11228
1.27654e+08 55916.6
1.27654e+08 7.45058
1.27654e+08 7.45058
1.27654e+08 7.45058
1.27677e+08 22366.6
1.278e+08 123054
1.278e+08 7.45058
1.278e+08 7.45058
1.278e+08 7.45058
1.278e+08 1
1.278e+08 6.45058
1.39036e+08 1.12364e+07
1.39249e+08 212438
1.3926e+08 11183.3
1.39394e+08 134215
1.39405e+08 11183.3
1.3945e+08 44725.8
1.3945e+08 7.45058
1.39528e+08 78283.3
1.39618e+08 89488.9
1.39629e+08 11190.8
1.39629e+08 7.45058
1.39629e+08 7.45058
1.39629e+08 7.45058
1.39629e+08 7.45058
1.39629e+08 29.8023
1.39629e+08 7.45058
1.39629e+08 7.45058
1.39629e+08 7.45058
1.39629e+08 22.3517
1.39629e+08 7.45058
1.39629e+08 1
1.51572e+08 1.19433e+07
1.51684e+08 111803
1.51684e+08 7.45058
1.51975e+08 290751
1.51986e+08 11190.8
1.5212e+08 134230
1.5212e+08 7.45058
1.52143e+08 22389
1.52187e+08 44748.2
1.52187e+08 7.45058
1.52187e+08 7.45058
1.52199e+08 11183.3
1.52199e+08 7.45058
1.52199e+08 7.45058
1.52199e+08 7.45058
1.52199e+08 7.45058
1.5221e+08 11190.8
1.5221e+08 7.45058
1.5221e+08 7.45058
1.5221e+08 44.7035
1.5221e+08 7.45058
1.5221e+08 1
1.64706e+08 1.2496e+07
1.64829e+08 122979
1.6484e+08 11198.2
1.65064e+08 223652
1.65086e+08 22381.5
1.65109e+08 22418.8
1.65109e+08 14.9012
1.65153e+08 44740.7
1.65164e+08 11183.3
1.65176e+08 11190.8
1.65187e+08 11198.2
1.65187e+08 7.45058
1.65187e+08 7.45058
1.65187e+08 7.45058
1.65198e+08 11213.1
1.65198e+08 29.8023
1.65209e+08 11183.3
1.65209e+08 22.3517
1.65209e+08 22.3517
1.65232e+08 22463.5
1.65243e+08 11205.7
1.65254e+08 11198.2
1.77612e+08 1.23577e+07
1.77612e+08 1
1.77701e+08 89428.3
1.77724e+08 22418.8
1.78059e+08 335440
1.78137e+08 78268.3
1.78182e+08 44815.2
1.78182e+08 22.3517
1.78238e+08 55894.3
1.78249e+08 11228
1.78249e+08 7.45058
1.78261e+08 11198.2
1.78272e+08 11198.2
1.78272e+08 7.45058
1.78272e+08 14.9012
1.78272e+08 7.45058
1.78283e+08 11183.3
1.78283e+08 7.45058
1.78283e+08 7.45058
1.78283e+08 7.45058
1.78283e+08 14.9012
1.78283e+08 29.8023
1.78283e+08 59.6046
1.9149e+08 1.32068e+07
1.91523e+08 33542.5
1.91523e+08 1
1.91591e+08 67136.2
1.91725e+08 134192
1.91982e+08 257157
1.91993e+08 11198.2
1.92015e+08 22359.2
1.92015e+08 14.9012
1.92049e+08 33602.1
1.9206e+08 11220.6
1.9206e+08 22.3517
1.92072e+08 11183.3
1.92083e+08 11198.2
1.92083e+08 7.45058
1.92094e+08 11205.7
1.92105e+08 11190.8
1.92105e+08 14.9012
1.92105e+08 7.45058
1.92105e+08 7.45058
1.92116e+08 11213.1
1.9215e+08 33579.8
1.92161e+08 11220.6
1.92161e+08 22.3517
2.05787e+08 1.36262e+07
2.0581e+08 22359.2
2.0581e+08 7.45058
2.05899e+08 89466.6
2.05899e+08 1
2.05978e+08 78319.5
2.06235e+08 257194
2.06268e+08 33542.5
2.06268e+08 7.45058
2.06291e+08 22359.2
2.06335e+08 44778
2.0638e+08 44815.2
2.06391e+08 11190.8
2.06414e+08 22366.6
2.06436e+08 22381.5
2.06447e+08 11198.2
2.0647e+08 22418.8
2.06481e+08 11190.8
2.06481e+08 7.45058
2.06492e+08 11183.3
2.06492e+08 7.45058
2.06492e+08 7.45058
2.06492e+08 44.7035
2.06559e+08 67137.2
2.06571e+08 11190.8
2.20711e+08 1.41404e+07
2.20744e+08 33542.5
2.20756e+08 11205.7
2.2089e+08 134192
2.2089e+08 7.45058
2.2089e+08 1
2.21058e+08 167712
2.21169e+08 111856
2.21181e+08 11190.8
2.21192e+08 11198.2
2.21225e+08 33542.5
2.21293e+08 67159.5
2.21337e+08 44792.9
2.21349e+08 11198.2
2.2136e+08 11205.7
2.21371e+08 11190.8
2.21371e+08 14.9012
2.21405e+08 33587.2
2.21416e+08 11190.8
2.2146e+08 44718.4
2.21483e+08 22381.5
2.21483e+08 7.45058
2.21483e+08 7.45058
2.21483e+08 14.9012
2.21483e+08 37.2529
2.21494e+08 11242.9
2.36176e+08 1.46816e+07
2.36176e+08 7.45058
2.36265e+08 89444.2
2.36489e+08 223644
2.36489e+08 7.45058
2.36522e+08 33557.4
2.36601e+08 78283.3
2.36601e+08 1
2.36701e+08 100708
2.36713e+08 11183.3
2.36768e+08 55909.2
2.36802e+08 33564.9
2.36824e+08 22463.5
2.3688e+08 55961.3
2.36925e+08 44718.4
2.36936e+08 11205.7
2.36936e+08 7.45058
2.36936e+08 7.45058
2.36992e+08 55916.6
2.36992e+08 7.45058
2.36992e+08 7.45058
2.36992e+08 14.9012
2.36992e+08 7.45058
2.37015e+08 22366.6
2.37026e+08 11190.8
2.37026e+08 22.3517
2.37037e+08 11235.5
2.5238e+08 1.53429e+07
2.52402e+08 22381.5
2.52492e+08 89466.6
2.52548e+08 55931.5
2.52548e+08 7.45058
2.52559e+08 11198.2
2.52648e+08 89436.8
2.5266e+08 11205.7
2.5266e+08 1
2.52805e+08 145419
2.52805e+08 7.45058
2.52861e+08 55931.5
2.52906e+08 44807.8
2.52917e+08 11205.7
2.52962e+08 44778
2.52973e+08 11183.3
2.52984e+08 11198.2
2.52984e+08 7.45058
2.52995e+08 11190.8
2.5304e+08 44740.7
2.5304e+08 7.45058
2.5304e+08 7.45058
2.53051e+08 11198.2
2.53051e+08 7.45058
2.53051e+08 44.7035
2.53051e+08 7.45058
2.53051e+08 7.45058
2.53051e+08 67.0552
2.692e+08 1.61481e+07
2.69222e+08 22374.1
2.693e+08 78260.9
2.69356e+08 55931.5
2.69356e+08 7.45058
2.6939e+08 33572.3
2.6939e+08 7.45058
2.6939e+08 7.45058
2.69412e+08 22359.2
2.69446e+08 33617
2.69446e+08 1
2.69457e+08 11189.8
2.69524e+08 67099.9
2.69569e+08 44785.4
2.69613e+08 44725.8
2.69647e+08 33609.6
2.69647e+08 22.3517
2.69658e+08 11190.8
2.69658e+08 7.45058
2.69658e+08 22.3517
2.69681e+08 22374.1
2.69681e+08 7.45058
2.69681e+08 14.9012
2.69681e+08 7.45058
2.69681e+08 7.45058
2.69692e+08 11265.3
2.69692e+08 7.45058
2.69692e+08 7.45058
2.69703e+08 11198.2
2.86366e+08 1.66625e+07
2.8641e+08 44770.5
2.86422e+08 11220.6
2.86444e+08 22359.2
2.86444e+08 7.45058
2.86567e+08 123031
2.86567e+08 7.45058
2.86567e+08 7.45058
2.86567e+08 29.8023
2.86668e+08 100635
2.86679e+08 11198.2
2.86679e+08 1
2.86679e+08 21.3517
2.86735e+08 55946.4
2.86735e+08 14.9012
2.86757e+08 22389
2.86769e+08 11190.8
2.8678e+08 11220.6
2.8678e+08 7.45058
2.8678e+08 7.45058
2.86791e+08 11198.2
2.86802e+08 11190.8
2.86802e+08 7.45058
2.86802e+08 7.45058
2.86802e+08 7.45058
2.86802e+08 7.45058
2.86825e+08 22448.6
2.86825e+08 7.45058
2.86825e+08 7.45058
2.86825e+08 22.3517
3.0413e+08 1.73058e+07
3.04231e+08 100762
3.04254e+08 22389
3.04254e+08 7.45058
3.04276e+08 22381.5
3.04455e+08 178866
3.04466e+08 11205.7
3.04466e+08 7.45058
3.04578e+08 111870
3.04578e+08 7.45058
3.04578e+08 7.45058
3.04578e+08 7.45058
3.04589e+08 11198.2
3.04589e+08 1
3.04623e+08 33616
3.04623e+08 7.45058
3.04645e+08 22366.6
3.04645e+08 7.45058
3.04645e+08 7.45058
3.04645e+08 7.45058
3.04656e+08 11183.3
3.04668e+08 11220.6
3.0469e+08 22374.1
3.04701e+08 11213.1
3.04701e+08 7.45058
3.04701e+08 7.45058
3.04712e+08 11205.7
3.04746e+08 33646.8
3.04746e+08 7.45058
3.04746e+08 14.9012
3.04757e+08 11220.6
3.22516e+08 1.77584e+07
3.22706e+08 190184
3.22706e+08 44.7035
3.22706e+08 29.8023
3.22751e+08 44740.7
3.22829e+08 78357.8
3.22829e+08 7.45058
3.22829e+08 7.45058
3.22829e+08 7.45058
3.22829e+08 7.45058
3.22829e+08 7.45058
3.22851e+08 22359.2
3.22851e+08 7.45058
3.22863e+08 11183.3
3.22863e+08 1
3.22885e+08 22358.2
3.22885e+08 7.45058
3.22952e+08 67099.9
3.22986e+08 33542.5
3.22986e+08 7.45058
3.2303e+08 44718.4
3.23042e+08 11183.3
3.23131e+08 89533.6
3.23176e+08 44785.4
3.23176e+08 7.45058
3.23176e+08 7.45058
3.23176e+08 14.9012
3.23232e+08 55931.5
3.23254e+08 22418.8
3.23254e+08 7.45058
3.23254e+08 22.3517
3.23254e+08 7.45058
3.41663e+08 1.84086e+07
3.41808e+08 145398
3.41819e+08 11220.6
3.41831e+08 11198.2
3.41864e+08 33535.1
3.41887e+08 22523.1
3.41887e+08 7.45058
3.41887e+08 7.45058
3.41887e+08 7.45058
3.41898e+08 11205.7
3.41909e+08 11190.8
3.41909e+08 7.45058
3.41931e+08 22366.6
3.41931e+08 7.45058
3.41954e+08 22403.9
3.41954e+08 7.45058
3.41954e+08 1
3.4201e+08 55915.6
3.42066e+08 55946.4
3.42066e+08 7.45058
3.42077e+08 11190.8
3.42088e+08 11205.7
3.42088e+08 7.45058
3.42155e+08 67137.2
3.42167e+08 11198.2
3.42167e+08 7.45058
3.42167e+08 7.45058
3.42178e+08 11183.3
3.42211e+08 33572.3
3.42256e+08 44733.3
3.42278e+08 22374.1
3.42323e+08 44710.9
3.42323e+08 7.45058
3.61416e+08 1.90926e+07
3.61461e+08 44822.7
3.61472e+08 11190.8
3.61483e+08 11183.3
3.61483e+08 7.45058
3.61573e+08 89630.5
3.61573e+08 7.45058
3.61573e+08 7.45058
3.61573e+08 22.3517
3.61584e+08 11235.5
3.61617e+08 33579.8
3.61617e+08 29.8023
3.61629e+08 11183.3
3.61629e+08 7.45058
3.6164e+08 11213.1
3.6164e+08 7.45058
3.61662e+08 22374.1
3.61662e+08 1
3.61685e+08 22365.6
3.61741e+08 55961.3
3.61752e+08 11198.2
3.61774e+08 22396.4
3.61774e+08 7.45058
3.61808e+08 33572.3
3.61875e+08 67099.9
3.61886e+08 11205.7
3.61886e+08 7.45058
3.61886e+08 7.45058
3.61886e+08 14.9012
3.61886e+08 52.1541
3.61886e+08 7.45058
3.61931e+08 44725.8
3.61931e+08 7.45058
3.61942e+08 11183.3
3.81607e+08 1.96652e+07
3.81719e+08 111841
3.8173e+08 11205.7
3.81742e+08 11190.8
3.81764e+08 22389
3.81831e+08 67196.8
3.81831e+08 7.45058
3.81831e+08 7.45058
3.81842e+08 11183.3
3.81876e+08 33699
3.81876e+08 67.0552
3.81887e+08 11198.2
3.8191e+08 22366.6
3.81954e+08 44725.8
3.81954e+08 7.45058
3.81977e+08 22389
3.81988e+08 11198.2
3.81988e+08 14.9012
3.81999e+08 11205.7
3.81999e+08 1
3.82089e+08 89495.4
3.82089e+08 22.3517
3.82111e+08 22389
3.82122e+08 11205.7
3.82178e+08 56006
3.82201e+08 22389
3.82201e+08 7.45058
3.82201e+08 7.45058
3.82201e+08 7.45058
3.82212e+08 11190.8
3.82223e+08 11242.9
3.82268e+08 44740.7
3.8229e+08 22381.5
3.8229e+08 7.45058
3.8229e+08 7.45058
4.0233e+08 2.00402e+07
4.0242e+08 89451.7
4.0242e+08 7.45058
4.0242e+08 7.45058
4.02453e+08 33564.9
4.02532e+08 78350.3
4.02532e+08 7.45058
4.02532e+08 14.9012
4.02532e+08 37.2529
4.02532e+08 96.8575
4.02543e+08 11183.3
4.02543e+08 22.3517
4.02543e+08 7.45058
4.02543e+08 7.45058
4.02566e+08 22374.1
4.02599e+08 33557.4
4.02599e+08 7.45058
4.0261e+08 11190.8
4.02677e+08 67092.5
4.02745e+08 67092.5
4.02745e+08 1
4.02912e+08 167831
4.02935e+08 22403.9
4.02957e+08 22426.2
4.02957e+08 7.45058
4.03047e+08 89436.8
4.03047e+08 7.45058
4.03047e+08 7.45058
4.03047e+08 7.45058
4.03058e+08 11250.4
4.03069e+08 11198.2
4.03069e+08 7.45058
4.0308e+08 11183.3
4.03091e+08 11190.8
4.03091e+08 29.8023
4.03092e+08 7.45058
4.23929e+08 2.08379e+07
4.23952e+08 22374.1
4.23952e+08 7.45058
4.23952e+08 7.45058
4.23963e+08 11228
4.24086e+08 123069
4.24086e+08 7.45058
4.24086e+08 7.45058
4.24153e+08 67062.7
4.2422e+08 67152.1
4.2422e+08 14.9012
4.24243e+08 22403.9
4.24243e+08 7.45058
4.24254e+08 11198.2
4.24276e+08 22396.4
4.2431e+08 33609.6
4.2431e+08 52.1541
4.24321e+08 11220.6
4.24355e+08 33535.1
4.24355e+08 29.8023
4.24355e+08 7.45058
4.24366e+08 11213.1
4.24366e+08 1
4.24422e+08 55952.9
4.24489e+08 67077.6
4.245e+08 11183.3
4.24523e+08 22374.1
4.24523e+08 7.45058
4.24523e+08 7.45058
4.24534e+08 11183.3
4.24567e+08 33579.8
4.24601e+08 33542.5
4.24601e+08 7.45058
4.24623e+08 22381.5
4.24657e+08 33550
4.24668e+08 11198.2
4.24668e+08 7.45058
4.45984e+08 2.13162e+07
4.46018e+08 33550
4.46018e+08 7.45058
4.46018e+08 7.45058
4.4604e+08 22411.3
4.46163e+08 122979
4.46186e+08 22366.6
4.46186e+08 7.45058
4.46197e+08 11190.8
4.46298e+08 100709
4.46298e+08 7.45058
4.46365e+08 67122.3
4.46365e+08 7.45058
4.46365e+08 59.6046
4.46387e+08 22411.3
4.46398e+08 11205.7
4.46432e+08 33579.8
4.4651e+08 78350.3
4.46521e+08 11190.8
4.46522e+08 44.7035
4.46533e+08 11183.3
4.46555e+08 22366.6
4.46555e+08 7.45058
4.46555e+08 1
4.46555e+08 13.9012
4.46555e+08 14.9012
4.46566e+08 11183.3
4.46577e+08 11190.8
4.46577e+08 7.45058
4.46578e+08 7.45058
4.46578e+08 7.45058
4.46611e+08 33542.5
4.46645e+08 33550
4.46689e+08 44725.8
4.46712e+08 22381.5
4.46723e+08 11190.8
4.46723e+08 7.45058
4.46723e+08 7.45058
4.68752e+08 2.20286e+07
4.68774e+08 22366.6
4.68774e+08 7.45058
4.68774e+08 7.45058
4.68785e+08 11183.3
4.68852e+08 67107.4
4.68863e+08 11228
4.68863e+08 7.45058
4.68875e+08 11228
4.68942e+08 67159.5
4.69009e+08 67114.8
4.69054e+08 44792.9
4.69054e+08 7.45058
4.69099e+08 44792.9
4.69166e+08 67107.4
4.69188e+08 22411.3
4.69233e+08 44733.3
4.69266e+08 33609.6
4.69278e+08 11183.3
4.69289e+08 11190.8
4.69289e+08 7.45058
4.69289e+08 7.45058
4.69289e+08 7.45058
4.69289e+08 7.45058
4.69289e+08 1
4.69289e+08 6.45058
4.693e+08 11205.7
4.69311e+08 11183.3
4.69334e+08 22374.1
4.69334e+08 7.45058
4.69334e+08 7.45058
4.69334e+08 29.8023
4.69356e+08 22366.6
4.69367e+08 11183.3
4.69367e+08 7.45058
4.69378e+08 11183.3
4.69401e+08 22359.2
4.69412e+08 11183.3
4.69412e+08 7.45058
4.92027e+08 2.26149e+07
4.92038e+08 11228
4.92038e+08 7.45058
4.92038e+08 22.3517
4.92083e+08 44725.8
4.9215e+08 67114.8
4.92172e+08 22374.1
4.92172e+08 7.45058
4.92184e+08 11205.7
4.92217e+08 33587.2
4.9224e+08 22493.3
4.92329e+08 89444.2
4.92329e+08 7.45058
4.92396e+08 67092.5
4.92419e+08 22418.8
4.9253e+08 111885
4.9253e+08 22.3517
4.92609e+08 78298.2
4.92609e+08 14.9012
4.9262e+08 11183.3
4.92631e+08 11190.8
4.92631e+08 14.9012
4.92631e+08 14.9012
4.92631e+08 14.9012
4.92631e+08 7.45058
4.92631e+08 7.45058
4.92631e+08 1
4.92642e+08 11189.8
4.92665e+08 22374.1
4.92676e+08 11183.3
4.92676e+08 7.45058
4.92676e+08 7.45058
4.92698e+08 22396.4
4.92743e+08 44755.6
4.92777e+08 33550
4.92777e+08 7.45058
4.92777e+08 29.8023
4.92777e+08 7.45058
4.92777e+08 7.45058
4.92777e+08 7.45058
5.15968e+08 2.31917e+07
5.1598e+08 11205.7
5.1598e+08 7.45058
5.15991e+08 11190.8
5.16013e+08 22359.2
5.16036e+08 22366.6
5.16036e+08 7.45058
5.16036e+08 7.45058
5.16036e+08 7.45058
5.16036e+08 7.45058
5.16114e+08 78417.4
5.16114e+08 37.2529
5.16114e+08 7.45058
5.16114e+08 52.1541
5.16125e+08 11242.9
5.16271e+08 145420
5.16282e+08 11198.2
5.16371e+08 89466.6
5.16394e+08 22359.2
5.16416e+08 22359.2
5.16439e+08 22359.2
5.16461e+08 22366.6
5.16461e+08 7.45058
5.16461e+08 7.45058
5.16472e+08 11213.1
5.16472e+08 7.45058
5.16483e+08 11220.6
5.16483e+08 1
5.16495e+08 11197.2
5.16517e+08 22396.4
5.16517e+08 7.45058
5.16517e+08 7.45058
5.16539e+08 22366.6
5.16539e+08 7.45058
5.16573e+08 33550
5.16595e+08 22366.6
5.16606e+08 11205.7
5.16606e+08 7.45058
5.16606e+08 7.45058
5.16606e+08 7.45058
5.16629e+08 22366.6
5.40315e+08 2.36861e+07
5.40337e+08 22359.2
5.40348e+08 11183.3
5.4036e+08 11190.8
5.40416e+08 55894.3
5.40416e+08 7.45058
5.40416e+08 7.45058
5.40427e+08 11183.3
5.40427e+08 7.45058
5.40427e+08 7.45058
5.40483e+08 55939
5.40483e+08 96.8575
5.40483e+08 7.45058
5.40494e+08 11295.1
5.40539e+08 44800.3
5.40684e+08 145458
5.40718e+08 33579.8
5.4083e+08 111878
5.40852e+08 22359.2
5.40875e+08 22366.6
5.40875e+08 7.45058
5.40875e+08 7.45058
5.40875e+08 7.45058
5.40875e+08 14.9012
5.40919e+08 44740.7
5.40919e+08 7.45058
5.40931e+08 11190.8
5.40953e+08 22359.2
5.40953e+08 7.45058
5.40953e+08 1
5.40975e+08 22365.6
5.40975e+08 7.45058
5.40998e+08 22366.6
5.40998e+08 7.45058
5.40998e+08 7.45058
5.41031e+08 33542.5
5.41054e+08 22366.6
5.41054e+08 44.7035
5.41054e+08 7.45058
5.41065e+08 11190.8
5.41065e+08 37.2529
5.41076e+08 11198.2
5.654e+08 2.43237e+07
5.654e+08 7.45058
5.654e+08 7.45058
5.65422e+08 22359.2
5.65422e+08 7.45058
5.65444e+08 22366.6
5.65456e+08 11183.3
5.65456e+08 7.45058
5.65456e+08 7.45058
5.65467e+08 11205.7
5.65467e+08 7.45058
5.65478e+08 11190.8
5.65478e+08 7.45058
5.65478e+08 171.363
5.6549e+08 11317.4
5.65602e+08 111945
5.65669e+08 67189.3
5.65758e+08 89518.7
5.65769e+08 11198.2
5.65769e+08 7.45058
5.65792e+08 22359.2
5.65792e+08 7.45058
5.65803e+08 11190.8
5.65803e+08 7.45058
5.65803e+08 22.3517
5.65825e+08 22374.1
5.65825e+08 7.45058
5.65848e+08 22359.2
5.65848e+08 7.45058
5.65859e+08 11190.8
5.65859e+08 1
5.65859e+08 6.45058
5.6587e+08 11183.3
5.6587e+08 7.45058
5.6587e+08 7.45058
5.65893e+08 22389
5.65948e+08 55901.7
5.65971e+08 22381.5
5.66016e+08 44725.8
5.66027e+08 11183.3
5.66038e+08 11190.8
5.6606e+08 22359.2
5.66094e+08 33579.8
5.91007e+08 2.49136e+07
5.91007e+08 7.45058
5.91052e+08 44763.1
5.91052e+08 7.45058
5.91075e+08 22359.2
5.91075e+08 7.45058
5.91075e+08 7.45058
5.91075e+08 7.45058
5.91075e+08 7.45058
5.91075e+08 7.45058
5.91097e+08 22359.2
5.91097e+08 7.45058
5.91097e+08 7.45058
5.91108e+08 11354.7
5.91164e+08 55961.3
5.91209e+08 44830.1
5.91243e+08 33825.6
5.91355e+08 111863
5.91355e+08 7.45058
5.91388e+08 33542.5
5.91388e+08 7.45058
5.91411e+08 22366.6
5.91411e+08 14.9012
5.91411e+08 7.45058
5.91422e+08 11183.3
5.91422e+08 14.9012
5.91444e+08 22359.2
5.91444e+08 7.45058
5.91444e+08 7.45058
5.91456e+08 11183.3
5.91456e+08 7.45058
5.91456e+08 7.45058
5.91456e+08 1
5.91456e+08 6.45058
5.91456e+08 7.45058
5.91467e+08 11183.3
5.91489e+08 22426.2
5.91512e+08 22381.5
5.91567e+08 55894.3
5.91668e+08 100628
5.91679e+08 11183.3
5.91702e+08 22381.5
5.91758e+08 55901.7
5.91858e+08 100650
6.16762e+08 2.49042e+07
6.16762e+08 7.45058
6.16796e+08 33557.4
