2488 2000
6488 4000
14488 8000
30488 16000
62488 32000
126488 64000
254488 128000
510488 256000
1.02249e+06 512000
2.04649e+06 1.024e+06
4.09449e+06 2.048e+06
4.80427e+06 709786
4.80427e+06 1
8.35051e+06 3.54623e+06
8.35051e+06 7.45058
9.51694e+06 1.16643e+06
9.51694e+06 1
9.51696e+06 17
1.18399e+07 2.32297e+06
1.18399e+07 7.45058
1.18399e+07 1
1.18399e+07 6.45058
1.43557e+07 2.51576e+06
1.43893e+07 33609.6
1.43893e+07 22.3517
1.44117e+07 22389
1.44117e+07 1
1.66289e+07 2.21718e+06
1.68191e+07 190169
1.69532e+07 134118
1.70762e+07 122964
1.70985e+07 22374.1
1.70985e+07 1
1.99055e+07 2.80693e+06
2.04309e+07 525475
2.04421e+07 11190.8
2.04421e+07 7.45058
2.04421e+07 7.45058
2.04422e+07 7.45058
2.04422e+07 1
2.37076e+07 3.26545e+06
2.41885e+07 480868
2.4222e+07 33535.1
2.43002e+07 78238.5
2.43226e+07 22359.2
2.43338e+07 11183.3
2.4345e+07 11183.3
2.77002e+07 3.3552e+06
2.77002e+07 1
2.81922e+07 492028
2.82034e+07 11183.3
2.82034e+07 7.45058
2.82034e+07 7.45058
2.82146e+07 11183.3
2.82146e+07 7.45058
3.22785e+07 4.06389e+06
3.22785e+07 7.45058
3.22785e+07 1
3.30164e+07 737912
3.30276e+07 11213.1
3.30835e+07 55901.7
3.3117e+07 33535.1
3.31282e+07 11183.3
3.31841e+07 55909.2
3.75142e+07 4.33008e+06
3.75142e+07 7.45058
3.75254e+07 11183.3
3.82187e+07 693291
3.82187e+07 1
3.83305e+07 111810
3.83305e+07 7.45058
3.83305e+07 7.45058
3.83641e+07 33535.1
3.84088e+07 44718.4
4.32376e+07 4.82884e+06
4.32376e+07 22.3517
4.32376e+07 14.9012
4.39533e+07 715643
4.39533e+07 7.45058
4.39533e+07 1
4.42551e+07 301815
4.42663e+07 11183.3
4.42887e+07 22359.2
4.43222e+07 33557.4
4.43781e+07 55901.7
4.95335e+07 5.15538e+06
4.95335e+07 14.9012
4.95336e+07 44.7035
5.05175e+07 983976
5.05734e+07 55894.3
5.05734e+07 7.45058
5.08082e+07 234768
5.08082e+07 1
5.08194e+07 11204.7
5.08194e+07 7.45058
5.0853e+07 33587.2
5.08754e+07 22359.2
5.64822e+07 5.60686e+06
5.64822e+07 22.3517
5.64823e+07 14.9012
5.73209e+07 838645
5.74216e+07 100665
5.74439e+07 22359.2
5.76787e+07 234790
5.76787e+07 14.9012
5.76787e+07 1
5.77011e+07 22365.6
5.77011e+07 7.45058
5.78129e+07 111811
5.78129e+07 14.9012
6.40848e+07 6.27189e+06
6.40848e+07 22.3517
6.4096e+07 11190.8
6.50912e+07 995129
6.53484e+07 257291
6.53485e+07 7.45058
6.53932e+07 44710.9
6.53932e+07 22.3517
6.54156e+07 22366.6
6.54156e+07 1
6.54156e+07 6.45058
6.54156e+07 7.45058
6.5438e+07 22411.3
6.5438e+07 7.45058
7.21157e+07 6.67767e+06
7.2138e+07 22366.6
7.21716e+07 33564.9
7.28985e+07 726871
7.34912e+07 592686
7.34912e+07 7.45058
7.35024e+07 11198.2
7.35136e+07 11198.2
7.35136e+07 7.45058
7.35136e+07 14.9012
7.35136e+07 7.45058
7.35136e+07 1
7.35136e+07 6.45058
7.35807e+07 67114.8
7.35807e+07 7.45058
8.0788e+07 7.2073e+06
8.0788e+07 7.45058
8.08328e+07 44733.3
8.16602e+07 827461
8.22753e+07 615075
8.22753e+07 7.45058
8.22753e+07 14.9012
8.22977e+07 22374.1
8.22977e+07 22.3517
8.23536e+07 55931.5
8.23648e+07 11190.8
8.23648e+07 7.45058
8.23648e+07 1
8.23649e+07 6.45058
8.23649e+07 14.9012
8.23649e+07 7.45058
9.00309e+07 7.66607e+06
9.00533e+07 22381.5
9.01539e+07 100598
9.10708e+07 916876
9.15853e+07 514522
9.16077e+07 22366.6
9.16748e+07 67114.8
9.16748e+07 7.45058
9.16748e+07 14.9012
9.16749e+07 37.2529
9.16749e+07 7.45058
9.16749e+07 14.9012
9.16749e+07 7.45058
9.16749e+07 44.7035
9.16749e+07 1
9.16861e+07 11189.8
9.16861e+07 7.45058
9.99502e+07 8.26409e+06
1.00028e+08 78246
1.00051e+08 22374.1
1.00923e+08 872247
1.01516e+08 592723
1.01516e+08 7.45058
1.01583e+08 67114.8
1.01583e+08 7.45058
1.01583e+08 44.7035
1.01617e+08 33587.2
1.01617e+08 14.9012
1.01617e+08 7.45058
1.01628e+08 11198.2
1.01639e+08 11198.2
1.01639e+08 7.45058
1.01639e+08 1
1.01639e+08 6.45058
1.01639e+08 44.7035
1.10463e+08 8.82358e+06
1.10519e+08 55931.5
1.10574e+08 55916.6
1.11704e+08 1.12933e+06
1.12073e+08 369228
1.12073e+08 7.45058
1.12095e+08 22381.5
1.12107e+08 11183.3
1.12129e+08 22366.6
1.1214e+08 11220.6
1.1214e+08 7.45058
1.1214e+08 7.45058
1.1214e+08 22.3517
1.1214e+08 7.45058
1.1214e+08 7.45058
1.1214e+08 7.45058
1.1214e+08 7.45058
1.1214e+08 1
1.1214e+08 6.45058
1.21738e+08 9.59781e+06
1.2176e+08 22374.1
1.21805e+08 44740.7
1.23035e+08 1.23e+06
1.23393e+08 358000
1.23404e+08 11190.8
1.23427e+08 22389
1.23427e+08 7.45058
1.23438e+08 11190.8
1.2346e+08 22403.9
1.2346e+08 7.45058
1.2346e+08 7.45058
1.2346e+08 7.45058
1.2346e+08 7.45058
1.2346e+08 7.45058
1.2346e+08 7.45058
1.2346e+08 7.45058
1.2346e+08 7.45058
1.2346e+08 1
1.2346e+08 6.45058
1.33527e+08 1.00665e+07
1.33549e+08 22381.5
1.33605e+08 55931.5
1.34813e+08 1.20763e+06
1.35227e+08 413932
1.35238e+08 11205.7
1.35238e+08 14.9012
1.35238e+08 7.45058
1.35272e+08 33542.5
1.35272e+08 7.45058
1.35272e+08 7.45058
1.35272e+08 7.45058
1.35272e+08 7.45058
1.35272e+08 7.45058
1.35272e+08 7.45058
1.35272e+08 44.7035
1.35272e+08 7.45058
1.35294e+08 22366.6
1.35294e+08 7.45058
1.35294e+08 7.45058
1.35294e+08 1
1.45772e+08 1.04784e+07
1.45795e+08 22396.4
1.45828e+08 33579.8
1.47125e+08 1.29708e+06
1.47528e+08 402778
1.47539e+08 11205.7
1.47539e+08 7.45058
1.47551e+08 11183.3
1.47551e+08 7.45058
1.47551e+08 7.45058
1.47551e+08 7.45058
1.47595e+08 44710.9
1.47618e+08 22359.2
1.47629e+08 11183.3
1.47629e+08 7.45058
1.47651e+08 22396.4
1.47651e+08 7.45058
1.47651e+08 14.9012
1.47651e+08 7.45058
1.47651e+08 7.45058
1.47651e+08 7.45058
1.47651e+08 1
1.58596e+08 1.0945e+07
1.58675e+08 78260.9
1.58708e+08 33542.5
1.60016e+08 1.30828e+06
1.60453e+08 436351
1.60475e+08 22403.9
1.60475e+08 22.3517
1.60475e+08 7.45058
1.60475e+08 7.45058
1.60475e+08 7.45058
1.60475e+08 7.45058
1.60475e+08 7.45058
1.60475e+08 7.45058
1.60475e+08 7.45058
1.60475e+08 7.45058
1.60475e+08 7.45058
1.60475e+08 7.45058
1.60475e+08 7.45058
1.60475e+08 7.45058
1.60475e+08 7.45058
1.60475e+08 7.45058
1.60475e+08 7.45058
1.71705e+08 1.12298e+07
1.71705e+08 1
1.7175e+08 44762.1
1.7175e+08 14.9012
1.72935e+08 1.18538e+06
1.73495e+08 559300
1.73506e+08 11213.1
1.73517e+08 11190.8
1.73517e+08 7.45058
1.73517e+08 14.9012
1.73528e+08 11205.7
1.73528e+08 7.45058
1.73528e+08 7.45058
1.73528e+08 7.45058
1.73528e+08 7.45058
1.73539e+08 11190.8
1.73539e+08 7.45058
1.73551e+08 11190.8
1.73551e+08 7.45058
1.73551e+08 7.45058
1.73551e+08 7.45058
1.73562e+08 11183.3
1.73573e+08 11205.7
1.85136e+08 1.1563e+07
1.85136e+08 7.45058
1.85136e+08 1
1.85237e+08 100619
1.8527e+08 33535.1
1.86601e+08 1.33071e+06
1.87026e+08 425190
1.87037e+08 11250.4
1.87037e+08 29.8023
1.87037e+08 7.45058
1.87037e+08 7.45058
1.87037e+08 7.45058
1.87037e+08 7.45058
1.87038e+08 7.45058
1.87038e+08 7.45058
1.87049e+08 11198.2
1.87049e+08 7.45058
1.87049e+08 7.45058
1.8706e+08 11183.3
1.87071e+08 11183.3
1.87071e+08 7.45058
1.87071e+08 7.45058
1.87071e+08 7.45058
1.87082e+08 11190.8
1.99126e+08 1.20439e+07
1.9916e+08 33535.1
1.99205e+08 44725.8
1.9935e+08 145309
1.9935e+08 1
1.99361e+08 11182.3
2.00871e+08 1.5096e+06
2.01128e+08 257514
2.01139e+08 11295.1
2.01139e+08 7.45058
2.01139e+08 7.45058
2.01139e+08 7.45058
2.01139e+08 7.45058
2.01139e+08 7.45058
2.01139e+08 7.45058
2.01139e+08 7.45058
2.01139e+08 7.45058
2.01139e+08 7.45058
2.01139e+08 7.45058
2.01139e+08 7.45058
2.01139e+08 7.45058
2.0114e+08 7.45058
2.0114e+08 7.45058
2.0114e+08 7.45058
2.01173e+08 33564.9
2.13874e+08 1.27009e+07
2.13885e+08 11183.3
2.14042e+08 156514
2.14064e+08 22389
2.14075e+08 11198.2
2.14075e+08 1
2.14086e+08 11182.3
2.15652e+08 1.56542e+06
2.15921e+08 268698
2.15954e+08 33646.8
2.15954e+08 7.45058
2.15965e+08 11198.2
2.15977e+08 11183.3
2.15977e+08 7.45058
2.15977e+08 7.45058
2.15977e+08 7.45058
2.15977e+08 7.45058
2.15977e+08 7.45058
2.15977e+08 7.45058
2.15977e+08 7.45058
2.15977e+08 7.45058
2.15977e+08 7.45058
2.15977e+08 7.45058
2.15977e+08 7.45058
2.15977e+08 7.45058
2.15999e+08 22403.9
2.29242e+08 1.32431e+07
2.29253e+08 11213.1
2.29332e+08 78268.3
2.29343e+08 11198.2
2.29399e+08 55894.3
2.29443e+08 44710.9
2.29466e+08 22366.6
2.29466e+08 1
2.31098e+08 1.63244e+06
2.31322e+08 223987
2.31345e+08 22493.3
2.31356e+08 11190.8
2.31356e+08 14.9012
2.31356e+08 7.45058
2.31367e+08 11183.3
2.31367e+08 7.45058
2.31367e+08 7.45058
2.31367e+08 7.45058
2.31367e+08 7.45058
2.31367e+08 7.45058
2.31367e+08 7.45058
2.31367e+08 7.45058
2.31367e+08 7.45058
2.3139e+08 22359.2
2.3139e+08 7.45058
2.3139e+08 7.45058
2.31434e+08 44755.6
2.45196e+08 1.37619e+07
2.45308e+08 111789
2.45409e+08 100605
2.45498e+08 89414.4
2.45498e+08 7.45058
2.45498e+08 7.45058
2.45554e+08 55894.3
2.45554e+08 7.45058
2.45554e+08 1
2.47142e+08 1.58771e+06
2.47332e+08 190496
2.47399e+08 67219.1
2.47399e+08 7.45058
2.47422e+08 22359.2
2.47422e+08 7.45058
2.47422e+08 7.45058
2.47444e+08 22366.6
2.47466e+08 22359.2
2.47467e+08 7.45058
2.47467e+08 7.45058
2.47467e+08 7.45058
2.47467e+08 7.45058
2.47467e+08 7.45058
2.47467e+08 7.45058
2.47467e+08 7.45058
2.47467e+08 7.45058
2.47467e+08 7.45058
2.475e+08 33579.8
2.61593e+08 1.40924e+07
2.61749e+08 156492
2.61894e+08 145294
2.61928e+08 33535.1
2.61928e+08 7.45058
2.61961e+08 33535.1
2.61961e+08 7.45058
2.61973e+08 11190.8
2.62006e+08 33535.1
2.63672e+08 1.66598e+06
2.63672e+08 1
2.63874e+08 201634
2.64019e+08 145510
2.64019e+08 7.45058
2.64019e+08 7.45058
2.64019e+08 7.45058
2.64019e+08 7.45058
2.64019e+08 7.45058
2.64019e+08 7.45058
2.64019e+08 7.45058
2.64019e+08 7.45058
2.64031e+08 11183.3
2.64031e+08 7.45058
2.64031e+08 7.45058
2.64031e+08 7.45058
2.64031e+08 7.45058
2.64031e+08 7.45058
2.64042e+08 11183.3
2.64176e+08 134192
2.786e+08 1.44243e+07
2.78846e+08 245899
2.78846e+08 14.9012
2.78891e+08 44718.4
2.79003e+08 111766
2.79025e+08 22359.2
2.79047e+08 22359.2
2.79114e+08 67070.1
2.79114e+08 7.45058
2.80792e+08 1.67719e+06
2.80792e+08 14.9012
2.80792e+08 1
2.81049e+08 257506
2.81273e+08 223763
2.81284e+08 11183.3
2.81284e+08 7.45058
2.81284e+08 7.45058
2.81284e+08 7.45058
2.81284e+08 7.45058
2.81284e+08 7.45058
2.81284e+08 7.45058
2.81295e+08 11183.3
2.81295e+08 7.45058
2.81295e+08 7.45058
2.81295e+08 14.9012
2.81295e+08 7.45058
2.81295e+08 7.45058
2.81295e+08 22.3517
2.81295e+08 7.45058
2.81363e+08 67122.3
2.963e+08 1.49376e+07
2.96423e+08 122957
2.96535e+08 111774
2.96613e+08 78253.4
2.96647e+08 33535.1
2.96647e+08 7.45058
2.96647e+08 7.45058
2.96747e+08 100590
2.9677e+08 22359.2
2.98469e+08 1.69957e+06
2.98469e+08 7.45058
2.9848e+08 11190.8
2.98827e+08 346921
2.98827e+08 1
2.98984e+08 156729
2.98984e+08 7.45058
2.98984e+08 7.45058
2.98984e+08 7.45058
2.98984e+08 7.45058
2.98995e+08 11183.3
2.98995e+08 7.45058
2.98995e+08 7.45058
2.98995e+08 7.45058
2.99018e+08 22366.6
2.99018e+08 7.45058
2.99018e+08 7.45058
2.9904e+08 22366.6
2.9904e+08 7.45058
2.99051e+08 11183.3
2.99074e+08 22381.5
2.9913e+08 55916.6
3.14595e+08 1.54659e+07
3.14797e+08 201203
3.14841e+08 44710.9
3.14942e+08 100613
3.14953e+08 11183.3
3.14953e+08 7.45058
3.14987e+08 33535.1
3.15054e+08 67070.1
3.15076e+08 22366.6
3.16809e+08 1.73311e+06
3.16809e+08 7.45058
3.16843e+08 33542.5
3.17089e+08 246316
3.17112e+08 22411.3
3.17112e+08 1
3.17224e+08 112018
3.17224e+08 14.9012
3.17224e+08 7.45058
3.17246e+08 22359.2
3.17246e+08 7.45058
3.17246e+08 7.45058
3.17246e+08 7.45058
3.17246e+08 7.45058
3.17246e+08 7.45058
3.17268e+08 22374.1
3.17268e+08 7.45058
3.17358e+08 89436.8
3.17358e+08 7.45058
3.17358e+08 7.45058
3.17369e+08 11190.8
3.17369e+08 7.45058
3.17458e+08 89459.1
3.33414e+08 1.59552e+07
3.33559e+08 145324
3.33593e+08 33542.5
3.33783e+08 190027
3.33783e+08 7.45058
3.33794e+08 11183.3
3.33827e+08 33535.1
3.33906e+08 78253.4
3.33928e+08 22359.2
3.3575e+08 1.8225e+06
3.3575e+08 7.45058
3.3575e+08 7.45058
3.35952e+08 201643
3.35952e+08 111.759
3.35952e+08 7.45058
3.36176e+08 223778
3.36176e+08 1
3.36198e+08 22358.2
3.36198e+08 7.45058
3.36198e+08 7.45058
3.36198e+08 7.45058
3.36232e+08 33557.4
3.36232e+08 7.45058
3.36265e+08 33542.5
3.36333e+08 67077.6
3.36333e+08 7.45058
3.36333e+08 7.45058
3.36355e+08 22359.2
3.36355e+08 7.45058
3.36355e+08 7.45058
3.36355e+08 7.45058
3.36388e+08 33557.4
3.36489e+08 100635
3.52887e+08 1.6398e+07
3.52988e+08 100613
3.53055e+08 67077.6
3.5329e+08 234738
3.53323e+08 33535.1
3.53323e+08 7.45058
3.53323e+08 7.45058
3.53401e+08 78253.4
3.53401e+08 7.45058
3.5528e+08 1.87837e+06
3.5528e+08 7.45058
3.55291e+08 11183.3
3.55448e+08 156976
3.5547e+08 22426.2
3.5547e+08 7.45058
3.55694e+08 223823
3.55694e+08 7.45058
3.55694e+08 1
3.55728e+08 33549
3.55739e+08 11183.3
3.55761e+08 22359.2
3.55817e+08 55916.6
3.55839e+08 22366.6
3.5584e+08 7.45058
3.55851e+08 11190.8
3.55862e+08 11183.3
3.55873e+08 11183.3
3.55884e+08 11183.3
3.55895e+08 11183.3
3.55895e+08 37.2529
3.55895e+08 7.45058
3.55895e+08 7.45058
3.55996e+08 100605
3.56052e+08 55909.2
3.72962e+08 1.69103e+07
3.73007e+08 44733.3
3.73063e+08 55909.2
3.73376e+08 312991
3.73432e+08 55886.8
3.73443e+08 11190.8
3.73443e+08 7.45058
3.73499e+08 55894.3
3.73521e+08 22366.6
3.75176e+08 1.65477e+06
3.75176e+08 7.45058
3.75176e+08 7.45058
3.75512e+08 335820
3.75534e+08 22463.5
3.75534e+08 37.2529
3.75971e+08 436231
3.75971e+08 7.45058
3.75971e+08 7.45058
3.75982e+08 11190.8
3.75982e+08 1
3.75982e+08 6.45058
3.76004e+08 22374.1
3.76038e+08 33550
3.76038e+08 7.45058
3.76071e+08 33542.5
3.76083e+08 11183.3
3.76105e+08 22374.1
3.76105e+08 14.9012
3.76105e+08 7.45058
3.76105e+08 7.45058
3.76138e+08 33542.5
3.76138e+08 7.45058
3.76138e+08 7.45058
3.76161e+08 22366.6
3.7625e+08 89436.8
3.93528e+08 1.7278e+07
3.93551e+08 22374.1
3.93584e+08 33550
3.93975e+08 391245
3.93998e+08 22359.2
3.94132e+08 134125
3.94177e+08 44710.9
3.94221e+08 44718.4
3.9449e+08 268236
3.95831e+08 1.34184e+06
3.95831e+08 7.45058
3.95865e+08 33557.4
3.96156e+08 291035
3.96156e+08 74.5058
3.96167e+08 11287.6
3.96615e+08 447482
3.96615e+08 7.45058
3.96615e+08 7.45058
3.96615e+08 7.45058
3.9666e+08 44733.3
3.9666e+08 1
3.9666e+08 6.45058
3.9666e+08 7.45058
3.96738e+08 78260.9
3.96783e+08 44725.8
3.96872e+08 89436.8
3.96939e+08 67062.7
3.96962e+08 22366.6
3.96995e+08 33535.1
3.96995e+08 7.45058
3.96995e+08 7.45058
3.97029e+08 33535.1
3.97051e+08 22366.6
3.97051e+08 7.45058
3.97073e+08 22366.6
3.9714e+08 67077.6
4.14657e+08 1.75164e+07
4.14668e+08 11183.3
4.14735e+08 67099.9
4.15316e+08 581183
4.15394e+08 78246
4.15428e+08 33535.1
4.1564e+08 212349
4.15875e+08 234708
4.16043e+08 167653
4.17116e+08 1.07363e+06
4.17116e+08 7.45058
4.17116e+08 7.45058
4.17363e+08 246301
4.17374e+08 11235.5
4.17396e+08 22403.9
4.17788e+08 391684
4.17788e+08 7.45058
4.17788e+08 7.45058
4.1781e+08 22359.2
4.17844e+08 33542.5
4.17844e+08 7.45058
4.17855e+08 11183.3
4.17855e+08 1
4.17855e+08 6.45058
4.18023e+08 167765
4.18269e+08 245929
4.18314e+08 44718.4
4.18314e+08 7.45058
4.18347e+08 33542.5
4.18347e+08 7.45058
4.18347e+08 7.45058
4.18347e+08 7.45058
4.18347e+08 7.45058
4.18347e+08 7.45058
4.18347e+08 14.9012
4.18347e+08 7.45058
4.18369e+08 22359.2
4.36266e+08 1.7896e+07
4.3631e+08 44733.3
4.36735e+08 424713
4.3707e+08 335313
4.37227e+08 156470
4.37428e+08 201173
4.37506e+08 78246
4.37819e+08 312947
4.38043e+08 223525
4.38937e+08 894807
4.38949e+08 11205.7
4.38971e+08 22366.6
4.39173e+08 201538
4.39262e+08 89511.3
4.39262e+08 67.0552
4.39676e+08 413962
4.39676e+08 7.45058
4.39676e+08 7.45058
4.39698e+08 22389
4.39732e+08 33587.2
4.39822e+08 89451.7
4.39822e+08 7.45058
4.39822e+08 7.45058
4.39822e+08 1
4.39822e+08 6.45058
4.40023e+08 201285
4.40112e+08 89436.8
4.40202e+08 89436.8
4.40224e+08 22374.1
4.40246e+08 22359.2
4.40246e+08 7.45058
4.40291e+08 44710.9
4.40291e+08 7.45058
4.40302e+08 11183.3
4.40325e+08 22359.2
4.40336e+08 11183.3
4.40336e+08 7.45058
4.40336e+08 7.45058
4.58565e+08 1.82289e+07
4.58632e+08 67114.8
4.58766e+08 134125
4.59325e+08 558831
4.59325e+08 7.45058
4.59593e+08 268243
4.59705e+08 111766
4.60297e+08 592358
4.60331e+08 33542.5
4.61326e+08 995368
4.6136e+08 33579.8
4.6136e+08 44.7035
4.61662e+08 302091
4.61684e+08 22389
4.61684e+08 74.5058
4.62277e+08 592947
4.62288e+08 11220.6
4.62288e+08 7.45058
4.62356e+08 67085
4.62389e+08 33572.3
4.62389e+08 7.45058
4.62389e+08 7.45058
4.62389e+08 7.45058
4.62389e+08 7.45058
4.62389e+08 1
4.62389e+08 6.45058
4.62523e+08 134200
4.62702e+08 178844
4.62747e+08 44725.8
4.62747e+08 7.45058
4.62747e+08 7.45058
4.62747e+08 7.45058
4.62747e+08 7.45058
4.62747e+08 7.45058
4.62747e+08 7.45058
4.62747e+08 7.45058
4.62747e+08 7.45058
4.62803e+08 55886.8
4.62803e+08 7.45058
4.81398e+08 1.85953e+07
4.81443e+08 44718.4
4.81499e+08 55916.6
4.82024e+08 525340
4.82158e+08 134125
4.82292e+08 134133
4.82572e+08 279412
4.8322e+08 648238
4.8341e+08 190027
4.84361e+08 950627
4.84383e+08 22441.1
4.8445e+08 67129.7
4.8473e+08 279710
4.8473e+08 7.45058
4.84741e+08 11228
4.85457e+08 716023
4.85457e+08 7.45058
4.85457e+08 7.45058
4.85468e+08 11190.8
4.85513e+08 44748.2
4.85513e+08 7.45058
4.85513e+08 7.45058
4.85524e+08 11183.3
4.85524e+08 7.45058
4.85569e+08 44725.8
4.85603e+08 33550
4.85603e+08 1
4.85815e+08 212415
4.85849e+08 33550
4.85871e+08 22389
4.85871e+08 7.45058
4.85871e+08 7.45058
4.85871e+08 7.45058
4.85871e+08 7.45058
4.85871e+08 7.45058
4.85871e+08 7.45058
4.85871e+08 7.45058
4.85871e+08 7.45058
4.85871e+08 7.45058
4.85871e+08 7.45058
5.05016e+08 1.91444e+07
5.05083e+08 67062.7
5.05094e+08 11213.1
5.05541e+08 447109
5.05642e+08 100598
5.05742e+08 100605
5.05932e+08 190005
5.06357e+08 424720
5.0696e+08 603564
5.08068e+08 1.1071e+06
5.08146e+08 78350.3
5.08246e+08 100635
5.08448e+08 201434
5.08448e+08 7.45058
5.08482e+08 33602.1
5.09209e+08 727244
5.0922e+08 11190.8
5.09265e+08 44733.3
5.09265e+08 7.45058
5.09332e+08 67085
5.09332e+08 7.45058
5.09332e+08 7.45058
5.09343e+08 11190.8
5.09343e+08 7.45058
5.0941e+08 67070.1
5.09444e+08 33550
5.09444e+08 7.45058
5.09444e+08 1
5.09544e+08 100731
5.09567e+08 22374.1
5.09567e+08 7.45058
5.09567e+08 7.45058
5.09567e+08 7.45058
5.09567e+08 7.45058
5.09567e+08 7.45058
5.09567e+08 7.45058
5.09567e+08 7.45058
5.09567e+08 7.45058
5.09567e+08 7.45058
5.09567e+08 7.45058
5.09567e+08 7.45058
5.29228e+08 1.96616e+07
5.29273e+08 44710.9
5.29295e+08 22359.2
5.29731e+08 435971
5.29877e+08 145316
5.30268e+08 391178
5.30391e+08 122942
5.30559e+08 167653
5.30961e+08 402369
5.32381e+08 1.4201e+06
5.32593e+08 212453
5.32672e+08 78283.3
5.32862e+08 190228
5.32884e+08 22381.5
5.32918e+08 33594.7
5.33466e+08 548415
5.33489e+08 22381.5
5.33567e+08 78298.2
5.33623e+08 55901.7
5.33779e+08 156544
5.33779e+08 7.45058
5.3378e+08 7.45058
5.3378e+08 37.2529
5.3378e+08 7.45058
5.33802e+08 22389
5.33813e+08 11235.5
5.33813e+08 7.45058
5.33813e+08 7.45058
5.33836e+08 22389
5.33836e+08 1
5.33836e+08 6.45058
5.33836e+08 7.45058
5.33836e+08 7.45058
5.33836e+08 7.45058
5.33836e+08 7.45058
5.33836e+08 7.45058
5.33847e+08 11213.1
5.33847e+08 7.45058
5.33847e+08 7.45058
5.33847e+08 7.45058
5.33869e+08 22374.1
5.33869e+08 7.45058
5.54094e+08 2.02246e+07
5.5415e+08 55886.8
5.54172e+08 22366.6
5.54653e+08 480659
5.54865e+08 212371
5.55178e+08 312954
5.55223e+08 44710.9
5.55379e+08 156485
5.55659e+08 279419
5.57246e+08 1.58777e+06
5.57381e+08 134237
5.5747e+08 89429.3
5.57783e+08 313073
5.57783e+08 7.45058
5.57862e+08 78335.4
5.58354e+08 492625
5.58388e+08 33564.9
5.58567e+08 178888
5.586e+08 33550
5.58645e+08 44792.9
5.58667e+08 22374.1
5.58667e+08 14.9012
5.58701e+08 33557.4
5.58701e+08 7.45058
5.58712e+08 11205.7
5.58824e+08 111870
5.58824e+08 7.45058
5.58824e+08 7.45058
5.58824e+08 7.45058
5.58824e+08 7.45058
5.58824e+08 1
5.58824e+08 6.45058
5.58824e+08 7.45058
5.58824e+08 7.45058
5.58824e+08 7.45058
5.58824e+08 7.45058
5.58824e+08 7.45058
5.58824e+08 7.45058
5.58824e+08 7.45058
5.58824e+08 7.45058
5.58824e+08 7.45058
5.58925e+08 100628
5.58947e+08 22366.6
5.79508e+08 2.05609e+07
5.79597e+08 89414.4
5.7962e+08 22359.2
5.79966e+08 346541
5.80302e+08 335328
5.80648e+08 346467
5.80704e+08 55886.8
5.80816e+08 111803
5.80961e+08 145301
5.82716e+08 1.75542e+06
5.83052e+08 335418
5.83063e+08 11183.3
5.83343e+08 279546
5.83343e+08 7.45058
5.83421e+08 78260.9
5.83947e+08 526257
5.8397e+08 22396.4
5.84025e+08 55946.4
5.84048e+08 22389
5.84238e+08 190131
5.8426e+08 22374.1
5.8426e+08 7.45058
5.8426e+08 7.45058
5.8426e+08 7.45058
5.84272e+08 11183.3
5.84283e+08 11242.9
5.84283e+08 7.45058
5.84283e+08 7.45058
5.84294e+08 11183.3
5.84294e+08 7.45058
5.84305e+08 11183.3
5.84305e+08 7.45058
5.84305e+08 1
5.84372e+08 67098.9
5.84406e+08 33535.1
5.84417e+08 11183.3
5.84417e+08 7.45058
5.84417e+08 14.9012
5.84417e+08 7.45058
5.84439e+08 22366.6
5.84462e+08 22374.1
5.84473e+08 11205.7
5.84473e+08 29.8023
5.84473e+08 7.45058
6.05565e+08 2.1092e+07
6.05565e+08 14.9012
6.05576e+08 11183.3
