2712 2000
6712 4000
14712 8000
30712 16000
62712 32000
126712 64000
254712 128000
510712 256000
1.02271e+06 512000
2.04671e+06 1.024e+06
4.09471e+06 2.048e+06
4.8034e+06 708689
4.8034e+06 1
8.3158e+06 3.5124e+06
8.31581e+06 7.45058
9.79759e+06 1.48178e+06
9.79759e+06 1
9.7976e+06 6.45058
1.16458e+07 1.84817e+06
1.16458e+07 7.45058
1.16458e+07 1
1.16458e+07 6.45058
1.42904e+07 2.64459e+06
1.42904e+07 7.45058
1.42904e+07 7.45058
1.42904e+07 7.45058
1.42904e+07 1
1.71335e+07 2.84316e+06
1.71559e+07 22366.6
1.71559e+07 7.45058
1.71559e+07 7.45058
1.71559e+07 7.45058
1.71559e+07 1
2.06168e+07 3.46089e+06
2.06281e+07 11242.9
2.06393e+07 11190.8
2.06393e+07 7.45058
2.06505e+07 11205.7
2.06505e+07 7.45058
2.06505e+07 1
2.46915e+07 4.04107e+06
2.46917e+07 134.11
2.46917e+07 22.3517
2.46918e+07 44.7035
2.46918e+07 7.45058
2.46918e+07 14.9012
2.46918e+07 7.45058
2.88945e+07 4.20274e+06
2.88945e+07 1
2.88946e+07 103.308
2.88946e+07 14.9012
2.88947e+07 22.3517
2.88947e+07 7.45058
2.88947e+07 7.45058
2.89171e+07 22389
3.36256e+07 4.70852e+06
3.36256e+07 29.8023
3.36256e+07 1
3.3637e+07 11398.4
3.3637e+07 7.45058
3.3637e+07 7.45058
3.3637e+07 7.45058
3.36371e+07 7.45058
3.36371e+07 7.45058
3.886e+07 5.22293e+06
3.88712e+07 11198.2
3.88712e+07 22.3517
3.89049e+07 33699
3.89049e+07 1
3.89049e+07 6.45058
3.89049e+07 7.45058
3.89049e+07 7.45058
3.89049e+07 7.45058
3.89049e+07 7.45058
4.48251e+07 5.92013e+06
4.48586e+07 33564.9
4.48586e+07 7.45058
4.49259e+07 67211.7
4.49371e+07 11205.7
4.49371e+07 1
4.49371e+07 6.45058
4.49371e+07 7.45058
4.49371e+07 7.45058
4.49371e+07 7.45058
4.49371e+07 7.45058
5.12995e+07 6.3624e+06
5.12995e+07 44.7035
5.12995e+07 7.45058
5.13779e+07 78350.3
5.13891e+07 11228
5.14003e+07 11213.1
5.14115e+07 11190.8
5.14115e+07 1
5.14115e+07 6.45058
5.14115e+07 7.45058
5.14339e+07 22359.2
5.14339e+07 7.45058
5.84528e+07 7.01892e+06
5.84528e+07 7.45058
5.84528e+07 7.45058
5.84865e+07 33609.6
5.84865e+07 67.0552
5.84865e+07 7.45058
5.84866e+07 29.8023
5.84866e+07 7.45058
5.84866e+07 1
5.84866e+07 36.2529
5.84866e+07 7.45058
5.84867e+07 67.0552
5.84867e+07 7.45058
6.61006e+07 7.6139e+06
6.61006e+07 7.45058
6.61006e+07 7.45058
6.61118e+07 11220.6
6.61343e+07 22493.3
6.61343e+07 7.45058
6.61455e+07 11213.1
6.61455e+07 7.45058
6.61456e+07 14.9012
6.61456e+07 1
6.61679e+07 22365.6
6.61791e+07 11198.2
6.61792e+07 96.8575
6.61792e+07 7.45058
7.43748e+07 8.19559e+06
7.43748e+07 7.45058
7.43748e+07 7.45058
7.43749e+07 59.6046
7.44309e+07 56043.3
7.44309e+07 7.45058
7.44422e+07 11242.9
7.44422e+07 22.3517
7.44422e+07 22.3517
7.44423e+07 37.2529
7.44535e+07 11228
7.44535e+07 1
7.44647e+07 11227
7.45095e+07 44778
7.45095e+07 7.45058
8.33057e+07 8.79623e+06
8.33057e+07 7.45058
8.33058e+07 7.45058
8.33058e+07 29.8023
8.33394e+07 33661.7
8.33395e+07 14.9012
8.33395e+07 59.6046
8.33395e+07 7.45058
8.33395e+07 7.45058
8.33396e+07 59.6046
8.33844e+07 44778
8.33844e+07 7.45058
8.33844e+07 1
8.34179e+07 33556.4
8.34628e+07 44837.6
8.34628e+07 7.45058
9.26667e+07 9.20393e+06
9.26667e+07 7.45058
9.26667e+07 7.45058
9.26891e+07 22411.3
9.27228e+07 33706.4
9.27229e+07 7.45058
9.27788e+07 55909.2
9.279e+07 11198.2
9.279e+07 7.45058
9.28012e+07 11205.7
9.29019e+07 100732
9.29019e+07 7.45058
9.29019e+07 7.45058
9.29019e+07 7.45058
9.29019e+07 1
9.29244e+07 22470
9.29244e+07 7.45058
1.02789e+08 9.86422e+06
1.02789e+08 37.2529
1.02789e+08 7.45058
1.028e+08 11250.4
1.02945e+08 145450
1.02968e+08 22381.5
1.02968e+08 7.45058
1.02979e+08 11183.3
1.02979e+08 7.45058
1.03001e+08 22381.5
1.03057e+08 56065.6
1.03057e+08 29.8023
1.03057e+08 7.45058
1.03057e+08 44.7035
1.03057e+08 7.45058
1.03057e+08 1
1.03058e+08 73.5058
1.03058e+08 7.45058
1.13451e+08 1.03936e+07
1.13462e+08 11198.2
1.13496e+08 33557.4
1.13574e+08 78298.2
1.1363e+08 56043.3
1.13697e+08 67085
1.1372e+08 22374.1
1.1372e+08 7.45058
1.13731e+08 11198.2
1.13731e+08 14.9012
1.13731e+08 201.166
1.13742e+08 11198.2
1.13742e+08 7.45058
1.13742e+08 7.45058
1.13742e+08 7.45058
1.13742e+08 7.45058
1.13742e+08 29.8023
1.13742e+08 1
1.13742e+08 58.6046
1.24694e+08 1.09517e+07
1.24717e+08 22374.1
1.24717e+08 22.3517
1.2475e+08 33602.1
1.24952e+08 201344
1.24974e+08 22366.6
1.24985e+08 11198.2
1.24985e+08 14.9012
1.24985e+08 14.9012
1.24985e+08 52.1541
1.24997e+08 11429.2
1.24997e+08 14.9012
1.25008e+08 11183.3
1.25008e+08 7.45058
1.25008e+08 7.45058
1.25008e+08 7.45058
1.25019e+08 11228
1.25019e+08 7.45058
1.25019e+08 1
1.2503e+08 11204.7
1.36618e+08 1.15874e+07
1.36629e+08 11213.1
1.36674e+08 44725.8
1.36718e+08 44785.4
1.36875e+08 156604
1.36875e+08 22.3517
1.36875e+08 22.3517
1.36875e+08 37.2529
1.36875e+08 14.9012
1.36875e+08 14.9012
1.3692e+08 45023.9
1.3692e+08 14.9012
1.3692e+08 7.45058
1.3692e+08 22.3517
1.3692e+08 22.3517
1.3692e+08 7.45058
1.36931e+08 11205.7
1.36931e+08 7.45058
1.36931e+08 7.45058
1.36931e+08 7.45058
1.36931e+08 1
1.49188e+08 1.22566e+07
1.49266e+08 78283.3
1.49311e+08 44725.8
1.49311e+08 59.6046
1.49311e+08 111.759
1.49311e+08 14.9012
1.49311e+08 22.3517
1.49311e+08 44.7035
1.49311e+08 29.8023
1.49311e+08 14.9012
1.49334e+08 22694.5
1.49334e+08 7.45058
1.49345e+08 11183.3
1.49345e+08 7.45058
1.49345e+08 44.7035
1.49345e+08 7.45058
1.49357e+08 11198.2
1.49357e+08 7.45058
1.49357e+08 7.45058
1.49357e+08 7.45058
1.49357e+08 7.45058
1.49357e+08 1
1.62316e+08 1.29597e+07
1.62316e+08 22.3517
1.62316e+08 7.45058
1.62316e+08 96.8575
1.62316e+08 52.1541
1.62316e+08 14.9012
1.62317e+08 96.8575
1.62317e+08 59.6046
1.62317e+08 14.9012
1.62317e+08 14.9012
1.62373e+08 56266.8
1.62373e+08 7.45058
1.62373e+08 7.45058
1.62373e+08 29.8023
1.62373e+08 7.45058
1.62373e+08 14.9012
1.62373e+08 7.45058
1.62373e+08 7.45058
1.62373e+08 7.45058
1.62373e+08 7.45058
1.62373e+08 7.45058
1.62373e+08 7.45058
1.753e+08 1.29271e+07
1.753e+08 1
1.75311e+08 11189.8
1.75311e+08 7.45058
1.75356e+08 44792.9
1.75356e+08 89.407
1.75356e+08 14.9012
1.75356e+08 67.0552
1.75356e+08 52.1541
1.75356e+08 7.45058
1.75356e+08 44.7035
1.75413e+08 56311.5
1.75413e+08 7.45058
1.75413e+08 7.45058
1.75413e+08 22.3517
1.75413e+08 7.45058
1.75413e+08 14.9012
1.75413e+08 7.45058
1.75413e+08 7.45058
1.75413e+08 7.45058
1.75413e+08 7.45058
1.75413e+08 7.45058
1.75413e+08 7.45058
1.88966e+08 1.35535e+07
1.88966e+08 7.45058
1.88966e+08 1
1.88966e+08 6.45058
1.88966e+08 14.9012
1.88966e+08 111.759
1.88966e+08 89.407
1.88966e+08 7.45058
1.88967e+08 14.9012
1.88967e+08 111.759
1.88967e+08 7.45058
1.88989e+08 22403.9
1.8909e+08 100955
1.8909e+08 7.45058
1.8909e+08 111.759
1.8909e+08 37.2529
1.8909e+08 7.45058
1.8909e+08 7.45058
1.8909e+08 7.45058
1.8909e+08 7.45058
1.8909e+08 7.45058
1.8909e+08 14.9012
1.8909e+08 7.45058
1.8909e+08 7.45058
2.03169e+08 1.40786e+07
2.03169e+08 7.45058
2.03169e+08 7.45058
2.03169e+08 7.45058
2.03169e+08 1
2.0318e+08 11189.8
2.0318e+08 104.308
2.0318e+08 74.5058
2.0318e+08 14.9012
2.0318e+08 7.45058
2.0318e+08 156.462
2.0318e+08 7.45058
2.03192e+08 11242.9
2.03293e+08 100940
2.03293e+08 7.45058
2.03293e+08 126.66
2.03293e+08 29.8023
2.03304e+08 11190.8
2.03315e+08 11183.3
2.03315e+08 7.45058
2.03315e+08 7.45058
2.03315e+08 7.45058
2.03315e+08 7.45058
2.03315e+08 7.45058
2.03326e+08 11190.8
2.17987e+08 1.46609e+07
2.17987e+08 7.45058
2.17987e+08 29.8023
2.17987e+08 7.45058
2.17987e+08 7.45058
2.17987e+08 1
2.17987e+08 13.9012
2.18043e+08 55983.7
2.18043e+08 59.6046
2.18043e+08 29.8023
2.18043e+08 7.45058
2.18055e+08 11369.6
2.18055e+08 7.45058
2.18055e+08 44.7035
2.18111e+08 56244.4
2.18111e+08 7.45058
2.18156e+08 44852.5
2.18156e+08 7.45058
2.18156e+08 7.45058
2.18156e+08 14.9012
2.18156e+08 7.45058
2.18156e+08 7.45058
2.18156e+08 7.45058
2.18167e+08 11190.8
2.18167e+08 7.45058
2.18167e+08 14.9012
2.33478e+08 1.53107e+07
2.33478e+08 7.45058
2.33478e+08 7.45058
2.33478e+08 7.45058
2.33489e+08 11190.8
2.33512e+08 22403.9
2.33512e+08 7.45058
2.33512e+08 1
2.33512e+08 80.9564
2.33512e+08 81.9564
2.33512e+08 37.2529
2.33512e+08 7.45058
2.33512e+08 253.32
2.33512e+08 7.45058
2.33512e+08 22.3517
2.33658e+08 145622
2.33658e+08 7.45058
2.33703e+08 44889.7
2.33703e+08 7.45058
2.33703e+08 7.45058
2.33703e+08 29.8023
2.33703e+08 7.45058
2.33703e+08 7.45058
2.33703e+08 14.9012
2.33703e+08 7.45058
2.33703e+08 7.45058
2.33703e+08 7.45058
2.49444e+08 1.57412e+07
2.49444e+08 7.45058
2.49444e+08 7.45058
2.49444e+08 7.45058
2.49444e+08 7.45058
2.49466e+08 22441.1
2.49466e+08 7.45058
2.49478e+08 11183.3
2.49478e+08 1
2.495e+08 22470
2.495e+08 67.0552
2.495e+08 7.45058
2.495e+08 22.3517
2.49579e+08 78529.1
2.4959e+08 11190.8
2.4959e+08 7.45058
2.4968e+08 89697.5
2.4968e+08 7.45058
2.49702e+08 22605.1
2.49702e+08 7.45058
2.49702e+08 7.45058
2.49702e+08 7.45058
2.49702e+08 14.9012
2.49702e+08 7.45058
2.49702e+08 7.45058
2.49702e+08 7.45058
2.49702e+08 7.45058
2.49702e+08 29.8023
2.65984e+08 1.62814e+07
2.65984e+08 7.45058
2.65984e+08 81.9564
2.65984e+08 14.9012
2.65984e+08 7.45058
2.66006e+08 22396.4
2.66006e+08 7.45058
2.66006e+08 7.45058
2.66006e+08 7.45058
2.66062e+08 56110.3
2.66062e+08 1
2.66129e+08 67143.6
2.66129e+08 14.9012
2.66129e+08 22.3517
2.66264e+08 134431
2.66264e+08 22.3517
2.66264e+08 7.45058
2.66275e+08 11444.1
2.66287e+08 11183.3
2.66365e+08 78514.2
2.66365e+08 7.45058
2.66365e+08 7.45058
2.66365e+08 14.9012
2.66365e+08 22.3517
2.66365e+08 7.45058
2.66365e+08 7.45058
2.66365e+08 7.45058
2.66365e+08 22.3517
2.66365e+08 29.8023
2.83148e+08 1.67826e+07
2.83148e+08 7.45058
2.83148e+08 22.3517
2.83159e+08 11205.7
2.83159e+08 7.45058
2.83159e+08 7.45058
2.83159e+08 7.45058
2.83159e+08 14.9012
2.83159e+08 7.45058
2.83193e+08 33766
2.83204e+08 11183.3
2.83204e+08 1
2.8326e+08 55997.6
2.83271e+08 11235.5
2.83316e+08 44740.7
2.83484e+08 167973
2.83484e+08 7.45058
2.83484e+08 7.45058
2.83563e+08 78603.6
2.83563e+08 14.9012
2.83574e+08 11354.7
2.83574e+08 7.45058
2.83574e+08 7.45058
2.83574e+08 74.5058
2.83574e+08 14.9012
2.83574e+08 44.7035
2.83574e+08 7.45058
2.83574e+08 7.45058
2.83574e+08 7.45058
2.83574e+08 74.5058
3.00884e+08 1.731e+07
3.00884e+08 14.9012
3.00896e+08 11302.5
3.00896e+08 22.3517
3.00896e+08 7.45058
3.00896e+08 7.45058
3.00896e+08 44.7035
3.00896e+08 7.45058
3.00896e+08 7.45058
3.00996e+08 100829
3.01008e+08 11190.8
3.01019e+08 11198.2
3.01041e+08 22448.6
3.01041e+08 1
3.01064e+08 22425.2
3.01064e+08 14.9012
3.01232e+08 167966
3.01232e+08 7.45058
3.01232e+08 14.9012
3.01322e+08 89906.2
3.01322e+08 7.45058
3.01322e+08 89.407
3.01322e+08 7.45058
3.01322e+08 7.45058
3.01322e+08 22.3517
3.01322e+08 141.561
3.01322e+08 29.8023
3.01322e+08 7.45058
3.01322e+08 7.45058
3.01322e+08 14.9012
3.01322e+08 44.7035
3.19224e+08 1.79025e+07
3.19224e+08 7.45058
3.19269e+08 44912.1
3.19269e+08 74.5058
3.1927e+08 59.6046
3.1927e+08 14.9012
3.19303e+08 33557.4
3.19303e+08 7.45058
3.19303e+08 7.45058
3.1937e+08 67271.3
3.1937e+08 7.45058
3.1937e+08 14.9012
3.1937e+08 37.2529
3.1937e+08 22.3517
3.1937e+08 1
3.19371e+08 125.66
3.19371e+08 29.8023
3.19594e+08 223815
3.19594e+08 14.9012
3.19628e+08 33557.4
3.19662e+08 33944.8
3.19662e+08 111.759
3.19662e+08 134.11
3.19662e+08 7.45058
3.19662e+08 7.45058
3.19662e+08 14.9012
3.19662e+08 119.209
3.19662e+08 37.2529
3.19662e+08 7.45058
3.19662e+08 7.45058
3.19662e+08 14.9012
3.19662e+08 37.2529
3.38215e+08 1.85521e+07
3.38215e+08 7.45058
3.3826e+08 44964.3
3.38271e+08 11242.9
3.38304e+08 33646.8
3.38304e+08 7.45058
3.38327e+08 22389
3.38327e+08 7.45058
3.38327e+08 7.45058
3.38361e+08 33751.1
3.38361e+08 7.45058
3.38361e+08 7.45058
3.38361e+08 74.5058
3.38361e+08 22.3517
3.38361e+08 7.45058
3.38361e+08 67.0552
3.38361e+08 1
3.38383e+08 22395.4
3.38629e+08 246257
3.38629e+08 14.9012
3.38641e+08 11235.5
3.38663e+08 22672.1
3.38663e+08 7.45058
3.38663e+08 29.8023
3.38663e+08 7.45058
3.38663e+08 7.45058
3.38663e+08 67.0552
3.38664e+08 111.759
3.38664e+08 96.8575
3.38664e+08 7.45058
3.38664e+08 7.45058
3.38664e+08 22.3517
3.38664e+08 163.913
3.57897e+08 1.92332e+07
3.57897e+08 44.7035
3.57942e+08 44979.2
3.57976e+08 33587.2
3.58009e+08 33676.6
3.58009e+08 7.45058
3.58009e+08 44.7035
3.58009e+08 14.9012
3.58021e+08 11183.3
3.58043e+08 22590.2
3.58043e+08 7.45058
3.58043e+08 7.45058
3.58043e+08 81.9564
3.58066e+08 22374.1
3.58066e+08 14.9012
3.58122e+08 55983.7
3.58122e+08 7.45058
3.58122e+08 1
3.58189e+08 67166
3.5829e+08 100814
3.58301e+08 11235.5
3.58301e+08 59.6046
3.58357e+08 56125.2
3.58357e+08 7.45058
3.58357e+08 14.9012
3.58357e+08 7.45058
3.58357e+08 7.45058
3.58357e+08 178.814
3.58357e+08 37.2529
3.58357e+08 96.8575
3.58357e+08 7.45058
3.58357e+08 7.45058
3.58357e+08 7.45058
3.58357e+08 22.3517
3.78105e+08 1.97476e+07
3.78105e+08 22.3517
3.7815e+08 44994.1
3.78172e+08 22403.9
3.78206e+08 33713.9
3.78217e+08 11190.8
3.78229e+08 11228
3.78229e+08 7.45058
3.78229e+08 7.45058
3.78251e+08 22552.9
3.78251e+08 7.45058
3.78251e+08 29.8023
3.78318e+08 67144.6
3.78318e+08 7.45058
3.78318e+08 7.45058
3.7833e+08 11362.1
3.7833e+08 7.45058
3.7833e+08 7.45058
3.78442e+08 111841
3.78442e+08 1
3.78486e+08 44888.7
3.78487e+08 67.0552
3.78487e+08 119.209
3.78543e+08 56073.1
3.78543e+08 7.45058
3.78543e+08 7.45058
3.78543e+08 7.45058
3.78543e+08 7.45058
3.78576e+08 33751.1
3.78576e+08 22.3517
3.78577e+08 104.308
3.78577e+08 7.45058
3.78577e+08 7.45058
3.78577e+08 29.8023
3.78577e+08 7.45058
3.9876e+08 2.01834e+07
3.9876e+08 52.1541
3.98839e+08 78514.2
3.98883e+08 44755.6
3.98939e+08 56140.1
3.98939e+08 7.45058
3.98951e+08 11198.2
3.98951e+08 37.2529
3.98962e+08 11190.8
3.99007e+08 44897.2
3.9904e+08 33550
3.9904e+08 7.45058
3.99063e+08 22389
3.99063e+08 7.45058
3.99063e+08 22.3517
3.99074e+08 11362.1
3.99074e+08 7.45058
3.99074e+08 7.45058
3.9913e+08 55953.9
3.9913e+08 14.9012
3.9913e+08 1
3.99186e+08 56034.8
3.99209e+08 22426.2
3.99253e+08 44859.9
3.99265e+08 11250.4
3.99265e+08 7.45058
3.99265e+08 7.45058
3.99265e+08 7.45058
3.99265e+08 7.45058
3.99276e+08 11473.9
3.99299e+08 22403.9
3.99299e+08 37.2529
3.99299e+08 22.3517
3.99299e+08 52.1541
3.9931e+08 11213.1
3.9931e+08 7.45058
4.20066e+08 2.07564e+07
4.20066e+08 96.8575
4.201e+08 33743.7
4.20134e+08 33587.2
4.20257e+08 123277
4.20257e+08 7.45058
4.20257e+08 7.45058
4.20279e+08 22403.9
4.20291e+08 11220.6
4.20358e+08 67248.9
4.20358e+08 14.9012
4.20358e+08 7.45058
4.20369e+08 11198.2
4.20369e+08 7.45058
4.20369e+08 7.45058
4.20392e+08 22515.7
4.20392e+08 7.45058
4.20392e+08 44.7035
4.20392e+08 52.1541
4.20392e+08 7.45058
4.20392e+08 7.45058
4.20504e+08 111885
4.20504e+08 1
4.20504e+08 80.9564
4.2056e+08 56102.9
4.2056e+08 67.0552
4.2056e+08 7.45058
4.20571e+08 11183.3
4.20571e+08 7.45058
4.20571e+08 7.45058
4.20594e+08 22560.4
4.20594e+08 126.66
4.20594e+08 44.7035
4.20594e+08 7.45058
4.20605e+08 11228
4.20605e+08 7.45058
4.20605e+08 22.3517
4.41941e+08 2.13354e+07
4.41941e+08 156.462
4.41952e+08 11362.1
4.42042e+08 89526.2
4.42142e+08 100903
4.42142e+08 7.45058
4.42142e+08 7.45058
4.42154e+08 11265.3
4.42165e+08 11242.9
4.42255e+08 89623
4.42266e+08 11213.1
4.42266e+08 14.9012
4.42266e+08 44.7035
4.42277e+08 11310
4.42277e+08 14.9012
4.42277e+08 44.7035
4.42277e+08 7.45058
4.42277e+08 7.45058
4.42277e+08 7.45058
4.42277e+08 7.45058
4.42277e+08 7.45058
4.42277e+08 22.3517
4.42277e+08 7.45058
4.42277e+08 1
4.42345e+08 67173.4
4.42457e+08 112072
4.42479e+08 22426.2
4.42479e+08 7.45058
4.42479e+08 7.45058
4.42479e+08 7.45058
4.42479e+08 7.45058
4.4249e+08 11362.1
4.4249e+08 59.6046
4.4249e+08 14.9012
4.4249e+08 7.45058
4.42491e+08 37.2529
4.42491e+08 7.45058
4.42491e+08 59.6046
4.64408e+08 2.1917e+07
4.64408e+08 178.814
4.64464e+08 56028.4
4.64531e+08 67137.2
4.64621e+08 89809.3
4.64621e+08 14.9012
4.64621e+08 14.9012
4.64677e+08 55976.2
4.64688e+08 11198.2
4.64744e+08 56214.6
4.64744e+08 7.45058
4.64744e+08 37.2529
4.64744e+08 7.45058
4.64755e+08 11317.4
4.64756e+08 7.45058
4.64756e+08 22.3517
4.64756e+08 7.45058
4.64756e+08 14.9012
4.64756e+08 7.45058
4.64756e+08 7.45058
4.64756e+08 7.45058
4.64756e+08 22.3517
4.64767e+08 11198.2
4.64767e+08 7.45058
4.64767e+08 1
4.648e+08 33549
4.64935e+08 134513
4.6498e+08 44859.9
4.6498e+08 7.45058
4.6498e+08 7.45058
4.6498e+08 7.45058
4.6498e+08 7.45058
4.6498e+08 81.9564
4.6498e+08 52.1541
4.6498e+08 7.45058
4.6498e+08 14.9012
4.6498e+08 74.5058
4.6498e+08 7.45058
4.6498e+08 22.3517
4.87501e+08 2.25209e+07
4.87523e+08 22500.8
4.87613e+08 89578.3
4.87635e+08 22396.4
4.87714e+08 78618.5
4.87725e+08 11198.2
4.87736e+08 11198.2
4.87748e+08 11295.1
4.87748e+08 14.9012
4.87815e+08 67412.9
4.87815e+08 7.45058
4.87815e+08 7.45058
4.87815e+08 7.45058
4.87826e+08 11362.1
4.87826e+08 7.45058
4.87827e+08 22.3517
4.87827e+08 7.45058
4.87838e+08 11190.8
4.87838e+08 7.45058
4.87838e+08 7.45058
4.87838e+08 22.3517
4.87849e+08 11183.3
4.8786e+08 11183.3
4.87871e+08 11190.8
4.87871e+08 7.45058
4.87871e+08 14.9012
4.87871e+08 1
4.88006e+08 134527
4.88062e+08 56035.8
4.88062e+08 7.45058
4.88062e+08 7.45058
4.88062e+08 14.9012
4.88062e+08 7.45058
4.88062e+08 89.407
4.88073e+08 11228
4.88073e+08 14.9012
4.88073e+08 7.45058
4.88096e+08 22448.6
4.88096e+08 7.45058
4.88096e+08 44.7035
5.11176e+08 2.308e+07
5.11243e+08 67174.4
5.11243e+08 119.209
5.11243e+08 7.45058
5.114e+08 156924
5.114e+08 7.45058
5.114e+08 14.9012
5.11411e+08 11339.8
5.11434e+08 22374.1
5.1149e+08 56177.4
5.1149e+08 7.45058
5.1149e+08 7.45058
5.1149e+08 7.45058
5.11535e+08 44994.1
5.11546e+08 11190.8
5.11557e+08 11183.3
5.11557e+08 7.45058
5.11557e+08 14.9012
5.11557e+08 7.45058
5.11568e+08 11190.8
5.11568e+08 14.9012
5.11569e+08 7.45058
5.11569e+08 7.45058
5.11569e+08 14.9012
5.11569e+08 7.45058
5.1158e+08 11183.3
5.1158e+08 7.45058
5.1158e+08 1
5.11625e+08 45052.7
5.11692e+08 67248.9
5.11703e+08 11205.7
5.11703e+08 22.3517
5.11714e+08 11183.3
5.11726e+08 11183.3
5.11737e+08 11250.4
5.11737e+08 59.6046
5.11737e+08 29.8023
5.11737e+08 7.45058
5.11748e+08 11265.3
5.11759e+08 11183.3
5.11793e+08 33624.5
5.35443e+08 2.36503e+07
5.35533e+08 89511.3
5.35544e+08 11287.6
5.35544e+08 7.45058
5.35656e+08 112228
5.35656e+08 7.45058
5.35656e+08 7.45058
5.35668e+08 11317.4
5.35668e+08 52.1541
5.35746e+08 78551.5
5.35746e+08 7.45058
5.35746e+08 7.45058
5.35746e+08 7.45058
5.3578e+08 33721.3
5.35825e+08 44807.8
5.35825e+08 7.45058
5.35825e+08 7.45058
5.35825e+08 14.9012
5.35836e+08 11183.3
5.35847e+08 11190.8
5.35858e+08 11198.2
5.35858e+08 7.45058
5.35858e+08 7.45058
5.35858e+08 14.9012
5.35858e+08 7.45058
5.3587e+08 11205.7
5.3587e+08 7.45058
5.3587e+08 37.2529
5.35892e+08 22657.2
5.35892e+08 1
5.35926e+08 33645.8
5.35937e+08 11235.5
5.35937e+08 59.6046
5.35937e+08 22.3517
5.35937e+08 7.45058
5.36004e+08 67129.7
5.36049e+08 44785.4
5.36072e+08 22366.6
5.36072e+08 22.3517
5.36083e+08 11339.8
5.36083e+08 22.3517
5.36083e+08 29.8023
5.60259e+08 2.41758e+07
5.60304e+08 44785.4
5.60304e+08 37.2529
5.60304e+08 7.45058
5.60517e+08 212885
5.60517e+08 7.45058
5.60517e+08 22.3517
5.60528e+08 11347.2
5.6055e+08 22411.3
5.60618e+08 67353.2
5.60618e+08 7.45058
5.60618e+08 7.45058
5.60618e+08 7.45058
5.60618e+08 104.308
5.6064e+08 22441.1
5.6064e+08 7.45058
5.6064e+08 7.45058
5.60674e+08 33646.8
5.60674e+08 7.45058
5.60685e+08 11183.3
5.60696e+08 11198.2
5.60696e+08 7.45058
5.60696e+08 7.45058
5.60696e+08 7.45058
5.60696e+08 7.45058
5.60696e+08 14.9012
5.60696e+08 22.3517
5.60696e+08 74.5058
5.6073e+08 33773.5
5.6073e+08 52.1541
5.6073e+08 1
5.60753e+08 22477.4
5.60753e+08 7.45058
5.60764e+08 11228
5.60764e+08 7.45058
5.60764e+08 7.45058
5.60787e+08 22500.8
5.60865e+08 78335.4
5.60876e+08 11190.8
5.60876e+08 37.2529
5.60932e+08 56058.2
5.60932e+08 22.3517
5.60932e+08 14.9012
5.85678e+08 2.4746e+07
5.85734e+08 56065.6
5.85801e+08 67092.5
5.85801e+08 7.45058
5.85947e+08 145815
5.85958e+08 11198.2
5.85958e+08 44.7035
5.86003e+08 44927
5.86015e+08 11235.5
5.86059e+08 44859.9
5.8606e+08 7.45058
5.8606e+08 7.45058
5.8606e+08 14.9012
5.8606e+08 81.9564
5.8606e+08 59.6046
5.8606e+08 7.45058
5.8606e+08 7.45058
5.86082e+08 22403.9
5.86082e+08 7.45058
5.86082e+08 7.45058
5.86082e+08 7.45058
5.86082e+08 7.45058
5.86082e+08 14.9012
5.86082e+08 7.45058
5.86082e+08 7.45058
5.86082e+08 7.45058
5.86116e+08 33602.1
5.86161e+08 44919.6
5.86183e+08 22612.5
5.86183e+08 7.45058
5.86183e+08 7.45058
5.86195e+08 11347.2
5.86195e+08 1
5.86195e+08 6.45058
5.86195e+08 7.45058
5.86195e+08 29.8023
5.86195e+08 14.9012
5.86228e+08 33646.8
5.86262e+08 33587.2
5.86284e+08 22381.5
5.86318e+08 33631.9
5.86396e+08 78477
5.86396e+08 7.45058
5.86396e+08 14.9012
6.11623e+08 2.52269e+07
6.11679e+08 56058.2
6.11735e+08 55931.5
