2804 2000
6804 4000
14804 8000
30804 16000
62804 32000
126804 64000
254804 128000
510804 256000
1.0228e+06 512000
2.0468e+06 1.024e+06
4.0948e+06 2.048e+06
5.37344e+06 1.27864e+06
5.37344e+06 1
8.28298e+06 2.90954e+06
8.28298e+06 7.45058
1.02067e+07 1.92372e+06
1.02067e+07 1
1.02067e+07 6.45058
1.15597e+07 1.35297e+06
1.15597e+07 7.45058
1.15597e+07 1
1.15709e+07 11182.3
1.46842e+07 3.11333e+06
1.48184e+07 134170
1.48296e+07 11190.8
1.48296e+07 7.45058
1.48296e+07 1
1.77002e+07 2.87061e+06
1.81137e+07 413544
1.81137e+07 7.45058
1.81137e+07 7.45058
1.81138e+07 7.45058
1.81138e+07 1
2.08923e+07 2.77853e+06
2.15406e+07 648357
2.15406e+07 7.45058
2.15407e+07 14.9012
2.15407e+07 7.45058
2.15407e+07 7.45058
2.15407e+07 1
2.52057e+07 3.66499e+06
2.57086e+07 502981
2.57422e+07 33572.3
2.59434e+07 201181
2.59769e+07 33542.5
2.59769e+07 7.45058
2.5977e+07 7.45058
2.9254e+07 3.27709e+06
2.9254e+07 1
2.98241e+07 570043
2.98576e+07 33535.1
2.99806e+07 122964
3.00141e+07 33535.1
3.00253e+07 11213.1
3.00253e+07 7.45058
3.4239e+07 4.21364e+06
3.4239e+07 7.45058
3.4239e+07 1
3.44961e+07 257089
3.44961e+07 14.9012
3.45967e+07 100620
3.45967e+07 7.45058
3.46414e+07 44710.9
3.46414e+07 7.45058
3.97308e+07 5.08931e+06
3.97755e+07 44710.9
3.98873e+07 111818
3.99208e+07 33535.1
3.99208e+07 1
3.99208e+07 6.45058
3.99544e+07 33550
3.99544e+07 7.45058
3.99656e+07 11183.3
3.99991e+07 33542.5
4.57369e+07 5.73775e+06
4.57369e+07 7.45058
4.58375e+07 100620
4.58375e+07 7.45058
4.58599e+07 22366.6
4.58599e+07 1
4.58822e+07 22365.6
4.58822e+07 7.45058
4.58822e+07 7.45058
4.58822e+07 7.45058
4.58934e+07 11198.2
5.22213e+07 6.32787e+06
5.2266e+07 44718.4
5.23778e+07 111789
5.24002e+07 22381.5
5.24002e+07 7.45058
5.24002e+07 7.45058
5.24114e+07 11198.2
5.24114e+07 1
5.24338e+07 22358.2
5.24338e+07 7.45058
5.24785e+07 44763.1
5.25457e+07 67129.7
5.94399e+07 6.8942e+06
5.94958e+07 55894.3
5.95629e+07 67092.5
5.963e+07 67107.4
5.963e+07 7.45058
5.963e+07 7.45058
5.96412e+07 11213.1
5.96412e+07 7.45058
5.96412e+07 1
5.96412e+07 6.45058
5.96412e+07 7.45058
5.96636e+07 22374.1
5.97419e+07 78335.4
6.69719e+07 7.23001e+06
6.70278e+07 55901.7
6.70838e+07 55924.1
6.72626e+07 178844
6.72738e+07 11213.1
6.72738e+07 7.45058
6.72739e+07 52.1541
6.72851e+07 11198.2
6.72851e+07 7.45058
6.72851e+07 1
6.72963e+07 11204.7
6.73187e+07 22374.1
6.73411e+07 22426.2
6.73747e+07 33579.8
7.51072e+07 7.73256e+06
7.51967e+07 89444.2
7.5342e+07 145331
7.54091e+07 67077.6
7.55097e+07 100628
7.55097e+07 7.45058
7.5521e+07 11287.6
7.55322e+07 11183.3
7.55434e+07 11198.2
7.55434e+07 7.45058
7.55658e+07 22366.6
7.55658e+07 1
7.55769e+07 11189.8
7.56889e+07 111923
7.57001e+07 11183.3
8.3803e+07 8.10297e+06
8.38925e+07 89451.7
8.4049e+07 156552
8.41273e+07 78283.3
8.42727e+07 145338
8.42727e+07 7.45058
8.44181e+07 145406
8.44181e+07 14.9012
8.44181e+07 14.9012
8.44181e+07 7.45058
8.44181e+07 7.45058
8.44181e+07 7.45058
8.44181e+07 1
8.44181e+07 13.9012
8.47312e+07 313051
8.47312e+07 14.9012
9.30626e+07 8.3314e+06
9.31185e+07 55886.8
9.3152e+07 33542.5
9.32415e+07 89496.4
9.33981e+07 156537
9.34092e+07 11183.3
9.37335e+07 324301
9.37336e+07 7.45058
9.37336e+07 7.45058
9.37447e+07 11183.3
9.37447e+07 7.45058
9.37448e+07 7.45058
9.37895e+07 44725.8
9.3823e+07 33542.5
9.3823e+07 1
9.39684e+07 145352
9.39684e+07 14.9012
1.02881e+08 8.91279e+06
1.02915e+08 33557.4
1.02993e+08 78246
1.03205e+08 212401
1.03373e+08 167705
1.03373e+08 7.45058
1.0353e+08 156634
1.03574e+08 44733.3
1.03586e+08 11183.3
1.03586e+08 7.45058
1.03586e+08 7.45058
1.03597e+08 11213.1
1.03787e+08 190035
1.03932e+08 145294
1.03955e+08 22359.2
1.03955e+08 1
1.03999e+08 44769.5
1.03999e+08 14.9012
1.13398e+08 9.39863e+06
1.13443e+08 44733.3
1.13487e+08 44718.4
1.13789e+08 301808
1.13946e+08 156544
1.13946e+08 7.45058
1.14348e+08 402465
1.14415e+08 67077.6
1.14415e+08 7.45058
1.14415e+08 7.45058
1.14415e+08 7.45058
1.14438e+08 22381.5
1.1446e+08 22381.5
1.1446e+08 7.45058
1.1446e+08 7.45058
1.1446e+08 7.45058
1.14516e+08 55961.3
1.14516e+08 1
1.14516e+08 6.45058
1.24534e+08 1.00178e+07
1.2459e+08 55909.2
1.2459e+08 7.45058
1.24802e+08 212409
1.25227e+08 424899
1.25305e+08 78260.9
1.25473e+08 167705
1.25473e+08 7.45058
1.25473e+08 7.45058
1.25484e+08 11183.3
1.25484e+08 7.45058
1.25484e+08 7.45058
1.25484e+08 7.45058
1.25495e+08 11183.3
1.25495e+08 7.45058
1.25495e+08 7.45058
1.2554e+08 44755.6
1.2554e+08 7.45058
1.2554e+08 1
1.25551e+08 11197.2
1.36218e+08 1.06662e+07
1.36385e+08 167660
1.36464e+08 78253.4
1.36531e+08 67114.8
1.36944e+08 413753
1.37123e+08 178866
1.37246e+08 122949
1.37246e+08 22.3517
1.37257e+08 11183.3
1.37257e+08 7.45058
1.37257e+08 7.45058
1.37257e+08 7.45058
1.37257e+08 7.45058
1.37313e+08 55894.3
1.37313e+08 7.45058
1.37313e+08 7.45058
1.37336e+08 22381.5
1.37358e+08 22366.6
1.37358e+08 7.45058
1.37381e+08 22389
1.37381e+08 1
1.48653e+08 1.12725e+07
1.48731e+08 78246
1.48888e+08 156559
1.48921e+08 33579.8
1.49514e+08 592530
1.49637e+08 123002
1.49637e+08 7.45058
1.49671e+08 33535.1
1.49704e+08 33550
1.49704e+08 7.45058
1.49704e+08 7.45058
1.49738e+08 33564.9
1.49738e+08 7.45058
1.49738e+08 7.45058
1.49738e+08 7.45058
1.49738e+08 7.45058
1.49738e+08 7.45058
1.49738e+08 7.45058
1.49738e+08 7.45058
1.4976e+08 22389
1.4976e+08 7.45058
1.4976e+08 1
1.61395e+08 1.16352e+07
1.61395e+08 7.45058
1.61608e+08 212446
1.61675e+08 67137.2
1.62413e+08 737824
1.62558e+08 145368
1.62581e+08 22366.6
1.62581e+08 7.45058
1.62581e+08 7.45058
1.62592e+08 11183.3
1.62592e+08 7.45058
1.62592e+08 7.45058
1.62592e+08 7.45058
1.62592e+08 7.45058
1.62592e+08 7.45058
1.62614e+08 22359.2
1.62625e+08 11190.8
1.62625e+08 22.3517
1.62625e+08 7.45058
1.62648e+08 22403.9
1.62648e+08 7.45058
1.62648e+08 7.45058
1.7448e+08 1.18325e+07
1.7448e+08 1
1.74491e+08 11204.7
1.7467e+08 178948
1.7476e+08 89444.2
1.75576e+08 816077
1.75654e+08 78275.8
1.75654e+08 7.45058
1.75665e+08 11183.3
1.75688e+08 22403.9
1.7571e+08 22366.6
1.7571e+08 7.45058
1.75721e+08 11183.3
1.75721e+08 7.45058
1.75721e+08 7.45058
1.75733e+08 11190.8
1.75733e+08 7.45058
1.75755e+08 22359.2
1.75766e+08 11183.3
1.75766e+08 7.45058
1.75766e+08 89.407
1.75766e+08 14.9012
1.75766e+08 14.9012
1.8828e+08 1.25137e+07
1.8828e+08 7.45058
1.8828e+08 1
1.8828e+08 43.7035
1.88504e+08 223666
1.88526e+08 22366.6
1.89409e+08 883222
1.8942e+08 11190.8
1.8942e+08 7.45058
1.8942e+08 7.45058
1.89465e+08 44718.4
1.89476e+08 11183.3
1.89476e+08 7.45058
1.89476e+08 7.45058
1.89476e+08 7.45058
1.89476e+08 7.45058
1.89476e+08 7.45058
1.89476e+08 7.45058
1.89476e+08 7.45058
1.89476e+08 7.45058
1.89476e+08 7.45058
1.89588e+08 111841
1.89588e+08 29.8023
1.89599e+08 11183.3
2.02443e+08 1.28437e+07
2.02443e+08 7.45058
2.02443e+08 7.45058
2.02454e+08 11198.2
2.02454e+08 1
2.02756e+08 302001
2.02879e+08 122972
2.03707e+08 827275
2.03707e+08 7.45058
2.03707e+08 7.45058
2.03707e+08 7.45058
2.03707e+08 7.45058
2.03707e+08 37.2529
2.03707e+08 7.45058
2.03707e+08 7.45058
2.03707e+08 14.9012
2.03729e+08 22389
2.03729e+08 7.45058
2.03729e+08 7.45058
2.03729e+08 7.45058
2.03729e+08 7.45058
2.03729e+08 7.45058
2.03763e+08 33594.7
2.03785e+08 22374.1
2.03785e+08 7.45058
2.17154e+08 1.33691e+07
2.17154e+08 7.45058
2.17154e+08 7.45058
2.17154e+08 7.45058
2.17165e+08 11213.1
2.17165e+08 1
2.17926e+08 760293
2.17993e+08 67062.7
2.18507e+08 514299
2.18507e+08 7.45058
2.18507e+08 7.45058
2.18507e+08 14.9012
2.18507e+08 7.45058
2.1853e+08 22366.6
2.18541e+08 11198.2
2.18541e+08 7.45058
2.18541e+08 7.45058
2.18552e+08 11228
2.18552e+08 7.45058
2.18563e+08 11198.2
2.18563e+08 7.45058
2.18563e+08 7.45058
2.18574e+08 11250.4
2.18597e+08 22366.6
2.18608e+08 11235.5
2.18608e+08 7.45058
2.32541e+08 1.39326e+07
2.32541e+08 7.45058
2.32541e+08 7.45058
2.32541e+08 7.45058
2.32552e+08 11205.7
2.32563e+08 11220.6
2.33446e+08 883244
2.33446e+08 1
2.33446e+08 6.45058
2.33894e+08 447229
2.33894e+08 7.45058
2.33894e+08 7.45058
2.33905e+08 11190.8
2.33905e+08 7.45058
2.33905e+08 7.45058
2.33916e+08 11190.8
2.33938e+08 22374.1
2.33938e+08 14.9012
2.3395e+08 11250.4
2.3395e+08 7.45058
2.33972e+08 22403.9
2.33972e+08 52.1541
2.33972e+08 7.45058
2.34017e+08 44718.4
2.34017e+08 7.45058
2.34028e+08 11205.7
2.34028e+08 22.3517
2.4841e+08 1.43815e+07
2.48421e+08 11183.3
2.48421e+08 7.45058
2.48421e+08 7.45058
2.48421e+08 7.45058
2.48421e+08 29.8023
2.49427e+08 1.00621e+06
2.49427e+08 7.45058
2.49427e+08 1
2.49449e+08 22373.1
2.49796e+08 346646
2.49796e+08 7.45058
2.49796e+08 7.45058
2.49841e+08 44748.2
2.49841e+08 14.9012
2.49841e+08 7.45058
2.49852e+08 11198.2
2.49863e+08 11190.8
2.49874e+08 11183.3
2.49897e+08 22441.1
2.49897e+08 7.45058
2.49908e+08 11198.2
2.49908e+08 52.1541
2.49908e+08 7.45058
2.49908e+08 7.45058
2.49908e+08 14.9012
2.49908e+08 7.45058
2.49919e+08 11205.7
2.64949e+08 1.50301e+07
2.64949e+08 7.45058
2.64949e+08 7.45058
2.64949e+08 7.45058
2.64972e+08 22366.6
2.64972e+08 7.45058
2.65989e+08 1.01735e+06
2.66023e+08 33564.9
2.66023e+08 7.45058
2.66079e+08 55931.5
2.66079e+08 1
2.66258e+08 178977
2.66269e+08 11235.5
2.66269e+08 7.45058
2.66358e+08 89429.3
2.66358e+08 7.45058
2.66369e+08 11183.3
2.6637e+08 7.45058
2.6637e+08 7.45058
2.66392e+08 22381.5
2.66459e+08 67144.6
2.66459e+08 7.45058
2.66459e+08 7.45058
2.66493e+08 33602.1
2.66493e+08 7.45058
2.66493e+08 14.9012
2.66493e+08 14.9012
2.66493e+08 14.9012
2.66537e+08 44748.2
2.81858e+08 1.53209e+07
2.81881e+08 22374.1
2.81892e+08 11198.2
2.81892e+08 7.45058
2.81892e+08 7.45058
2.81903e+08 11198.2
2.82976e+08 1.0732e+06
2.83032e+08 55916.6
2.83032e+08 7.45058
2.83077e+08 44792.9
2.83099e+08 22359.2
2.83099e+08 1
2.83222e+08 123030
2.83267e+08 44755.6
2.83301e+08 33535.1
2.83323e+08 22366.6
2.83368e+08 44755.6
2.83368e+08 7.45058
2.8339e+08 22366.6
2.8339e+08 7.45058
2.83435e+08 44733.3
2.83513e+08 78290.7
2.83513e+08 14.9012
2.83513e+08 7.45058
2.83558e+08 44807.8
2.83558e+08 7.45058
2.83581e+08 22374.1
2.83581e+08 22.3517
2.83581e+08 7.45058
2.83637e+08 55976.2
2.99545e+08 1.59084e+07
2.99556e+08 11190.8
2.99578e+08 22396.4
2.99578e+08 7.45058
2.99579e+08 7.45058
2.99601e+08 22389
3.00618e+08 1.01729e+06
3.00663e+08 44710.9
3.00696e+08 33542.5
3.00864e+08 167795
3.00898e+08 33535.1
3.00898e+08 14.9012
3.01043e+08 145346
3.01043e+08 1
3.01088e+08 44747.2
3.01088e+08 7.45058
3.01099e+08 11205.7
3.01144e+08 44718.4
3.01155e+08 11183.3
3.01155e+08 7.45058
3.01155e+08 7.45058
3.01211e+08 55886.8
3.01267e+08 55946.4
3.01334e+08 67092.5
3.01334e+08 7.45058
3.01423e+08 89518.7
3.01423e+08 22.3517
3.01446e+08 22418.8
3.01446e+08 59.6046
3.01446e+08 7.45058
3.01446e+08 81.9564
3.17841e+08 1.63945e+07
3.17841e+08 29.8023
3.17841e+08 7.45058
3.17841e+08 7.45058
3.17841e+08 22.3517
3.17863e+08 22381.5
3.18858e+08 994921
3.18858e+08 7.45058
3.18925e+08 67107.4
3.19126e+08 201337
3.19126e+08 7.45058
3.19149e+08 22359.2
3.19205e+08 55909.2
3.19261e+08 55894.3
3.19261e+08 1
3.19283e+08 22380.5
3.19294e+08 11183.3
3.19361e+08 67114.8
3.19384e+08 22359.2
3.19384e+08 7.45058
3.19384e+08 7.45058
3.19384e+08 7.45058
3.19384e+08 7.45058
3.19507e+08 122964
3.19562e+08 55909.2
3.19562e+08 7.45058
3.1973e+08 167795
3.1973e+08 7.45058
3.1973e+08 74.5058
3.19742e+08 11220.6
3.19742e+08 7.45058
3.19764e+08 22456
3.36797e+08 1.70334e+07
3.3682e+08 22403.9
3.36831e+08 11242.9
3.36831e+08 22.3517
3.36831e+08 29.8023
3.36842e+08 11183.3
3.37837e+08 994958
3.37893e+08 55901.7
3.37949e+08 55909.2
3.38117e+08 167854
3.38117e+08 7.45058
3.38117e+08 14.9012
3.38139e+08 22359.2
3.38139e+08 7.45058
3.38162e+08 22374.1
3.38229e+08 67070.1
3.38229e+08 1
3.38229e+08 6.45058
3.38307e+08 78253.4
3.38307e+08 14.9012
3.38318e+08 11190.8
3.38318e+08 7.45058
3.38341e+08 22359.2
3.38341e+08 7.45058
3.38397e+08 55924.1
3.38441e+08 44733.3
3.38486e+08 44710.9
3.38643e+08 156611
3.38654e+08 11205.7
3.38676e+08 22426.2
3.38687e+08 11198.2
3.38687e+08 7.45058
3.38732e+08 44852.5
3.56416e+08 1.76839e+07
3.56483e+08 67114.8
3.56483e+08 22.3517
3.56483e+08 22.3517
3.56483e+08 7.45058
3.56483e+08 7.45058
3.57467e+08 983857
3.57534e+08 67077.6
3.57668e+08 134133
3.57825e+08 156656
3.57825e+08 7.45058
3.57825e+08 22.3517
3.57825e+08 7.45058
3.57836e+08 11205.7
3.57836e+08 22.3517
3.57859e+08 22359.2
3.57859e+08 7.45058
3.57859e+08 1
3.57859e+08 6.45058
3.5787e+08 11183.3
3.57915e+08 44725.8
3.57959e+08 44725.8
3.57959e+08 7.45058
3.58015e+08 55916.6
3.58015e+08 7.45058
3.58026e+08 11183.3
3.58026e+08 7.45058
3.58026e+08 7.45058
3.58317e+08 290737
3.58317e+08 22.3517
3.58317e+08 104.308
3.58317e+08 14.9012
3.58317e+08 37.2529
3.58385e+08 67181.9
3.76619e+08 1.82343e+07
3.76753e+08 134200
3.76787e+08 33579.8
3.7682e+08 33550
3.7682e+08 7.45058
3.76831e+08 11190.8
3.77491e+08 659615
3.77647e+08 156477
3.77715e+08 67092.5
3.7805e+08 335395
3.78061e+08 11205.7
3.78061e+08 7.45058
3.78061e+08 59.6046
3.78073e+08 11257.8
3.78073e+08 44.7035
3.78073e+08 7.45058
3.78073e+08 14.9012
3.78073e+08 7.45058
3.78073e+08 7.45058
3.78073e+08 1
3.78073e+08 6.45058
3.78084e+08 11190.8
3.78184e+08 100635
3.78184e+08 7.45058
3.7824e+08 55901.7
3.78252e+08 11183.3
3.78252e+08 7.45058
3.78274e+08 22366.6
3.78274e+08 7.45058
3.78565e+08 290692
3.78565e+08 7.45058
3.78565e+08 163.913
3.78565e+08 7.45058
3.78576e+08 11190.8
3.78632e+08 56058.2
3.97342e+08 1.87099e+07
3.97454e+08 111781
3.97543e+08 89421.9
3.97677e+08 134222
3.97677e+08 22.3517
3.97923e+08 245899
3.98616e+08 693113
3.98639e+08 22366.6
3.98683e+08 44740.7
3.98806e+08 123017
3.98806e+08 7.45058
3.98807e+08 7.45058
3.98829e+08 22396.4
3.98874e+08 44755.6
3.98874e+08 29.8023
3.98874e+08 7.45058
3.98874e+08 44.7035
3.98874e+08 7.45058
3.98874e+08 7.45058
3.98885e+08 11235.5
3.98885e+08 1
3.98885e+08 21.3517
3.98885e+08 7.45058
3.98986e+08 100613
3.99019e+08 33550
3.99109e+08 89429.3
3.99131e+08 22359.2
3.99131e+08 7.45058
3.99142e+08 11183.3
3.99142e+08 14.9012
3.99299e+08 156537
3.99299e+08 7.45058
3.99399e+08 100717
3.99399e+08 7.45058
3.99411e+08 11220.6
3.99444e+08 33758.6
4.18907e+08 1.94628e+07
4.18941e+08 33535.1
4.18985e+08 44740.7
4.19354e+08 368930
4.19433e+08 78238.5
4.19567e+08 134125
4.20193e+08 626117
4.20238e+08 44710.9
4.20294e+08 55991.1
4.2035e+08 55991.1
4.20383e+08 33542.5
4.20383e+08 7.45058
4.20406e+08 22366.6
4.20473e+08 67122.3
4.20551e+08 78253.4
4.20551e+08 7.45058
4.20584e+08 33535.1
4.20607e+08 22366.6
4.20618e+08 11183.3
4.20629e+08 11190.8
4.20629e+08 7.45058
4.20685e+08 55909.2
4.20685e+08 1
4.20685e+08 6.45058
4.20696e+08 11183.3
4.20707e+08 11190.8
4.20763e+08 55924.1
4.20775e+08 11198.2
4.20775e+08 7.45058
4.20775e+08 7.45058
4.20775e+08 7.45058
4.20831e+08 55901.7
4.20864e+08 33535.1
4.20942e+08 78253.4
4.20942e+08 22.3517
4.20942e+08 14.9012
4.20999e+08 56222.1
4.4094e+08 1.9941e+07
4.4094e+08 7.45058
4.41051e+08 111818
4.41655e+08 603631
4.41677e+08 22366.6
4.41677e+08 7.45058
4.42259e+08 581376
4.42281e+08 22374.1
4.42438e+08 156663
4.42505e+08 67122.3
4.42505e+08 7.45058
4.42505e+08 7.45058
4.42538e+08 33550
4.4265e+08 111826
4.4265e+08 14.9012
4.4265e+08 7.45058
4.42695e+08 44710.9
4.42706e+08 11190.8
4.42717e+08 11183.3
4.4274e+08 22366.6
4.4274e+08 14.9012
4.42785e+08 44718.4
4.42796e+08 11198.2
4.42796e+08 1
4.42818e+08 22373.1
4.4284e+08 22359.2
4.42852e+08 11183.3
4.42908e+08 55924.1
4.42963e+08 55916.6
4.42975e+08 11183.3
4.42975e+08 7.45058
4.42986e+08 11183.3
4.42997e+08 11213.1
4.43019e+08 22374.1
4.43042e+08 22374.1
4.43042e+08 29.8023
4.43042e+08 37.2529
4.43053e+08 11444.1
4.63539e+08 2.04857e+07
4.63595e+08 55894.3
4.63684e+08 89421.9
4.64143e+08 458255
4.64512e+08 368930
4.64601e+08 89496.4
4.64981e+08 380136
4.64992e+08 11198.2
4.65138e+08 145465
4.6516e+08 22359.2
4.6516e+08 7.45058
4.65171e+08 11235.5
4.65183e+08 11183.3
4.65272e+08 89474
4.65272e+08 7.45058
4.65283e+08 11190.8
4.65306e+08 22374.1
4.65317e+08 11183.3
4.6535e+08 33542.5
4.65395e+08 44710.9
4.65462e+08 67092.5
4.65496e+08 33535.1
4.65507e+08 11190.8
4.65507e+08 7.45058
4.65507e+08 1
4.65529e+08 22388
4.65574e+08 44740.7
4.65585e+08 11190.8
4.65641e+08 55939
4.65652e+08 11213.1
4.65653e+08 74.5058
4.65653e+08 29.8023
4.65653e+08 22.3517
4.65664e+08 11235.5
4.65664e+08 7.45058
4.65664e+08 7.45058
4.65697e+08 33564.9
4.65697e+08 29.8023
4.65742e+08 44934.5
4.86904e+08 2.11613e+07
4.87071e+08 167653
4.87116e+08 44725.8
4.87228e+08 111781
4.87887e+08 659607
4.88055e+08 167720
4.88234e+08 178941
4.88279e+08 44755.6
4.88368e+08 89518.7
4.88368e+08 7.45058
4.88368e+08 7.45058
4.88402e+08 33550
4.88413e+08 11198.2
4.88491e+08 78290.7
4.88491e+08 7.45058
4.88491e+08 7.45058
4.88491e+08 7.45058
4.88536e+08 44748.2
4.88559e+08 22359.2
4.88559e+08 7.45058
4.88682e+08 122972
4.88693e+08 11183.3
4.88704e+08 11190.8
4.88715e+08 11190.8
4.88749e+08 33542.5
4.88816e+08 67107.4
4.88816e+08 1
4.88816e+08 6.45058
4.88816e+08 7.45058
4.88872e+08 55983.7
4.88872e+08 74.5058
4.88872e+08 37.2529
4.88872e+08 52.1541
4.88872e+08 52.1541
4.88894e+08 22448.6
4.88894e+08 7.45058
4.88894e+08 7.45058
4.88894e+08 14.9012
4.88917e+08 22359.2
4.89007e+08 89742.2
5.10722e+08 2.17155e+07
5.10845e+08 122949
5.1099e+08 145301
5.1099e+08 7.45058
5.11795e+08 805005
5.11862e+08 67114.8
5.12019e+08 156641
5.12041e+08 22381.5
5.12131e+08 89421.9
5.12131e+08 7.45058
5.12131e+08 7.45058
5.12153e+08 22366.6
5.12153e+08 29.8023
5.12243e+08 89481.5
5.12243e+08 7.45058
5.12243e+08 7.45058
5.12243e+08 7.45058
5.12265e+08 22359.2
5.12287e+08 22374.1
5.12299e+08 11198.2
5.1241e+08 111796
5.12411e+08 7.45058
5.12422e+08 11190.8
5.12444e+08 22359.2
5.12444e+08 7.45058
5.12489e+08 44718.4
5.12545e+08 55901.7
5.12545e+08 1
5.12545e+08 21.3517
5.12545e+08 29.8023
5.12601e+08 56028.4
5.12601e+08 74.5058
5.12601e+08 7.45058
5.12612e+08 11205.7
5.12612e+08 44.7035
5.12635e+08 22471
5.12635e+08 7.45058
5.12635e+08 22.3517
5.12657e+08 22381.5
5.12657e+08 7.45058
5.12758e+08 100963
5.35024e+08 2.22658e+07
5.35247e+08 223525
5.35247e+08 7.45058
5.3537e+08 122942
5.36131e+08 760369
5.36187e+08 55909.2
5.36332e+08 145406
5.36455e+08 122987
5.36488e+08 33550
5.36488e+08 7.45058
5.365e+08 11183.3
5.365e+08 7.45058
5.365e+08 14.9012
5.36544e+08 44800.3
5.36544e+08 7.45058
5.36544e+08 7.45058
5.36544e+08 7.45058
5.36545e+08 7.45058
5.36589e+08 44733.3
5.36589e+08 14.9012
5.36656e+08 67092.5
5.36701e+08 44718.4
5.36723e+08 22366.6
5.36723e+08 7.45058
5.36723e+08 7.45058
5.36735e+08 11183.3
5.36746e+08 11190.8
5.36746e+08 7.45058
5.36824e+08 78246
5.36824e+08 1
5.36869e+08 44732.3
5.36914e+08 44919.6
5.36914e+08 7.45058
5.36914e+08 7.45058
5.36914e+08 59.6046
5.36925e+08 11198.2
5.36948e+08 22634.9
5.36948e+08 14.9012
5.36948e+08 7.45058
5.36948e+08 7.45058
5.36948e+08 7.45058
5.37071e+08 123210
5.60176e+08 2.31046e+07
5.60176e+08 7.45058
5.60254e+08 78246
5.60254e+08 7.45058
5.61148e+08 894539
5.6116e+08 11183.3
5.61327e+08 167683
5.61428e+08 100613
5.61439e+08 11220.6
5.61439e+08 7.45058
5.61439e+08 7.45058
5.61461e+08 22366.6
5.61461e+08 37.2529
5.61495e+08 33602.1
5.61506e+08 11205.7
5.61506e+08 7.45058
5.61506e+08 22.3517
5.61506e+08 7.45058
5.61551e+08 44748.2
5.61551e+08 7.45058
5.61618e+08 67070.1
5.6164e+08 22366.6
5.61663e+08 22359.2
5.61663e+08 7.45058
5.61663e+08 7.45058
5.61674e+08 11183.3
5.61674e+08 7.45058
5.61674e+08 7.45058
5.61674e+08 7.45058
5.61674e+08 7.45058
5.61674e+08 1
5.61685e+08 11182.3
5.61864e+08 179045
5.61876e+08 11205.7
5.61876e+08 29.8023
5.61887e+08 11213.1
5.61887e+08 44.7035
5.61965e+08 78551.5
5.61965e+08 7.45058
5.61965e+08 7.45058
5.61977e+08 11190.8
5.61977e+08 7.45058
5.62022e+08 45023.9
5.85593e+08 2.35715e+07
5.85772e+08 178859
5.85794e+08 22366.6
5.85817e+08 22359.2
5.86745e+08 928052
5.86767e+08 22374.1
5.86924e+08 156485
5.86968e+08 44740.7
5.8698e+08 11205.7
5.8698e+08 29.8023
5.8698e+08 7.45058
5.8698e+08 7.45058
5.87002e+08 22403.9
5.87024e+08 22366.6
5.87047e+08 22396.4
5.87047e+08 7.45058
5.87047e+08 67.0552
5.87069e+08 22359.2
5.87147e+08 78275.8
5.8717e+08 22359.2
5.87192e+08 22374.1
5.87192e+08 7.45058
5.87192e+08 7.45058
5.87192e+08 7.45058
5.87192e+08 7.45058
5.87192e+08 7.45058
5.87192e+08 7.45058
5.87192e+08 7.45058
5.87203e+08 11190.8
5.87203e+08 7.45058
5.87203e+08 7.45058
5.87203e+08 7.45058
5.87203e+08 1
5.87416e+08 212579
5.87427e+08 11198.2
5.87427e+08 37.2529
5.87427e+08 37.2529
5.87439e+08 11235.5
5.87472e+08 33810.7
5.87484e+08 11242.9
5.87484e+08 7.45058
5.87506e+08 22403.9
5.87506e+08 7.45058
5.87573e+08 67412.9
6.11482e+08 2.39087e+07
6.11672e+08 190005
6.11694e+08 22366.6
