2345 2000
6345 4000
14345 8000
30345 16000
62345 32000
126345 64000
254345 128000
510345 256000
1.02234e+06 512000
2.04634e+06 1.024e+06
4.09434e+06 2.048e+06
4.23085e+06 136504
4.23085e+06 1
8.32655e+06 4.0957e+06
8.32656e+06 7.45058
9.78343e+06 1.45687e+06
9.78343e+06 1
9.8155e+06 32062.7
1.18181e+07 2.00263e+06
1.18631e+07 44950.2
1.18631e+07 1
1.19783e+07 115248
1.43814e+07 2.40304e+06
1.43814e+07 14.9012
1.43814e+07 7.45058
1.43814e+07 14.9012
1.43814e+07 1
1.7387e+07 3.00564e+06
1.73871e+07 14
1.73871e+07 7.45058
1.73983e+07 11212
1.73983e+07 16
1.73983e+07 1
2.12098e+07 3.81149e+06
2.12098e+07 22.3517
2.12098e+07 7.45058
2.12099e+07 59.6046
2.12099e+07 7.45058
2.12099e+07 14.9012
2.12099e+07 1
2.5428e+07 4.21814e+06
2.54281e+07 14.9012
2.54281e+07 7.45058
2.54281e+07 7.45058
2.54281e+07 7.45058
2.54281e+07 7.45058
2.54281e+07 7.45058
2.96269e+07 4.19876e+06
2.96269e+07 1
2.96269e+07 13.9012
2.96269e+07 14.9012
2.96493e+07 22359.2
2.96493e+07 7.45058
2.96493e+07 7.45058
2.96605e+07 11198.2
3.44419e+07 4.78143e+06
3.4442e+07 67.0552
3.4442e+07 1
3.44644e+07 22432.7
3.44644e+07 7.45058
3.44644e+07 14.9012
3.44644e+07 22.3517
3.44645e+07 14.9012
3.44645e+07 7.45058
3.9899e+07 5.43453e+06
3.98991e+07 89.407
3.98991e+07 37.2529
3.99104e+07 11242.9
3.99104e+07 1
3.99104e+07 13.9012
3.99104e+07 37.2529
3.99104e+07 29.8023
3.99104e+07 7.45058
3.99105e+07 22.3517
4.59314e+07 6.02089e+06
4.59537e+07 22389
4.59538e+07 29.8023
4.59539e+07 104.308
4.59539e+07 7.45058
4.59539e+07 1
4.59539e+07 6.45058
4.59651e+07 11190.8
4.59875e+07 22433.7
4.59875e+07 7.45058
4.601e+07 22426.2
5.25141e+07 6.50418e+06
5.25142e+07 14.9012
5.25142e+07 81.9564
5.25704e+07 56117.8
5.25704e+07 7.45058
5.25704e+07 37.2529
5.25704e+07 7.45058
5.25704e+07 1
5.25704e+07 6.45058
5.25705e+07 44.7035
5.25705e+07 7.45058
5.25705e+07 52.1541
5.97536e+07 7.18311e+06
5.97537e+07 37.2529
5.97537e+07 74.5058
5.9821e+07 67234
5.9821e+07 14.9012
5.9821e+07 7.45058
5.9821e+07 7.45058
5.9821e+07 7.45058
5.9821e+07 1
5.9821e+07 6.45058
5.9821e+07 14.9012
5.9821e+07 7.45058
5.98364e+07 15408.2
6.74811e+07 7.64467e+06
6.75035e+07 22389
6.75259e+07 22426.2
6.75597e+07 33795.8
6.75597e+07 7.45058
6.75597e+07 7.45058
6.75598e+07 14.9012
6.75598e+07 14.9012
6.75821e+07 22366.6
6.75821e+07 1
6.75822e+07 13.9012
6.75822e+07 14.9012
6.75822e+07 22.3517
6.76429e+07 60663.2
7.58749e+07 8.23206e+06
7.58861e+07 11190.8
7.59309e+07 44815.2
7.59871e+07 56162.5
7.59871e+07 14.9012
7.59871e+07 7.45058
7.59871e+07 14.9012
7.59872e+07 81.9564
7.59872e+07 7.45058
7.59984e+07 11198.2
7.59984e+07 7.45058
7.59984e+07 1
7.59984e+07 6.45058
7.59985e+07 37.2529
7.60096e+07 11190.8
8.48896e+07 8.87993e+06
8.48896e+07 22.3517
8.49344e+07 44807.8
8.49907e+07 56281.7
8.49907e+07 7.45058
8.49907e+07 29.8023
8.49907e+07 7.45058
8.50021e+07 11347.2
8.50021e+07 7.45058
8.50468e+07 44725.8
8.5058e+07 11183.3
8.5058e+07 7.45058
8.5058e+07 1
8.50916e+07 33578.8
8.51364e+07 44778
8.51587e+07 22359.2
9.44576e+07 9.29883e+06
9.44687e+07 11190.8
9.448e+07 11213.1
9.45363e+07 56311.5
9.45363e+07 7.45058
9.45363e+07 14.9012
9.45363e+07 22.3517
9.45811e+07 44792.9
9.46147e+07 33557.4
9.46147e+07 7.45058
9.46147e+07 7.45058
9.46147e+07 7.45058
9.46371e+07 22366.6
9.46371e+07 14.9012
9.46371e+07 1
9.48446e+07 207534
9.48446e+07 7.45058
1.04615e+08 9.77088e+06
1.04616e+08 7.45058
1.04671e+08 55961.3
1.04716e+08 44994.1
1.04717e+08 44.7035
1.04717e+08 22.3517
1.04717e+08 74.5058
1.04728e+08 11235.5
1.04728e+08 22.3517
1.0475e+08 22403.9
1.04773e+08 22381.5
1.04784e+08 11183.3
1.04795e+08 11205.7
1.04817e+08 22381.5
1.04817e+08 7.45058
1.04817e+08 1
1.04985e+08 167764
1.04985e+08 7.45058
1.15399e+08 1.04143e+07
1.15399e+08 7.45058
1.15433e+08 33572.3
1.15489e+08 56244.4
1.15489e+08 14.9012
1.15489e+08 29.8023
1.15501e+08 11287.6
1.15512e+08 11250.4
1.15512e+08 29.8023
1.15523e+08 11190.8
1.15534e+08 11183.3
1.15534e+08 7.45058
1.15579e+08 44748.2
1.15579e+08 7.45058
1.15579e+08 7.45058
1.15579e+08 14.9012
1.158e+08 221378
1.158e+08 1
1.15819e+08 18485.5
1.26736e+08 1.09169e+07
1.26736e+08 7.45058
1.26736e+08 14.9012
1.26893e+08 156932
1.26893e+08 14.9012
1.26904e+08 11198.2
1.26904e+08 74.5058
1.26915e+08 11228
1.26915e+08 22.3517
1.26915e+08 7.45058
1.26927e+08 11183.3
1.26927e+08 7.45058
1.26982e+08 55946.4
1.26982e+08 7.45058
1.26982e+08 7.45058
1.26982e+08 7.45058
1.27206e+08 223711
1.27217e+08 11198.2
1.27217e+08 1
1.2724e+08 22373.1
1.3876e+08 1.15206e+07
1.3876e+08 14.9012
1.38772e+08 11190.8
1.38828e+08 56468
1.38828e+08 7.45058
1.38828e+08 22.3517
1.38839e+08 11257.8
1.38839e+08 29.8023
1.38851e+08 11190.8
1.38851e+08 7.45058
1.38851e+08 29.8023
1.38851e+08 7.45058
1.38862e+08 11205.7
1.38862e+08 7.45058
1.38862e+08 7.45058
1.38862e+08 7.45058
1.39153e+08 290759
1.39175e+08 22403.9
1.39175e+08 14.9012
1.39175e+08 29.8023
1.39175e+08 1
1.51209e+08 1.20341e+07
1.51209e+08 7.45058
1.51276e+08 67085
1.51355e+08 78961.3
1.51355e+08 14.9012
1.51355e+08 22.3517
1.51355e+08 22.3517
1.51366e+08 11205.7
1.51378e+08 11205.7
1.51378e+08 7.45058
1.51378e+08 7.45058
1.51378e+08 7.45058
1.514e+08 22374.1
1.514e+08 7.45058
1.51411e+08 11183.3
1.51411e+08 7.45058
1.51702e+08 290722
1.51702e+08 22.3517
1.51702e+08 29.8023
1.51702e+08 52.1541
1.51702e+08 7.45058
1.51702e+08 1
1.64312e+08 1.26103e+07
1.64312e+08 7.45058
1.64324e+08 11213.1
1.64436e+08 112474
1.64436e+08 7.45058
1.64436e+08 7.45058
1.64436e+08 7.45058
1.64447e+08 11242.9
1.6447e+08 22374.1
1.6447e+08 7.45058
1.6447e+08 7.45058
1.6447e+08 7.45058
1.64481e+08 11183.3
1.64492e+08 11183.3
1.64492e+08 7.45058
1.64492e+08 7.45058
1.64794e+08 301875
1.64794e+08 67.0552
1.64794e+08 37.2529
1.64794e+08 67.0552
1.64805e+08 11213.1
1.64805e+08 7.45058
1.77386e+08 1.25803e+07
1.77386e+08 1
1.77386e+08 6.45058
1.77419e+08 33557.4
1.77498e+08 78916.5
1.77498e+08 37.2529
1.77498e+08 7.45058
1.77498e+08 7.45058
1.77521e+08 22374.1
1.77532e+08 11190.8
1.77543e+08 11183.3
1.77543e+08 7.45058
1.77565e+08 22359.2
1.77565e+08 7.45058
1.77565e+08 14.9012
1.77565e+08 7.45058
1.77565e+08 7.45058
1.7789e+08 324190
1.7789e+08 67.0552
1.7796e+08 70798.3
1.78081e+08 120503
1.78081e+08 7.45058
1.78081e+08 7.45058
1.91185e+08 1.31044e+07
1.91185e+08 7.45058
1.91185e+08 1
1.91185e+08 6.45058
1.91185e+08 22.3517
1.91208e+08 22955.2
1.91231e+08 22411.3
1.91231e+08 7.45058
1.91231e+08 7.45058
1.91276e+08 44748.2
1.91287e+08 11183.3
1.91287e+08 7.45058
1.91287e+08 7.45058
1.91287e+08 7.45058
1.91298e+08 11183.3
1.91298e+08 7.45058
1.91298e+08 7.45058
1.91332e+08 33542.5
1.91656e+08 324219
1.91656e+08 171.363
1.91765e+08 109095
1.91957e+08 192107
1.91957e+08 7.45058
1.91991e+08 33535.1
2.0551e+08 1.35196e+07
2.0551e+08 7.45058
2.0551e+08 7.45058
2.0551e+08 37.2529
2.0551e+08 1
2.0551e+08 13.9012
2.05544e+08 34131.1
2.05567e+08 22366.6
2.05578e+08 11183.3
2.05589e+08 11183.3
2.05623e+08 33542.5
2.05623e+08 7.45058
2.05623e+08 7.45058
2.05623e+08 7.45058
2.05623e+08 7.45058
2.05634e+08 11190.8
2.05645e+08 11183.3
2.05656e+08 11183.3
2.05668e+08 11190.8
2.06003e+08 335410
2.06081e+08 78462.1
2.06236e+08 154625
2.06585e+08 348650
2.06596e+08 11183.3
2.06629e+08 33542.5
2.20485e+08 1.38553e+07
2.20485e+08 7.45058
2.20485e+08 7.45058
2.20485e+08 22.3517
2.20485e+08 7.45058
2.20485e+08 1
2.20485e+08 80.9564
2.20552e+08 67591.7
2.20564e+08 11183.3
2.20564e+08 7.45058
2.20564e+08 7.45058
2.20575e+08 11205.7
2.20575e+08 7.45058
2.20575e+08 7.45058
2.20575e+08 7.45058
2.20575e+08 7.45058
2.20608e+08 33550
2.20631e+08 22359.2
2.20631e+08 7.45058
2.20642e+08 11205.7
2.21011e+08 368908
2.21112e+08 100777
2.21215e+08 103756
2.21559e+08 343577
2.21559e+08 7.45058
2.21559e+08 7.45058
2.35951e+08 1.43921e+07
2.35951e+08 7.45058
2.35951e+08 7.45058
2.35951e+08 22.3517
2.35951e+08 7.45058
2.35951e+08 7.45058
2.35951e+08 59.6046
2.35951e+08 1
2.36041e+08 89905.2
2.36041e+08 7.45058
2.36041e+08 29.8023
2.36052e+08 11190.8
2.36052e+08 14.9012
2.36064e+08 11183.3
2.36064e+08 7.45058
2.36064e+08 7.45058
2.36064e+08 7.45058
2.36075e+08 11198.2
2.36108e+08 33542.5
2.36119e+08 11190.8
2.36131e+08 11183.3
2.36466e+08 335410
2.36634e+08 167787
2.36837e+08 203596
2.37193e+08 355702
2.37193e+08 7.45058
2.37193e+08 7.45058
2.52044e+08 1.48507e+07
2.52044e+08 7.45058
2.52044e+08 7.45058
2.52044e+08 29.8023
2.52044e+08 14.9012
2.52044e+08 7.45058
2.52044e+08 14.9012
2.52044e+08 7.45058
2.52044e+08 1
2.52145e+08 101044
2.52145e+08 7.45058
2.52156e+08 11235.5
2.52179e+08 22359.2
2.52179e+08 7.45058
2.52179e+08 7.45058
2.52179e+08 14.9012
2.52179e+08 7.45058
2.5219e+08 11183.3
2.52201e+08 11198.2
2.52201e+08 7.45058
2.52223e+08 22411.3
2.52246e+08 22359.2
2.52637e+08 391297
2.52783e+08 145420
2.52883e+08 100777
2.53353e+08 469446
2.53431e+08 78253.4
2.53431e+08 7.45058
2.68629e+08 1.51976e+07
2.68629e+08 7.45058
2.68629e+08 7.45058
2.68629e+08 22.3517
2.68629e+08 67.0552
2.68629e+08 7.45058
2.68629e+08 14.9012
2.68629e+08 7.45058
2.68629e+08 37.2529
2.6873e+08 100948
2.6873e+08 1
2.6873e+08 6.45058
2.68763e+08 33602.1
2.68763e+08 7.45058
2.68763e+08 14.9012
2.68763e+08 7.45058
2.68786e+08 22374.1
2.68786e+08 7.45058
2.68786e+08 7.45058
2.68797e+08 11213.1
2.68797e+08 7.45058
2.68842e+08 44755.6
2.68842e+08 7.45058
2.69166e+08 324234
2.69423e+08 257157
2.69636e+08 212580
2.69815e+08 178829
2.6987e+08 55886.8
2.69915e+08 44710.9
2.85806e+08 1.5891e+07
2.85806e+08 14.9012
2.85806e+08 7.45058
2.85806e+08 44.7035
2.85806e+08 29.8023
2.85806e+08 7.45058
2.85829e+08 22359.2
2.8584e+08 11183.3
2.8584e+08 14.9012
2.85907e+08 67405.4
2.85907e+08 14.9012
2.85907e+08 1
2.85907e+08 28.8023
2.85941e+08 33587.2
2.85941e+08 7.45058
2.85952e+08 11183.3
2.85952e+08 7.45058
2.85963e+08 11213.1
2.85963e+08 7.45058
2.85963e+08 7.45058
2.85986e+08 22389
2.85986e+08 7.45058
2.86042e+08 56013.5
2.86042e+08 22.3517
2.86265e+08 223570
2.8669e+08 424854
2.87115e+08 424832
2.87249e+08 134163
2.87294e+08 44718.4
2.87294e+08 7.45058
3.03576e+08 1.62824e+07
3.03599e+08 22433.7
3.03599e+08 7.45058
3.03599e+08 7.45058
3.0361e+08 11190.8
3.0361e+08 29.8023
3.0361e+08 7.45058
3.0361e+08 22.3517
3.0361e+08 7.45058
3.03633e+08 22687
3.03633e+08 7.45058
3.03666e+08 33550
3.03677e+08 11183.3
3.03677e+08 1
3.03677e+08 6.45058
3.03677e+08 14.9012
3.03678e+08 14.9012
3.037e+08 22403.9
3.03734e+08 33594.7
3.03734e+08 14.9012
3.03734e+08 7.45058
3.03767e+08 33646.8
3.03778e+08 11183.3
3.03812e+08 33594.7
3.03812e+08 14.9012
3.04058e+08 245936
3.04717e+08 659563
3.04874e+08 156567
3.04975e+08 100590
3.04975e+08 7.45058
3.05053e+08 78260.9
3.21962e+08 1.69086e+07
3.21973e+08 11220.6
3.21973e+08 44.7035
3.21973e+08 7.45058
3.21973e+08 22.3517
3.21973e+08 59.6046
3.21973e+08 14.9012
3.21973e+08 67.0552
3.21973e+08 22.3517
3.22007e+08 33788.4
3.22007e+08 29.8023
3.22018e+08 11183.3
3.22029e+08 11205.7
3.22029e+08 7.45058
3.22029e+08 1
3.22029e+08 6.45058
3.22029e+08 7.45058
3.22029e+08 7.45058
3.2204e+08 11213.1
3.22074e+08 33639.4
3.22108e+08 33564.9
3.22108e+08 14.9012
3.22164e+08 56028.4
3.22164e+08 14.9012
3.22214e+08 50297.9
3.22309e+08 95398.3
3.22723e+08 413559
3.23215e+08 491954
3.23394e+08 178903
3.23439e+08 44710.9
3.23483e+08 44725.8
3.23562e+08 78260.9
3.40973e+08 1.74118e+07
3.40973e+08 7.45058
3.40973e+08 7.45058
3.40973e+08 7.45058
3.40973e+08 37.2529
3.40973e+08 52.1541
3.40973e+08 22.3517
3.40974e+08 178.814
3.40974e+08 14.9012
3.41007e+08 33818.2
3.41007e+08 7.45058
3.41007e+08 7.45058
3.41019e+08 11205.7
3.41019e+08 7.45058
3.41019e+08 7.45058
3.4103e+08 11183.3
3.4103e+08 1
3.4103e+08 6.45058
3.4103e+08 14.9012
3.41041e+08 11228
3.41108e+08 67189.3
3.41108e+08 22.3517
3.41131e+08 22366.6
3.41247e+08 115888
3.4125e+08 3582.58
3.41459e+08 208587
3.41604e+08 145309
3.41816e+08 212409
3.4232e+08 503130
3.42599e+08 279464
3.42599e+08 7.45058
3.42644e+08 44710.9
3.42722e+08 78246
3.60637e+08 1.7915e+07
3.60637e+08 7.45058
3.60637e+08 7.45058
3.60637e+08 7.45058
3.60637e+08 14.9012
3.60637e+08 22.3517
3.60637e+08 7.45058
3.60637e+08 171.363
3.60637e+08 7.45058
3.60682e+08 45083.5
3.60682e+08 7.45058
3.60682e+08 7.45058
3.60682e+08 44.7035
3.60682e+08 7.45058
3.60694e+08 11190.8
3.60694e+08 7.45058
3.60694e+08 7.45058
3.60694e+08 1
3.60694e+08 21.3517
3.60694e+08 7.45058
3.60694e+08 74.5058
3.60772e+08 78372.7
3.60772e+08 7.45058
3.60794e+08 22374.1
3.61098e+08 303190
3.61243e+08 145338
3.61277e+08 33535.1
3.6131e+08 33535.1
3.6169e+08 380017
3.62048e+08 357822
3.62316e+08 268288
3.62316e+08 7.45058
3.62417e+08 100598
3.62462e+08 44710.9
3.80902e+08 1.84406e+07
3.80902e+08 7.45058
3.80902e+08 7.45058
3.80902e+08 14.9012
3.80902e+08 7.45058
3.80902e+08 37.2529
3.80902e+08 7.45058
3.80902e+08 74.5058
3.80902e+08 7.45058
3.80947e+08 45068.6
3.80947e+08 7.45058
3.80947e+08 14.9012
3.80959e+08 11220.6
3.80959e+08 22.3517
3.80959e+08 14.9012
3.80959e+08 7.45058
3.80959e+08 7.45058
3.80959e+08 7.45058
3.80959e+08 7.45058
3.80959e+08 1
3.80959e+08 6.45058
3.81004e+08 44889.7
3.8106e+08 56058.2
3.8106e+08 7.45058
3.8106e+08 7.45058
3.81428e+08 367884
3.81618e+08 190035
3.81696e+08 78246
3.81729e+08 33542.5
3.81864e+08 134125
3.82322e+08 458390
3.8249e+08 167660
3.82512e+08 22359.2
3.82512e+08 7.45058
3.82512e+08 7.45058
4.01735e+08 1.92233e+07
4.01735e+08 7.45058
4.01735e+08 7.45058
4.01735e+08 14.9012
4.01735e+08 14.9012
4.01735e+08 29.8023
4.01735e+08 14.9012
4.01758e+08 22418.8
4.01758e+08 14.9012
4.0178e+08 22575.3
4.0178e+08 7.45058
4.0178e+08 14.9012
4.01792e+08 11213.1
4.01792e+08 22.3517
4.01792e+08 37.2529
4.01792e+08 22.3517
4.01792e+08 29.8023
4.01792e+08 7.45058
4.01792e+08 7.45058
4.01792e+08 7.45058
4.01792e+08 1
4.01792e+08 6.45058
4.01837e+08 44859.9
4.01893e+08 56192.3
4.01893e+08 7.45058
4.01893e+08 7.45058
4.02272e+08 379614
4.02619e+08 346519
4.02686e+08 67077.6
4.02731e+08 44718.4
4.02775e+08 44710.9
4.03278e+08 503033
4.03368e+08 89414.4
4.03368e+08 7.45058
4.03368e+08 7.45058
4.0339e+08 22374.1
4.23162e+08 1.97714e+07
4.23162e+08 7.45058
4.23162e+08 7.45058
4.23162e+08 22.3517
4.23162e+08 14.9012
4.23162e+08 14.9012
4.23162e+08 7.45058
4.23184e+08 22403.9
4.23184e+08 7.45058
4.23196e+08 11384.5
4.23196e+08 52.1541
4.23207e+08 11183.3
4.23218e+08 11242.9
4.23218e+08 7.45058
4.23218e+08 14.9012
4.23218e+08 7.45058
4.23218e+08 7.45058
4.23229e+08 11183.3
4.23229e+08 7.45058
4.23229e+08 7.45058
4.23229e+08 7.45058
4.23229e+08 7.45058
4.23229e+08 1
4.23241e+08 11301.5
4.2333e+08 89868.9
4.2333e+08 29.8023
4.2333e+08 7.45058
4.23733e+08 402889
4.24002e+08 268303
4.2408e+08 78268.3
4.24158e+08 78238.5
4.24259e+08 100613
4.24695e+08 435986
4.24773e+08 78275.8
4.2484e+08 67099.9
4.2484e+08 7.45058
4.2493e+08 89436.8
4.45193e+08 2.02634e+07
4.45193e+08 7.45058
4.45193e+08 14.9012
4.45193e+08 37.2529
4.45193e+08 14.9012
4.45193e+08 14.9012
4.45193e+08 7.45058
4.45215e+08 22403.9
4.45215e+08 22.3517
4.45227e+08 11302.5
4.45227e+08 89.407
4.45227e+08 7.45058
4.45249e+08 22396.4
4.45249e+08 7.45058
4.45249e+08 22.3517
4.45261e+08 11183.3
4.45261e+08 7.45058
4.45261e+08 7.45058
4.45261e+08 7.45058
4.45261e+08 29.8023
4.45261e+08 7.45058
4.45261e+08 7.45058
4.45261e+08 14.9012
4.45261e+08 1
4.45272e+08 11241.9
4.45362e+08 89861.5
4.45362e+08 29.8023
4.45362e+08 7.45058
4.45764e+08 402443
4.46055e+08 290766
4.46111e+08 55901.7
4.46111e+08 7.45058
4.46279e+08 167690
4.46647e+08 368908
4.46703e+08 55894.3
4.46782e+08 78260.9
4.46793e+08 11183.3
4.4686e+08 67099.9
4.67705e+08 2.0845e+07
4.67705e+08 44.7035
4.67705e+08 14.9012
4.67705e+08 37.2529
4.67705e+08 7.45058
4.67705e+08 7.45058
4.67727e+08 22366.6
4.67727e+08 74.5058
4.67727e+08 22.3517
4.67739e+08 11272.7
4.67761e+08 22418.8
4.67761e+08 22.3517
4.67761e+08 22.3517
4.67772e+08 11198.2
4.67772e+08 7.45058
4.67772e+08 7.45058
4.67772e+08 7.45058
4.67772e+08 29.8023
4.67772e+08 14.9012
4.67772e+08 7.45058
4.67772e+08 7.45058
4.67772e+08 22.3517
4.67772e+08 14.9012
4.67773e+08 52.1541
4.67773e+08 1
4.67784e+08 11234.5
4.67874e+08 89809.3
4.67941e+08 67129.7
4.67952e+08 11183.3
4.68198e+08 245951
4.68723e+08 525475
4.68869e+08 145324
4.68869e+08 7.45058
4.68925e+08 55901.7
4.69305e+08 380114
4.69338e+08 33535.1
4.69685e+08 346534
4.69685e+08 7.45058
4.69897e+08 212364
4.90809e+08 2.09123e+07
4.90809e+08 74.5058
4.9081e+08 7.45058
4.90821e+08 11198.2
4.90821e+08 7.45058
4.90832e+08 11183.3
4.90832e+08 67.0552
4.90843e+08 11235.5
4.90843e+08 22.3517
4.90843e+08 59.6046
4.90843e+08 29.8023
4.90866e+08 22418.8
4.90877e+08 11228
4.90877e+08 7.45058
4.90877e+08 7.45058
4.90877e+08 7.45058
4.90877e+08 7.45058
4.90877e+08 29.8023
4.90877e+08 7.45058
4.90877e+08 7.45058
4.90877e+08 7.45058
4.90877e+08 14.9012
4.90877e+08 7.45058
4.90877e+08 7.45058
4.90877e+08 7.45058
4.90888e+08 11272.7
4.90888e+08 1
4.90989e+08 101044
4.91012e+08 22411.3
4.91012e+08 7.45058
4.91124e+08 111774
4.91839e+08 715517
4.91929e+08 89429.3
4.91929e+08 7.45058
4.92029e+08 100620
4.92543e+08 514187
4.92566e+08 22359.2
4.93158e+08 592455
4.93158e+08 7.45058
4.93259e+08 100620
5.14507e+08 2.1248e+07
5.14518e+08 11190.8
5.14518e+08 7.45058
5.14518e+08 7.45058
5.14529e+08 11190.8
5.14529e+08 14.9012
5.1454e+08 11302.5
5.14541e+08 59.6046
5.14541e+08 7.45058
5.14541e+08 37.2529
5.14563e+08 22396.4
5.14563e+08 7.45058
5.14574e+08 11220.6
5.14574e+08 7.45058
5.14574e+08 7.45058
5.14574e+08 22.3517
5.14574e+08 7.45058
5.14574e+08 22.3517
5.14574e+08 7.45058
5.14574e+08 7.45058
5.14574e+08 7.45058
5.14574e+08 29.8023
5.14574e+08 52.1541
5.14574e+08 7.45058
5.14574e+08 7.45058
5.14586e+08 11265.3
5.14586e+08 14.9012
5.14586e+08 1
5.14687e+08 101036
5.14732e+08 44807.8
5.14754e+08 22381.5
5.14754e+08 7.45058
5.15557e+08 802788
5.15613e+08 55894.3
5.15624e+08 11183.3
5.15747e+08 122979
5.16194e+08 447147
5.16283e+08 89429.3
5.16943e+08 659466
5.16943e+08 7.45058
5.17144e+08 201277
5.38806e+08 2.16619e+07
5.38806e+08 7.45058
5.38806e+08 7.45058
5.38817e+08 11183.3
5.38817e+08 7.45058
5.38828e+08 11183.3
5.3884e+08 11362.1
5.3884e+08 29.8023
5.3884e+08 7.45058
5.38851e+08 11220.6
5.38873e+08 22359.2
5.38873e+08 7.45058
5.38873e+08 29.8023
5.38873e+08 7.45058
5.38873e+08 7.45058
5.38873e+08 29.8023
5.38873e+08 7.45058
5.38873e+08 14.9012
5.38873e+08 7.45058
5.38873e+08 7.45058
5.38873e+08 44.7035
5.38874e+08 29.8023
5.38874e+08 29.8023
5.38874e+08 7.45058
5.38874e+08 7.45058
5.38896e+08 22389
5.38896e+08 7.45058
5.38907e+08 11190.8
5.38986e+08 78745.2
5.38986e+08 1
5.39093e+08 107589
5.39138e+08 44816.7
5.39242e+08 103905
5.39991e+08 748886
5.40013e+08 22366.6
5.40013e+08 7.45058
5.40125e+08 111789
5.40941e+08 815943
5.41019e+08 78246
5.41377e+08 357710
5.41377e+08 7.45058
5.41713e+08 335395
5.63889e+08 2.21763e+07
5.63889e+08 7.45058
5.639e+08 11213.1
5.639e+08 14.9012
5.63911e+08 11198.2
5.63911e+08 14.9012
5.63923e+08 11324.9
5.63934e+08 11198.2
5.63934e+08 7.45058
5.63956e+08 22403.9
5.63956e+08 14.9012
5.63956e+08 7.45058
5.63956e+08 37.2529
5.63956e+08 7.45058
5.63956e+08 7.45058
5.63956e+08 37.2529
5.63956e+08 7.45058
5.63956e+08 7.45058
5.63956e+08 14.9012
5.63956e+08 7.45058
5.63968e+08 11242.9
5.63968e+08 52.1541
5.63979e+08 11190.8
5.63979e+08 7.45058
5.63979e+08 7.45058
5.63979e+08 22.3517
5.63979e+08 7.45058
5.64001e+08 22366.6
5.64069e+08 67539.5
5.64069e+08 22.3517
5.64069e+08 1
5.64091e+08 22462.5
5.64144e+08 52548.7
5.64229e+08 84896.3
5.64978e+08 748985
5.65e+08 22359.2
5.65e+08 7.45058
5.65101e+08 100605
5.6547e+08 368834
5.65782e+08 312939
5.66442e+08 659429
5.66442e+08 7.45058
5.66766e+08 324219
5.89446e+08 2.26796e+07
5.89446e+08 7.45058
5.89457e+08 11205.7
5.89457e+08 7.45058
5.89468e+08 11257.8
5.89468e+08 81.9564
5.89491e+08 22426.2
5.89491e+08 14.9012
5.89491e+08 14.9012
5.89513e+08 22403.9
5.89513e+08 7.45058
5.89513e+08 7.45058
5.89513e+08 29.8023
5.89513e+08 14.9012
5.89513e+08 7.45058
5.89513e+08 37.2529
5.89513e+08 7.45058
5.89513e+08 7.45058
5.89525e+08 11205.7
5.89525e+08 7.45058
5.89525e+08 14.9012
5.89525e+08 52.1541
5.89525e+08 7.45058
5.89525e+08 7.45058
5.89525e+08 7.45058
5.89558e+08 33564.9
5.89558e+08 14.9012
5.89603e+08 44740.7
5.89626e+08 22791.3
5.89626e+08 7.45058
5.89626e+08 14.9012
5.89648e+08 22448.6
5.89648e+08 1
5.89659e+08 11256.8
5.89824e+08 164711
5.90562e+08 737891
5.90562e+08 7.45058
5.90584e+08 22366.6
5.90651e+08 67062.7
5.90998e+08 346474
5.91367e+08 368841
5.91926e+08 558808
5.92082e+08 156470
5.9235e+08 268295
6.15263e+08 2.29131e+07
6.15263e+08 7.45058
6.15263e+08 7.45058
