2252 2000
6252 4000
14252 8000
30252 16000
62252 32000
126252 64000
254252 128000
510252 256000
1.02225e+06 512000
2.04625e+06 1.024e+06
4.09425e+06 2.048e+06
4.18833e+06 94075.9
4.18833e+06 1
8.28097e+06 4.09264e+06
8.28098e+06 7.45058
9.99847e+06 1.71749e+06
9.99847e+06 1
9.99848e+06 6.45058
1.16649e+07 1.66643e+06
1.16649e+07 7.45058
1.16649e+07 1
1.16649e+07 6.45058
1.51654e+07 3.50043e+06
1.51654e+07 7.45058
1.51766e+07 11205.7
1.51766e+07 7.45058
1.51766e+07 1
1.81809e+07 3.00429e+06
1.81809e+07 7.45058
1.81809e+07 7.45058
1.81809e+07 7.45058
1.81809e+07 7.45058
1.81809e+07 1
2.23365e+07 4.15558e+06
2.23588e+07 22359.2
2.23588e+07 7.45058
2.23589e+07 7.45058
2.23589e+07 7.45058
2.23589e+07 7.45058
2.23589e+07 1
2.66906e+07 4.33172e+06
2.66906e+07 7.45058
2.66906e+07 7.45058
2.66906e+07 7.45058
2.66906e+07 7.45058
2.66906e+07 7.45058
2.66906e+07 7.45058
3.12093e+07 4.51864e+06
3.12093e+07 1
3.12093e+07 6.45058
3.12093e+07 7.45058
3.12093e+07 14.9012
3.12093e+07 29.8023
3.12093e+07 7.45058
3.12093e+07 7.45058
3.64649e+07 5.2556e+06
3.64873e+07 22374.1
3.64873e+07 1
3.65097e+07 22410.3
3.65098e+07 59.6046
3.65098e+07 29.8023
3.65098e+07 7.45058
3.65098e+07 7.45058
3.65098e+07 7.45058
4.24504e+07 5.94054e+06
4.24951e+07 44710.9
4.25063e+07 11220.6
4.25734e+07 67114.8
4.25734e+07 1
4.25735e+07 73.5058
4.25735e+07 37.2529
4.25735e+07 7.45058
4.25735e+07 7.45058
4.25847e+07 11183.3
4.89453e+07 6.3606e+06
4.89453e+07 7.45058
4.89901e+07 44748.2
4.90013e+07 11242.9
4.90237e+07 22366.6
4.90237e+07 1
4.90461e+07 22395.4
4.90461e+07 37.2529
4.90461e+07 14.9012
4.90462e+07 7.45058
4.90462e+07 7.45058
5.61132e+07 7.06706e+06
5.61356e+07 22381.5
5.61356e+07 14.9012
5.61357e+07 67.0552
5.61357e+07 29.8023
5.61357e+07 7.45058
5.61357e+07 14.9012
5.61357e+07 1
5.61694e+07 33623.5
5.61694e+07 22.3517
5.61694e+07 7.45058
5.61694e+07 7.45058
6.3608e+07 7.43862e+06
6.36416e+07 33550
6.36416e+07 7.45058
6.36418e+07 245.869
6.36418e+07 22.3517
6.36418e+07 7.45058
6.36419e+07 7.45058
6.36419e+07 7.45058
6.36419e+07 1
6.3642e+07 88.407
6.3642e+07 14.9012
6.3642e+07 22.3517
6.3642e+07 14.9012
7.17671e+07 8.12514e+06
7.17672e+07 44.7035
7.17672e+07 7.45058
7.17675e+07 260.77
7.17675e+07 14.9012
7.17676e+07 81.9564
7.17676e+07 7.45058
7.17676e+07 14.9012
7.17676e+07 7.45058
7.17676e+07 1
7.17676e+07 6.45058
7.17676e+07 14.9012
7.18012e+07 33609.6
7.18012e+07 7.45058
8.03934e+07 8.59213e+06
8.03934e+07 14.9012
8.03934e+07 7.45058
8.03935e+07 111.759
8.03935e+07 22.3517
8.03937e+07 149.012
8.03937e+07 7.45058
8.03937e+07 52.1541
8.03937e+07 7.45058
8.03937e+07 7.45058
8.03937e+07 7.45058
8.03937e+07 1
8.03938e+07 13.9012
8.03939e+07 96.8575
8.03939e+07 22.3517
8.95387e+07 9.14481e+06
8.95387e+07 37.2529
8.95387e+07 22.3517
8.95389e+07 141.561
8.95389e+07 14.9012
8.9539e+07 59.6046
8.9539e+07 14.9012
8.9539e+07 14.9012
8.9539e+07 7.45058
8.9539e+07 14.9012
8.9539e+07 14.9012
8.9539e+07 22.3517
8.9539e+07 1
8.95391e+07 36.2529
8.95392e+07 104.308
8.95392e+07 52.1541
9.92232e+07 9.68394e+06
9.92232e+07 22.3517
9.92232e+07 37.2529
9.92457e+07 22411.3
9.92569e+07 11228
9.92905e+07 33579.8
9.92905e+07 14.9012
9.92905e+07 7.45058
9.92905e+07 7.45058
9.92905e+07 37.2529
9.92905e+07 7.45058
9.92905e+07 14.9012
9.92906e+07 29.8023
9.92906e+07 37.2529
9.92906e+07 1
9.92908e+07 200.166
9.92909e+07 81.9564
1.09397e+08 1.01058e+07
1.09397e+08 22.3517
1.09475e+08 78342.9
1.09475e+08 37.2529
1.09497e+08 22396.4
1.0952e+08 22403.9
1.0952e+08 29.8023
1.0952e+08 14.9012
1.0952e+08 7.45058
1.0952e+08 37.2529
1.0952e+08 14.9012
1.0952e+08 7.45058
1.0952e+08 29.8023
1.0952e+08 37.2529
1.0952e+08 7.45058
1.0952e+08 1
1.0952e+08 125.66
1.0952e+08 111.759
1.20137e+08 1.06165e+07
1.20148e+08 11183.3
1.20171e+08 22530.6
1.20249e+08 78313.1
1.20338e+08 89496.4
1.20383e+08 44733.3
1.20383e+08 14.9012
1.20383e+08 37.2529
1.20383e+08 7.45058
1.20383e+08 14.9012
1.20383e+08 37.2529
1.20383e+08 59.6046
1.20428e+08 44733.3
1.20439e+08 11198.2
1.20439e+08 7.45058
1.20439e+08 7.45058
1.20439e+08 89.407
1.20439e+08 1
1.20439e+08 73.5058
1.31549e+08 1.11101e+07
1.31549e+08 7.45058
1.31572e+08 22575.3
1.31628e+08 55931.5
1.3165e+08 22463.5
1.31684e+08 33587.2
1.31695e+08 11190.8
1.31785e+08 89444.2
1.31785e+08 7.45058
1.31796e+08 11183.3
1.31829e+08 33602.1
1.31885e+08 55968.8
1.31885e+08 22.3517
1.31886e+08 67.0552
1.31886e+08 7.45058
1.31886e+08 7.45058
1.31886e+08 89.407
1.31886e+08 7.45058
1.31886e+08 1
1.31886e+08 28.8023
1.43269e+08 1.13838e+07
1.43292e+08 22374.1
1.43516e+08 223696
1.43527e+08 11190.8
1.4356e+08 33676.6
1.43583e+08 22418.8
1.43583e+08 14.9012
1.43583e+08 7.45058
1.43583e+08 14.9012
1.43583e+08 22.3517
1.43639e+08 55924.1
1.43795e+08 156567
1.43851e+08 55946.4
1.43863e+08 11347.2
1.43863e+08 7.45058
1.43863e+08 7.45058
1.43863e+08 52.1541
1.43863e+08 7.45058
1.43863e+08 7.45058
1.43863e+08 7.45058
1.43863e+08 1
1.56042e+08 1.21797e+07
1.56054e+08 11205.7
1.56121e+08 67330.9
1.56177e+08 55894.3
1.563e+08 123151
1.563e+08 59.6046
1.563e+08 7.45058
1.563e+08 7.45058
1.563e+08 7.45058
1.563e+08 29.8023
1.563e+08 37.2529
1.56334e+08 33624.5
1.56434e+08 100665
1.56625e+08 190184
1.56625e+08 22.3517
1.56625e+08 14.9012
1.56625e+08 52.1541
1.56625e+08 7.45058
1.56625e+08 22.3517
1.56625e+08 7.45058
1.56625e+08 22.3517
1.56625e+08 1
1.69001e+08 1.2376e+07
1.69023e+08 22418.8
1.69214e+08 190414
1.69214e+08 22.3517
1.69337e+08 123195
1.69348e+08 11257.8
1.69348e+08 14.9012
1.69359e+08 11190.8
1.69359e+08 7.45058
1.69382e+08 22366.6
1.69415e+08 33557.4
1.69449e+08 33572.3
1.6946e+08 11242.9
1.69673e+08 212565
1.69684e+08 11198.2
1.69706e+08 22426.2
1.69762e+08 55946.4
1.69762e+08 7.45058
1.69762e+08 22.3517
1.69762e+08 7.45058
1.69796e+08 33550
1.69796e+08 14.9012
1.8194e+08 1.21441e+07
1.8194e+08 1
1.81996e+08 55938
1.82242e+08 246286
1.82242e+08 7.45058
1.82354e+08 112079
1.82388e+08 33624.5
1.82388e+08 7.45058
1.82388e+08 7.45058
1.82399e+08 11183.3
1.82399e+08 22.3517
1.82399e+08 14.9012
1.82433e+08 33602.1
1.82466e+08 33587.2
1.82712e+08 246145
1.82735e+08 22374.1
1.82757e+08 22366.6
1.82835e+08 78298.2
1.82835e+08 7.45058
1.82835e+08 37.2529
1.82835e+08 7.45058
1.82836e+08 44.7035
1.82836e+08 22.3517
1.95653e+08 1.28171e+07
1.95653e+08 7.45058
1.95653e+08 1
1.95843e+08 190101
1.96044e+08 201464
1.96044e+08 7.45058
1.96157e+08 112340
1.9619e+08 33579.8
1.96201e+08 11183.3
1.96201e+08 7.45058
1.96201e+08 29.8023
1.96201e+08 7.45058
1.96213e+08 11198.2
1.96224e+08 11205.7
1.96269e+08 44785.4
1.96537e+08 268586
1.96548e+08 11190.8
1.9656e+08 11190.8
1.96593e+08 33557.4
1.96593e+08 14.9012
1.96604e+08 11242.9
1.96604e+08 7.45058
1.96627e+08 22374.1
1.96671e+08 44725.8
2.09996e+08 1.3325e+07
2.10008e+08 11190.8
2.1003e+08 22374.1
2.10399e+08 369050
2.10399e+08 1
2.10545e+08 145539
2.10545e+08 7.45058
2.10646e+08 101238
2.10668e+08 22471
2.10668e+08 7.45058
2.10668e+08 14.9012
2.10691e+08 22389
2.10691e+08 7.45058
2.10691e+08 22.3517
2.10724e+08 33535.1
2.10758e+08 33624.5
2.11049e+08 290938
2.11049e+08 7.45058
2.11049e+08 7.45058
2.1106e+08 11190.8
2.11094e+08 33557.4
2.11127e+08 33631.9
2.11138e+08 11190.8
2.11205e+08 67062.7
2.11228e+08 22396.4
2.24774e+08 1.35459e+07
2.24908e+08 134140
2.24953e+08 44725.8
2.25221e+08 268362
2.25221e+08 7.45058
2.25221e+08 1
2.25568e+08 346846
2.25568e+08 7.45058
2.25658e+08 89965.8
2.2568e+08 22657.2
2.2568e+08 7.45058
2.2568e+08 7.45058
2.2568e+08 59.6046
2.25681e+08 7.45058
2.25681e+08 29.8023
2.25681e+08 7.45058
2.25748e+08 67196.8
2.2605e+08 302106
2.2605e+08 7.45058
2.2605e+08 7.45058
2.2605e+08 7.45058
2.26139e+08 89444.2
2.26184e+08 44822.7
2.26184e+08 7.45058
2.26184e+08 22.3517
2.26207e+08 22403.9
2.40302e+08 1.40952e+07
2.40335e+08 33535.1
2.40358e+08 22374.1
2.40447e+08 89496.4
2.40503e+08 55901.7
2.40503e+08 7.45058
2.41174e+08 671051
2.41174e+08 1
2.41174e+08 6.45058
2.41342e+08 168115
2.41365e+08 22657.2
2.41365e+08 7.45058
2.41376e+08 11183.3
2.41376e+08 29.8023
2.41376e+08 29.8023
2.41376e+08 52.1541
2.41376e+08 7.45058
2.4141e+08 33736.2
2.41835e+08 425115
2.41835e+08 7.45058
2.41846e+08 11190.8
2.41846e+08 14.9012
2.41858e+08 11220.6
2.41902e+08 44822.7
2.41902e+08 7.45058
2.41902e+08 7.45058
2.41902e+08 7.45058
2.56318e+08 1.44153e+07
2.56351e+08 33550
2.56463e+08 111774
2.56552e+08 89533.6
2.56553e+08 29.8023
2.56553e+08 7.45058
2.57335e+08 782847
2.57335e+08 7.45058
2.57335e+08 1
2.57335e+08 6.45058
2.57559e+08 224069
2.57627e+08 67323.4
2.57627e+08 7.45058
2.57627e+08 7.45058
2.57638e+08 11235.5
2.57638e+08 14.9012
2.57649e+08 11242.9
2.57649e+08 7.45058
2.57683e+08 33676.6
2.58075e+08 391677
2.58075e+08 7.45058
2.58086e+08 11183.3
2.58097e+08 11190.8
2.58131e+08 33594.7
2.58164e+08 33609.6
2.58164e+08 7.45058
2.58164e+08 7.45058
2.58164e+08 7.45058
2.72875e+08 1.47103e+07
2.72975e+08 100672
2.73042e+08 67085
2.73154e+08 111803
2.73177e+08 22463.5
2.73177e+08 7.45058
2.73803e+08 626281
2.73814e+08 11183.3
2.73814e+08 7.45058
2.73814e+08 7.45058
2.73814e+08 1
2.74217e+08 402911
2.74329e+08 112057
2.74351e+08 22374.1
2.74351e+08 7.45058
2.74363e+08 11205.7
2.74374e+08 11183.3
2.74385e+08 11272.7
2.74385e+08 7.45058
2.74419e+08 33751.1
2.74799e+08 380374
2.74799e+08 7.45058
2.74799e+08 22.3517
2.74799e+08 59.6046
2.74833e+08 33609.6
2.74922e+08 89496.4
2.74922e+08 7.45058
2.74922e+08 7.45058
2.74922e+08 14.9012
2.89859e+08 1.49371e+07
2.90061e+08 201300
2.90195e+08 134215
2.90262e+08 67114.8
2.90385e+08 122994
2.90385e+08 7.45058
2.90978e+08 592858
2.91e+08 22381.5
2.91e+08 37.2529
2.91e+08 7.45058
2.91e+08 7.45058
2.91e+08 1
2.91258e+08 257513
2.91571e+08 313230
2.91582e+08 11183.3
2.91582e+08 7.45058
2.91616e+08 33579.8
2.91616e+08 7.45058
2.91683e+08 67092.5
2.91683e+08 37.2529
2.91862e+08 179060
2.92097e+08 235155
2.92097e+08 7.45058
2.92108e+08 11198.2
2.92153e+08 44710.9
2.92231e+08 78253.4
2.92232e+08 59.6046
2.92254e+08 22403.9
2.92254e+08 7.45058
2.92254e+08 7.45058
3.07336e+08 1.50818e+07
3.07705e+08 369079
3.07873e+08 167727
3.07906e+08 33550
3.07973e+08 67092.5
3.08018e+08 44725.8
3.08689e+08 671029
3.08745e+08 55976.2
3.08756e+08 11228
3.08756e+08 7.45058
3.08756e+08 7.45058
3.08756e+08 7.45058
3.09002e+08 246309
3.09002e+08 1
3.09226e+08 223814
3.09226e+08 37.2529
3.09249e+08 22359.2
3.09316e+08 67152.1
3.09316e+08 7.45058
3.09372e+08 55924.1
3.09428e+08 55909.2
3.09785e+08 357717
3.10032e+08 246450
3.10032e+08 29.8023
3.10043e+08 11183.3
3.10043e+08 7.45058
3.10043e+08 7.45058
3.10088e+08 44792.9
3.10188e+08 100642
3.10211e+08 22359.2
3.10211e+08 14.9012
3.25779e+08 1.55686e+07
3.26093e+08 313453
3.26104e+08 11198.2
3.26127e+08 22389
3.26216e+08 89436.8
3.26317e+08 100635
3.26898e+08 581615
3.27155e+08 257127
3.272e+08 44718.4
3.272e+08 7.45058
3.272e+08 7.45058
3.27222e+08 22418.8
3.27323e+08 100970
3.27323e+08 7.45058
3.27323e+08 1
3.27581e+08 257312
3.27603e+08 22396.4
3.27614e+08 11235.5
3.27682e+08 67129.7
3.27682e+08 7.45058
3.27749e+08 67167
3.27771e+08 22396.4
3.27961e+08 190124
3.28588e+08 626303
3.28588e+08 22.3517
3.28599e+08 11205.7
3.28621e+08 22374.1
3.28632e+08 11198.2
3.28666e+08 33572.3
3.28677e+08 11257.8
3.28688e+08 11220.6
3.28688e+08 7.45058
3.44843e+08 1.61548e+07
3.45224e+08 380531
3.45224e+08 7.45058
3.45302e+08 78275.8
3.45302e+08 7.45058
3.45336e+08 33542.5
3.4594e+08 604078
3.45984e+08 44710.9
3.46007e+08 22359.2
3.46007e+08 7.45058
3.46007e+08 7.45058
3.4604e+08 33676.6
3.46264e+08 223920
3.46264e+08 7.45058
3.46264e+08 14.9012
3.46488e+08 223711
3.46488e+08 1
3.46533e+08 44739.7
3.46555e+08 22418.8
3.46757e+08 201382
3.46757e+08 7.45058
3.46824e+08 67099.9
3.46857e+08 33572.3
3.47014e+08 156544
3.47618e+08 603788
3.47651e+08 33542.5
3.47707e+08 55983.7
3.47718e+08 11183.3
3.47718e+08 67.0552
3.47763e+08 44733.3
3.4783e+08 67189.3
3.47842e+08 11250.4
3.47842e+08 7.45058
3.6456e+08 1.6718e+07
3.64907e+08 347070
3.64907e+08 7.45058
3.6494e+08 33564.9
3.64963e+08 22389
3.64985e+08 22359.2
3.65298e+08 313446
3.65298e+08 7.45058
3.65321e+08 22381.5
3.65343e+08 22403.9
3.65343e+08 37.2529
3.65455e+08 111803
3.65713e+08 257462
3.65713e+08 7.45058
3.65713e+08 7.45058
3.65847e+08 134282
3.65869e+08 22381.5
3.65869e+08 1
3.65903e+08 33623.5
3.65914e+08 11250.4
3.66171e+08 257269
3.66194e+08 22366.6
3.66272e+08 78298.2
3.66429e+08 156514
3.66574e+08 145346
3.66954e+08 380181
3.66976e+08 22366.6
3.672e+08 223577
3.67211e+08 11183.3
3.67267e+08 55953.9
3.67312e+08 44733.3
3.67468e+08 156574
3.67614e+08 145502
3.67625e+08 11183.3
3.84879e+08 1.72537e+07
3.85226e+08 347085
3.85226e+08 14.9012
3.85259e+08 33535.1
3.85282e+08 22359.2
3.85293e+08 11183.3
3.85629e+08 335962
3.85629e+08 7.45058
3.8564e+08 11190.8
3.85651e+08 11198.2
3.85685e+08 33564.9
3.85741e+08 55961.3
3.85909e+08 168093
3.85909e+08 7.45058
3.85909e+08 7.45058
3.85943e+08 33646.8
3.85954e+08 11198.2
3.85954e+08 7.45058
3.85954e+08 81.9564
3.85954e+08 1
3.86021e+08 67173.4
3.86178e+08 156611
3.86189e+08 11190.8
3.86245e+08 55916.6
3.86412e+08 167698
3.86558e+08 145368
3.87162e+08 603735
3.87173e+08 11190.8
3.87262e+08 89414.4
3.87262e+08 7.45058
3.87542e+08 279494
3.8762e+08 78268.3
3.87687e+08 67092.5
3.87967e+08 279583
3.87967e+08 22.3517
4.05659e+08 1.76922e+07
4.05984e+08 324763
4.06006e+08 22396.4
4.06051e+08 44740.7
4.06051e+08 7.45058
4.06051e+08 7.45058
4.0642e+08 369482
4.0642e+08 7.45058
4.0642e+08 7.45058
4.0642e+08 22.3517
4.0642e+08 7.45058
4.06454e+08 33646.8
4.06544e+08 89764.6
4.06544e+08 7.45058
4.06544e+08 7.45058
4.06555e+08 11339.8
4.06566e+08 11213.1
4.06566e+08 7.45058
4.06566e+08 22.3517
4.06566e+08 7.45058
4.06566e+08 1
4.06656e+08 89599.7
4.06712e+08 56006
4.06723e+08 11213.1
4.06746e+08 22471
4.06813e+08 67107.4
4.06902e+08 89466.6
4.07416e+08 514321
4.07517e+08 100605
4.07551e+08 33535.1
4.07573e+08 22381.5
4.07864e+08 290670
4.08031e+08 167653
4.08076e+08 44718.4
4.08702e+08 626065
4.08713e+08 11190.8
4.27068e+08 1.83543e+07
4.27381e+08 313655
4.27392e+08 11198.2
4.27392e+08 14.9012
4.27392e+08 7.45058
4.27392e+08 7.45058
4.27728e+08 335984
4.27728e+08 7.45058
4.27728e+08 7.45058
4.27728e+08 14.9012
4.27728e+08 7.45058
4.2784e+08 111893
4.27964e+08 123300
4.27964e+08 7.45058
4.27964e+08 7.45058
4.27964e+08 134.11
4.27964e+08 52.1541
4.27964e+08 22.3517
4.27964e+08 7.45058
4.27964e+08 7.45058
4.27964e+08 7.45058
4.27987e+08 22575.3
4.27987e+08 1
4.27998e+08 11219.6
4.27998e+08 59.6046
4.28076e+08 78417.4
4.28076e+08 96.8575
4.28099e+08 22426.2
4.28591e+08 491992
4.28591e+08 22.3517
4.28624e+08 33572.3
4.28703e+08 78268.3
4.29027e+08 324145
4.29027e+08 7.45058
4.29038e+08 11205.7
4.29765e+08 726618
4.29776e+08 11205.7
4.48982e+08 1.92062e+07
4.49363e+08 380866
4.49363e+08 14.9012
4.49363e+08 7.45058
4.49363e+08 7.45058
4.49363e+08 7.45058
4.49699e+08 336058
4.49699e+08 7.45058
4.4971e+08 11190.8
4.4971e+08 7.45058
4.4971e+08 7.45058
4.49721e+08 11213.1
4.49912e+08 190362
4.49912e+08 7.45058
4.49912e+08 7.45058
4.49968e+08 55953.9
4.49968e+08 89.407
4.49968e+08 96.8575
4.49968e+08 37.2529
4.49968e+08 7.45058
4.49968e+08 29.8023
4.49968e+08 74.5058
4.49968e+08 7.45058
4.49968e+08 1
4.49979e+08 11197.2
4.49979e+08 59.6046
4.50013e+08 33736.2
4.50013e+08 59.6046
4.50036e+08 22418.8
4.50405e+08 369251
4.50472e+08 67122.3
4.50628e+08 156499
4.50684e+08 55924.1
4.50763e+08 78305.6
4.50763e+08 7.45058
4.50863e+08 100598
4.51232e+08 368901
4.5131e+08 78238.5
4.71592e+08 2.02821e+07
4.7204e+08 448003
4.7204e+08 7.45058
4.7204e+08 7.45058
4.7204e+08 44.7035
4.7204e+08 7.45058
4.72377e+08 336118
4.72377e+08 7.45058
4.72388e+08 11205.7
4.72388e+08 7.45058
4.72388e+08 7.45058
4.72399e+08 11205.7
4.725e+08 100896
4.725e+08 7.45058
4.725e+08 7.45058
4.72522e+08 22396.4
4.72578e+08 55924.1
4.72645e+08 67070.1
4.72645e+08 52.1541
4.72645e+08 44.7035
4.72645e+08 7.45058
4.72645e+08 7.45058
4.72646e+08 74.5058
4.72646e+08 7.45058
4.72646e+08 1
4.72646e+08 95.8575
4.72657e+08 11235.5
4.72668e+08 11265.3
4.72679e+08 11220.6
4.72679e+08 37.2529
4.73004e+08 324883
4.73161e+08 156522
4.73172e+08 11190.8
4.73295e+08 123017
4.73418e+08 122979
4.73418e+08 7.45058
4.73429e+08 11205.7
4.73675e+08 245906
4.73697e+08 22374.1
4.94781e+08 2.10831e+07
4.95195e+08 414416
4.95195e+08 7.45058
4.95195e+08 7.45058
4.95273e+08 78357.8
4.95296e+08 22374.1
4.95543e+08 246786
4.95543e+08 7.45058
4.95576e+08 33602.1
4.95576e+08 22.3517
4.95587e+08 11190.8
4.95587e+08 7.45058
4.95632e+08 44904.6
4.95643e+08 11183.3
4.95643e+08 7.45058
4.95655e+08 11205.7
4.95688e+08 33557.4
4.95688e+08 7.45058
4.95688e+08 14.9012
4.95688e+08 7.45058
4.95688e+08 7.45058
4.95688e+08 7.45058
4.957e+08 11213.1
4.957e+08 29.8023
4.95733e+08 33535.1
4.95856e+08 123136
4.95856e+08 1
4.95879e+08 22492.3
4.95879e+08 81.9564
4.95879e+08 7.45058
4.95879e+08 104.308
4.96181e+08 302479
4.96405e+08 223652
4.96439e+08 33542.5
4.96573e+08 134140
4.96684e+08 111774
4.96729e+08 44710.9
4.9683e+08 100635
4.97009e+08 178874
4.97009e+08 7.45058
5.18785e+08 2.17762e+07
5.19121e+08 336193
5.19144e+08 22441.1
5.19144e+08 7.45058
5.19166e+08 22403.9
5.19188e+08 22389
5.19569e+08 381105
5.19569e+08 7.45058
5.19569e+08 7.45058
5.19569e+08 7.45058
5.1957e+08 14.9012
5.1957e+08 37.2529
5.19659e+08 89585.8
5.19681e+08 22359.2
5.19682e+08 7.45058
5.19693e+08 11190.8
5.19693e+08 7.45058
5.19693e+08 7.45058
5.19704e+08 11183.3
5.19704e+08 7.45058
5.19715e+08 11183.3
5.19715e+08 7.45058
5.19737e+08 22374.1
5.19737e+08 7.45058
5.19737e+08 7.45058
5.19838e+08 100829
5.19838e+08 7.45058
5.19838e+08 1
5.1985e+08 11338.8
5.1985e+08 7.45058
5.19861e+08 11198.2
5.19883e+08 22493.3
5.20197e+08 313707
5.20544e+08 346519
5.20577e+08 33535.1
5.20722e+08 145301
5.20767e+08 44710.9
5.20767e+08 7.45058
5.20924e+08 156522
5.21002e+08 78342.9
5.21002e+08 7.45058
5.43316e+08 2.23135e+07
5.43551e+08 235334
5.43607e+08 56132.7
5.43618e+08 11198.2
5.43719e+08 100747
5.43741e+08 22366.6
5.44134e+08 392392
5.44134e+08 7.45058
5.44134e+08 7.45058
5.44134e+08 7.45058
5.44145e+08 11205.7
5.44145e+08 7.45058
5.44235e+08 89615.6
5.44235e+08 22.3517
5.44235e+08 7.45058
5.44235e+08 7.45058
5.44235e+08 22.3517
5.44235e+08 7.45058
5.44235e+08 7.45058
5.44235e+08 7.45058
5.44235e+08 14.9012
5.44235e+08 7.45058
5.44235e+08 7.45058
5.44235e+08 7.45058
5.44235e+08 7.45058
5.44268e+08 33751.1
5.44268e+08 7.45058
5.44268e+08 7.45058
5.4428e+08 11235.5
5.4428e+08 1
5.4428e+08 6.45058
5.4428e+08 7.45058
5.44302e+08 22433.7
5.45242e+08 939637
5.45286e+08 44718.4
5.45298e+08 11190.8
5.45331e+08 33572.3
5.45398e+08 67114.8
5.45398e+08 7.45058
5.4551e+08 111803
5.45622e+08 111826
5.45656e+08 33550
5.68485e+08 2.28293e+07
5.68742e+08 257581
5.68754e+08 11526
5.68754e+08 22.3517
5.68821e+08 67256.4
5.68832e+08 11205.7
5.69281e+08 448361
5.69281e+08 14.9012
5.69281e+08 7.45058
5.69281e+08 7.45058
5.69281e+08 22.3517
5.69281e+08 7.45058
5.69337e+08 55901.7
5.69337e+08 7.45058
5.69359e+08 22366.6
5.69359e+08 7.45058
5.69393e+08 33572.3
5.69393e+08 7.45058
5.69393e+08 7.45058
5.69393e+08 7.45058
5.69404e+08 11190.8
5.69404e+08 7.45058
5.69404e+08 7.45058
5.69404e+08 7.45058
5.69415e+08 11183.3
5.69449e+08 33684.1
5.69449e+08 7.45058
5.69449e+08 7.45058
5.69449e+08 52.1541
5.69449e+08 7.45058
5.69449e+08 1
5.69449e+08 36.2529
5.69449e+08 7.45058
5.69449e+08 216.067
5.70232e+08 783280
5.70266e+08 33550
5.703e+08 33557.4
5.70378e+08 78268.3
5.70467e+08 89466.6
5.70478e+08 11190.8
5.70534e+08 55894.3
5.70724e+08 190035
5.70758e+08 33535.1
5.94194e+08 2.34364e+07
5.94385e+08 190631
5.94396e+08 11332.3
5.94396e+08 7.45058
5.94508e+08 112131
5.94508e+08 37.2529
5.95013e+08 504300
5.95013e+08 7.45058
5.95013e+08 7.45058
5.95024e+08 11213.1
5.95024e+08 37.2529
5.95024e+08 7.45058
5.95024e+08 7.45058
5.95024e+08 22.3517
5.95024e+08 7.45058
5.95024e+08 7.45058
5.95024e+08 67.0552
5.95024e+08 29.8023
5.95024e+08 7.45058
5.95024e+08 7.45058
5.95024e+08 7.45058
5.95024e+08 7.45058
5.95024e+08 7.45058
5.95024e+08 7.45058
5.95024e+08 52.1541
5.95024e+08 96.8575
5.95024e+08 7.45058
5.95024e+08 7.45058
5.95024e+08 96.8575
5.95024e+08 7.45058
5.95025e+08 29.8023
5.95036e+08 11242.9
5.95036e+08 1
5.95036e+08 6.45058
5.95058e+08 22426.2
5.96132e+08 1.07388e+06
5.9621e+08 78290.7
5.9621e+08 14.9012
5.96222e+08 11183.3
5.96277e+08 55901.7
5.96311e+08 33572.3
5.96311e+08 7.45058
5.96389e+08 78268.3
5.96412e+08 22366.6
6.20523e+08 2.41116e+07
6.20803e+08 280097
6.20803e+08 126.66
