2523 2000
6523 4000
14523 8000
30523 16000
62523 32000
126523 64000
254523 128000
510523 256000
1.02252e+06 512000
2.04652e+06 1.024e+06
4.09452e+06 2.048e+06
4.76736e+06 672833
4.76736e+06 1
8.28403e+06 3.51667e+06
8.28405e+06 14.9012
9.50475e+06 1.2207e+06
9.50475e+06 1
9.53828e+06 33531.6
1.31855e+07 3.64726e+06
1.32526e+07 67070.1
1.32526e+07 1
1.32862e+07 33586.2
1.52406e+07 1.95441e+06
1.52853e+07 44718.4
1.52853e+07 7.45058
1.57213e+07 436001
1.57213e+07 1
1.87538e+07 3.03248e+06
1.8765e+07 11220.6
1.87762e+07 11190.8
1.90669e+07 290662
1.90781e+07 11198.2
1.90781e+07 1
2.28689e+07 3.79083e+06
2.29248e+07 55894.3
2.2936e+07 11183.3
2.31485e+07 212520
2.31709e+07 22403.9
2.31821e+07 11183.3
2.31821e+07 1
2.66376e+07 3.45554e+06
2.66377e+07 7.45058
2.66377e+07 7.45058
2.69955e+07 357866
2.70962e+07 100635
2.7208e+07 111811
2.72415e+07 33535.1
3.12673e+07 4.02575e+06
3.12673e+07 1
3.12673e+07 6.45058
3.12673e+07 7.45058
3.15021e+07 234827
3.15356e+07 33542.5
3.16922e+07 156552
3.16922e+07 7.45058
3.61094e+07 4.41717e+06
3.61317e+07 22359.2
3.61317e+07 1
3.61429e+07 11197.2
3.61653e+07 22374.1
3.64337e+07 268385
3.64337e+07 7.45058
3.6512e+07 78268.3
3.65903e+07 78283.3
4.17231e+07 5.13285e+06
4.17567e+07 33557.4
4.17567e+07 7.45058
4.17567e+07 7.45058
4.17567e+07 1
4.17567e+07 43.7035
4.18686e+07 111885
4.18686e+07 7.45058
4.19246e+07 55976.2
4.21482e+07 223570
4.79629e+07 5.81477e+06
4.79965e+07 33572.3
4.79965e+07 7.45058
4.80189e+07 22433.7
4.80189e+07 7.45058
4.80189e+07 1
4.80414e+07 22417.8
4.80638e+07 22456
4.8075e+07 11213.1
4.81645e+07 89474
4.82875e+07 122994
5.48068e+07 6.5193e+06
5.4818e+07 11183.3
5.48404e+07 22374.1
5.48404e+07 37.2529
5.48404e+07 7.45058
5.48404e+07 7.45058
5.49076e+07 67181.9
5.49076e+07 1
5.49077e+07 148.012
5.49078e+07 44.7035
5.49302e+07 22381.5
5.51426e+07 212409
6.22321e+07 7.08952e+06
6.22321e+07 7.45058
6.22545e+07 22381.5
6.22545e+07 59.6046
6.22546e+07 14.9012
6.22546e+07 14.9012
6.23441e+07 89526.2
6.23441e+07 7.45058
6.23441e+07 1
6.23665e+07 22432.7
6.24113e+07 44792.9
6.24337e+07 22366.6
6.26238e+07 190124
7.02054e+07 7.58157e+06
7.02837e+07 78290.7
7.02949e+07 11198.2
7.0295e+07 141.561
7.03062e+07 11183.3
7.03062e+07 7.45058
7.03622e+07 55961.3
7.03622e+07 7.45058
7.03622e+07 7.45058
7.03622e+07 1
7.03734e+07 11212.1
7.03958e+07 22441.1
7.03959e+07 14.9012
7.06754e+07 279568
7.8682e+07 8.00661e+06
7.88162e+07 134178
7.88275e+07 11250.4
7.88722e+07 44763.1
7.88834e+07 11183.3
7.88834e+07 7.45058
7.89282e+07 44740.7
7.89393e+07 11183.3
7.89617e+07 22359.2
7.89617e+07 7.45058
7.90064e+07 44733.3
7.90064e+07 1
7.90289e+07 22432.7
7.90624e+07 33557.4
7.93086e+07 246137
8.77626e+07 8.45402e+06
8.78632e+07 100650
8.80981e+07 234835
8.81316e+07 33550
8.81316e+07 7.45058
8.81316e+07 7.45058
8.81652e+07 33602.1
8.81876e+07 22381.5
8.81876e+07 14.9012
8.81988e+07 11183.3
8.82324e+07 33572.3
8.82324e+07 7.45058
8.82324e+07 1
8.82436e+07 11197.2
8.82436e+07 22.3517
8.85456e+07 301957
9.70671e+07 8.5215e+06
9.76483e+07 581250
9.78384e+07 190042
9.78384e+07 7.45058
9.78384e+07 7.45058
9.78384e+07 7.45058
9.79614e+07 123017
9.80286e+07 67174.4
9.80509e+07 22359.2
9.80509e+07 7.45058
9.81739e+07 122994
9.81739e+07 7.45058
9.81851e+07 11190.8
9.82187e+07 33557.4
9.82187e+07 1
9.82746e+07 55923.1
9.8353e+07 78395
1.07546e+08 9.19252e+06
1.08071e+08 525333
1.08149e+08 78260.9
1.08171e+08 22359.2
1.08171e+08 7.45058
1.08183e+08 11190.8
1.08227e+08 44718.4
1.08496e+08 268355
1.08529e+08 33535.1
1.08596e+08 67092.5
1.08641e+08 44763.1
1.08641e+08 7.45058
1.08641e+08 7.45058
1.08641e+08 7.45058
1.08641e+08 7.45058
1.08641e+08 1
1.08686e+08 44762.1
1.08764e+08 78335.4
1.1855e+08 9.78533e+06
1.18885e+08 335313
1.18986e+08 100598
1.18986e+08 7.45058
1.19008e+08 22359.2
1.19008e+08 7.45058
1.1912e+08 111774
1.19388e+08 268288
1.19388e+08 7.45058
1.19433e+08 44725.8
1.19589e+08 156485
1.19589e+08 7.45058
1.196e+08 11190.8
1.19612e+08 11205.7
1.19612e+08 7.45058
1.19634e+08 22389
1.19656e+08 22433.7
1.19656e+08 1
1.19746e+08 89636.9
1.30459e+08 1.07133e+07
1.30504e+08 44710.9
1.30504e+08 7.45058
1.30504e+08 7.45058
1.30504e+08 7.45058
1.30515e+08 11190.8
1.30627e+08 111774
1.30728e+08 100605
1.30728e+08 7.45058
1.30784e+08 55894.3
1.30806e+08 22374.1
1.30828e+08 22366.6
1.30862e+08 33550
1.30951e+08 89429.3
1.30951e+08 7.45058
1.31119e+08 167646
1.31197e+08 78313.1
1.31197e+08 7.45058
1.31197e+08 1
1.3132e+08 123276
1.42034e+08 1.07136e+07
1.42034e+08 7.45058
1.42034e+08 7.45058
1.42224e+08 190027
1.42392e+08 167653
1.42448e+08 55886.8
1.42526e+08 78253.4
1.42626e+08 100590
1.42626e+08 7.45058
1.42627e+08 7.45058
1.42671e+08 44718.4
1.42738e+08 67077.6
1.42895e+08 156499
1.4294e+08 44725.8
1.4294e+08 7.45058
1.42962e+08 22374.1
1.43197e+08 234716
1.43197e+08 7.45058
1.43241e+08 44710.9
1.43476e+08 235096
1.43476e+08 1
1.54269e+08 1.07922e+07
1.54302e+08 33535.1
1.54414e+08 111774
1.5476e+08 346467
1.54805e+08 44710.9
1.54839e+08 33535.1
1.54939e+08 100605
1.55107e+08 167668
1.5523e+08 122942
1.5523e+08 7.45058
1.55342e+08 111826
1.55353e+08 11183.3
1.55532e+08 178836
1.55588e+08 55886.8
1.55599e+08 11183.3
1.55644e+08 44725.8
1.55722e+08 78238.5
1.55722e+08 7.45058
1.55755e+08 33542.5
1.56281e+08 525683
1.56281e+08 7.45058
1.56281e+08 1
1.67196e+08 1.09155e+07
1.67196e+08 7.45058
1.67588e+08 391163
1.67744e+08 156477
1.67811e+08 67070.1
1.67867e+08 55901.7
1.68158e+08 290617
1.68214e+08 55886.8
1.68236e+08 22359.2
1.68236e+08 7.45058
1.68381e+08 145338
1.68392e+08 11183.3
1.68493e+08 100598
1.68493e+08 7.45058
1.68594e+08 100605
1.68694e+08 100605
1.68761e+08 67085
1.68761e+08 7.45058
1.68795e+08 33542.5
1.69298e+08 503294
1.69298e+08 7.45058
1.69332e+08 33550
1.80169e+08 1.08373e+07
1.80169e+08 1
1.80314e+08 145300
1.80314e+08 7.45058
1.80382e+08 67070.1
1.80382e+08 7.45058
1.80616e+08 234731
1.81097e+08 480592
1.81309e+08 212386
1.81421e+08 111774
1.81455e+08 33535.1
1.81723e+08 268273
1.81723e+08 7.45058
1.81734e+08 11183.3
1.81734e+08 7.45058
1.81745e+08 11183.3
1.81924e+08 178866
1.82002e+08 78268.3
1.82014e+08 11198.2
1.82114e+08 100628
1.82718e+08 603817
1.82718e+08 7.45058
1.82718e+08 14.9012
1.93958e+08 1.12399e+07
1.93958e+08 7.45058
1.93958e+08 1
1.94126e+08 167682
1.94126e+08 7.45058
1.94193e+08 67099.9
1.94226e+08 33542.5
1.94483e+08 257075
1.94785e+08 301771
1.95288e+08 502989
1.95377e+08 89436.8
1.95377e+08 7.45058
1.95579e+08 201181
1.95579e+08 7.45058
1.95579e+08 7.45058
1.95646e+08 67062.7
1.95646e+08 7.45058
1.95758e+08 111803
1.95914e+08 156537
1.96071e+08 156581
1.96082e+08 11220.6
1.96719e+08 637285
1.96719e+08 7.45058
1.96719e+08 7.45058
2.08518e+08 1.17989e+07
2.08518e+08 7.45058
2.08518e+08 7.45058
2.08563e+08 44748.2
2.08563e+08 1
2.08563e+08 6.45058
2.08742e+08 178896
2.08753e+08 11183.3
2.08943e+08 190079
2.09155e+08 212386
2.09793e+08 637054
2.10027e+08 234716
2.10027e+08 7.45058
2.10105e+08 78238.5
2.10128e+08 22359.2
2.10161e+08 33535.1
2.10161e+08 7.45058
2.1024e+08 78253.4
2.10351e+08 111811
2.10508e+08 156552
2.10642e+08 134267
2.10821e+08 178836
2.11302e+08 480808
2.11302e+08 14.9012
2.11302e+08 7.45058
2.23593e+08 1.2291e+07
2.23593e+08 7.45058
2.23593e+08 7.45058
2.23671e+08 78246
2.23671e+08 7.45058
2.23671e+08 1
2.23671e+08 6.45058
2.23817e+08 145353
2.2385e+08 33587.2
2.24051e+08 201240
2.24431e+08 380024
2.2489e+08 458226
2.25057e+08 167668
2.25136e+08 78238.5
2.2518e+08 44718.4
2.2518e+08 7.45058
2.2518e+08 7.45058
2.25225e+08 44718.4
2.25393e+08 167683
2.25426e+08 33572.3
2.25628e+08 201300
2.25918e+08 290707
2.25918e+08 7.45058
2.26466e+08 547871
2.26489e+08 22359.2
2.26489e+08 7.45058
2.39059e+08 1.25707e+07
2.39104e+08 44710.9
2.39104e+08 7.45058
2.39115e+08 11183.3
2.39138e+08 22359.2
2.39205e+08 67070.1
2.39249e+08 44755.6
2.39249e+08 1
2.39428e+08 178873
2.39551e+08 123009
2.39831e+08 279516
2.40121e+08 290588
2.40323e+08 201188
2.4087e+08 547633
2.40904e+08 33535.1
2.40937e+08 33535.1
2.4096e+08 22359.2
2.4096e+08 7.45058
2.4096e+08 7.45058
2.41127e+08 167660
2.41206e+08 78320.5
2.41351e+08 145435
2.41564e+08 212461
2.41564e+08 7.45058
2.4219e+08 626117
2.42201e+08 11183.3
2.42212e+08 11190.8
2.5494e+08 1.27275e+07
2.5494e+08 7.45058
2.5494e+08 7.45058
2.5494e+08 7.45058
2.5494e+08 7.45058
2.5494e+08 7.45058
2.54962e+08 22366.6
2.54962e+08 7.45058
2.54962e+08 1
2.55174e+08 212378
2.55711e+08 536554
2.56247e+08 536613
2.5627e+08 22374.1
2.56628e+08 357665
2.56963e+08 335291
2.57041e+08 78238.5
2.57108e+08 67062.7
2.57253e+08 145301
2.57276e+08 22374.1
2.57421e+08 145338
2.57443e+08 22359.2
2.57511e+08 67085
2.57712e+08 201352
2.57969e+08 257105
2.57969e+08 7.45058
2.58551e+08 581488
2.58551e+08 7.45058
2.58562e+08 11198.2
2.71614e+08 1.30519e+07
2.71647e+08 33550
2.71692e+08 44718.4
2.71737e+08 44710.9
2.71737e+08 7.45058
2.71737e+08 7.45058
2.71759e+08 22366.6
2.71759e+08 7.45058
2.71759e+08 7.45058
2.7177e+08 11183.3
2.7177e+08 1
2.72419e+08 648349
2.73045e+08 626005
2.73045e+08 7.45058
2.73391e+08 346527
2.73492e+08 100598
2.73536e+08 44710.9
2.73626e+08 89429.3
2.73816e+08 190005
2.73916e+08 100590
2.7414e+08 223555
2.74196e+08 55894.3
2.74296e+08 100605
2.74788e+08 491992
2.74945e+08 156514
2.74945e+08 7.45058
2.75471e+08 525557
2.75471e+08 7.45058
2.75482e+08 11213.1
2.89026e+08 1.35441e+07
2.89026e+08 7.45058
2.89048e+08 22359.2
2.89048e+08 7.45058
2.89048e+08 7.45058
2.89048e+08 7.45058
2.89048e+08 7.45058
2.89048e+08 7.45058
2.89048e+08 7.45058
2.89048e+08 7.45058
2.89048e+08 7.45058
2.89048e+08 1
2.89864e+08 816061
2.90513e+08 648275
2.90513e+08 7.45058
2.90859e+08 346549
2.90893e+08 33542.5
2.90937e+08 44710.9
2.91161e+08 223562
2.91195e+08 33542.5
2.91239e+08 44710.9
2.9153e+08 290588
2.91563e+08 33564.9
2.91709e+08 145324
2.92301e+08 592567
2.92435e+08 134125
2.92458e+08 22366.6
2.92983e+08 525609
2.92995e+08 11190.8
2.92995e+08 22.3517
3.07053e+08 1.40585e+07
3.07053e+08 22.3517
3.07053e+08 7.45058
3.07053e+08 7.45058
3.07064e+08 11183.3
3.07064e+08 7.45058
3.07064e+08 7.45058
3.07109e+08 44733.3
3.07198e+08 89414.4
3.07198e+08 7.45058
3.07198e+08 7.45058
3.07198e+08 7.45058
3.08462e+08 1.26311e+06
3.08462e+08 1
3.0864e+08 178865
3.08663e+08 22374.1
3.09021e+08 357710
3.09088e+08 67070.1
3.09088e+08 7.45058
3.09635e+08 547692
3.09658e+08 22374.1
3.09658e+08 7.45058
3.0977e+08 111841
3.09971e+08 201188
3.10015e+08 44725.8
3.10552e+08 536598
3.10563e+08 11190.8
3.10642e+08 78268.3
3.11111e+08 469729
3.11111e+08 22.3517
3.11134e+08 22366.6
3.26143e+08 1.5009e+07
3.26277e+08 134118
3.2631e+08 33535.1
3.26321e+08 11183.3
3.26355e+08 33535.1
3.264e+08 44710.9
3.264e+08 7.45058
3.26467e+08 67062.7
3.26489e+08 22359.2
3.26534e+08 44710.9
3.26534e+08 7.45058
3.26534e+08 7.45058
3.27506e+08 972509
3.27506e+08 7.45058
3.27506e+08 1
3.2773e+08 223569
3.27775e+08 44710.9
3.28457e+08 681892
3.28468e+08 11183.3
3.2849e+08 22366.6
3.28691e+08 201203
3.28747e+08 55924.1
3.28747e+08 7.45058
3.28971e+08 223570
3.2906e+08 89421.9
3.29094e+08 33535.1
3.2944e+08 346623
3.29463e+08 22359.2
3.29496e+08 33550
3.29877e+08 380270
3.29977e+08 100613
3.30011e+08 33557.4
3.46339e+08 1.63281e+07
3.46339e+08 7.45058
3.46372e+08 33542.5
3.46395e+08 22359.2
3.46395e+08 7.45058
3.46395e+08 7.45058
3.46395e+08 7.45058
3.46439e+08 44718.4
3.46473e+08 33557.4
3.46518e+08 44740.7
3.46518e+08 7.45058
3.46574e+08 55916.6
3.47535e+08 961371
3.47535e+08 7.45058
3.47535e+08 7.45058
3.47703e+08 167660
3.47703e+08 1
3.4777e+08 67061.7
3.48116e+08 346534
3.4815e+08 33542.5
3.48195e+08 44710.9
3.48362e+08 167668
3.48418e+08 55894.3
3.48418e+08 7.45058
3.48608e+08 190042
3.48686e+08 78298.2
3.48698e+08 11198.2
3.48988e+08 290714
3.48988e+08 7.45058
3.49033e+08 44792.9
3.49514e+08 480965
3.49615e+08 100613
3.49782e+08 167690
3.6677e+08 1.69879e+07
3.66804e+08 33535.1
3.66893e+08 89414.4
3.66949e+08 55894.3
3.67039e+08 89414.4
3.67039e+08 7.45058
3.67039e+08 7.45058
3.67039e+08 7.45058
3.67195e+08 156485
3.67463e+08 268236
3.67519e+08 55894.3
3.67709e+08 190012
3.68279e+08 570059
3.68279e+08 7.45058
3.68313e+08 33542.5
3.68335e+08 22366.6
3.68335e+08 7.45058
3.68335e+08 1
3.68358e+08 22358.2
3.68548e+08 190064
3.6857e+08 22381.5
3.68637e+08 67114.8
3.68682e+08 44763.1
3.68682e+08 14.9012
3.68682e+08 7.45058
3.68883e+08 201292
3.68939e+08 55909.2
3.68939e+08 29.8023
3.69174e+08 234805
3.69174e+08 7.45058
3.69252e+08 78298.2
3.69979e+08 726864
3.70013e+08 33579.8
3.70046e+08 33572.3
3.88655e+08 1.86087e+07
3.88655e+08 7.45058
3.887e+08 44710.9
3.88722e+08 22359.2
3.88722e+08 7.45058
3.88722e+08 7.45058
3.88756e+08 33542.5
3.88789e+08 33535.1
3.88812e+08 22366.6
3.88856e+08 44710.9
3.88867e+08 11213.1
3.88946e+08 78260.9
3.89058e+08 111826
3.89058e+08 7.45058
3.89091e+08 33542.5
3.89091e+08 7.45058
3.89091e+08 14.9012
3.89114e+08 22403.9
3.89114e+08 7.45058
3.89114e+08 1
3.89225e+08 111855
3.89337e+08 111811
3.89382e+08 44770.5
3.89416e+08 33564.9
3.89438e+08 22366.6
3.8946e+08 22374.1
3.89762e+08 301920
3.89773e+08 11213.1
3.89773e+08 44.7035
3.89908e+08 134245
3.8993e+08 22359.2
3.90165e+08 234827
3.90847e+08 682011
3.9088e+08 33579.8
3.90936e+08 55901.7
4.10216e+08 1.92797e+07
4.10227e+08 11183.3
4.10272e+08 44740.7
4.10294e+08 22389
4.10361e+08 67099.9
4.10361e+08 7.45058
4.10361e+08 7.45058
4.10361e+08 7.45058
4.10395e+08 33542.5
4.10395e+08 7.45058
4.10406e+08 11190.8
4.10507e+08 100613
4.1054e+08 33594.7
4.10552e+08 11183.3
4.10552e+08 7.45058
4.10552e+08 7.45058
4.10552e+08 7.45058
4.10574e+08 22359.2
4.10574e+08 7.45058
4.10675e+08 100657
4.10675e+08 1
4.10853e+08 178865
4.10865e+08 11228
4.10954e+08 89556
4.11088e+08 134178
4.111e+08 11228
4.11178e+08 78275.8
4.11569e+08 391319
4.11592e+08 22403.9
4.11614e+08 22381.5
4.11726e+08 111811
4.11726e+08 7.45058
4.11882e+08 156514
4.12196e+08 313140
4.12419e+08 223599
4.12442e+08 22366.6
4.32247e+08 1.98053e+07
4.32247e+08 7.45058
4.32258e+08 11183.3
4.3228e+08 22359.2
4.32314e+08 33557.4
4.32314e+08 7.45058
4.32314e+08 7.45058
4.32314e+08 7.45058
4.32314e+08 7.45058
4.32314e+08 7.45058
4.32314e+08 7.45058
4.32348e+08 33602.1
4.32515e+08 167727
4.32515e+08 7.45058
4.32515e+08 22.3517
4.32515e+08 7.45058
4.32515e+08 7.45058
4.32538e+08 22366.6
4.3256e+08 22366.6
4.32594e+08 33550
4.32605e+08 11205.7
4.32739e+08 134185
4.32739e+08 1
4.32851e+08 111802
4.33086e+08 234827
4.33153e+08 67114.8
4.33186e+08 33542.5
4.33231e+08 44837.6
4.33488e+08 257164
4.33567e+08 78275.8
4.33667e+08 100605
4.33667e+08 7.45058
4.33667e+08 7.45058
4.33734e+08 67241.5
4.34484e+08 749186
4.35143e+08 659481
4.35501e+08 357643
4.55228e+08 1.97273e+07
4.55228e+08 7.45058
4.55228e+08 7.45058
4.55228e+08 7.45058
4.55228e+08 7.45058
4.55239e+08 11183.3
4.55239e+08 7.45058
4.55239e+08 7.45058
4.55239e+08 7.45058
4.55239e+08 7.45058
4.55239e+08 14.9012
4.55239e+08 7.45058
4.55396e+08 156626
4.55396e+08 7.45058
4.55463e+08 67099.9
4.55463e+08 7.45058
4.55463e+08 7.45058
4.55463e+08 7.45058
4.55463e+08 7.45058
4.55474e+08 11190.8
4.55508e+08 33550
4.55508e+08 111.759
4.55508e+08 7.45058
4.55508e+08 1
4.55519e+08 11219.6
4.55787e+08 268295
4.55843e+08 55916.6
4.55843e+08 7.45058
4.55978e+08 134267
4.56134e+08 156574
4.56358e+08 223577
4.56369e+08 11198.2
4.5638e+08 11183.3
4.56391e+08 11190.8
4.56425e+08 33602.1
4.58169e+08 1.74379e+06
4.58415e+08 245966
4.58482e+08 67077.6
4.78332e+08 1.98507e+07
4.78344e+08 11198.2
4.78344e+08 7.45058
4.78355e+08 11190.8
4.78355e+08 7.45058
4.78355e+08 7.45058
4.78355e+08 14.9012
4.78355e+08 14.9012
4.78355e+08 7.45058
4.78355e+08 44.7035
4.78355e+08 7.45058
4.78355e+08 7.45058
4.78389e+08 33587.2
4.78389e+08 7.45058
4.78389e+08 29.8023
4.78389e+08 29.8023
4.78389e+08 7.45058
4.78389e+08 7.45058
4.78389e+08 7.45058
4.78389e+08 7.45058
4.78389e+08 7.45058
4.78489e+08 100665
4.78501e+08 11183.3
4.78501e+08 7.45058
4.78501e+08 1
4.78579e+08 78252.4
4.78724e+08 145398
4.78758e+08 33572.3
4.78758e+08 7.45058
4.79093e+08 335507
4.79261e+08 167713
4.79328e+08 67144.6
4.79328e+08 14.9012
4.79362e+08 33617
4.79384e+08 22366.6
4.79898e+08 514254
4.81653e+08 1.75495e+06
4.81754e+08 100635
4.81832e+08 78253.4
5.0203e+08 2.01975e+07
5.0203e+08 7.45058
5.0203e+08 7.45058
5.0203e+08 7.45058
5.0203e+08 7.45058
5.0203e+08 14.9012
5.0203e+08 7.45058
5.0203e+08 7.45058
5.0203e+08 7.45058
5.02063e+08 33535.1
5.02063e+08 7.45058
5.02063e+08 7.45058
5.02119e+08 55924.1
5.02119e+08 7.45058
5.02119e+08 7.45058
5.02119e+08 29.8023
5.02119e+08 7.45058
5.02119e+08 7.45058
5.02119e+08 7.45058
5.02119e+08 14.9012
5.02119e+08 7.45058
5.02186e+08 67114.8
5.02187e+08 7.45058
5.02198e+08 11198.2
5.02231e+08 33542.5
5.02265e+08 33579.8
5.02265e+08 1
5.02399e+08 134236
5.02433e+08 33550
5.02466e+08 33542.5
5.02779e+08 313200
5.03349e+08 570126
5.03741e+08 391260
5.04277e+08 536449
5.04333e+08 55886.8
5.04333e+08 7.45058
5.04881e+08 547744
5.0563e+08 749059
5.05887e+08 257082
5.06088e+08 201203
5.26241e+08 2.01532e+07
5.26241e+08 7.45058
5.26241e+08 7.45058
5.26253e+08 11183.3
5.26264e+08 11183.3
5.26264e+08 7.45058
5.26264e+08 7.45058
5.26264e+08 14.9012
5.26264e+08 7.45058
5.26264e+08 7.45058
5.26264e+08 7.45058
5.26264e+08 7.45058
5.26264e+08 7.45058
5.26275e+08 11198.2
5.26309e+08 33535.1
5.26331e+08 22366.6
5.26331e+08 7.45058
5.26342e+08 11190.8
5.26342e+08 7.45058
5.26342e+08 14.9012
5.26342e+08 14.9012
5.26387e+08 44815.2
5.26387e+08 7.45058
5.26387e+08 7.45058
5.26387e+08 14.9012
5.26465e+08 78260.9
5.26465e+08 7.45058
5.26465e+08 1
5.26722e+08 257186
5.26723e+08 67.0552
5.26723e+08 22.3517
5.2822e+08 1.49792e+06
5.28813e+08 592411
5.29048e+08 234753
5.29048e+08 7.45058
5.29048e+08 7.45058
5.29048e+08 74.5058
5.29182e+08 134237
5.30288e+08 1.10653e+06
5.30456e+08 167750
5.3049e+08 33572.3
5.51001e+08 2.05112e+07
5.51001e+08 14.9012
5.51001e+08 7.45058
5.51001e+08 7.45058
5.51001e+08 7.45058
5.51001e+08 14.9012
5.51023e+08 22374.1
5.51023e+08 7.45058
5.51023e+08 14.9012
5.51023e+08 7.45058
5.51023e+08 7.45058
5.51023e+08 14.9012
5.51023e+08 7.45058
5.51023e+08 7.45058
5.51023e+08 7.45058
5.51023e+08 7.45058
5.51023e+08 7.45058
5.51057e+08 33535.1
5.51057e+08 7.45058
5.51079e+08 22366.6
5.51146e+08 67099.9
5.51348e+08 201307
5.51348e+08 7.45058
5.51359e+08 11183.3
5.51381e+08 22396.4
5.51437e+08 55924.1
5.51449e+08 11190.8
5.51449e+08 7.45058
5.51549e+08 100650
5.51549e+08 1
5.52119e+08 570155
5.52119e+08 7.45058
5.5383e+08 1.71029e+06
5.53908e+08 78268.3
5.53953e+08 44710.9
5.53953e+08 7.45058
5.53953e+08 7.45058
5.5421e+08 257097
5.54914e+08 704125
5.55316e+08 402510
5.55462e+08 145383
5.55585e+08 123017
5.76521e+08 2.09363e+07
5.76566e+08 44710.9
5.76566e+08 7.45058
5.76566e+08 7.45058
5.76566e+08 7.45058
5.76577e+08 11190.8
5.76588e+08 11190.8
5.76588e+08 7.45058
5.76588e+08 7.45058
5.76588e+08 7.45058
5.76588e+08 7.45058
5.76588e+08 7.45058
5.76588e+08 7.45058
5.76599e+08 11198.2
5.76599e+08 7.45058
5.76599e+08 7.45058
5.76622e+08 22374.1
5.76633e+08 11183.3
5.76667e+08 33557.4
5.76689e+08 22359.2
5.76778e+08 89429.3
5.76823e+08 44792.9
5.76834e+08 11205.7
5.76845e+08 11190.8
5.76968e+08 122994
5.77125e+08 156492
5.77382e+08 257120
5.77438e+08 55894.3
5.7784e+08 402451
5.77896e+08 55924.1
5.77896e+08 1
5.78534e+08 637173
5.78534e+08 7.45058
5.79953e+08 1.41954e+06
5.80188e+08 234708
5.80199e+08 11183.3
5.80199e+08 7.45058
5.80199e+08 7.45058
5.803e+08 100613
5.80389e+08 89444.2
5.80836e+08 447206
5.81004e+08 167757
5.81172e+08 167750
6.02432e+08 2.12607e+07
6.02432e+08 7.45058
6.02444e+08 11183.3
6.02444e+08 7.45058
6.02444e+08 7.45058
6.02466e+08 22366.6
6.02488e+08 22374.1
6.025e+08 11198.2
6.02522e+08 22359.2
6.02522e+08 7.45058
6.02556e+08 33572.3
6.02556e+08 14.9012
6.02556e+08 7.45058
6.02589e+08 33572.3
6.02589e+08 7.45058
6.02589e+08 14.9012
6.026e+08 11190.8
6.02623e+08 22366.6
6.02768e+08 145376
6.02813e+08 44718.4
6.02824e+08 11183.3
6.02936e+08 111826
6.02969e+08 33550
6.03081e+08 111781
6.03417e+08 335395
6.03696e+08 279456
6.03964e+08 268281
6.03998e+08 33542.5
6.04501e+08 502959
6.04568e+08 67070.1
6.04568e+08 7.45058
6.0497e+08 402421
6.0497e+08 1
6.05015e+08 44724.8
6.06244e+08 1.22947e+06
6.06278e+08 33535.1
6.06323e+08 44710.9
6.06535e+08 212371
6.06535e+08 22.3517
6.06558e+08 22389
6.06636e+08 78268.3
6.06927e+08 290751
6.0715e+08 223674
6.07273e+08 123069
6.19426e+08 1.21523e+07
6.19426e+08 63.1541
6.19426e+08 37.2529
