2951 2000
6951 4000
14951 8000
30951 16000
62951 32000
126951 64000
254951 128000
510951 256000
1.02295e+06 512000
2.04695e+06 1.024e+06
4.09495e+06 2.048e+06
5.416e+06 1.32105e+06
5.416e+06 1
8.36225e+06 2.94626e+06
9.20051e+06 838257
9.6781e+06 477590
9.6781e+06 1
1.08765e+07 1.19843e+06
1.19051e+07 1.02858e+06
1.19051e+07 7.45058
1.19051e+07 1
1.21739e+07 268786
1.42643e+07 2.09042e+06
1.42643e+07 7.45058
1.42643e+07 7.45058
1.47011e+07 436738
1.47011e+07 1
1.72192e+07 2.51815e+06
1.72192e+07 7.45058
1.72193e+07 7.45058
1.78013e+07 582010
1.78013e+07 7.45058
1.78013e+07 1
2.07081e+07 2.90687e+06
2.07081e+07 7.45058
2.07082e+07 7.45058
2.13575e+07 649393
2.13576e+07 7.45058
2.13576e+07 7.45058
2.13576e+07 1
2.45551e+07 3.19753e+06
2.45551e+07 7.45058
2.45551e+07 7.45058
2.54056e+07 850447
2.54056e+07 7.45058
2.54056e+07 7.45058
2.5428e+07 22389
2.86147e+07 3.18679e+06
2.86147e+07 1
2.86148e+07 6.45058
2.86148e+07 7.45058
2.96664e+07 1.05164e+06
2.96664e+07 7.45058
2.96888e+07 22374.1
2.97559e+07 67070.1
3.34009e+07 3.64503e+06
3.34009e+07 14.9012
3.34009e+07 1
3.34009e+07 21.3517
3.34121e+07 11198.2
3.46649e+07 1.25277e+06
3.46761e+07 11198.2
3.46761e+07 7.45058
3.46761e+07 7.45058
3.87349e+07 4.05878e+06
3.87349e+07 7.45058
3.87349e+07 7.45058
3.87349e+07 7.45058
3.87349e+07 1
3.87349e+07 6.45058
4.01227e+07 1.38773e+06
4.01227e+07 7.45058
4.01338e+07 11190.8
4.01898e+07 55916.6
4.46288e+07 4.43899e+06
4.46288e+07 7.45058
4.46399e+07 11183.3
4.46623e+07 22359.2
4.46623e+07 7.45058
4.46623e+07 1
4.46623e+07 6.45058
4.62843e+07 1.62198e+06
4.62843e+07 7.45058
4.63403e+07 55946.4
4.63739e+07 33609.6
5.12825e+07 4.90863e+06
5.12825e+07 7.45058
5.12825e+07 7.45058
5.13049e+07 22366.6
5.13049e+07 7.45058
5.13049e+07 7.45058
5.13049e+07 7.45058
5.13049e+07 1
5.27481e+07 1.4432e+06
5.27481e+07 7.45058
5.29046e+07 156529
5.30501e+07 145465
5.83166e+07 5.2665e+06
5.83166e+07 7.45058
5.83166e+07 7.45058
5.83166e+07 7.45058
5.83166e+07 7.45058
5.83166e+07 14.9012
5.83166e+07 7.45058
5.83167e+07 7.45058
5.83167e+07 1
6.00734e+07 1.75678e+06
6.00734e+07 7.45058
6.0107e+07 33535.1
6.0286e+07 179015
6.59887e+07 5.70266e+06
6.59887e+07 7.45058
6.59887e+07 7.45058
6.59887e+07 7.45058
6.59887e+07 7.45058
6.59887e+07 7.45058
6.59887e+07 14.9012
6.59887e+07 7.45058
6.59887e+07 7.45058
6.59887e+07 1
6.78301e+07 1.84142e+06
6.78301e+07 7.45058
6.78302e+07 7.45058
6.81209e+07 290699
7.4148e+07 6.02712e+06
7.4148e+07 7.45058
7.41592e+07 11183.3
7.41592e+07 7.45058
7.41592e+07 7.45058
7.41816e+07 22396.4
7.41928e+07 11198.2
7.4204e+07 11183.3
7.4204e+07 7.45058
7.4204e+07 7.45058
7.63069e+07 2.10293e+06
7.63069e+07 1
7.63069e+07 6.45058
7.63516e+07 44718.4
7.64858e+07 134185
8.30832e+07 6.59739e+06
8.30832e+07 7.45058
8.30832e+07 7.45058
8.30944e+07 11190.8
8.31056e+07 11198.2
8.31168e+07 11205.7
8.31504e+07 33587.2
8.31504e+07 7.45058
8.31504e+07 7.45058
8.31616e+07 11183.3
8.54236e+07 2.26196e+06
8.54236e+07 7.45058
8.54236e+07 1
8.54236e+07 6.45058
8.54348e+07 11183.3
8.54906e+07 55886.8
9.25577e+07 7.06705e+06
9.25577e+07 7.45058
9.25577e+07 29.8023
9.26025e+07 44733.3
9.26025e+07 7.45058
9.26137e+07 11190.8
9.26697e+07 55983.7
9.26697e+07 7.45058
9.26697e+07 7.45058
9.26698e+07 81.9564
9.51785e+07 2.5088e+06
9.51786e+07 7.45058
9.51786e+07 7.45058
9.51786e+07 7.45058
9.51786e+07 1
9.51786e+07 6.45058
9.51786e+07 7.45058
1.02581e+08 7.40251e+06
1.02603e+08 22389
1.02648e+08 44807.8
1.02671e+08 22366.6
1.02671e+08 22.3517
1.02671e+08 29.8023
1.02693e+08 22381.5
1.02693e+08 7.45058
1.02693e+08 7.45058
1.02693e+08 44.7035
1.05444e+08 2.75091e+06
1.05455e+08 11190.8
1.05455e+08 7.45058
1.05455e+08 7.45058
1.05455e+08 7.45058
1.05455e+08 1
1.05455e+08 6.45058
1.05455e+08 7.45058
1.13327e+08 7.87215e+06
1.13327e+08 14.9012
1.1335e+08 22485.9
1.1335e+08 14.9012
1.1335e+08 44.7035
1.1335e+08 7.45058
1.1335e+08 37.2529
1.13361e+08 11183.3
1.13372e+08 11190.8
1.13372e+08 7.45058
1.1618e+08 2.80754e+06
1.1618e+08 14.9012
1.1618e+08 7.45058
1.1618e+08 7.45058
1.1618e+08 7.45058
1.1618e+08 7.45058
1.1618e+08 7.45058
1.1618e+08 1
1.1618e+08 6.45058
1.24522e+08 8.34172e+06
1.24522e+08 141.561
1.24522e+08 22.3517
1.24522e+08 7.45058
1.24522e+08 14.9012
1.24522e+08 7.45058
1.24533e+08 11228
1.24533e+08 7.45058
1.24544e+08 11205.7
1.24544e+08 7.45058
1.27545e+08 3.00097e+06
1.27545e+08 22.3517
1.27545e+08 7.45058
1.27545e+08 14.9012
1.27545e+08 7.45058
1.27545e+08 7.45058
1.27545e+08 7.45058
1.27545e+08 7.45058
1.27545e+08 1
1.27545e+08 6.45058
1.36312e+08 8.76672e+06
1.36323e+08 11190.8
1.36323e+08 7.45058
1.36323e+08 7.45058
1.36323e+08 29.8023
1.36323e+08 7.45058
1.36335e+08 11265.3
1.36335e+08 7.45058
1.36335e+08 7.45058
1.36346e+08 11190.8
1.39444e+08 3.09845e+06
1.39456e+08 11183.3
1.39467e+08 11183.3
1.39467e+08 7.45058
1.39467e+08 7.45058
1.39467e+08 7.45058
1.39467e+08 7.45058
1.39467e+08 7.45058
1.39467e+08 22.3517
1.39467e+08 7.45058
1.39467e+08 1
1.48669e+08 9.20273e+06
1.48681e+08 11205.7
1.48681e+08 7.45058
1.48681e+08 7.45058
1.48692e+08 11183.3
1.48692e+08 14.9012
1.48703e+08 11257.8
1.48703e+08 7.45058
1.48703e+08 7.45058
1.48703e+08 22.3517
1.51969e+08 3.26626e+06
1.51969e+08 22.3517
1.51969e+08 7.45058
1.51969e+08 7.45058
1.5197e+08 7.45058
1.5197e+08 7.45058
1.5197e+08 7.45058
1.5197e+08 7.45058
1.5197e+08 7.45058
1.5197e+08 7.45058
1.5197e+08 7.45058
1.5197e+08 1
1.6162e+08 9.64998e+06
1.6162e+08 7.45058
1.6162e+08 7.45058
1.6162e+08 29.8023
1.6162e+08 7.45058
1.61631e+08 11198.2
1.61676e+08 44815.2
1.61676e+08 7.45058
1.61676e+08 7.45058
1.6172e+08 44725.8
1.64987e+08 3.26639e+06
1.64987e+08 22.3517
1.64987e+08 37.2529
1.64987e+08 7.45058
1.64987e+08 7.45058
1.64987e+08 7.45058
1.64987e+08 7.45058
1.64987e+08 7.45058
1.64987e+08 7.45058
1.64987e+08 7.45058
1.64987e+08 7.45058
1.64987e+08 7.45058
1.74626e+08 9.63891e+06
1.74626e+08 1
1.74626e+08 6.45058
1.74637e+08 11183.3
1.74637e+08 14.9012
1.74637e+08 7.45058
1.74637e+08 52.1541
1.74659e+08 22426.2
1.74682e+08 22366.6
1.74682e+08 7.45058
1.74682e+08 44.7035
1.78161e+08 3.47879e+06
1.78161e+08 7.45058
1.78161e+08 22.3517
1.78161e+08 7.45058
1.78161e+08 7.45058
1.78161e+08 22.3517
1.78161e+08 7.45058
1.78161e+08 7.45058
1.78161e+08 14.9012
1.78161e+08 7.45058
1.78161e+08 14.9012
1.78161e+08 7.45058
1.88213e+08 1.00524e+07
1.88213e+08 44.7035
1.88213e+08 1
1.88213e+08 6.45058
1.88213e+08 7.45058
1.88213e+08 14.9012
1.88224e+08 11198.2
1.88247e+08 22403.9
1.88269e+08 22463.5
1.88269e+08 7.45058
1.88269e+08 37.2529
1.88292e+08 22396.4
1.91927e+08 3.63539e+06
1.91927e+08 7.45058
1.91927e+08 7.45058
1.91927e+08 22.3517
1.91927e+08 7.45058
1.91927e+08 7.45058
1.91927e+08 29.8023
1.91927e+08 14.9012
1.91927e+08 44.7035
1.9195e+08 22359.2
1.91961e+08 11190.8
1.91961e+08 7.45058
2.02427e+08 1.04661e+07
2.02427e+08 29.8023
2.02427e+08 7.45058
2.02427e+08 29.8023
2.02427e+08 1
2.02427e+08 6.45058
2.02427e+08 14.9012
2.02427e+08 7.45058
2.02472e+08 44748.2
2.02505e+08 33646.8
2.02505e+08 7.45058
2.02505e+08 29.8023
2.02561e+08 56006
2.06286e+08 3.72491e+06
2.06286e+08 7.45058
2.06286e+08 7.45058
2.06286e+08 29.8023
2.06286e+08 7.45058
2.06286e+08 29.8023
2.06309e+08 22366.6
2.06309e+08 14.9012
2.0632e+08 11183.3
2.0632e+08 7.45058
2.06342e+08 22381.5
2.06342e+08 7.45058
2.17133e+08 1.07904e+07
2.17133e+08 14.9012
2.17133e+08 7.45058
2.17144e+08 11183.3
2.17166e+08 22381.5
2.17166e+08 1
2.17166e+08 36.2529
2.17189e+08 22359.2
2.17189e+08 7.45058
2.172e+08 11205.7
2.17301e+08 100717
2.17301e+08 7.45058
2.17301e+08 7.45058
2.17368e+08 67234
2.21238e+08 3.87036e+06
2.21238e+08 7.45058
2.21238e+08 7.45058
2.21272e+08 33542.5
2.21272e+08 7.45058
2.21272e+08 37.2529
2.21294e+08 22359.2
2.21305e+08 11205.7
2.21305e+08 14.9012
2.21306e+08 7.45058
2.21306e+08 7.45058
2.21306e+08 7.45058
2.32521e+08 1.12153e+07
2.32543e+08 22359.2
2.32554e+08 11183.3
2.32554e+08 7.45058
2.32554e+08 7.45058
2.32554e+08 7.45058
2.32577e+08 22374.1
2.32577e+08 1
2.32577e+08 6.45058
2.32577e+08 7.45058
2.32599e+08 22374.1
2.32655e+08 56058.2
2.32666e+08 11198.2
2.32666e+08 7.45058
2.32801e+08 134312
2.36816e+08 4.01578e+06
2.36816e+08 7.45058
2.36817e+08 14.9012
2.36828e+08 11198.2
2.36828e+08 7.45058
2.3685e+08 22381.5
2.3685e+08 7.45058
2.36861e+08 11183.3
2.36861e+08 7.45058
2.36861e+08 22.3517
2.36861e+08 7.45058
2.36861e+08 29.8023
2.48423e+08 1.15619e+07
2.48423e+08 7.45058
2.48423e+08 14.9012
2.48423e+08 7.45058
2.48423e+08 7.45058
2.48423e+08 7.45058
2.48423e+08 7.45058
2.48423e+08 7.45058
2.48423e+08 1
2.48423e+08 6.45058
2.48423e+08 22.3517
2.48423e+08 37.2529
2.48602e+08 179037
2.48614e+08 11190.8
2.48614e+08 29.8023
2.48871e+08 257201
2.52976e+08 4.10536e+06
2.52987e+08 11183.3
2.52987e+08 14.9012
2.52987e+08 29.8023
2.52987e+08 7.45058
2.52999e+08 11228
2.52999e+08 7.45058
2.52999e+08 7.45058
2.52999e+08 7.45058
2.52999e+08 22.3517
2.52999e+08 7.45058
2.52999e+08 59.6046
2.64952e+08 1.19532e+07
2.64952e+08 22.3517
2.64952e+08 7.45058
2.64952e+08 7.45058
2.64952e+08 7.45058
2.64952e+08 7.45058
2.64952e+08 7.45058
2.64952e+08 7.45058
2.64952e+08 7.45058
2.64952e+08 7.45058
2.64952e+08 1
2.64952e+08 6.45058
2.64963e+08 11198.2
2.65254e+08 290938
2.65254e+08 7.45058
2.65254e+08 7.45058
2.65578e+08 324205
2.69706e+08 4.1279e+06
2.69706e+08 7.45058
2.69706e+08 7.45058
2.69706e+08 44.7035
2.69718e+08 11183.3
2.69718e+08 59.6046
2.69718e+08 7.45058
2.69718e+08 7.45058
2.69718e+08 7.45058
2.69718e+08 7.45058
2.69718e+08 7.45058
2.69718e+08 44.7035
2.82029e+08 1.23111e+07
2.82029e+08 7.45058
2.82029e+08 7.45058
2.82029e+08 7.45058
2.82029e+08 7.45058
2.82029e+08 7.45058
2.82029e+08 7.45058
2.82029e+08 7.45058
2.8204e+08 11183.3
2.8204e+08 7.45058
2.8204e+08 7.45058
2.8204e+08 1
2.8204e+08 6.45058
2.8204e+08 7.45058
2.82432e+08 391565
2.82432e+08 7.45058
2.82432e+08 7.45058
2.82521e+08 89466.6
2.87032e+08 4.51127e+06
2.87032e+08 7.45058
2.87032e+08 7.45058
2.87044e+08 11183.3
2.87044e+08 7.45058
2.87044e+08 29.8023
2.87044e+08 7.45058
2.87044e+08 7.45058
2.87044e+08 7.45058
2.87044e+08 7.45058
2.87044e+08 7.45058
2.87044e+08 59.6046
2.99735e+08 1.26913e+07
2.99735e+08 7.45058
2.99735e+08 7.45058
2.99735e+08 7.45058
2.99735e+08 7.45058
2.99735e+08 7.45058
2.99735e+08 7.45058
2.99735e+08 7.45058
2.99735e+08 7.45058
2.99735e+08 7.45058
2.99735e+08 44.7035
2.99757e+08 22359.2
2.99825e+08 67099.9
2.99825e+08 1
2.99825e+08 6.45058
3.00115e+08 290744
3.00149e+08 33542.5
3.00149e+08 14.9012
3.00272e+08 122987
3.04981e+08 4.70953e+06
3.04981e+08 7.45058
3.04981e+08 7.45058
3.04993e+08 11190.8
3.04993e+08 7.45058
3.04993e+08 7.45058
3.04993e+08 7.45058
3.04993e+08 7.45058
3.04993e+08 7.45058
3.04993e+08 14.9012
3.04993e+08 14.9012
3.04993e+08 44.7035
3.18165e+08 1.31721e+07
3.18165e+08 7.45058
3.18165e+08 7.45058
3.18165e+08 7.45058
3.18165e+08 7.45058
3.18165e+08 7.45058
3.18165e+08 22.3517
3.18165e+08 7.45058
3.18165e+08 7.45058
3.18165e+08 7.45058
3.18176e+08 11205.7
3.18176e+08 7.45058
3.18187e+08 11183.3
3.18187e+08 7.45058
3.18187e+08 1
3.18187e+08 6.45058
3.18366e+08 179008
3.18389e+08 22403.9
3.18389e+08 37.2529
3.18445e+08 55939
3.23493e+08 5.04837e+06
3.23493e+08 7.45058
3.23493e+08 7.45058
3.23516e+08 22441.1
3.23516e+08 7.45058
3.23516e+08 7.45058
3.23516e+08 7.45058
3.23516e+08 7.45058
3.23516e+08 7.45058
3.23516e+08 14.9012
3.23516e+08 14.9012
3.23516e+08 37.2529
3.37135e+08 1.36194e+07
3.37135e+08 7.45058
3.37135e+08 7.45058
3.37135e+08 7.45058
3.37135e+08 7.45058
3.37135e+08 7.45058
3.37135e+08 7.45058
3.37135e+08 7.45058
3.37135e+08 7.45058
3.37135e+08 7.45058
3.37135e+08 7.45058
3.37135e+08 7.45058
3.37135e+08 7.45058
3.37135e+08 7.45058
3.37135e+08 7.45058
3.37135e+08 7.45058
3.37135e+08 1
3.37292e+08 156715
3.37314e+08 22403.9
3.3746e+08 145338
3.37583e+08 123076
3.42583e+08 5.00011e+06
3.42583e+08 7.45058
3.42583e+08 7.45058
3.42583e+08 22.3517
3.42583e+08 14.9012
3.42583e+08 7.45058
3.42583e+08 7.45058
3.42583e+08 7.45058
3.42583e+08 7.45058
3.42583e+08 7.45058
3.42583e+08 7.45058
3.42583e+08 104.308
3.56616e+08 1.40332e+07
3.56616e+08 7.45058
3.56616e+08 7.45058
3.56616e+08 7.45058
3.56616e+08 7.45058
3.56616e+08 7.45058
3.56616e+08 7.45058
3.56616e+08 7.45058
3.56616e+08 7.45058
3.56616e+08 7.45058
3.56616e+08 7.45058
3.56616e+08 7.45058
3.56616e+08 7.45058
3.56616e+08 7.45058
3.56616e+08 7.45058
3.56616e+08 7.45058
3.56628e+08 11205.7
3.56628e+08 1
3.56762e+08 134303
3.56907e+08 145398
3.56997e+08 89444.2
3.57109e+08 112057
3.62243e+08 5.13423e+06
3.62243e+08 7.45058
3.62243e+08 7.45058
3.62243e+08 7.45058
3.62243e+08 7.45058
3.62243e+08 7.45058
3.62243e+08 7.45058
3.62243e+08 7.45058
3.62243e+08 7.45058
3.62243e+08 7.45058
3.62243e+08 22.3517
3.62243e+08 104.308
3.76601e+08 1.43575e+07
3.76601e+08 7.45058
3.76601e+08 7.45058
3.76612e+08 11183.3
3.76612e+08 7.45058
3.76623e+08 11183.3
3.76623e+08 7.45058
3.76634e+08 11198.2
3.76634e+08 7.45058
3.76634e+08 7.45058
3.76634e+08 7.45058
3.76634e+08 7.45058
3.76634e+08 7.45058
3.76634e+08 7.45058
3.76634e+08 7.45058
3.76646e+08 11198.2
3.76724e+08 78246
3.76724e+08 7.45058
3.77048e+08 324316
3.77048e+08 1
3.77115e+08 67188.3
3.77126e+08 11198.2
3.77306e+08 179172
3.82496e+08 5.19016e+06
3.82496e+08 7.45058
3.82496e+08 7.45058
3.82496e+08 7.45058
3.82496e+08 7.45058
3.82496e+08 7.45058
3.82496e+08 7.45058
3.82496e+08 37.2529
3.82496e+08 22.3517
3.82496e+08 7.45058
3.82496e+08 22.3517
3.82496e+08 104.308
3.97401e+08 1.49054e+07
3.97401e+08 7.45058
3.97401e+08 7.45058
3.97401e+08 7.45058
3.97401e+08 7.45058
3.97401e+08 7.45058
3.97401e+08 14.9012
3.97401e+08 7.45058
3.97401e+08 7.45058
3.97401e+08 7.45058
3.97402e+08 7.45058
3.97413e+08 11183.3
3.97435e+08 22374.1
3.97435e+08 7.45058
3.97446e+08 11205.7
3.97457e+08 11183.3
3.97469e+08 11190.8
3.97469e+08 7.45058
3.97771e+08 301890
3.97771e+08 7.45058
3.97771e+08 1
3.97782e+08 11286.6
3.97782e+08 7.45058
3.98006e+08 223942
4.03341e+08 5.33551e+06
4.03341e+08 22.3517
4.03341e+08 29.8023
4.03341e+08 7.45058
4.03341e+08 22.3517
4.03341e+08 7.45058
4.03341e+08 7.45058
4.03341e+08 52.1541
4.03341e+08 14.9012
4.03341e+08 7.45058
4.03342e+08 52.1541
4.03342e+08 81.9564
4.18705e+08 1.53638e+07
4.18705e+08 7.45058
4.18705e+08 7.45058
4.18705e+08 7.45058
4.18705e+08 7.45058
4.18705e+08 7.45058
4.18728e+08 22366.6
4.18728e+08 7.45058
4.18739e+08 11198.2
4.18739e+08 7.45058
4.18739e+08 7.45058
4.18761e+08 22366.6
4.18761e+08 7.45058
4.18773e+08 11183.3
4.18806e+08 33557.4
4.18806e+08 14.9012
4.18817e+08 11213.1
4.18817e+08 7.45058
4.18996e+08 178933
4.19008e+08 11183.3
4.19008e+08 7.45058
4.19041e+08 33609.6
4.19041e+08 1
4.19041e+08 6.45058
4.19276e+08 235163
4.2478e+08 5.50331e+06
4.2478e+08 37.2529
4.2478e+08 7.45058
4.2478e+08 14.9012
4.2478e+08 7.45058
4.2478e+08 22.3517
4.2478e+08 7.45058
4.2478e+08 22.3517
4.2478e+08 7.45058
4.2478e+08 7.45058
4.2478e+08 22.3517
4.2478e+08 7.45058
4.40658e+08 1.58783e+07
4.40658e+08 7.45058
4.40658e+08 7.45058
4.40669e+08 11183.3
4.40669e+08 7.45058
4.40669e+08 7.45058
4.40669e+08 7.45058
4.40669e+08 7.45058
4.4068e+08 11205.7
4.4068e+08 7.45058
4.4068e+08 7.45058
4.40692e+08 11183.3
4.40692e+08 7.45058
4.40692e+08 7.45058
4.40703e+08 11213.1
4.40714e+08 11190.8
4.40759e+08 44763.1
4.40759e+08 7.45058
4.40927e+08 167713
4.40927e+08 7.45058
4.40927e+08 7.45058
4.41016e+08 89488.9
4.41016e+08 7.45058
4.41016e+08 1
4.41027e+08 11197.2
4.41128e+08 101067
4.46856e+08 5.728e+06
4.46856e+08 7.45058
4.46856e+08 7.45058
4.46856e+08 7.45058
4.46856e+08 7.45058
4.46856e+08 7.45058
4.46856e+08 7.45058
4.46856e+08 7.45058
4.46856e+08 7.45058
4.46856e+08 7.45058
4.46856e+08 7.45058
4.46856e+08 7.45058
4.6316e+08 1.63032e+07
4.6316e+08 7.45058
4.6316e+08 7.45058
4.6316e+08 7.45058
4.6316e+08 7.45058
4.6316e+08 7.45058
4.6316e+08 7.45058
4.6316e+08 7.45058
4.6316e+08 7.45058
4.6316e+08 7.45058
4.6316e+08 7.45058
4.6316e+08 7.45058
4.6316e+08 7.45058
4.6316e+08 7.45058
4.63193e+08 33550
4.63216e+08 22359.2
4.63305e+08 89436.8
4.63305e+08 7.45058
4.63495e+08 190139
4.63495e+08 14.9012
4.63495e+08 14.9012
4.63518e+08 22389
4.63518e+08 7.45058
4.63518e+08 29.8023
4.63518e+08 1
4.63518e+08 6.45058
4.63764e+08 246428
4.69549e+08 5.78534e+06
4.69549e+08 7.45058
4.69549e+08 7.45058
4.69549e+08 7.45058
4.69549e+08 7.45058
4.69572e+08 22374.1
4.69572e+08 7.45058
4.69572e+08 7.45058
4.69572e+08 7.45058
4.69572e+08 7.45058
4.69572e+08 7.45058
4.69572e+08 7.45058
4.86367e+08 1.67952e+07
4.86367e+08 7.45058
4.86367e+08 7.45058
4.86367e+08 7.45058
4.86367e+08 7.45058
4.86367e+08 7.45058
4.86367e+08 7.45058
4.86367e+08 7.45058
4.86367e+08 7.45058
4.86378e+08 11183.3
4.86378e+08 7.45058
4.86378e+08 7.45058
4.8639e+08 11183.3
4.86412e+08 22366.6
4.86479e+08 67077.6
4.86479e+08 7.45058
4.8649e+08 11183.3
4.8649e+08 7.45058
4.8668e+08 190176
4.8668e+08 44.7035
4.86703e+08 22389
4.86714e+08 11198.2
4.86714e+08 29.8023
4.86714e+08 7.45058
4.86714e+08 7.45058
4.86714e+08 14.9012
4.86714e+08 1
4.8686e+08 145814
4.92897e+08 6.03756e+06
4.92897e+08 7.45058
4.92897e+08 7.45058
4.92909e+08 11183.3
4.92909e+08 7.45058
4.92909e+08 7.45058
4.92909e+08 7.45058
4.92909e+08 7.45058
4.92909e+08 7.45058
4.9292e+08 11183.3
4.92931e+08 11183.3
4.92931e+08 7.45058
5.10118e+08 1.71865e+07
5.10118e+08 7.45058
5.10118e+08 7.45058
5.10118e+08 7.45058
5.10118e+08 7.45058
5.10118e+08 7.45058
5.10118e+08 22.3517
5.10118e+08 7.45058
5.10118e+08 7.45058
5.10118e+08 14.9012
5.10118e+08 7.45058
5.10118e+08 7.45058
5.10118e+08 7.45058
5.10118e+08 14.9012
5.10129e+08 11205.7
5.1014e+08 11183.3
5.1014e+08 7.45058
5.10174e+08 33535.1
5.10409e+08 234947
5.1042e+08 11220.6
5.10431e+08 11205.7
5.10431e+08 7.45058
5.10431e+08 14.9012
5.10431e+08 52.1541
5.10431e+08 7.45058
5.10431e+08 44.7035
5.10431e+08 7.45058
5.10431e+08 1
5.10566e+08 134735
5.1683e+08 6.26366e+06
5.1683e+08 7.45058
5.1683e+08 7.45058
5.16841e+08 11183.3
5.16841e+08 7.45058
5.16841e+08 7.45058
5.16841e+08 7.45058
5.16841e+08 7.45058
5.16841e+08 7.45058
5.16841e+08 7.45058
5.16852e+08 11183.3
5.16852e+08 52.1541
5.34419e+08 1.75667e+07
5.3443e+08 11183.3
5.3443e+08 7.45058
5.3443e+08 7.45058
5.34452e+08 22359.2
5.34475e+08 22359.2
5.34497e+08 22374.1
5.34508e+08 11190.8
5.34508e+08 7.45058
5.34508e+08 7.45058
5.34508e+08 7.45058
5.34508e+08 22.3517
5.34508e+08 7.45058
5.34508e+08 7.45058
5.34508e+08 14.9012
5.34508e+08 7.45058
5.34508e+08 7.45058
5.34508e+08 22.3517
5.34676e+08 167929
5.34688e+08 11287.6
5.34688e+08 7.45058
5.34688e+08 7.45058
5.34688e+08 7.45058
5.34732e+08 44755.6
5.34732e+08 7.45058
5.34732e+08 7.45058
5.34732e+08 7.45058
5.34732e+08 7.45058
5.34867e+08 134870
5.34867e+08 1
5.41421e+08 6.55388e+06
5.41421e+08 7.45058
5.41421e+08 22.3517
5.41421e+08 7.45058
5.41421e+08 7.45058
5.41421e+08 7.45058
5.41421e+08 7.45058
5.41421e+08 7.45058
5.41421e+08 7.45058
5.41421e+08 7.45058
5.41421e+08 7.45058
5.41421e+08 81.9564
5.59413e+08 1.79915e+07
5.59413e+08 7.45058
5.59413e+08 7.45058
5.59413e+08 7.45058
5.59413e+08 22.3517
5.59413e+08 29.8023
5.59413e+08 37.2529
5.59413e+08 7.45058
5.59413e+08 7.45058
5.59413e+08 7.45058
5.59424e+08 11183.3
5.59469e+08 44733.3
5.5948e+08 11183.3
5.59491e+08 11183.3
5.59502e+08 11205.7
5.59502e+08 7.45058
5.59514e+08 11183.3
5.59514e+08 14.9012
5.59637e+08 123382
5.59659e+08 22381.5
5.59659e+08 7.45058
5.59659e+08 7.45058
5.59659e+08 7.45058
5.59682e+08 22366.6
5.59682e+08 7.45058
5.59682e+08 7.45058
5.59682e+08 7.45058
5.59682e+08 7.45058
5.59906e+08 224359
5.59906e+08 7.45058
5.59906e+08 1
5.66447e+08 6.54132e+06
5.66448e+08 7.45058
5.66448e+08 44.7035
5.66448e+08 7.45058
5.66448e+08 14.9012
5.66448e+08 14.9012
5.66448e+08 7.45058
5.66448e+08 7.45058
5.66448e+08 14.9012
5.66448e+08 14.9012
5.66448e+08 7.45058
5.66448e+08 134.11
5.84864e+08 1.84163e+07
5.84864e+08 22.3517
5.84864e+08 7.45058
5.84864e+08 44.7035
5.84864e+08 7.45058
5.84887e+08 22403.9
5.84909e+08 22374.1
5.84909e+08 7.45058
5.84909e+08 7.45058
5.84909e+08 14.9012
5.84909e+08 7.45058
5.8492e+08 11198.2
5.8492e+08 7.45058
5.8492e+08 29.8023
5.84931e+08 11265.3
5.84931e+08 7.45058
5.84943e+08 11183.3
5.84954e+08 11228
5.84999e+08 45172.9
5.84999e+08 14.9012
5.84999e+08 7.45058
5.84999e+08 7.45058
5.84999e+08 7.45058
5.84999e+08 7.45058
5.84999e+08 7.45058
5.84999e+08 7.45058
5.84999e+08 7.45058
5.84999e+08 7.45058
5.85357e+08 358336
5.85391e+08 33572.3
5.85391e+08 22.3517
5.9207e+08 6.67887e+06
5.9207e+08 1
5.9207e+08 6.45058
5.9207e+08 37.2529
5.9207e+08 7.45058
5.9207e+08 52.1541
5.9207e+08 22.3517
5.9207e+08 7.45058
5.9207e+08 7.45058
5.9207e+08 44.7035
5.9207e+08 7.45058
5.9207e+08 7.45058
5.9207e+08 89.407
6.10911e+08 1.8841e+07
6.10934e+08 22374.1
6.10934e+08 22.3517
