2096 2000
6096 4000
14096 8000
30096 16000
62096 32000
126096 64000
254096 128000
510096 256000
1.0221e+06 512000
2.0461e+06 1.024e+06
3.58478e+06 1.53869e+06
3.58479e+06 1
8.29381e+06 4.70903e+06
8.29382e+06 7.45058
9.80093e+06 1.50711e+06
9.80093e+06 1
9.80094e+06 6.45058
1.17932e+07 1.99225e+06
1.17932e+07 10.4506
1.17932e+07 1
1.17932e+07 13.9012
1.45592e+07 2.76604e+06
1.45593e+07 7.45058
1.45593e+07 52.1541
1.45594e+07 89.407
1.45594e+07 1
1.79811e+07 3.42169e+06
1.79811e+07 7.45058
1.79811e+07 7.45058
1.81153e+07 134155
1.81153e+07 7.45058
1.81153e+07 1
2.13583e+07 3.24301e+06
2.13583e+07 7.45058
2.13583e+07 7.45058
2.14069e+07 48581.7
2.14069e+07 28
2.15262e+07 119279
2.15262e+07 1
2.62452e+07 4.71901e+06
2.62787e+07 33550
2.63682e+07 89451.7
2.667e+07 301801
2.667e+07 7.45058
2.7173e+07 502966
2.7173e+07 7.45058
3.0376e+07 3.20305e+06
3.0376e+07 1
3.04319e+07 55908.2
3.05661e+07 134178
3.08009e+07 234760
3.08679e+07 67070.1
3.1125e+07 257075
3.1125e+07 7.45058
3.58172e+07 4.69222e+06
3.58172e+07 7.45058
3.58172e+07 1
3.58173e+07 6.45058
3.6499e+07 681788
3.69909e+07 491813
3.70356e+07 44718.4
3.74379e+07 402369
3.74379e+07 7.45058
4.1153e+07 3.71506e+06
4.11642e+07 11198.2
4.11642e+07 7.45058
4.11754e+07 11183.3
4.11754e+07 1
4.15443e+07 368892
4.22596e+07 715308
4.22596e+07 7.45058
4.25502e+07 290625
4.25502e+07 7.45058
4.7716e+07 5.16582e+06
4.77719e+07 55894.3
4.77943e+07 22396.4
4.77943e+07 7.45058
4.77944e+07 14.9012
4.77944e+07 1
4.8845e+07 1.05061e+06
4.91915e+07 346497
4.91915e+07 7.45058
4.95603e+07 368826
4.95603e+07 7.45058
5.44147e+07 4.85443e+06
5.44148e+07 14.9012
5.44818e+07 67077.6
5.44818e+07 7.45058
5.44819e+07 7.45058
5.44819e+07 7.45058
5.50407e+07 558846
5.50407e+07 1
5.57336e+07 692925
5.58454e+07 111766
5.59572e+07 111766
5.59795e+07 22359.2
6.17154e+07 5.73585e+06
6.17714e+07 55976.2
6.18049e+07 33564.9
6.18385e+07 33594.7
6.18721e+07 33550
6.19727e+07 100598
6.23192e+07 346556
6.25092e+07 190012
6.25092e+07 1
6.26657e+07 156469
6.26657e+07 7.45058
6.27104e+07 44710.9
6.27551e+07 44710.9
6.93535e+07 6.59838e+06
6.94765e+07 123039
6.94766e+07 29.8023
6.95661e+07 89481.5
6.95884e+07 22359.2
6.95996e+07 11183.3
7.01698e+07 570163
7.0248e+07 78246
7.0248e+07 7.45058
7.0248e+07 1
7.0248e+07 6.45058
7.02928e+07 44733.3
7.02928e+07 7.45058
7.03375e+07 44710.9
7.77551e+07 7.41759e+06
7.78221e+07 67062.7
7.78333e+07 11183.3
7.79451e+07 111781
7.79451e+07 7.45058
7.79451e+07 7.45058
7.81688e+07 223666
7.81688e+07 7.45058
7.81911e+07 22366.6
7.82023e+07 11183.3
7.82694e+07 67062.7
7.82694e+07 1
7.83141e+07 44709.9
7.83253e+07 11183.3
7.83253e+07 14.9012
8.7e+07 8.67466e+06
8.7e+07 7.45058
8.7e+07 7.45058
8.70448e+07 44778
8.7056e+07 11198.2
8.7056e+07 7.45058
8.7302e+07 245988
8.7302e+07 7.45058
8.7302e+07 7.45058
8.7302e+07 7.45058
8.7302e+07 7.45058
8.7302e+07 7.45058
8.7302e+07 1
8.7302e+07 6.45058
8.73132e+07 11183.3
8.74361e+07 122964
9.66183e+07 9.18211e+06
9.66183e+07 22.3517
9.66295e+07 11198.2
9.67748e+07 145346
9.67972e+07 22359.2
9.68307e+07 33535.1
9.70767e+07 245959
9.71326e+07 55894.3
9.71885e+07 55901.7
9.71997e+07 11190.8
9.71997e+07 7.45058
9.71997e+07 7.45058
9.72109e+07 11183.3
9.72221e+07 11205.7
9.72221e+07 1
9.72556e+07 33571.3
9.72892e+07 33564.9
1.0694e+08 9.65106e+06
1.07041e+08 100598
1.07063e+08 22359.2
1.07231e+08 167683
1.07276e+08 44725.8
1.07287e+08 11205.7
1.07298e+08 11265.3
1.07298e+08 14.9012
1.07332e+08 33564.9
1.07332e+08 7.45058
1.07332e+08 22.3517
1.07332e+08 7.45058
1.07332e+08 7.45058
1.07388e+08 55924.1
1.07399e+08 11190.8
1.07399e+08 1
1.07499e+08 100627
1.07578e+08 78246
1.17911e+08 1.03331e+07
1.17944e+08 33550
1.17944e+08 7.45058
1.17978e+08 33550
1.18023e+08 44725.8
1.18023e+08 7.45058
1.18023e+08 7.45058
1.18023e+08 7.45058
1.18045e+08 22389
1.18067e+08 22411.3
1.18123e+08 56006
1.18124e+08 7.45058
1.18135e+08 11198.2
1.18336e+08 201374
1.18336e+08 22.3517
1.1837e+08 33550
1.18426e+08 55894.3
1.18426e+08 1
1.1856e+08 134132
1.29306e+08 1.07467e+07
1.29329e+08 22396.4
1.29329e+08 7.45058
1.29362e+08 33609.6
1.29374e+08 11213.1
1.29396e+08 22359.2
1.29396e+08 7.45058
1.29396e+08 22.3517
1.29407e+08 11190.8
1.29452e+08 44770.5
1.29486e+08 33654.3
1.29486e+08 7.45058
1.29508e+08 22411.3
1.29631e+08 123061
1.29709e+08 78305.6
1.2981e+08 100590
1.29821e+08 11190.8
1.29899e+08 78238.5
1.29899e+08 1
1.29922e+08 22365.6
1.41284e+08 1.13617e+07
1.41306e+08 22366.6
1.41317e+08 11190.8
1.4134e+08 22515.7
1.41351e+08 11220.6
1.41362e+08 11213.1
1.41384e+08 22374.1
1.41384e+08 7.45058
1.41396e+08 11205.7
1.41407e+08 11228
1.41474e+08 67204.2
1.41474e+08 7.45058
1.41474e+08 7.45058
1.41541e+08 67152.1
1.41787e+08 245973
1.41787e+08 7.45058
1.41854e+08 67062.7
1.41877e+08 22381.5
1.41877e+08 7.45058
1.41899e+08 22366.6
1.41899e+08 1
1.53854e+08 1.19545e+07
1.53854e+08 7.45058
1.53854e+08 22.3517
1.53898e+08 44822.7
1.53921e+08 22403.9
1.53932e+08 11198.2
1.53943e+08 11228
1.53943e+08 7.45058
1.53954e+08 11190.8
1.5401e+08 55901.7
1.54022e+08 11235.5
1.54022e+08 7.45058
1.54022e+08 7.45058
1.54044e+08 22508.2
1.54122e+08 78313.1
1.54122e+08 7.45058
1.54145e+08 22374.1
1.54247e+08 102579
1.54247e+08 7.45058
1.5427e+08 22359.2
1.5427e+08 7.45058
1.5427e+08 1
1.66961e+08 1.26915e+07
1.66961e+08 7.45058
1.66961e+08 7.45058
1.66984e+08 22426.2
1.66984e+08 7.45058
1.66984e+08 14.9012
1.66995e+08 11213.1
1.66995e+08 7.45058
1.67006e+08 11190.8
1.67051e+08 44748.2
1.67073e+08 22396.4
1.67073e+08 7.45058
1.67084e+08 11190.8
1.67294e+08 209523
1.67414e+08 120154
1.67414e+08 29.8023
1.67492e+08 78253.4
1.67537e+08 44733.3
1.67537e+08 7.45058
1.67582e+08 44718.4
1.67582e+08 7.45058
1.67582e+08 14.9012
1.80208e+08 1.26258e+07
1.80208e+08 1
1.80208e+08 6.45058
1.80208e+08 7.45058
1.80219e+08 11190.8
1.80219e+08 7.45058
1.80241e+08 22381.5
1.80252e+08 11205.7
1.80253e+08 7.45058
1.80286e+08 33542.5
1.80387e+08 100687
1.80409e+08 22389
1.80409e+08 7.45058
1.80409e+08 7.45058
1.8042e+08 11310
1.80454e+08 33542.5
1.80488e+08 33542.5
1.80611e+08 122994
1.80666e+08 55901.7
1.80666e+08 7.45058
1.80678e+08 11183.3
1.80678e+08 7.45058
1.80678e+08 7.45058
1.94188e+08 1.35107e+07
1.942e+08 11190.8
1.942e+08 1
1.942e+08 6.45058
1.942e+08 14.9012
1.94211e+08 11190.8
1.94211e+08 7.45058
1.94244e+08 33550
1.94323e+08 78260.9
1.94334e+08 11183.3
1.94334e+08 14.9012
1.94334e+08 44.7035
1.9439e+08 55998.6
1.9439e+08 7.45058
1.94423e+08 33535.1
1.94602e+08 178874
1.94647e+08 44718.4
1.94703e+08 55901.7
1.94815e+08 111803
1.94848e+08 33542.5
1.94848e+08 7.45058
1.94859e+08 11190.8
1.94859e+08 7.45058
1.94859e+08 7.45058
2.08615e+08 1.37554e+07
2.08615e+08 7.45058
2.08615e+08 14.9012
2.08626e+08 11198.2
2.08626e+08 1
2.08626e+08 13.9012
2.08626e+08 7.45058
2.08626e+08 7.45058
2.08648e+08 22366.6
2.08682e+08 33550
2.08682e+08 7.45058
2.08693e+08 11198.2
2.0876e+08 67099.9
2.08805e+08 44733.3
2.08805e+08 7.45058
2.08805e+08 22.3517
2.08883e+08 78350.3
2.08906e+08 22374.1
2.0895e+08 44733.3
2.09062e+08 111818
2.09085e+08 22359.2
2.09085e+08 7.45058
2.09163e+08 78260.9
2.09163e+08 7.45058
2.09163e+08 7.45058
2.2376e+08 1.45969e+07
2.23805e+08 44725.8
2.23816e+08 11190.8
2.23816e+08 7.45058
2.23816e+08 7.45058
2.23816e+08 1
2.23849e+08 33556.4
2.23861e+08 11198.2
2.23883e+08 22366.6
2.23883e+08 7.45058
2.23905e+08 22374.1
2.23905e+08 7.45058
2.23905e+08 7.45058
2.23916e+08 11190.8
2.23939e+08 22381.5
2.23961e+08 22359.2
2.23961e+08 7.45058
2.24017e+08 55998.6
2.24051e+08 33550
2.24129e+08 78238.5
2.24218e+08 89466.6
2.24218e+08 7.45058
2.24218e+08 7.45058
2.24252e+08 33542.5
2.24297e+08 44710.9
2.24353e+08 55886.8
2.39327e+08 1.49746e+07
2.39338e+08 11198.2
2.3935e+08 11183.3
2.39361e+08 11190.8
2.39372e+08 11198.2
2.39394e+08 22396.4
2.39406e+08 11198.2
2.39406e+08 1
2.39406e+08 36.2529
2.39462e+08 55916.6
2.39506e+08 44725.8
2.39506e+08 29.8023
2.39506e+08 7.45058
2.39506e+08 7.45058
2.39506e+08 14.9012
2.39506e+08 14.9012
2.39518e+08 11190.8
2.39518e+08 7.45058
2.39641e+08 123039
2.39652e+08 11213.1
2.39652e+08 37.2529
2.39708e+08 55953.9
2.39708e+08 14.9012
2.39708e+08 7.45058
2.39719e+08 11183.3
2.39719e+08 7.45058
2.39719e+08 7.45058
2.55534e+08 1.58152e+07
2.55534e+08 7.45058
2.55568e+08 33535.1
2.55568e+08 7.45058
2.55601e+08 33535.1
2.55624e+08 22359.2
2.55624e+08 22.3517
2.55646e+08 22359.2
2.55646e+08 1
2.5568e+08 33578.8
2.55747e+08 67129.7
2.55847e+08 100642
2.5587e+08 22411.3
2.55881e+08 11220.6
2.55881e+08 29.8023
2.55881e+08 7.45058
2.55881e+08 44.7035
2.55881e+08 7.45058
2.55892e+08 11235.5
2.55926e+08 33646.8
2.55926e+08 22.3517
2.55948e+08 22411.3
2.55993e+08 44770.5
2.55993e+08 14.9012
2.56004e+08 11183.3
2.56004e+08 7.45058
2.5606e+08 55886.8
2.5606e+08 7.45058
2.71694e+08 1.56338e+07
2.71705e+08 11190.8
2.71739e+08 33535.1
2.71739e+08 7.45058
2.71739e+08 7.45058
2.71761e+08 22359.2
2.71862e+08 100590
2.71862e+08 7.45058
2.71862e+08 7.45058
2.72085e+08 223555
2.72085e+08 1
2.72231e+08 145360
2.72488e+08 257194
2.72499e+08 11190.8
2.7251e+08 11198.2
2.72522e+08 11183.3
2.72522e+08 7.45058
2.726e+08 78290.7
2.72611e+08 11220.6
2.72622e+08 11205.7
2.72622e+08 178.814
2.72656e+08 33572.3
2.72656e+08 7.45058
2.72679e+08 22493.3
2.72679e+08 7.45058
2.72679e+08 7.45058
2.72679e+08 37.2529
2.72679e+08 29.8023
2.72679e+08 22.3517
2.88927e+08 1.62489e+07
2.88983e+08 55909.2
2.89028e+08 44710.9
2.89062e+08 33542.5
2.89106e+08 44718.4
2.89106e+08 7.45058
2.89106e+08 7.45058
2.8914e+08 33535.1
2.89185e+08 44718.4
2.89241e+08 55916.6
2.89241e+08 7.45058
2.89241e+08 1
2.89565e+08 324174
2.89744e+08 179045
2.89766e+08 22366.6
2.898e+08 33550
2.89822e+08 22366.6
2.89833e+08 11198.2
2.89912e+08 78313.1
2.89923e+08 11213.1
2.89956e+08 33542.5
2.89968e+08 11265.3
2.89968e+08 7.45058
2.89968e+08 7.45058
2.8999e+08 22448.6
2.8999e+08 7.45058
2.8999e+08 7.45058
2.90001e+08 11213.1
2.90013e+08 11324.9
2.90013e+08 74.5058
3.06776e+08 1.67632e+07
3.06832e+08 55961.3
3.06865e+08 33535.1
3.06899e+08 33542.5
3.06932e+08 33550
3.06932e+08 7.45058
3.06932e+08 7.45058
3.06932e+08 7.45058
3.06932e+08 7.45058
3.06988e+08 55909.2
3.07033e+08 44718.4
3.07055e+08 22381.5
3.071e+08 44710.9
3.071e+08 1
3.07603e+08 503152
3.07615e+08 11198.2
3.07626e+08 11190.8
3.07648e+08 22366.6
3.07648e+08 29.8023
3.07715e+08 67137.2
3.07794e+08 78253.4
3.07794e+08 14.9012
3.07838e+08 44740.7
3.07838e+08 7.45058
3.07838e+08 7.45058
3.07861e+08 22463.5
3.07861e+08 7.45058
3.07861e+08 7.45058
3.07872e+08 11198.2
3.07917e+08 44837.6
3.07928e+08 11317.4
3.25318e+08 1.73895e+07
3.25385e+08 67181.9
3.25396e+08 11198.2
3.2543e+08 33550
3.25463e+08 33557.4
3.25474e+08 11190.8
3.25485e+08 11198.2
3.25486e+08 7.45058
3.25486e+08 7.45058
3.25597e+08 111856
3.25609e+08 11183.3
3.25609e+08 7.45058
3.25609e+08 7.45058
3.2562e+08 11190.8
3.2562e+08 1
3.26123e+08 503047
3.26134e+08 11190.8
3.26134e+08 7.45058
3.26156e+08 22366.6
3.2619e+08 33550
3.26257e+08 67129.7
3.26268e+08 11213.1
3.26302e+08 33564.9
3.26324e+08 22396.4
3.26324e+08 7.45058
3.26324e+08 7.45058
3.26403e+08 78387.6
3.26403e+08 7.45058
3.26403e+08 7.45058
3.26403e+08 7.45058
3.26414e+08 11287.6
3.26481e+08 67278.7
3.44564e+08 1.80828e+07
3.44631e+08 67181.9
3.44642e+08 11198.2
3.44654e+08 11190.8
3.44687e+08 33594.7
3.4471e+08 22359.2
3.44732e+08 22418.8
3.44765e+08 33557.4
3.44766e+08 7.45058
3.4481e+08 44710.9
3.4481e+08 7.45058
3.4481e+08 7.45058
3.4481e+08 7.45058
3.4481e+08 7.45058
3.44821e+08 11183.3
3.45257e+08 435941
3.45257e+08 1
3.45313e+08 55930.5
3.45336e+08 22359.2
3.45347e+08 11198.2
3.45347e+08 7.45058
3.45425e+08 78357.8
3.4547e+08 44748.2
3.45481e+08 11228
3.45548e+08 67174.4
3.45548e+08 7.45058
3.45548e+08 7.45058
3.45616e+08 67129.7
3.45616e+08 7.45058
3.45638e+08 22389
3.45638e+08 7.45058
3.45649e+08 11228
3.45683e+08 33691.5
3.64364e+08 1.86816e+07
3.64432e+08 67159.5
3.64432e+08 29.8023
3.64465e+08 33557.4
3.64488e+08 22403.9
3.64488e+08 22.3517
3.64488e+08 59.6046
3.64521e+08 33579.8
3.64521e+08 7.45058
3.64532e+08 11183.3
3.64555e+08 22359.2
3.64555e+08 7.45058
3.64555e+08 7.45058
3.64566e+08 11183.3
3.64566e+08 7.45058
3.64633e+08 67085
3.64656e+08 22433.7
3.64656e+08 1
3.64969e+08 312998
3.6498e+08 11190.8
3.6508e+08 100605
3.65103e+08 22381.5
3.65237e+08 134230
3.65259e+08 22374.1
3.65271e+08 11235.5
3.65315e+08 44763.1
3.65315e+08 22.3517
3.65327e+08 11190.8
3.65394e+08 67152.1
3.65394e+08 7.45058
3.65416e+08 22366.6
3.65416e+08 14.9012
3.6545e+08 33602.1
3.65461e+08 11228
3.84751e+08 1.92896e+07
3.84784e+08 33602.1
3.84806e+08 22366.6
3.84818e+08 11183.3
3.84885e+08 67107.4
3.84885e+08 14.9012
3.84896e+08 11228
3.84918e+08 22471
3.8493e+08 11183.3
3.8493e+08 22.3517
3.84941e+08 11198.2
3.84941e+08 7.45058
3.84941e+08 7.45058
3.84941e+08 7.45058
3.84952e+08 11190.8
3.84997e+08 44778
3.8503e+08 33564.9
3.8503e+08 7.45058
3.85343e+08 313006
3.85343e+08 1
3.85343e+08 6.45058
3.85355e+08 11190.8
3.85377e+08 22426.2
3.85489e+08 111818
3.85511e+08 22366.6
3.85634e+08 122987
3.85701e+08 67099.9
3.85713e+08 11220.6
3.85724e+08 11190.8
3.85746e+08 22374.1
3.85746e+08 7.45058
3.85769e+08 22366.6
3.85791e+08 22403.9
3.85825e+08 33617
3.85836e+08 11213.1
4.05813e+08 1.99772e+07
4.05835e+08 22448.6
4.05858e+08 22381.5
4.05858e+08 7.45058
4.0588e+08 22411.3
4.05925e+08 44755.6
4.05936e+08 11205.7
4.05992e+08 55916.6
4.05992e+08 7.45058
4.05992e+08 7.45058
4.06026e+08 33550
4.06026e+08 14.9012
4.06037e+08 11205.7
4.06048e+08 11220.6
4.06048e+08 7.45058
4.06093e+08 44755.6
4.0616e+08 67099.9
4.06205e+08 44748.2
4.06395e+08 190064
4.06395e+08 7.45058
4.06395e+08 1
4.06395e+08 6.45058
4.06395e+08 29.8023
4.06451e+08 55939
4.06495e+08 44733.3
4.06529e+08 33535.1
4.06551e+08 22389
4.06686e+08 134155
4.06697e+08 11198.2
4.06697e+08 7.45058
4.06708e+08 11183.3
4.06719e+08 11190.8
4.06741e+08 22366.6
4.06786e+08 44733.3
4.06853e+08 67181.9
4.06876e+08 22381.5
4.27301e+08 2.04249e+07
4.27345e+08 44845
4.27346e+08 14.9012
4.27346e+08 7.45058
4.27368e+08 22381.5
4.27379e+08 11183.3
4.2739e+08 11235.5
4.27402e+08 11198.2
4.27402e+08 7.45058
4.27402e+08 7.45058
4.27435e+08 33535.1
4.2748e+08 44733.3
4.2748e+08 7.45058
4.27491e+08 11183.3
4.27502e+08 11198.2
4.27502e+08 29.8023
4.27625e+08 123031
4.27648e+08 22374.1
4.27793e+08 145376
4.27793e+08 7.45058
4.27793e+08 7.45058
4.27882e+08 89436.8
4.27882e+08 1
4.27905e+08 22380.5
4.2795e+08 44733.3
4.2795e+08 7.45058
4.27961e+08 11183.3
4.27961e+08 29.8023
4.28039e+08 78290.7
4.2805e+08 11183.3
4.2805e+08 7.45058
4.2805e+08 14.9012
4.28061e+08 11183.3
4.28073e+08 11183.3
4.28073e+08 14.9012
4.28252e+08 178941
4.28285e+08 33557.4
4.49256e+08 2.09711e+07
4.49446e+08 190131
4.4948e+08 33535.1
4.49491e+08 11183.3
4.49525e+08 33550
4.49525e+08 7.45058
4.49558e+08 33631.9
4.49581e+08 22381.5
4.49581e+08 14.9012
4.49592e+08 11183.3
4.49592e+08 7.45058
4.49592e+08 22.3517
4.49592e+08 7.45058
4.49592e+08 29.8023
4.49592e+08 7.45058
4.49614e+08 22374.1
4.49693e+08 78275.8
4.49704e+08 11242.9
4.49816e+08 111848
4.49827e+08 11183.3
4.4986e+08 33535.1
4.49872e+08 11183.3
4.49872e+08 7.45058
4.49872e+08 1
4.49905e+08 33534.1
4.49928e+08 22374.1
4.49928e+08 7.45058
4.4995e+08 22366.6
4.4995e+08 14.9012
4.50039e+08 89436.8
4.50062e+08 22366.6
4.50073e+08 11183.3
4.50073e+08 22.3517
4.50084e+08 11183.3
4.50084e+08 7.45058
4.50151e+08 67077.6
4.50375e+08 223652
4.50386e+08 11183.3
4.72048e+08 2.16615e+07
4.72215e+08 167854
4.72215e+08 7.45058
4.72215e+08 7.45058
4.72215e+08 14.9012
4.7226e+08 44718.4
4.72484e+08 223681
4.72484e+08 14.9012
4.72484e+08 7.45058
4.72484e+08 7.45058
4.72495e+08 11205.7
4.7254e+08 44740.7
4.7254e+08 7.45058
4.72562e+08 22389
4.72573e+08 11198.2
4.72573e+08 7.45058
4.72585e+08 11198.2
4.72596e+08 11190.8
4.72629e+08 33579.8
4.72629e+08 7.45058
4.72629e+08 7.45058
4.72629e+08 7.45058
4.72629e+08 37.2529
4.72629e+08 14.9012
4.72629e+08 1
4.72663e+08 33549
4.72719e+08 55894.3
4.7273e+08 11183.3
4.7273e+08 7.45058
4.72752e+08 22359.2
4.72808e+08 55886.8
4.72808e+08 7.45058
4.7282e+08 11205.7
4.72831e+08 11183.3
4.72831e+08 7.45058
4.72842e+08 11198.2
4.7292e+08 78268.3
4.73032e+08 111848
4.73066e+08 33535.1
4.9533e+08 2.22649e+07
4.95543e+08 212580
4.95543e+08 7.45058
4.95543e+08 22.3517
4.95565e+08 22389
4.95565e+08 29.8023
4.957e+08 134230
4.957e+08 14.9012
4.957e+08 7.45058
4.957e+08 7.45058
4.95711e+08 11183.3
4.95711e+08 7.45058
4.95711e+08 14.9012
4.95744e+08 33542.5
4.95756e+08 11183.3
4.95756e+08 7.45058
4.95778e+08 22374.1
4.95789e+08 11190.8
4.95912e+08 123084
4.95946e+08 33542.5
4.95979e+08 33535.1
4.95979e+08 7.45058
4.96024e+08 44748.2
4.96047e+08 22359.2
4.96058e+08 11183.3
4.96069e+08 11205.7
4.96069e+08 1
4.96069e+08 6.45058
4.96069e+08 7.45058
4.96069e+08 7.45058
4.96069e+08 7.45058
4.96069e+08 7.45058
4.96069e+08 7.45058
4.9608e+08 11190.8
4.9608e+08 7.45058
4.9608e+08 7.45058
4.96158e+08 78290.7
4.96237e+08 78260.9
4.96304e+08 67099.9
4.96304e+08 7.45058
5.19139e+08 2.28355e+07
5.19363e+08 223823
5.19363e+08 7.45058
5.19397e+08 33617
5.1943e+08 33602.1
5.1943e+08 22.3517
5.1952e+08 89474
5.19565e+08 44718.4
5.19576e+08 11183.3
5.19587e+08 11190.8
5.19609e+08 22359.2
5.1962e+08 11190.8
5.19632e+08 11190.8
5.19632e+08 7.45058
5.19632e+08 7.45058
5.19632e+08 7.45058
5.19632e+08 7.45058
5.19632e+08 7.45058
5.19665e+08 33550
5.19676e+08 11198.2
5.19676e+08 7.45058
5.19699e+08 22359.2
5.19732e+08 33542.5
5.19744e+08 11190.8
5.19744e+08 22.3517
5.19766e+08 22448.6
5.19788e+08 22359.2
5.19788e+08 1
5.19788e+08 6.45058
5.19788e+08 7.45058
5.19788e+08 7.45058
5.19788e+08 7.45058
5.19788e+08 7.45058
5.19788e+08 7.45058
5.19856e+08 67107.4
5.19856e+08 7.45058
5.19856e+08 7.45058
5.1999e+08 134163
5.20102e+08 111856
5.20169e+08 67085
5.20169e+08 7.45058
5.43229e+08 2.306e+07
5.43743e+08 514440
5.43743e+08 7.45058
5.43788e+08 44778
5.43833e+08 44837.6
5.43833e+08 52.1541
5.43844e+08 11220.6
5.43855e+08 11183.3
5.43855e+08 7.45058
5.43889e+08 33542.5
5.439e+08 11205.7
5.43911e+08 11198.2
5.43934e+08 22381.5
5.43956e+08 22366.6
5.43956e+08 7.45058
5.43956e+08 7.45058
5.43967e+08 11190.8
5.43978e+08 11183.3
5.43989e+08 11183.3
5.44034e+08 44718.4
5.44034e+08 7.45058
5.44034e+08 7.45058
5.44034e+08 7.45058
5.44057e+08 22374.1
5.44124e+08 67077.6
5.44168e+08 44755.6
5.4418e+08 11198.2
5.44202e+08 22366.6
5.44202e+08 22.3517
5.44202e+08 1
5.44202e+08 6.45058
5.44202e+08 7.45058
5.44202e+08 7.45058
5.44213e+08 11190.8
5.44213e+08 7.45058
5.44213e+08 59.6046
5.44213e+08 7.45058
5.44213e+08 7.45058
5.44224e+08 11190.8
5.44247e+08 22463.5
5.44258e+08 11220.6
5.44258e+08 7.45058
5.68082e+08 2.38236e+07
5.68663e+08 581361
5.68674e+08 11183.3
5.6882e+08 145435
5.68887e+08 67189.3
5.68887e+08 81.9564
5.68898e+08 11183.3
5.68898e+08 7.45058
5.68898e+08 37.2529
5.68898e+08 14.9012
5.68898e+08 14.9012
5.68909e+08 11190.8
5.68921e+08 11183.3
5.68921e+08 7.45058
5.68921e+08 7.45058
5.68921e+08 7.45058
5.68932e+08 11183.3
5.68943e+08 11198.2
5.68943e+08 14.9012
5.68954e+08 11250.4
5.68954e+08 14.9012
5.68954e+08 7.45058
5.68954e+08 22.3517
5.68966e+08 11198.2
5.68977e+08 11198.2
5.68999e+08 22411.3
5.6901e+08 11198.2
5.69022e+08 11190.8
5.69044e+08 22366.6
5.69044e+08 7.45058
5.69044e+08 1
5.69044e+08 6.45058
5.69055e+08 11190.8
5.69055e+08 7.45058
5.69089e+08 33542.5
5.691e+08 11183.3
5.691e+08 7.45058
5.691e+08 7.45058
5.69145e+08 44710.9
5.69167e+08 22359.2
5.69234e+08 67137.2
5.69279e+08 44733.3
5.69279e+08 7.45058
5.93568e+08 2.4289e+07
5.94004e+08 436008
5.94015e+08 11183.3
5.94272e+08 257172
5.94351e+08 78357.8
5.94496e+08 145443
5.94496e+08 7.45058
5.94496e+08 7.45058
5.94507e+08 11235.5
5.94507e+08 14.9012
5.94507e+08 7.45058
5.94507e+08 7.45058
5.94507e+08 7.45058
5.94507e+08 7.45058
5.94507e+08 7.45058
5.94507e+08 7.45058
5.94507e+08 7.45058
5.94507e+08 14.9012
5.94507e+08 14.9012
5.9453e+08 22456
5.94541e+08 11190.8
5.94541e+08 7.45058
5.94541e+08 22.3517
5.94541e+08 14.9012
5.94552e+08 11190.8
5.94563e+08 11220.6
5.94564e+08 37.2529
5.94564e+08 14.9012
5.94564e+08 22.3517
5.94586e+08 22374.1
5.94586e+08 7.45058
5.94586e+08 7.45058
5.94586e+08 1
5.94586e+08 6.45058
5.94586e+08 7.45058
5.94586e+08 14.9012
5.94597e+08 11198.2
5.94597e+08 7.45058
5.94597e+08 14.9012
5.94597e+08 7.45058
5.94597e+08 7.45058
5.94642e+08 44815.2
5.94664e+08 22381.5
5.94664e+08 7.45058
6.17488e+08 2.28235e+07
6.17645e+08 156706
6.17667e+08 22357.2
