2316 2000
6316 4000
14316 8000
30316 16000
62316 32000
126316 64000
254316 128000
510316 256000
1.02232e+06 512000
2.04632e+06 1.024e+06
4.09432e+06 2.048e+06
4.79089e+06 696576
4.79089e+06 1
8.24947e+06 3.45858e+06
8.24948e+06 7.45058
9.86609e+06 1.61661e+06
9.86609e+06 1
9.8661e+06 6.45058
1.22107e+07 2.34459e+06
1.22107e+07 11
1.22107e+07 1
1.22107e+07 6.45058
1.49068e+07 2.69608e+06
1.49292e+07 22366.6
1.49404e+07 11190.8
1.49404e+07 7.45058
1.49404e+07 1
1.80575e+07 3.11717e+06
1.81246e+07 67079.5
1.8147e+07 22390.5
1.81694e+07 22366.2
1.81694e+07 8.45058
1.81694e+07 1
2.2314e+07 4.14459e+06
2.2314e+07 44.7035
2.2314e+07 22.3517
2.2314e+07 7.45058
2.2314e+07 7.45058
2.23252e+07 11183.3
2.23252e+07 1
2.67363e+07 4.4111e+06
2.67364e+07 22.3517
2.67587e+07 22359.2
2.67587e+07 14.9012
2.67587e+07 7.45058
2.67587e+07 7.45058
2.67587e+07 7.45058
3.12498e+07 4.49104e+06
3.12498e+07 1
3.12498e+07 51.1541
3.12498e+07 7.45058
3.12499e+07 14.9012
3.12499e+07 7.45058
3.12499e+07 14.9012
3.12499e+07 7.45058
3.65642e+07 5.31433e+06
3.65642e+07 7.45058
3.65642e+07 1
3.65642e+07 13.9012
3.65642e+07 7.45058
3.65866e+07 22359.2
3.65866e+07 7.45058
3.6609e+07 22359.2
3.6643e+07 34019.5
4.26591e+07 6.01611e+06
4.26591e+07 16.4506
4.27038e+07 44699.9
4.27597e+07 55889.8
4.27597e+07 1
4.27827e+07 22945.7
4.27938e+07 11183.3
4.28044e+07 10590.8
4.2838e+07 33538.1
4.28721e+07 34093.8
4.95363e+07 6.66423e+06
4.95363e+07 29.9012
4.95363e+07 29.8023
4.95587e+07 22387.4
4.95923e+07 33538.1
4.95923e+07 1
4.96258e+07 33554.4
4.96594e+07 33561.9
4.9707e+07 47646.2
4.98171e+07 110057
4.98283e+07 11223.6
5.7006e+07 7.17771e+06
5.7006e+07 7.45058
5.70909e+07 84891.7
5.70909e+07 7.45058
5.70909e+07 7.45058
5.71245e+07 33557.4
5.71357e+07 11190.8
5.71357e+07 1
5.71357e+07 6.45058
5.71357e+07 7.45058
5.71469e+07 11198.2
5.71581e+07 11198.2
6.46354e+07 7.47732e+06
6.46841e+07 48633.5
6.47176e+07 33557.4
6.47288e+07 11183.3
6.47288e+07 7.45058
6.47288e+07 7.45058
6.47288e+07 7.45058
6.47288e+07 7.45058
6.47288e+07 1
6.47288e+07 6.45058
6.47288e+07 7.45058
6.47288e+07 7.45058
6.47363e+07 7436.58
7.28865e+07 8.15017e+06
7.292e+07 33535.1
7.292e+07 7.45058
7.292e+07 7.45058
7.292e+07 7.45058
7.29312e+07 11183.3
7.29312e+07 7.45058
7.29536e+07 22366.6
7.29536e+07 7.45058
7.29536e+07 1
7.29536e+07 6.45058
7.29648e+07 11183.3
7.29648e+07 7.45058
7.2976e+07 11190.8
8.15067e+07 8.53076e+06
8.15291e+07 22359.2
8.15291e+07 7.45058
8.15291e+07 7.45058
8.15515e+07 22359.2
8.15515e+07 7.45058
8.15515e+07 7.45058
8.15962e+07 44725.8
8.15962e+07 7.45058
8.16074e+07 11183.3
8.16074e+07 7.45058
8.16074e+07 1
8.16074e+07 6.45058
8.16186e+07 11183.3
8.16186e+07 22.3517
9.0805e+07 9.18638e+06
9.08274e+07 22366.6
9.08274e+07 7.45058
9.08274e+07 7.45058
9.08386e+07 11183.3
9.08386e+07 7.45058
9.08386e+07 14.9012
9.08386e+07 7.45058
9.08498e+07 11198.2
9.08498e+07 37.2529
9.08498e+07 14.9012
9.08498e+07 7.45058
9.08498e+07 1
9.08498e+07 6.45058
9.08499e+07 7.45058
9.08499e+07 14.9012
1.00693e+08 9.84348e+06
1.00716e+08 22366.6
1.00749e+08 33550
1.00783e+08 33572.3
1.00783e+08 7.45058
1.00783e+08 7.45058
1.00783e+08 7.45058
1.00794e+08 11183.3
1.00794e+08 7.45058
1.00805e+08 11183.3
1.00805e+08 22.3517
1.00805e+08 7.45058
1.00805e+08 7.45058
1.00805e+08 7.45058
1.00805e+08 1
1.00805e+08 6.45058
1.00805e+08 7.45058
1.11051e+08 1.02457e+07
1.11096e+08 44718.4
1.11129e+08 33542.5
1.11129e+08 22.3517
1.11129e+08 7.45058
1.11129e+08 7.45058
1.11129e+08 7.45058
1.11129e+08 7.45058
1.11129e+08 7.45058
1.11129e+08 7.45058
1.11129e+08 7.45058
1.11129e+08 7.45058
1.11129e+08 7.45058
1.11129e+08 7.45058
1.11163e+08 33572.3
1.11163e+08 1
1.11174e+08 11204.7
1.11174e+08 7.45058
1.22139e+08 1.09647e+07
1.22139e+08 7.45058
1.22172e+08 33550
1.22206e+08 33542.5
1.22206e+08 7.45058
1.22206e+08 22.3517
1.22228e+08 22359.2
1.22251e+08 22374.1
1.22251e+08 7.45058
1.22251e+08 7.45058
1.22251e+08 14.9012
1.22262e+08 11220.6
1.22262e+08 7.45058
1.22262e+08 14.9012
1.22262e+08 37.2529
1.22262e+08 7.45058
1.22262e+08 7.45058
1.22262e+08 1
1.22262e+08 6.45058
1.33635e+08 1.13726e+07
1.33713e+08 78305.6
1.33713e+08 59.6046
1.33713e+08 7.45058
1.33713e+08 7.45058
1.33713e+08 29.8023
1.33713e+08 7.45058
1.33713e+08 7.45058
1.33713e+08 22.3517
1.33713e+08 7.45058
1.33713e+08 7.45058
1.33724e+08 11205.7
1.33724e+08 7.45058
1.33747e+08 22418.8
1.33747e+08 14.9012
1.33747e+08 7.45058
1.33747e+08 22.3517
1.33747e+08 7.45058
1.33747e+08 1
1.33747e+08 6.45058
1.45926e+08 1.21796e+07
1.45926e+08 37.2529
1.45926e+08 7.45058
1.45926e+08 7.45058
1.45926e+08 7.45058
1.45926e+08 7.45058
1.45926e+08 7.45058
1.45926e+08 7.45058
1.45926e+08 7.45058
1.45926e+08 44.7035
1.45938e+08 11213.1
1.45949e+08 11183.3
1.45949e+08 7.45058
1.45949e+08 22.3517
1.45949e+08 7.45058
1.45949e+08 7.45058
1.45994e+08 44837.6
1.45994e+08 7.45058
1.46005e+08 11235.5
1.46027e+08 22366.6
1.46027e+08 1
1.5863e+08 1.26031e+07
1.58697e+08 67062.7
1.58697e+08 7.45058
1.58697e+08 7.45058
1.58698e+08 14.9012
1.58698e+08 7.45058
1.58698e+08 7.45058
1.58698e+08 7.45058
1.58698e+08 7.45058
1.58698e+08 22.3517
1.58709e+08 11205.7
1.58709e+08 7.45058
1.58709e+08 7.45058
1.58742e+08 33646.8
1.58742e+08 7.45058
1.58742e+08 7.45058
1.58765e+08 22433.7
1.58765e+08 7.45058
1.58765e+08 7.45058
1.58765e+08 7.45058
1.58765e+08 7.45058
1.58765e+08 1
1.71951e+08 1.31865e+07
1.71974e+08 22366.6
1.71996e+08 22359.2
1.71996e+08 7.45058
1.7203e+08 33564.9
1.72097e+08 67099.9
1.72097e+08 7.45058
1.72097e+08 7.45058
1.72097e+08 7.45058
1.72097e+08 14.9012
1.72119e+08 22359.2
1.7213e+08 11183.3
1.7213e+08 7.45058
1.72131e+08 134.11
1.72131e+08 7.45058
1.72131e+08 7.45058
1.72153e+08 22418.8
1.72153e+08 7.45058
1.72153e+08 7.45058
1.72153e+08 7.45058
1.72153e+08 7.45058
1.72164e+08 11250.4
1.85137e+08 1.29722e+07
1.85137e+08 1
1.85148e+08 11182.3
1.8517e+08 22374.1
1.85181e+08 11198.2
1.85204e+08 22366.6
1.8526e+08 55886.8
1.8526e+08 81.9564
1.8526e+08 7.45058
1.8526e+08 14.9012
1.8526e+08 7.45058
1.8526e+08 7.45058
1.8526e+08 14.9012
1.8526e+08 7.45058
1.8526e+08 67.0552
1.8526e+08 7.45058
1.8526e+08 7.45058
1.85271e+08 11280.2
1.85271e+08 7.45058
1.85271e+08 7.45058
1.85271e+08 7.45058
1.85271e+08 7.45058
1.85271e+08 29.8023
1.98946e+08 1.36746e+07
1.98946e+08 7.45058
1.98946e+08 1
1.98946e+08 6.45058
1.98968e+08 22389
1.98979e+08 11183.3
1.98979e+08 7.45058
1.98979e+08 7.45058
1.99013e+08 33617
1.99013e+08 7.45058
1.99013e+08 7.45058
1.99013e+08 7.45058
1.99013e+08 7.45058
1.99013e+08 7.45058
1.99013e+08 14.9012
1.99013e+08 81.9564
1.99013e+08 59.6046
1.99013e+08 7.45058
1.99024e+08 11265.3
1.99024e+08 7.45058
1.99024e+08 37.2529
1.99024e+08 22.3517
1.99024e+08 7.45058
1.99024e+08 44.7035
2.1354e+08 1.45157e+07
2.13551e+08 11205.7
2.13563e+08 11183.3
2.13574e+08 11183.3
2.13574e+08 1
2.13574e+08 6.45058
2.13574e+08 7.45058
2.13574e+08 22.3517
2.13574e+08 7.45058
2.13607e+08 33654.3
2.13607e+08 7.45058
2.13607e+08 7.45058
2.13607e+08 7.45058
2.13608e+08 7.45058
2.13608e+08 7.45058
2.13608e+08 7.45058
2.13608e+08 96.8575
2.1363e+08 22403.9
2.1363e+08 22.3517
2.13641e+08 11280.2
2.13641e+08 22.3517
2.13675e+08 33631.9
2.13675e+08 7.45058
2.13675e+08 22.3517
2.13675e+08 29.8023
2.28623e+08 1.49481e+07
2.28634e+08 11190.8
2.28634e+08 22.3517
2.28634e+08 7.45058
2.28634e+08 7.45058
2.28634e+08 1
2.28634e+08 6.45058
2.28634e+08 7.45058
2.28634e+08 14.9012
2.28646e+08 11198.2
2.28668e+08 22508.2
2.28668e+08 7.45058
2.28668e+08 7.45058
2.28668e+08 7.45058
2.28668e+08 7.45058
2.28668e+08 7.45058
2.28668e+08 7.45058
2.28713e+08 44815.2
2.28713e+08 67.0552
2.28713e+08 67.0552
2.28724e+08 11198.2
2.28735e+08 11205.7
2.28803e+08 67301.1
2.28823e+08 20428
2.28851e+08 27318.4
2.28851e+08 7.45058
2.44391e+08 1.55401e+07
2.44391e+08 29.8023
2.44391e+08 37.2529
2.44391e+08 22.3517
2.44391e+08 7.45058
2.44391e+08 7.45058
2.44391e+08 29.8023
2.44391e+08 1
2.44402e+08 11182.3
2.44413e+08 11198.2
2.44424e+08 11183.3
2.44436e+08 11302.5
2.44436e+08 7.45058
2.44436e+08 22.3517
2.44436e+08 7.45058
2.44436e+08 7.45058
2.44436e+08 7.45058
2.44436e+08 7.45058
2.44469e+08 33639.4
2.44514e+08 44830.1
2.44559e+08 44778
2.44559e+08 22.3517
2.44593e+08 33572.3
2.44681e+08 88007.9
2.44708e+08 26940.2
2.44719e+08 11183.9
2.44719e+08 7.45058
2.60702e+08 1.59835e+07
2.60702e+08 22.3517
2.60702e+08 44.7035
2.60714e+08 11198.2
2.60714e+08 7.45058
2.60714e+08 7.45058
2.60747e+08 33535.1
2.60747e+08 7.45058
2.60747e+08 1
2.60747e+08 21.3517
2.60747e+08 22.3517
2.60747e+08 7.45058
2.60747e+08 119.209
2.60747e+08 22.3517
2.60747e+08 52.1541
2.60747e+08 7.45058
2.60747e+08 7.45058
2.60747e+08 7.45058
2.60747e+08 7.45058
2.60815e+08 67181.9
2.60882e+08 67241.5
2.60915e+08 33617
2.60915e+08 14.9012
2.60931e+08 15225
2.61143e+08 212499
2.61164e+08 21245
2.61177e+08 12311.1
2.61177e+08 9
2.77707e+08 1.65304e+07
2.77707e+08 14.9012
2.77707e+08 59.6046
2.77707e+08 7.45058
2.77707e+08 7.45058
2.77707e+08 14.9012
2.77707e+08 7.45058
2.77718e+08 11183.3
2.77718e+08 7.45058
2.77741e+08 22381.5
2.77741e+08 1
2.77741e+08 36.2529
2.77741e+08 7.45058
2.77774e+08 33639.4
2.77774e+08 7.45058
2.7783e+08 55909.2
2.7783e+08 7.45058
2.7783e+08 22.3517
2.7783e+08 7.45058
2.7783e+08 22.3517
2.77853e+08 22530.6
2.7792e+08 67293.6
2.77985e+08 64611.1
2.77998e+08 13593.7
2.7804e+08 41087.9
2.78287e+08 247255
2.78298e+08 11364.5
2.78298e+08 14
2.78298e+08 7.45058
2.95228e+08 1.69302e+07
2.95228e+08 14.9012
2.95228e+08 59.6046
2.95228e+08 7.45058
2.95228e+08 7.45058
2.95228e+08 14.9012
2.95228e+08 7.45058
2.95228e+08 7.45058
2.9524e+08 11183.3
2.95251e+08 11183.3
2.95251e+08 7.45058
2.95251e+08 1
2.95329e+08 78341.9
2.95329e+08 7.45058
2.95352e+08 22448.6
2.95352e+08 7.45058
2.95363e+08 11198.2
2.95374e+08 11198.2
2.95374e+08 7.45058
2.95374e+08 7.45058
2.95374e+08 29.8023
2.95397e+08 22545.5
2.95496e+08 99828.2
2.95619e+08 122945
2.95692e+08 72196.6
2.95703e+08 11183.3
2.95949e+08 245933
2.95949e+08 29.8023
2.95949e+08 7.45058
2.95949e+08 7.45058
3.13349e+08 1.74002e+07
3.13349e+08 7.45058
3.13349e+08 59.6046
3.13349e+08 7.45058
3.13349e+08 7.45058
3.1336e+08 11183.3
3.1336e+08 7.45058
3.13371e+08 11198.2
3.13383e+08 11183.3
3.13383e+08 7.45058
3.13394e+08 11183.3
3.13394e+08 14.9012
3.13461e+08 67167
3.13461e+08 1
3.13461e+08 6.45058
3.13472e+08 11272.7
3.13472e+08 7.45058
3.13483e+08 11198.2
3.13495e+08 11190.8
3.13506e+08 11228
3.13506e+08 7.45058
3.13506e+08 29.8023
3.13529e+08 22605.1
3.13691e+08 162874
3.13831e+08 139201
3.13887e+08 55916.6
3.13887e+08 7.45058
3.14099e+08 212434
3.14188e+08 89444.8
3.14188e+08 7.45058
3.14188e+08 7.45058
3.32047e+08 1.78588e+07
3.32058e+08 11190.8
3.32103e+08 44755.6
3.32114e+08 11190.8
3.32114e+08 7.45058
3.32114e+08 7.45058
3.32114e+08 7.45058
3.32114e+08 29.8023
3.32114e+08 7.45058
3.32114e+08 7.45058
3.32114e+08 22.3517
3.32114e+08 14.9012
3.32148e+08 33602.1
3.32148e+08 7.45058
3.32148e+08 1
3.32148e+08 6.45058
3.32159e+08 11220.6
3.32159e+08 7.45058
3.32159e+08 37.2529
3.32159e+08 7.45058
3.32171e+08 11198.2
3.32193e+08 22374.1
3.32204e+08 11250.4
3.32249e+08 44659.9
3.32391e+08 141954
3.32611e+08 220182
3.32633e+08 22411.3
3.32633e+08 7.45058
3.32807e+08 173950
3.32841e+08 33557.4
3.32841e+08 7.45058
3.32841e+08 7.45058
3.51371e+08 1.85298e+07
3.51371e+08 7.45058
3.51371e+08 52.1541
3.51371e+08 7.45058
3.51371e+08 7.45058
3.51371e+08 22.3517
3.51371e+08 14.9012
3.51382e+08 11250.4
3.51393e+08 11183.3
3.51393e+08 7.45058
3.51404e+08 11205.7
3.51404e+08 22.3517
3.51404e+08 7.45058
3.51404e+08 7.45058
3.51404e+08 7.45058
3.51404e+08 7.45058
3.51404e+08 1
3.51416e+08 11219.6
3.51416e+08 7.45058
3.51416e+08 14.9012
3.51416e+08 7.45058
3.51427e+08 11190.8
3.51449e+08 22366.6
3.51449e+08 67.0552
3.51692e+08 242286
3.51785e+08 93372.7
3.51982e+08 197247
3.52042e+08 59877.4
3.52042e+08 7.45058
3.522e+08 157898
3.52267e+08 67092.5
3.52278e+08 11190.8
3.52278e+08 7.45058
3.71334e+08 1.90554e+07
3.71334e+08 7.45058
3.71334e+08 37.2529
3.71334e+08 7.45058
3.71334e+08 7.45058
3.71334e+08 14.9012
3.71345e+08 11183.3
3.7139e+08 44792.9
3.7139e+08 7.45058
3.7139e+08 7.45058
3.71401e+08 11205.7
3.71401e+08 14.9012
3.71401e+08 7.45058
3.71401e+08 7.45058
3.71423e+08 22374.1
3.71423e+08 7.45058
3.71423e+08 14.9012
3.71423e+08 1
3.71424e+08 28.8023
3.71424e+08 7.45058
3.71424e+08 7.45058
3.71424e+08 7.45058
3.71424e+08 14.9012
3.71424e+08 29.8023
3.71424e+08 74.5058
3.71577e+08 152938
3.71609e+08 32310
3.71815e+08 206394
3.71882e+08 67099.9
3.71927e+08 44748.2
3.72094e+08 166418
3.72161e+08 67077.6
3.72161e+08 7.45058
3.72161e+08 7.45058
3.91809e+08 1.96481e+07
3.91809e+08 7.45058
3.9182e+08 11228
3.9182e+08 7.45058
3.9182e+08 7.45058
3.9182e+08 29.8023
3.9182e+08 7.45058
3.91854e+08 33594.7
3.91854e+08 7.45058
3.91854e+08 7.45058
3.91865e+08 11183.3
3.91876e+08 11198.2
3.91876e+08 7.45058
3.91876e+08 7.45058
3.91876e+08 22.3517
3.91876e+08 14.9012
3.91876e+08 37.2529
3.91876e+08 7.45058
3.91876e+08 37.2529
3.91876e+08 1
3.91876e+08 6.45058
3.91876e+08 7.45058
3.91876e+08 7.45058
3.91876e+08 14.9012
3.91876e+08 29.8023
3.91932e+08 56013.5
3.92209e+08 276276
3.92209e+08 15
3.92275e+08 66761.9
3.92392e+08 117026
3.92463e+08 71121.4
3.92642e+08 178710
3.92687e+08 44740.7
3.92698e+08 11183.3
3.92732e+08 33535.1
4.12961e+08 2.02297e+07
4.12961e+08 14.9012
4.12961e+08 37.2529
4.12961e+08 7.45058
4.12961e+08 7.45058
4.12973e+08 11183.3
4.12973e+08 7.45058
4.12995e+08 22441.1
4.12995e+08 7.45058
4.12995e+08 7.45058
4.12995e+08 7.45058
4.13006e+08 11205.7
4.13006e+08 22.3517
4.13006e+08 14.9012
4.13006e+08 29.8023
4.13006e+08 7.45058
4.13006e+08 7.45058
4.13006e+08 14.9012
4.13006e+08 22.3517
4.13006e+08 7.45058
4.13006e+08 1
4.13006e+08 6.45058
4.13006e+08 7.45058
4.13006e+08 7.45058
4.13006e+08 7.45058
4.13029e+08 22411.3
4.13107e+08 78432.3
4.13344e+08 237189
4.13344e+08 21.4506
4.13411e+08 67067.6
4.1349e+08 78258.9
4.13532e+08 42749.1
4.13678e+08 145376
4.13678e+08 7.45058
4.13678e+08 7.45058
4.137e+08 22366.6
4.34556e+08 2.08559e+07
4.34556e+08 22.3517
4.34556e+08 22.3517
4.34556e+08 7.45058
4.34556e+08 7.45058
4.34556e+08 22.3517
4.34556e+08 14.9012
4.34568e+08 11280.2
4.34579e+08 11183.3
4.34579e+08 7.45058
4.34579e+08 7.45058
4.3459e+08 11190.8
4.3459e+08 14.9012
4.3459e+08 7.45058
4.3459e+08 22.3517
4.3459e+08 7.45058
4.3459e+08 7.45058
4.34601e+08 11213.1
4.34601e+08 37.2529
4.34601e+08 7.45058
4.34601e+08 7.45058
4.34612e+08 11190.8
4.34612e+08 1
4.34612e+08 13.9012
4.34612e+08 7.45058
4.34612e+08 7.45058
4.34624e+08 11213.1
4.34691e+08 67263.8
4.35161e+08 469762
4.35163e+08 2030.43
4.35163e+08 36.8023
4.35436e+08 273128
4.35481e+08 44725.8
4.35559e+08 78253.4
4.35559e+08 7.45058
4.35559e+08 7.45058
4.35559e+08 7.45058
4.56795e+08 2.12361e+07
4.56795e+08 74.5058
4.56795e+08 37.2529
4.56795e+08 7.45058
4.56795e+08 14.9012
4.56795e+08 14.9012
4.56795e+08 7.45058
4.56806e+08 11317.4
4.56818e+08 11198.2
4.56818e+08 7.45058
4.56818e+08 7.45058
4.56829e+08 11190.8
4.5684e+08 11213.1
4.5684e+08 7.45058
4.5684e+08 7.45058
4.5684e+08 7.45058
4.5684e+08 7.45058
4.5684e+08 22.3517
4.56851e+08 11198.2
4.56863e+08 11183.3
4.56863e+08 7.45058
4.56863e+08 7.45058
4.56863e+08 7.45058
4.56863e+08 1
4.56863e+08 21.3517
4.56863e+08 7.45058
4.56863e+08 7.45058
4.56874e+08 11213.1
4.56952e+08 78409.9
4.57456e+08 503865
4.57534e+08 78328
4.57534e+08 7.45058
4.57803e+08 268325
4.57836e+08 33542.5
4.57937e+08 100628
4.57959e+08 22403.9
4.57959e+08 7.45058
4.57959e+08 7.45058
4.79654e+08 2.16947e+07
4.79654e+08 81.9564
4.79654e+08 14.9012
4.79654e+08 7.45058
4.79654e+08 7.45058
4.79654e+08 22.3517
4.79654e+08 7.45058
4.79666e+08 11354.7
4.79666e+08 7.45058
4.79666e+08 14.9012
4.79677e+08 11198.2
4.79677e+08 7.45058
4.79688e+08 11198.2
4.79688e+08 7.45058
4.79688e+08 7.45058
4.79699e+08 11198.2
4.79699e+08 14.9012
4.79699e+08 7.45058
4.79699e+08 44.7035
4.79699e+08 7.45058
4.79699e+08 7.45058
4.79699e+08 7.45058
4.79699e+08 7.45058
4.79699e+08 7.45058
4.79699e+08 1
4.7971e+08 11182.3
4.7971e+08 7.45058
4.79722e+08 11183.3
4.79722e+08 22.3517
4.79789e+08 67234
4.80426e+08 637452
4.80471e+08 44755.6
4.80471e+08 7.45058
4.80672e+08 201248
4.80706e+08 33587.2
4.80784e+08 78283.3
4.80918e+08 134178
4.80918e+08 7.45058
4.80941e+08 22366.6
5.03128e+08 2.21868e+07
5.03128e+08 59.6046
5.03128e+08 29.8023
5.03128e+08 22.3517
5.03128e+08 7.45058
5.03128e+08 37.2529
5.03128e+08 7.45058
5.03128e+08 178.814
5.03128e+08 22.3517
5.03139e+08 11190.8
5.03139e+08 7.45058
5.03139e+08 7.45058
5.03173e+08 33550
5.03173e+08 7.45058
5.03173e+08 7.45058
5.03173e+08 22.3517
5.03173e+08 14.9012
5.03173e+08 7.45058
5.03173e+08 7.45058
5.03173e+08 7.45058
5.03173e+08 7.45058
5.03173e+08 7.45058
5.03173e+08 14.9012
5.03173e+08 7.45058
5.03173e+08 7.45058
5.03173e+08 7.45058
5.03173e+08 1
5.03173e+08 6.45058
5.03173e+08 7.45058
5.03206e+08 33550
5.03262e+08 56058.2
5.03833e+08 570256
5.039e+08 67085
5.03967e+08 67204.2
5.04135e+08 167727
5.04302e+08 167698
5.04314e+08 11205.7
5.04425e+08 111818
5.04425e+08 7.45058
5.04448e+08 22374.1
5.27194e+08 2.2746e+07
5.27205e+08 11250.4
5.27205e+08 52.1541
5.27205e+08 22.3517
5.27205e+08 14.9012
5.27205e+08 7.45058
5.27205e+08 7.45058
5.27205e+08 171.363
5.27205e+08 7.45058
5.27205e+08 14.9012
5.27205e+08 7.45058
5.27205e+08 7.45058
5.27205e+08 14.9012
5.27217e+08 11183.3
5.27217e+08 22.3517
5.27239e+08 22389
5.27239e+08 22.3517
5.27239e+08 14.9012
5.27239e+08 7.45058
5.27239e+08 7.45058
5.27239e+08 7.45058
5.27239e+08 7.45058
5.2725e+08 11190.8
5.2725e+08 7.45058
5.2725e+08 7.45058
5.2725e+08 7.45058
5.2725e+08 7.45058
5.2725e+08 1
5.2725e+08 6.45058
5.2725e+08 7.45058
5.2725e+08 22.3517
5.2734e+08 89600.7
5.27887e+08 547268
5.27887e+08 22.3517
5.28055e+08 168284
5.28234e+08 178911
5.28447e+08 212424
5.28447e+08 7.45058
5.28503e+08 55946.4
5.28503e+08 7.45058
5.28514e+08 11205.7
5.51841e+08 2.33274e+07
5.51842e+08 141.561
5.51842e+08 37.2529
5.51842e+08 7.45058
5.51842e+08 7.45058
5.51842e+08 7.45058
5.51842e+08 7.45058
5.51842e+08 126.66
5.51842e+08 7.45058
5.51842e+08 29.8023
5.51842e+08 22.3517
5.51842e+08 7.45058
5.51842e+08 29.8023
5.51853e+08 11198.2
5.51853e+08 7.45058
5.51864e+08 11183.3
5.51875e+08 11190.8
5.51875e+08 7.45058
5.51887e+08 11198.2
5.51887e+08 14.9012
5.51887e+08 7.45058
5.51887e+08 7.45058
5.51887e+08 7.45058
5.51887e+08 14.9012
5.51887e+08 7.45058
5.51887e+08 7.45058
5.51887e+08 7.45058
5.51887e+08 7.45058
5.51887e+08 7.45058
5.51887e+08 1
5.51887e+08 13.9012
5.51887e+08 7.45058
5.52142e+08 254914
5.52597e+08 455518
5.52658e+08 61189.9
5.5277e+08 111863
5.52916e+08 145495
5.53162e+08 246018
5.53162e+08 7.45058
5.53184e+08 22374.1
5.53184e+08 7.45058
5.53229e+08 44725.8
5.77115e+08 2.38866e+07
5.77116e+08 96.8575
5.77116e+08 22.3517
5.77116e+08 7.45058
5.77116e+08 7.45058
5.77116e+08 7.45058
5.77116e+08 7.45058
5.77116e+08 111.759
5.77116e+08 7.45058
5.77116e+08 37.2529
5.77116e+08 14.9012
5.77116e+08 7.45058
5.77116e+08 37.2529
5.77116e+08 29.8023
5.77116e+08 7.45058
5.77127e+08 11183.3
5.77127e+08 7.45058
5.77127e+08 7.45058
5.77138e+08 11205.7
5.77138e+08 7.45058
5.77149e+08 11213.1
5.77149e+08 14.9012
5.77161e+08 11183.3
5.77161e+08 7.45058
5.77161e+08 7.45058
5.77161e+08 14.9012
5.77161e+08 7.45058
5.77161e+08 7.45058
5.77161e+08 7.45058
5.77161e+08 7.45058
5.77161e+08 1
5.77161e+08 13.9012
5.77161e+08 7.45058
5.77311e+08 149975
5.77832e+08 521036
5.77843e+08 11198.2
5.77956e+08 113091
5.78111e+08 155350
5.78346e+08 234820
5.78346e+08 7.45058
5.78402e+08 55909.2
5.78402e+08 7.45058
5.78402e+08 7.45058
6.02893e+08 2.44905e+07
6.02893e+08 89.407
6.02893e+08 29.8023
6.02893e+08 29.8023
6.02893e+08 14.9012
6.02893e+08 29.8023
6.02893e+08 29.8023
6.02893e+08 74.5058
6.02893e+08 14.9012
6.02893e+08 7.45058
6.02893e+08 37.2529
6.02893e+08 7.45058
6.02893e+08 37.2529
6.02915e+08 22366.6
6.02915e+08 7.45058
6.02927e+08 11183.3
6.02927e+08 7.45058
6.02927e+08 7.45058
6.02927e+08 7.45058
6.02927e+08 7.45058
6.02938e+08 11220.6
6.02938e+08 7.45058
6.02938e+08 7.45058
6.02938e+08 7.45058
6.02938e+08 7.45058
6.02938e+08 14.9012
6.02938e+08 7.45058
6.02938e+08 7.45058
6.02938e+08 14.9012
6.02938e+08 7.45058
6.02938e+08 7.45058
6.02949e+08 11190.8
6.02949e+08 1
6.02949e+08 6.45058
6.03247e+08 298112
6.03759e+08 511331
6.0377e+08 11213.1
6.03866e+08 96515.1
6.04027e+08 160614
6.04206e+08 178874
6.04251e+08 44718.4
6.04295e+08 44763.1
6.04295e+08 7.45058
6.04307e+08 11190.8
6.25407e+08 2.1101e+07
6.25419e+08 11205.7
6.25441e+08 22403.9
