2392 2000
6392 4000
14392 8000
30392 16000
62392 32000
126392 64000
254392 128000
510392 256000
1.02239e+06 512000
2.04639e+06 1.024e+06
4.09439e+06 2.048e+06
4.44655e+06 352156
4.44655e+06 1
8.35063e+06 3.90408e+06
8.35064e+06 14.9012
9.69265e+06 1.34201e+06
9.69265e+06 1
9.71501e+06 22353.7
1.21058e+07 2.39081e+06
1.21058e+07 7.45058
1.21058e+07 1
1.21058e+07 6.45058
1.52143e+07 3.10846e+06
1.52702e+07 55901.7
1.52926e+07 22374.1
1.52926e+07 7.45058
1.52926e+07 1
1.85017e+07 3.20914e+06
1.85017e+07 7.45058
1.85017e+07 7.45058
1.85017e+07 7.45058
1.85017e+07 7.45058
1.85017e+07 1
2.21697e+07 3.66797e+06
2.22033e+07 33572.3
2.22145e+07 11220.6
2.22481e+07 33550
2.23151e+07 67070.1
2.23822e+07 67070.1
2.23822e+07 1
2.65981e+07 4.2159e+06
2.66205e+07 22418.8
2.66653e+07 44755.6
2.66653e+07 7.45058
2.66653e+07 7.45058
2.66653e+07 7.45058
2.66653e+07 7.45058
3.10489e+07 4.38359e+06
3.10489e+07 1
3.11496e+07 100694
3.11832e+07 33550
3.11832e+07 7.45058
3.11832e+07 7.45058
3.12055e+07 22359.2
3.12391e+07 33535.1
3.6137e+07 4.89799e+06
3.61594e+07 22374.1
3.61594e+07 1
3.64724e+07 313013
3.64724e+07 7.45058
3.64725e+07 7.45058
3.65395e+07 67070.1
3.66178e+07 78260.9
3.66961e+07 78268.3
4.21198e+07 5.42373e+06
4.21198e+07 7.45058
4.21198e+07 7.45058
4.24105e+07 290670
4.24105e+07 1
4.24105e+07 6.45058
4.24328e+07 22374.1
4.26006e+07 167742
4.26341e+07 33557.4
4.26901e+07 55939
4.87847e+07 6.09457e+06
4.87847e+07 7.45058
4.87847e+07 7.45058
4.87847e+07 59.6046
4.88071e+07 22359.2
4.88071e+07 1
4.88071e+07 6.45058
4.88295e+07 22366.6
4.90643e+07 234820
4.91649e+07 100635
4.93103e+07 145331
5.5651e+07 6.34076e+06
5.56734e+07 22359.2
5.57181e+07 44740.7
5.58188e+07 100657
5.58411e+07 22359.2
5.58412e+07 22.3517
5.5897e+07 55886.8
5.5897e+07 1
5.59641e+07 67069.1
5.61542e+07 190072
5.61989e+07 44755.6
5.6266e+07 67077.6
6.32777e+07 7.01172e+06
6.32777e+07 7.45058
6.33225e+07 44763.1
6.3479e+07 156507
6.34902e+07 11198.2
6.35573e+07 67062.7
6.35573e+07 7.45058
6.35573e+07 7.45058
6.35573e+07 1
6.35573e+07 6.45058
6.36132e+07 55901.7
6.36579e+07 44725.8
6.37027e+07 44740.7
7.12847e+07 7.58205e+06
7.13406e+07 55924.1
7.13854e+07 44733.3
7.14189e+07 33564.9
7.15196e+07 100642
7.15531e+07 33550
7.15531e+07 7.45058
7.15979e+07 44710.9
7.16202e+07 22359.2
7.16202e+07 1
7.16314e+07 11182.3
7.16314e+07 7.45058
7.16426e+07 11183.3
7.17208e+07 78238.5
7.99515e+07 8.23065e+06
8.00185e+07 67070.1
8.00521e+07 33550
8.00745e+07 22366.6
8.01639e+07 89481.5
8.02423e+07 78305.6
8.02423e+07 7.45058
8.02646e+07 22366.6
8.02646e+07 7.45058
8.02646e+07 7.45058
8.02646e+07 7.45058
8.02646e+07 1
8.02647e+07 6.45058
8.0287e+07 22366.6
8.03094e+07 22366.6
8.91662e+07 8.85684e+06
8.91662e+07 7.45058
8.91662e+07 7.45058
8.91663e+07 7.45058
8.93228e+07 156522
8.94347e+07 111878
8.94347e+07 7.45058
8.94458e+07 11190.8
8.94906e+07 44718.4
8.94906e+07 7.45058
8.95465e+07 55901.7
8.95465e+07 7.45058
8.95465e+07 1
8.95465e+07 6.45058
8.95577e+07 11183.3
8.95689e+07 11198.2
9.87166e+07 9.14775e+06
9.87502e+07 33535.1
9.87725e+07 22381.5
9.87725e+07 7.45058
9.8795e+07 22411.3
9.88397e+07 44770.5
9.88733e+07 33557.4
9.88956e+07 22359.2
9.88957e+07 7.45058
9.89068e+07 11183.3
9.90634e+07 156522
9.90857e+07 22359.2
9.90857e+07 7.45058
9.90969e+07 11183.3
9.90969e+07 1
9.91416e+07 44709.9
9.93093e+07 167653
1.09162e+08 9.85231e+06
1.09162e+08 7.45058
1.09184e+08 22374.1
1.09195e+08 11183.3
1.09262e+08 67085
1.09318e+08 55931.5
1.09352e+08 33579.8
1.09352e+08 7.45058
1.09374e+08 22359.2
1.09374e+08 7.45058
1.0943e+08 55886.8
1.09452e+08 22359.2
1.09452e+08 7.45058
1.09464e+08 11190.8
1.09464e+08 7.45058
1.09464e+08 1
1.09486e+08 22358.2
1.09486e+08 14.9012
1.19942e+08 1.04561e+07
1.19953e+08 11183.3
1.19976e+08 22366.6
1.19976e+08 7.45058
1.20009e+08 33594.7
1.20065e+08 55983.7
1.20076e+08 11190.8
1.20076e+08 7.45058
1.20076e+08 22.3517
1.20088e+08 11183.3
1.20099e+08 11183.3
1.20099e+08 7.45058
1.20099e+08 7.45058
1.20155e+08 55924.1
1.20155e+08 7.45058
1.20155e+08 7.45058
1.20166e+08 11190.8
1.20166e+08 1
1.20177e+08 11182.3
1.3155e+08 1.13729e+07
1.3155e+08 22.3517
1.3155e+08 7.45058
1.31572e+08 22389
1.3164e+08 67159.5
1.31651e+08 11220.6
1.31673e+08 22381.5
1.31696e+08 22366.6
1.31696e+08 14.9012
1.31707e+08 11183.3
1.31718e+08 11183.3
1.31718e+08 7.45058
1.31718e+08 7.45058
1.31763e+08 44718.4
1.31807e+08 44718.4
1.31807e+08 7.45058
1.31807e+08 7.45058
1.31807e+08 7.45058
1.31807e+08 1
1.31807e+08 6.45058
1.43617e+08 1.18092e+07
1.43673e+08 55909.2
1.43673e+08 7.45058
1.43684e+08 11183.3
1.43751e+08 67085
1.43762e+08 11198.2
1.43818e+08 55961.3
1.43818e+08 7.45058
1.4384e+08 22366.6
1.4384e+08 7.45058
1.4384e+08 14.9012
1.4384e+08 7.45058
1.4384e+08 7.45058
1.43885e+08 44748.2
1.43919e+08 33579.8
1.43919e+08 7.45058
1.4393e+08 11183.3
1.4393e+08 7.45058
1.4393e+08 7.45058
1.4393e+08 7.45058
1.4393e+08 1
1.56309e+08 1.23795e+07
1.56309e+08 7.45058
1.56309e+08 7.45058
1.56309e+08 14.9012
1.56354e+08 44710.9
1.56399e+08 44718.4
1.56533e+08 134185
1.56533e+08 7.45058
1.56533e+08 7.45058
1.56533e+08 7.45058
1.56555e+08 22359.2
1.56555e+08 7.45058
1.56555e+08 7.45058
1.566e+08 44748.2
1.56623e+08 22366.6
1.56623e+08 7.45058
1.56623e+08 14.9012
1.56634e+08 11205.7
1.56634e+08 14.9012
1.56634e+08 37.2529
1.56645e+08 11220.6
1.56645e+08 1
1.69282e+08 1.26369e+07
1.69282e+08 29.8023
1.69282e+08 7.45058
1.69316e+08 33542.5
1.69371e+08 55894.3
1.69394e+08 22374.1
1.69562e+08 167705
1.69573e+08 11198.2
1.69573e+08 7.45058
1.69584e+08 11183.3
1.69584e+08 7.45058
1.69584e+08 7.45058
1.69595e+08 11220.6
1.69606e+08 11190.8
1.69606e+08 7.45058
1.69606e+08 7.45058
1.69618e+08 11183.3
1.69618e+08 7.45058
1.6964e+08 22366.6
1.6964e+08 7.45058
1.69662e+08 22396.4
1.69662e+08 7.45058
1.82545e+08 1.28829e+07
1.82545e+08 1
1.82556e+08 11197.2
1.82556e+08 7.45058
1.82568e+08 11183.3
1.8259e+08 22366.6
1.82646e+08 55916.6
1.82702e+08 55894.3
1.82702e+08 7.45058
1.82702e+08 22.3517
1.82713e+08 11190.8
1.82758e+08 44748.2
1.82791e+08 33557.4
1.82903e+08 111803
1.82914e+08 11190.8
1.82914e+08 22.3517
1.82914e+08 14.9012
1.83015e+08 100613
1.83015e+08 7.45058
1.8306e+08 44748.2
1.8306e+08 29.8023
1.8306e+08 59.6046
1.8306e+08 7.45058
1.96233e+08 1.31737e+07
1.96334e+08 100598
1.96334e+08 1
1.96435e+08 100612
1.96435e+08 7.45058
1.96468e+08 33550
1.96524e+08 55901.7
1.9658e+08 55894.3
1.96602e+08 22359.2
1.96614e+08 11183.3
1.96625e+08 11205.7
1.96636e+08 11213.1
1.9667e+08 33542.5
1.96748e+08 78268.3
1.96848e+08 100605
1.96915e+08 67070.1
1.96927e+08 11198.2
1.96927e+08 7.45058
1.96971e+08 44725.8
1.96971e+08 7.45058
1.96971e+08 22.3517
1.96971e+08 7.45058
1.96971e+08 7.45058
1.96971e+08 7.45058
2.10458e+08 1.3487e+07
2.10503e+08 44725.8
2.10503e+08 7.45058
2.10559e+08 55916.6
2.10559e+08 1
2.10581e+08 22358.2
2.10783e+08 201188
2.10805e+08 22359.2
2.10805e+08 7.45058
2.10805e+08 7.45058
2.10805e+08 7.45058
2.10894e+08 89421.9
2.10962e+08 67070.1
2.10973e+08 11213.1
2.10984e+08 11235.5
2.11029e+08 44740.7
2.11085e+08 55953.9
2.11174e+08 89421.9
2.11174e+08 7.45058
2.11219e+08 44733.3
2.11219e+08 7.45058
2.11319e+08 100620
2.11331e+08 11183.3
2.11375e+08 44718.4
2.11375e+08 7.45058
2.2536e+08 1.39844e+07
2.25393e+08 33535.1
2.25393e+08 7.45058
2.25393e+08 7.45058
2.25404e+08 11190.8
2.25404e+08 1
2.25404e+08 6.45058
2.25472e+08 67070.1
2.25472e+08 7.45058
2.25472e+08 7.45058
2.25472e+08 7.45058
2.25494e+08 22359.2
2.2555e+08 55886.8
2.25639e+08 89414.4
2.25717e+08 78246
2.2584e+08 122979
2.26042e+08 201233
2.26086e+08 44763.1
2.2612e+08 33579.8
2.26142e+08 22381.5
2.26142e+08 14.9012
2.26142e+08 7.45058
2.26142e+08 14.9012
2.26142e+08 7.45058
2.26154e+08 11190.8
2.26154e+08 7.45058
2.40722e+08 1.45684e+07
2.40722e+08 7.45058
2.40722e+08 7.45058
2.40733e+08 11190.8
2.40767e+08 33542.5
2.40778e+08 11183.3
2.40778e+08 7.45058
2.40778e+08 1
2.40778e+08 6.45058
2.40778e+08 7.45058
2.40823e+08 44710.9
2.40823e+08 7.45058
2.40823e+08 7.45058
2.40823e+08 7.45058
2.40823e+08 7.45058
2.4099e+08 167646
2.41147e+08 156477
2.41281e+08 134118
2.41605e+08 324257
2.41773e+08 167742
2.41818e+08 44718.4
2.41862e+08 44725.8
2.41863e+08 7.45058
2.41863e+08 29.8023
2.41863e+08 29.8023
2.41863e+08 14.9012
2.41863e+08 7.45058
2.56994e+08 1.5131e+07
2.56994e+08 7.45058
2.56994e+08 7.45058
2.56994e+08 7.45058
2.57005e+08 11183.3
2.57005e+08 7.45058
2.57005e+08 7.45058
2.57005e+08 7.45058
2.57005e+08 1
2.57005e+08 6.45058
2.57005e+08 7.45058
2.57005e+08 7.45058
2.57005e+08 7.45058
2.57005e+08 7.45058
2.57005e+08 7.45058
2.57005e+08 7.45058
2.57005e+08 7.45058
2.57027e+08 22359.2
2.57027e+08 7.45058
2.57441e+08 413522
2.57731e+08 290580
2.5781e+08 78275.8
2.57933e+08 122979
2.57966e+08 33542.5
2.58e+08 33535.1
2.58011e+08 11190.8
2.58011e+08 7.45058
2.58011e+08 7.45058
2.73604e+08 1.55931e+07
2.73604e+08 7.45058
2.73604e+08 7.45058
2.73604e+08 7.45058
2.73604e+08 7.45058
2.73604e+08 7.45058
2.73604e+08 7.45058
2.73604e+08 7.45058
2.73604e+08 7.45058
2.73604e+08 7.45058
2.73604e+08 1
2.73604e+08 6.45058
2.73604e+08 14.9012
2.73604e+08 7.45058
2.7366e+08 55886.8
2.73906e+08 245884
2.73906e+08 7.45058
2.73917e+08 11190.8
2.73939e+08 22359.2
2.73973e+08 33542.5
2.73984e+08 11190.8
2.73984e+08 7.45058
2.74074e+08 89414.4
2.74431e+08 357635
2.74588e+08 156485
2.74711e+08 122957
2.74767e+08 55886.8
2.74767e+08 7.45058
2.74811e+08 44718.4
2.91061e+08 1.62496e+07
2.91061e+08 22.3517
2.91106e+08 44725.8
2.91106e+08 7.45058
2.91106e+08 7.45058
2.91106e+08 7.45058
2.91106e+08 7.45058
2.91106e+08 7.45058
2.91106e+08 7.45058
2.91106e+08 7.45058
2.91106e+08 7.45058
2.91106e+08 1
2.91106e+08 6.45058
2.91106e+08 7.45058
2.91106e+08 7.45058
2.91106e+08 7.45058
2.91106e+08 14.9012
2.91106e+08 7.45058
2.91106e+08 7.45058
2.91106e+08 7.45058
2.91128e+08 22359.2
2.91195e+08 67070.1
2.9124e+08 44710.9
2.9124e+08 7.45058
2.91285e+08 44718.4
2.91352e+08 67062.7
2.91441e+08 89414.4
2.91721e+08 279404
2.91721e+08 7.45058
2.91944e+08 223525
3.0904e+08 1.70961e+07
3.09085e+08 44763.1
3.09096e+08 11190.8
3.09096e+08 7.45058
3.09107e+08 11183.3
3.09107e+08 7.45058
3.0913e+08 22374.1
3.0913e+08 7.45058
3.0913e+08 7.45058
3.0913e+08 7.45058
3.09141e+08 11190.8
3.09163e+08 22366.6
3.09163e+08 7.45058
3.09163e+08 1
3.09174e+08 11189.8
3.09174e+08 7.45058
3.09208e+08 33535.1
3.09208e+08 14.9012
3.09208e+08 7.45058
3.09208e+08 14.9012
3.09219e+08 11183.3
3.09219e+08 7.45058
3.0923e+08 11183.3
3.09253e+08 22359.2
3.09253e+08 7.45058
3.09264e+08 11183.3
3.09275e+08 11183.3
3.09297e+08 22359.2
3.09309e+08 11183.3
3.09331e+08 22359.2
3.09376e+08 44718.4
3.26911e+08 1.75356e+07
3.27548e+08 637062
3.27727e+08 178859
3.27738e+08 11190.8
3.27738e+08 7.45058
3.2775e+08 11190.8
3.27772e+08 22381.5
3.27783e+08 11183.3
3.27783e+08 7.45058
3.27783e+08 7.45058
3.27806e+08 22366.6
3.27806e+08 7.45058
3.27806e+08 22.3517
3.27806e+08 14.9012
3.27806e+08 1
3.27839e+08 33556.4
3.27839e+08 7.45058
3.27839e+08 7.45058
3.27862e+08 22359.2
3.27862e+08 7.45058
3.27884e+08 22359.2
3.27884e+08 7.45058
3.27884e+08 7.45058
3.27895e+08 11183.3
3.27906e+08 11183.3
3.27929e+08 22359.2
3.27929e+08 7.45058
3.27929e+08 7.45058
3.2794e+08 11183.3
3.27951e+08 11183.3
3.27951e+08 7.45058
3.27951e+08 7.45058
3.46082e+08 1.8131e+07
3.46116e+08 33535.1
3.46473e+08 357635
3.46753e+08 279412
3.46943e+08 190005
3.47021e+08 78305.6
3.47066e+08 44748.2
3.47066e+08 22.3517
3.47066e+08 7.45058
3.47066e+08 7.45058
3.47066e+08 14.9012
3.47066e+08 7.45058
3.47077e+08 11183.3
3.47077e+08 7.45058
3.47077e+08 7.45058
3.4711e+08 33550
3.4711e+08 1
3.4711e+08 6.45058
3.47122e+08 11183.3
3.47122e+08 7.45058
3.47122e+08 7.45058
3.47122e+08 7.45058
3.47133e+08 11183.3
3.47144e+08 11183.3
3.47144e+08 7.45058
3.47155e+08 11183.3
3.47155e+08 7.45058
3.472e+08 44710.9
3.472e+08 7.45058
3.472e+08 7.45058
3.47211e+08 11183.3
3.47211e+08 7.45058
3.47256e+08 44710.9
3.64987e+08 1.77312e+07
3.65043e+08 55886.8
3.65043e+08 7.45058
3.6511e+08 67062.7
3.65155e+08 44718.4
3.66876e+08 1.7212e+06
3.66876e+08 59.6046
3.6691e+08 33542.5
3.6691e+08 7.45058
3.6691e+08 7.45058
3.6691e+08 7.45058
3.6691e+08 7.45058
3.6691e+08 7.45058
3.6691e+08 7.45058
3.6691e+08 7.45058
3.66921e+08 11183.3
3.66921e+08 7.45058
3.66921e+08 1
3.66921e+08 6.45058
3.66932e+08 11183.3
3.66943e+08 11183.3
3.66943e+08 7.45058
3.66943e+08 7.45058
3.66977e+08 33542.5
3.66988e+08 11183.3
3.66988e+08 7.45058
3.66999e+08 11183.3
3.6701e+08 11183.3
3.67044e+08 33535.1
3.67044e+08 7.45058
3.67055e+08 11183.3
3.67077e+08 22359.2
3.67089e+08 11190.8
3.67122e+08 33535.1
3.85348e+08 1.82261e+07
3.85348e+08 7.45058
3.85348e+08 7.45058
3.85348e+08 7.45058
3.85348e+08 7.45058
3.87338e+08 1.9895e+06
3.8736e+08 22359.2
3.8736e+08 7.45058
3.8736e+08 7.45058
3.8736e+08 7.45058
3.8736e+08 7.45058
3.8736e+08 7.45058
3.8736e+08 7.45058
3.8736e+08 7.45058
3.8736e+08 7.45058
3.87371e+08 11183.3
3.87371e+08 7.45058
3.87371e+08 7.45058
3.87371e+08 7.45058
3.87371e+08 1
3.87394e+08 22358.2
3.87427e+08 33535.1
3.87427e+08 14.9012
3.87461e+08 33542.5
3.87472e+08 11183.3
3.87483e+08 11183.3
3.87494e+08 11183.3
3.87539e+08 44718.4
3.87539e+08 14.9012
3.87539e+08 7.45058
3.87539e+08 7.45058
3.87539e+08 7.45058
3.87561e+08 22366.6
3.87573e+08 11183.3
3.87606e+08 33535.1
4.06073e+08 1.84671e+07
4.06084e+08 11183.3
4.06084e+08 7.45058
4.06163e+08 78246
4.0623e+08 67070.1
4.08409e+08 2.17953e+06
4.08443e+08 33550
4.08443e+08 14.9012
4.08443e+08 7.45058
4.08443e+08 7.45058
4.08443e+08 7.45058
4.08443e+08 7.45058
4.08443e+08 7.45058
4.08443e+08 7.45058
4.08443e+08 7.45058
4.08443e+08 7.45058
4.08454e+08 11183.3
4.08465e+08 11183.3
4.08465e+08 7.45058
4.08465e+08 7.45058
4.08465e+08 1
4.08488e+08 22358.2
4.0851e+08 22381.5
4.0851e+08 7.45058
4.08555e+08 44710.9
4.08566e+08 11183.3
4.08566e+08 7.45058
4.08566e+08 7.45058
4.08599e+08 33535.1
4.08611e+08 11183.3
4.08611e+08 7.45058
4.08611e+08 14.9012
4.08611e+08 7.45058
4.08633e+08 22366.6
4.08644e+08 11190.8
4.08655e+08 11183.3
4.27464e+08 1.88087e+07
4.27542e+08 78253.4
4.27598e+08 55909.2
4.2761e+08 11183.3
4.27632e+08 22359.2
4.29923e+08 2.29124e+06
4.30001e+08 78328
4.30001e+08 7.45058
4.30024e+08 22366.6
4.30024e+08 7.45058
4.30024e+08 7.45058
4.30024e+08 14.9012
4.30024e+08 7.45058
4.30024e+08 7.45058
4.30024e+08 7.45058
4.30024e+08 7.45058
4.30035e+08 11183.3
4.30046e+08 11190.8
4.30069e+08 22359.2
4.30069e+08 7.45058
4.30091e+08 22359.2
4.30113e+08 22359.2
4.30113e+08 1
4.30158e+08 44724.8
4.3018e+08 22359.2
4.3018e+08 7.45058
4.30192e+08 11190.8
4.30225e+08 33542.5
4.30225e+08 7.45058
4.30225e+08 14.9012
4.30225e+08 7.45058
4.30225e+08 7.45058
4.30225e+08 7.45058
4.30225e+08 7.45058
4.30225e+08 14.9012
4.30225e+08 29.8023
4.30236e+08 11205.7
4.49507e+08 1.92706e+07
4.49518e+08 11190.8
4.49541e+08 22389
4.4972e+08 178866
4.4972e+08 7.45058
4.50357e+08 637114
4.52111e+08 1.75472e+06
4.52111e+08 14.9012
4.52134e+08 22374.1
4.52134e+08 7.45058
4.52134e+08 7.45058
4.52134e+08 7.45058
4.52134e+08 7.45058
4.52134e+08 14.9012
4.52134e+08 7.45058
4.52156e+08 22366.6
4.52167e+08 11183.3
4.52223e+08 55931.5
4.52223e+08 7.45058
4.52235e+08 11190.8
4.52235e+08 7.45058
4.52246e+08 11183.3
4.52246e+08 52.1541
4.52246e+08 1
4.52246e+08 6.45058
4.52246e+08 7.45058
4.52246e+08 7.45058
4.52279e+08 33542.5
4.52313e+08 33542.5
4.52335e+08 22366.6
4.52358e+08 22359.2
4.52391e+08 33542.5
4.52391e+08 22.3517
4.52425e+08 33535.1
4.52436e+08 11183.3
4.52436e+08 37.2529
4.52436e+08 74.5058
4.52436e+08 7.45058
4.72209e+08 1.97733e+07
4.72232e+08 22374.1
4.72276e+08 44725.8
4.7231e+08 33542.5
4.7231e+08 7.45058
4.72511e+08 201270
4.72534e+08 22366.6
4.72567e+08 33535.1
4.72645e+08 78260.9
4.72712e+08 67070.1
4.72947e+08 234745
4.73551e+08 603564
4.73674e+08 122949
4.74624e+08 950016
4.74724e+08 100590
4.74825e+08 100590
4.74825e+08 7.45058
4.74926e+08 100635
4.74926e+08 7.45058
4.74959e+08 33542.5
4.74959e+08 7.45058
4.74959e+08 7.45058
4.75104e+08 145324
4.75116e+08 11183.3
4.75116e+08 1
4.75138e+08 22365.6
4.75172e+08 33535.1
4.75172e+08 7.45058
4.75183e+08 11190.8
4.75194e+08 11213.1
4.75194e+08 7.45058
4.75194e+08 7.45058
4.75228e+08 33542.5
4.7525e+08 22411.3
4.7525e+08 14.9012
4.7525e+08 7.45058
4.7525e+08 14.9012
4.7525e+08 74.5058
4.7525e+08 7.45058
4.95471e+08 2.02205e+07
4.95504e+08 33564.9
4.95504e+08 7.45058
4.95515e+08 11190.8
4.95515e+08 7.45058
4.95616e+08 100657
4.95649e+08 33535.1
4.95649e+08 7.45058
4.95705e+08 55916.6
4.95705e+08 14.9012
4.95806e+08 100650
4.96242e+08 435911
4.96287e+08 44725.8
4.96879e+08 592373
4.96879e+08 7.45058
4.97315e+08 435881
4.97416e+08 100598
4.98254e+08 838220
4.98254e+08 7.45058
4.98366e+08 111826
4.98366e+08 7.45058
4.98377e+08 11183.3
4.98422e+08 44725.8
4.98422e+08 7.45058
4.98455e+08 33535.1
4.98477e+08 22374.1
4.98477e+08 1
4.985e+08 22365.6
4.98556e+08 55886.8
4.986e+08 44733.3
4.98623e+08 22396.4
4.98634e+08 11190.8
4.98668e+08 33542.5
4.98668e+08 7.45058
4.98679e+08 11265.3
4.98679e+08 29.8023
4.98679e+08 14.9012
4.98679e+08 37.2529
4.9869e+08 11287.6
4.9869e+08 22.3517
5.19257e+08 2.05671e+07
5.19291e+08 33535.1
5.19369e+08 78260.9
5.19369e+08 7.45058
5.19369e+08 7.45058
5.19403e+08 33542.5
5.19403e+08 7.45058
5.19403e+08 7.45058
5.19526e+08 122972
5.19537e+08 11213.1
5.19593e+08 55924.1
5.2023e+08 637107
5.20565e+08 335313
5.21035e+08 469416
5.21035e+08 7.45058
5.21035e+08 7.45058
5.21213e+08 178844
5.21784e+08 570089
5.21784e+08 7.45058
5.22298e+08 514105
5.22298e+08 7.45058
5.22298e+08 7.45058
5.2232e+08 22374.1
5.2232e+08 7.45058
5.2232e+08 7.45058
5.2232e+08 7.45058
5.2232e+08 7.45058
5.2232e+08 1
5.22398e+08 78297.2
5.22398e+08 7.45058
5.22432e+08 33535.1
5.22656e+08 223570
5.22678e+08 22381.5
5.22678e+08 14.9012
5.22678e+08 29.8023
5.22712e+08 33631.9
5.22712e+08 52.1541
5.22712e+08 14.9012
5.22712e+08 89.407
5.22779e+08 67144.6
5.22801e+08 22366.6
5.43803e+08 2.1002e+07
5.43803e+08 7.45058
5.4387e+08 67062.7
5.4387e+08 7.45058
5.43893e+08 22359.2
5.43893e+08 7.45058
5.43893e+08 7.45058
5.43893e+08 7.45058
5.43993e+08 100598
5.4406e+08 67070.1
5.44195e+08 134170
5.44698e+08 503033
5.45201e+08 502959
5.45603e+08 402354
5.45871e+08 268258
5.45871e+08 7.45058
5.45916e+08 44733.3
5.4662e+08 704132
5.4662e+08 7.45058
5.46754e+08 134133
5.46754e+08 7.45058
5.4681e+08 55909.2
5.46844e+08 33579.8
5.46844e+08 7.45058
5.469e+08 55909.2
5.469e+08 7.45058
5.469e+08 7.45058
5.46922e+08 22366.6
5.47079e+08 156544
5.47079e+08 1
5.47079e+08 6.45058
5.47079e+08 7.45058
5.47179e+08 100650
5.47224e+08 44725.8
5.47235e+08 11183.3
5.47246e+08 11213.1
5.47258e+08 11198.2
5.47291e+08 33609.6
5.47291e+08 22.3517
5.47325e+08 33624.5
5.47392e+08 67114.8
5.47425e+08 33572.3
5.68105e+08 2.06796e+07
5.68105e+08 7.45058
5.68116e+08 11183.3
5.6815e+08 33542.5
5.68161e+08 11183.3
5.68161e+08 7.45058
5.68228e+08 67062.7
5.68228e+08 7.45058
5.68228e+08 7.45058
5.68351e+08 122942
5.68977e+08 625864
5.69335e+08 357702
5.69782e+08 447087
5.69849e+08 67070.1
5.70251e+08 402391
5.70307e+08 55894.3
5.70318e+08 11205.7
5.7062e+08 301801
5.7062e+08 7.45058
5.70933e+08 312947
5.71078e+08 145294
5.71279e+08 201173
5.71704e+08 424713
5.71704e+08 7.45058
5.71704e+08 7.45058
5.71749e+08 44718.4
5.71782e+08 33535.1
5.71939e+08 156485
5.72107e+08 167787
5.72107e+08 7.45058
5.72107e+08 1
5.72107e+08 21.3517
5.72107e+08 14.9012
5.72241e+08 134245
5.72263e+08 22389
5.72297e+08 33535.1
5.72364e+08 67099.9
5.72375e+08 11205.7
5.72442e+08 67152.1
5.72454e+08 11183.3
5.72532e+08 78305.6
5.72688e+08 156552
5.72778e+08 89429.3
5.93701e+08 2.09227e+07
5.93723e+08 22366.6
5.93723e+08 7.45058
5.9379e+08 67062.7
5.9379e+08 7.45058
5.93835e+08 44718.4
5.93924e+08 89414.4
5.93924e+08 7.45058
5.93924e+08 7.45058
5.93924e+08 7.45058
5.94081e+08 156470
5.94762e+08 681743
5.95366e+08 603564
5.95489e+08 122942
5.95668e+08 178836
5.95891e+08 223532
5.96171e+08 279427
5.96472e+08 301771
5.96472e+08 7.45058
5.96741e+08 268251
5.96908e+08 167653
5.96975e+08 67070.1
5.97288e+08 312984
5.97344e+08 55894.3
5.974e+08 55886.8
5.97423e+08 22359.2
5.97445e+08 22359.2
5.97613e+08 167675
5.97713e+08 100650
5.97724e+08 11183.3
5.97736e+08 11183.3
5.97792e+08 55894.3
5.97792e+08 1
5.97814e+08 22388
5.97892e+08 78409.9
5.97915e+08 22381.5
5.97926e+08 11183.3
5.97937e+08 11205.7
5.97948e+08 11265.3
5.98094e+08 145420
5.98094e+08 7.45058
5.9825e+08 156619
5.98463e+08 212409
5.98474e+08 11183.3
6.17354e+08 1.88803e+07
6.17354e+08 7.45058
6.17399e+08 44661.5
