2920 2000
6920 4000
14920 8000
30920 16000
62920 32000
126920 64000
254920 128000
510920 256000
1.02292e+06 512000
2.04692e+06 1.024e+06
4.09492e+06 2.048e+06
5.37359e+06 1.27867e+06
5.37359e+06 1
8.87506e+06 3.50147e+06
9.45783e+06 582762
1.0565e+07 1.10718e+06
1.0565e+07 1
1.08444e+07 279418
1.40472e+07 3.20273e+06
1.40472e+07 7.45058
1.40472e+07 1
1.41925e+07 145293
1.66384e+07 2.4459e+06
1.66384e+07 7.45058
1.66384e+07 7.45058
1.66943e+07 55886.8
1.66943e+07 1
1.96181e+07 2.92381e+06
1.96852e+07 67092.5
1.98081e+07 122949
1.98193e+07 11183.3
1.9864e+07 44710.9
1.9864e+07 1
2.38086e+07 3.9446e+06
2.42669e+07 458248
2.45016e+07 234701
2.48257e+07 324108
2.49151e+07 89414.4
2.50268e+07 111766
2.50268e+07 1
2.80134e+07 2.98654e+06
2.84941e+07 480667
2.86952e+07 201181
2.87623e+07 67062.7
2.89635e+07 201173
2.94217e+07 458226
2.94552e+07 33535.1
3.23948e+07 2.93956e+06
3.23948e+07 1
3.32107e+07 815897
3.34342e+07 223532
3.35795e+07 145316
3.37695e+07 189997
3.38701e+07 100590
3.38701e+07 7.45058
3.74618e+07 3.59171e+06
3.75289e+07 67062.7
3.75289e+07 1
3.77972e+07 268287
3.78419e+07 44718.4
3.82778e+07 435874
3.85013e+07 223540
3.87025e+07 201173
3.90154e+07 312932
4.32556e+07 4.24016e+06
4.33003e+07 44718.4
4.33003e+07 7.45058
4.38368e+07 536464
4.38368e+07 1
4.40603e+07 223524
4.41497e+07 89421.9
4.43062e+07 156470
4.43062e+07 7.45058
4.43062e+07 7.45058
5.01089e+07 5.80264e+06
5.01089e+07 7.45058
5.0243e+07 134118
5.07347e+07 491761
5.0813e+07 78246
5.0813e+07 1
5.09918e+07 178820
5.12936e+07 301756
5.12936e+07 7.45058
5.14948e+07 201195
5.15507e+07 55886.8
5.74727e+07 5.92204e+06
5.75956e+07 122949
5.78527e+07 257060
5.81098e+07 257052
5.81098e+07 7.45058
5.81098e+07 7.45058
5.81657e+07 55886.8
5.81657e+07 1
5.81657e+07 6.45058
5.82663e+07 100590
5.86351e+07 368811
5.86798e+07 44710.9
6.46358e+07 5.95607e+06
6.47923e+07 156492
6.56417e+07 849411
6.56418e+07 7.45058
6.56418e+07 7.45058
6.57312e+07 89421.9
6.57759e+07 44710.9
6.57759e+07 7.45058
6.57759e+07 1
6.58094e+07 33541.5
6.58206e+07 11183.3
6.58206e+07 7.45058
6.58542e+07 33535.1
7.23576e+07 6.50346e+06
7.26818e+07 324138
7.37994e+07 1.11761e+06
7.38106e+07 11183.3
7.38329e+07 22359.2
7.39112e+07 78253.4
7.39335e+07 22359.2
7.39783e+07 44718.4
7.39783e+07 7.45058
7.39783e+07 1
7.40118e+07 33534.1
7.41012e+07 89421.9
7.41795e+07 78253.4
7.4336e+07 156477
8.04722e+07 6.13623e+06
8.13217e+07 849478
8.1914e+07 592336
8.1914e+07 7.45058
8.22716e+07 357635
8.25399e+07 268243
8.25399e+07 7.45058
8.26181e+07 78238.5
8.26181e+07 7.45058
8.26293e+07 11183.3
8.26405e+07 11183.3
8.26405e+07 1
8.27299e+07 89435.8
8.27523e+07 22359.2
8.28194e+07 67070.1
8.92623e+07 6.4429e+06
9.02459e+07 983581
9.02459e+07 7.45058
9.03353e+07 89421.9
9.05141e+07 178844
9.05141e+07 7.45058
9.05141e+07 7.45058
9.05141e+07 7.45058
9.05142e+07 7.45058
9.08271e+07 312932
9.0883e+07 55894.3
9.11624e+07 279419
9.11624e+07 1
9.16542e+07 491760
9.16989e+07 44718.4
9.17436e+07 44718.4
9.85665e+07 6.8229e+06
9.91254e+07 558950
9.9226e+07 100598
9.95502e+07 324130
9.9919e+07 368856
9.9919e+07 7.45058
9.9919e+07 7.45058
9.99973e+07 78275.8
1.00042e+08 44710.9
1.00176e+08 134148
1.00377e+08 201210
1.00724e+08 346482
1.00802e+08 78246
1.00936e+08 134118
1.00936e+08 1
1.01037e+08 100597
1.01048e+08 11190.8
1.08849e+08 7.80053e+06
1.09285e+08 435963
1.09385e+08 100590
1.09564e+08 178829
1.0991e+08 346497
1.09955e+08 44710.9
1.09955e+08 7.45058
1.10045e+08 89429.3
1.10067e+08 22359.2
1.10179e+08 111796
1.10425e+08 245906
1.10536e+08 111796
1.10637e+08 100650
1.10782e+08 145301
1.10827e+08 44710.9
1.10827e+08 1
1.10961e+08 134132
1.11017e+08 55886.8
1.19716e+08 8.69899e+06
1.20242e+08 525430
1.20242e+08 7.45058
1.20499e+08 257097
1.20655e+08 156477
1.20678e+08 22389
1.20733e+08 55886.8
1.20901e+08 167653
1.20923e+08 22359.2
1.21058e+08 134118
1.21404e+08 346549
1.21426e+08 22359.2
1.21494e+08 67077.6
1.21505e+08 11198.2
1.21505e+08 7.45058
1.21505e+08 7.45058
1.21572e+08 67092.5
1.21572e+08 1
1.21605e+08 33534.1
1.30841e+08 9.23571e+06
1.31579e+08 737771
1.31601e+08 22359.2
1.31847e+08 245914
1.31903e+08 55886.8
1.32048e+08 145338
1.32082e+08 33535.1
1.32171e+08 89414.4
1.32261e+08 89414.4
1.32261e+08 7.45058
1.32685e+08 424720
1.3273e+08 44710.9
1.32875e+08 145324
1.32887e+08 11220.6
1.32887e+08 7.45058
1.32887e+08 7.45058
1.32943e+08 55968.8
1.32987e+08 44710.9
1.32987e+08 1
1.3301e+08 22365.6
1.42896e+08 9.88669e+06
1.43534e+08 637114
1.43545e+08 11183.3
1.43779e+08 234768
1.4378e+08 7.45058
1.4416e+08 380069
1.44182e+08 22359.2
1.44193e+08 11190.8
1.44227e+08 33542.5
1.44283e+08 55894.3
1.44752e+08 469446
1.4483e+08 78238.5
1.45032e+08 201270
1.45032e+08 7.45058
1.45032e+08 7.45058
1.45032e+08 7.45058
1.4511e+08 78275.8
1.45143e+08 33550
1.45166e+08 22359.2
1.45233e+08 67062.7
1.45233e+08 1
1.55505e+08 1.02718e+07
1.56063e+08 558905
1.56086e+08 22366.6
1.56332e+08 245959
1.56332e+08 7.45058
1.56622e+08 290625
1.56634e+08 11183.3
1.56678e+08 44725.8
1.56701e+08 22359.2
1.56757e+08 55886.8
1.56891e+08 134140
1.56991e+08 100590
1.57561e+08 570089
1.57561e+08 7.45058
1.57561e+08 7.45058
1.57561e+08 7.45058
1.57684e+08 123039
1.57696e+08 11183.3
1.57729e+08 33550
1.57729e+08 7.45058
1.5783e+08 100590
1.5783e+08 1
1.68578e+08 1.07484e+07
1.69115e+08 536576
1.69193e+08 78238.5
1.69484e+08 290602
1.69573e+08 89414.4
1.69696e+08 122972
1.69696e+08 14.9012
1.69752e+08 55909.2
1.69752e+08 7.45058
1.69797e+08 44710.9
1.70031e+08 234708
1.70087e+08 55886.8
1.70635e+08 547744
1.70635e+08 14.9012
1.70635e+08 14.9012
1.70669e+08 33572.3
1.70758e+08 89474
1.70758e+08 14.9012
1.70792e+08 33550
1.70859e+08 67062.7
1.70859e+08 7.45058
1.70959e+08 100635
1.82043e+08 1.10833e+07
1.82043e+08 1
1.82713e+08 670685
1.82792e+08 78246
1.83015e+08 223555
1.83172e+08 156499
1.83216e+08 44718.4
1.83283e+08 67077.6
1.83384e+08 100635
1.8344e+08 55886.8
1.83507e+08 67062.7
1.8363e+08 122942
1.8373e+08 100605
1.83976e+08 245906
1.84099e+08 122957
1.84155e+08 55901.7
1.84222e+08 67137.2
1.84323e+08 100642
1.84323e+08 7.45058
1.84334e+08 11205.7
1.84334e+08 7.45058
1.84368e+08 33542.5
1.84524e+08 156537
1.96038e+08 1.15138e+07
1.96128e+08 89414.4
1.96128e+08 1
1.96843e+08 715381
1.9691e+08 67062.7
1.97022e+08 111781
1.97156e+08 134140
1.97201e+08 44718.4
1.97368e+08 167668
1.97547e+08 178851
1.97547e+08 7.45058
1.97592e+08 44718.4
1.97592e+08 7.45058
1.9776e+08 167660
1.97804e+08 44710.9
1.98061e+08 257082
1.9814e+08 78253.4
1.98218e+08 78290.7
1.98341e+08 123061
1.98341e+08 7.45058
1.98386e+08 44725.8
1.98408e+08 22359.2
1.9843e+08 22359.2
1.98676e+08 245959
2.10749e+08 1.20729e+07
2.10805e+08 55886.8
2.10805e+08 7.45058
2.11453e+08 648305
2.11453e+08 1
2.11532e+08 78252.4
2.11699e+08 167646
2.11766e+08 67062.7
2.118e+08 33535.1
2.11912e+08 111781
2.12001e+08 89444.2
2.12024e+08 22359.2
2.12135e+08 111781
2.12169e+08 33550
2.12348e+08 178821
2.12348e+08 7.45058
2.12515e+08 167705
2.12627e+08 111796
2.12717e+08 89451.7
2.12884e+08 167727
2.12918e+08 33542.5
2.12985e+08 67085
2.12985e+08 22.3517
2.13007e+08 22374.1
2.13365e+08 357695
2.26013e+08 1.26476e+07
2.26113e+08 100598
2.26113e+08 7.45058
2.2665e+08 536524
2.26706e+08 55886.8
2.26706e+08 1
2.26885e+08 178820
2.26963e+08 78238.5
2.27019e+08 55886.8
2.27019e+08 7.45058
2.27052e+08 33535.1
2.27265e+08 212386
2.27287e+08 22374.1
2.27388e+08 100620
2.27499e+08 111803
2.27499e+08 7.45058
2.27522e+08 22366.6
2.27689e+08 167683
2.27723e+08 33535.1
2.27757e+08 33550
2.28002e+08 245951
2.28014e+08 11205.7
2.28103e+08 89466.6
2.28126e+08 22389
2.2817e+08 44718.4
2.28584e+08 413544
2.41815e+08 1.32307e+07
2.41815e+08 7.45058
2.41848e+08 33535.1
2.42575e+08 726484
2.42575e+08 7.45058
2.42619e+08 44725.8
2.42653e+08 33542.5
2.42653e+08 1
2.42664e+08 11182.3
2.42675e+08 11183.3
2.4272e+08 44718.4
2.42731e+08 11183.3
2.42899e+08 167646
2.42966e+08 67085
2.43089e+08 122987
2.43178e+08 89436.8
2.43178e+08 7.45058
2.43234e+08 55909.2
2.43413e+08 178866
2.43413e+08 7.45058
2.43424e+08 11213.1
2.43748e+08 324205
2.43771e+08 22359.2
2.43827e+08 55909.2
2.43849e+08 22366.6
2.4395e+08 100613
2.44218e+08 268251
2.58008e+08 1.37899e+07
2.58109e+08 100613
2.58109e+08 7.45058
2.5888e+08 771187
2.58891e+08 11183.3
2.58936e+08 44725.8
2.58936e+08 7.45058
2.58958e+08 22359.2
2.58958e+08 1
2.58992e+08 33534.1
2.58992e+08 7.45058
2.59081e+08 89429.3
2.59182e+08 100590
2.59204e+08 22359.2
2.59249e+08 44710.9
2.59394e+08 145316
2.59472e+08 78246
2.59483e+08 11183.3
2.59562e+08 78305.6
2.59662e+08 100628
2.59707e+08 44718.4
2.59841e+08 134170
2.60121e+08 279509
2.60121e+08 7.45058
2.60143e+08 22359.2
2.60244e+08 100598
2.60333e+08 89429.3
2.60534e+08 201181
2.7476e+08 1.42261e+07
2.74839e+08 78283.3
2.74872e+08 33535.1
2.75621e+08 748791
2.75677e+08 55894.3
2.75699e+08 22359.2
2.75699e+08 7.45058
2.75744e+08 44733.3
2.75744e+08 7.45058
2.75744e+08 7.45058
2.75744e+08 1
2.75811e+08 67091.5
2.75934e+08 122949
2.75968e+08 33535.1
2.76046e+08 78238.5
2.76079e+08 33535.1
2.76146e+08 67062.7
2.7618e+08 33535.1
2.76247e+08 67062.7
2.76348e+08 100680
2.76415e+08 67092.5
2.76471e+08 55909.2
2.76582e+08 111796
2.76985e+08 402465
2.77007e+08 22359.2
2.77086e+08 78246
2.77108e+08 22359.2
2.77209e+08 100605
2.77421e+08 212356
2.92223e+08 1.48024e+07
2.92648e+08 424728
2.93006e+08 357643
2.93062e+08 55886.8
2.93207e+08 145294
2.93207e+08 7.45058
2.9324e+08 33535.1
2.93252e+08 11183.3
2.93263e+08 11190.8
2.93263e+08 7.45058
2.93263e+08 7.45058
2.93263e+08 1
2.93386e+08 122948
2.93464e+08 78246
2.93509e+08 44710.9
2.93576e+08 67070.1
2.93576e+08 7.45058
2.93576e+08 7.45058
2.93621e+08 44718.4
2.93621e+08 7.45058
2.93956e+08 335470
2.93978e+08 22359.2
2.94045e+08 67070.1
2.94146e+08 100620
2.9466e+08 514202
2.9475e+08 89421.9
2.94761e+08 11183.3
2.94806e+08 44725.8
2.94984e+08 178844
2.95163e+08 178844
3.10295e+08 1.51321e+07
3.11022e+08 726476
3.11212e+08 189997
3.11234e+08 22359.2
3.11234e+08 7.45058
3.11234e+08 7.45058
3.11257e+08 22359.2
3.11346e+08 89436.8
3.11357e+08 11183.3
3.11357e+08 7.45058
3.11402e+08 44710.9
3.11402e+08 7.45058
3.11413e+08 11183.3
3.11413e+08 1
3.11603e+08 190019
3.11625e+08 22359.2
3.11637e+08 11183.3
3.11648e+08 11190.8
3.11659e+08 11190.8
3.11681e+08 22366.6
3.11715e+08 33550
3.12117e+08 402510
3.12118e+08 29.8023
3.12162e+08 44718.4
3.12252e+08 89429.3
3.12844e+08 592425
3.12866e+08 22366.6
3.12878e+08 11183.3
3.12967e+08 89429.3
3.13224e+08 257060
3.13492e+08 268266
3.29174e+08 1.56817e+07
3.298e+08 625871
3.29867e+08 67077.6
3.29979e+08 111774
3.29979e+08 7.45058
3.30024e+08 44710.9
3.30035e+08 11183.3
3.30102e+08 67070.1
3.30113e+08 11183.3
3.30113e+08 7.45058
3.30124e+08 11183.3
3.30169e+08 44718.4
3.30202e+08 33535.1
3.30292e+08 89414.4
3.30292e+08 1
3.30415e+08 122956
3.30426e+08 11190.8
3.30426e+08 7.45058
3.3046e+08 33550
3.30515e+08 55901.7
3.30549e+08 33542.5
3.30717e+08 167690
3.30952e+08 234835
3.31041e+08 89421.9
3.31108e+08 67070.1
3.31242e+08 134148
3.31656e+08 413574
3.31712e+08 55924.1
3.31723e+08 11183.3
3.31801e+08 78246
3.32081e+08 279449
3.32405e+08 324145
3.48569e+08 1.61646e+07
3.49273e+08 704117
3.49273e+08 14.9012
3.49273e+08 7.45058
3.49285e+08 11183.3
3.49374e+08 89414.4
3.49497e+08 122949
3.49553e+08 55901.7
3.49553e+08 14.9012
3.49553e+08 7.45058
3.49553e+08 7.45058
3.49564e+08 11183.3
3.49609e+08 44710.9
3.4962e+08 11183.3
3.49676e+08 55886.8
3.49754e+08 78238.5
3.49754e+08 1
3.49754e+08 6.45058
3.49754e+08 7.45058
3.49966e+08 212364
3.50056e+08 89444.2
3.50134e+08 78238.5
3.50246e+08 111766
3.50559e+08 313118
3.50593e+08 33550
3.50671e+08 78238.5
3.50816e+08 145316
3.51129e+08 312991
3.51297e+08 167675
3.51308e+08 11198.2
3.51319e+08 11198.2
3.51833e+08 514120
3.52012e+08 178866
3.68448e+08 1.64356e+07
3.69118e+08 670642
3.69174e+08 55894.3
3.69174e+08 7.45058
3.69219e+08 44710.9
3.6942e+08 201173
3.6942e+08 7.45058
3.69532e+08 111766
3.69588e+08 55886.8
3.69633e+08 44710.9
3.69644e+08 11183.3
3.697e+08 55894.3
3.697e+08 7.45058
3.697e+08 7.45058
3.69744e+08 44710.9
3.69744e+08 7.45058
3.69767e+08 22359.2
3.69767e+08 1
3.69811e+08 44724.8
3.69811e+08 7.45058
3.70024e+08 212364
3.70057e+08 33564.9
3.7008e+08 22366.6
3.70147e+08 67070.1
3.70639e+08 491925
3.70706e+08 67062.7
3.70728e+08 22359.2
3.70885e+08 156507
3.71242e+08 357680
3.71354e+08 111781
3.71466e+08 111774
3.71611e+08 145338
3.71812e+08 201203
3.72148e+08 335358
3.8888e+08 1.67323e+07
3.89651e+08 771217
3.89651e+08 7.45058
3.89651e+08 7.45058
3.89875e+08 223540
3.89875e+08 7.45058
3.89875e+08 7.45058
3.89875e+08 7.45058
3.89953e+08 78260.9
3.89953e+08 7.45058
3.89953e+08 7.45058
3.90009e+08 55886.8
3.90188e+08 178836
3.90221e+08 33535.1
3.90277e+08 55886.8
3.903e+08 22359.2
3.903e+08 7.45058
3.90311e+08 11183.3
3.90411e+08 100620
3.90411e+08 1
3.90434e+08 22358.2
3.90579e+08 145301
3.90669e+08 89451.7
3.90724e+08 55901.7
3.90724e+08 7.45058
3.91239e+08 514179
3.91261e+08 22366.6
3.91395e+08 134178
3.91719e+08 324205
3.91943e+08 223532
3.92021e+08 78246
3.92144e+08 122964
3.92435e+08 290625
3.92435e+08 29.8023
3.93195e+08 760108
4.10065e+08 1.68705e+07
4.11116e+08 1.05061e+06
4.11116e+08 7.45058
4.11138e+08 22359.2
4.11183e+08 44710.9
4.11194e+08 11183.3
4.11194e+08 7.45058
4.11239e+08 44710.9
4.11518e+08 279419
4.11563e+08 44710.9
4.11574e+08 11183.3
4.11608e+08 33535.1
4.11641e+08 33535.1
4.11641e+08 7.45058
4.11653e+08 11183.3
4.11664e+08 11183.3
4.11664e+08 7.45058
4.11664e+08 7.45058
4.11887e+08 223532
4.11932e+08 44718.4
4.11932e+08 1
4.11943e+08 11197.2
4.11966e+08 22359.2
4.12033e+08 67092.5
4.12133e+08 100642
4.12189e+08 55886.8
4.12502e+08 312984
4.12569e+08 67070.1
4.12838e+08 268348
4.1324e+08 402398
4.13329e+08 89414.4
4.13396e+08 67062.7
4.13519e+08 122942
4.13844e+08 324167
4.13933e+08 89444.2
4.14838e+08 905417
4.31997e+08 1.71587e+07
4.3297e+08 972360
4.32981e+08 11183.3
4.33037e+08 55886.8
4.33037e+08 7.45058
4.33037e+08 7.45058
4.33115e+08 78238.5
4.3316e+08 44710.9
4.33394e+08 234701
4.33405e+08 11183.3
4.33405e+08 7.45058
4.3345e+08 44710.9
4.33461e+08 11183.3
4.33495e+08 33542.5
4.33629e+08 134118
4.33651e+08 22359.2
4.33707e+08 55894.3
4.33707e+08 7.45058
4.33741e+08 33535.1
4.33741e+08 7.45058
4.33752e+08 11190.8
4.33763e+08 11190.8
4.33763e+08 1
4.33819e+08 55885.8
4.33942e+08 123009
4.34009e+08 67070.1
4.34244e+08 234701
4.34412e+08 167690
4.34445e+08 33550
4.34792e+08 346616
4.35161e+08 368848
4.35239e+08 78238.5
4.35295e+08 55901.7
4.35317e+08 22359.2
4.35675e+08 357665
4.35865e+08 190057
4.36826e+08 961319
4.54094e+08 1.72675e+07
4.55278e+08 1.1847e+06
4.55524e+08 245877
4.55524e+08 7.45058
4.55625e+08 100590
4.55703e+08 78238.5
4.55748e+08 44710.9
4.55837e+08 89414.4
4.55837e+08 7.45058
4.55837e+08 7.45058
4.55848e+08 11183.3
4.55848e+08 7.45058
4.56016e+08 167653
4.56105e+08 89421.9
4.56117e+08 11183.3
4.56117e+08 7.45058
4.56139e+08 22366.6
4.56139e+08 7.45058
4.56139e+08 7.45058
4.56139e+08 14.9012
4.56184e+08 44718.4
4.56217e+08 33550
4.56296e+08 78268.3
4.56296e+08 1
4.5634e+08 44724.8
4.5672e+08 380024
4.56787e+08 67077.6
4.56787e+08 7.45058
4.57011e+08 223584
4.57067e+08 55924.1
4.57369e+08 301845
4.57648e+08 279419
4.57648e+08 7.45058
4.57905e+08 257082
4.57972e+08 67062.7
4.58185e+08 212379
4.58297e+08 111811
4.59224e+08 927798
4.76832e+08 1.7608e+07
4.78196e+08 1.36351e+06
4.78252e+08 55886.8
4.78319e+08 67062.7
4.78386e+08 67070.1
4.78453e+08 67062.7
4.78587e+08 134118
4.78688e+08 100590
4.78732e+08 44710.9
4.78766e+08 33535.1
4.78822e+08 55886.8
4.78855e+08 33535.1
4.78978e+08 122942
4.79056e+08 78238.5
4.79056e+08 7.45058
4.79112e+08 55894.3
4.79135e+08 22359.2
4.79135e+08 7.45058
4.79146e+08 11183.3
4.79202e+08 55894.3
4.79202e+08 52.1541
4.79224e+08 22381.5
4.79291e+08 67070.1
4.79347e+08 55886.8
4.79347e+08 1
4.79414e+08 67098.9
4.79716e+08 301823
4.79861e+08 145316
4.79929e+08 67062.7
4.80063e+08 134178
4.80085e+08 22359.2
4.80487e+08 402413
4.80733e+08 245877
4.80834e+08 100590
4.81024e+08 190020
4.81113e+08 89421.9
4.81248e+08 134155
4.81371e+08 122979
4.82511e+08 1.14012e+06
5.0036e+08 1.78494e+07
5.01422e+08 1.06173e+06
5.01466e+08 44710.9
5.01612e+08 145301
5.01623e+08 11183.3
5.01668e+08 44710.9
5.01779e+08 111774
5.01891e+08 111766
5.01936e+08 44710.9
5.01936e+08 7.45058
5.02014e+08 78246
5.02048e+08 33535.1
5.02316e+08 268288
5.02394e+08 78246
5.02394e+08 7.45058
5.02417e+08 22359.2
5.02417e+08 7.45058
5.02428e+08 11183.3
5.02473e+08 44710.9
5.02528e+08 55901.7
5.02573e+08 44710.9
5.02763e+08 190020
5.02819e+08 55901.7
5.02819e+08 7.45058
5.02819e+08 7.45058
5.02841e+08 22381.5
5.02841e+08 1
5.03434e+08 592447
5.03523e+08 89459.1
5.03646e+08 122942
5.03903e+08 257090
5.03903e+08 7.45058
5.04127e+08 223547
5.0435e+08 223555
5.04462e+08 111781
5.0463e+08 167653
5.04686e+08 55901.7
5.04965e+08 279434
5.05189e+08 223547
5.06083e+08 894196
5.25053e+08 1.89698e+07
5.25634e+08 581168
5.25712e+08 78238.5
5.2579e+08 78238.5
5.25835e+08 44710.9
5.25902e+08 67062.7
5.26025e+08 122949
5.26025e+08 7.45058
5.26025e+08 7.45058
5.26103e+08 78246
5.26103e+08 7.45058
5.26137e+08 33535.1
5.26349e+08 212386
5.26394e+08 44740.7
5.26417e+08 22359.2
5.26417e+08 7.45058
5.26439e+08 22359.2
5.26439e+08 7.45058
5.26472e+08 33550
5.2654e+08 67092.5
5.26551e+08 11183.3
5.26562e+08 11183.3
5.26562e+08 7.45058
5.26573e+08 11183.3
5.26607e+08 33535.1
5.26618e+08 11190.8
5.26629e+08 11190.8
5.26629e+08 1
5.27266e+08 637143
5.27903e+08 637107
5.27959e+08 55886.8
5.28328e+08 368834
5.28373e+08 44710.9
5.28484e+08 111781
5.28641e+08 156499
5.28708e+08 67070.1
5.28764e+08 55894.3
5.28909e+08 145301
5.29099e+08 190027
5.292e+08 100590
5.3015e+08 950091
5.49791e+08 1.96411e+07
5.50406e+08 614688
5.50518e+08 111774
5.5054e+08 22359.2
5.5064e+08 100598
5.50741e+08 100598
5.50786e+08 44710.9
5.50786e+08 7.45058
5.50786e+08 7.45058
5.50797e+08 11183.3
5.50808e+08 11183.3
5.50808e+08 7.45058
5.5092e+08 111781
5.51043e+08 122964
5.51054e+08 11183.3
5.5111e+08 55886.8
5.51121e+08 11183.3
5.51121e+08 7.45058
5.51144e+08 22374.1
5.51177e+08 33557.4
5.51177e+08 7.45058
5.51233e+08 55886.8
5.51289e+08 55894.3
5.51334e+08 44710.9
5.51412e+08 78238.5
5.51613e+08 201181
5.51613e+08 7.45058
5.51613e+08 7.45058
5.51993e+08 380054
5.51993e+08 1
5.52563e+08 570103
5.5263e+08 67062.7
5.5282e+08 190027
5.52966e+08 145294
5.53323e+08 357635
5.53469e+08 145294
5.53469e+08 7.45058
5.53469e+08 7.45058
5.53558e+08 89414.4
5.53882e+08 324108
5.53938e+08 55894.3
5.54754e+08 815950
5.74885e+08 2.01306e+07
5.75399e+08 514105
5.75611e+08 212349
5.75667e+08 55886.8
5.75767e+08 100590
5.75913e+08 145294
5.75957e+08 44710.9
5.75957e+08 7.45058
5.76002e+08 44710.9
5.76002e+08 7.45058
5.76036e+08 33535.1
5.76069e+08 33535.1
5.76148e+08 78246
5.7617e+08 22359.2
5.76237e+08 67062.7
5.76304e+08 67062.7
5.76304e+08 7.45058
5.76304e+08 7.45058
5.76405e+08 100590
5.76528e+08 122972
5.76572e+08 44710.9
5.76572e+08 7.45058
5.76572e+08 7.45058
5.76595e+08 22359.2
5.76662e+08 67062.7
5.76706e+08 44710.9
5.76751e+08 44710.9
5.76818e+08 67062.7
5.77388e+08 570066
5.77388e+08 14.9012
5.77388e+08 1
5.78472e+08 1.0842e+06
5.78473e+08 7.45058
5.7864e+08 167653
5.7892e+08 279419
5.78998e+08 78238.5
5.78998e+08 7.45058
5.79143e+08 145301
5.79266e+08 122942
5.79423e+08 156477
5.79545e+08 122942
5.7968e+08 134140
5.80183e+08 502951
6.00583e+08 2.04009e+07
6.01031e+08 447042
6.01031e+08 7.45058
6.01142e+08 111766
6.01221e+08 78238.5
6.01377e+08 156477
6.01411e+08 33535.1
6.01411e+08 7.45058
6.01422e+08 11183.3
6.01422e+08 7.45058
6.01478e+08 55886.8
6.01668e+08 189997
6.01768e+08 100590
6.01791e+08 22359.2
6.01791e+08 7.45058
6.01791e+08 7.45058
6.01802e+08 11183.3
6.01802e+08 7.45058
6.01802e+08 7.45058
6.01925e+08 122949
6.01981e+08 55901.7
6.01992e+08 11183.3
6.02025e+08 33542.5
6.02048e+08 22359.2
6.02137e+08 89414.4
6.02171e+08 33535.1
6.02249e+08 78238.5
6.02282e+08 33535.1
6.02853e+08 570051
6.02998e+08 145316
6.0302e+08 22359.2
6.0387e+08 849448
6.0387e+08 1
6.03937e+08 67091.5
6.04048e+08 111766
6.04283e+08 234731
6.0435e+08 67062.7
6.04607e+08 257060
6.04697e+08 89414.4
6.05077e+08 379987
6.05267e+08 189997
6.05479e+08 212356
6.0568e+08 201210
6.05848e+08 167660
6.20491e+08 1.46433e+07
6.20502e+08 11198.2
6.20502e+08 7.45058
