2434 2000
6434 4000
14434 8000
30434 16000
62434 32000
126434 64000
254434 128000
510434 256000
1.02243e+06 512000
2.04643e+06 1.024e+06
4.09443e+06 2.048e+06
4.77439e+06 679957
4.77439e+06 1
8.38323e+06 3.60884e+06
8.38324e+06 7.45058
9.44641e+06 1.06318e+06
9.44641e+06 1
9.44643e+06 13.9012
1.12643e+07 1.81791e+06
1.12644e+07 22.3517
1.12644e+07 1
1.12755e+07 11182.3
1.26066e+07 1.33102e+06
1.29419e+07 335343
1.30537e+07 111766
1.31096e+07 55886.8
1.31096e+07 1
1.5525e+07 2.41548e+06
1.59722e+07 447147
1.59945e+07 22359.2
1.59946e+07 14.9012
1.60505e+07 55894.3
1.60505e+07 1
1.87345e+07 2.684e+06
1.88351e+07 100665
1.89022e+07 67062.7
1.89022e+07 7.45058
1.90251e+07 122942
1.90811e+07 55924.1
1.90811e+07 1
2.24583e+07 3.37729e+06
2.27267e+07 268318
2.27378e+07 11183.3
2.27379e+07 22.3517
2.27938e+07 55894.3
2.30732e+07 279479
2.31403e+07 67099.9
2.65769e+07 3.43658e+06
2.65769e+07 1
2.68901e+07 313169
2.69013e+07 11198.2
2.70355e+07 134178
2.70802e+07 44733.3
2.70802e+07 22.3517
2.71138e+07 33557.4
3.10428e+07 3.92902e+06
3.10428e+07 7.45058
3.10428e+07 1
3.13447e+07 301852
3.14117e+07 67070.1
3.15683e+07 156604
3.15683e+07 7.45058
3.15907e+07 22381.5
3.16802e+07 89444.2
3.61413e+07 4.46111e+06
3.61636e+07 22359.2
3.61636e+07 7.45058
3.64208e+07 257172
3.64208e+07 1
3.64544e+07 33541.5
3.67898e+07 335440
3.67898e+07 7.45058
3.68122e+07 22359.2
3.69575e+07 145383
4.18453e+07 4.88777e+06
4.18453e+07 7.45058
4.18789e+07 33564.9
4.22144e+07 335470
4.22144e+07 7.45058
4.22144e+07 1
4.22144e+07 6.45058
4.25386e+07 324205
4.25386e+07 22.3517
4.25498e+07 11190.8
4.2684e+07 134237
4.82978e+07 5.61375e+06
4.82978e+07 7.45058
4.83202e+07 22441.1
4.87563e+07 436030
4.88457e+07 89436.8
4.88792e+07 33535.1
4.88792e+07 7.45058
4.88792e+07 1
4.91252e+07 245987
4.91252e+07 7.45058
4.91476e+07 22359.2
4.94272e+07 279635
5.51572e+07 5.72997e+06
5.51572e+07 7.45058
5.51908e+07 33564.9
5.57274e+07 536650
5.57721e+07 44710.9
5.58727e+07 100605
5.58839e+07 11190.8
5.58839e+07 7.45058
5.58839e+07 1
5.59175e+07 33571.3
5.59175e+07 7.45058
5.59175e+07 22.3517
5.65996e+07 682041
6.26954e+07 6.09581e+06
6.27737e+07 78305.6
6.28296e+07 55939
6.34782e+07 648558
6.35006e+07 22366.6
6.35006e+07 7.45058
6.35006e+07 7.45058
6.35006e+07 7.45058
6.35006e+07 7.45058
6.35006e+07 1
6.36459e+07 145352
6.36459e+07 7.45058
6.3646e+07 7.45058
6.4328e+07 682011
7.08122e+07 6.48421e+06
7.09129e+07 100739
7.10471e+07 134163
7.17068e+07 659697
7.17515e+07 44740.7
7.17851e+07 33535.1
7.18186e+07 33535.1
7.18186e+07 7.45058
7.18186e+07 7.45058
7.18186e+07 7.45058
7.20645e+07 245929
7.20645e+07 1
7.20645e+07 6.45058
7.20981e+07 33550
7.26685e+07 570357
7.95019e+07 6.83346e+06
7.96921e+07 190146
7.97593e+07 67234
8.06202e+07 860900
8.07655e+07 145294
8.07655e+07 7.45058
8.07655e+07 14.9012
8.07991e+07 33557.4
8.08549e+07 55886.8
8.08885e+07 33542.5
8.09891e+07 100628
8.09891e+07 7.45058
8.09891e+07 1
8.09891e+07 6.45058
8.10115e+07 22374.1
8.15259e+07 514396
8.86428e+07 7.11693e+06
8.88554e+07 212587
8.89562e+07 100762
9.00965e+07 1.14031e+06
9.01636e+07 67077.6
9.01971e+07 33550
9.02195e+07 22381.5
9.02195e+07 14.9012
9.02531e+07 33535.1
9.02642e+07 11183.3
9.02978e+07 33557.4
9.02978e+07 7.45058
9.02978e+07 14.9012
9.02978e+07 14.9012
9.02978e+07 1
9.03314e+07 33541.5
9.10136e+07 682220
9.8508e+07 7.49436e+06
9.87093e+07 201322
9.88884e+07 179164
1.00163e+08 1.2744e+06
1.00219e+08 55916.6
1.00263e+08 44718.4
1.00263e+08 7.45058
1.00286e+08 22396.4
1.00286e+08 7.45058
1.00342e+08 55916.6
1.00387e+08 44710.9
1.00387e+08 14.9012
1.00387e+08 7.45058
1.00387e+08 7.45058
1.00387e+08 14.9012
1.00387e+08 1
1.00398e+08 11182.3
1.01192e+08 793979
1.08888e+08 7.69606e+06
1.091e+08 212446
1.09335e+08 235029
1.10532e+08 1.19625e+06
1.10755e+08 223540
1.10777e+08 22359.2
1.10789e+08 11190.8
1.10822e+08 33550
1.10822e+08 7.45058
1.10878e+08 55886.8
1.10878e+08 14.9012
1.10878e+08 29.8023
1.10878e+08 22.3517
1.10878e+08 7.45058
1.10889e+08 11198.2
1.10889e+08 7.45058
1.10889e+08 7.45058
1.10889e+08 1
1.11862e+08 972970
1.19806e+08 7.944e+06
1.2003e+08 223607
1.20265e+08 235155
1.21841e+08 1.57624e+06
1.21886e+08 44748.2
1.21886e+08 7.45058
1.21897e+08 11205.7
1.21897e+08 29.8023
1.21897e+08 7.45058
1.21897e+08 7.45058
1.21897e+08 22.3517
1.21909e+08 11190.8
1.2192e+08 11190.8
1.2192e+08 7.45058
1.21942e+08 22411.3
1.21942e+08 7.45058
1.21942e+08 7.45058
1.21965e+08 22366.6
1.21965e+08 1
1.23094e+08 1.12948e+06
1.31089e+08 7.99535e+06
1.31525e+08 435911
1.31939e+08 414096
1.33437e+08 1.49798e+06
1.33538e+08 100628
1.33538e+08 7.45058
1.3356e+08 22374.1
1.33572e+08 11198.2
1.33572e+08 7.45058
1.33572e+08 7.45058
1.33572e+08 7.45058
1.33583e+08 11190.8
1.33583e+08 7.45058
1.33583e+08 7.45058
1.33616e+08 33587.2
1.33639e+08 22374.1
1.33639e+08 7.45058
1.33739e+08 100628
1.33751e+08 11190.8
1.34925e+08 1.17426e+06
1.34925e+08 1
1.4333e+08 8.40566e+06
1.43521e+08 190154
1.44158e+08 637539
1.45589e+08 1.43108e+06
1.45723e+08 134185
1.45723e+08 7.45058
1.45802e+08 78283.3
1.45802e+08 7.45058
1.45813e+08 11183.3
1.45813e+08 7.45058
1.45813e+08 14.9012
1.45824e+08 11183.3
1.45835e+08 11183.3
1.45835e+08 7.45058
1.4588e+08 44718.4
1.45925e+08 44725.8
1.45925e+08 7.45058
1.45992e+08 67085
1.46014e+08 22426.2
1.47256e+08 1.24136e+06
1.47256e+08 7.45058
1.47256e+08 1
1.55777e+08 8.52168e+06
1.56079e+08 301987
1.56818e+08 738241
1.5826e+08 1.44222e+06
1.58428e+08 167727
1.58428e+08 7.45058
1.5845e+08 22359.2
1.58472e+08 22359.2
1.58472e+08 7.45058
1.58528e+08 55886.8
1.58539e+08 11190.8
1.58539e+08 7.45058
1.58562e+08 22359.2
1.58595e+08 33550
1.58595e+08 22.3517
1.58662e+08 67099.9
1.58662e+08 7.45058
1.58696e+08 33579.8
1.58741e+08 44830.1
1.60217e+08 1.47605e+06
1.60217e+08 7.45058
1.60262e+08 44748.2
1.68839e+08 8.57777e+06
1.68839e+08 1
1.69085e+08 246062
1.69656e+08 570484
1.71355e+08 1.69937e+06
1.71501e+08 145383
1.71534e+08 33542.5
1.71534e+08 7.45058
1.71545e+08 11183.3
1.71557e+08 11183.3
1.71557e+08 7.45058
1.71557e+08 7.45058
1.71568e+08 11183.3
1.71601e+08 33564.9
1.71635e+08 33550
1.71657e+08 22374.1
1.7168e+08 22396.4
1.7168e+08 7.45058
1.71736e+08 55946.4
1.7197e+08 234857
1.7329e+08 1.31967e+06
1.7329e+08 7.45058
1.7338e+08 89474
1.82128e+08 8.74797e+06
1.82206e+08 78246
1.82206e+08 1
1.82441e+08 234983
1.83224e+08 782974
1.84811e+08 1.58748e+06
1.85068e+08 257112
1.8508e+08 11198.2
1.8508e+08 7.45058
1.85113e+08 33535.1
1.85113e+08 7.45058
1.85113e+08 7.45058
1.85113e+08 29.8023
1.85113e+08 7.45058
1.85136e+08 22403.9
1.85158e+08 22366.6
1.85192e+08 33631.9
1.85203e+08 11190.8
1.85203e+08 7.45058
1.85225e+08 22389
1.85494e+08 268422
1.8697e+08 1.47605e+06
1.86981e+08 11205.7
1.87204e+08 223584
1.9624e+08 9.03601e+06
1.96296e+08 55901.7
1.9633e+08 33550
1.96543e+08 212707
1.96543e+08 1
1.97594e+08 1.05114e+06
1.98991e+08 1.3975e+06
1.99137e+08 145391
1.9917e+08 33542.5
1.99204e+08 33535.1
1.99226e+08 22359.2
1.99226e+08 7.45058
1.99226e+08 22.3517
1.99248e+08 22359.2
1.99248e+08 7.45058
1.9926e+08 11198.2
1.99282e+08 22426.2
1.99316e+08 33639.4
1.99327e+08 11183.3
1.99338e+08 11183.3
1.9936e+08 22389
1.99685e+08 324368
2.01306e+08 1.62125e+06
2.01328e+08 22381.5
2.0153e+08 201270
2.10776e+08 9.24588e+06
2.10865e+08 89459.1
2.10865e+08 7.45058
2.11156e+08 290997
2.11156e+08 7.45058
2.11156e+08 1
2.12364e+08 1.20769e+06
2.13739e+08 1.37512e+06
2.13851e+08 111885
2.13862e+08 11213.1
2.13918e+08 55894.3
2.13918e+08 7.45058
2.13918e+08 7.45058
2.1394e+08 22359.2
2.13963e+08 22359.2
2.13963e+08 7.45058
2.13985e+08 22374.1
2.14019e+08 33557.4
2.14097e+08 78365.2
2.14108e+08 11183.3
2.14108e+08 7.45058
2.14119e+08 11242.9
2.14488e+08 369102
2.16143e+08 1.65474e+06
2.16199e+08 55901.7
2.16501e+08 301972
2.25933e+08 9.43213e+06
2.25978e+08 44770.5
2.26e+08 22374.1
2.26347e+08 347048
2.26347e+08 37.2529
2.26347e+08 7.45058
2.27667e+08 1.31937e+06
2.27667e+08 1
2.29076e+08 1.4087e+06
2.29154e+08 78357.8
2.29232e+08 78253.4
2.29266e+08 33550
2.29266e+08 7.45058
2.29277e+08 11183.3
2.29277e+08 7.45058
2.29277e+08 7.45058
2.29288e+08 11183.3
2.29299e+08 11190.8
2.29333e+08 33579.8
2.29434e+08 100739
2.29434e+08 7.45058
2.29434e+08 22.3517
2.29456e+08 22456
2.29948e+08 492059
2.31703e+08 1.75525e+06
2.31815e+08 111826
2.32017e+08 201374
2.41623e+08 9.60666e+06
2.4169e+08 67077.6
2.4169e+08 7.45058
2.42149e+08 458784
2.42183e+08 33550
2.42194e+08 11190.8
2.4358e+08 1.38655e+06
2.4358e+08 7.45058
2.4358e+08 1
2.44967e+08 1.38633e+06
2.4509e+08 123046
2.4519e+08 100620
2.4519e+08 14.9012
2.45202e+08 11190.8
2.45213e+08 11190.8
2.45213e+08 7.45058
2.45213e+08 7.45058
2.45213e+08 7.45058
2.45213e+08 44.7035
2.45246e+08 33594.7
2.45358e+08 111930
2.45358e+08 22.3517
2.45358e+08 29.8023
2.45359e+08 52.1541
2.45962e+08 603810
2.47785e+08 1.82229e+06
2.47997e+08 212438
2.48131e+08 134334
2.57927e+08 9.79532e+06
2.57983e+08 55916.6
2.58005e+08 22366.6
2.58586e+08 581473
2.58609e+08 22381.5
2.58665e+08 55946.4
2.59839e+08 1.17442e+06
2.59895e+08 55894.3
2.59895e+08 7.45058
2.61449e+08 1.55395e+06
2.61449e+08 1
2.61617e+08 167801
2.61673e+08 55924.1
2.61673e+08 7.45058
2.61695e+08 22403.9
2.61706e+08 11190.8
2.61706e+08 7.45058
2.61706e+08 7.45058
2.61706e+08 7.45058
2.61706e+08 7.45058
2.61729e+08 22389
2.61841e+08 112019
2.61841e+08 7.45058
2.61852e+08 11190.8
2.61852e+08 44.7035
2.63059e+08 1.20733e+06
2.64491e+08 1.43111e+06
2.64636e+08 145391
2.64681e+08 44912.1
2.74871e+08 1.01898e+07
2.74949e+08 78298.2
2.74949e+08 7.45058
2.75385e+08 436023
2.75541e+08 156470
2.75642e+08 100717
2.76627e+08 984617
2.76705e+08 78238.5
2.76772e+08 67085
2.78538e+08 1.76626e+06
2.78561e+08 22366.6
2.78561e+08 1
2.78729e+08 167823
2.78762e+08 33587.2
2.78762e+08 7.45058
2.78796e+08 33550
2.78796e+08 7.45058
2.78796e+08 22.3517
2.78796e+08 7.45058
2.78796e+08 22.3517
2.78796e+08 29.8023
2.78818e+08 22493.3
2.78953e+08 134237
2.78953e+08 14.9012
2.78953e+08 14.9012
2.78964e+08 11205.7
2.80428e+08 1.4644e+06
2.81658e+08 1.22995e+06
2.81848e+08 190102
2.81927e+08 78439.7
2.92381e+08 1.04544e+07
2.92504e+08 122987
2.92504e+08 7.45058
2.92795e+08 290714
2.92795e+08 7.45058
2.93074e+08 279434
2.94271e+08 1.19696e+06
2.94282e+08 11190.8
2.94327e+08 44725.8
2.96239e+08 1.91177e+06
2.9625e+08 11190.8
2.96261e+08 11183.3
2.96429e+08 167772
2.96429e+08 1
2.96474e+08 44806.8
2.96474e+08 59.6046
2.96485e+08 11250.4
2.96485e+08 7.45058
2.96485e+08 14.9012
2.96485e+08 7.45058
2.96485e+08 29.8023
2.96485e+08 22.3517
2.96519e+08 33542.5
2.96642e+08 123061
2.96675e+08 33550
2.96687e+08 11183.3
2.96731e+08 44725.8
2.98598e+08 1.86674e+06
2.99593e+08 995338
2.99638e+08 44770.5
2.9975e+08 111967
3.10478e+08 1.07277e+07
3.10545e+08 67099.9
3.10601e+08 55916.6
3.10903e+08 301838
3.10903e+08 7.45058
3.11126e+08 223555
3.1239e+08 1.26411e+06
3.1239e+08 7.45058
3.12435e+08 44710.9
3.14503e+08 2.0683e+06
3.14503e+08 7.45058
3.14503e+08 7.45058
3.14671e+08 167735
3.14671e+08 14.9012
3.14671e+08 1
3.14716e+08 44873.8
3.14727e+08 11235.5
3.14727e+08 29.8023
3.14727e+08 7.45058
3.14727e+08 22.3517
3.14727e+08 7.45058
3.14738e+08 11190.8
3.1475e+08 11183.3
3.14783e+08 33542.5
3.14917e+08 134237
3.14962e+08 44718.4
3.14973e+08 11213.1
3.15029e+08 55924.1
3.1712e+08 2.09024e+06
3.18037e+08 917129
3.18059e+08 22471
3.1816e+08 100717
3.29166e+08 1.10065e+07
3.29312e+08 145338
3.29356e+08 44725.8
3.29703e+08 346586
3.29736e+08 33542.5
3.29748e+08 11183.3
3.31235e+08 1.48764e+06
3.31235e+08 7.45058
3.31269e+08 33557.4
3.3336e+08 2.0907e+06
3.3336e+08 7.45058
3.3336e+08 7.45058
3.3355e+08 190139
3.33561e+08 11183.3
3.33561e+08 22.3517
3.33606e+08 44830.1
3.33606e+08 1
3.33606e+08 80.9564
3.33606e+08 14.9012
3.33606e+08 7.45058
3.33617e+08 11190.8
3.33617e+08 14.9012
3.33628e+08 11183.3
3.33628e+08 7.45058
3.33695e+08 67085
3.33863e+08 167765
3.33874e+08 11198.2
3.34232e+08 357665
3.34478e+08 245892
3.35909e+08 1.43082e+06
3.37027e+08 1.11838e+06
3.37049e+08 22389
3.37206e+08 156686
3.48467e+08 1.12607e+07
3.48668e+08 201225
3.48735e+08 67107.4
3.49104e+08 368878
3.49115e+08 11183.3
3.49149e+08 33564.9
3.50513e+08 1.36467e+06
3.50536e+08 22359.2
3.50592e+08 55916.6
3.52817e+08 2.22495e+06
3.52817e+08 7.45058
3.5285e+08 33535.1
3.5304e+08 190116
3.5304e+08 14.9012
3.5304e+08 7.45058
3.53096e+08 55998.6
3.53096e+08 14.9012
3.53096e+08 1
3.53096e+08 73.5058
3.53108e+08 11205.7
3.53108e+08 22.3517
3.5313e+08 22359.2
3.53141e+08 11183.3
3.53164e+08 22366.6
3.53175e+08 11183.3
3.53208e+08 33564.9
3.53845e+08 637151
3.53935e+08 89421.9
3.54237e+08 301786
3.54304e+08 67070.1
3.556e+08 1.29673e+06
3.56562e+08 961877
3.56585e+08 22389
3.56809e+08 223801
3.68462e+08 1.16536e+07
3.68719e+08 257134
3.68798e+08 78260.9
3.69166e+08 368863
3.69166e+08 7.45058
3.69189e+08 22396.4
3.70475e+08 1.28629e+06
3.70498e+08 22389
3.70665e+08 167698
3.73002e+08 2.33681e+06
3.73002e+08 7.45058
3.73013e+08 11190.8
3.7317e+08 156619
3.73192e+08 22389
3.73203e+08 11198.2
3.73237e+08 33617
3.73237e+08 7.45058
3.73237e+08 7.45058
3.73237e+08 89.407
3.73237e+08 1
3.73248e+08 11241.9
3.73293e+08 44740.7
3.73293e+08 7.45058
3.73316e+08 22374.1
3.73349e+08 33542.5
3.7336e+08 11183.3
3.73416e+08 55901.7
3.74377e+08 961222
3.744e+08 22359.2
3.74411e+08 11205.7
3.745e+08 89414.4
3.75942e+08 1.44207e+06
3.76737e+08 794210
3.76737e+08 7.45058
3.76871e+08 134431
3.88955e+08 1.20843e+07
3.89313e+08 357702
3.89637e+08 324152
3.89727e+08 89436.8
3.89727e+08 7.45058
3.89771e+08 44778
3.90924e+08 1.15208e+06
3.91046e+08 122972
3.91192e+08 145391
3.93641e+08 2.44868e+06
3.93641e+08 7.45058
3.93641e+08 7.45058
3.9382e+08 179000
3.93842e+08 22366.6
3.93842e+08 22.3517
3.93887e+08 44815.2
3.93887e+08 7.45058
3.93887e+08 7.45058
3.93898e+08 11287.6
3.93898e+08 7.45058
3.93898e+08 1
3.93932e+08 33586.2
3.93965e+08 33564.9
3.93976e+08 11183.3
3.94055e+08 78238.5
3.94088e+08 33535.1
3.94189e+08 100590
3.94423e+08 234701
3.95094e+08 670642
3.95116e+08 22359.2
3.95184e+08 67085
3.95318e+08 134133
3.96726e+08 1.40857e+06
3.97409e+08 682414
3.97409e+08 7.45058
3.97554e+08 145644
4.10058e+08 1.25039e+07
4.10528e+08 469446
4.10852e+08 324130
4.10874e+08 22374.1
4.10874e+08 14.9012
4.10997e+08 123106
4.12093e+08 1.09601e+06
4.12183e+08 89481.5
4.12328e+08 145383
4.14833e+08 2.50456e+06
4.14866e+08 33550
4.14866e+08 14.9012
4.15045e+08 179149
4.15068e+08 22381.5
4.15079e+08 11213.1
4.15124e+08 44815.2
4.15124e+08 14.9012
4.15124e+08 14.9012
4.15124e+08 52.1541
4.15124e+08 7.45058
4.15135e+08 11198.2
4.15348e+08 212409
4.15348e+08 1
4.15694e+08 346466
4.15739e+08 44710.9
4.15929e+08 189997
4.16175e+08 245884
4.16208e+08 33535.1
4.16286e+08 78246
4.16622e+08 335343
4.16622e+08 7.45058
4.16812e+08 190020
4.16868e+08 55901.7
4.18276e+08 1.40862e+06
4.18735e+08 458963
4.18735e+08 7.45058
4.18858e+08 123210
4.31777e+08 1.2919e+07
4.3228e+08 503033
4.32571e+08 290610
4.32593e+08 22366.6
4.32593e+08 7.45058
4.32761e+08 167787
4.33768e+08 1.00651e+06
4.33924e+08 156567
4.34025e+08 100665
4.36474e+08 2.44881e+06
4.36485e+08 11198.2
4.36541e+08 55946.4
4.36843e+08 302069
4.36877e+08 33579.8
4.36888e+08 11220.6
4.3691e+08 22418.8
4.36921e+08 11183.3
4.36933e+08 11183.3
4.37033e+08 100620
4.37056e+08 22366.6
4.3729e+08 234731
4.3767e+08 380024
4.37693e+08 22359.2
4.37693e+08 1
4.37726e+08 33534.1
4.38106e+08 379987
4.3824e+08 134125
4.38419e+08 178821
4.38419e+08 7.45058
4.38531e+08 111789
4.38799e+08 268281
4.38855e+08 55894.3
4.39e+08 145309
4.39202e+08 201225
4.4042e+08 1.21865e+06
4.40667e+08 246570
4.40667e+08 7.45058
4.40801e+08 134438
4.54077e+08 1.32752e+07
4.54635e+08 558868
4.54893e+08 257090
4.54904e+08 11257.8
4.54904e+08 7.45058
4.5515e+08 246048
4.56067e+08 917085
4.56291e+08 223607
4.56369e+08 78246
4.58885e+08 2.51599e+06
4.58907e+08 22374.1
4.58918e+08 11250.4
4.59276e+08 357993
4.59288e+08 11242.9
4.5931e+08 22389
4.59567e+08 257090
4.59589e+08 22359.2
4.59589e+08 7.45058
4.59634e+08 44710.9
4.59746e+08 111818
4.59891e+08 145294
4.60182e+08 290588
4.60271e+08 89414.4
4.60662e+08 391178
4.60662e+08 1
4.60674e+08 11182.3
4.60763e+08 89414.4
4.60908e+08 145294
4.60953e+08 44710.9
4.60953e+08 7.45058
4.61121e+08 167675
4.61288e+08 167690
4.61411e+08 122949
4.61881e+08 469491
4.61959e+08 78260.9
4.62943e+08 983916
4.63212e+08 268951
4.63212e+08 7.45058
4.63492e+08 279978
4.77002e+08 1.35099e+07
4.77538e+08 536501
4.77896e+08 357695
4.7793e+08 33557.4
4.77941e+08 11183.3
4.78176e+08 234865
4.7897e+08 794217
4.79294e+08 324160
4.79372e+08 78275.8
4.81821e+08 2.44898e+06
4.81833e+08 11198.2
4.81911e+08 78387.6
4.82235e+08 324436
4.82638e+08 402406
4.82761e+08 123002
4.82817e+08 55886.8
4.82917e+08 100590
4.83007e+08 89414.4
4.83051e+08 44710.9
4.8323e+08 178821
4.83241e+08 11183.3
4.83264e+08 22359.2
4.83387e+08 122949
4.83834e+08 447057
4.83834e+08 7.45058
4.84013e+08 178821
4.84013e+08 1
4.84024e+08 11182.3
4.84035e+08 11183.3
4.84035e+08 7.45058
4.8408e+08 44710.9
4.84247e+08 167668
4.84516e+08 268288
4.84974e+08 458278
4.85265e+08 290647
4.8532e+08 55909.2
4.86148e+08 827461
4.8645e+08 302449
4.86473e+08 22374.1
4.86742e+08 268862
5.0052e+08 1.37787e+07
5.01068e+08 547692
5.01336e+08 268266
5.01493e+08 156485
5.01526e+08 33535.1
5.01672e+08 145413
5.02544e+08 872545
5.02801e+08 257134
5.0298e+08 178836
5.0544e+08 2.46014e+06
5.05463e+08 22389
5.05485e+08 22411.3
5.06089e+08 604056
5.06391e+08 301793
5.06905e+08 514098
5.06905e+08 7.45058
5.06927e+08 22359.2
5.07006e+08 78238.5
5.0705e+08 44710.9
5.07196e+08 145294
5.07196e+08 7.45058
5.07196e+08 7.45058
5.07497e+08 301771
5.07542e+08 44710.9
5.07542e+08 7.45058
5.07576e+08 33535.1
5.07576e+08 7.45058
5.07576e+08 1
5.07587e+08 11182.3
5.07688e+08 100590
5.07732e+08 44710.9
5.07743e+08 11183.3
5.07777e+08 33550
5.08749e+08 972442
5.08872e+08 122942
5.08973e+08 100642
5.09074e+08 100605
5.09845e+08 771619
5.10181e+08 335976
5.10192e+08 11198.2
5.10528e+08 335932
5.24594e+08 1.40653e+07
5.25153e+08 558898
5.25365e+08 212371
5.25421e+08 55886.8
5.25454e+08 33535.1
5.25834e+08 380114
5.26797e+08 962034
5.27042e+08 245944
5.2711e+08 67070.1
5.29458e+08 2.34827e+06
5.29715e+08 257179
5.29726e+08 11310
5.309e+08 1.174e+06
5.31169e+08 268288
5.31292e+08 122942
5.31303e+08 11183.3
5.31325e+08 22359.2
5.31549e+08 223525
5.31683e+08 134118
5.31772e+08 89414.4
5.31839e+08 67062.7
5.31839e+08 7.45058
5.31917e+08 78253.4
5.31929e+08 11183.3
5.31951e+08 22359.2
5.31951e+08 7.45058
5.31962e+08 11183.3
5.32029e+08 67062.7
5.32063e+08 33535.1
5.32063e+08 1
5.32219e+08 156469
5.3223e+08 11183.3
5.32286e+08 55886.8
5.32398e+08 111789
5.33158e+08 760093
5.33158e+08 7.45058
5.33281e+08 122957
5.33438e+08 156522
5.34176e+08 738122
5.34635e+08 458851
5.34646e+08 11183.3
5.35015e+08 369534
5.49351e+08 1.43357e+07
5.49776e+08 424802
5.49899e+08 122972
5.50033e+08 134133
5.50089e+08 55894.3
5.50536e+08 447169
5.51666e+08 1.12973e+06
5.51856e+08 190072
5.51979e+08 122942
5.54215e+08 2.23646e+06
5.54416e+08 201240
5.54551e+08 134185
5.5568e+08 1.12952e+06
5.56071e+08 391215
5.56071e+08 7.45058
5.56094e+08 22359.2
5.56183e+08 89414.4
5.56217e+08 33535.1
5.56384e+08 167646
5.56563e+08 178821
5.56586e+08 22359.2
5.56586e+08 7.45058
5.56943e+08 357658
5.56943e+08 7.45058
5.56943e+08 7.45058
5.56954e+08 11183.3
5.56954e+08 7.45058
5.5701e+08 55886.8
5.57122e+08 111766
5.57167e+08 44710.9
5.57167e+08 1
5.57189e+08 22365.6
5.57256e+08 67062.7
5.5739e+08 134125
5.57502e+08 111774
5.58139e+08 637121
5.58173e+08 33550
5.58285e+08 111803
5.58363e+08 78283.3
5.59101e+08 738159
5.5956e+08 458807
5.5956e+08 7.45058
5.59941e+08 380725
5.74653e+08 1.47129e+07
5.75011e+08 357658
5.75067e+08 55909.2
5.75279e+08 212386
5.75391e+08 111766
5.75838e+08 447206
5.7718e+08 1.34213e+06
5.77292e+08 111811
5.77292e+08 7.45058
5.79652e+08 2.35949e+06
5.79719e+08 67085
5.79954e+08 234760
5.81161e+08 1.20778e+06
5.81586e+08 424750
5.81664e+08 78246
5.81676e+08 11183.3
5.81676e+08 7.45058
5.8172e+08 44718.4
5.8181e+08 89414.4
5.81854e+08 44710.9
5.81877e+08 22359.2
5.82011e+08 134118
5.82424e+08 413544
5.82447e+08 22359.2
5.82469e+08 22359.2
5.82581e+08 111766
5.8267e+08 89414.4
5.8267e+08 7.45058
5.82693e+08 22359.2
5.82693e+08 7.45058
5.82715e+08 22359.2
5.82939e+08 223540
5.82939e+08 1
5.82939e+08 6.45058
5.83028e+08 89429.3
5.83498e+08 469446
5.83576e+08 78260.9
5.83609e+08 33542.5
5.83744e+08 134170
5.83878e+08 134148
5.84593e+08 715844
5.85142e+08 548191
5.85142e+08 14.9012
5.855e+08 358395
6.00508e+08 1.50081e+07
6.00575e+08 67062.7
6.00709e+08 134140
