2477 2000
6477 4000
14477 8000
30477 16000
62477 32000
126477 64000
254477 128000
510477 256000
1.02248e+06 512000
2.04648e+06 1.024e+06
4.09448e+06 2.048e+06
4.82325e+06 728775
4.82325e+06 1
8.31528e+06 3.49203e+06
8.31529e+06 7.45058
9.84033e+06 1.52504e+06
9.84033e+06 1
9.94443e+06 104098
1.23572e+07 2.4128e+06
1.23572e+07 14.9012
1.23572e+07 1
1.23573e+07 6.45058
1.44521e+07 2.09486e+06
1.45701e+07 117982
1.45974e+07 27354.8
1.47577e+07 160220
1.47577e+07 1
1.76948e+07 2.93712e+06
1.77911e+07 96280.6
1.78582e+07 67099.9
1.79224e+07 64239.6
1.80342e+07 111803
1.80342e+07 1
2.1604e+07 3.56974e+06
2.16152e+07 11228
2.16264e+07 11183.3
2.1794e+07 167653
2.1917e+07 122949
2.1917e+07 7.45058
2.1917e+07 1
2.57464e+07 3.82946e+06
2.57912e+07 44755.6
2.58359e+07 44733.3
2.58359e+07 7.45058
2.59813e+07 145376
2.60037e+07 22359.2
2.60708e+07 67114.8
3.00472e+07 3.9764e+06
3.00472e+07 1
3.00807e+07 33534.1
3.01143e+07 33550
3.01143e+07 7.45058
3.03715e+07 257179
3.03826e+07 11190.8
3.04945e+07 111848
3.46768e+07 4.18234e+06
3.46768e+07 7.45058
3.46768e+07 1
3.46768e+07 6.45058
3.4688e+07 11190.8
3.4688e+07 7.45058
3.49228e+07 234775
3.49228e+07 7.45058
3.52247e+07 301860
3.99775e+07 4.75286e+06
3.99775e+07 7.45058
3.99776e+07 7.45058
3.99776e+07 14.9012
3.99776e+07 1
3.99876e+07 10013.9
3.99976e+07 10003.5
4.01613e+07 163684
4.01613e+07 7.45058
4.05749e+07 413582
4.60099e+07 5.43505e+06
4.60099e+07 7.45058
4.60099e+07 7.45058
4.60099e+07 7.45058
4.60099e+07 7.45058
4.60099e+07 1
4.601e+07 28.8023
4.601e+07 7.45058
4.60101e+07 89.407
4.60323e+07 22279.2
4.61738e+07 141439
5.25703e+07 6.39652e+06
5.25703e+07 7.45058
5.25703e+07 7.45058
5.25703e+07 7.45058
5.25703e+07 7.45058
5.25703e+07 7.45058
5.25704e+07 44.7035
5.25704e+07 1
5.25704e+07 6.45058
5.25705e+07 149.012
5.26904e+07 119882
5.26906e+07 216.067
5.98209e+07 7.13023e+06
5.98209e+07 7.45058
5.98209e+07 7.45058
5.98209e+07 7.45058
5.98209e+07 7.45058
5.98209e+07 7.45058
5.9821e+07 52.1541
5.9821e+07 7.45058
5.9821e+07 1
5.9821e+07 13.9012
5.98211e+07 81.9564
5.98251e+07 4083.06
5.98252e+07 59.6046
6.75595e+07 7.73431e+06
6.75595e+07 7.45058
6.75595e+07 7.45058
6.75596e+07 37.2529
6.75596e+07 29.8023
6.75596e+07 22.3517
6.75597e+07 59.6046
6.75597e+07 7.45058
6.75597e+07 7.45058
6.75597e+07 1
6.75597e+07 6.45058
6.75598e+07 52.1541
6.75822e+07 22411.3
6.75822e+07 22.3517
7.59646e+07 8.38237e+06
7.59646e+07 7.45058
7.59646e+07 7.45058
7.59646e+07 7.45058
7.59646e+07 7.45058
7.59646e+07 7.45058
7.59646e+07 14.9012
7.59646e+07 7.45058
7.59646e+07 7.45058
7.59646e+07 7.45058
7.59646e+07 7.45058
7.59646e+07 1
7.59647e+07 36.2529
7.59871e+07 22411.3
7.59872e+07 81.9564
8.49681e+07 8.98088e+06
8.49681e+07 44.7035
8.49681e+07 14.9012
8.49681e+07 14.9012
8.49682e+07 29.8023
8.49682e+07 44.7035
8.49794e+07 11198.2
8.49794e+07 7.45058
8.49794e+07 29.8023
8.49794e+07 7.45058
8.49906e+07 11190.8
8.49906e+07 14.9012
8.49907e+07 1
8.49907e+07 6.45058
8.49907e+07 67.0552
8.49908e+07 44.7035
9.45136e+07 9.52284e+06
9.45136e+07 7.45058
9.45136e+07 7.45058
9.45136e+07 7.45058
9.45136e+07 14.9012
9.45249e+07 11213.1
9.45361e+07 11198.2
9.45361e+07 7.45058
9.45361e+07 22.3517
9.45361e+07 7.45058
9.45361e+07 44.7035
9.45362e+07 104.308
9.45363e+07 59.6046
9.45363e+07 7.45058
9.45363e+07 1
9.45363e+07 36.2529
9.45364e+07 14.9012
1.04705e+08 1.01687e+07
1.04705e+08 7.45058
1.04705e+08 7.45058
1.04705e+08 7.45058
1.04705e+08 7.45058
1.04705e+08 14.9012
1.04705e+08 37.2529
1.04716e+08 11198.2
1.04716e+08 22.3517
1.04716e+08 7.45058
1.04716e+08 7.45058
1.04716e+08 44.7035
1.04716e+08 37.2529
1.04717e+08 52.1541
1.04717e+08 14.9012
1.04717e+08 1
1.04717e+08 21.3517
1.04717e+08 37.2529
1.15478e+08 1.07613e+07
1.15478e+08 7.45058
1.15478e+08 7.45058
1.15478e+08 14.9012
1.15489e+08 11183.3
1.15489e+08 7.45058
1.15489e+08 7.45058
1.15489e+08 7.45058
1.15489e+08 14.9012
1.15489e+08 7.45058
1.15489e+08 14.9012
1.15489e+08 22.3517
1.15489e+08 29.8023
1.15489e+08 37.2529
1.15489e+08 74.5058
1.15489e+08 7.45058
1.15489e+08 7.45058
1.15489e+08 1
1.15489e+08 6.45058
1.26881e+08 1.13919e+07
1.26881e+08 14.9012
1.26881e+08 7.45058
1.26881e+08 29.8023
1.26893e+08 11242.9
1.26893e+08 14.9012
1.26893e+08 7.45058
1.26893e+08 37.2529
1.26893e+08 22.3517
1.26893e+08 14.9012
1.26893e+08 14.9012
1.26893e+08 14.9012
1.26893e+08 7.45058
1.26893e+08 29.8023
1.26904e+08 11235.5
1.26904e+08 7.45058
1.26904e+08 14.9012
1.26904e+08 7.45058
1.26904e+08 1
1.26904e+08 6.45058
1.38805e+08 1.19011e+07
1.38805e+08 7.45058
1.38805e+08 22.3517
1.38805e+08 7.45058
1.38817e+08 11339.8
1.38817e+08 7.45058
1.38817e+08 22.3517
1.38817e+08 7.45058
1.38817e+08 22.3517
1.38817e+08 14.9012
1.38817e+08 14.9012
1.38817e+08 22.3517
1.38817e+08 7.45058
1.38817e+08 37.2529
1.38828e+08 11235.5
1.38828e+08 7.45058
1.38828e+08 22.3517
1.38828e+08 7.45058
1.38828e+08 37.2529
1.38828e+08 7.45058
1.38828e+08 1
1.51321e+08 1.2493e+07
1.51321e+08 14.9012
1.51332e+08 11213.1
1.51332e+08 7.45058
1.51332e+08 171.363
1.51332e+08 7.45058
1.51332e+08 29.8023
1.51332e+08 7.45058
1.51332e+08 7.45058
1.51332e+08 7.45058
1.51333e+08 7.45058
1.51333e+08 29.8023
1.51333e+08 52.1541
1.51333e+08 14.9012
1.51344e+08 11205.7
1.51344e+08 37.2529
1.51344e+08 37.2529
1.51344e+08 22.3517
1.51344e+08 29.8023
1.51344e+08 7.45058
1.51344e+08 7.45058
1.51344e+08 1
1.64413e+08 1.30691e+07
1.64413e+08 7.45058
1.64413e+08 7.45058
1.64413e+08 7.45058
1.64413e+08 186.265
1.64413e+08 7.45058
1.64413e+08 22.3517
1.64413e+08 7.45058
1.64413e+08 7.45058
1.64413e+08 7.45058
1.64413e+08 37.2529
1.64413e+08 7.45058
1.64413e+08 67.0552
1.64425e+08 11183.3
1.64425e+08 14.9012
1.64425e+08 29.8023
1.64425e+08 52.1541
1.64425e+08 37.2529
1.64425e+08 37.2529
1.64425e+08 22.3517
1.64425e+08 7.45058
1.64425e+08 7.45058
1.77464e+08 1.30391e+07
1.77464e+08 1
1.77464e+08 13.9012
1.77464e+08 7.45058
1.77464e+08 7.45058
1.77464e+08 193.715
1.77464e+08 7.45058
1.77464e+08 29.8023
1.77464e+08 7.45058
1.77464e+08 14.9012
1.77464e+08 14.9012
1.77464e+08 37.2529
1.77464e+08 7.45058
1.77476e+08 11205.7
1.77476e+08 7.45058
1.77476e+08 7.45058
1.77476e+08 44.7035
1.77476e+08 14.9012
1.77476e+08 52.1541
1.77476e+08 22.3517
1.77476e+08 14.9012
1.77476e+08 22.3517
1.77476e+08 7.45058
1.91185e+08 1.37096e+07
1.91185e+08 7.45058
1.91185e+08 1
1.91185e+08 6.45058
1.91185e+08 7.45058
1.91185e+08 22.3517
1.91186e+08 230.968
1.91186e+08 7.45058
1.91186e+08 22.3517
1.91186e+08 7.45058
1.91186e+08 14.9012
1.91186e+08 7.45058
1.91186e+08 67.0552
1.91186e+08 7.45058
1.91186e+08 29.8023
1.91186e+08 14.9012
1.91186e+08 7.45058
1.91197e+08 11198.2
1.91197e+08 22.3517
1.91197e+08 37.2529
1.91197e+08 14.9012
1.91197e+08 29.8023
1.91197e+08 14.9012
1.91197e+08 14.9012
2.0551e+08 1.4313e+07
2.0551e+08 7.45058
2.0551e+08 7.45058
2.0551e+08 7.45058
2.0551e+08 1
2.0551e+08 6.45058
2.0551e+08 7.45058
2.0551e+08 320.375
2.0551e+08 7.45058
2.05511e+08 7.45058
2.05511e+08 29.8023
2.05511e+08 14.9012
2.05511e+08 7.45058
2.05511e+08 81.9564
2.05511e+08 7.45058
2.05511e+08 7.45058
2.05511e+08 7.45058
2.05511e+08 7.45058
2.05522e+08 11190.8
2.05522e+08 7.45058
2.05522e+08 67.0552
2.05522e+08 7.45058
2.05522e+08 14.9012
2.05522e+08 37.2529
2.05522e+08 22.3517
2.20485e+08 1.49625e+07
2.20485e+08 7.45058
2.20485e+08 7.45058
2.20485e+08 7.45058
2.20485e+08 7.45058
2.20485e+08 1
2.20485e+08 6.45058
2.20485e+08 7.45058
2.20485e+08 305.474
2.20485e+08 22.3517
2.20485e+08 7.45058
2.20485e+08 37.2529
2.20485e+08 14.9012
2.20485e+08 7.45058
2.20485e+08 74.5058
2.20485e+08 7.45058
2.20496e+08 11183.3
2.20496e+08 7.45058
2.20496e+08 14.9012
2.20496e+08 29.8023
2.20496e+08 7.45058
2.20496e+08 52.1541
2.20496e+08 7.45058
2.20496e+08 14.9012
2.20496e+08 37.2529
2.20496e+08 37.2529
2.35951e+08 1.54544e+07
2.35951e+08 7.45058
2.35951e+08 7.45058
2.35951e+08 7.45058
2.35951e+08 7.45058
2.35951e+08 7.45058
2.35951e+08 7.45058
2.35951e+08 1
2.35951e+08 6.45058
2.35951e+08 298.023
2.35951e+08 7.45058
2.35951e+08 22.3517
2.35951e+08 59.6046
2.35951e+08 44.7035
2.35951e+08 7.45058
2.35974e+08 22396.4
2.35974e+08 22.3517
2.35974e+08 7.45058
2.35974e+08 14.9012
2.35974e+08 14.9012
2.35974e+08 7.45058
2.35974e+08 7.45058
2.35974e+08 52.1541
2.35974e+08 7.45058
2.35974e+08 22.3517
2.35974e+08 7.45058
2.35974e+08 104.308
2.52044e+08 1.60695e+07
2.52044e+08 7.45058
2.52044e+08 7.45058
2.52044e+08 7.45058
2.52044e+08 7.45058
2.52044e+08 7.45058
2.52044e+08 44.7035
2.52044e+08 14.9012
2.52044e+08 1
2.52044e+08 6.45058
2.52044e+08 275.671
2.52044e+08 7.45058
2.52044e+08 7.45058
2.52044e+08 193.715
2.52044e+08 22.3517
2.52044e+08 7.45058
2.52078e+08 33550
2.52078e+08 22.3517
2.52078e+08 7.45058
2.52078e+08 7.45058
2.52078e+08 7.45058
2.52078e+08 7.45058
2.52078e+08 7.45058
2.52078e+08 59.6046
2.52078e+08 7.45058
2.52078e+08 7.45058
2.52078e+08 7.45058
2.52078e+08 134.11
2.68628e+08 1.65503e+07
2.68628e+08 7.45058
2.68628e+08 7.45058
2.68628e+08 7.45058
2.68628e+08 7.45058
2.68628e+08 7.45058
2.68628e+08 37.2529
2.68628e+08 22.3517
2.68628e+08 7.45058
2.68628e+08 7.45058
2.68628e+08 1
2.68629e+08 274.671
2.68629e+08 7.45058
2.68629e+08 7.45058
2.68662e+08 33766
2.68662e+08 22.3517
2.68662e+08 7.45058
2.68662e+08 29.8023
2.68662e+08 7.45058
2.68662e+08 7.45058
2.68662e+08 7.45058
2.68662e+08 7.45058
2.68662e+08 7.45058
2.68662e+08 7.45058
2.68663e+08 29.8023
2.68663e+08 29.8023
2.68663e+08 22.3517
2.68663e+08 14.9012
2.68685e+08 22463.5
2.85806e+08 1.71206e+07
2.85806e+08 7.45058
2.85806e+08 7.45058
2.85806e+08 7.45058
2.85806e+08 7.45058
2.85806e+08 7.45058
2.85806e+08 52.1541
2.85806e+08 7.45058
2.85806e+08 7.45058
2.85806e+08 7.45058
2.85806e+08 29.8023
2.85806e+08 1
2.85806e+08 237.419
2.85806e+08 52.1541
2.85806e+08 7.45058
2.8584e+08 33743.7
2.8584e+08 14.9012
2.8584e+08 37.2529
2.8584e+08 22.3517
2.8584e+08 7.45058
2.8584e+08 7.45058
2.8584e+08 7.45058
2.8584e+08 29.8023
2.8584e+08 7.45058
2.8584e+08 14.9012
2.8584e+08 29.8023
2.8584e+08 22.3517
2.8584e+08 7.45058
2.85851e+08 11235.5
2.85874e+08 22426.2
3.03576e+08 1.77021e+07
3.03576e+08 7.45058
3.03576e+08 7.45058
3.03576e+08 7.45058
3.03576e+08 7.45058
3.03576e+08 7.45058
3.03576e+08 14.9012
3.03576e+08 7.45058
3.03576e+08 7.45058
3.03576e+08 7.45058
3.03576e+08 22.3517
3.03576e+08 7.45058
3.03576e+08 81.9564
3.03576e+08 1
3.03576e+08 252.32
3.03576e+08 7.45058
3.0361e+08 33751.1
3.0361e+08 7.45058
3.0361e+08 52.1541
3.0361e+08 29.8023
3.0361e+08 7.45058
3.0361e+08 14.9012
3.0361e+08 7.45058
3.0361e+08 22.3517
3.0361e+08 7.45058
3.0361e+08 22.3517
3.0361e+08 7.45058
3.0361e+08 7.45058
3.0361e+08 7.45058
3.03621e+08 11213.1
3.03666e+08 44852.5
3.21939e+08 1.82724e+07
3.21939e+08 7.45058
3.21939e+08 7.45058
3.21939e+08 7.45058
3.21939e+08 7.45058
3.21939e+08 7.45058
3.21939e+08 7.45058
3.21939e+08 7.45058
3.21939e+08 22.3517
3.21939e+08 14.9012
3.21939e+08 7.45058
3.21939e+08 7.45058
3.21939e+08 37.2529
3.21939e+08 7.45058
3.21939e+08 1
3.21939e+08 58.6046
3.21939e+08 7.45058
3.21973e+08 33937.4
3.21973e+08 14.9012
3.21973e+08 126.66
3.21973e+08 14.9012
3.21973e+08 7.45058
3.21973e+08 7.45058
3.21973e+08 7.45058
3.21973e+08 22.3517
3.21973e+08 7.45058
3.21973e+08 14.9012
3.21973e+08 14.9012
3.21973e+08 7.45058
3.21973e+08 7.45058
3.21973e+08 7.45058
3.22029e+08 56110.3
3.40939e+08 1.89101e+07
3.40939e+08 7.45058
3.40939e+08 7.45058
3.40939e+08 7.45058
3.40939e+08 7.45058
3.40939e+08 7.45058
3.40939e+08 7.45058
3.40939e+08 7.45058
3.40939e+08 7.45058
3.40939e+08 14.9012
3.40939e+08 7.45058
3.40939e+08 22.3517
3.40939e+08 22.3517
3.40939e+08 7.45058
3.4094e+08 7.45058
3.4094e+08 37.2529
3.4094e+08 1
3.4094e+08 6.45058
3.40973e+08 33758.6
3.40973e+08 22.3517
3.40974e+08 268.221
3.40974e+08 74.5058
3.40974e+08 7.45058
3.40974e+08 7.45058
3.40974e+08 7.45058
3.40974e+08 14.9012
3.40974e+08 7.45058
3.40974e+08 7.45058
3.40974e+08 7.45058
3.40974e+08 7.45058
3.40974e+08 14.9012
3.40974e+08 7.45058
3.4103e+08 56140.1
3.60603e+08 1.95732e+07
3.60603e+08 7.45058
3.60603e+08 7.45058
3.60603e+08 7.45058
3.60603e+08 7.45058
3.60603e+08 7.45058
3.60603e+08 7.45058
3.60603e+08 7.45058
3.60603e+08 7.45058
3.60603e+08 7.45058
3.60603e+08 22.3517
3.60603e+08 7.45058
3.60603e+08 29.8023
3.60603e+08 7.45058
3.60603e+08 29.8023
3.60603e+08 29.8023
3.60603e+08 7.45058
3.60603e+08 1
3.60603e+08 13.9012
3.60637e+08 33631.9
3.60637e+08 37.2529
3.60637e+08 216.067
3.60637e+08 22.3517
3.60637e+08 22.3517
3.60637e+08 14.9012
3.60637e+08 59.6046
3.60637e+08 7.45058
3.60637e+08 14.9012
3.60637e+08 7.45058
3.60637e+08 7.45058
3.60637e+08 14.9012
3.60637e+08 14.9012
3.60637e+08 7.45058
3.60694e+08 56296.6
3.80868e+08 2.01745e+07
3.80868e+08 7.45058
3.80868e+08 7.45058
3.80868e+08 7.45058
3.80868e+08 7.45058
3.80868e+08 7.45058
3.80868e+08 7.45058
3.80868e+08 7.45058
3.80868e+08 7.45058
3.80868e+08 14.9012
3.80868e+08 22.3517
3.80868e+08 7.45058
3.80868e+08 14.9012
3.80868e+08 7.45058
3.80868e+08 44.7035
3.80868e+08 22.3517
3.80868e+08 7.45058
3.80868e+08 7.45058
3.80868e+08 22.3517
3.80868e+08 1
3.80902e+08 33593.7
3.80902e+08 29.8023
3.80914e+08 11399.4
3.80925e+08 11183.3
3.80925e+08 7.45058
3.80925e+08 7.45058
3.80925e+08 29.8023
3.80936e+08 11205.7
3.80936e+08 7.45058
3.80936e+08 37.2529
3.80936e+08 29.8023
3.80936e+08 7.45058
3.80936e+08 7.45058
3.80936e+08 22.3517
3.80959e+08 22701.9
4.01701e+08 2.07426e+07
4.01701e+08 7.45058
4.01701e+08 7.45058
4.01701e+08 7.45058
4.01701e+08 7.45058
4.01701e+08 7.45058
4.01701e+08 7.45058
4.01701e+08 7.45058
4.01701e+08 7.45058
4.01701e+08 7.45058
4.01701e+08 7.45058
4.01701e+08 7.45058
4.01701e+08 7.45058
4.01701e+08 7.45058
4.01702e+08 74.5058
4.01702e+08 7.45058
4.01702e+08 7.45058
4.01702e+08 7.45058
4.01702e+08 59.6046
4.01702e+08 7.45058
4.01702e+08 1
4.01713e+08 11264.3
4.01735e+08 22389
4.01735e+08 119.209
4.01735e+08 14.9012
4.01747e+08 11183.3
4.01758e+08 11190.8
4.01758e+08 59.6046
4.01758e+08 14.9012
4.01769e+08 11190.8
4.01769e+08 7.45058
4.01769e+08 29.8023
4.01769e+08 14.9012
4.01769e+08 7.45058
4.01769e+08 29.8023
4.01792e+08 22642.3
4.23128e+08 2.13359e+07
4.23128e+08 7.45058
4.23128e+08 7.45058
4.23128e+08 7.45058
4.23128e+08 7.45058
4.23128e+08 7.45058
4.23128e+08 22.3517
4.23128e+08 7.45058
4.23128e+08 7.45058
4.23128e+08 7.45058
4.23128e+08 7.45058
4.23128e+08 7.45058
4.23128e+08 7.45058
4.23128e+08 7.45058
4.23128e+08 52.1541
4.23128e+08 14.9012
4.23128e+08 29.8023
4.23128e+08 7.45058
4.23128e+08 59.6046
4.23128e+08 7.45058
4.23128e+08 7.45058
4.23128e+08 111.759
4.23128e+08 1
4.23128e+08 28.8023
4.23162e+08 33594.7
4.23162e+08 22.3517
4.23162e+08 7.45058
4.23184e+08 22359.2
4.23184e+08 22.3517
4.23184e+08 22.3517
4.23184e+08 7.45058
4.23184e+08 7.45058
4.23184e+08 52.1541
4.23195e+08 11198.2
4.23195e+08 7.45058
4.23195e+08 37.2529
4.23229e+08 33840.5
4.45159e+08 2.19296e+07
4.45159e+08 7.45058
4.45159e+08 7.45058
4.45159e+08 7.45058
4.45159e+08 29.8023
4.45159e+08 7.45058
4.45159e+08 7.45058
4.45159e+08 7.45058
4.45159e+08 7.45058
4.45159e+08 7.45058
4.45159e+08 7.45058
4.45159e+08 7.45058
4.45159e+08 7.45058
4.45159e+08 7.45058
4.45159e+08 52.1541
4.45159e+08 29.8023
4.45159e+08 37.2529
4.45159e+08 7.45058
4.45159e+08 59.6046
4.45159e+08 37.2529
4.45159e+08 7.45058
4.45159e+08 104.308
4.45159e+08 7.45058
4.45159e+08 1
4.45159e+08 36.2529
4.45193e+08 33579.8
4.45193e+08 14.9012
4.45193e+08 14.9012
4.45193e+08 14.9012
4.45215e+08 22381.5
4.45215e+08 14.9012
4.45215e+08 7.45058
4.45215e+08 7.45058
4.45215e+08 22.3517
4.45216e+08 14.9012
4.45216e+08 14.9012
4.45227e+08 11198.2
4.45261e+08 33900.1
4.67671e+08 2.24102e+07
4.67671e+08 7.45058
4.67671e+08 7.45058
4.67671e+08 7.45058
4.67671e+08 7.45058
4.67671e+08 14.9012
4.67671e+08 14.9012
4.67671e+08 7.45058
4.67671e+08 7.45058
4.67671e+08 7.45058
4.67671e+08 7.45058
4.67671e+08 22.3517
4.67671e+08 29.8023
4.67671e+08 7.45058
4.67671e+08 22.3517
4.67671e+08 37.2529
4.67671e+08 22.3517
4.67671e+08 22.3517
4.67671e+08 29.8023
4.67671e+08 37.2529
4.67671e+08 14.9012
4.67671e+08 119.209
4.67671e+08 7.45058
4.67671e+08 7.45058
4.67671e+08 1
4.67671e+08 6.45058
4.67705e+08 33624.5
4.67705e+08 22.3517
4.67705e+08 22.3517
4.67705e+08 7.45058
4.67727e+08 22411.3
4.67727e+08 7.45058
4.67727e+08 7.45058
4.67727e+08 7.45058
4.67727e+08 7.45058
4.67727e+08 7.45058
4.67727e+08 7.45058
4.67727e+08 29.8023
4.67773e+08 45135.6
4.90775e+08 2.30027e+07
4.90775e+08 7.45058
4.90775e+08 7.45058
4.90775e+08 7.45058
4.90775e+08 7.45058
4.90775e+08 7.45058
4.90775e+08 7.45058
4.90775e+08 7.45058
4.90775e+08 37.2529
4.90775e+08 52.1541
4.90775e+08 7.45058
4.90775e+08 29.8023
4.90775e+08 14.9012
4.90775e+08 7.45058
4.90776e+08 29.8023
4.90776e+08 7.45058
4.90776e+08 7.45058
4.90776e+08 22.3517
4.90776e+08 22.3517
4.90776e+08 14.9012
4.90776e+08 7.45058
4.90776e+08 186.265
4.90776e+08 7.45058
4.90776e+08 7.45058
4.90776e+08 7.45058
4.90776e+08 7.45058
4.90776e+08 1
4.90809e+08 33601.1
4.90809e+08 29.8023
4.90809e+08 14.9012
4.90809e+08 7.45058
4.90832e+08 22456
4.90832e+08 14.9012
4.90832e+08 7.45058
4.90832e+08 7.45058
4.90832e+08 22.3517
4.90832e+08 7.45058
4.90832e+08 7.45058
4.90832e+08 7.45058
4.90888e+08 56326.4
5.14473e+08 2.35843e+07
5.14473e+08 7.45058
5.14473e+08 7.45058
5.14473e+08 7.45058
5.14473e+08 7.45058
5.14473e+08 7.45058
5.14473e+08 7.45058
5.14473e+08 7.45058
5.14473e+08 7.45058
5.14473e+08 37.2529
5.14473e+08 7.45058
5.14473e+08 96.8575
5.14473e+08 14.9012
5.14473e+08 7.45058
5.14473e+08 7.45058
5.14473e+08 7.45058
5.14473e+08 7.45058
5.14473e+08 7.45058
5.14473e+08 14.9012
5.14473e+08 7.45058
5.14473e+08 7.45058
5.14473e+08 163.913
5.14473e+08 14.9012
5.14484e+08 11183.3
5.14484e+08 7.45058
5.14484e+08 7.45058
5.14484e+08 7.45058
5.14484e+08 1
5.14507e+08 22440.1
5.14507e+08 37.2529
5.14507e+08 22.3517
5.14507e+08 14.9012
5.14529e+08 22403.9
5.14529e+08 52.1541
5.14529e+08 7.45058
5.14529e+08 29.8023
5.14529e+08 14.9012
5.14529e+08 7.45058
5.14529e+08 7.45058
5.1454e+08 11190.8
5.14586e+08 45158
5.38772e+08 2.41861e+07
5.38772e+08 7.45058
5.38772e+08 7.45058
5.38772e+08 7.45058
5.38772e+08 7.45058
5.38772e+08 7.45058
5.38772e+08 7.45058
5.38772e+08 7.45058
5.38772e+08 7.45058
5.38772e+08 29.8023
5.38772e+08 7.45058
5.38772e+08 96.8575
5.38772e+08 37.2529
5.38772e+08 7.45058
5.38772e+08 7.45058
5.38772e+08 7.45058
5.38772e+08 7.45058
5.38772e+08 7.45058
5.38772e+08 7.45058
5.38772e+08 7.45058
5.38772e+08 7.45058
5.38772e+08 96.8575
5.38772e+08 7.45058
5.38772e+08 22.3517
5.38772e+08 7.45058
5.38772e+08 7.45058
5.38772e+08 14.9012
5.38772e+08 14.9012
5.38806e+08 33594.7
5.38806e+08 1
5.38806e+08 58.6046
5.38806e+08 7.45058
5.38806e+08 7.45058
5.38806e+08 74.5058
5.38828e+08 22403.9
5.38828e+08 14.9012
5.38828e+08 37.2529
5.38828e+08 22.3517
5.38828e+08 7.45058
5.38828e+08 7.45058
5.3884e+08 11190.8
5.38885e+08 45128.2
5.63855e+08 2.49698e+07
5.63855e+08 7.45058
5.63855e+08 7.45058
5.63855e+08 29.8023
5.63855e+08 7.45058
5.63855e+08 7.45058
5.63855e+08 7.45058
5.63855e+08 7.45058
5.63855e+08 7.45058
5.63855e+08 119.209
5.63855e+08 7.45058
5.63855e+08 44.7035
5.63855e+08 74.5058
5.63855e+08 7.45058
5.63855e+08 7.45058
5.63855e+08 7.45058
5.63855e+08 22.3517
5.63855e+08 7.45058
5.63855e+08 14.9012
5.63855e+08 7.45058
5.63855e+08 7.45058
5.63855e+08 14.9012
5.63855e+08 7.45058
5.63855e+08 81.9564
5.63855e+08 7.45058
5.63855e+08 7.45058
5.63855e+08 29.8023
5.63866e+08 11183.3
5.63866e+08 14.9012
5.63877e+08 11183.3
5.63877e+08 1
5.63889e+08 11189.8
5.63889e+08 14.9012
5.63889e+08 67.0552
5.63889e+08 59.6046
5.63889e+08 29.8023
5.639e+08 11220.6
5.63911e+08 11213.1
5.63911e+08 44.7035
5.63911e+08 7.45058
5.63911e+08 7.45058
5.63911e+08 7.45058
5.63968e+08 56311.5
5.89411e+08 2.54437e+07
5.89411e+08 7.45058
5.89411e+08 59.6046
5.89411e+08 7.45058
5.89411e+08 7.45058
5.89411e+08 7.45058
5.89411e+08 7.45058
5.89411e+08 7.45058
5.89411e+08 7.45058
5.89412e+08 141.561
5.89412e+08 7.45058
5.89412e+08 52.1541
5.89412e+08 104.308
5.89412e+08 7.45058
5.89412e+08 7.45058
5.89412e+08 7.45058
5.89412e+08 22.3517
5.89412e+08 7.45058
5.89412e+08 29.8023
5.89412e+08 7.45058
5.89412e+08 7.45058
5.89412e+08 7.45058
5.89412e+08 7.45058
5.89412e+08 81.9564
5.89412e+08 22.3517
5.89412e+08 7.45058
5.89412e+08 29.8023
5.89412e+08 7.45058
5.89412e+08 7.45058
5.89412e+08 7.45058
5.89423e+08 11183.3
5.89434e+08 11183.3
5.89434e+08 1
5.89434e+08 6.45058
5.89446e+08 11213.1
5.89446e+08 14.9012
5.89446e+08 37.2529
5.89457e+08 11287.6
5.89457e+08 29.8023
5.89468e+08 11220.6
5.89468e+08 7.45058
5.89468e+08 7.45058
5.89468e+08 52.1541
5.89525e+08 56251.9
6.15947e+08 2.64222e+07
6.15947e+08 7.45058
6.15958e+08 11250.4
