2723 2000
6723 4000
14723 8000
30723 16000
62723 32000
126723 64000
254723 128000
510723 256000
1.02272e+06 512000
2.04672e+06 1.024e+06
4.09472e+06 2.048e+06
5.35986e+06 1.26513e+06
5.35986e+06 1
8.31707e+06 2.95721e+06
8.31709e+06 14.9012
9.57499e+06 1.2579e+06
9.57499e+06 1
9.57503e+06 41.1541
1.18681e+07 2.2931e+06
1.18681e+07 7.45058
1.18681e+07 1
1.18681e+07 6.45058
1.42384e+07 2.37025e+06
1.42384e+07 7.45058
1.42384e+07 7.45058
1.42384e+07 7.45058
1.42384e+07 1
1.73274e+07 3.08898e+06
1.73274e+07 7.45058
1.73274e+07 7.45058
1.73609e+07 33535.1
1.73721e+07 11183.3
1.73721e+07 1
2.04362e+07 3.06412e+06
2.04698e+07 33535.1
2.0548e+07 78253.4
2.0548e+07 7.45058
2.06263e+07 78253.4
2.06934e+07 67085
2.06934e+07 1
2.41043e+07 3.41093e+06
2.41043e+07 7.45058
2.41379e+07 33572.3
2.41379e+07 7.45058
2.41491e+07 11190.8
2.43838e+07 234731
2.43838e+07 7.45058
2.80968e+07 3.71299e+06
2.80968e+07 1
2.80968e+07 6.45058
2.80968e+07 22.3517
2.80969e+07 7.45058
2.81416e+07 44725.8
2.81416e+07 14.9012
2.81975e+07 55909.2
3.27265e+07 4.52897e+06
3.27712e+07 44718.4
3.27712e+07 1
3.27824e+07 11182.3
3.28159e+07 33542.5
3.28495e+07 33535.1
3.28942e+07 44770.5
3.29836e+07 89414.4
3.30283e+07 44710.9
3.80047e+07 4.97634e+06
3.80494e+07 44733.3
3.80494e+07 7.45058
3.80494e+07 7.45058
3.80494e+07 1
3.815e+07 100597
3.81724e+07 22366.6
3.85301e+07 357717
3.85748e+07 44718.4
3.86643e+07 89429.3
4.38085e+07 5.14428e+06
4.38421e+07 33535.1
4.38533e+07 11183.3
4.3898e+07 44710.9
4.39092e+07 11183.3
4.39092e+07 1
4.39651e+07 55923.1
4.42222e+07 257097
4.4524e+07 301853
4.45576e+07 33542.5
4.46023e+07 44733.3
5.03839e+07 5.78163e+06
5.04063e+07 22359.2
5.04063e+07 7.45058
5.04287e+07 22359.2
5.04287e+07 7.45058
5.0451e+07 22359.2
5.04846e+07 33535.1
5.04846e+07 1
5.07529e+07 268287
5.09988e+07 245988
5.09989e+07 29.8023
5.10436e+07 44725.8
5.73883e+07 6.34467e+06
5.74442e+07 55901.7
5.74665e+07 22359.2
5.74889e+07 22359.2
5.75224e+07 33535.1
5.75224e+07 7.45058
5.75336e+07 11183.3
5.75671e+07 33535.1
5.75671e+07 1
5.78243e+07 257148
5.80144e+07 190109
5.80703e+07 55901.7
5.81374e+07 67092.5
6.50263e+07 6.88886e+06
6.5328e+07 301771
6.53392e+07 11183.3
6.53616e+07 22359.2
6.53616e+07 7.45058
6.53616e+07 7.45058
6.53616e+07 7.45058
6.53616e+07 7.45058
6.53616e+07 7.45058
6.53616e+07 1
6.5507e+07 145405
6.57083e+07 201248
6.57083e+07 29.8023
6.5753e+07 44725.8
7.33423e+07 7.58933e+06
7.34765e+07 134133
7.35212e+07 44710.9
7.35212e+07 7.45058
7.35436e+07 22359.2
7.35771e+07 33557.4
7.36218e+07 44725.8
7.36666e+07 44718.4
7.36777e+07 11183.3
7.36777e+07 7.45058
7.39126e+07 234827
7.39126e+07 1
7.39908e+07 78274.8
7.4002e+07 11198.2
7.40021e+07 29.8023
8.21622e+07 8.16017e+06
8.2207e+07 44710.9
8.2207e+07 7.45058
8.22181e+07 11183.3
8.22405e+07 22366.6
8.23747e+07 134215
8.24419e+07 67129.7
8.24419e+07 22.3517
8.24531e+07 11183.3
8.24531e+07 7.45058
8.27885e+07 335410
8.27885e+07 7.45058
8.27885e+07 1
8.28221e+07 33571.3
8.28333e+07 11213.1
8.28668e+07 33557.4
9.1493e+07 8.62612e+06
9.1493e+07 7.45058
9.1493e+07 7.45058
9.1493e+07 7.45058
9.1493e+07 7.45058
9.16831e+07 190079
9.18507e+07 167653
9.1929e+07 78253.4
9.19513e+07 22366.6
9.19625e+07 11183.3
9.20744e+07 111856
9.20968e+07 22381.5
9.20968e+07 7.45058
9.21303e+07 33572.3
9.21303e+07 1
9.21639e+07 33586.2
9.22422e+07 78260.9
1.01453e+08 9.21091e+06
1.01453e+08 7.45058
1.01453e+08 7.45058
1.01453e+08 7.45058
1.01453e+08 7.45058
1.01632e+08 178911
1.01632e+08 7.45058
1.01688e+08 55901.7
1.01889e+08 201210
1.01923e+08 33535.1
1.02023e+08 100732
1.02091e+08 67114.8
1.02091e+08 7.45058
1.02135e+08 44770.5
1.02135e+08 14.9012
1.02135e+08 1
1.02191e+08 55930.5
1.02236e+08 44748.2
1.12135e+08 9.89872e+06
1.12135e+08 14.9012
1.12135e+08 7.45058
1.12135e+08 7.45058
1.12146e+08 11183.3
1.1218e+08 33572.3
1.1218e+08 7.45058
1.1218e+08 14.9012
1.12202e+08 22389
1.12202e+08 7.45058
1.12537e+08 335462
1.12571e+08 33587.2
1.12627e+08 55901.7
1.12638e+08 11205.7
1.12638e+08 7.45058
1.12638e+08 7.45058
1.12649e+08 11250.4
1.12649e+08 1
1.12694e+08 44777
1.2323e+08 1.05359e+07
1.23241e+08 11190.8
1.23241e+08 7.45058
1.23241e+08 14.9012
1.23241e+08 7.45058
1.23264e+08 22381.5
1.23275e+08 11183.3
1.23275e+08 7.45058
1.23286e+08 11183.3
1.23286e+08 7.45058
1.237e+08 413813
1.23733e+08 33572.3
1.23733e+08 7.45058
1.23745e+08 11183.3
1.23745e+08 7.45058
1.23745e+08 7.45058
1.23812e+08 67114.8
1.23834e+08 22374.1
1.23834e+08 1
1.23946e+08 111899
1.3495e+08 1.10039e+07
1.3495e+08 7.45058
1.3495e+08 7.45058
1.3495e+08 22.3517
1.3495e+08 7.45058
1.34961e+08 11198.2
1.34961e+08 14.9012
1.34961e+08 22.3517
1.34972e+08 11190.8
1.34972e+08 7.45058
1.35375e+08 402622
1.35431e+08 55901.7
1.35431e+08 14.9012
1.35431e+08 7.45058
1.35431e+08 7.45058
1.35431e+08 7.45058
1.35442e+08 11257.8
1.35498e+08 55901.7
1.35509e+08 11183.3
1.35688e+08 178941
1.35688e+08 1
1.47265e+08 1.15771e+07
1.47265e+08 7.45058
1.47265e+08 7.45058
1.47299e+08 33542.5
1.47321e+08 22374.1
1.47344e+08 22381.5
1.47355e+08 11183.3
1.47388e+08 33535.1
1.47388e+08 7.45058
1.47399e+08 11190.8
1.47679e+08 279695
1.47679e+08 7.45058
1.47702e+08 22366.6
1.47702e+08 7.45058
1.47702e+08 7.45058
1.47724e+08 22359.2
1.4778e+08 55953.9
1.47825e+08 44733.3
1.47847e+08 22366.6
1.48004e+08 156596
1.48015e+08 11183.3
1.48015e+08 1
1.60196e+08 1.21814e+07
1.60207e+08 11205.7
1.60219e+08 11190.8
1.6023e+08 11183.3
1.60252e+08 22366.6
1.60263e+08 11183.3
1.60263e+08 7.45058
1.60263e+08 7.45058
1.60263e+08 7.45058
1.60297e+08 33535.1
1.60666e+08 369132
1.60666e+08 7.45058
1.60677e+08 11198.2
1.60677e+08 7.45058
1.60677e+08 7.45058
1.60677e+08 14.9012
1.60688e+08 11228
1.60688e+08 44.7035
1.607e+08 11183.3
1.608e+08 100672
1.608e+08 7.45058
1.60823e+08 22366.6
1.73267e+08 1.2444e+07
1.73267e+08 1
1.73278e+08 11204.7
1.73278e+08 7.45058
1.73289e+08 11198.2
1.73289e+08 7.45058
1.73289e+08 22.3517
1.73289e+08 7.45058
1.73289e+08 7.45058
1.73323e+08 33550
1.73323e+08 14.9012
1.73647e+08 324458
1.73647e+08 7.45058
1.73647e+08 14.9012
1.73658e+08 11205.7
1.73658e+08 14.9012
1.73658e+08 14.9012
1.73658e+08 22.3517
1.7367e+08 11205.7
1.7367e+08 22.3517
1.73714e+08 44792.9
1.73714e+08 7.45058
1.73714e+08 7.45058
1.86912e+08 1.31975e+07
1.86912e+08 7.45058
1.86912e+08 1
1.86912e+08 28.8023
1.86923e+08 11183.3
1.87001e+08 78253.4
1.87001e+08 7.45058
1.87013e+08 11183.3
1.87013e+08 7.45058
1.87024e+08 11183.3
1.8708e+08 55894.3
1.8708e+08 7.45058
1.87281e+08 201523
1.87281e+08 7.45058
1.87281e+08 14.9012
1.87281e+08 14.9012
1.87281e+08 7.45058
1.87293e+08 11198.2
1.87293e+08 29.8023
1.87315e+08 22389
1.87326e+08 11213.1
1.87349e+08 22433.7
1.87349e+08 7.45058
1.87349e+08 7.45058
2.01249e+08 1.39e+07
2.01249e+08 7.45058
2.01249e+08 7.45058
2.0126e+08 11183.3
2.0126e+08 1
2.0126e+08 6.45058
2.0126e+08 7.45058
2.01271e+08 11183.3
2.01293e+08 22389
2.01327e+08 33550
2.01327e+08 7.45058
2.01338e+08 11205.7
2.01338e+08 14.9012
2.01383e+08 45001.5
2.01383e+08 7.45058
2.01383e+08 7.45058
2.01383e+08 22.3517
2.01383e+08 14.9012
2.01394e+08 11198.2
2.01406e+08 11235.5
2.01406e+08 14.9012
2.01406e+08 44.7035
2.01451e+08 44770.5
2.01473e+08 22374.1
2.01473e+08 7.45058
2.15988e+08 1.4515e+07
2.15988e+08 7.45058
2.15988e+08 7.45058
2.1601e+08 22359.2
2.16022e+08 11183.3
2.16022e+08 1
2.16022e+08 21.3517
2.16033e+08 11198.2
2.16044e+08 11183.3
2.16044e+08 22.3517
2.16044e+08 7.45058
2.16044e+08 7.45058
2.16044e+08 37.2529
2.16044e+08 14.9012
2.16089e+08 45001.5
2.16089e+08 7.45058
2.16089e+08 14.9012
2.16089e+08 22.3517
2.16089e+08 7.45058
2.161e+08 11198.2
2.16156e+08 55953.9
2.16167e+08 11190.8
2.16179e+08 11250.4
2.1619e+08 11198.2
2.16201e+08 11213.1
2.16201e+08 7.45058
2.31332e+08 1.51307e+07
2.31332e+08 7.45058
2.31332e+08 7.45058
2.31332e+08 7.45058
2.31332e+08 22.3517
2.31332e+08 7.45058
2.31354e+08 22366.6
2.31354e+08 1
2.31354e+08 21.3517
2.31354e+08 14.9012
2.31354e+08 7.45058
2.31354e+08 7.45058
2.31354e+08 14.9012
2.31354e+08 37.2529
2.31354e+08 7.45058
2.31377e+08 22657.2
2.31399e+08 22359.2
2.31433e+08 33550
2.31433e+08 37.2529
2.31433e+08 29.8023
2.31444e+08 11198.2
2.31455e+08 11213.1
2.31467e+08 11198.2
2.31478e+08 11265.3
2.31478e+08 37.2529
2.31523e+08 44748.2
2.31545e+08 22374.1
2.47278e+08 1.57333e+07
2.47278e+08 14.9012
2.47278e+08 14.9012
2.47278e+08 7.45058
2.47301e+08 22366.6
2.47301e+08 14.9012
2.47301e+08 7.45058
2.47301e+08 7.45058
2.47301e+08 1
2.47301e+08 6.45058
2.47301e+08 14.9012
2.47301e+08 29.8023
2.47312e+08 11183.3
2.47312e+08 7.45058
2.47312e+08 14.9012
2.47312e+08 7.45058
2.47402e+08 89734.8
2.47402e+08 7.45058
2.47402e+08 37.2529
2.47402e+08 22.3517
2.47402e+08 37.2529
2.47402e+08 37.2529
2.47402e+08 14.9012
2.47402e+08 14.9012
2.47413e+08 11317.4
2.47436e+08 22389
2.4748e+08 44718.4
2.47491e+08 11190.8
2.6385e+08 1.63584e+07
2.6385e+08 7.45058
2.6385e+08 7.45058
2.6385e+08 7.45058
2.63883e+08 33550
2.63906e+08 22366.6
2.63906e+08 7.45058
2.63906e+08 7.45058
2.63906e+08 14.9012
2.63906e+08 7.45058
2.63906e+08 1
2.63906e+08 6.45058
2.63906e+08 14.9012
2.63906e+08 7.45058
2.63906e+08 7.45058
2.63906e+08 7.45058
2.63906e+08 22.3517
2.63951e+08 45031.3
2.63951e+08 22.3517
2.63951e+08 37.2529
2.63951e+08 29.8023
2.63951e+08 7.45058
2.63951e+08 14.9012
2.63951e+08 37.2529
2.63951e+08 14.9012
2.63974e+08 22612.5
2.63974e+08 29.8023
2.63974e+08 7.45058
2.63974e+08 7.45058
2.81019e+08 1.70454e+07
2.81019e+08 7.45058
2.81019e+08 7.45058
2.81019e+08 7.45058
2.81019e+08 7.45058
2.81019e+08 7.45058
2.81019e+08 14.9012
2.81019e+08 7.45058
2.81019e+08 14.9012
2.81019e+08 7.45058
2.81019e+08 7.45058
2.81019e+08 1
2.81019e+08 13.9012
2.81019e+08 7.45058
2.81019e+08 7.45058
2.81019e+08 7.45058
2.81019e+08 44.7035
2.81019e+08 29.8023
2.81031e+08 11488.8
2.81031e+08 14.9012
2.81031e+08 22.3517
2.81031e+08 29.8023
2.81031e+08 7.45058
2.81031e+08 7.45058
2.81031e+08 52.1541
2.81031e+08 7.45058
2.81065e+08 33803.3
2.8111e+08 44740.7
2.8111e+08 7.45058
2.8111e+08 22.3517
2.987e+08 1.75904e+07
2.98711e+08 11183.3
2.98711e+08 7.45058
2.98711e+08 7.45058
2.98711e+08 7.45058
2.98711e+08 7.45058
2.98711e+08 7.45058
2.98711e+08 7.45058
2.98711e+08 7.45058
2.98711e+08 7.45058
2.98711e+08 7.45058
2.98711e+08 22.3517
2.98711e+08 52.1541
2.98711e+08 1
2.98711e+08 6.45058
2.98711e+08 29.8023
2.98711e+08 7.45058
2.98711e+08 37.2529
2.98711e+08 7.45058
2.98723e+08 11444.1
2.98723e+08 37.2529
2.98723e+08 22.3517
2.98723e+08 14.9012
2.98723e+08 7.45058
2.98723e+08 7.45058
2.98757e+08 33602.1
2.98757e+08 14.9012
2.98813e+08 56169.9
2.98824e+08 11198.2
2.98824e+08 7.45058
2.98857e+08 33550
3.16949e+08 1.80915e+07
3.16949e+08 7.45058
3.16949e+08 7.45058
3.1696e+08 11198.2
3.1696e+08 7.45058
3.1696e+08 7.45058
3.1696e+08 14.9012
3.16983e+08 22381.5
3.16983e+08 7.45058
3.16983e+08 7.45058
3.16983e+08 7.45058
3.16983e+08 14.9012
3.16983e+08 74.5058
3.16983e+08 22.3517
3.16983e+08 1
3.16983e+08 6.45058
3.16983e+08 7.45058
3.16983e+08 14.9012
3.16983e+08 7.45058
3.16983e+08 7.45058
3.17028e+08 44986.6
3.17028e+08 52.1541
3.17028e+08 7.45058
3.17028e+08 7.45058
3.17028e+08 7.45058
3.17028e+08 7.45058
3.17028e+08 171.363
3.17028e+08 14.9012
3.1714e+08 111975
3.17151e+08 11198.2
3.17151e+08 7.45058
3.17162e+08 11228
3.35781e+08 1.86189e+07
3.35781e+08 44.7035
3.35781e+08 37.2529
3.35793e+08 11198.2
3.35793e+08 7.45058
3.35793e+08 7.45058
3.35804e+08 11183.3
3.35804e+08 14.9012
3.35804e+08 29.8023
3.35804e+08 7.45058
3.35804e+08 7.45058
3.35815e+08 11198.2
3.35838e+08 22433.7
3.35838e+08 22.3517
3.35838e+08 7.45058
3.35838e+08 7.45058
3.35838e+08 1
3.35838e+08 21.3517
3.35838e+08 14.9012
3.3586e+08 22374.1
3.3586e+08 7.45058
3.35927e+08 67383.1
3.35927e+08 29.8023
3.35927e+08 7.45058
3.35927e+08 7.45058
3.35927e+08 7.45058
3.35927e+08 7.45058
3.35928e+08 216.067
3.35928e+08 7.45058
3.36062e+08 134259
3.36107e+08 44740.7
3.36118e+08 11183.3
3.36118e+08 29.8023
3.55218e+08 1.90997e+07
3.55218e+08 14.9012
3.55218e+08 37.2529
3.55218e+08 22.3517
3.55218e+08 7.45058
3.55218e+08 7.45058
3.55218e+08 22.3517
3.5524e+08 22374.1
3.5524e+08 22.3517
3.5524e+08 7.45058
3.5524e+08 7.45058
3.55251e+08 11205.7
3.55307e+08 56028.4
3.55307e+08 29.8023
3.55307e+08 22.3517
3.55307e+08 14.9012
3.55307e+08 14.9012
3.55307e+08 1
3.55307e+08 36.2529
3.55307e+08 7.45058
3.55307e+08 7.45058
3.55307e+08 7.45058
3.55386e+08 78596.2
3.55386e+08 44.7035
3.55386e+08 7.45058
3.55386e+08 29.8023
3.55386e+08 7.45058
3.55386e+08 14.9012
3.55398e+08 11347.2
3.55409e+08 11205.7
3.55577e+08 167765
3.55632e+08 55901.7
3.55632e+08 7.45058
3.55644e+08 11205.7
3.75247e+08 1.96029e+07
3.75247e+08 7.45058
3.75247e+08 14.9012
3.75247e+08 7.45058
3.75247e+08 7.45058
3.75247e+08 7.45058
3.75247e+08 96.8575
3.75291e+08 44725.8
3.75303e+08 11190.8
3.75314e+08 11183.3
3.75314e+08 7.45058
3.75336e+08 22366.6
3.75336e+08 37.2529
3.75336e+08 74.5058
3.75336e+08 22.3517
3.75336e+08 7.45058
3.75336e+08 22.3517
3.75336e+08 7.45058
3.75348e+08 11242.9
3.75348e+08 1
3.75348e+08 43.7035
3.75348e+08 7.45058
3.75359e+08 11183.3
3.75438e+08 78700.5
3.75438e+08 59.6046
3.75438e+08 14.9012
3.75449e+08 11205.7
3.75449e+08 7.45058
3.75449e+08 7.45058
3.75572e+08 123098
3.75583e+08 11198.2
3.7574e+08 156589
3.75751e+08 11198.2
3.75751e+08 7.45058
3.75773e+08 22381.5
3.95868e+08 2.0095e+07
3.95868e+08 22.3517
3.95868e+08 7.45058
3.9588e+08 11183.3
3.9588e+08 7.45058
3.9588e+08 7.45058
3.95891e+08 11183.3
3.95902e+08 11220.6
3.95902e+08 29.8023
3.95902e+08 7.45058
3.95902e+08 37.2529
3.95902e+08 37.2529
3.95936e+08 33572.3
3.95958e+08 22441.1
3.95958e+08 14.9012
3.95958e+08 7.45058
3.95969e+08 11205.7
3.95969e+08 22.3517
3.95981e+08 11205.7
3.95981e+08 7.45058
3.95981e+08 1
3.96003e+08 22388
3.96003e+08 7.45058
3.96003e+08 7.45058
3.96059e+08 56333.8
3.96093e+08 33609.6
3.96104e+08 11250.4
3.96115e+08 11190.8
3.96115e+08 14.9012
3.96115e+08 7.45058
3.96227e+08 111900
3.96272e+08 44740.7
3.96384e+08 111878
3.96417e+08 33557.4
3.96429e+08 11190.8
3.96451e+08 22403.9
4.17212e+08 2.07611e+07
4.17212e+08 14.9012
4.17212e+08 7.45058
4.17212e+08 7.45058
4.17212e+08 7.45058
4.17212e+08 7.45058
4.17212e+08 7.45058
4.17212e+08 37.2529
4.17212e+08 14.9012
4.17212e+08 37.2529
4.17223e+08 11190.8
4.17223e+08 29.8023
4.17224e+08 44.7035
4.17313e+08 89541.1
4.17324e+08 11190.8
4.17335e+08 11190.8
4.17335e+08 14.9012
4.17336e+08 29.8023
4.17336e+08 44.7035
4.17336e+08 7.45058
4.17336e+08 7.45058
4.17336e+08 96.8575
4.17336e+08 1
4.17336e+08 28.8023
4.17336e+08 7.45058
4.17369e+08 33736.2
4.17403e+08 33617
4.17403e+08 29.8023
4.17403e+08 29.8023
4.17414e+08 11198.2
4.17414e+08 22.3517
4.17549e+08 134341
4.17571e+08 22456
4.17705e+08 134192
4.17705e+08 52.1541
4.17717e+08 11198.2
4.17761e+08 44837.6
4.38928e+08 2.11667e+07
4.38939e+08 11190.8
4.38939e+08 7.45058
4.38939e+08 7.45058
4.38939e+08 37.2529
4.38939e+08 7.45058
4.38939e+08 7.45058
4.39006e+08 67099.9
4.39018e+08 11183.3
4.39062e+08 44733.3
4.39074e+08 11198.2
4.39118e+08 44725.8
4.39118e+08 52.1541
4.39174e+08 56028.4
4.39174e+08 14.9012
4.39174e+08 7.45058
4.39174e+08 7.45058
4.39174e+08 44.7035
4.39174e+08 44.7035
4.39174e+08 7.45058
4.39175e+08 7.45058
4.39175e+08 96.8575
4.39175e+08 29.8023
4.39175e+08 1
4.39175e+08 28.8023
4.39175e+08 7.45058
4.39365e+08 190243
4.39365e+08 37.2529
4.39365e+08 7.45058
4.39376e+08 11213.1
4.39387e+08 11250.4
4.39387e+08 7.45058
4.39421e+08 33736.2
4.39432e+08 11287.6
4.39511e+08 78290.7
4.39567e+08 55998.6
4.39567e+08 22.3517
4.39578e+08 11198.2
4.61374e+08 2.17965e+07
4.61374e+08 14.9012
4.61374e+08 7.45058
4.61374e+08 7.45058
4.61408e+08 33550
4.61419e+08 11190.8
4.61442e+08 22381.5
4.61464e+08 22381.5
4.61464e+08 7.45058
4.61464e+08 29.8023
4.61475e+08 11205.7
4.61475e+08 7.45058
4.61475e+08 44.7035
4.6161e+08 134289
4.61643e+08 33535.1
4.61643e+08 7.45058
4.61665e+08 22366.6
4.61665e+08 44.7035
4.61666e+08 81.9564
4.61666e+08 7.45058
4.61666e+08 7.45058
4.61699e+08 33631.9
4.6171e+08 11183.3
4.61733e+08 22359.2
4.61733e+08 1
4.61766e+08 33563.9
4.61789e+08 22374.1
4.61889e+08 100791
4.6189e+08 29.8023
4.6189e+08 37.2529
4.61901e+08 11257.8
4.61923e+08 22441.1
4.61923e+08 7.45058
4.61935e+08 11377
4.61957e+08 22411.3
4.62002e+08 44733.3
4.62024e+08 22448.6
4.62035e+08 11198.2
4.62047e+08 11198.2
4.84289e+08 2.22419e+07
4.84289e+08 7.45058
4.84311e+08 22359.2
4.84311e+08 7.45058
4.84311e+08 7.45058
4.84333e+08 22381.5
4.84333e+08 14.9012
4.84345e+08 11198.2
4.84356e+08 11198.2
4.84378e+08 22389
4.84378e+08 29.8023
4.84378e+08 7.45058
4.84378e+08 29.8023
4.84423e+08 44882.3
4.84423e+08 7.45058
4.84423e+08 14.9012
4.84423e+08 7.45058
4.84535e+08 111833
4.84613e+08 78335.4
4.84613e+08 7.45058
4.84658e+08 44718.4
4.84826e+08 167705
4.84826e+08 7.45058
4.84882e+08 55886.8
4.84893e+08 11228
4.84926e+08 33572.3
4.84926e+08 1
4.84938e+08 11197.2
4.8496e+08 22560.4
4.84971e+08 11198.2
4.84983e+08 11235.5
4.84983e+08 44.7035
4.84983e+08 74.5058
4.84983e+08 7.45058
4.85017e+08 33803.3
4.85061e+08 44845
4.85073e+08 11198.2
4.85106e+08 33542.5
4.85106e+08 7.45058
4.85106e+08 7.45058
5.07854e+08 2.27474e+07
5.07854e+08 7.45058
5.07876e+08 22403.9
5.07876e+08 7.45058
5.07876e+08 7.45058
5.07887e+08 11190.8
5.0791e+08 22366.6
5.07921e+08 11198.2
5.07943e+08 22366.6
5.07943e+08 7.45058
5.07943e+08 22.3517
5.07943e+08 22.3517
5.07943e+08 14.9012
5.08044e+08 100739
5.08044e+08 7.45058
5.08077e+08 33557.4
5.08077e+08 7.45058
5.08122e+08 44778
5.08301e+08 178941
5.08301e+08 7.45058
5.08324e+08 22359.2
5.08402e+08 78290.7
5.08402e+08 7.45058
5.08402e+08 7.45058
5.08514e+08 111856
5.08558e+08 44748.2
5.08558e+08 7.45058
5.08558e+08 1
5.08592e+08 33586.2
5.08659e+08 67174.4
5.08659e+08 7.45058
5.08659e+08 37.2529
5.08671e+08 11287.6
5.08671e+08 52.1541
5.08671e+08 7.45058
5.08705e+08 33959.7
5.0876e+08 55924.1
5.0876e+08 7.45058
5.0876e+08 7.45058
5.08761e+08 7.45058
5.08761e+08 7.45058
5.31964e+08 2.3204e+07
5.31964e+08 7.45058
5.31965e+08 74.5058
5.31965e+08 7.45058
5.31965e+08 14.9012
5.31976e+08 11183.3
5.31976e+08 7.45058
5.31976e+08 22.3517
5.32009e+08 33557.4
5.32021e+08 11198.2
5.32043e+08 22359.2
5.32054e+08 11183.3
5.32054e+08 7.45058
5.32132e+08 78365.2
5.32155e+08 22389
5.32155e+08 7.45058
5.32155e+08 7.45058
5.32222e+08 67159.5
5.32468e+08 245988
5.32468e+08 7.45058
5.32468e+08 7.45058
5.3249e+08 22359.2
5.3249e+08 14.9012
5.3249e+08 22.3517
5.32614e+08 123106
5.32625e+08 11198.2
5.32625e+08 7.45058
5.32636e+08 11213.1
5.32681e+08 44748.2
5.32681e+08 1
5.32725e+08 44777
5.32726e+08 37.2529
5.32781e+08 55953.9
5.32804e+08 22418.8
5.32882e+08 78313.1
5.32882e+08 7.45058
5.3295e+08 67472.5
5.3295e+08 7.45058
5.32961e+08 11205.7
5.32961e+08 7.45058
5.32983e+08 22403.9
5.32983e+08 44.7035
5.56748e+08 2.37644e+07
5.56748e+08 7.45058
5.56793e+08 44792.9
5.56793e+08 22.3517
5.56804e+08 11183.3
5.56804e+08 7.45058
5.56804e+08 7.45058
5.56804e+08 7.45058
5.56837e+08 33579.8
5.56837e+08 7.45058
5.56837e+08 14.9012
5.56837e+08 7.45058
5.56837e+08 7.45058
5.56927e+08 89548.5
5.56938e+08 11190.8
5.56938e+08 14.9012
5.56994e+08 55901.7
5.57162e+08 167742
5.57251e+08 89533.6
5.57251e+08 7.45058
5.57251e+08 7.45058
5.57251e+08 7.45058
5.57251e+08 7.45058
5.57251e+08 7.45058
5.57408e+08 156656
5.57408e+08 7.45058
5.57408e+08 7.45058
5.57442e+08 33624.5
5.57453e+08 11183.3
5.57453e+08 7.45058
5.57453e+08 1
5.57487e+08 33630.9
5.57487e+08 7.45058
5.57498e+08 11220.6
5.5752e+08 22433.7
5.57554e+08 33609.6
5.57554e+08 7.45058
5.57845e+08 291005
5.57845e+08 7.45058
5.57856e+08 11190.8
5.57856e+08 22.3517
5.57878e+08 22433.7
5.5789e+08 11213.1
5.82041e+08 2.41512e+07
5.82086e+08 44718.4
5.82164e+08 78417.4
5.82164e+08 7.45058
5.82164e+08 22.3517
5.82164e+08 7.45058
5.82175e+08 11183.3
5.82186e+08 11198.2
5.82209e+08 22374.1
5.8222e+08 11213.1
5.82242e+08 22359.2
5.82254e+08 11183.3
5.82254e+08 14.9012
5.82343e+08 89563.4
5.82354e+08 11183.3
5.82366e+08 11183.3
5.82421e+08 55901.7
5.826e+08 178926
5.82701e+08 100709
5.82701e+08 7.45058
5.82712e+08 11183.3
5.82735e+08 22366.6
5.82735e+08 7.45058
5.82735e+08 7.45058
5.82824e+08 89593.2
5.82824e+08 7.45058
5.82824e+08 7.45058
5.82903e+08 78335.4
5.82903e+08 7.45058
5.82903e+08 14.9012
5.82903e+08 7.45058
5.82903e+08 96.8575
5.82903e+08 1
5.82903e+08 6.45058
5.82903e+08 14.9012
5.82936e+08 33639.4
5.82948e+08 11257.8
5.82959e+08 11205.7
5.83227e+08 268638
5.83227e+08 7.45058
5.83239e+08 11183.3
5.83261e+08 22374.1
5.83384e+08 123031
5.83395e+08 11220.6
6.07996e+08 2.46003e+07
6.08007e+08 11190.8
6.08119e+08 111893
