2494 2000
6494 4000
14494 8000
30494 16000
62494 32000
126494 64000
254494 128000
510494 256000
1.02249e+06 512000
2.04649e+06 1.024e+06
4.09449e+06 2.048e+06
4.77069e+06 676191
4.77069e+06 1
8.29503e+06 3.52434e+06
8.29503e+06 7.45058
9.82353e+06 1.5285e+06
9.82354e+06 1
9.82354e+06 6.45058
1.16518e+07 1.82831e+06
1.16519e+07 21
1.16519e+07 1
1.16519e+07 11
1.45591e+07 2.90724e+06
1.45591e+07 7.45058
1.45591e+07 7.45058
1.45591e+07 7.45058
1.45591e+07 1
1.74442e+07 2.88509e+06
1.74442e+07 7.45058
1.74443e+07 29.8023
1.74443e+07 7.45058
1.74443e+07 7.45058
1.74443e+07 1
2.1358e+07 3.91375e+06
2.13581e+07 7.45058
2.13581e+07 7.45058
2.13581e+07 7.45058
2.13581e+07 7.45058
2.13582e+07 74.5058
2.13582e+07 1
2.54621e+07 4.10391e+06
2.54621e+07 7.45058
2.54621e+07 7.45058
2.54621e+07 7.45058
2.54621e+07 7.45058
2.54956e+07 33557.4
2.55069e+07 11250.4
2.96782e+07 4.17126e+06
2.96782e+07 1
2.97006e+07 22440.1
2.97118e+07 11190.8
2.97118e+07 7.45058
2.97118e+07 7.45058
2.97342e+07 22366.6
2.97342e+07 44.7035
3.45134e+07 4.77915e+06
3.45134e+07 7.45058
3.45134e+07 1
3.45805e+07 67158.5
3.45805e+07 7.45058
3.45806e+07 29.8023
3.45918e+07 11198.2
3.4603e+07 11250.4
3.46254e+07 22396.4
4.00217e+07 5.39625e+06
4.00441e+07 22426.2
4.00441e+07 7.45058
4.0089e+07 44874.8
4.0089e+07 1
4.0089e+07 6.45058
4.0089e+07 44.7035
4.0089e+07 7.45058
4.00891e+07 22.3517
4.01003e+07 11220.6
4.59164e+07 5.81608e+06
4.595e+07 33594.7
4.595e+07 29.8023
4.60173e+07 67360.7
4.60285e+07 11190.8
4.60285e+07 1
4.60285e+07 6.45058
4.60621e+07 33572.3
4.60621e+07 7.45058
4.60621e+07 7.45058
4.60621e+07 7.45058
5.25355e+07 6.47337e+06
5.25691e+07 33542.5
5.25803e+07 11235.5
5.28041e+07 223860
5.28042e+07 14.9012
5.28042e+07 7.45058
5.28042e+07 7.45058
5.28042e+07 1
5.28042e+07 66.0552
5.28043e+07 7.45058
5.28043e+07 7.45058
5.28043e+07 7.45058
5.95584e+07 6.75409e+06
5.95696e+07 11205.7
5.96255e+07 55894.3
5.97823e+07 156820
5.97823e+07 22.3517
5.97823e+07 7.45058
5.97823e+07 37.2529
5.97824e+07 14.9012
5.97824e+07 1
5.97936e+07 11249.4
5.97936e+07 7.45058
5.97936e+07 7.45058
5.97936e+07 14.9012
6.73177e+07 7.52402e+06
6.73847e+07 67062.7
6.73959e+07 11190.8
6.74521e+07 56237
6.74522e+07 7.45058
6.74522e+07 7.45058
6.74634e+07 11198.2
6.74634e+07 7.45058
6.74634e+07 22.3517
6.74634e+07 1
6.75082e+07 44806.8
6.75194e+07 11205.7
6.75306e+07 11183.3
6.75418e+07 11183.3
7.54701e+07 7.92835e+06
7.55037e+07 33557.4
7.55372e+07 33542.5
7.57052e+07 167988
7.57052e+07 7.45058
7.57052e+07 7.45058
7.57277e+07 22448.6
7.57277e+07 7.45058
7.57389e+07 11190.8
7.57389e+07 7.45058
7.57612e+07 22359.2
7.57612e+07 1
7.57724e+07 11189.8
7.57724e+07 7.45058
7.57724e+07 7.45058
8.44755e+07 8.70309e+06
8.44867e+07 11183.3
8.44867e+07 7.45058
8.46995e+07 212744
8.46995e+07 7.45058
8.46995e+07 7.45058
8.46995e+07 52.1541
8.46995e+07 7.45058
8.46996e+07 22.3517
8.46996e+07 7.45058
8.46996e+07 7.45058
8.46996e+07 7.45058
8.46996e+07 1
8.46996e+07 6.45058
8.47108e+07 11183.3
8.47108e+07 7.45058
9.39889e+07 9.27812e+06
9.39889e+07 7.45058
9.40001e+07 11183.3
9.42128e+07 212744
9.4224e+07 11183.3
9.4224e+07 7.45058
9.42352e+07 11183.3
9.42352e+07 7.45058
9.42464e+07 11183.3
9.42464e+07 7.45058
9.42464e+07 7.45058
9.42464e+07 14.9012
9.42465e+07 22.3517
9.42465e+07 14.9012
9.42465e+07 1
9.42465e+07 6.45058
9.42465e+07 7.45058
1.04121e+08 9.87502e+06
1.04133e+08 11190.8
1.04133e+08 7.45058
1.04234e+08 100948
1.04234e+08 7.45058
1.04234e+08 7.45058
1.04234e+08 7.45058
1.04234e+08 7.45058
1.04234e+08 7.45058
1.04234e+08 7.45058
1.04234e+08 14.9012
1.04234e+08 37.2529
1.04234e+08 29.8023
1.04256e+08 22389
1.04256e+08 7.45058
1.04256e+08 1
1.04256e+08 13.9012
1.04279e+08 22374.1
1.14701e+08 1.04221e+07
1.14701e+08 14.9012
1.14701e+08 14.9012
1.14858e+08 156865
1.14858e+08 7.45058
1.14858e+08 29.8023
1.14858e+08 7.45058
1.14858e+08 7.45058
1.14858e+08 7.45058
1.14858e+08 7.45058
1.14858e+08 7.45058
1.14858e+08 67.0552
1.14858e+08 14.9012
1.1488e+08 22426.2
1.14891e+08 11213.1
1.14891e+08 7.45058
1.14914e+08 22374.1
1.14914e+08 1
1.1497e+08 55908.2
1.25906e+08 1.09365e+07
1.25906e+08 7.45058
1.25906e+08 7.45058
1.26074e+08 168100
1.26074e+08 22.3517
1.26074e+08 7.45058
1.26074e+08 7.45058
1.26074e+08 7.45058
1.26074e+08 37.2529
1.26074e+08 7.45058
1.26074e+08 7.45058
1.26074e+08 74.5058
1.26074e+08 7.45058
1.2613e+08 55968.8
1.26142e+08 11205.7
1.26164e+08 22366.6
1.26164e+08 7.45058
1.26175e+08 11183.3
1.26175e+08 1
1.26198e+08 22395.4
1.37704e+08 1.15067e+07
1.37704e+08 7.45058
1.37704e+08 7.45058
1.37884e+08 179380
1.37884e+08 7.45058
1.37884e+08 7.45058
1.37884e+08 7.45058
1.37884e+08 7.45058
1.37884e+08 7.45058
1.37884e+08 7.45058
1.37884e+08 7.45058
1.37895e+08 11213.1
1.37895e+08 7.45058
1.37962e+08 67189.3
1.38007e+08 44740.7
1.38007e+08 22.3517
1.38029e+08 22374.1
1.3804e+08 11220.6
1.3804e+08 7.45058
1.38041e+08 44.7035
1.38041e+08 1
1.50095e+08 1.20544e+07
1.50095e+08 7.45058
1.50095e+08 7.45058
1.50275e+08 179626
1.50286e+08 11190.8
1.50297e+08 11190.8
1.50297e+08 7.45058
1.50297e+08 7.45058
1.50297e+08 7.45058
1.50319e+08 22374.1
1.50331e+08 11183.3
1.50386e+08 55946.4
1.50386e+08 7.45058
1.50387e+08 104.308
1.50387e+08 7.45058
1.50409e+08 22381.5
1.5042e+08 11213.1
1.50431e+08 11250.4
1.50431e+08 7.45058
1.50443e+08 11257.8
1.50443e+08 7.45058
1.50443e+08 1
1.6308e+08 1.26377e+07
1.6308e+08 7.45058
1.6308e+08 7.45058
1.6335e+08 269204
1.63361e+08 11183.3
1.63361e+08 7.45058
1.63394e+08 33572.3
1.63394e+08 7.45058
1.63394e+08 7.45058
1.63394e+08 7.45058
1.63394e+08 7.45058
1.63406e+08 11213.1
1.63406e+08 14.9012
1.63428e+08 22508.2
1.63428e+08 7.45058
1.63439e+08 11183.3
1.63451e+08 11213.1
1.63462e+08 11250.4
1.63462e+08 7.45058
1.63551e+08 89541.1
1.63563e+08 11183.3
1.63585e+08 22366.6
1.76259e+08 1.26739e+07
1.76259e+08 1
1.76259e+08 13.9012
1.76259e+08 22.3517
1.76427e+08 168562
1.76427e+08 7.45058
1.76427e+08 7.45058
1.76427e+08 7.45058
1.76427e+08 7.45058
1.7645e+08 22359.2
1.76461e+08 11183.3
1.76461e+08 29.8023
1.76472e+08 11190.8
1.76472e+08 7.45058
1.76595e+08 123106
1.76595e+08 7.45058
1.76606e+08 11183.3
1.76618e+08 11198.2
1.76618e+08 186.265
1.76618e+08 7.45058
1.76618e+08 44.7035
1.76618e+08 7.45058
1.76618e+08 22.3517
1.89846e+08 1.32284e+07
1.89846e+08 7.45058
1.89846e+08 1
1.89846e+08 6.45058
1.89846e+08 37.2529
1.90171e+08 325032
1.90171e+08 7.45058
1.90171e+08 7.45058
1.90171e+08 7.45058
1.90171e+08 7.45058
1.90171e+08 7.45058
1.90171e+08 7.45058
1.90171e+08 22.3517
1.90183e+08 11183.3
1.90183e+08 7.45058
1.90295e+08 112012
1.90295e+08 7.45058
1.90295e+08 7.45058
1.90295e+08 7.45058
1.90418e+08 123106
1.9044e+08 22396.4
1.9044e+08 29.8023
1.9044e+08 7.45058
1.9044e+08 37.2529
2.04129e+08 1.36886e+07
2.04129e+08 7.45058
2.04129e+08 52.1541
2.04129e+08 44.7035
2.04129e+08 1
2.0414e+08 11212.1
2.04622e+08 481449
2.04622e+08 7.45058
2.04644e+08 22359.2
2.04655e+08 11183.3
2.04666e+08 11183.3
2.04678e+08 11190.8
2.04678e+08 7.45058
2.04678e+08 14.9012
2.04678e+08 7.45058
2.04678e+08 7.45058
2.04756e+08 78529.1
2.04756e+08 7.45058
2.04756e+08 14.9012
2.04756e+08 7.45058
2.04756e+08 298.023
2.04756e+08 22.3517
2.04756e+08 59.6046
2.04756e+08 7.45058
2.04757e+08 14.9012
2.19002e+08 1.42459e+07
2.19002e+08 7.45058
2.19003e+08 81.9564
2.19058e+08 55953.9
2.19081e+08 22381.5
2.19081e+08 1
2.19092e+08 11227
2.19574e+08 481434
2.19574e+08 14.9012
2.19574e+08 7.45058
2.19574e+08 7.45058
2.19574e+08 7.45058
2.19574e+08 7.45058
2.19585e+08 11213.1
2.19585e+08 22.3517
2.19585e+08 7.45058
2.19585e+08 7.45058
2.19652e+08 67450.1
2.19652e+08 14.9012
2.19652e+08 22.3517
2.19652e+08 7.45058
2.19653e+08 253.32
2.19653e+08 22.3517
2.19653e+08 37.2529
2.19653e+08 7.45058
2.19653e+08 7.45058
2.3455e+08 1.48973e+07
2.34561e+08 11213.1
2.34561e+08 7.45058
2.34572e+08 11295.1
2.34606e+08 33557.4
2.34606e+08 7.45058
2.3464e+08 33550
2.3464e+08 1
2.35054e+08 414445
2.35054e+08 22.3517
2.35054e+08 7.45058
2.35054e+08 7.45058
2.35054e+08 7.45058
2.35054e+08 7.45058
2.35065e+08 11190.8
2.35065e+08 14.9012
2.35065e+08 7.45058
2.35065e+08 14.9012
2.35133e+08 67584.2
2.35133e+08 22.3517
2.35133e+08 7.45058
2.35133e+08 7.45058
2.35133e+08 134.11
2.35133e+08 7.45058
2.35133e+08 7.45058
2.35133e+08 7.45058
2.35133e+08 44.7035
2.5071e+08 1.55769e+07
2.50744e+08 33542.5
2.50744e+08 7.45058
2.50811e+08 67099.9
2.50822e+08 11190.8
2.50822e+08 7.45058
2.50889e+08 67070.1
2.50911e+08 22418.8
2.50911e+08 1
2.51136e+08 224582
2.51136e+08 14.9012
2.51136e+08 7.45058
2.51136e+08 7.45058
2.51136e+08 7.45058
2.51136e+08 7.45058
2.51136e+08 7.45058
2.51147e+08 11220.6
2.51147e+08 7.45058
2.51147e+08 74.5058
2.51215e+08 67517.2
2.51215e+08 7.45058
2.51215e+08 7.45058
2.51215e+08 7.45058
2.51215e+08 96.8575
2.51215e+08 7.45058
2.51215e+08 7.45058
2.51215e+08 7.45058
2.51215e+08 14.9012
2.67588e+08 1.63728e+07
2.67599e+08 11220.6
2.67599e+08 7.45058
2.6761e+08 11242.9
2.6761e+08 7.45058
2.6761e+08 7.45058
2.6761e+08 22.3517
2.67644e+08 33550
2.67644e+08 7.45058
2.67813e+08 168838
2.67813e+08 1
2.67813e+08 36.2529
2.67824e+08 11190.8
2.67824e+08 7.45058
2.67824e+08 7.45058
2.67824e+08 7.45058
2.67824e+08 7.45058
2.67824e+08 104.308
2.67824e+08 44.7035
2.67835e+08 11235.5
2.67892e+08 56259.3
2.67892e+08 7.45058
2.67892e+08 7.45058
2.67892e+08 7.45058
2.67892e+08 126.66
2.67892e+08 7.45058
2.67892e+08 14.9012
2.67892e+08 7.45058
2.67892e+08 7.45058
2.84765e+08 1.68733e+07
2.84765e+08 14.9012
2.84765e+08 7.45058
2.84765e+08 29.8023
2.84765e+08 7.45058
2.84765e+08 14.9012
2.84765e+08 37.2529
2.84776e+08 11250.4
2.84776e+08 7.45058
2.84979e+08 202514
2.84979e+08 37.2529
2.84979e+08 1
2.84979e+08 51.1541
2.8499e+08 11235.5
2.8499e+08 37.2529
2.8499e+08 22.3517
2.8499e+08 7.45058
2.8499e+08 7.45058
2.85002e+08 11220.6
2.85002e+08 37.2529
2.85024e+08 22433.7
2.85058e+08 33810.7
2.85058e+08 22.3517
2.85058e+08 7.45058
2.85058e+08 7.45058
2.85058e+08 96.8575
2.85058e+08 7.45058
2.85058e+08 7.45058
2.85058e+08 7.45058
2.85058e+08 7.45058
3.02513e+08 1.74547e+07
3.02513e+08 7.45058
3.02513e+08 7.45058
3.02513e+08 22.3517
3.02513e+08 22.3517
3.02513e+08 52.1541
3.02513e+08 7.45058
3.02513e+08 59.6046
3.02513e+08 7.45058
3.02738e+08 225075
3.02761e+08 22463.5
3.02761e+08 7.45058
3.02761e+08 29.8023
3.02761e+08 1
3.02772e+08 11219.6
3.02772e+08 52.1541
3.02783e+08 11205.7
3.02783e+08 7.45058
3.02783e+08 7.45058
3.02794e+08 11205.7
3.02794e+08 7.45058
3.02794e+08 7.45058
3.02817e+08 22694.5
3.02817e+08 7.45058
3.02817e+08 7.45058
3.02817e+08 7.45058
3.02817e+08 44.7035
3.02817e+08 7.45058
3.02817e+08 7.45058
3.02817e+08 7.45058
3.02817e+08 29.8023
3.20853e+08 1.80362e+07
3.20853e+08 7.45058
3.20853e+08 7.45058
3.20853e+08 37.2529
3.20853e+08 7.45058
3.20853e+08 7.45058
3.20853e+08 7.45058
3.20853e+08 7.45058
3.20853e+08 7.45058
3.21112e+08 258841
3.21112e+08 126.66
3.21124e+08 11198.2
3.21124e+08 7.45058
3.21124e+08 7.45058
3.21124e+08 1
3.21135e+08 11189.8
3.21135e+08 7.45058
3.21146e+08 11190.8
3.21146e+08 7.45058
3.21146e+08 7.45058
3.21146e+08 14.9012
3.21146e+08 7.45058
3.21146e+08 7.45058
3.21169e+08 22739.2
3.21169e+08 7.45058
3.21169e+08 7.45058
3.21169e+08 7.45058
3.21169e+08 44.7035
3.21169e+08 7.45058
3.21169e+08 14.9012
3.21169e+08 7.45058
3.21169e+08 44.7035
3.39943e+08 1.87742e+07
3.39943e+08 14.9012
3.39943e+08 7.45058
3.39943e+08 14.9012
3.39943e+08 7.45058
3.39943e+08 7.45058
3.39943e+08 7.45058
3.39943e+08 7.45058
3.39943e+08 7.45058
3.40225e+08 281401
3.40236e+08 11190.8
3.40236e+08 7.45058
3.40236e+08 7.45058
3.40236e+08 7.45058
3.40236e+08 7.45058
3.40236e+08 14.9012
3.40236e+08 1
3.40236e+08 6.45058
3.40247e+08 11198.2
3.40247e+08 7.45058
3.40247e+08 14.9012
3.40247e+08 7.45058
3.40247e+08 14.9012
3.40247e+08 7.45058
3.4027e+08 22761.5
3.4027e+08 7.45058
3.4027e+08 7.45058
3.4027e+08 7.45058
3.4027e+08 81.9564
3.4027e+08 7.45058
3.4027e+08 37.2529
3.4027e+08 7.45058
3.4027e+08 7.45058
3.59598e+08 1.93281e+07
3.59598e+08 7.45058
3.59598e+08 14.9012
3.59598e+08 7.45058
3.59598e+08 7.45058
3.59598e+08 7.45058
3.59598e+08 7.45058
3.59598e+08 7.45058
3.59598e+08 7.45058
3.59902e+08 303864
3.59902e+08 7.45058
3.59902e+08 7.45058
3.59902e+08 7.45058
3.59902e+08 14.9012
3.59902e+08 7.45058
3.59902e+08 7.45058
3.59902e+08 7.45058
3.59902e+08 1
3.59913e+08 11189.8
3.59913e+08 44.7035
3.59913e+08 7.45058
3.59913e+08 7.45058
3.59913e+08 7.45058
3.59924e+08 11190.8
3.59924e+08 7.45058
3.59936e+08 11533.5
3.59936e+08 7.45058
3.59936e+08 7.45058
3.59936e+08 52.1541
3.59936e+08 96.8575
3.59936e+08 7.45058
3.59936e+08 7.45058
3.59936e+08 7.45058
3.59936e+08 7.45058
3.7985e+08 1.99135e+07
3.7985e+08 7.45058
3.7985e+08 59.6046
3.79861e+08 11198.2
3.79861e+08 14.9012
3.79861e+08 7.45058
3.79861e+08 7.45058
3.79861e+08 14.9012
3.79861e+08 7.45058
3.80154e+08 292756
3.80165e+08 11205.7
3.80165e+08 7.45058
3.80176e+08 11198.2
3.80176e+08 7.45058
3.80176e+08 7.45058
3.80176e+08 7.45058
3.80187e+08 11198.2
3.80187e+08 7.45058
3.80187e+08 22.3517
3.80187e+08 1
3.80188e+08 6.45058
3.80199e+08 11190.8
3.80199e+08 7.45058
3.80199e+08 7.45058
3.80199e+08 14.9012
3.80199e+08 22.3517
3.80233e+08 33870.3
3.80233e+08 7.45058
3.80233e+08 7.45058
3.80255e+08 22433.7
3.80266e+08 11205.7
3.80266e+08 7.45058
3.80266e+08 7.45058
3.80266e+08 7.45058
3.80266e+08 7.45058
4.00744e+08 2.0478e+07
4.00744e+08 7.45058
4.00767e+08 22374.1
4.00767e+08 7.45058
4.00767e+08 7.45058
4.00767e+08 7.45058
4.00767e+08 7.45058
4.00767e+08 22.3517
4.00767e+08 7.45058
4.01082e+08 315264
4.01104e+08 22396.4
4.01104e+08 7.45058
4.01104e+08 7.45058
4.01116e+08 11183.3
4.01116e+08 7.45058
4.01116e+08 7.45058
4.01138e+08 22389
4.01138e+08 44.7035
4.01149e+08 11198.2
4.01149e+08 7.45058
4.01149e+08 1
4.01149e+08 6.45058
4.01149e+08 7.45058
4.01149e+08 7.45058
4.0116e+08 11190.8
4.0116e+08 7.45058
4.01172e+08 11242.9
4.01206e+08 33788.4
4.01206e+08 7.45058
4.01206e+08 7.45058
4.01217e+08 11250.4
4.01217e+08 7.45058
4.01228e+08 11228
4.01228e+08 7.45058
4.01228e+08 7.45058
4.01228e+08 7.45058
4.22075e+08 2.08473e+07
4.22075e+08 7.45058
4.22075e+08 44.7035
4.22075e+08 7.45058
4.22075e+08 7.45058
4.22075e+08 14.9012
4.22075e+08 7.45058
4.22075e+08 7.45058
4.22075e+08 14.9012
4.22525e+08 449471
4.22525e+08 59.6046
4.22536e+08 11190.8
4.22536e+08 7.45058
4.22536e+08 29.8023
4.22536e+08 7.45058
4.22536e+08 7.45058
4.22547e+08 11190.8
4.22547e+08 74.5058
4.22547e+08 7.45058
4.22547e+08 7.45058
4.22547e+08 7.45058
4.22548e+08 7.45058
4.22548e+08 1
4.22548e+08 6.45058
4.2257e+08 22381.5
4.2257e+08 7.45058
4.2257e+08 14.9012
4.22581e+08 11280.2
4.22637e+08 56065.6
4.22648e+08 11220.6
4.22648e+08 7.45058
4.22682e+08 33602.1
4.22682e+08 7.45058
4.22682e+08 7.45058
4.22682e+08 7.45058
4.22682e+08 7.45058
4.22682e+08 7.45058
4.44098e+08 2.14157e+07
4.44098e+08 7.45058
4.44109e+08 11190.8
4.44109e+08 7.45058
4.4412e+08 11183.3
4.4412e+08 7.45058
4.4412e+08 7.45058
4.4412e+08 7.45058
4.44131e+08 11190.8
4.44592e+08 460766
4.44615e+08 22433.7
4.44615e+08 7.45058
4.44615e+08 7.45058
4.44626e+08 11228
4.44626e+08 7.45058
4.44626e+08 7.45058
4.44626e+08 7.45058
4.44659e+08 33542.5
4.44671e+08 11228
4.44682e+08 11198.2
4.44682e+08 7.45058
4.44682e+08 7.45058
4.44682e+08 14.9012
4.44682e+08 1
4.44682e+08 6.45058
4.44704e+08 22441.1
4.44704e+08 7.45058
4.44704e+08 14.9012
4.44749e+08 44867.4
4.44794e+08 44785.4
4.44794e+08 7.45058
4.44805e+08 11183.3
4.44805e+08 7.45058
4.44805e+08 7.45058
4.44805e+08 7.45058
4.44805e+08 7.45058
4.44805e+08 7.45058
4.44805e+08 7.45058
4.66889e+08 2.20838e+07
4.66889e+08 7.45058
4.66889e+08 7.45058
4.66889e+08 7.45058
4.66889e+08 7.45058
4.66889e+08 7.45058
4.66889e+08 7.45058
4.66889e+08 7.45058
4.66889e+08 7.45058
4.67417e+08 527970
4.67428e+08 11220.6
4.67428e+08 7.45058
4.67428e+08 7.45058
4.6744e+08 11228
4.6744e+08 7.45058
4.6744e+08 7.45058
4.6744e+08 7.45058
4.6744e+08 7.45058
4.67473e+08 33609.6
4.67484e+08 11213.1
4.67484e+08 7.45058
4.67484e+08 7.45058
4.67496e+08 11272.7
4.67496e+08 7.45058
4.67496e+08 1
4.67496e+08 6.45058
4.67518e+08 22396.4
4.67518e+08 7.45058
4.67518e+08 7.45058
4.67574e+08 56065.6
4.67619e+08 44710.9
4.67619e+08 7.45058
4.67619e+08 7.45058
4.67619e+08 7.45058
4.67619e+08 7.45058
4.67619e+08 7.45058
4.67619e+08 7.45058
4.67619e+08 7.45058
4.67619e+08 7.45058
4.90205e+08 2.25862e+07
4.90205e+08 14.9012
4.90205e+08 7.45058
4.90205e+08 7.45058
4.90205e+08 7.45058
4.90205e+08 171.363
4.90205e+08 7.45058
4.90205e+08 7.45058
4.90205e+08 29.8023
4.90767e+08 561722
4.90767e+08 14.9012
4.90767e+08 7.45058
4.90767e+08 7.45058
4.90767e+08 7.45058
4.90767e+08 7.45058
4.90767e+08 7.45058
4.90767e+08 7.45058
4.90778e+08 11183.3
4.90778e+08 22.3517
4.9079e+08 11228
4.9079e+08 52.1541
4.9079e+08 7.45058
4.90801e+08 11250.4
4.90801e+08 7.45058
4.90801e+08 7.45058
4.90801e+08 7.45058
4.90801e+08 1
4.90801e+08 43.7035
4.90801e+08 7.45058
4.90801e+08 89.407
4.90846e+08 44755.6
4.90846e+08 7.45058
4.90846e+08 7.45058
4.90846e+08 14.9012
4.90846e+08 7.45058
4.90846e+08 7.45058
4.90846e+08 7.45058
4.90846e+08 7.45058
4.90868e+08 22389
4.90868e+08 7.45058
5.13969e+08 2.31009e+07
5.13969e+08 14.9012
5.13969e+08 14.9012
5.13969e+08 7.45058
5.13969e+08 7.45058
5.13992e+08 22545.5
5.13992e+08 7.45058
5.13992e+08 29.8023
5.13992e+08 29.8023
5.14576e+08 584237
5.14576e+08 44.7035
5.14576e+08 7.45058
5.14576e+08 7.45058
5.14576e+08 7.45058
5.14576e+08 7.45058
5.14576e+08 7.45058
5.14576e+08 7.45058
5.14576e+08 7.45058
5.14588e+08 11287.6
5.14588e+08 81.9564
5.14588e+08 7.45058
5.14588e+08 7.45058
5.14588e+08 14.9012
5.14588e+08 7.45058
5.14588e+08 7.45058
5.14588e+08 7.45058
5.14588e+08 7.45058
5.14588e+08 1
5.14599e+08 11182.3
5.14599e+08 7.45058
5.14632e+08 33550
5.14632e+08 14.9012
5.14644e+08 11235.5
5.14644e+08 7.45058
5.14644e+08 7.45058
5.14644e+08 7.45058
5.14644e+08 7.45058
5.14644e+08 7.45058
5.14644e+08 7.45058
5.147e+08 55961.3
5.147e+08 7.45058
5.38338e+08 2.36382e+07
5.38338e+08 7.45058
5.38338e+08 96.8575
5.38338e+08 37.2529
5.38338e+08 7.45058
5.38338e+08 223.517
5.38349e+08 11183.3
5.38349e+08 59.6046
5.38349e+08 7.45058
5.38878e+08 528507
5.389e+08 22500.8
5.38901e+08 7.45058
5.38901e+08 7.45058
5.38901e+08 7.45058
5.38901e+08 7.45058
5.38901e+08 7.45058
5.38901e+08 7.45058
5.38901e+08 7.45058
5.38923e+08 22396.4
5.38934e+08 11183.3
5.38945e+08 11190.8
5.38945e+08 7.45058
5.38945e+08 7.45058
5.38945e+08 7.45058
5.38945e+08 7.45058
5.38945e+08 7.45058
5.38945e+08 7.45058
5.38968e+08 22359.2
5.38968e+08 7.45058
5.38968e+08 1
5.38968e+08 6.45058
5.38968e+08 7.45058
5.38979e+08 11183.3
5.3899e+08 11257.8
5.3899e+08 7.45058
5.3899e+08 7.45058
5.3899e+08 7.45058
5.3899e+08 7.45058
5.3899e+08 7.45058
5.3899e+08 7.45058
5.39001e+08 11235.5
5.39001e+08 7.45058
5.63224e+08 2.42229e+07
5.63224e+08 7.45058
5.63236e+08 11302.5
5.63247e+08 11257.8
5.63247e+08 7.45058
5.63269e+08 22530.6
5.63269e+08 14.9012
5.6327e+08 134.11
5.63281e+08 11183.3
5.63809e+08 528678
5.63865e+08 55983.7
5.63865e+08 7.45058
5.63865e+08 7.45058
5.63865e+08 7.45058
5.63865e+08 7.45058
5.63888e+08 22366.6
5.63888e+08 7.45058
5.63888e+08 7.45058
5.63899e+08 11183.3
5.6391e+08 11220.6
5.6391e+08 7.45058
5.6391e+08 7.45058
5.6391e+08 7.45058
5.6391e+08 7.45058
5.6391e+08 7.45058
5.6391e+08 7.45058
5.6391e+08 7.45058
5.6391e+08 7.45058
5.63922e+08 11190.8
5.63922e+08 7.45058
5.63922e+08 1
5.63922e+08 6.45058
5.63922e+08 7.45058
5.63922e+08 7.45058
5.63933e+08 11198.2
5.63933e+08 37.2529
5.63933e+08 7.45058
5.63933e+08 7.45058
5.63933e+08 7.45058
5.63933e+08 7.45058
5.63933e+08 7.45058
5.63955e+08 22396.4
5.63955e+08 29.8023
5.88721e+08 2.47661e+07
5.88721e+08 44.7035
5.88733e+08 11399.4
5.88755e+08 22478.4
5.88755e+08 7.45058
5.88755e+08 96.8575
5.88755e+08 7.45058
5.88767e+08 11429.2
5.88767e+08 7.45058
5.89296e+08 528760
5.89329e+08 33624.5
5.89329e+08 7.45058
5.89329e+08 7.45058
5.89329e+08 7.45058
5.89329e+08 7.45058
5.89329e+08 7.45058
5.89329e+08 7.45058
5.89329e+08 7.45058
5.89329e+08 7.45058
5.89329e+08 7.45058
5.89329e+08 7.45058
5.89329e+08 7.45058
5.89329e+08 7.45058
5.89329e+08 22.3517
5.89329e+08 7.45058
5.89329e+08 7.45058
5.89329e+08 7.45058
5.89329e+08 7.45058
5.89341e+08 11198.2
5.89341e+08 7.45058
5.89341e+08 7.45058
5.89352e+08 11190.8
5.89352e+08 1
5.89352e+08 6.45058
5.89352e+08 7.45058
5.89352e+08 7.45058
5.89352e+08 7.45058
5.89352e+08 14.9012
5.89352e+08 7.45058
5.89352e+08 7.45058
5.89352e+08 7.45058
5.89352e+08 7.45058
5.89363e+08 11228
5.89386e+08 22426.2
6.14805e+08 2.54191e+07
6.14805e+08 67.0552
6.14816e+08 11563.3
