2795 2000
6795 4000
14795 8000
30795 16000
62795 32000
126795 64000
254795 128000
510795 256000
1.0228e+06 512000
2.0468e+06 1.024e+06
4.0948e+06 2.048e+06
5.37465e+06 1.27986e+06
5.37465e+06 1
8.30741e+06 2.93276e+06
8.30742e+06 7.45058
9.86618e+06 1.55876e+06
9.86618e+06 1
9.92316e+06 56973.8
1.33107e+07 3.3875e+06
1.33107e+07 7.45058
1.33107e+07 1
1.33107e+07 6.45058
1.63521e+07 3.04139e+06
1.64191e+07 67062.7
1.64415e+07 22359.2
1.64862e+07 44710.9
1.64862e+07 1
2.02657e+07 3.77948e+06
2.02769e+07 11198.2
2.02769e+07 7.45058
2.02881e+07 11205.7
2.02881e+07 7.45058
2.02881e+07 1
2.36431e+07 3.35495e+06
2.38219e+07 178829
2.38666e+07 44718.4
2.39001e+07 33542.5
2.39225e+07 22359.2
2.40007e+07 78238.5
2.40007e+07 1
2.78927e+07 3.89196e+06
2.79374e+07 44748.2
2.80381e+07 100605
2.81051e+07 67062.7
2.81051e+07 7.45058
2.81051e+07 7.45058
2.81051e+07 7.45058
3.24552e+07 4.35002e+06
3.24552e+07 1
3.26564e+07 201247
3.27011e+07 44733.3
3.27011e+07 7.45058
3.27012e+07 7.45058
3.2757e+07 55894.3
3.27571e+07 7.45058
3.74538e+07 4.69675e+06
3.74873e+07 33535.1
3.74873e+07 1
3.76327e+07 145330
3.76774e+07 44755.6
3.76998e+07 22366.6
3.76998e+07 7.45058
3.77446e+07 44748.2
3.77558e+07 11228
4.30899e+07 5.33409e+06
4.30899e+07 7.45058
4.31123e+07 22389
4.33246e+07 212356
4.33246e+07 1
4.34253e+07 100656
4.34253e+07 7.45058
4.34476e+07 22359.2
4.34924e+07 44763.1
4.35036e+07 11198.2
4.89721e+07 5.46846e+06
4.91733e+07 201248
4.93858e+07 212476
4.93858e+07 29.8023
4.9397e+07 11183.3
4.9397e+07 1
4.96429e+07 245913
4.96429e+07 7.45058
4.96429e+07 7.45058
4.97995e+07 156581
4.9833e+07 33535.1
5.54918e+07 5.65879e+06
5.56595e+07 167653
5.61179e+07 458449
5.61291e+07 11183.3
5.61515e+07 22359.2
5.61515e+07 7.45058
5.62633e+07 111826
5.62633e+07 1
5.62857e+07 22358.2
5.63304e+07 44710.9
5.66211e+07 290677
5.66993e+07 78238.5
6.29843e+07 6.28501e+06
6.30067e+07 22359.2
6.34426e+07 435919
6.34426e+07 7.45058
6.3465e+07 22359.2
6.35097e+07 44718.4
6.38116e+07 301957
6.38117e+07 29.8023
6.38117e+07 1
6.3834e+07 22388
6.38676e+07 33557.4
6.41024e+07 234798
6.41471e+07 44718.4
7.06783e+07 6.53118e+06
7.07901e+07 111781
7.12036e+07 413544
7.12036e+07 7.45058
7.12036e+07 7.45058
7.12707e+07 67070.1
7.17179e+07 447214
7.17515e+07 33594.7
7.17739e+07 22389
7.17739e+07 1
7.17963e+07 22365.6
7.1841e+07 44740.7
7.20647e+07 223637
7.20982e+07 33535.1
7.91214e+07 7.02319e+06
7.91214e+07 7.45058
7.94008e+07 279441
7.96245e+07 223629
7.96356e+07 11183.3
7.99374e+07 301808
8.02057e+07 268288
8.03176e+07 111885
8.04071e+07 89429.3
8.04071e+07 7.45058
8.04071e+07 7.45058
8.04071e+07 1
8.04295e+07 22388
8.06866e+07 257194
8.07314e+07 44718.4
8.81684e+07 7.43699e+06
8.81684e+07 7.45058
8.82466e+07 78246
8.86715e+07 424877
8.86715e+07 44.7035
8.88728e+07 201233
8.91746e+07 301793
8.94541e+07 279553
8.94541e+07 7.45058
8.94541e+07 7.45058
8.94541e+07 14.9012
8.94542e+07 7.45058
8.94542e+07 1
8.94542e+07 21.3517
8.96555e+07 201352
8.97114e+07 55924.1
9.76851e+07 7.97369e+06
9.77187e+07 33587.2
9.7864e+07 145324
9.82331e+07 369020
9.84007e+07 167646
9.85348e+07 134133
9.87361e+07 201270
9.92614e+07 525311
9.92615e+07 29.8023
9.92615e+07 67.0552
9.92616e+07 67.0552
9.92616e+07 14.9012
9.92616e+07 7.45058
9.9284e+07 22403.9
9.9284e+07 1
9.95301e+07 246084
9.96196e+07 89503.8
1.07515e+08 7.89559e+06
1.07873e+08 357673
1.07996e+08 122942
1.08566e+08 570320
1.08622e+08 55901.7
1.087e+08 78260.9
1.08991e+08 290662
1.09092e+08 100657
1.09192e+08 100598
1.09595e+08 402369
1.09595e+08 44.7035
1.09595e+08 14.9012
1.09595e+08 7.45058
1.09684e+08 89593.2
1.09729e+08 44725.8
1.09729e+08 1
1.1002e+08 290736
1.10087e+08 67226.6
1.17916e+08 7.82871e+06
1.18217e+08 301778
1.18262e+08 44710.9
1.19492e+08 1.22982e+06
1.19514e+08 22359.2
1.19581e+08 67085
1.19816e+08 234775
1.19984e+08 167720
1.20107e+08 122987
1.20319e+08 212394
1.20587e+08 268243
1.20588e+08 22.3517
1.20588e+08 7.45058
1.20699e+08 111856
1.20699e+08 7.45058
1.20699e+08 7.45058
1.2099e+08 290729
1.2099e+08 1
1.21136e+08 145643
1.29222e+08 8.08601e+06
1.29423e+08 201248
1.29457e+08 33535.1
1.31055e+08 1.59872e+06
1.31066e+08 11190.8
1.31134e+08 67070.1
1.31301e+08 167683
1.31469e+08 167698
1.31502e+08 33535.1
1.3167e+08 167720
1.31827e+08 156477
1.32117e+08 290580
1.32117e+08 7.45058
1.32397e+08 279635
1.32397e+08 7.45058
1.32397e+08 7.45058
1.32587e+08 190124
1.32598e+08 11183.3
1.32598e+08 1
1.32755e+08 156700
1.40931e+08 8.17569e+06
1.41199e+08 268303
1.41255e+08 55886.8
1.43055e+08 1.80002e+06
1.43055e+08 7.45058
1.43234e+08 178844
1.43446e+08 212371
1.43502e+08 55886.8
1.43524e+08 22359.2
1.43714e+08 190042
1.43725e+08 11183.3
1.43748e+08 22359.2
1.4377e+08 22359.2
1.44642e+08 872068
1.44642e+08 7.45058
1.44642e+08 7.45058
1.44799e+08 156544
1.44799e+08 7.45058
1.44799e+08 7.45058
1.44978e+08 179067
1.44978e+08 1
1.53344e+08 8.366e+06
1.53478e+08 134185
1.53478e+08 7.45058
1.55535e+08 2.05708e+06
1.55535e+08 7.45058
1.55681e+08 145346
1.55859e+08 178881
1.55859e+08 7.45058
1.55971e+08 111774
1.56295e+08 324152
1.56329e+08 33542.5
1.56329e+08 7.45058
1.56362e+08 33542.5
1.57469e+08 1.10682e+06
1.57469e+08 7.45058
1.57492e+08 22359.2
1.57592e+08 100702
1.57592e+08 7.45058
1.57592e+08 7.45058
1.57805e+08 212558
1.57805e+08 7.45058
1.57805e+08 1
1.6635e+08 8.54508e+06
1.66518e+08 167713
1.66518e+08 7.45058
1.68552e+08 2.03473e+06
1.68552e+08 7.45058
1.68664e+08 111789
1.68955e+08 290677
1.69e+08 44725.8
1.69e+08 7.45058
1.69167e+08 167675
1.69246e+08 78275.8
1.69246e+08 7.45058
1.69357e+08 111781
1.70542e+08 1.18507e+06
1.70542e+08 7.45058
1.70542e+08 7.45058
1.70632e+08 89474
1.70632e+08 7.45058
1.70632e+08 7.45058
1.7099e+08 357762
1.7099e+08 14.9012
1.7099e+08 74.5058
1.79725e+08 8.7352e+06
1.79725e+08 1
1.79826e+08 100656
1.79826e+08 7.45058
1.81905e+08 2.07929e+06
1.81905e+08 29.8023
1.82039e+08 134200
1.82274e+08 234805
1.82386e+08 111781
1.82386e+08 7.45058
1.82408e+08 22359.2
1.8261e+08 201344
1.82643e+08 33542.5
1.82744e+08 100598
1.83929e+08 1.18499e+06
1.83929e+08 7.45058
1.83929e+08 7.45058
1.84052e+08 123009
1.84063e+08 11235.5
1.84063e+08 7.45058
1.84454e+08 391372
1.84477e+08 22381.5
1.84577e+08 100680
1.93704e+08 9.12652e+06
1.93704e+08 7.45058
1.93704e+08 1
1.93715e+08 11182.3
1.93715e+08 7.45058
1.95861e+08 2.14633e+06
1.95861e+08 7.45058
1.96007e+08 145532
1.96242e+08 234798
1.96264e+08 22374.1
1.96264e+08 7.45058
1.96298e+08 33535.1
1.96633e+08 335462
1.96745e+08 111781
1.96801e+08 55916.6
1.98053e+08 1.25202e+06
1.98053e+08 14.9012
1.98064e+08 11190.8
1.98154e+08 89481.5
1.98254e+08 100628
1.98277e+08 22381.5
1.98713e+08 436112
1.98724e+08 11213.1
1.98746e+08 22396.4
2.08152e+08 9.40621e+06
2.08164e+08 11190.8
2.08186e+08 22381.5
2.08186e+08 7.45058
2.08186e+08 1
2.08186e+08 6.45058
2.10444e+08 2.25808e+06
2.10444e+08 7.45058
2.10578e+08 134341
2.10746e+08 167765
2.1088e+08 134155
2.10947e+08 67085
2.10947e+08 7.45058
2.11193e+08 245921
2.11216e+08 22359.2
2.1135e+08 134178
2.12725e+08 1.37507e+06
2.12725e+08 7.45058
2.12725e+08 7.45058
2.12815e+08 89503.8
2.1287e+08 55953.9
2.13049e+08 178881
2.13452e+08 402577
2.13463e+08 11220.6
2.13586e+08 122987
2.23216e+08 9.62996e+06
2.23216e+08 7.45058
2.23272e+08 55894.3
2.23272e+08 7.45058
2.23272e+08 7.45058
2.23272e+08 1
2.23294e+08 22365.6
2.25597e+08 2.30286e+06
2.25597e+08 7.45058
2.25698e+08 100680
2.25888e+08 190116
2.25955e+08 67085
2.26022e+08 67062.7
2.26078e+08 55901.7
2.2629e+08 212401
2.26313e+08 22403.9
2.26402e+08 89570.9
2.27979e+08 1.57629e+06
2.27979e+08 7.45058
2.27979e+08 7.45058
2.28091e+08 111833
2.28225e+08 134207
2.28448e+08 223599
2.28784e+08 335500
2.28907e+08 123054
2.29041e+08 134200
2.38895e+08 9.85364e+06
2.38895e+08 7.45058
2.38906e+08 11198.2
2.38906e+08 7.45058
2.38917e+08 11183.3
2.3894e+08 22366.6
2.3894e+08 7.45058
2.3894e+08 1
2.41365e+08 2.4259e+06
2.41365e+08 7.45058
2.41444e+08 78305.6
2.41612e+08 167713
2.41667e+08 55886.8
2.41679e+08 11183.3
2.41701e+08 22359.2
2.41969e+08 268251
2.41992e+08 22366.6
2.42171e+08 178993
2.43758e+08 1.58757e+06
2.43769e+08 11220.6
2.43769e+08 7.45058
2.43959e+08 190087
2.44105e+08 145383
2.4453e+08 424862
2.44765e+08 234932
2.4491e+08 145324
2.45122e+08 212379
2.55144e+08 1.00216e+07
2.55144e+08 7.45058
2.55166e+08 22359.2
2.55177e+08 11190.8
2.55189e+08 11198.2
2.552e+08 11190.8
2.552e+08 7.45058
2.552e+08 7.45058
2.552e+08 1
2.57715e+08 2.51534e+06
2.57726e+08 11183.3
2.57816e+08 89466.6
2.58028e+08 212431
2.58051e+08 22359.2
2.58118e+08 67085
2.58118e+08 7.45058
2.58162e+08 44710.9
2.58241e+08 78253.4
2.58453e+08 212505
2.60096e+08 1.64323e+06
2.60208e+08 111863
2.60219e+08 11205.7
2.60432e+08 212640
2.60667e+08 234850
2.61036e+08 369094
2.61405e+08 368886
2.6155e+08 145316
2.6164e+08 89488.9
2.71829e+08 1.01895e+07
2.71885e+08 55894.3
2.71885e+08 7.45058
2.71919e+08 33535.1
2.71919e+08 7.45058
2.71919e+08 7.45058
2.71919e+08 7.45058
2.71919e+08 7.45058
2.71919e+08 7.45058
2.74714e+08 2.79482e+06
2.74714e+08 1
2.74725e+08 11197.2
2.74769e+08 44778
2.75049e+08 279456
2.75071e+08 22403.9
2.75071e+08 7.45058
2.75083e+08 11183.3
2.75116e+08 33542.5
2.75228e+08 111803
2.75418e+08 190087
2.77016e+08 1.59837e+06
2.77151e+08 134200
2.77162e+08 11190.8
2.77531e+08 369206
2.77744e+08 212714
2.78213e+08 469640
2.78526e+08 313029
2.78616e+08 89451.7
2.78761e+08 145361
2.89219e+08 1.04579e+07
2.89264e+08 44733.3
2.89264e+08 7.45058
2.89264e+08 7.45058
2.89264e+08 7.45058
2.89264e+08 7.45058
2.89264e+08 7.45058
2.89286e+08 22359.2
2.89286e+08 7.45058
2.9226e+08 2.97371e+06
2.9226e+08 7.45058
2.9226e+08 1
2.92271e+08 11227
2.92327e+08 55931.5
2.92361e+08 33579.8
2.92595e+08 234738
2.92595e+08 7.45058
2.92595e+08 7.45058
2.92607e+08 11198.2
2.92707e+08 100628
2.92908e+08 201233
2.9454e+08 1.63178e+06
2.94652e+08 111841
2.94663e+08 11183.3
2.95055e+08 391625
2.95435e+08 380360
2.9586e+08 424907
2.96006e+08 145517
2.96117e+08 111818
2.96531e+08 413626
3.07023e+08 1.04916e+07
3.07034e+08 11183.3
3.0709e+08 55901.7
3.07157e+08 67070.1
3.07157e+08 7.45058
3.07235e+08 78246
3.07235e+08 7.45058
3.07235e+08 7.45058
3.07235e+08 7.45058
3.10377e+08 3.14142e+06
3.10377e+08 7.45058
3.10377e+08 22.3517
3.10399e+08 22396.4
3.10399e+08 1
3.10444e+08 44777
3.10477e+08 33557.4
3.10701e+08 223540
3.10712e+08 11213.1
3.10723e+08 11205.7
3.10735e+08 11235.5
3.10869e+08 134148
3.10969e+08 100605
3.11919e+08 949979
3.12668e+08 748880
3.12668e+08 7.45058
3.1325e+08 581525
3.13775e+08 525765
3.141e+08 324368
3.14312e+08 212424
3.14346e+08 33550
3.15173e+08 827320
3.2562e+08 1.04472e+07
3.25643e+08 22359.2
3.25643e+08 14.9012
3.25766e+08 122957
3.25799e+08 33542.5
3.25833e+08 33535.1
3.25833e+08 7.45058
3.25833e+08 7.45058
3.25833e+08 7.45058
3.29086e+08 3.25324e+06
3.29086e+08 7.45058
3.29086e+08 74.5058
3.29108e+08 22374.1
3.29108e+08 29.8023
3.29108e+08 1
3.29176e+08 67091.5
3.29231e+08 55886.8
3.29299e+08 67070.1
3.29433e+08 134192
3.29433e+08 59.6046
3.29533e+08 100605
3.29656e+08 122957
3.29679e+08 22359.2
3.30036e+08 357658
3.3074e+08 704102
3.3074e+08 7.45058
3.31948e+08 1.20736e+06
3.32608e+08 659809
3.32899e+08 290997
3.3329e+08 391297
3.3329e+08 7.45058
3.34329e+08 1.03946e+06
3.44799e+08 1.04701e+07
3.44799e+08 7.45058
3.44799e+08 7.45058
3.44844e+08 44725.8
3.44945e+08 100598
3.44967e+08 22359.2
3.44967e+08 7.45058
3.44967e+08 7.45058
3.44967e+08 7.45058
3.48388e+08 3.42096e+06
3.48388e+08 22.3517
3.48388e+08 7.45058
3.48388e+08 7.45058
3.48422e+08 33572.3
3.48422e+08 7.45058
3.48567e+08 145309
3.48567e+08 1
3.48578e+08 11182.3
3.48589e+08 11198.2
3.48713e+08 123039
3.48835e+08 122972
3.48936e+08 100598
3.49327e+08 391163
3.4945e+08 122949
3.49886e+08 435904
3.49942e+08 55886.8
3.49942e+08 7.45058
3.51272e+08 1.33034e+06
3.51977e+08 704497
3.52256e+08 279680
3.53162e+08 905581
3.53207e+08 44710.9
3.53866e+08 659436
3.64337e+08 1.04704e+07
3.64337e+08 7.45058
3.64337e+08 7.45058
3.64605e+08 268288
3.64683e+08 78238.5
3.64683e+08 7.45058
3.64728e+08 44718.4
3.64728e+08 22.3517
3.6475e+08 22374.1
3.68261e+08 3.5104e+06
3.68261e+08 14.9012
3.68272e+08 11183.3
3.68294e+08 22366.6
3.68384e+08 89414.4
3.68384e+08 7.45058
3.68428e+08 44718.4
3.68451e+08 22359.2
3.68451e+08 1
3.68462e+08 11182.3
3.68596e+08 134178
3.6873e+08 134207
3.68786e+08 55886.8
3.68786e+08 7.45058
3.68876e+08 89414.4
3.68943e+08 67062.7
3.69367e+08 424698
3.69446e+08 78238.5
3.69479e+08 33535.1
3.71044e+08 1.56514e+06
3.71726e+08 682004
3.72274e+08 547968
3.73426e+08 1.15144e+06
3.73437e+08 11183.3
3.74052e+08 614800
3.84388e+08 1.03365e+07
3.84411e+08 22381.5
3.84466e+08 55886.8
3.84981e+08 514187
3.84992e+08 11183.3
3.84992e+08 7.45058
3.85081e+08 89429.3
3.85081e+08 7.45058
3.85104e+08 22359.2
3.88849e+08 3.74516e+06
3.88849e+08 7.45058
3.8886e+08 11183.3
3.88882e+08 22359.2
3.88882e+08 14.9012
3.88882e+08 7.45058
3.88905e+08 22366.6
3.88905e+08 7.45058
3.88905e+08 7.45058
3.88905e+08 7.45058
3.88905e+08 1
3.89072e+08 167652
3.89262e+08 190064
3.89262e+08 7.45058
3.89262e+08 7.45058
3.89374e+08 111766
3.89374e+08 7.45058
3.89374e+08 7.45058
3.89374e+08 7.45058
3.89374e+08 7.45058
3.91722e+08 2.34754e+06
3.92169e+08 447288
3.92683e+08 514291
3.93734e+08 1.05087e+06
3.93801e+08 67062.7
3.94617e+08 816047
4.052e+08 1.05828e+07
4.05323e+08 122972
4.05323e+08 7.45058
4.05871e+08 547744
4.05882e+08 11190.8
4.05994e+08 111781
4.06039e+08 44710.9
4.06061e+08 22359.2
4.06072e+08 11198.2
4.09828e+08 3.75637e+06
4.09828e+08 7.45058
4.0984e+08 11190.8
4.09896e+08 55886.8
4.09951e+08 55886.8
4.09951e+08 7.45058
4.09963e+08 11183.3
4.09963e+08 7.45058
4.09963e+08 7.45058
4.10007e+08 44718.4
4.10007e+08 7.45058
4.10007e+08 1
4.10119e+08 111795
4.10242e+08 122994
4.10332e+08 89421.9
4.10354e+08 22366.6
4.10376e+08 22359.2
4.10421e+08 44718.4
4.10455e+08 33535.1
4.10455e+08 7.45058
4.10455e+08 7.45058
4.12735e+08 2.28041e+06
4.13383e+08 648446
4.13887e+08 503123
4.14591e+08 704408
4.1468e+08 89414.4
4.15597e+08 916526
4.26661e+08 1.10638e+07
4.26728e+08 67077.6
4.26784e+08 55894.3
4.27421e+08 637166
4.27466e+08 44740.7
4.2751e+08 44718.4
4.27533e+08 22359.2
4.27611e+08 78246
4.27622e+08 11198.2
4.31591e+08 3.96875e+06
4.31624e+08 33535.1
4.31624e+08 14.9012
4.31624e+08 7.45058
4.31624e+08 29.8023
4.31624e+08 29.8023
4.31647e+08 22366.6
4.31647e+08 7.45058
4.31647e+08 7.45058
4.31669e+08 22359.2
4.31692e+08 22359.2
4.31725e+08 33572.3
4.31837e+08 111811
4.31837e+08 1
4.31982e+08 145337
4.31982e+08 7.45058
4.32027e+08 44710.9
4.32027e+08 7.45058
4.32027e+08 14.9012
4.32038e+08 11183.3
4.32038e+08 7.45058
4.32061e+08 22366.6
4.34509e+08 2.44792e+06
4.35101e+08 592582
4.35738e+08 637226
4.36365e+08 626184
4.36387e+08 22359.2
4.37404e+08 1.01714e+06
4.48748e+08 1.13435e+07
4.48792e+08 44733.3
4.48848e+08 55886.8
4.49385e+08 536583
4.49552e+08 167690
4.4962e+08 67092.5
4.49653e+08 33550
4.49675e+08 22359.2
4.49754e+08 78268.3
4.53834e+08 4.08055e+06
4.53857e+08 22359.2
4.53868e+08 11183.3
4.53868e+08 37.2529
4.53879e+08 11220.6
4.53879e+08 29.8023
4.5389e+08 11183.3
4.53935e+08 44718.4
4.53935e+08 7.45058
4.53946e+08 11183.3
4.5398e+08 33535.1
4.54047e+08 67099.9
4.54159e+08 111796
4.54181e+08 22359.2
4.54181e+08 1
4.54237e+08 55893.3
4.54237e+08 7.45058
4.54259e+08 22359.2
4.54259e+08 7.45058
4.54282e+08 22359.2
4.54337e+08 55901.7
4.54337e+08 7.45058
4.54449e+08 111811
4.56618e+08 2.16849e+06
4.57512e+08 894390
4.58216e+08 704259
4.58876e+08 659637
4.58965e+08 89429.3
4.59983e+08 1.0172e+06
4.71449e+08 1.14667e+07
4.71505e+08 55916.6
4.71539e+08 33542.5
4.7193e+08 391223
4.72198e+08 268273
4.72243e+08 44733.3
4.72333e+08 89488.9
4.72333e+08 7.45058
4.72366e+08 33550
4.76626e+08 4.25946e+06
4.76637e+08 11190.8
4.76637e+08 7.45058
4.76704e+08 67129.7
4.76715e+08 11198.2
4.76738e+08 22389
4.76738e+08 7.45058
4.76771e+08 33535.1
4.76771e+08 7.45058
4.76849e+08 78246
4.76849e+08 7.45058
4.76894e+08 44718.4
4.76905e+08 11190.8
4.76928e+08 22359.2
4.76972e+08 44725.8
4.76972e+08 1
4.77006e+08 33549
4.77028e+08 22359.2
4.77062e+08 33557.4
4.77062e+08 7.45058
4.77062e+08 7.45058
4.77062e+08 7.45058
4.77084e+08 22359.2
4.77263e+08 178866
4.7951e+08 2.24675e+06
4.80482e+08 972554
4.81265e+08 782467
4.82092e+08 827298
4.82092e+08 7.45058
4.82953e+08 860833
4.94655e+08 1.17016e+07
4.94811e+08 156514
4.94833e+08 22359.2
4.94956e+08 122972
4.95348e+08 391252
4.95549e+08 201195
4.95638e+08 89466.6
4.95638e+08 37.2529
4.95638e+08 7.45058
5.00077e+08 4.43844e+06
5.00077e+08 7.45058
5.00077e+08 7.45058
5.00088e+08 11190.8
5.00133e+08 44718.4
5.00155e+08 22396.4
5.00155e+08 7.45058
5.00178e+08 22366.6
5.00189e+08 11190.8
5.00189e+08 7.45058
5.00222e+08 33535.1
5.00267e+08 44718.4
5.00278e+08 11183.3
5.00289e+08 11190.8
5.00345e+08 55924.1
5.00345e+08 14.9012
5.00357e+08 11205.7
5.00357e+08 1
5.00357e+08 6.45058
5.00368e+08 11183.3
5.00368e+08 7.45058
5.00379e+08 11183.3
5.00424e+08 44718.4
5.00457e+08 33535.1
5.00737e+08 279427
5.03073e+08 2.33623e+06
5.04202e+08 1.12892e+06
5.04895e+08 693060
5.05733e+08 838451
5.05767e+08 33542.5
5.06393e+08 626124
5.18419e+08 1.2026e+07
5.18575e+08 156529
5.18575e+08 7.45058
5.18777e+08 201225
5.19291e+08 514232
5.19425e+08 134118
5.19436e+08 11183.3
5.19514e+08 78275.8
5.19514e+08 7.45058
5.24087e+08 4.57266e+06
5.24087e+08 14.9012
5.24087e+08 7.45058
5.24087e+08 14.9012
5.24087e+08 7.45058
5.24121e+08 33564.9
5.24154e+08 33542.5
5.24188e+08 33542.5
5.24233e+08 44733.3
5.24277e+08 44740.7
5.24289e+08 11190.8
5.24289e+08 7.45058
5.243e+08 11190.8
5.24322e+08 22374.1
5.24378e+08 55901.7
5.24389e+08 11183.3
5.244e+08 11183.3
5.244e+08 7.45058
5.244e+08 1
5.244e+08 6.45058
5.244e+08 7.45058
5.244e+08 7.45058
5.244e+08 7.45058
5.244e+08 7.45058
5.24412e+08 11183.3
5.24747e+08 335306
5.27452e+08 2.70509e+06
5.2867e+08 1.21832e+06
5.29073e+08 402458
5.29956e+08 883169
5.29956e+08 7.45058
5.30593e+08 637420
5.42765e+08 1.21715e+07
5.42988e+08 223577
5.43e+08 11198.2
5.43067e+08 67070.1
5.43693e+08 626013
5.43693e+08 7.45058
5.43693e+08 7.45058
5.43816e+08 122979
5.43816e+08 7.45058
5.48701e+08 4.88573e+06
5.48701e+08 22.3517
5.48701e+08 7.45058
5.48724e+08 22359.2
5.48735e+08 11198.2
5.48735e+08 7.45058
5.48735e+08 7.45058
5.48757e+08 22366.6
5.48769e+08 11190.8
5.48858e+08 89474
5.4888e+08 22359.2
5.48903e+08 22366.6
5.48914e+08 11183.3
5.48947e+08 33535.1
5.4897e+08 22359.2
5.4897e+08 7.45058
5.4897e+08 7.45058
5.4897e+08 7.45058
5.4897e+08 7.45058
5.4897e+08 7.45058
5.4897e+08 1
5.48992e+08 22358.2
5.49048e+08 55909.2
5.49104e+08 55894.3
5.49104e+08 7.45058
5.49126e+08 22359.2
5.49305e+08 178859
5.52346e+08 3.04044e+06
5.53419e+08 1.07291e+06
5.54033e+08 614807
5.5466e+08 626087
5.5466e+08 7.45058
5.55364e+08 704482
5.67681e+08 1.23171e+07
5.68005e+08 324197
5.68005e+08 7.45058
5.68005e+08 7.45058
5.68665e+08 659540
5.68665e+08 7.45058
5.68665e+08 7.45058
5.68732e+08 67085
5.68743e+08 11183.3
5.73931e+08 5.18757e+06
5.73931e+08 52.1541
5.73931e+08 7.45058
5.73931e+08 7.45058
5.73931e+08 37.2529
5.73942e+08 11190.8
5.73953e+08 11183.3
5.73953e+08 7.45058
5.73976e+08 22359.2
5.74043e+08 67070.1
5.74043e+08 7.45058
5.74043e+08 7.45058
5.74043e+08 7.45058
5.74065e+08 22366.6
5.74076e+08 11190.8
5.74076e+08 7.45058
5.74076e+08 7.45058
5.7411e+08 33535.1
5.74121e+08 11183.3
5.74166e+08 44725.8
5.74233e+08 67077.6
5.74233e+08 1
5.74255e+08 22358.2
5.74546e+08 290632
5.7478e+08 234723
5.7478e+08 7.45058
5.74836e+08 55894.3
5.74881e+08 44710.9
5.78246e+08 3.36453e+06
5.78749e+08 502929
5.79587e+08 838280
5.80001e+08 413761
5.80001e+08 7.45058
5.80772e+08 771575
5.92709e+08 1.19373e+07
5.93447e+08 737734
5.93447e+08 7.45058
5.93492e+08 44710.9
5.94129e+08 637218
5.9414e+08 11198.2
5.9414e+08 7.45058
5.9423e+08 89429.3
5.9423e+08 7.45058
5.99686e+08 5.45578e+06
5.99708e+08 22411.3
5.99708e+08 14.9012
5.99708e+08 7.45058
5.99719e+08 11220.6
5.99742e+08 22389
5.99742e+08 7.45058
5.99753e+08 11183.3
5.99764e+08 11235.5
5.9982e+08 55886.8
5.9982e+08 7.45058
5.99831e+08 11198.2
5.99831e+08 7.45058
5.99898e+08 67099.9
5.99943e+08 44748.2
5.99999e+08 55909.2
6.00032e+08 33550
6.00032e+08 7.45058
6.00044e+08 11183.3
6.00044e+08 7.45058
6.00133e+08 89429.3
6.00167e+08 33535.1
6.00222e+08 55901.7
6.00222e+08 1
6.00614e+08 391199
6.00915e+08 301786
6.00971e+08 55886.8
6.01396e+08 424758
6.0143e+08 33550
6.0476e+08 3.33085e+06
6.05118e+08 357635
6.05632e+08 514120
6.05901e+08 268392
6.05901e+08 29.8023
6.06695e+08 794113
6.13022e+08 6.32677e+06
6.13055e+08 33676.6
6.13055e+08 7.45058
