2463 2000
6463 4000
14463 8000
30463 16000
62463 32000
126463 64000
254463 128000
510463 256000
1.02246e+06 512000
2.04646e+06 1.024e+06
4.09446e+06 2.048e+06
4.79308e+06 698619
4.79308e+06 1
8.33856e+06 3.54547e+06
8.33858e+06 22.3517
9.56972e+06 1.23114e+06
9.56972e+06 1
9.56973e+06 6.45058
1.18482e+07 2.27849e+06
1.18482e+07 7.45058
1.18482e+07 1
1.18482e+07 13.9012
1.42746e+07 2.42631e+06
1.42969e+07 22381.5
1.43081e+07 11183.3
1.43081e+07 7.45058
1.43081e+07 1
1.72379e+07 2.92975e+06
1.72379e+07 7.45058
1.72379e+07 7.45058
1.72379e+07 7.45058
1.72379e+07 7.45058
1.72379e+07 1
2.05033e+07 3.26534e+06
2.05145e+07 11205.7
2.05592e+07 44718.4
2.06374e+07 78238.5
2.06374e+07 7.45058
2.06598e+07 22359.2
2.06598e+07 1
2.44396e+07 3.77985e+06
2.46073e+07 167653
2.46632e+07 55924.1
2.46632e+07 7.45058
2.46632e+07 7.45058
2.46968e+07 33542.5
2.46968e+07 7.45058
2.83315e+07 3.63474e+06
2.83315e+07 1
2.84545e+07 123038
2.85328e+07 78275.8
2.85328e+07 7.45058
2.85328e+07 7.45058
2.85328e+07 7.45058
2.85552e+07 22359.2
3.29165e+07 4.36126e+06
3.295e+07 33550
3.295e+07 1
3.32183e+07 268324
3.33525e+07 134170
3.35649e+07 212371
3.35649e+07 7.45058
3.35761e+07 11183.3
3.35761e+07 7.45058
3.83177e+07 4.74159e+06
3.83289e+07 11190.8
3.83289e+07 7.45058
3.85748e+07 245914
3.85748e+07 1
3.86419e+07 67106.4
3.86419e+07 14.9012
3.86531e+07 11183.3
3.86531e+07 7.45058
3.86531e+07 7.45058
4.43451e+07 5.69198e+06
4.43563e+07 11183.3
4.4401e+07 44718.4
4.44905e+07 89466.6
4.44905e+07 7.45058
4.44905e+07 1
4.45687e+07 78267.3
4.45799e+07 11198.2
4.45911e+07 11190.8
4.45911e+07 7.45058
4.4647e+07 55886.8
5.08311e+07 6.18407e+06
5.08646e+07 33550
5.09206e+07 55916.6
5.101e+07 89481.5
5.101e+07 7.45058
5.101e+07 7.45058
5.11107e+07 100613
5.11107e+07 1
5.11107e+07 6.45058
5.11107e+07 7.45058
5.1133e+07 22374.1
5.11331e+07 7.45058
5.79433e+07 6.81029e+06
5.79657e+07 22366.6
5.80329e+07 67137.2
5.8167e+07 134185
5.8167e+07 7.45058
5.81671e+07 7.45058
5.81671e+07 22.3517
5.81671e+07 7.45058
5.81671e+07 1
5.81671e+07 6.45058
5.81671e+07 7.45058
5.81671e+07 14.9012
5.81783e+07 11205.7
6.57042e+07 7.52586e+06
6.57042e+07 22.3517
6.57267e+07 22463.5
6.57267e+07 14.9012
6.5749e+07 22366.6
6.57491e+07 7.45058
6.57602e+07 11183.3
6.57602e+07 7.45058
6.57714e+07 11183.3
6.57714e+07 1
6.57715e+07 21.3517
6.57715e+07 7.45058
6.57826e+07 11190.8
6.57827e+07 14.9012
7.3946e+07 8.16338e+06
7.39573e+07 11235.5
7.39908e+07 33564.9
7.39908e+07 7.45058
7.4002e+07 11183.3
7.4002e+07 7.45058
7.4002e+07 7.45058
7.40021e+07 7.45058
7.40021e+07 7.45058
7.40021e+07 7.45058
7.40133e+07 11190.8
7.40133e+07 1
7.40356e+07 22365.6
7.40356e+07 7.45058
7.40356e+07 14.9012
8.2747e+07 8.71136e+06
8.27694e+07 22381.5
8.27694e+07 29.8023
8.27806e+07 11183.3
8.27806e+07 29.8023
8.27806e+07 7.45058
8.27806e+07 7.45058
8.27807e+07 7.45058
8.27807e+07 7.45058
8.27807e+07 7.45058
8.27807e+07 7.45058
8.27807e+07 7.45058
8.27807e+07 1
8.27807e+07 6.45058
8.27807e+07 7.45058
8.28366e+07 55924.1
9.19954e+07 9.15881e+06
9.20178e+07 22381.5
9.2029e+07 11205.7
9.2029e+07 7.45058
9.2029e+07 7.45058
9.2029e+07 7.45058
9.20291e+07 7.45058
9.20291e+07 22.3517
9.20291e+07 7.45058
9.20291e+07 7.45058
9.20291e+07 7.45058
9.20291e+07 29.8023
9.20291e+07 7.45058
9.20404e+07 11213.1
9.20404e+07 1
9.20627e+07 22373.1
9.21187e+07 55931.5
1.01971e+08 9.85204e+06
1.01971e+08 7.45058
1.01982e+08 11183.3
1.01982e+08 22.3517
1.01982e+08 7.45058
1.01982e+08 7.45058
1.01982e+08 7.45058
1.01982e+08 22.3517
1.01982e+08 7.45058
1.01993e+08 11183.3
1.01993e+08 7.45058
1.01993e+08 22.3517
1.01993e+08 7.45058
1.01993e+08 14.9012
1.01993e+08 7.45058
1.01993e+08 1
1.01993e+08 6.45058
1.01993e+08 22.3517
1.12516e+08 1.05231e+07
1.12516e+08 7.45058
1.12516e+08 7.45058
1.12516e+08 7.45058
1.12516e+08 7.45058
1.12516e+08 7.45058
1.12516e+08 7.45058
1.12528e+08 11250.4
1.1255e+08 22359.2
1.1255e+08 7.45058
1.12561e+08 11205.7
1.12584e+08 22374.1
1.12584e+08 7.45058
1.12595e+08 11190.8
1.12595e+08 7.45058
1.12606e+08 11190.8
1.12606e+08 7.45058
1.12606e+08 1
1.12606e+08 6.45058
1.23666e+08 1.10598e+07
1.23677e+08 11198.2
1.23677e+08 7.45058
1.23677e+08 22.3517
1.23677e+08 7.45058
1.23688e+08 11198.2
1.23711e+08 22374.1
1.23711e+08 67.0552
1.23711e+08 7.45058
1.23711e+08 7.45058
1.23722e+08 11190.8
1.23733e+08 11183.3
1.23733e+08 7.45058
1.23744e+08 11198.2
1.23755e+08 11205.7
1.238e+08 44740.7
1.238e+08 7.45058
1.238e+08 7.45058
1.238e+08 1
1.23811e+08 11212.1
1.35453e+08 1.16413e+07
1.35464e+08 11183.3
1.35464e+08 22.3517
1.35475e+08 11205.7
1.35475e+08 7.45058
1.35475e+08 7.45058
1.35475e+08 7.45058
1.35498e+08 22441.1
1.3552e+08 22374.1
1.3552e+08 7.45058
1.3552e+08 7.45058
1.3552e+08 7.45058
1.3552e+08 7.45058
1.3552e+08 7.45058
1.3552e+08 37.2529
1.35531e+08 11183.3
1.35531e+08 7.45058
1.35531e+08 7.45058
1.35531e+08 7.45058
1.35531e+08 7.45058
1.35531e+08 1
1.47676e+08 1.21446e+07
1.47687e+08 11198.2
1.47698e+08 11183.3
1.47743e+08 44725.8
1.47743e+08 7.45058
1.47743e+08 7.45058
1.47743e+08 7.45058
1.47832e+08 89548.5
1.47833e+08 29.8023
1.47833e+08 7.45058
1.47833e+08 14.9012
1.47833e+08 7.45058
1.47833e+08 7.45058
1.47833e+08 7.45058
1.47844e+08 11183.3
1.47844e+08 7.45058
1.47844e+08 7.45058
1.47866e+08 22359.2
1.47866e+08 7.45058
1.47866e+08 7.45058
1.47877e+08 11183.3
1.47877e+08 1
1.60536e+08 1.26591e+07
1.60548e+08 11198.2
1.60548e+08 7.45058
1.60581e+08 33564.9
1.60581e+08 7.45058
1.60581e+08 7.45058
1.60581e+08 7.45058
1.60715e+08 134215
1.60827e+08 111878
1.60838e+08 11183.3
1.6085e+08 11183.3
1.6085e+08 7.45058
1.6085e+08 7.45058
1.6085e+08 7.45058
1.6085e+08 7.45058
1.6085e+08 7.45058
1.6085e+08 7.45058
1.6085e+08 7.45058
1.6085e+08 14.9012
1.6085e+08 44.7035
1.6085e+08 7.45058
1.6085e+08 7.45058
1.73543e+08 1.26928e+07
1.73543e+08 1
1.73565e+08 22388
1.73576e+08 11190.8
1.73576e+08 37.2529
1.73599e+08 22359.2
1.73621e+08 22381.5
1.73621e+08 7.45058
1.73666e+08 44822.7
1.73722e+08 55924.1
1.73722e+08 7.45058
1.73722e+08 7.45058
1.73722e+08 7.45058
1.73722e+08 7.45058
1.73722e+08 7.45058
1.73733e+08 11198.2
1.73733e+08 7.45058
1.73733e+08 7.45058
1.73733e+08 7.45058
1.73733e+08 7.45058
1.73789e+08 55909.2
1.738e+08 11250.4
1.738e+08 7.45058
1.87152e+08 1.33523e+07
1.87152e+08 7.45058
1.87152e+08 1
1.87164e+08 11189.8
1.87164e+08 7.45058
1.87164e+08 7.45058
1.87175e+08 11242.9
1.8722e+08 44710.9
1.87242e+08 22366.6
1.87343e+08 100754
1.87354e+08 11183.3
1.87354e+08 7.45058
1.87387e+08 33550
1.87387e+08 7.45058
1.8741e+08 22359.2
1.8741e+08 7.45058
1.8741e+08 67.0552
1.8741e+08 7.45058
1.8741e+08 7.45058
1.8741e+08 7.45058
1.8741e+08 7.45058
1.8741e+08 22.3517
1.87421e+08 11198.2
1.87421e+08 29.8023
2.01366e+08 1.3945e+07
2.01366e+08 7.45058
2.01366e+08 7.45058
2.01366e+08 7.45058
2.01366e+08 1
2.01366e+08 6.45058
2.014e+08 33550
2.01467e+08 67085
2.01467e+08 7.45058
2.01467e+08 7.45058
2.01579e+08 111908
2.01579e+08 14.9012
2.01579e+08 7.45058
2.01579e+08 14.9012
2.01579e+08 7.45058
2.0159e+08 11190.8
2.0159e+08 7.45058
2.01657e+08 67122.3
2.01657e+08 7.45058
2.01657e+08 7.45058
2.01657e+08 7.45058
2.0168e+08 22366.6
2.01724e+08 44740.7
2.01724e+08 67.0552
2.01736e+08 11190.8
2.16161e+08 1.44259e+07
2.16161e+08 7.45058
2.16161e+08 7.45058
2.16161e+08 7.45058
2.16229e+08 67107.4
2.16229e+08 1
2.16229e+08 6.45058
2.16229e+08 14.9012
2.16273e+08 44740.7
2.16273e+08 14.9012
2.16285e+08 11183.3
2.16374e+08 89541.1
2.16419e+08 44725.8
2.1643e+08 11183.3
2.16452e+08 22366.6
2.16452e+08 7.45058
2.16452e+08 7.45058
2.16475e+08 22366.6
2.16497e+08 22396.4
2.16497e+08 7.45058
2.16497e+08 7.45058
2.1652e+08 22359.2
2.1652e+08 7.45058
2.1652e+08 7.45058
2.1652e+08 37.2529
2.1652e+08 7.45058
2.31599e+08 1.50798e+07
2.31599e+08 7.45058
2.31611e+08 11183.3
2.31611e+08 7.45058
2.31644e+08 33564.9
2.31644e+08 7.45058
2.31678e+08 33564.9
2.31678e+08 1
2.317e+08 22395.4
2.31711e+08 11190.8
2.31711e+08 7.45058
2.31711e+08 7.45058
2.31823e+08 111856
2.31868e+08 44725.8
2.31868e+08 7.45058
2.31868e+08 14.9012
2.31868e+08 7.45058
2.31868e+08 7.45058
2.31868e+08 29.8023
2.31868e+08 14.9012
2.31868e+08 14.9012
2.31868e+08 7.45058
2.31868e+08 7.45058
2.31868e+08 7.45058
2.31879e+08 11205.7
2.31902e+08 22396.4
2.31902e+08 7.45058
2.47655e+08 1.57534e+07
2.47655e+08 7.45058
2.47655e+08 7.45058
2.47655e+08 7.45058
2.47677e+08 22359.2
2.47677e+08 7.45058
2.47677e+08 7.45058
2.47677e+08 7.45058
2.47677e+08 1
2.47722e+08 44747.2
2.47745e+08 22381.5
2.47745e+08 7.45058
2.47745e+08 7.45058
2.47834e+08 89533.6
2.47856e+08 22374.1
2.47856e+08 7.45058
2.47856e+08 7.45058
2.47856e+08 7.45058
2.47856e+08 7.45058
2.47901e+08 44770.5
2.47912e+08 11190.8
2.47912e+08 7.45058
2.47924e+08 11190.8
2.47924e+08 14.9012
2.47935e+08 11183.3
2.47935e+08 7.45058
2.4798e+08 44718.4
2.48002e+08 22359.2
2.64228e+08 1.62265e+07
2.64228e+08 7.45058
2.64228e+08 7.45058
2.64228e+08 7.45058
2.64228e+08 7.45058
2.64228e+08 7.45058
2.6424e+08 11183.3
2.6424e+08 7.45058
2.6424e+08 7.45058
2.64307e+08 67122.3
2.64307e+08 1
2.64351e+08 44724.8
2.64351e+08 7.45058
2.64363e+08 11183.3
2.64463e+08 100665
2.64475e+08 11242.9
2.64475e+08 7.45058
2.64475e+08 7.45058
2.64475e+08 7.45058
2.64508e+08 33564.9
2.64609e+08 100620
2.64642e+08 33535.1
2.64642e+08 7.45058
2.64642e+08 7.45058
2.64642e+08 7.45058
2.64642e+08 7.45058
2.64642e+08 7.45058
2.64654e+08 11183.3
2.64676e+08 22366.6
2.81454e+08 1.67777e+07
2.81454e+08 7.45058
2.81476e+08 22403.9
2.81476e+08 7.45058
2.81476e+08 7.45058
2.81476e+08 7.45058
2.81476e+08 7.45058
2.81476e+08 7.45058
2.81476e+08 7.45058
2.81599e+08 123039
2.81599e+08 7.45058
2.81599e+08 1
2.81599e+08 6.45058
2.81599e+08 7.45058
2.81599e+08 7.45058
2.81633e+08 33572.3
2.81733e+08 100650
2.81745e+08 11183.3
2.81801e+08 55924.1
2.81834e+08 33542.5
2.8189e+08 55886.8
2.81912e+08 22359.2
2.81935e+08 22366.6
2.81935e+08 7.45058
2.81935e+08 7.45058
2.81957e+08 22381.5
2.81957e+08 7.45058
2.81957e+08 7.45058
2.81957e+08 7.45058
2.82002e+08 44710.9
2.99279e+08 1.72777e+07
2.99279e+08 7.45058
2.99369e+08 89541.1
2.9938e+08 11190.8
2.9938e+08 7.45058
2.9938e+08 29.8023
2.9938e+08 7.45058
2.9938e+08 7.45058
2.9938e+08 7.45058
2.9938e+08 7.45058
2.9938e+08 7.45058
2.9938e+08 7.45058
2.9938e+08 7.45058
2.9938e+08 1
2.9938e+08 6.45058
2.9938e+08 7.45058
2.99537e+08 156522
2.99682e+08 145376
2.99682e+08 7.45058
2.99749e+08 67099.9
2.9976e+08 11183.3
2.9976e+08 7.45058
2.99783e+08 22359.2
2.99794e+08 11183.3
2.99794e+08 7.45058
2.99794e+08 7.45058
2.99805e+08 11198.2
2.99805e+08 7.45058
2.99805e+08 7.45058
2.99805e+08 7.45058
2.99805e+08 14.9012
3.17728e+08 1.7923e+07
3.17739e+08 11183.3
3.17829e+08 89548.5
3.17829e+08 7.45058
3.17851e+08 22389
3.17851e+08 7.45058
3.17851e+08 7.45058
3.17851e+08 7.45058
3.17851e+08 7.45058
3.17863e+08 11183.3
3.17863e+08 7.45058
3.17863e+08 7.45058
3.17863e+08 7.45058
3.17863e+08 7.45058
3.17863e+08 1
3.17863e+08 6.45058
3.17896e+08 33550
3.18064e+08 167742
3.18187e+08 123009
3.18187e+08 7.45058
3.18187e+08 7.45058
3.18187e+08 7.45058
3.18198e+08 11183.3
3.18232e+08 33535.1
3.18232e+08 7.45058
3.18232e+08 7.45058
3.18254e+08 22359.2
3.18254e+08 7.45058
3.18254e+08 7.45058
3.18254e+08 7.45058
3.18254e+08 7.45058
3.18265e+08 11183.3
3.36762e+08 1.84967e+07
3.36762e+08 7.45058
3.3684e+08 78357.8
3.36852e+08 11183.3
3.36874e+08 22389
3.36874e+08 7.45058
3.36874e+08 7.45058
3.36874e+08 7.45058
3.36874e+08 7.45058
3.36874e+08 7.45058
3.36874e+08 7.45058
3.36874e+08 7.45058
3.36874e+08 7.45058
3.36874e+08 7.45058
3.36874e+08 7.45058
3.3693e+08 55901.7
3.3693e+08 1
3.36975e+08 44754.6
3.3712e+08 145398
3.37221e+08 100613
3.37221e+08 7.45058
3.37221e+08 7.45058
3.37232e+08 11183.3
3.37232e+08 7.45058
3.37232e+08 7.45058
3.37265e+08 33535.1
3.37265e+08 7.45058
3.37265e+08 7.45058
3.37265e+08 7.45058
3.37265e+08 7.45058
3.37265e+08 7.45058
3.37265e+08 7.45058
3.37265e+08 7.45058
3.56369e+08 1.91032e+07
3.56369e+08 7.45058
3.56492e+08 123098
3.56492e+08 7.45058
3.56492e+08 7.45058
3.56514e+08 22359.2
3.56514e+08 7.45058
3.56525e+08 11183.3
3.56548e+08 22359.2
3.56548e+08 7.45058
3.5657e+08 22359.2
3.5657e+08 7.45058
3.5657e+08 7.45058
3.5657e+08 7.45058
3.5657e+08 14.9012
3.5657e+08 7.45058
3.5657e+08 7.45058
3.5657e+08 1
3.56626e+08 55930.5
3.5676e+08 134259
3.56794e+08 33535.1
3.56794e+08 7.45058
3.56794e+08 7.45058
3.56794e+08 7.45058
3.56805e+08 11183.3
3.56805e+08 7.45058
3.56805e+08 7.45058
3.56816e+08 11183.3
3.56816e+08 7.45058
3.56827e+08 11190.8
3.56827e+08 7.45058
3.56827e+08 7.45058
3.56827e+08 7.45058
3.56827e+08 7.45058
3.76481e+08 1.96534e+07
3.76481e+08 7.45058
3.76582e+08 100769
3.76604e+08 22359.2
3.76604e+08 7.45058
3.76604e+08 7.45058
3.76604e+08 7.45058
3.76626e+08 22366.6
3.76638e+08 11183.3
3.76638e+08 7.45058
3.76649e+08 11183.3
3.7666e+08 11183.3
3.7666e+08 7.45058
3.76682e+08 22359.2
3.76727e+08 44733.3
3.76738e+08 11190.8
3.76738e+08 7.45058
3.76749e+08 11220.6
3.76761e+08 11205.7
3.76761e+08 1
3.76906e+08 145405
3.76906e+08 7.45058
3.76906e+08 7.45058
3.76906e+08 7.45058
3.76906e+08 7.45058
3.76906e+08 7.45058
3.76906e+08 7.45058
3.76906e+08 7.45058
3.76928e+08 22359.2
3.76951e+08 22359.2
3.76962e+08 11183.3
3.76962e+08 7.45058
3.76984e+08 22359.2
3.77007e+08 22374.1
3.77007e+08 7.45058
3.97166e+08 2.01595e+07
3.97166e+08 7.45058
3.97312e+08 145487
3.97312e+08 22.3517
3.97312e+08 7.45058
3.97312e+08 7.45058
3.97312e+08 7.45058
3.97323e+08 11198.2
3.97323e+08 7.45058
3.97323e+08 7.45058
3.97334e+08 11183.3
3.97345e+08 11183.3
3.97368e+08 22366.6
3.97368e+08 7.45058
3.97368e+08 22.3517
3.97368e+08 22.3517
3.97368e+08 7.45058
3.97435e+08 67114.8
3.97491e+08 55886.8
3.97491e+08 7.45058
3.97491e+08 1
3.97625e+08 134236
3.97625e+08 7.45058
3.97625e+08 7.45058
3.97636e+08 11183.3
3.97636e+08 7.45058
3.97636e+08 7.45058
3.97636e+08 7.45058
3.97636e+08 7.45058
3.97659e+08 22359.2
3.97659e+08 7.45058
3.9767e+08 11280.2
3.9767e+08 7.45058
3.97681e+08 11183.3
3.97748e+08 67062.7
3.97748e+08 7.45058
4.18461e+08 2.07133e+07
4.18461e+08 7.45058
4.18696e+08 235029
4.1873e+08 33542.5
4.1873e+08 7.45058
4.1873e+08 7.45058
4.18741e+08 11183.3
4.18741e+08 22.3517
4.18741e+08 7.45058
4.18741e+08 7.45058
4.18775e+08 33550
4.18775e+08 7.45058
4.18797e+08 22366.6
4.18797e+08 7.45058
4.18808e+08 11198.2
4.18831e+08 22359.2
4.18831e+08 7.45058
4.18864e+08 33550
4.18864e+08 7.45058
4.18864e+08 7.45058
4.18864e+08 7.45058
4.18943e+08 78395
4.18943e+08 1
4.18976e+08 33563.9
4.18987e+08 11205.7
4.18999e+08 11183.3
4.18999e+08 7.45058
4.18999e+08 7.45058
4.19021e+08 22359.2
4.19021e+08 7.45058
4.19032e+08 11198.2
4.19032e+08 7.45058
4.19077e+08 44710.9
4.19077e+08 7.45058
4.19077e+08 7.45058
4.19077e+08 7.45058
4.19077e+08 14.9012
4.40266e+08 2.11891e+07
4.40277e+08 11183.3
4.40613e+08 335619
4.40624e+08 11183.3
4.40658e+08 33550
4.40658e+08 7.45058
4.40658e+08 7.45058
4.40658e+08 14.9012
4.40669e+08 11190.8
4.40669e+08 7.45058
4.40691e+08 22359.2
4.40702e+08 11183.3
4.40747e+08 44710.9
4.40747e+08 7.45058
4.40769e+08 22381.5
4.40781e+08 11183.3
4.40781e+08 7.45058
4.40792e+08 11205.7
4.40792e+08 7.45058
4.40792e+08 14.9012
4.40792e+08 44.7035
4.40893e+08 100702
4.40893e+08 14.9012
4.40893e+08 1
4.40893e+08 36.2529
4.40904e+08 11198.2
4.40904e+08 7.45058
4.40915e+08 11183.3
4.40915e+08 7.45058
4.40915e+08 7.45058
4.40915e+08 7.45058
4.40937e+08 22359.2
4.40937e+08 7.45058
4.40949e+08 11183.3
4.4096e+08 11198.2
4.4096e+08 7.45058
4.41005e+08 44740.7
4.41027e+08 22403.9
4.62835e+08 2.18076e+07
4.62835e+08 7.45058
4.63058e+08 223868
4.63058e+08 7.45058
4.63058e+08 7.45058
4.63058e+08 7.45058
4.63081e+08 22359.2
4.63081e+08 7.45058
4.63081e+08 7.45058
4.63081e+08 7.45058
4.63081e+08 7.45058
4.63081e+08 7.45058
4.63081e+08 7.45058
4.63081e+08 7.45058
4.63081e+08 7.45058
4.63081e+08 7.45058
4.63081e+08 7.45058
4.63137e+08 55886.8
4.63137e+08 7.45058
4.63137e+08 7.45058
4.63204e+08 67092.5
4.63327e+08 123069
4.63338e+08 11198.2
4.63338e+08 7.45058
4.63338e+08 1
4.63383e+08 44754.6
4.63428e+08 44733.3
4.63428e+08 7.45058
4.63428e+08 14.9012
4.63428e+08 7.45058
4.63428e+08 7.45058
4.63428e+08 14.9012
4.63428e+08 7.45058
4.63428e+08 7.45058
4.63439e+08 11198.2
4.63439e+08 7.45058
4.63439e+08 29.8023
4.63439e+08 29.8023
4.63506e+08 67241.5
4.85917e+08 2.24108e+07
4.85917e+08 7.45058
4.86107e+08 190347
4.86107e+08 7.45058
4.86107e+08 7.45058
4.86107e+08 7.45058
4.86107e+08 7.45058
4.86107e+08 7.45058
4.86107e+08 7.45058
4.86141e+08 33542.5
4.86163e+08 22359.2
4.86163e+08 7.45058
4.86175e+08 11190.8
4.86175e+08 7.45058
4.86175e+08 7.45058
4.86175e+08 7.45058
4.86175e+08 7.45058
4.86175e+08 7.45058
4.86175e+08 7.45058
4.86175e+08 7.45058
4.86186e+08 11220.6
4.86387e+08 201277
4.86398e+08 11205.7
4.86409e+08 11190.8
4.86432e+08 22359.2
4.86454e+08 22381.5
4.86454e+08 1
4.86488e+08 33541.5
4.86499e+08 11190.8
4.86555e+08 55909.2
4.86555e+08 7.45058
4.86555e+08 14.9012
4.86555e+08 7.45058
4.86555e+08 14.9012
4.86555e+08 7.45058
4.86555e+08 14.9012
4.86555e+08 7.45058
4.86555e+08 14.9012
4.86566e+08 11183.3
4.86723e+08 156790
5.09648e+08 2.2925e+07
5.09648e+08 7.45058
5.09827e+08 179127
5.09838e+08 11190.8
5.09838e+08 7.45058
5.09838e+08 7.45058
5.09838e+08 7.45058
5.09838e+08 7.45058
5.09838e+08 7.45058
5.09849e+08 11183.3
5.09849e+08 7.45058
5.09849e+08 7.45058
5.09861e+08 11213.1
5.09872e+08 11220.6
5.09883e+08 11190.8
5.09894e+08 11183.3
5.09917e+08 22359.2
5.09917e+08 7.45058
5.09917e+08 7.45058
5.09917e+08 7.45058
5.09928e+08 11183.3
5.1004e+08 111870
5.10073e+08 33542.5
5.10084e+08 11190.8
5.10084e+08 14.9012
5.10084e+08 14.9012
5.10084e+08 7.45058
5.10084e+08 1
5.10107e+08 22358.2
5.10107e+08 14.9012
5.10107e+08 7.45058
5.10107e+08 7.45058
5.10107e+08 7.45058
5.10107e+08 7.45058
5.10107e+08 7.45058
5.10107e+08 7.45058
5.10118e+08 11183.3
5.10118e+08 7.45058
5.10129e+08 11183.3
5.10129e+08 7.45058
5.10465e+08 335723
5.34027e+08 2.35623e+07
5.3405e+08 22366.6
5.34139e+08 89533.6
5.34139e+08 14.9012
5.34139e+08 7.45058
5.34139e+08 14.9012
5.34139e+08 7.45058
5.3415e+08 11190.8
5.34162e+08 11228
5.34162e+08 126.66
5.34162e+08 7.45058
5.34173e+08 11190.8
5.34184e+08 11228
5.34195e+08 11198.2
5.34195e+08 7.45058
5.34218e+08 22359.2
5.3424e+08 22374.1
5.3424e+08 7.45058
5.3424e+08 7.45058
5.34251e+08 11190.8
5.34262e+08 11183.3
5.34419e+08 156581
5.34419e+08 7.45058
5.34441e+08 22359.2
5.34441e+08 7.45058
5.34441e+08 37.2529
5.34453e+08 11190.8
5.34453e+08 7.45058
5.34453e+08 7.45058
5.34453e+08 1
5.34453e+08 6.45058
5.34453e+08 7.45058
5.34453e+08 7.45058
5.34464e+08 11183.3
5.34464e+08 7.45058
5.34464e+08 7.45058
5.34475e+08 11183.3
5.34475e+08 7.45058
5.34486e+08 11183.3
5.34486e+08 7.45058
5.34486e+08 7.45058
5.3461e+08 123322
5.58953e+08 2.43438e+07
5.58953e+08 7.45058
5.58987e+08 33564.9
5.58987e+08 7.45058
5.58987e+08 14.9012
5.58987e+08 7.45058
5.58987e+08 7.45058
5.58987e+08 29.8023
5.59009e+08 22366.6
5.59065e+08 56102.9
5.59065e+08 7.45058
5.59066e+08 14.9012
5.59099e+08 33587.2
5.59099e+08 7.45058
5.59099e+08 7.45058
5.59099e+08 7.45058
5.5911e+08 11198.2
5.59121e+08 11183.3
5.59133e+08 11205.7
5.59189e+08 55931.5
5.59189e+08 7.45058
5.59345e+08 156544
5.59345e+08 7.45058
5.59356e+08 11205.7
5.59368e+08 11183.3
5.59368e+08 14.9012
5.59379e+08 11183.3
5.59379e+08 7.45058
5.59379e+08 7.45058
5.5939e+08 11183.3
5.5939e+08 1
5.5939e+08 6.45058
5.5939e+08 7.45058
5.5939e+08 7.45058
5.5939e+08 7.45058
5.5939e+08 7.45058
5.5939e+08 7.45058
5.5939e+08 7.45058
5.5939e+08 7.45058
5.5939e+08 29.8023
5.5939e+08 7.45058
5.5939e+08 7.45058
5.59569e+08 179216
5.84406e+08 2.48371e+07
5.84406e+08 7.45058
5.84462e+08 55991.1
5.84462e+08 7.45058
5.84462e+08 7.45058
5.84462e+08 7.45058
5.84462e+08 7.45058
5.84474e+08 11190.8
5.84474e+08 7.45058
5.8453e+08 56125.2
5.8453e+08 7.45058
5.8453e+08 7.45058
5.84541e+08 11213.1
5.84541e+08 14.9012
5.84541e+08 14.9012
5.84563e+08 22366.6
5.84563e+08 22.3517
5.84563e+08 7.45058
5.84563e+08 14.9012
5.84563e+08 14.9012
5.84575e+08 11198.2
5.84821e+08 246003
5.84832e+08 11183.3
5.84843e+08 11190.8
5.84843e+08 7.45058
5.84854e+08 11183.3
5.84854e+08 7.45058
5.84854e+08 7.45058
5.84854e+08 7.45058
5.84854e+08 7.45058
5.84854e+08 14.9012
5.84854e+08 7.45058
5.84854e+08 1
5.84854e+08 6.45058
5.84854e+08 22.3517
5.84854e+08 7.45058
5.84854e+08 52.1541
5.84854e+08 7.45058
5.84854e+08 7.45058
5.84854e+08 7.45058
5.84888e+08 33624.5
5.84888e+08 7.45058
5.84888e+08 14.9012
5.85045e+08 156775
6.10158e+08 2.51137e+07
6.10158e+08 7.45058
6.10192e+08 33594.7
