2916 2000
6916 4000
14916 8000
30916 16000
62916 32000
126916 64000
254916 128000
510916 256000
1.02292e+06 512000
2.04692e+06 1.024e+06
4.09492e+06 2.048e+06
5.38566e+06 1.29075e+06
5.38567e+06 1
8.33864e+06 2.95298e+06
8.33865e+06 7.45058
9.51359e+06 1.17494e+06
9.51359e+06 1
9.5136e+06 6.45058
1.18482e+07 2.33456e+06
1.18482e+07 37.2529
1.18482e+07 1
1.18482e+07 6.45058
1.43082e+07 2.45999e+06
1.43083e+07 89.407
1.43083e+07 7.45058
1.43083e+07 7.45058
1.43083e+07 1
1.69808e+07 2.67246e+06
1.72491e+07 268340
1.72492e+07 67.0552
1.72492e+07 7.45058
1.72492e+07 52.1541
1.72492e+07 1
2.03467e+07 3.0975e+06
2.06598e+07 313058
2.07828e+07 123009
2.07828e+07 7.45058
2.07829e+07 74.5058
2.07829e+07 29.8023
2.07829e+07 1
2.43725e+07 3.58961e+06
2.46968e+07 324234
2.47862e+07 89451.7
2.47974e+07 11183.3
2.48198e+07 22418.8
2.48198e+07 29.8023
2.48198e+07 7.45058
2.83874e+07 3.56757e+06
2.83874e+07 1
2.86446e+07 257215
2.86782e+07 33542.5
2.87005e+07 22359.2
2.88123e+07 111803
2.88571e+07 44725.8
2.88571e+07 7.45058
3.3196e+07 4.33891e+06
3.32519e+07 55916.6
3.32519e+07 1
3.34978e+07 245920
3.35873e+07 89451.7
3.36096e+07 22359.2
3.36544e+07 44733.3
3.36656e+07 11205.7
3.36656e+07 14.9012
3.86643e+07 4.99871e+06
3.87873e+07 123002
3.87985e+07 11183.3
3.88991e+07 100620
3.88991e+07 1
3.88991e+07 36.2529
3.88991e+07 7.45058
3.89327e+07 33550
3.89439e+07 11198.2
3.89551e+07 11235.5
4.48036e+07 5.84844e+06
4.48148e+07 11198.2
4.48259e+07 11190.8
4.48371e+07 11198.2
4.48372e+07 14.9012
4.48372e+07 1
4.48595e+07 22380.5
4.48595e+07 7.45058
4.48596e+07 7.45058
4.48596e+07 59.6046
4.48596e+07 14.9012
5.13232e+07 6.46356e+06
5.13232e+07 52.1541
5.13233e+07 22.3517
5.13233e+07 14.9012
5.13233e+07 7.45058
5.13233e+07 7.45058
5.13234e+07 59.6046
5.13234e+07 1
5.13234e+07 6.45058
5.13234e+07 7.45058
5.13346e+07 11272.7
5.13346e+07 7.45058
5.8335e+07 7.0003e+06
5.8335e+07 7.45058
5.8335e+07 7.45058
5.83462e+07 11265.3
5.83574e+07 11190.8
5.83686e+07 11205.7
5.84134e+07 44785.4
5.84134e+07 7.45058
5.84134e+07 1
5.84134e+07 6.45058
5.84134e+07 7.45058
5.84246e+07 11183.3
5.84246e+07 7.45058
6.60177e+07 7.59311e+06
6.60177e+07 7.45058
6.60178e+07 7.45058
6.60178e+07 7.45058
6.60178e+07 7.45058
6.6029e+07 11190.8
6.60738e+07 44837.6
6.60738e+07 7.45058
6.6085e+07 11190.8
6.6085e+07 1
6.6085e+07 6.45058
6.6085e+07 7.45058
6.6085e+07 7.45058
6.6085e+07 22.3517
7.42708e+07 8.18574e+06
7.42708e+07 7.45058
7.42708e+07 7.45058
7.4282e+07 11198.2
7.4282e+07 7.45058
7.4282e+07 7.45058
7.42821e+07 104.308
7.42821e+07 29.8023
7.42822e+07 7.45058
7.42822e+07 14.9012
7.42822e+07 7.45058
7.42822e+07 1
7.42822e+07 6.45058
7.42822e+07 7.45058
7.42934e+07 11205.7
8.31054e+07 8.812e+06
8.31054e+07 7.45058
8.31054e+07 7.45058
8.31054e+07 22.3517
8.31055e+07 67.0552
8.31055e+07 7.45058
8.31055e+07 29.8023
8.31056e+07 22.3517
8.31056e+07 7.45058
8.31056e+07 14.9012
8.31056e+07 7.45058
8.31056e+07 7.45058
8.31056e+07 1
8.31056e+07 6.45058
8.31168e+07 11205.7
8.31393e+07 22493.3
9.24991e+07 9.3598e+06
9.25103e+07 11198.2
9.25103e+07 14.9012
9.25103e+07 29.8023
9.25105e+07 104.308
9.25105e+07 22.3517
9.2544e+07 33557.4
9.2544e+07 7.45058
9.2544e+07 7.45058
9.25553e+07 11205.7
9.25553e+07 7.45058
9.25553e+07 14.9012
9.25553e+07 7.45058
9.25553e+07 59.6046
9.25553e+07 1
9.25554e+07 36.2529
9.25554e+07 29.8023
1.02508e+08 9.95261e+06
1.02519e+08 11257.8
1.02519e+08 7.45058
1.0253e+08 11183.3
1.0253e+08 7.45058
1.02542e+08 11190.8
1.02542e+08 7.45058
1.02542e+08 7.45058
1.02542e+08 7.45058
1.02542e+08 7.45058
1.02542e+08 7.45058
1.02542e+08 7.45058
1.02542e+08 7.45058
1.02564e+08 22403.9
1.02564e+08 29.8023
1.02564e+08 1
1.02564e+08 58.6046
1.02564e+08 29.8023
1.12975e+08 1.04113e+07
1.12987e+08 11213.1
1.12987e+08 7.45058
1.12987e+08 22.3517
1.12987e+08 7.45058
1.12998e+08 11183.3
1.12998e+08 7.45058
1.12998e+08 7.45058
1.12998e+08 7.45058
1.12998e+08 7.45058
1.12998e+08 7.45058
1.12998e+08 7.45058
1.12998e+08 7.45058
1.13043e+08 44725.8
1.13054e+08 11190.8
1.13054e+08 7.45058
1.13132e+08 78290.7
1.13132e+08 1
1.13166e+08 33556.4
1.24203e+08 1.10376e+07
1.24215e+08 11205.7
1.24215e+08 7.45058
1.24237e+08 22366.6
1.24237e+08 7.45058
1.24237e+08 7.45058
1.24237e+08 7.45058
1.24237e+08 7.45058
1.24237e+08 7.45058
1.24237e+08 7.45058
1.24237e+08 7.45058
1.24237e+08 7.45058
1.24237e+08 14.9012
1.24248e+08 11183.3
1.24248e+08 7.45058
1.24248e+08 7.45058
1.24248e+08 22.3517
1.24248e+08 7.45058
1.24248e+08 1
1.24248e+08 21.3517
1.36002e+08 1.17533e+07
1.36002e+08 7.45058
1.36002e+08 7.45058
1.36002e+08 7.45058
1.36002e+08 7.45058
1.36002e+08 7.45058
1.36002e+08 22.3517
1.36002e+08 7.45058
1.36002e+08 22.3517
1.36002e+08 7.45058
1.36002e+08 7.45058
1.36002e+08 7.45058
1.36002e+08 7.45058
1.36002e+08 7.45058
1.36002e+08 7.45058
1.36002e+08 7.45058
1.36002e+08 7.45058
1.36002e+08 7.45058
1.36002e+08 29.8023
1.36002e+08 44.7035
1.36002e+08 1
1.48348e+08 1.23459e+07
1.48348e+08 7.45058
1.48348e+08 7.45058
1.48348e+08 7.45058
1.48348e+08 7.45058
1.48348e+08 29.8023
1.48381e+08 33587.2
1.48381e+08 7.45058
1.48392e+08 11183.3
1.48392e+08 7.45058
1.48392e+08 7.45058
1.48393e+08 7.45058
1.48393e+08 7.45058
1.48393e+08 7.45058
1.48404e+08 11183.3
1.48404e+08 7.45058
1.48404e+08 7.45058
1.48426e+08 22359.2
1.48426e+08 14.9012
1.48426e+08 37.2529
1.48426e+08 7.45058
1.48426e+08 1
1.61275e+08 1.28492e+07
1.61275e+08 7.45058
1.61275e+08 7.45058
1.61275e+08 29.8023
1.61287e+08 11183.3
1.61342e+08 55916.6
1.61365e+08 22441.1
1.61365e+08 7.45058
1.61365e+08 7.45058
1.61365e+08 7.45058
1.61365e+08 7.45058
1.61365e+08 7.45058
1.61365e+08 14.9012
1.61365e+08 22.3517
1.61365e+08 37.2529
1.61365e+08 7.45058
1.61365e+08 7.45058
1.61365e+08 7.45058
1.61376e+08 11198.2
1.61399e+08 22396.4
1.61399e+08 7.45058
1.61399e+08 7.45058
1.74281e+08 1.28829e+07
1.74281e+08 1
1.74281e+08 6.45058
1.74281e+08 7.45058
1.74282e+08 22.3517
1.74282e+08 7.45058
1.74282e+08 67.0552
1.7436e+08 78275.8
1.7436e+08 7.45058
1.7436e+08 7.45058
1.74371e+08 11190.8
1.74371e+08 7.45058
1.74371e+08 7.45058
1.74382e+08 11190.8
1.74382e+08 29.8023
1.74382e+08 7.45058
1.74382e+08 7.45058
1.74382e+08 7.45058
1.74382e+08 14.9012
1.74382e+08 89.407
1.74427e+08 44710.9
1.74438e+08 11183.3
1.74438e+08 7.45058
1.87891e+08 1.34529e+07
1.87891e+08 7.45058
1.87891e+08 1
1.87902e+08 11182.3
1.87902e+08 7.45058
1.87936e+08 33557.4
1.87936e+08 29.8023
1.87959e+08 22485.9
1.88037e+08 78305.6
1.88048e+08 11183.3
1.88059e+08 11183.3
1.88059e+08 14.9012
1.88093e+08 33542.5
1.88093e+08 7.45058
1.88104e+08 11190.8
1.88104e+08 7.45058
1.88115e+08 11190.8
1.88126e+08 11198.2
1.88126e+08 7.45058
1.88126e+08 14.9012
1.88149e+08 22403.9
1.88171e+08 22359.2
1.88171e+08 7.45058
1.88171e+08 7.45058
2.02127e+08 1.39562e+07
2.02139e+08 11198.2
2.02139e+08 7.45058
2.02139e+08 7.45058
2.02139e+08 1
2.02139e+08 13.9012
2.02183e+08 44733.3
2.02194e+08 11190.8
2.02362e+08 167839
2.02418e+08 55939
2.02418e+08 14.9012
2.02418e+08 7.45058
2.02418e+08 7.45058
2.02418e+08 14.9012
2.02418e+08 7.45058
2.02418e+08 7.45058
2.02418e+08 7.45058
2.02463e+08 44770.5
2.02485e+08 22366.6
2.02485e+08 7.45058
2.02497e+08 11183.3
2.02497e+08 7.45058
2.02497e+08 7.45058
2.02497e+08 7.45058
2.02497e+08 7.45058
2.17001e+08 1.45042e+07
2.17001e+08 14.9012
2.17001e+08 7.45058
2.17001e+08 7.45058
2.17001e+08 7.45058
2.17001e+08 1
2.17023e+08 22373.1
2.17023e+08 7.45058
2.17023e+08 22.3517
2.17314e+08 290811
2.17348e+08 33572.3
2.17348e+08 7.45058
2.17348e+08 7.45058
2.17348e+08 7.45058
2.1737e+08 22426.2
2.17381e+08 11205.7
2.17381e+08 7.45058
2.17381e+08 7.45058
2.17381e+08 7.45058
2.17381e+08 7.45058
2.17381e+08 7.45058
2.17381e+08 7.45058
2.17381e+08 7.45058
2.17381e+08 7.45058
2.17381e+08 7.45058
2.17381e+08 7.45058
2.32439e+08 1.50574e+07
2.32439e+08 14.9012
2.32484e+08 44725.8
2.32506e+08 22366.6
2.32539e+08 33535.1
2.32562e+08 22366.6
2.32562e+08 22.3517
2.32562e+08 1
2.32573e+08 11197.2
2.32573e+08 7.45058
2.32763e+08 190221
2.32763e+08 14.9012
2.32763e+08 7.45058
2.32763e+08 7.45058
2.32774e+08 11183.3
2.32786e+08 11242.9
2.32786e+08 7.45058
2.32786e+08 7.45058
2.32786e+08 29.8023
2.32786e+08 7.45058
2.32786e+08 7.45058
2.32786e+08 7.45058
2.32786e+08 7.45058
2.32786e+08 7.45058
2.32786e+08 7.45058
2.32786e+08 22.3517
2.32786e+08 7.45058
2.48584e+08 1.57981e+07
2.48584e+08 7.45058
2.48584e+08 7.45058
2.48595e+08 11183.3
2.48595e+08 29.8023
2.48595e+08 7.45058
2.48595e+08 7.45058
2.48595e+08 7.45058
2.48595e+08 1
2.48617e+08 22365.6
2.48629e+08 11198.2
2.48718e+08 89585.8
2.48729e+08 11198.2
2.48729e+08 7.45058
2.48785e+08 55939
2.48785e+08 7.45058
2.48808e+08 22418.8
2.48808e+08 7.45058
2.48819e+08 11190.8
2.48819e+08 22.3517
2.48819e+08 7.45058
2.48819e+08 7.45058
2.48819e+08 7.45058
2.48819e+08 7.45058
2.48819e+08 7.45058
2.48819e+08 7.45058
2.48819e+08 29.8023
2.48819e+08 7.45058
2.65191e+08 1.63716e+07
2.65191e+08 22.3517
2.65191e+08 7.45058
2.65213e+08 22366.6
2.65213e+08 7.45058
2.65213e+08 22.3517
2.65213e+08 7.45058
2.65213e+08 7.45058
2.65213e+08 7.45058
2.65213e+08 7.45058
2.65213e+08 1
2.65213e+08 6.45058
2.65292e+08 78424.8
2.65303e+08 11242.9
2.65303e+08 7.45058
2.65314e+08 11235.5
2.65314e+08 7.45058
2.65348e+08 33542.5
2.6537e+08 22374.1
2.6537e+08 7.45058
2.6537e+08 14.9012
2.6537e+08 7.45058
2.6537e+08 7.45058
2.6537e+08 7.45058
2.6537e+08 22.3517
2.6537e+08 7.45058
2.6537e+08 14.9012
2.65404e+08 33572.3
2.65404e+08 7.45058
2.82483e+08 1.70795e+07
2.82483e+08 14.9012
2.82483e+08 7.45058
2.82483e+08 7.45058
2.82483e+08 7.45058
2.82483e+08 7.45058
2.82483e+08 7.45058
2.82483e+08 14.9012
2.82483e+08 7.45058
2.82483e+08 7.45058
2.82483e+08 7.45058
2.82483e+08 1
2.82483e+08 13.9012
2.82483e+08 44.7035
2.82483e+08 7.45058
2.82495e+08 11220.6
2.82528e+08 33743.7
2.82528e+08 7.45058
2.82528e+08 29.8023
2.82562e+08 33535.1
2.82562e+08 7.45058
2.82562e+08 7.45058
2.82562e+08 7.45058
2.82562e+08 7.45058
2.82562e+08 7.45058
2.82562e+08 37.2529
2.82562e+08 7.45058
2.82562e+08 7.45058
2.82562e+08 14.9012
2.82562e+08 7.45058
3.00298e+08 1.77359e+07
3.00298e+08 14.9012
3.00298e+08 14.9012
3.00298e+08 7.45058
3.00298e+08 7.45058
3.00298e+08 7.45058
3.00298e+08 7.45058
3.00298e+08 14.9012
3.00298e+08 7.45058
3.00298e+08 7.45058
3.00298e+08 37.2529
3.00298e+08 7.45058
3.00298e+08 7.45058
3.00298e+08 1
3.00298e+08 66.0552
3.00298e+08 7.45058
3.00332e+08 33661.7
3.00332e+08 74.5058
3.00332e+08 14.9012
3.00332e+08 22.3517
3.00332e+08 7.45058
3.00332e+08 7.45058
3.00332e+08 7.45058
3.00332e+08 7.45058
3.00343e+08 11205.7
3.00365e+08 22366.6
3.00366e+08 37.2529
3.00366e+08 7.45058
3.00366e+08 7.45058
3.00366e+08 7.45058
3.00366e+08 7.45058
3.18702e+08 1.83365e+07
3.18702e+08 7.45058
3.18702e+08 22.3517
3.18702e+08 7.45058
3.18702e+08 7.45058
3.18702e+08 7.45058
3.18702e+08 7.45058
3.18702e+08 7.45058
3.18702e+08 7.45058
3.18702e+08 7.45058
3.18702e+08 96.8575
3.18702e+08 7.45058
3.18702e+08 14.9012
3.18702e+08 7.45058
3.18702e+08 1
3.18725e+08 22455
3.18725e+08 7.45058
3.18736e+08 11280.2
3.18736e+08 29.8023
3.18736e+08 7.45058
3.18736e+08 14.9012
3.18736e+08 7.45058
3.18736e+08 14.9012
3.18736e+08 7.45058
3.18736e+08 7.45058
3.18736e+08 7.45058
3.18736e+08 7.45058
3.18736e+08 7.45058
3.18736e+08 7.45058
3.18736e+08 7.45058
3.18736e+08 7.45058
3.18736e+08 7.45058
3.37658e+08 1.89213e+07
3.37658e+08 14.9012
3.37658e+08 52.1541
3.37658e+08 22.3517
3.37658e+08 7.45058
3.37658e+08 7.45058
3.37658e+08 7.45058
3.37658e+08 7.45058
3.37658e+08 7.45058
3.37658e+08 7.45058
3.37658e+08 81.9564
3.37658e+08 7.45058
3.37658e+08 37.2529
3.37658e+08 7.45058
3.37658e+08 22.3517
3.37703e+08 44785.4
3.37703e+08 1
3.37703e+08 6.45058
3.37714e+08 11310
3.37714e+08 14.9012
3.37714e+08 7.45058
3.37714e+08 22.3517
3.37714e+08 7.45058
3.37714e+08 14.9012
3.37714e+08 7.45058
3.37714e+08 7.45058
3.37714e+08 7.45058
3.37714e+08 7.45058
3.37714e+08 7.45058
3.37714e+08 7.45058
3.37714e+08 44.7035
3.37714e+08 22.3517
3.37714e+08 14.9012
3.57208e+08 1.94943e+07
3.57208e+08 7.45058
3.57208e+08 22.3517
3.57208e+08 7.45058
3.57208e+08 7.45058
3.57208e+08 7.45058
3.57208e+08 7.45058
3.57208e+08 7.45058
3.57208e+08 7.45058
3.57208e+08 7.45058
3.57242e+08 33609.6
3.57242e+08 29.8023
3.57242e+08 37.2529
3.57242e+08 7.45058
3.57242e+08 52.1541
3.57276e+08 33646.8
3.57276e+08 7.45058
3.57276e+08 1
3.57276e+08 13.9012
3.57287e+08 11265.3
3.57287e+08 7.45058
3.57287e+08 22.3517
3.57298e+08 11183.3
3.57298e+08 7.45058
3.57298e+08 7.45058
3.57298e+08 7.45058
3.57298e+08 14.9012
3.57298e+08 7.45058
3.57298e+08 14.9012
3.57298e+08 7.45058
3.57298e+08 22.3517
3.5731e+08 11295.1
3.57321e+08 11228
3.57321e+08 7.45058
3.77332e+08 2.00108e+07
3.77332e+08 7.45058
3.77343e+08 11242.9
3.77343e+08 7.45058
3.77343e+08 7.45058
3.77343e+08 7.45058
3.77343e+08 7.45058
3.77343e+08 7.45058
3.77343e+08 7.45058
3.77343e+08 7.45058
3.77354e+08 11272.7
3.77354e+08 29.8023
3.77354e+08 37.2529
3.77354e+08 14.9012
3.77366e+08 11205.7
3.77411e+08 44867.4
3.77411e+08 14.9012
3.77411e+08 7.45058
3.77411e+08 22.3517
3.77411e+08 1
3.77411e+08 73.5058
3.77411e+08 7.45058
3.77411e+08 14.9012
3.77411e+08 7.45058
3.77411e+08 7.45058
3.77411e+08 14.9012
3.77422e+08 11198.2
3.77422e+08 29.8023
3.77422e+08 7.45058
3.77422e+08 14.9012
3.77422e+08 7.45058
3.77433e+08 11190.8
3.77444e+08 11213.1
3.77445e+08 111.759
3.77445e+08 7.45058
3.98029e+08 2.0584e+07
3.98029e+08 7.45058
3.98029e+08 81.9564
3.98029e+08 7.45058
3.98029e+08 7.45058
3.98029e+08 7.45058
3.98029e+08 7.45058
3.98029e+08 14.9012
3.98029e+08 7.45058
3.9804e+08 11183.3
3.98062e+08 22381.5
3.98062e+08 7.45058
3.98062e+08 37.2529
3.98073e+08 11220.6
3.98118e+08 44807.8
3.98141e+08 22478.4
3.98141e+08 7.45058
3.98141e+08 14.9012
3.98141e+08 7.45058
3.98141e+08 22.3517
3.98141e+08 1
3.98141e+08 88.407
3.98141e+08 7.45058
3.98141e+08 7.45058
3.98141e+08 7.45058
3.98141e+08 22.3517
3.98141e+08 7.45058
3.98141e+08 7.45058
3.98141e+08 7.45058
3.98141e+08 14.9012
3.98141e+08 7.45058
3.98141e+08 14.9012
3.98141e+08 22.3517
3.98164e+08 22478.4
3.98242e+08 78335.4
3.98242e+08 7.45058
4.19424e+08 2.11826e+07
4.19424e+08 7.45058
4.19436e+08 11324.9
4.19436e+08 7.45058
4.19436e+08 7.45058
4.19436e+08 7.45058
4.19436e+08 7.45058
4.19436e+08 7.45058
4.19436e+08 7.45058
4.19436e+08 7.45058
4.19436e+08 7.45058
4.19436e+08 7.45058
4.19447e+08 11183.3
4.19447e+08 14.9012
4.19492e+08 44837.6
4.19503e+08 11302.5
4.19514e+08 11198.2
4.19526e+08 11183.3
4.19526e+08 7.45058
4.19537e+08 11213.1
4.19548e+08 11183.3
4.19548e+08 81.9564
4.19548e+08 1
4.19548e+08 13.9012
4.19548e+08 7.45058
4.19548e+08 7.45058
4.19548e+08 37.2529
4.19548e+08 7.45058
4.19548e+08 7.45058
4.19548e+08 7.45058
4.19548e+08 7.45058
4.19548e+08 7.45058
4.19548e+08 44.7035
4.19559e+08 11213.1
4.19593e+08 33661.7
4.19604e+08 11183.3
4.19638e+08 33557.4
4.41363e+08 2.17255e+07
4.41363e+08 7.45058
4.41375e+08 11235.5
4.41375e+08 7.45058
4.41375e+08 7.45058
4.41375e+08 7.45058
4.41375e+08 7.45058
4.41375e+08 7.45058
4.41397e+08 22366.6
4.41397e+08 7.45058
4.41397e+08 7.45058
4.41408e+08 11183.3
4.41408e+08 7.45058
4.41419e+08 11205.7
4.41419e+08 52.1541
4.41442e+08 22478.4
4.41442e+08 74.5058
4.41442e+08 7.45058
4.41442e+08 7.45058
4.41442e+08 81.9564
4.41453e+08 11190.8
4.41498e+08 44778
4.41498e+08 7.45058
4.41498e+08 1
4.41498e+08 6.45058
4.41498e+08 7.45058
4.41498e+08 22.3517
4.41498e+08 22.3517
4.41498e+08 7.45058
4.41498e+08 7.45058
4.41498e+08 7.45058
4.41498e+08 7.45058
4.41509e+08 11190.8
4.41521e+08 11332.3
4.41565e+08 44718.4
4.41588e+08 22366.6
4.41588e+08 7.45058
4.41588e+08 29.8023
4.63898e+08 2.23105e+07
4.63898e+08 44.7035
4.6391e+08 11190.8
4.6391e+08 7.45058
4.63921e+08 11190.8
4.63921e+08 7.45058
4.63932e+08 11183.3
4.63932e+08 7.45058
4.63943e+08 11183.3
4.63943e+08 22.3517
4.63943e+08 7.45058
4.63943e+08 7.45058
4.63943e+08 7.45058
4.63943e+08 52.1541
4.63955e+08 11213.1
4.63966e+08 11310
4.63966e+08 74.5058
4.63966e+08 37.2529
4.63966e+08 7.45058
4.64011e+08 44755.6
4.64011e+08 59.6046
4.64022e+08 11205.7
4.64022e+08 7.45058
4.64044e+08 22374.1
4.64044e+08 1
4.64044e+08 6.45058
4.64044e+08 7.45058
4.64044e+08 7.45058
4.64044e+08 7.45058
4.64044e+08 7.45058
4.64044e+08 7.45058
4.64044e+08 7.45058
4.64044e+08 7.45058
4.64044e+08 7.45058
4.64067e+08 22433.7
4.64089e+08 22374.1
4.64112e+08 22374.1
4.64123e+08 11235.5
4.64123e+08 7.45058
4.87014e+08 2.28916e+07
4.87014e+08 7.45058
4.87014e+08 7.45058
4.87014e+08 7.45058
4.87014e+08 7.45058
4.87026e+08 11235.5
4.87048e+08 22359.2
4.87059e+08 11198.2
4.87059e+08 7.45058
4.87059e+08 22.3517
4.87059e+08 7.45058
4.87059e+08 7.45058
4.87059e+08 7.45058
4.87082e+08 22418.8
4.87082e+08 22.3517
4.87138e+08 56043.3
4.87138e+08 59.6046
4.87138e+08 7.45058
4.87138e+08 44.7035
4.87138e+08 104.308
4.87138e+08 14.9012
4.87138e+08 14.9012
4.87149e+08 11183.3
4.87149e+08 7.45058
4.87149e+08 7.45058
4.87149e+08 7.45058
4.87149e+08 1
4.87149e+08 6.45058
4.87149e+08 7.45058
4.87149e+08 37.2529
4.87149e+08 7.45058
4.87149e+08 7.45058
4.8716e+08 11205.7
4.8716e+08 14.9012
4.87161e+08 7.45058
4.87161e+08 7.45058
4.87172e+08 11198.2
4.87172e+08 14.9012
4.87194e+08 22456
4.87194e+08 7.45058
5.10756e+08 2.35623e+07
5.10779e+08 22374.1
5.10779e+08 7.45058
5.10779e+08 7.45058
5.1079e+08 11190.8
5.10835e+08 44770.5
5.10835e+08 7.45058
5.10846e+08 11183.3
5.10846e+08 7.45058
5.10846e+08 7.45058
5.10846e+08 7.45058
5.10846e+08 7.45058
5.10868e+08 22381.5
5.1088e+08 11295.1
5.1088e+08 7.45058
5.1088e+08 111.759
5.10902e+08 22471
5.10902e+08 7.45058
5.10902e+08 7.45058
5.10914e+08 11287.6
5.10914e+08 7.45058
5.10925e+08 11190.8
5.10925e+08 14.9012
5.10925e+08 7.45058
5.10925e+08 7.45058
5.10925e+08 7.45058
5.10925e+08 7.45058
5.10925e+08 1
5.10925e+08 6.45058
5.10925e+08 7.45058
5.10925e+08 14.9012
5.10925e+08 22.3517
5.10925e+08 7.45058
5.10925e+08 7.45058
5.10925e+08 7.45058
5.10925e+08 7.45058
5.10925e+08 7.45058
5.10925e+08 7.45058
5.10925e+08 7.45058
5.10959e+08 33646.8
5.10959e+08 14.9012
5.35091e+08 2.41326e+07
5.35091e+08 7.45058
5.35091e+08 7.45058
5.35102e+08 11190.8
5.35102e+08 7.45058
5.35102e+08 7.45058
5.35102e+08 22.3517
5.35102e+08 7.45058
5.35102e+08 7.45058
5.35147e+08 44710.9
5.35147e+08 7.45058
5.35158e+08 11183.3
5.3517e+08 11205.7
5.35237e+08 67204.2
5.35237e+08 14.9012
5.35248e+08 11257.8
5.35248e+08 156.462
5.35248e+08 7.45058
5.35248e+08 7.45058
5.35304e+08 55968.8
5.35304e+08 7.45058
5.35304e+08 7.45058
5.35304e+08 7.45058
5.35304e+08 7.45058
5.35304e+08 7.45058
5.35304e+08 7.45058
5.35304e+08 22.3517
5.35315e+08 11183.3
5.35315e+08 7.45058
5.35315e+08 1
5.35315e+08 6.45058
5.35315e+08 7.45058
5.35315e+08 7.45058
5.35316e+08 7.45058
5.35316e+08 7.45058
5.35316e+08 7.45058
5.35316e+08 7.45058
5.35327e+08 11183.3
5.35327e+08 74.5058
5.35327e+08 7.45058
5.35338e+08 11250.4
5.35338e+08 7.45058
5.6004e+08 2.47017e+07
5.6004e+08 7.45058
5.6004e+08 22.3517
5.6004e+08 14.9012
5.6004e+08 7.45058
5.6004e+08 7.45058
5.60062e+08 22381.5
5.60073e+08 11183.3
5.60096e+08 22359.2
5.60107e+08 11183.3
5.60107e+08 7.45058
5.60107e+08 22.3517
5.60141e+08 33594.7
5.60174e+08 33728.8
5.60174e+08 7.45058
5.60186e+08 11332.3
5.6023e+08 44785.4
5.6023e+08 7.45058
5.6023e+08 7.45058
5.60242e+08 11183.3
5.60242e+08 7.45058
5.60242e+08 7.45058
5.60242e+08 59.6046
5.60253e+08 11220.6
5.60253e+08 7.45058
5.60253e+08 7.45058
5.60253e+08 7.45058
5.60253e+08 7.45058
5.60253e+08 7.45058
5.60253e+08 7.45058
5.60253e+08 1
5.60253e+08 6.45058
5.60253e+08 7.45058
5.60253e+08 7.45058
5.60253e+08 7.45058
5.60253e+08 7.45058
5.60253e+08 7.45058
5.60253e+08 7.45058
5.60253e+08 7.45058
5.60264e+08 11213.1
5.60264e+08 7.45058
5.60264e+08 14.9012
5.60264e+08 7.45058
5.85459e+08 2.51951e+07
5.85482e+08 22374.1
5.85515e+08 33535.1
5.85515e+08 22.3517
5.85538e+08 22359.2
5.85549e+08 11183.3
5.85571e+08 22389
5.85582e+08 11190.8
5.85582e+08 7.45058
5.85582e+08 7.45058
5.85582e+08 14.9012
5.85582e+08 7.45058
5.85627e+08 44785.4
5.85639e+08 11406.8
5.85639e+08 7.45058
5.85695e+08 56132.7
5.85695e+08 29.8023
5.85695e+08 7.45058
5.85695e+08 7.45058
5.85695e+08 7.45058
5.85695e+08 7.45058
5.85695e+08 7.45058
5.85717e+08 22374.1
5.85728e+08 11198.2
5.85728e+08 7.45058
5.85728e+08 7.45058
5.85728e+08 7.45058
5.85728e+08 7.45058
5.85728e+08 7.45058
5.85728e+08 7.45058
5.85728e+08 7.45058
5.85728e+08 7.45058
5.85728e+08 1
5.85728e+08 6.45058
5.85728e+08 7.45058
5.85729e+08 7.45058
5.85729e+08 7.45058
5.85729e+08 7.45058
5.85729e+08 7.45058
5.85729e+08 7.45058
5.85729e+08 67.0552
5.85729e+08 22.3517
5.85729e+08 7.45058
5.85729e+08 7.45058
6.111e+08 2.53712e+07
6.11111e+08 11213.1
6.11111e+08 7.45058
