2557 2000
6557 4000
14557 8000
30557 16000
62557 32000
126557 64000
254557 128000
510557 256000
1.02256e+06 512000
2.04656e+06 1.024e+06
4.09456e+06 2.048e+06
4.83673e+06 742168
4.83673e+06 1
8.38395e+06 3.54723e+06
8.38397e+06 14.9012
9.64801e+06 1.26404e+06
9.64801e+06 1
9.64802e+06 6.45058
1.20918e+07 2.44373e+06
1.21141e+07 22396.4
1.21141e+07 1
1.21142e+07 6.45058
1.44174e+07 2.30327e+06
1.44398e+07 22389
1.44398e+07 7.45058
1.44398e+07 7.45058
1.44398e+07 1
1.69784e+07 2.53858e+06
1.7012e+07 33557.4
1.7012e+07 7.45058
1.7012e+07 7.45058
1.70679e+07 55909.2
1.70679e+07 1
2.04115e+07 3.34359e+06
2.04339e+07 22374.1
2.04786e+07 44748.2
2.04786e+07 7.45058
2.05233e+07 44710.9
2.05457e+07 22359.2
2.05457e+07 1
2.40684e+07 3.52276e+06
2.42585e+07 190035
2.44933e+07 234783
2.45045e+07 11198.2
2.45045e+07 7.45058
2.45045e+07 7.45058
2.45157e+07 11183.3
2.81951e+07 3.67942e+06
2.81951e+07 1
2.82846e+07 89473
2.84747e+07 190109
2.85306e+07 55901.7
2.85306e+07 7.45058
2.85306e+07 7.45058
2.85306e+07 7.45058
3.28248e+07 4.29418e+06
3.28248e+07 7.45058
3.28248e+07 1
3.29478e+07 122986
3.31155e+07 167780
3.31156e+07 29.8023
3.31156e+07 7.45058
3.31156e+07 7.45058
3.31156e+07 14.9012
3.8221e+07 5.10536e+06
3.8221e+07 14.9012
3.82433e+07 22359.2
3.82433e+07 7.45058
3.82433e+07 1
3.83328e+07 89495.4
3.83553e+07 22426.2
3.83553e+07 7.45058
3.84112e+07 55886.8
3.84447e+07 33587.2
4.40021e+07 5.55732e+06
4.40133e+07 11205.7
4.40245e+07 11183.3
4.40245e+07 14.9012
4.40245e+07 7.45058
4.40245e+07 1
4.42817e+07 257178
4.43936e+07 111908
4.43936e+07 7.45058
4.43936e+07 7.45058
4.44495e+07 55961.3
5.06671e+07 6.21754e+06
5.06894e+07 22359.2
5.07342e+07 44733.3
5.07901e+07 55901.7
5.08348e+07 44718.4
5.08348e+07 7.45058
5.0902e+07 67174.4
5.0902e+07 1
5.09133e+07 11331.3
5.09133e+07 7.45058
5.09133e+07 7.45058
5.09469e+07 33542.5
5.78372e+07 6.89036e+06
5.78373e+07 67.0552
5.78373e+07 7.45058
5.78374e+07 52.1541
5.78374e+07 7.45058
5.78374e+07 7.45058
5.79158e+07 78439.7
5.7927e+07 11205.7
5.7927e+07 1
5.79383e+07 11264.3
5.79383e+07 7.45058
5.79383e+07 7.45058
5.79383e+07 7.45058
6.54955e+07 7.5572e+06
6.55514e+07 55886.8
6.55626e+07 11183.3
6.55627e+07 89.407
6.55627e+07 14.9012
6.55627e+07 7.45058
6.55965e+07 33825.6
6.55965e+07 7.45058
6.56077e+07 11190.8
6.56077e+07 1
6.56301e+07 22365.6
6.56301e+07 22.3517
6.56301e+07 7.45058
6.56301e+07 22.3517
7.3782e+07 8.15186e+06
7.3782e+07 7.45058
7.3782e+07 7.45058
7.37821e+07 59.6046
7.37821e+07 22.3517
7.37821e+07 14.9012
7.38719e+07 89801.8
7.38719e+07 7.45058
7.38719e+07 7.45058
7.38719e+07 7.45058
7.38719e+07 14.9012
7.38719e+07 1
7.39055e+07 33549
7.39055e+07 7.45058
7.39167e+07 11190.8
8.25882e+07 8.67155e+06
8.25882e+07 7.45058
8.25882e+07 7.45058
8.26106e+07 22403.9
8.26331e+07 22403.9
8.26443e+07 11228
8.2734e+07 89742.2
8.27452e+07 11183.3
8.27452e+07 7.45058
8.27452e+07 14.9012
8.27452e+07 7.45058
8.27452e+07 7.45058
8.27452e+07 1
8.27453e+07 13.9012
8.27453e+07 29.8023
8.27453e+07 7.45058
9.19038e+07 9.15849e+06
9.19038e+07 7.45058
9.19038e+07 14.9012
9.19038e+07 7.45058
9.19039e+07 44.7035
9.19039e+07 67.0552
9.20942e+07 190310
9.20942e+07 7.45058
9.20943e+07 7.45058
9.21054e+07 11183.3
9.21054e+07 7.45058
9.21055e+07 7.45058
9.21055e+07 7.45058
9.21055e+07 7.45058
9.21055e+07 1
9.21167e+07 11189.8
9.21502e+07 33550
1.01895e+08 9.74471e+06
1.01895e+08 22.3517
1.01895e+08 7.45058
1.0194e+08 44725.8
1.01962e+08 22396.4
1.02018e+08 56132.7
1.02097e+08 78409.9
1.02119e+08 22359.2
1.02119e+08 7.45058
1.02119e+08 7.45058
1.02119e+08 7.45058
1.02119e+08 7.45058
1.02119e+08 7.45058
1.0213e+08 11183.3
1.0213e+08 7.45058
1.0213e+08 1
1.02164e+08 33534.1
1.02209e+08 44770.5
1.12522e+08 1.0313e+07
1.12533e+08 11198.2
1.12533e+08 7.45058
1.12533e+08 29.8023
1.12544e+08 11205.7
1.12589e+08 44897.2
1.12701e+08 111915
1.12701e+08 22.3517
1.12701e+08 7.45058
1.12701e+08 74.5058
1.12701e+08 7.45058
1.12701e+08 7.45058
1.12701e+08 7.45058
1.12701e+08 7.45058
1.12701e+08 7.45058
1.12701e+08 7.45058
1.12723e+08 22359.2
1.12723e+08 1
1.12757e+08 33541.5
1.23785e+08 1.10283e+07
1.23785e+08 14.9012
1.23785e+08 7.45058
1.23808e+08 22403.9
1.23875e+08 67137.2
1.23897e+08 22456
1.2392e+08 22426.2
1.2392e+08 7.45058
1.2392e+08 7.45058
1.23931e+08 11257.8
1.23931e+08 22.3517
1.23931e+08 7.45058
1.23931e+08 7.45058
1.23942e+08 11183.3
1.23942e+08 7.45058
1.23953e+08 11183.3
1.23953e+08 29.8023
1.23953e+08 7.45058
1.23953e+08 1
1.23953e+08 80.9564
1.3563e+08 1.16765e+07
1.3563e+08 7.45058
1.3563e+08 7.45058
1.3563e+08 7.45058
1.3563e+08 44.7035
1.35664e+08 33788.4
1.35675e+08 11228
1.35675e+08 7.45058
1.35675e+08 7.45058
1.35675e+08 14.9012
1.35709e+08 33572.3
1.35709e+08 14.9012
1.35709e+08 14.9012
1.35709e+08 7.45058
1.35709e+08 7.45058
1.35709e+08 7.45058
1.35709e+08 7.45058
1.35709e+08 7.45058
1.35709e+08 7.45058
1.35709e+08 14.9012
1.35709e+08 1
1.48049e+08 1.23398e+07
1.48049e+08 7.45058
1.48049e+08 7.45058
1.48049e+08 7.45058
1.48049e+08 22.3517
1.48071e+08 22724.3
1.48071e+08 29.8023
1.48071e+08 7.45058
1.48071e+08 14.9012
1.48071e+08 14.9012
1.48083e+08 11235.5
1.48083e+08 7.45058
1.48094e+08 11205.7
1.48116e+08 22389
1.48116e+08 7.45058
1.48116e+08 7.45058
1.48116e+08 7.45058
1.48116e+08 7.45058
1.48127e+08 11190.8
1.48127e+08 7.45058
1.48127e+08 7.45058
1.48127e+08 1
1.60952e+08 1.2825e+07
1.60952e+08 22.3517
1.60953e+08 7.45058
1.60953e+08 7.45058
1.60953e+08 7.45058
1.60986e+08 33929.9
1.60986e+08 7.45058
1.60986e+08 7.45058
1.60986e+08 29.8023
1.60987e+08 22.3517
1.61042e+08 55968.8
1.61042e+08 7.45058
1.61054e+08 11198.2
1.61121e+08 67077.6
1.61121e+08 7.45058
1.61132e+08 11183.3
1.61132e+08 7.45058
1.61154e+08 22366.6
1.61177e+08 22366.6
1.61199e+08 22389
1.6121e+08 11183.3
1.61221e+08 11183.3
1.74139e+08 1.29172e+07
1.74139e+08 1
1.7415e+08 11182.3
1.7415e+08 7.45058
1.7415e+08 7.45058
1.7415e+08 7.45058
1.74162e+08 11660.2
1.74162e+08 7.45058
1.74162e+08 7.45058
1.74162e+08 22.3517
1.74162e+08 7.45058
1.74162e+08 52.1541
1.74162e+08 7.45058
1.74162e+08 7.45058
1.74173e+08 11190.8
1.74173e+08 7.45058
1.74173e+08 7.45058
1.74184e+08 11183.3
1.74229e+08 44733.3
1.7424e+08 11228
1.74307e+08 67152.1
1.74307e+08 7.45058
1.74318e+08 11205.7
1.87793e+08 1.34748e+07
1.87804e+08 11213.1
1.87804e+08 1
1.87804e+08 13.9012
1.87804e+08 7.45058
1.87804e+08 7.45058
1.87804e+08 7.45058
1.87838e+08 34071.5
1.87838e+08 7.45058
1.8785e+08 11198.2
1.8785e+08 7.45058
1.8785e+08 7.45058
1.87861e+08 11205.7
1.87861e+08 7.45058
1.87883e+08 22359.2
1.87883e+08 7.45058
1.87883e+08 29.8023
1.87883e+08 7.45058
1.87883e+08 7.45058
1.87883e+08 14.9012
1.87939e+08 55901.7
1.88174e+08 234880
1.88174e+08 7.45058
1.88197e+08 22418.8
2.01961e+08 1.37646e+07
2.01972e+08 11205.7
2.01972e+08 7.45058
2.01972e+08 7.45058
2.01972e+08 1
2.01972e+08 6.45058
2.01972e+08 7.45058
2.01972e+08 14.9012
2.02062e+08 89973.2
2.02062e+08 7.45058
2.02062e+08 22.3517
2.02062e+08 7.45058
2.02062e+08 7.45058
2.02074e+08 11190.8
2.02085e+08 11183.3
2.02096e+08 11220.6
2.02096e+08 7.45058
2.02096e+08 7.45058
2.02118e+08 22359.2
2.0213e+08 11190.8
2.02141e+08 11183.3
2.02141e+08 7.45058
2.02342e+08 201359
2.02342e+08 22.3517
2.02387e+08 44733.3
2.16691e+08 1.43038e+07
2.16724e+08 33564.9
2.16724e+08 7.45058
2.16724e+08 7.45058
2.16724e+08 7.45058
2.16724e+08 1
2.16724e+08 6.45058
2.16724e+08 29.8023
2.16724e+08 29.8023
2.16814e+08 90010.5
2.16814e+08 7.45058
2.16848e+08 33542.5
2.16859e+08 11183.3
2.16859e+08 7.45058
2.16859e+08 7.45058
2.16859e+08 7.45058
2.16971e+08 111811
2.16971e+08 7.45058
2.16982e+08 11183.3
2.17016e+08 33572.3
2.17016e+08 7.45058
2.17016e+08 7.45058
2.17049e+08 33535.1
2.17195e+08 145495
2.17195e+08 59.6046
2.17228e+08 33564.9
2.32067e+08 1.48391e+07
2.32079e+08 11198.2
2.32079e+08 7.45058
2.32079e+08 7.45058
2.32079e+08 7.45058
2.32079e+08 7.45058
2.32079e+08 37.2529
2.32079e+08 1
2.32101e+08 22492.3
2.32101e+08 67.0552
2.32247e+08 145823
2.32258e+08 11190.8
2.32269e+08 11183.3
2.32281e+08 11183.3
2.32314e+08 33535.1
2.32314e+08 7.45058
2.32325e+08 11198.2
2.32448e+08 122972
2.32448e+08 22.3517
2.32448e+08 7.45058
2.32482e+08 33557.4
2.32493e+08 11198.2
2.32493e+08 7.45058
2.32493e+08 7.45058
2.32627e+08 134349
2.32661e+08 33609.6
2.32672e+08 11198.2
2.47965e+08 1.52923e+07
2.47998e+08 33594.7
2.48009e+08 11213.1
2.48009e+08 67.0552
2.48009e+08 7.45058
2.48009e+08 59.6046
2.48032e+08 22403.9
2.48032e+08 7.45058
2.48032e+08 1
2.48077e+08 44866.4
2.48088e+08 11384.5
2.48267e+08 179321
2.48267e+08 7.45058
2.48267e+08 7.45058
2.48267e+08 7.45058
2.48279e+08 11183.3
2.48279e+08 7.45058
2.4839e+08 111796
2.48458e+08 67092.5
2.4848e+08 22381.5
2.4848e+08 7.45058
2.4848e+08 7.45058
2.4848e+08 29.8023
2.4848e+08 7.45058
2.4848e+08 7.45058
2.48648e+08 167884
2.48693e+08 44778
2.48693e+08 7.45058
2.64493e+08 1.58004e+07
2.64504e+08 11205.7
2.64516e+08 11295.1
2.64516e+08 7.45058
2.64516e+08 7.45058
2.64516e+08 7.45058
2.64538e+08 22418.8
2.64538e+08 7.45058
2.64538e+08 22.3517
2.64549e+08 11339.8
2.64549e+08 1
2.64617e+08 67337.3
2.64841e+08 224136
2.64852e+08 11205.7
2.64852e+08 7.45058
2.64874e+08 22359.2
2.64874e+08 7.45058
2.64897e+08 22359.2
2.64986e+08 89429.3
2.64997e+08 11198.2
2.64997e+08 7.45058
2.64997e+08 7.45058
2.64997e+08 22.3517
2.65042e+08 44792.9
2.65042e+08 7.45058
2.65042e+08 7.45058
2.65244e+08 201382
2.65288e+08 44785.4
2.65288e+08 7.45058
2.81687e+08 1.63982e+07
2.81698e+08 11220.6
2.81765e+08 67248.9
2.81765e+08 7.45058
2.81765e+08 7.45058
2.81765e+08 14.9012
2.81765e+08 59.6046
2.81765e+08 7.45058
2.81765e+08 14.9012
2.81788e+08 22500.8
2.81788e+08 7.45058
2.81788e+08 1
2.81866e+08 78580.3
2.82135e+08 268914
2.82157e+08 22366.6
2.82158e+08 7.45058
2.82158e+08 14.9012
2.82158e+08 7.45058
2.82158e+08 14.9012
2.82158e+08 7.45058
2.82169e+08 11205.7
2.82213e+08 44725.8
2.82213e+08 7.45058
2.82269e+08 55916.6
2.82292e+08 22418.8
2.82314e+08 22374.1
2.82314e+08 7.45058
2.82527e+08 212550
2.82616e+08 89526.2
2.82616e+08 7.45058
2.99537e+08 1.69208e+07
2.99548e+08 11257.8
2.99638e+08 89786.9
2.99638e+08 14.9012
2.99638e+08 7.45058
2.99638e+08 7.45058
2.99638e+08 111.759
2.99638e+08 7.45058
2.99638e+08 22.3517
2.99661e+08 22441.1
2.99661e+08 7.45058
2.99661e+08 7.45058
2.99762e+08 100948
2.99762e+08 1
2.99975e+08 213063
2.99975e+08 7.45058
2.99975e+08 22.3517
2.99975e+08 7.45058
2.99975e+08 7.45058
2.99986e+08 11220.6
2.99986e+08 7.45058
2.99986e+08 7.45058
3.0002e+08 33542.5
3.00042e+08 22359.2
3.00165e+08 123002
3.0021e+08 44733.3
3.00221e+08 11183.3
3.00232e+08 11190.8
3.00489e+08 257321
3.00758e+08 268430
3.00758e+08 7.45058
3.17908e+08 1.71506e+07
3.17942e+08 33646.8
3.17998e+08 56289.1
3.18032e+08 33572.3
3.18032e+08 7.45058
3.18032e+08 7.45058
3.18043e+08 11257.8
3.18043e+08 7.45058
3.18043e+08 14.9012
3.18066e+08 22538
3.18066e+08 14.9012
3.18066e+08 7.45058
3.18156e+08 89772
3.18156e+08 7.45058
3.18156e+08 1
3.18458e+08 302522
3.18492e+08 33535.1
3.18514e+08 22411.3
3.1857e+08 55886.8
3.18592e+08 22381.5
3.18615e+08 22366.6
3.18615e+08 7.45058
3.18615e+08 7.45058
3.18659e+08 44733.3
3.1866e+08 119.209
3.18682e+08 22411.3
3.18693e+08 11190.8
3.18727e+08 33572.3
3.18727e+08 7.45058
3.18816e+08 89503.8
3.19263e+08 447221
3.19263e+08 7.45058
3.3684e+08 1.7577e+07
3.36874e+08 33557.4
3.36998e+08 123508
3.37009e+08 11213.1
3.37009e+08 7.45058
3.37009e+08 22.3517
3.37009e+08 44.7035
3.37009e+08 7.45058
3.37009e+08 7.45058
3.37009e+08 126.66
3.37009e+08 7.45058
3.37009e+08 7.45058
3.37099e+08 89779.5
3.37099e+08 22.3517
3.37099e+08 7.45058
3.37524e+08 425592
3.37524e+08 1
3.37524e+08 6.45058
3.37569e+08 44733.3
3.37569e+08 7.45058
3.37569e+08 29.8023
3.37569e+08 7.45058
3.3758e+08 11183.3
3.3758e+08 7.45058
3.37625e+08 44733.3
3.3767e+08 44845
3.37692e+08 22411.3
3.37692e+08 29.8023
3.37771e+08 78290.7
3.37771e+08 7.45058
3.38073e+08 301853
3.38263e+08 190131
3.38263e+08 7.45058
3.56344e+08 1.80812e+07
3.56366e+08 22366.6
3.56579e+08 212945
3.56579e+08 14.9012
3.56579e+08 29.8023
3.56579e+08 7.45058
3.56579e+08 67.0552
3.56579e+08 37.2529
3.56579e+08 7.45058
3.56591e+08 11228
3.56591e+08 7.45058
3.56602e+08 11205.7
3.56669e+08 67308.5
3.56669e+08 22.3517
3.56669e+08 7.45058
3.57095e+08 425756
3.57106e+08 11183.3
3.57106e+08 1
3.57106e+08 6.45058
3.57151e+08 44718.4
3.57162e+08 11190.8
3.57162e+08 29.8023
3.57162e+08 7.45058
3.57162e+08 7.45058
3.57162e+08 7.45058
3.57173e+08 11183.3
3.57285e+08 111900
3.57375e+08 89474
3.57442e+08 67114.8
3.57554e+08 111938
3.57554e+08 7.45058
3.57867e+08 313051
3.57889e+08 22456
3.57889e+08 7.45058
3.76404e+08 1.85143e+07
3.76426e+08 22374.1
3.7665e+08 224173
3.7665e+08 7.45058
3.7665e+08 7.45058
3.7665e+08 14.9012
3.76673e+08 22441.1
3.76673e+08 7.45058
3.76673e+08 7.45058
3.76673e+08 22.3517
3.76673e+08 37.2529
3.76673e+08 81.9564
3.76706e+08 33631.9
3.76718e+08 11198.2
3.76729e+08 11190.8
3.77188e+08 459395
3.77211e+08 22359.2
3.77211e+08 7.45058
3.77244e+08 33550
3.77244e+08 1
3.77244e+08 13.9012
3.77244e+08 7.45058
3.77322e+08 78260.9
3.77345e+08 22374.1
3.77345e+08 7.45058
3.77345e+08 7.45058
3.77367e+08 22359.2
3.77457e+08 89474
3.77524e+08 67219.1
3.77625e+08 100754
3.77792e+08 167854
3.77792e+08 7.45058
3.77893e+08 100635
3.77915e+08 22381.5
3.77927e+08 11183.3
3.97121e+08 1.91947e+07
3.97188e+08 67077.6
3.97401e+08 213027
3.97401e+08 7.45058
3.97413e+08 11183.3
3.97413e+08 7.45058
3.97424e+08 11228
3.97424e+08 22.3517
3.97424e+08 7.45058
3.97424e+08 44.7035
3.97424e+08 52.1541
3.97424e+08 81.9564
3.97469e+08 44822.7
3.97469e+08 7.45058
3.9748e+08 11183.3
3.9794e+08 459433
3.9794e+08 7.45058
3.9794e+08 7.45058
3.97951e+08 11183.3
3.97951e+08 7.45058
3.97951e+08 1
3.97951e+08 6.45058
3.97962e+08 11183.3
3.98007e+08 44733.3
3.98085e+08 78253.4
3.98107e+08 22366.6
3.98141e+08 33542.5
3.98174e+08 33542.5
3.98241e+08 67085
3.98353e+08 112012
3.98376e+08 22552.9
3.986e+08 223733
3.986e+08 7.45058
3.98622e+08 22359.2
3.98644e+08 22366.6
3.98644e+08 7.45058
4.18626e+08 1.9982e+07
4.1866e+08 33542.5
4.18918e+08 257827
4.18918e+08 22.3517
4.18918e+08 22.3517
4.18918e+08 7.45058
4.18918e+08 22.3517
4.18918e+08 7.45058
4.18918e+08 7.45058
4.18918e+08 29.8023
4.18918e+08 59.6046
4.18929e+08 11317.4
4.18952e+08 22441.1
4.18952e+08 7.45058
4.18974e+08 22374.1
4.19512e+08 537589
4.19512e+08 22.3517
4.19512e+08 7.45058
4.19512e+08 14.9012
4.19512e+08 7.45058
4.19512e+08 7.45058
4.19512e+08 7.45058
4.19512e+08 1
4.19523e+08 11197.2
4.1959e+08 67092.5
4.1968e+08 89436.8
4.19702e+08 22366.6
4.19702e+08 7.45058
4.19724e+08 22366.6
4.19769e+08 44748.2
4.19892e+08 123188
4.19904e+08 11347.2
4.20105e+08 201479
4.20105e+08 7.45058
4.20105e+08 14.9012
4.20116e+08 11213.1
4.20116e+08 7.45058
4.40672e+08 2.05558e+07
4.40717e+08 44770.5
4.40975e+08 257872
4.40975e+08 7.45058
4.40975e+08 37.2529
4.40975e+08 7.45058
4.40975e+08 29.8023
4.40975e+08 14.9012
4.40975e+08 29.8023
4.40975e+08 7.45058
4.40986e+08 11235.5
4.41098e+08 111960
4.41109e+08 11183.3
4.41109e+08 7.45058
4.41109e+08 7.45058
4.41636e+08 526421
4.41658e+08 22381.5
4.4168e+08 22359.2
4.4168e+08 14.9012
4.4168e+08 7.45058
4.41703e+08 22374.1
4.41725e+08 22359.2
4.41725e+08 22.3517
4.41725e+08 1
4.41748e+08 22365.6
4.41759e+08 11198.2
4.41815e+08 55946.4
4.41815e+08 7.45058
4.41815e+08 7.45058
4.41815e+08 7.45058
4.41949e+08 134140
4.41983e+08 33788.4
4.41994e+08 11399.4
4.42218e+08 223793
4.42229e+08 11190.8
4.42229e+08 14.9012
4.42229e+08 22.3517
4.42229e+08 7.45058
4.62994e+08 2.07647e+07
4.63039e+08 44770.5
4.63442e+08 403352
4.63442e+08 7.45058
4.63453e+08 11205.7
4.63464e+08 11190.8
4.63509e+08 44800.3
4.63509e+08 7.45058
4.6352e+08 11198.2
4.6352e+08 7.45058
4.63543e+08 22396.4
4.6361e+08 67174.4
4.6361e+08 7.45058
4.63621e+08 11190.8
4.63621e+08 7.45058
4.6427e+08 649385
4.64282e+08 11190.8
4.64293e+08 11198.2
4.64293e+08 7.45058
4.64293e+08 7.45058
4.64293e+08 22.3517
4.64293e+08 14.9012
4.64293e+08 7.45058
4.64293e+08 7.45058
4.64293e+08 1
4.64293e+08 13.9012
4.64304e+08 11198.2
4.64416e+08 111863
4.64416e+08 7.45058
4.6445e+08 33542.5
4.6445e+08 7.45058
4.64494e+08 44710.9
4.64506e+08 11429.2
4.64539e+08 33743.7
4.6483e+08 290923
4.64842e+08 11190.8
4.64909e+08 67137.2
4.64909e+08 7.45058
4.6492e+08 11183.3
4.85938e+08 2.1018e+07
4.8596e+08 22396.4
4.86509e+08 548780
4.86509e+08 7.45058
4.86543e+08 33587.2
4.86565e+08 22374.1
4.86621e+08 56006
4.86621e+08 7.45058
4.86621e+08 7.45058
4.86621e+08 7.45058
4.86632e+08 11220.6
4.86677e+08 44770.5
4.86688e+08 11183.3
4.86688e+08 7.45058
4.86688e+08 7.45058
4.87282e+08 593491
4.87282e+08 22.3517
4.87293e+08 11198.2
4.87304e+08 11205.7
4.87304e+08 14.9012
4.87304e+08 14.9012
4.87304e+08 7.45058
4.87304e+08 14.9012
4.87304e+08 7.45058
4.87304e+08 7.45058
4.87327e+08 22366.6
4.87327e+08 1
4.87327e+08 6.45058
4.87394e+08 67099.9
4.87439e+08 44770.5
4.87461e+08 22381.5
4.87494e+08 33550
4.87494e+08 7.45058
4.87517e+08 22433.7
4.87528e+08 11354.7
4.87976e+08 447705
4.88021e+08 44733.3
4.88065e+08 44740.7
4.88077e+08 11183.3
4.88077e+08 14.9012
5.09672e+08 2.15951e+07
5.09694e+08 22396.4
5.10321e+08 627100
5.10321e+08 7.45058
5.10344e+08 22411.3
5.10366e+08 22411.3
5.10411e+08 44792.9
5.10411e+08 7.45058
5.10411e+08 7.45058
5.10411e+08 7.45058
5.10433e+08 22389
5.10478e+08 44755.6
5.10478e+08 7.45058
5.10478e+08 7.45058
5.10478e+08 7.45058
5.1106e+08 582308
5.11072e+08 11190.8
5.11094e+08 22374.1
5.11094e+08 14.9012
5.11116e+08 22374.1
5.11116e+08 7.45058
5.11116e+08 7.45058
5.11139e+08 22374.1
5.11139e+08 7.45058
5.11139e+08 22.3517
5.1115e+08 11220.6
5.1115e+08 7.45058
5.1115e+08 1
5.1115e+08 6.45058
5.11228e+08 78283.3
5.11251e+08 22418.8
5.11273e+08 22366.6
5.11273e+08 7.45058
5.11273e+08 7.45058
5.11307e+08 33557.4
5.11318e+08 11257.8
5.11878e+08 559770
5.119e+08 22359.2
5.119e+08 74.5058
5.119e+08 7.45058
5.119e+08 7.45058
5.33984e+08 2.20837e+07
5.34006e+08 22374.1
5.34712e+08 705421
5.34723e+08 11190.8
5.34768e+08 44830.1
5.34768e+08 14.9012
5.34801e+08 33572.3
5.34801e+08 14.9012
5.34801e+08 7.45058
5.34801e+08 59.6046
5.34812e+08 11220.6
5.34947e+08 134133
5.34958e+08 11190.8
5.34958e+08 7.45058
5.34958e+08 7.45058
5.35384e+08 425786
5.35406e+08 22366.6
5.35417e+08 11205.7
5.35428e+08 11183.3
5.35462e+08 33542.5
5.35462e+08 7.45058
5.35462e+08 7.45058
5.35462e+08 7.45058
5.35473e+08 11190.8
5.35495e+08 22359.2
5.35507e+08 11235.5
5.35507e+08 7.45058
5.35507e+08 7.45058
5.35529e+08 22359.2
5.35529e+08 1
5.35619e+08 89480.5
5.35619e+08 44.7035
5.35619e+08 7.45058
5.35652e+08 33579.8
5.35652e+08 7.45058
5.35686e+08 33542.5
5.35764e+08 78328
5.36223e+08 459209
5.36223e+08 7.45058
5.36234e+08 11220.6
5.36234e+08 22.3517
5.36235e+08 7.45058
5.58834e+08 2.2599e+07
5.58834e+08 7.45058
5.59751e+08 917852
5.59763e+08 11250.4
5.59807e+08 44792.9
5.59807e+08 7.45058
5.59897e+08 89451.7
5.59908e+08 11198.2
5.59908e+08 52.1541
5.59908e+08 7.45058
5.59964e+08 55909.2
5.59975e+08 11183.3
5.59986e+08 11190.8
5.59986e+08 14.9012
5.59987e+08 29.8023
5.60446e+08 459284
5.60491e+08 44733.3
5.60502e+08 11190.8
5.60513e+08 11190.8
5.60558e+08 44740.7
5.60558e+08 7.45058
5.60558e+08 7.45058
5.60558e+08 7.45058
5.60647e+08 89444.2
5.60658e+08 11198.2
5.60681e+08 22374.1
5.60703e+08 22381.5
5.60703e+08 7.45058
5.60703e+08 7.45058
5.60703e+08 7.45058
5.60703e+08 1
5.60703e+08 28.8023
5.60714e+08 11265.3
5.60726e+08 11213.1
5.60748e+08 22374.1
5.60748e+08 7.45058
5.60759e+08 11190.8
5.6077e+08 11190.8
5.61218e+08 448100
5.61218e+08 7.45058
5.61241e+08 22411.3
5.61241e+08 14.9012
5.61241e+08 14.9012
5.84276e+08 2.30354e+07
5.84276e+08 7.45058
5.85295e+08 1.01849e+06
5.85373e+08 78357.8
5.85429e+08 55961.3
5.85452e+08 22366.6
5.85452e+08 37.2529
5.85452e+08 7.45058
5.85452e+08 14.9012
5.85452e+08 7.45058
5.85496e+08 44733.3
5.85496e+08 7.45058
5.8553e+08 33579.8
5.85541e+08 11220.6
5.85541e+08 14.9012
5.85933e+08 392213
5.85945e+08 11205.7
5.85945e+08 14.9012
5.85956e+08 11198.2
5.86045e+08 89429.3
5.86056e+08 11183.3
5.86101e+08 44710.9
5.86146e+08 44710.9
5.86202e+08 55968.8
5.86202e+08 37.2529
5.86202e+08 7.45058
5.86202e+08 7.45058
5.86213e+08 11183.3
5.86213e+08 7.45058
5.86213e+08 7.45058
5.86213e+08 7.45058
5.86213e+08 7.45058
5.86213e+08 1
5.86235e+08 22358.2
5.86247e+08 11235.5
5.86269e+08 22441.1
5.86269e+08 7.45058
5.86269e+08 7.45058
5.86269e+08 7.45058
5.8684e+08 571117
5.86851e+08 11190.8
5.86874e+08 22366.6
5.86874e+08 22.3517
5.86874e+08 7.45058
6.10009e+08 2.31355e+07
6.10009e+08 7.45058
6.10704e+08 694297
