2932 2000
6932 4000
14932 8000
30932 16000
62932 32000
126932 64000
254932 128000
510932 256000
1.02293e+06 512000
2.04693e+06 1.024e+06
4.09493e+06 2.048e+06
5.36699e+06 1.27206e+06
5.36699e+06 1
8.39579e+06 3.0288e+06
8.39581e+06 14.9012
1.01331e+07 1.73726e+06
1.01331e+07 1
1.02348e+07 101713
1.22148e+07 1.97999e+06
1.22372e+07 22433.7
1.22372e+07 1
1.22598e+07 22633.9
1.45855e+07 2.32563e+06
1.45855e+07 22.3517
1.45855e+07 7.45058
1.46306e+07 45053.7
1.46306e+07 1
1.73586e+07 2.72805e+06
1.73586e+07 7.45058
1.73586e+07 7.45058
1.75714e+07 212736
1.75714e+07 7.45058
1.75714e+07 1
2.09594e+07 3.38804e+06
2.09594e+07 7.45058
2.0993e+07 33572.3
2.11164e+07 123411
2.11164e+07 7.45058
2.11164e+07 7.45058
2.11164e+07 1
2.48064e+07 3.68997e+06
2.48176e+07 11183.3
2.48176e+07 7.45058
2.51869e+07 369281
2.51869e+07 7.45058
2.51869e+07 7.45058
2.51869e+07 7.45058
2.87687e+07 3.58179e+06
2.87687e+07 1
2.87799e+07 11189.8
2.88134e+07 33535.1
2.93391e+07 525706
2.93391e+07 7.45058
2.93615e+07 22366.6
2.93615e+07 7.45058
3.35364e+07 4.17486e+06
3.35699e+07 33557.4
3.35699e+07 1
3.35699e+07 6.45058
3.36035e+07 33542.5
3.40286e+07 425123
3.40286e+07 52.1541
3.4051e+07 22411.3
3.40511e+07 7.45058
3.88921e+07 4.841e+06
3.89033e+07 11213.1
3.89368e+07 33557.4
3.89368e+07 7.45058
3.89368e+07 1
3.89592e+07 22380.5
3.94179e+07 458688
3.94179e+07 14.9012
3.94179e+07 29.8023
3.9418e+07 7.45058
4.47527e+07 5.33472e+06
4.47974e+07 44748.2
4.48533e+07 55924.1
4.48534e+07 7.45058
4.48645e+07 11198.2
4.48646e+07 1
4.48646e+07 6.45058
4.51334e+07 268795
4.51446e+07 11198.2
4.52117e+07 67167
4.53012e+07 89444.2
5.13393e+07 6.03818e+06
5.1373e+07 33631.9
5.14066e+07 33602.1
5.14066e+07 7.45058
5.14848e+07 78238.5
5.14849e+07 44.7035
5.15631e+07 78268.3
5.15631e+07 1
5.17872e+07 224075
5.17984e+07 11205.7
5.18656e+07 67167
5.20557e+07 190109
5.84446e+07 6.38889e+06
5.84559e+07 11362.1
5.84896e+07 33631.9
5.85008e+07 11190.8
5.8579e+07 78260.9
5.86573e+07 78290.7
5.86797e+07 22359.2
5.86797e+07 7.45058
5.86797e+07 1
5.88144e+07 134758
5.88816e+07 67114.8
5.90158e+07 134207
5.90718e+07 56028.4
6.62178e+07 7.146e+06
6.62402e+07 22456
6.62516e+07 11362.1
6.62516e+07 7.45058
6.62516e+07 7.45058
6.62516e+07 14.9012
6.62516e+07 7.45058
6.62517e+07 7.45058
6.62517e+07 7.45058
6.62517e+07 1
6.66883e+07 436618
6.67108e+07 22508.2
6.67109e+07 96.8575
6.6767e+07 56065.6
7.44241e+07 7.65718e+06
7.44353e+07 11183.3
7.44803e+07 45001.5
7.44915e+07 11183.3
7.44915e+07 7.45058
7.45139e+07 22403.9
7.45251e+07 11183.3
7.45475e+07 22359.2
7.45698e+07 22359.2
7.45922e+07 22389
7.50177e+07 425510
7.50177e+07 1
7.50625e+07 44799.3
7.50738e+07 11265.3
7.532e+07 246182
8.32257e+07 7.90575e+06
8.32257e+07 7.45058
8.33715e+07 145778
8.33715e+07 14.9012
8.33715e+07 14.9012
8.33716e+07 37.2529
8.33716e+07 7.45058
8.33716e+07 7.45058
8.33716e+07 7.45058
8.35841e+07 212528
8.40654e+07 481330
8.40655e+07 7.45058
8.40655e+07 1
8.4155e+07 89502.8
8.41663e+07 11302.5
8.4189e+07 22701.9
9.24339e+07 8.24497e+06
9.24339e+07 14.9012
9.28144e+07 380501
9.28145e+07 7.45058
9.28145e+07 7.45058
9.28145e+07 14.9012
9.28257e+07 11198.2
9.28257e+07 7.45058
9.28257e+07 7.45058
9.2904e+07 78357.8
9.34861e+07 582024
9.34861e+07 14.9012
9.34861e+07 7.45058
9.35421e+07 55998.6
9.35421e+07 1
9.3587e+07 44881.3
9.37774e+07 190400
1.02635e+08 8.85719e+06
1.02702e+08 67114.8
1.02836e+08 134535
1.02836e+08 7.45058
1.02836e+08 22.3517
1.02836e+08 7.45058
1.02836e+08 44.7035
1.02836e+08 7.45058
1.02836e+08 7.45058
1.03026e+08 190154
1.03754e+08 727482
1.03754e+08 7.45058
1.03754e+08 7.45058
1.03754e+08 22.3517
1.03765e+08 11205.7
1.03765e+08 1
1.03922e+08 156670
1.03989e+08 67457.6
1.13081e+08 9.09215e+06
1.13204e+08 123024
1.1344e+08 235230
1.1344e+08 7.45058
1.13451e+08 11205.7
1.13451e+08 7.45058
1.13451e+08 7.45058
1.13451e+08 7.45058
1.13451e+08 7.45058
1.13608e+08 156611
1.14469e+08 861615
1.1448e+08 11198.2
1.1448e+08 7.45058
1.14503e+08 22403.9
1.14525e+08 22389
1.14525e+08 14.9012
1.14671e+08 145547
1.14671e+08 1
1.14727e+08 56362.6
1.24369e+08 9.64206e+06
1.24369e+08 7.45058
1.24649e+08 280015
1.24649e+08 7.45058
1.2466e+08 11183.3
1.2466e+08 7.45058
1.2466e+08 7.45058
1.2466e+08 7.45058
1.24672e+08 11183.3
1.24672e+08 7.45058
1.25679e+08 1.00697e+06
1.25734e+08 55931.5
1.25735e+08 7.45058
1.25757e+08 22403.9
1.25779e+08 22366.6
1.25779e+08 22.3517
1.25925e+08 145622
1.25925e+08 7.45058
1.25925e+08 1
1.26048e+08 123507
1.36178e+08 1.01293e+07
1.36178e+08 7.45058
1.36536e+08 358269
1.36547e+08 11213.1
1.36547e+08 7.45058
1.36547e+08 7.45058
1.36581e+08 33535.1
1.36581e+08 7.45058
1.36592e+08 11190.8
1.36592e+08 7.45058
1.3761e+08 1.01811e+06
1.37621e+08 11242.9
1.37621e+08 7.45058
1.37633e+08 11228
1.37633e+08 7.45058
1.37633e+08 14.9012
1.37823e+08 190362
1.37823e+08 7.45058
1.37823e+08 44.7035
1.37958e+08 134669
1.37958e+08 1
1.48531e+08 1.05734e+07
1.48531e+08 7.45058
1.48979e+08 447549
1.4899e+08 11190.8
1.4899e+08 7.45058
1.4899e+08 7.45058
1.49012e+08 22359.2
1.49012e+08 7.45058
1.49046e+08 33535.1
1.4909e+08 44710.9
1.50019e+08 928752
1.5012e+08 100657
1.50131e+08 11190.8
1.50153e+08 22381.5
1.50153e+08 7.45058
1.50165e+08 11198.2
1.50255e+08 89883.8
1.50266e+08 11183.3
1.50266e+08 126.66
1.50423e+08 156932
1.50423e+08 7.45058
1.50423e+08 1
1.6147e+08 1.10473e+07
1.6147e+08 7.45058
1.61884e+08 413895
1.61884e+08 7.45058
1.61895e+08 11198.2
1.61918e+08 22359.2
1.6194e+08 22366.6
1.61951e+08 11183.3
1.61951e+08 7.45058
1.61962e+08 11183.3
1.62913e+08 951186
1.63025e+08 111833
1.63025e+08 7.45058
1.6307e+08 44748.2
1.63081e+08 11183.3
1.63104e+08 22381.5
1.63238e+08 134572
1.63238e+08 29.8023
1.6325e+08 11339.8
1.63395e+08 145741
1.63406e+08 11190.8
1.63406e+08 7.45058
1.74465e+08 1.10587e+07
1.74465e+08 1
1.74465e+08 43.7035
1.74655e+08 190154
1.74655e+08 7.45058
1.74655e+08 7.45058
1.74655e+08 7.45058
1.74678e+08 22366.6
1.74678e+08 7.45058
1.74678e+08 7.45058
1.74678e+08 7.45058
1.75897e+08 1.2195e+06
1.75931e+08 33594.7
1.75953e+08 22359.2
1.76087e+08 134163
1.76087e+08 7.45058
1.7611e+08 22389
1.76278e+08 168167
1.76278e+08 67.0552
1.76323e+08 44807.8
1.76469e+08 145741
1.76502e+08 33550
1.76502e+08 7.45058
1.88167e+08 1.1665e+07
1.88167e+08 7.45058
1.88167e+08 1
1.88167e+08 6.45058
1.88335e+08 167832
1.88335e+08 14.9012
1.88335e+08 7.45058
1.88335e+08 7.45058
1.88369e+08 33535.1
1.88369e+08 22.3517
1.8838e+08 11190.8
1.8838e+08 7.45058
1.897e+08 1.32017e+06
1.89778e+08 78283.3
1.89778e+08 14.9012
1.89823e+08 44770.5
1.89823e+08 7.45058
1.89868e+08 44740.7
1.90002e+08 134632
1.90002e+08 96.8575
1.9007e+08 67308.5
1.90215e+08 145651
1.90227e+08 11205.7
1.90227e+08 7.45058
2.02437e+08 1.221e+07
2.02437e+08 7.45058
2.02437e+08 7.45058
2.02437e+08 7.45058
2.02437e+08 1
2.02683e+08 246062
2.02716e+08 33542.5
2.02716e+08 7.45058
2.02716e+08 7.45058
2.02716e+08 7.45058
2.02716e+08 7.45058
2.0275e+08 33542.5
2.0275e+08 7.45058
2.04115e+08 1.36504e+06
2.04148e+08 33564.9
2.0416e+08 11220.6
2.04171e+08 11183.3
2.04216e+08 44740.7
2.04238e+08 22418.8
2.04339e+08 101134
2.0435e+08 11242.9
2.04451e+08 100918
2.04563e+08 112019
2.04563e+08 29.8023
2.04563e+08 7.45058
2.17318e+08 1.27551e+07
2.17363e+08 44718.4
2.17363e+08 7.45058
2.17363e+08 7.45058
2.17374e+08 11183.3
2.17374e+08 1
2.1771e+08 335461
2.1771e+08 14.9012
2.1771e+08 7.45058
2.17732e+08 22359.2
2.17732e+08 14.9012
2.17743e+08 11190.8
2.17799e+08 55894.3
2.17799e+08 7.45058
2.1912e+08 1.32054e+06
2.19131e+08 11198.2
2.19131e+08 52.1541
2.19142e+08 11205.7
2.19142e+08 7.45058
2.19165e+08 22381.5
2.19311e+08 145942
2.19356e+08 44852.5
2.19423e+08 67316
2.19524e+08 100762
2.19546e+08 22374.1
2.19602e+08 55909.2
2.32845e+08 1.32433e+07
2.32845e+08 7.45058
2.32856e+08 11190.8
2.32868e+08 11198.2
2.32868e+08 7.45058
2.32879e+08 11198.2
2.33136e+08 257216
2.33136e+08 1
2.33158e+08 22373.1
2.33181e+08 22359.2
2.33181e+08 7.45058
2.33181e+08 7.45058
2.33214e+08 33535.1
2.33259e+08 44733.3
2.33259e+08 7.45058
2.34669e+08 1.41011e+06
2.34669e+08 29.8023
2.34669e+08 14.9012
2.34669e+08 7.45058
2.34669e+08 7.45058
2.3468e+08 11280.2
2.34849e+08 168331
2.34894e+08 44837.6
2.34983e+08 89652.8
2.3514e+08 156596
2.35151e+08 11205.7
2.35162e+08 11198.2
2.48915e+08 1.3753e+07
2.48915e+08 7.45058
2.48915e+08 7.45058
2.48915e+08 7.45058
2.48915e+08 7.45058
2.48915e+08 7.45058
2.49083e+08 167765
2.49083e+08 7.45058
2.49083e+08 1
2.49083e+08 36.2529
2.49083e+08 29.8023
2.49106e+08 22389
2.49106e+08 7.45058
2.49139e+08 33535.1
2.49206e+08 67077.6
2.49206e+08 7.45058
2.50739e+08 1.53325e+06
2.50773e+08 33594.7
2.50773e+08 59.6046
2.50784e+08 11183.3
2.50796e+08 11198.2
2.50874e+08 78275.8
2.50975e+08 101224
2.51053e+08 78439.7
2.51177e+08 123136
2.51288e+08 111848
2.51288e+08 14.9012
2.51311e+08 22381.5
2.65521e+08 1.42099e+07
2.65521e+08 7.45058
2.65521e+08 7.45058
2.65521e+08 7.45058
2.65521e+08 7.45058
2.65521e+08 22.3517
2.65644e+08 123039
2.65644e+08 7.45058
2.65644e+08 7.45058
2.65666e+08 22389
2.65666e+08 1
2.65689e+08 22380.5
2.65711e+08 22471
2.65711e+08 7.45058
2.65711e+08 7.45058
2.65711e+08 7.45058
2.65711e+08 7.45058
2.67367e+08 1.65635e+06
2.6739e+08 22403.9
2.67423e+08 33624.5
2.67423e+08 7.45058
2.67435e+08 11190.8
2.67457e+08 22374.1
2.67659e+08 201859
2.67782e+08 123113
2.67961e+08 178993
2.67995e+08 33564.9
2.67995e+08 29.8023
2.68073e+08 78275.8
2.82677e+08 1.46044e+07
2.82677e+08 7.45058
2.82677e+08 7.45058
2.82677e+08 7.45058
2.82677e+08 7.45058
2.82688e+08 11183.3
2.82834e+08 145324
2.82834e+08 7.45058
2.82834e+08 7.45058
2.82834e+08 29.8023
2.82834e+08 7.45058
2.82834e+08 1
2.82845e+08 11204.7
2.82991e+08 145517
2.82991e+08 7.45058
2.82991e+08 7.45058
2.82991e+08 7.45058
2.82991e+08 7.45058
2.84636e+08 1.64534e+06
2.84647e+08 11198.2
2.84658e+08 11257.8
2.84658e+08 7.45058
2.84658e+08 7.45058
2.84658e+08 14.9012
2.84894e+08 235461
2.85162e+08 268310
2.85229e+08 67226.6
2.85285e+08 55901.7
2.85308e+08 22374.1
2.85352e+08 44800.3
3.00523e+08 1.51706e+07
3.00545e+08 22403.9
3.00568e+08 22359.2
3.00568e+08 7.45058
3.00568e+08 7.45058
3.00568e+08 7.45058
3.00613e+08 44733.3
3.00624e+08 11190.8
3.00624e+08 59.6046
3.00635e+08 11183.3
3.00635e+08 7.45058
3.00702e+08 67099.9
3.00713e+08 11183.3
3.00713e+08 1
3.00859e+08 145427
3.00881e+08 22366.6
3.00892e+08 11190.8
3.00903e+08 11190.8
3.00903e+08 7.45058
3.02527e+08 1.62315e+06
3.02527e+08 7.45058
3.02549e+08 22403.9
3.0256e+08 11235.5
3.0256e+08 7.45058
3.0256e+08 7.45058
3.02874e+08 313684
3.02919e+08 44830.1
3.03064e+08 145391
3.03109e+08 44755.6
3.03109e+08 7.45058
3.0321e+08 100672
3.18933e+08 1.57233e+07
3.18944e+08 11198.2
3.18944e+08 7.45058
3.18944e+08 14.9012
3.18944e+08 7.45058
3.18955e+08 11183.3
3.19089e+08 134170
3.19089e+08 22.3517
3.19168e+08 78268.3
3.19201e+08 33535.1
3.19213e+08 11198.2
3.19269e+08 56006
3.19269e+08 7.45058
3.1928e+08 11190.8
3.1928e+08 1
3.19291e+08 11294.1
3.19291e+08 14.9012
3.19291e+08 7.45058
3.19291e+08 22.3517
3.19291e+08 7.45058
3.20948e+08 1.65673e+06
3.20948e+08 29.8023
3.20959e+08 11257.8
3.2097e+08 11310
3.20993e+08 22456
3.20993e+08 7.45058
3.21306e+08 313491
3.2134e+08 33542.5
3.21452e+08 111908
3.21463e+08 11213.1
3.21463e+08 7.45058
3.21508e+08 44867.4
3.38013e+08 1.65049e+07
3.38013e+08 29.8023
3.38013e+08 7.45058
3.38058e+08 44710.9
3.38069e+08 11183.3
3.38091e+08 22366.6
3.38158e+08 67152.1
3.38158e+08 7.45058
3.38181e+08 22366.6
3.38192e+08 11228
3.38214e+08 22403.9
3.38315e+08 100687
3.38315e+08 7.45058
3.38315e+08 14.9012
3.38315e+08 7.45058
3.38371e+08 56006
3.38371e+08 1
3.38371e+08 6.45058
3.38382e+08 11190.8
3.38382e+08 52.1541
3.38382e+08 22.3517
3.39905e+08 1.52268e+06
3.39961e+08 55983.7
3.40028e+08 67301.1
3.40039e+08 11228
3.4004e+08 89.407
3.4004e+08 14.9012
3.40286e+08 246234
3.40319e+08 33550
3.40509e+08 190079
3.40532e+08 22389
3.40532e+08 7.45058
3.40554e+08 22552.9
3.57638e+08 1.70833e+07
3.5766e+08 22374.1
3.57671e+08 11190.8
3.57671e+08 7.45058
3.57671e+08 7.45058
3.57671e+08 14.9012
3.57738e+08 67137.2
3.57761e+08 22359.2
3.57783e+08 22389
3.57794e+08 11198.2
3.57828e+08 33587.2
3.57884e+08 55939
3.57895e+08 11198.2
3.57917e+08 22374.1
3.57917e+08 7.45058
3.58085e+08 167787
3.58085e+08 37.2529
3.58085e+08 1
3.58085e+08 6.45058
3.58085e+08 7.45058
3.58096e+08 11235.5
3.58108e+08 11198.2
3.59497e+08 1.38887e+06
3.59508e+08 11257.8
3.59542e+08 33713.9
3.59575e+08 33587.2
3.59631e+08 55953.9
3.59631e+08 14.9012
3.59922e+08 290789
3.59967e+08 44755.6
3.60112e+08 145368
3.6019e+08 78275.8
3.6019e+08 7.45058
3.60235e+08 44859.9
3.77913e+08 1.76775e+07
3.77913e+08 7.45058
3.77935e+08 22366.6
3.77946e+08 11183.3
3.77946e+08 7.45058
3.77946e+08 29.8023
3.78013e+08 67129.7
3.78024e+08 11190.8
3.78025e+08 14.9012
3.78036e+08 11198.2
3.7808e+08 44733.3
3.78092e+08 11235.5
3.78114e+08 22374.1
3.78125e+08 11190.8
3.78125e+08 7.45058
3.78293e+08 167780
3.78293e+08 7.45058
3.78304e+08 11198.2
3.78304e+08 7.45058
3.78304e+08 1
3.78304e+08 6.45058
3.78338e+08 33609.6
3.78371e+08 33579.8
3.79738e+08 1.36685e+06
3.79772e+08 33564.9
3.79806e+08 33661.7
3.79828e+08 22411.3
3.79839e+08 11205.7
3.79839e+08 7.45058
3.80219e+08 380166
3.80298e+08 78260.9
3.80432e+08 134207
3.80477e+08 44755.6
3.80499e+08 22381.5
3.80533e+08 33721.3
3.98663e+08 1.81303e+07
3.98663e+08 7.45058
3.98674e+08 11198.2
3.98674e+08 14.9012
3.98674e+08 14.9012
3.98697e+08 22396.4
3.98797e+08 100657
3.98797e+08 7.45058
3.9882e+08 22366.6
3.9882e+08 22.3517
3.98842e+08 22381.5
3.98887e+08 44740.7
3.98887e+08 7.45058
3.98887e+08 14.9012
3.98887e+08 14.9012
3.98976e+08 89474
3.98976e+08 7.45058
3.98987e+08 11190.8
3.98987e+08 7.45058
3.98987e+08 7.45058
3.98987e+08 1
3.98987e+08 13.9012
3.9901e+08 22456
3.99066e+08 55909.2
4.00567e+08 1.50125e+06
4.0059e+08 22396.4
4.00612e+08 22396.4
4.00612e+08 14.9012
4.00612e+08 81.9564
4.00612e+08 7.45058
4.00981e+08 369020
4.01093e+08 111781
4.01339e+08 246018
4.0135e+08 11198.2
4.0135e+08 67.0552
4.01406e+08 56028.4
4.19967e+08 1.8561e+07
4.20001e+08 33572.3
4.20012e+08 11190.8
4.20012e+08 7.45058
4.20023e+08 11213.1
4.20034e+08 11213.1
4.20146e+08 111803
4.20146e+08 7.45058
4.20146e+08 7.45058
4.20168e+08 22389
4.20191e+08 22389
4.20236e+08 44748.2
4.20247e+08 11183.3
4.20247e+08 22.3517
4.20247e+08 7.45058
4.20347e+08 100665
4.20347e+08 7.45058
4.20381e+08 33542.5
4.20381e+08 7.45058
4.20381e+08 7.45058
4.20381e+08 14.9012
4.20392e+08 11183.3
4.20392e+08 1
4.20437e+08 44829.1
4.20437e+08 7.45058
4.22006e+08 1.56847e+06
4.22006e+08 44.7035
4.22006e+08 52.1541
4.22017e+08 11183.3
4.22039e+08 22411.3
4.22039e+08 7.45058
4.22364e+08 324294
4.22509e+08 145324
4.22699e+08 190139
4.22699e+08 7.45058
4.22766e+08 67137.2
4.22822e+08 56035.8
4.41899e+08 1.90766e+07
4.4191e+08 11198.2
4.4191e+08 7.45058
4.4191e+08 7.45058
4.41977e+08 67114.8
4.41988e+08 11198.2
4.42022e+08 33594.7
4.42022e+08 7.45058
4.42022e+08 7.45058
4.42145e+08 123017
4.42179e+08 33572.3
4.42212e+08 33550
4.42223e+08 11220.6
4.42223e+08 7.45058
4.42223e+08 7.45058
4.42358e+08 134207
4.42369e+08 11190.8
4.4238e+08 11205.7
4.4238e+08 7.45058
4.42413e+08 33542.5
4.42413e+08 22.3517
4.42413e+08 7.45058
4.42413e+08 7.45058
4.42413e+08 1
4.42447e+08 33720.3
4.42447e+08 7.45058
4.44038e+08 1.59081e+06
4.44038e+08 22.3517
4.4406e+08 22433.7
4.4406e+08 7.45058
4.44094e+08 33564.9
4.44094e+08 14.9012
4.44351e+08 257254
4.44418e+08 67085
4.44676e+08 257209
4.44676e+08 7.45058
4.44687e+08 11235.5
4.4481e+08 123188
4.64433e+08 1.96226e+07
4.64466e+08 33557.4
4.64466e+08 14.9012
4.64466e+08 7.45058
4.64522e+08 55991.1
4.64578e+08 55961.3
4.64623e+08 44718.4
4.64634e+08 11183.3
4.64645e+08 11198.2
4.64701e+08 56013.5
4.64824e+08 122994
4.64847e+08 22366.6
4.64925e+08 78290.7
4.64925e+08 7.45058
4.64925e+08 7.45058
4.65014e+08 89466.6
4.65037e+08 22389
4.65037e+08 22.3517
4.65048e+08 11183.3
4.65048e+08 7.45058
4.65048e+08 14.9012
4.65048e+08 7.45058
4.65048e+08 7.45058
4.65048e+08 7.45058
4.65048e+08 1
4.65149e+08 100694
4.65149e+08 22.3517
4.66684e+08 1.5351e+06
4.66695e+08 11220.6
4.66695e+08 14.9012
4.66695e+08 7.45058
4.6674e+08 44733.3
4.6674e+08 7.45058
4.66941e+08 201449
4.66964e+08 22381.5
4.67199e+08 234872
4.67199e+08 29.8023
4.67232e+08 33542.5
4.67389e+08 156805
4.8766e+08 2.02708e+07
4.8766e+08 14.9012
4.8766e+08 7.45058
4.8766e+08 7.45058
4.87761e+08 100926
4.87839e+08 78298.2
4.87861e+08 22366.6
4.87861e+08 22.3517
4.87873e+08 11198.2
4.87962e+08 89533.6
4.8813e+08 167705
4.88163e+08 33550
4.88186e+08 22374.1
4.88186e+08 7.45058
4.88197e+08 11198.2
4.88331e+08 134192
4.88376e+08 44740.7
4.88376e+08 7.45058
4.88376e+08 7.45058
4.88376e+08 7.45058
4.88376e+08 7.45058
4.88376e+08 7.45058
4.88376e+08 7.45058
4.88376e+08 7.45058
4.88376e+08 7.45058
4.88454e+08 78320.5
4.88454e+08 1
4.88465e+08 11182.3
4.89956e+08 1.49054e+06
4.89956e+08 14.9012
4.89956e+08 7.45058
4.89956e+08 7.45058
4.89956e+08 7.45058
4.89956e+08 7.45058
4.90225e+08 268564
4.90236e+08 11190.8
4.9046e+08 223733
4.90471e+08 11205.7
4.90471e+08 22.3517
4.90605e+08 134431
5.11413e+08 2.08075e+07
5.11413e+08 7.45058
5.11413e+08 7.45058
5.11413e+08 7.45058
5.11615e+08 201784
5.11693e+08 78260.9
5.11715e+08 22396.4
5.11749e+08 33550
5.1176e+08 11198.2
5.12084e+08 324264
5.12118e+08 33594.7
5.1214e+08 22374.1
5.1214e+08 7.45058
5.1214e+08 7.45058
5.12163e+08 22374.1
5.12163e+08 7.45058
5.12163e+08 7.45058
5.12163e+08 7.45058
5.12163e+08 7.45058
5.12163e+08 7.45058
5.12163e+08 7.45058
5.12196e+08 33564.9
5.12196e+08 7.45058
5.12196e+08 7.45058
5.12196e+08 14.9012
5.12219e+08 22433.7
5.12219e+08 7.45058
5.12219e+08 1
5.12219e+08 66.0552
5.13765e+08 1.54652e+06
5.13765e+08 7.45058
5.13765e+08 22.3517
5.13765e+08 7.45058
5.13765e+08 7.45058
5.13765e+08 7.45058
5.14011e+08 246182
5.14023e+08 11198.2
5.14291e+08 268482
5.14291e+08 7.45058
5.14336e+08 44748.2
5.14426e+08 89749.7
5.35777e+08 2.13512e+07
5.35777e+08 7.45058
5.35777e+08 29.8023
5.35777e+08 7.45058
5.35968e+08 190690
5.35979e+08 11198.2
5.36091e+08 111811
5.36147e+08 55901.7
5.36158e+08 11190.8
5.36482e+08 324279
5.3656e+08 78290.7
5.3656e+08 7.45058
5.3656e+08 7.45058
5.3656e+08 7.45058
5.3656e+08 14.9012
5.3656e+08 7.45058
5.36583e+08 22359.2
5.36594e+08 11198.2
5.36594e+08 7.45058
5.36594e+08 7.45058
5.36594e+08 7.45058
5.36594e+08 7.45058
5.36605e+08 11213.1
5.36605e+08 7.45058
5.36627e+08 22359.2
5.36672e+08 44763.1
5.36672e+08 22.3517
5.36672e+08 7.45058
5.36695e+08 22374.1
5.36695e+08 1
5.38185e+08 1.49076e+06
5.38185e+08 7.45058
5.38185e+08 7.45058
5.38185e+08 7.45058
5.38185e+08 7.45058
5.38185e+08 7.45058
5.38432e+08 246219
5.38454e+08 22396.4
5.38678e+08 223793
5.38678e+08 7.45058
5.38734e+08 55946.4
5.38879e+08 145636
5.60747e+08 2.18674e+07
5.60747e+08 7.45058
5.60747e+08 37.2529
5.60769e+08 22359.2
5.61116e+08 347152
5.61217e+08 100605
5.61273e+08 55924.1
5.61306e+08 33557.4
5.61329e+08 22381.5
5.61586e+08 257231
5.61586e+08 7.45058
5.61586e+08 7.45058
5.61586e+08 7.45058
5.61597e+08 11198.2
5.61597e+08 7.45058
5.61597e+08 7.45058
5.61597e+08 7.45058
5.61597e+08 7.45058
5.61597e+08 7.45058
5.61597e+08 7.45058
5.61597e+08 14.9012
5.61597e+08 7.45058
5.61609e+08 11190.8
5.61609e+08 7.45058
5.6162e+08 11198.2
5.61665e+08 44845
5.61687e+08 22359.2
5.61687e+08 7.45058
5.61687e+08 7.45058
5.61687e+08 7.45058
5.61687e+08 1
5.63211e+08 1.52437e+06
5.63211e+08 7.45058
5.63211e+08 7.45058
5.63211e+08 37.2529
5.63211e+08 7.45058
5.63211e+08 14.9012
5.63502e+08 290908
5.63514e+08 11183.3
5.63726e+08 212684
5.63726e+08 7.45058
5.63771e+08 44778
5.63917e+08 145659
5.86295e+08 2.23787e+07
5.86295e+08 22.3517
5.86318e+08 22374.1
5.86318e+08 7.45058
5.86531e+08 212982
5.86542e+08 11205.7
5.86665e+08 122979
5.86732e+08 67085
5.86833e+08 100635
5.87146e+08 313126
5.87146e+08 7.45058
5.87146e+08 7.45058
5.87146e+08 7.45058
5.87157e+08 11183.3
5.87157e+08 7.45058
5.87157e+08 7.45058
5.87157e+08 7.45058
5.87157e+08 7.45058
5.87157e+08 7.45058
5.87157e+08 7.45058
5.87157e+08 7.45058
5.87157e+08 7.45058
5.87157e+08 7.45058
5.87157e+08 7.45058
5.87157e+08 7.45058
5.87191e+08 33550
5.87191e+08 7.45058
5.87191e+08 7.45058
5.87191e+08 7.45058
5.87191e+08 7.45058
5.87191e+08 7.45058
5.88816e+08 1.6252e+06
5.88816e+08 1
5.88816e+08 13.9012
5.88816e+08 52.1541
5.88816e+08 7.45058
5.88816e+08 7.45058
5.88816e+08 7.45058
5.89073e+08 257410
5.89084e+08 11183.3
5.89353e+08 268519
5.89353e+08 29.8023
5.89398e+08 44785.4
5.89544e+08 145674
6.12553e+08 2.30091e+07
6.12564e+08 11190.8
6.12575e+08 11205.7
