2836 2000
6836 4000
14836 8000
30836 16000
62836 32000
126836 64000
254836 128000
510836 256000
1.02284e+06 512000
2.04684e+06 1.024e+06
4.09484e+06 2.048e+06
5.37465e+06 1.27982e+06
5.37465e+06 1
8.23912e+06 2.86446e+06
8.23912e+06 7.45058
9.48529e+06 1.24617e+06
9.4853e+06 1
9.4853e+06 9
1.12625e+07 1.77719e+06
1.12625e+07 7.45058
1.12625e+07 1
1.12625e+07 6.45058
1.36239e+07 2.36138e+06
1.36239e+07 37.2529
1.36239e+07 7.45058
1.36239e+07 14.9012
1.36239e+07 1
1.65799e+07 2.95594e+06
1.65799e+07 29.8023
1.65799e+07 22.3517
1.65799e+07 7.45058
1.658e+07 7.45058
1.658e+07 1
2.01473e+07 3.56733e+06
2.01473e+07 14.9012
2.01473e+07 7.45058
2.01473e+07 7.45058
2.01473e+07 7.45058
2.01473e+07 7.45058
2.01473e+07 1
2.42736e+07 4.12626e+06
2.42736e+07 14.9012
2.42736e+07 22.3517
2.42736e+07 7.45058
2.42736e+07 7.45058
2.42737e+07 67.0552
2.42737e+07 7.45058
2.84226e+07 4.14891e+06
2.84226e+07 1
2.84227e+07 43.7035
2.84227e+07 14.9012
2.84227e+07 7.45058
2.84227e+07 7.45058
2.84227e+07 29.8023
2.84227e+07 7.45058
3.31528e+07 4.73011e+06
3.31528e+07 7.45058
3.31528e+07 1
3.31529e+07 28.8023
3.31529e+07 7.45058
3.31529e+07 7.45058
3.31529e+07 14.9012
3.31529e+07 14.9012
3.31641e+07 11213.1
3.83752e+07 5.21106e+06
3.83864e+07 11198.2
3.83976e+07 11183.3
3.84088e+07 11205.7
3.84088e+07 1
3.84088e+07 6.45058
3.84088e+07 7.45058
3.84088e+07 7.45058
3.84647e+07 55909.2
3.84871e+07 22374.1
4.43355e+07 5.84846e+06
4.43467e+07 11198.2
4.43468e+07 14.9012
4.43468e+07 52.1541
4.43468e+07 7.45058
4.43468e+07 1
4.43468e+07 6.45058
4.43468e+07 14.9012
4.43468e+07 7.45058
4.43469e+07 7.45058
4.4358e+07 11183.3
5.07321e+07 6.3741e+06
5.07769e+07 44763.1
5.07769e+07 7.45058
5.07769e+07 22.3517
5.07769e+07 7.45058
5.07769e+07 7.45058
5.0777e+07 14.9012
5.0777e+07 1
5.07882e+07 11197.2
5.07994e+07 11213.1
5.08217e+07 22366.6
5.08441e+07 22359.2
5.77662e+07 6.92207e+06
5.77662e+07 59.6046
5.77774e+07 11183.3
5.78221e+07 44718.4
5.78445e+07 22359.2
5.78669e+07 22366.6
5.79116e+07 44718.4
5.79339e+07 22359.2
5.79339e+07 1
5.79563e+07 22373.1
5.79676e+07 11280.2
5.79676e+07 7.45058
5.79676e+07 7.45058
6.54488e+07 7.4812e+06
6.55383e+07 89451.7
6.55383e+07 7.45058
6.55383e+07 14.9012
6.55383e+07 22.3517
6.55495e+07 11190.8
6.55495e+07 29.8023
6.55495e+07 14.9012
6.55607e+07 11183.3
6.55607e+07 1
6.55831e+07 22365.6
6.56726e+07 89488.9
6.56726e+07 7.45058
6.56726e+07 22.3517
7.36795e+07 8.00687e+06
7.37018e+07 22366.6
7.37019e+07 7.45058
7.37019e+07 29.8023
7.37243e+07 22389
7.3769e+07 44718.4
7.38696e+07 100642
7.38696e+07 7.45058
7.38696e+07 7.45058
7.38808e+07 11183.3
7.39032e+07 22411.3
7.39032e+07 1
7.39368e+07 33571.3
7.39368e+07 14.9012
7.3948e+07 11190.8
8.26034e+07 8.6554e+06
8.26146e+07 11183.3
8.26146e+07 7.45058
8.26146e+07 22.3517
8.26258e+07 11213.1
8.26594e+07 33550
8.26818e+07 22433.7
8.26818e+07 7.45058
8.26818e+07 7.45058
8.26819e+07 7.45058
8.27489e+07 67062.7
8.27489e+07 7.45058
8.27489e+07 1
8.27825e+07 33563.9
8.27937e+07 11183.3
8.28384e+07 44733.3
9.19412e+07 9.10281e+06
9.19412e+07 7.45058
9.19412e+07 7.45058
9.19636e+07 22381.5
9.19637e+07 52.1541
9.19749e+07 11250.4
9.21426e+07 167705
9.21426e+07 7.45058
9.21426e+07 7.45058
9.21426e+07 7.45058
9.21426e+07 7.45058
9.21427e+07 37.2529
9.21539e+07 11183.3
9.2165e+07 11183.3
9.2165e+07 1
9.21651e+07 6.45058
9.22657e+07 100605
1.01928e+08 9.66196e+06
1.01939e+08 11190.8
1.01939e+08 7.45058
1.01984e+08 44785.4
1.02084e+08 100605
1.0214e+08 55931.5
1.02218e+08 78313.1
1.02274e+08 55886.8
1.02274e+08 7.45058
1.02308e+08 33535.1
1.02308e+08 14.9012
1.02308e+08 14.9012
1.02308e+08 7.45058
1.02308e+08 14.9012
1.02308e+08 7.45058
1.02308e+08 1
1.02308e+08 6.45058
1.02364e+08 55946.4
1.12563e+08 1.01987e+07
1.12574e+08 11190.8
1.12596e+08 22374.1
1.12663e+08 67085
1.12719e+08 55931.5
1.12775e+08 55916.6
1.12909e+08 134215
1.12909e+08 7.45058
1.12943e+08 33542.5
1.12943e+08 7.45058
1.12943e+08 44.7035
1.12943e+08 7.45058
1.12943e+08 7.45058
1.12943e+08 7.45058
1.12943e+08 7.45058
1.12943e+08 14.9012
1.12943e+08 7.45058
1.12943e+08 1
1.12999e+08 55997.6
1.23779e+08 1.07802e+07
1.23779e+08 44.7035
1.2388e+08 100620
1.2388e+08 22.3517
1.24003e+08 123024
1.24036e+08 33550
1.24159e+08 123061
1.24159e+08 7.45058
1.24171e+08 11183.3
1.24171e+08 7.45058
1.24182e+08 11183.3
1.24182e+08 7.45058
1.24182e+08 7.45058
1.24182e+08 7.45058
1.24182e+08 7.45058
1.24204e+08 22359.2
1.24204e+08 7.45058
1.24204e+08 7.45058
1.24204e+08 1
1.24271e+08 67203.2
1.35566e+08 1.12946e+07
1.35644e+08 78335.4
1.3579e+08 145331
1.3579e+08 7.45058
1.35991e+08 201352
1.36002e+08 11183.3
1.36025e+08 22389
1.36025e+08 7.45058
1.36025e+08 7.45058
1.36025e+08 7.45058
1.36025e+08 7.45058
1.36025e+08 7.45058
1.36025e+08 7.45058
1.36025e+08 7.45058
1.36025e+08 29.8023
1.36036e+08 11190.8
1.36047e+08 11228
1.36058e+08 11183.3
1.36058e+08 7.45058
1.36103e+08 44874.8
1.36103e+08 1
1.48035e+08 1.19319e+07
1.48091e+08 55931.5
1.48125e+08 33587.2
1.48125e+08 22.3517
1.48438e+08 313155
1.48449e+08 11228
1.4846e+08 11190.8
1.4846e+08 7.45058
1.4846e+08 14.9012
1.4846e+08 7.45058
1.4846e+08 7.45058
1.4846e+08 7.45058
1.4846e+08 7.45058
1.4846e+08 29.8023
1.4846e+08 22.3517
1.4846e+08 7.45058
1.4846e+08 7.45058
1.4846e+08 7.45058
1.4846e+08 14.9012
1.48483e+08 22441.1
1.48494e+08 11183.3
1.48494e+08 1
1.61164e+08 1.26699e+07
1.61186e+08 22411.3
1.61298e+08 111848
1.61298e+08 22.3517
1.61455e+08 156678
1.61488e+08 33669.2
1.61488e+08 7.45058
1.61488e+08 7.45058
1.61488e+08 7.45058
1.61489e+08 7.45058
1.61489e+08 7.45058
1.61489e+08 7.45058
1.61489e+08 7.45058
1.61489e+08 7.45058
1.61489e+08 7.45058
1.61489e+08 7.45058
1.61489e+08 7.45058
1.61489e+08 7.45058
1.61489e+08 7.45058
1.61522e+08 33542.5
1.61522e+08 7.45058
1.61533e+08 11198.2
1.74058e+08 1.2525e+07
1.74058e+08 1
1.7417e+08 111817
1.7426e+08 89541.1
1.74282e+08 22359.2
1.74439e+08 156671
1.74495e+08 56020.9
1.74495e+08 7.45058
1.74495e+08 29.8023
1.74495e+08 7.45058
1.74495e+08 7.45058
1.74495e+08 7.45058
1.74495e+08 52.1541
1.74495e+08 7.45058
1.74495e+08 7.45058
1.74495e+08 37.2529
1.74495e+08 7.45058
1.74495e+08 7.45058
1.74495e+08 7.45058
1.74495e+08 7.45058
1.74517e+08 22374.1
1.74551e+08 33542.5
1.74573e+08 22366.6
1.87959e+08 1.33855e+07
1.8797e+08 11190.8
1.8797e+08 1
1.87992e+08 22388
1.88093e+08 100784
1.88104e+08 11205.7
1.88149e+08 44837.6
1.88149e+08 149.012
1.88149e+08 7.45058
1.88149e+08 22.3517
1.88149e+08 7.45058
1.88149e+08 7.45058
1.88149e+08 44.7035
1.88149e+08 44.7035
1.88149e+08 7.45058
1.88149e+08 7.45058
1.88149e+08 22.3517
1.88149e+08 7.45058
1.88149e+08 7.45058
1.88149e+08 29.8023
1.88149e+08 7.45058
1.88161e+08 11220.6
1.88194e+08 33542.5
1.88217e+08 22366.6
2.0234e+08 1.41234e+07
2.02351e+08 11183.3
2.02351e+08 14.9012
2.02362e+08 11198.2
2.02362e+08 1
2.02363e+08 244.869
2.02363e+08 14.9012
2.02363e+08 74.5058
2.02363e+08 171.363
2.02363e+08 22.3517
2.02363e+08 22.3517
2.02363e+08 7.45058
2.02363e+08 7.45058
2.02363e+08 52.1541
2.02374e+08 11257.8
2.02374e+08 7.45058
2.02374e+08 7.45058
2.02374e+08 7.45058
2.02374e+08 7.45058
2.02374e+08 7.45058
2.02386e+08 11190.8
2.02386e+08 7.45058
2.02408e+08 22418.8
2.0243e+08 22366.6
2.02453e+08 22366.6
2.17169e+08 1.47161e+07
2.17169e+08 7.45058
2.17169e+08 29.8023
2.17169e+08 14.9012
2.17169e+08 7.45058
2.17169e+08 1
2.17169e+08 237.419
2.17169e+08 7.45058
2.17169e+08 156.462
2.17169e+08 29.8023
2.17169e+08 29.8023
2.17169e+08 29.8023
2.17169e+08 29.8023
2.17169e+08 29.8023
2.17169e+08 7.45058
2.17169e+08 81.9564
2.17169e+08 29.8023
2.1717e+08 29.8023
2.17181e+08 11213.1
2.17181e+08 14.9012
2.17181e+08 7.45058
2.17181e+08 7.45058
2.17192e+08 11183.3
2.17214e+08 22433.7
2.17259e+08 44748.2
2.17282e+08 22374.1
2.32568e+08 1.52864e+07
2.32568e+08 7.45058
2.32568e+08 37.2529
2.32568e+08 7.45058
2.32568e+08 7.45058
2.32568e+08 7.45058
2.32568e+08 260.77
2.32568e+08 1
2.32568e+08 73.5058
2.32568e+08 111.759
2.32568e+08 29.8023
2.32568e+08 14.9012
2.32568e+08 7.45058
2.32568e+08 7.45058
2.32568e+08 22.3517
2.32568e+08 7.45058
2.32569e+08 81.9564
2.3258e+08 11228
2.3258e+08 29.8023
2.32602e+08 22366.6
2.32602e+08 14.9012
2.32602e+08 7.45058
2.32602e+08 22.3517
2.32602e+08 7.45058
2.32613e+08 11250.4
2.32658e+08 44800.3
2.32703e+08 44733.3
2.4856e+08 1.58567e+07
2.4856e+08 7.45058
2.4856e+08 29.8023
2.4856e+08 7.45058
2.4856e+08 7.45058
2.4856e+08 7.45058
2.4856e+08 298.023
2.4856e+08 44.7035
2.4856e+08 1
2.4856e+08 51.1541
2.4856e+08 134.11
2.4856e+08 7.45058
2.4856e+08 37.2529
2.4856e+08 29.8023
2.4856e+08 22.3517
2.4856e+08 7.45058
2.4856e+08 7.45058
2.4856e+08 52.1541
2.4856e+08 7.45058
2.48572e+08 11183.3
2.48572e+08 14.9012
2.48572e+08 7.45058
2.48572e+08 7.45058
2.48594e+08 22396.4
2.48594e+08 7.45058
2.48594e+08 14.9012
2.48617e+08 22471
2.48695e+08 78313.1
2.65144e+08 1.64494e+07
2.65144e+08 7.45058
2.65144e+08 22.3517
2.65144e+08 7.45058
2.65144e+08 22.3517
2.65144e+08 14.9012
2.65145e+08 357.628
2.65145e+08 14.9012
2.65145e+08 37.2529
2.65145e+08 96.8575
2.65145e+08 1
2.65156e+08 11279.2
2.65156e+08 7.45058
2.65156e+08 29.8023
2.65156e+08 7.45058
2.65167e+08 11183.3
2.65167e+08 7.45058
2.65179e+08 11183.3
2.65179e+08 29.8023
2.65179e+08 7.45058
2.65179e+08 7.45058
2.65179e+08 7.45058
2.65179e+08 7.45058
2.65179e+08 7.45058
2.65179e+08 119.209
2.65179e+08 7.45058
2.65179e+08 22.3517
2.65201e+08 22426.2
2.65279e+08 78328
2.82321e+08 1.7042e+07
2.82321e+08 7.45058
2.82321e+08 14.9012
2.82321e+08 7.45058
2.82322e+08 22.3517
2.82322e+08 7.45058
2.82322e+08 454.485
2.82322e+08 7.45058
2.82322e+08 52.1541
2.82333e+08 11250.4
2.82333e+08 7.45058
2.82333e+08 1
2.82356e+08 22447.6
2.82356e+08 7.45058
2.82356e+08 7.45058
2.82356e+08 7.45058
2.82356e+08 7.45058
2.82356e+08 7.45058
2.82356e+08 7.45058
2.82356e+08 29.8023
2.82356e+08 7.45058
2.82356e+08 7.45058
2.82356e+08 7.45058
2.82356e+08 7.45058
2.82356e+08 7.45058
2.82356e+08 134.11
2.82356e+08 7.45058
2.82356e+08 37.2529
2.82378e+08 22396.4
2.82457e+08 78335.4
3.00058e+08 1.76011e+07
3.00058e+08 7.45058
3.00069e+08 11213.1
3.00069e+08 7.45058
3.00069e+08 37.2529
3.00069e+08 7.45058
3.00103e+08 34079
3.00103e+08 7.45058
3.00103e+08 44.7035
3.00126e+08 22456
3.00126e+08 7.45058
3.00126e+08 7.45058
3.00126e+08 22.3517
3.00126e+08 1
3.00126e+08 6.45058
3.00126e+08 14.9012
3.00126e+08 7.45058
3.00126e+08 7.45058
3.00126e+08 7.45058
3.00126e+08 7.45058
3.00126e+08 29.8023
3.00126e+08 7.45058
3.00126e+08 7.45058
3.00126e+08 7.45058
3.00126e+08 37.2529
3.00126e+08 7.45058
3.00126e+08 89.407
3.00126e+08 7.45058
3.00126e+08 7.45058
3.00148e+08 22426.2
3.00227e+08 78328
3.18398e+08 1.81714e+07
3.18398e+08 14.9012
3.18398e+08 22.3517
3.18398e+08 7.45058
3.18398e+08 7.45058
3.18398e+08 7.45058
3.18488e+08 90032.8
3.18488e+08 37.2529
3.18488e+08 104.308
3.18488e+08 37.2529
3.18488e+08 7.45058
3.18488e+08 7.45058
3.18488e+08 7.45058
3.18488e+08 7.45058
3.18488e+08 1
3.18488e+08 6.45058
3.18488e+08 7.45058
3.18489e+08 14.9012
3.18489e+08 7.45058
3.18489e+08 7.45058
3.18489e+08 14.9012
3.18489e+08 22.3517
3.18489e+08 7.45058
3.18489e+08 7.45058
3.18489e+08 22.3517
3.18489e+08 59.6046
3.18489e+08 7.45058
3.18489e+08 29.8023
3.18489e+08 37.2529
3.18489e+08 7.45058
3.18511e+08 22433.7
3.18567e+08 55946.4
3.37354e+08 1.87865e+07
3.37354e+08 7.45058
3.37354e+08 14.9012
3.37354e+08 7.45058
3.37354e+08 7.45058
3.37354e+08 7.45058
3.37444e+08 90196.7
3.37444e+08 7.45058
3.37444e+08 22.3517
3.37444e+08 14.9012
3.37444e+08 7.45058
3.37444e+08 7.45058
3.37444e+08 14.9012
3.37444e+08 14.9012
3.37444e+08 7.45058
3.37444e+08 7.45058
3.37444e+08 1
3.37444e+08 13.9012
3.37444e+08 7.45058
3.37444e+08 7.45058
3.37444e+08 7.45058
3.37444e+08 14.9012
3.37444e+08 22.3517
3.37444e+08 7.45058
3.37444e+08 22.3517
3.37444e+08 7.45058
3.37444e+08 67.0552
3.37444e+08 37.2529
3.37444e+08 7.45058
3.37444e+08 7.45058
3.37444e+08 37.2529
3.37467e+08 22433.7
3.37534e+08 67152.1
3.56902e+08 1.93679e+07
3.56902e+08 7.45058
3.56902e+08 7.45058
3.56902e+08 7.45058
3.56902e+08 7.45058
3.56902e+08 14.9012
3.56992e+08 90248.9
3.56992e+08 7.45058
3.56992e+08 7.45058
3.56992e+08 22.3517
3.56992e+08 29.8023
3.56992e+08 7.45058
3.56992e+08 7.45058
3.56992e+08 14.9012
3.56992e+08 7.45058
3.56992e+08 22.3517
3.56992e+08 7.45058
3.56992e+08 1
3.56992e+08 6.45058
3.56992e+08 7.45058
3.56992e+08 7.45058
3.56992e+08 14.9012
3.56992e+08 7.45058
3.56992e+08 14.9012
3.56992e+08 29.8023
3.56992e+08 29.8023
3.56992e+08 14.9012
3.56992e+08 37.2529
3.56992e+08 14.9012
3.56992e+08 29.8023
3.56992e+08 29.8023
3.56992e+08 22.3517
3.5706e+08 67248.9
3.57093e+08 33594.7
3.77042e+08 1.99492e+07
3.77042e+08 7.45058
3.77042e+08 7.45058
3.77042e+08 7.45058
3.77042e+08 14.9012
3.77043e+08 22.3517
3.77133e+08 90263.8
3.77133e+08 14.9012
3.77133e+08 7.45058
3.77133e+08 44.7035
3.77133e+08 7.45058
3.77133e+08 7.45058
3.77133e+08 7.45058
3.77133e+08 14.9012
3.77133e+08 37.2529
3.77133e+08 14.9012
3.77133e+08 7.45058
3.77133e+08 14.9012
3.77133e+08 14.9012
3.77133e+08 1
3.77133e+08 6.45058
3.77133e+08 7.45058
3.77133e+08 14.9012
3.77133e+08 7.45058
3.77133e+08 37.2529
3.77133e+08 29.8023
3.77133e+08 14.9012
3.77133e+08 37.2529
3.77133e+08 14.9012
3.77133e+08 52.1541
3.77145e+08 11317.4
3.77156e+08 11220.6
3.77156e+08 22.3517
3.77178e+08 22366.6
3.77234e+08 55939
3.97753e+08 2.05194e+07
3.97765e+08 11198.2
3.97776e+08 11198.2
3.97776e+08 7.45058
3.97776e+08 14.9012
3.97776e+08 7.45058
3.97866e+08 90420.2
3.97866e+08 7.45058
3.97866e+08 7.45058
3.97866e+08 44.7035
3.97866e+08 7.45058
3.97866e+08 22.3517
3.97866e+08 14.9012
3.97866e+08 7.45058
3.97866e+08 7.45058
3.97866e+08 7.45058
3.97866e+08 7.45058
3.97866e+08 7.45058
3.97866e+08 7.45058
3.97866e+08 7.45058
3.97866e+08 1
3.97867e+08 6.45058
3.97867e+08 7.45058
3.97867e+08 29.8023
3.97867e+08 7.45058
3.97867e+08 44.7035
3.97867e+08 59.6046
3.97867e+08 7.45058
3.97867e+08 104.308
3.97867e+08 29.8023
3.97867e+08 96.8575
3.97889e+08 22441.1
3.97889e+08 7.45058
3.97889e+08 7.45058
3.97912e+08 22374.1
3.97968e+08 55931.5
4.19046e+08 2.10785e+07
4.19113e+08 67137.2
4.19113e+08 14.9012
4.19113e+08 22.3517
4.19113e+08 14.9012
4.19113e+08 7.45058
4.19193e+08 79207.1
4.19193e+08 7.45058
4.19193e+08 7.45058
4.19193e+08 111.759
4.19193e+08 7.45058
4.19193e+08 52.1541
4.19193e+08 7.45058
4.19193e+08 7.45058
4.19193e+08 14.9012
4.19193e+08 7.45058
4.19193e+08 7.45058
4.19193e+08 7.45058
4.19193e+08 7.45058
4.19193e+08 7.45058
4.19193e+08 7.45058
4.19193e+08 7.45058
4.19193e+08 1
4.19193e+08 6.45058
4.19193e+08 7.45058
4.19193e+08 14.9012
4.19193e+08 44.7035
4.19193e+08 104.308
4.19193e+08 37.2529
4.19193e+08 156.462
4.19193e+08 7.45058
4.19204e+08 11220.6
4.19216e+08 11198.2
4.19216e+08 7.45058
4.19216e+08 7.45058
4.19227e+08 11228
4.19316e+08 89436.8
4.40954e+08 2.16376e+07
4.40999e+08 44770.5
4.41032e+08 33557.4
4.41043e+08 11235.5
4.41043e+08 14.9012
4.41043e+08 7.45058
4.41111e+08 67986.5
4.41111e+08 7.45058
4.41111e+08 7.45058
4.41111e+08 14.9012
4.41111e+08 7.45058
4.41112e+08 208.616
4.41112e+08 22.3517
4.41112e+08 14.9012
4.41112e+08 14.9012
4.41112e+08 7.45058
4.41112e+08 14.9012
4.41112e+08 22.3517
4.41112e+08 7.45058
4.41112e+08 29.8023
4.41112e+08 59.6046
4.41112e+08 7.45058
4.41112e+08 7.45058
4.41112e+08 1
4.41112e+08 6.45058
4.41112e+08 7.45058
4.41112e+08 7.45058
4.41112e+08 37.2529
4.41112e+08 37.2529
4.41112e+08 22.3517
4.41112e+08 156.462
4.41112e+08 7.45058
4.41112e+08 37.2529
4.41123e+08 11205.7
4.41146e+08 22374.1
4.41146e+08 7.45058
4.41179e+08 33550
4.41246e+08 67092.5
4.63477e+08 2.22302e+07
4.63521e+08 44755.6
4.63533e+08 11183.3
4.63566e+08 33646.8
4.63566e+08 14.9012
4.63566e+08 7.45058
4.63623e+08 56818.1
4.63623e+08 14.9012
4.63623e+08 7.45058
4.63623e+08 7.45058
4.63623e+08 14.9012
4.63623e+08 171.363
4.63623e+08 29.8023
4.63623e+08 7.45058
4.63623e+08 29.8023
4.63623e+08 7.45058
4.63623e+08 22.3517
4.63623e+08 29.8023
4.63623e+08 7.45058
4.63623e+08 22.3517
4.63624e+08 22.3517
4.63624e+08 7.45058
4.63624e+08 7.45058
4.63624e+08 22.3517
4.63624e+08 1
4.63624e+08 6.45058
4.63624e+08 7.45058
4.63624e+08 59.6046
4.63624e+08 59.6046
4.63624e+08 22.3517
4.63624e+08 14.9012
4.63624e+08 156.462
4.63624e+08 14.9012
4.63624e+08 59.6046
4.63669e+08 44740.7
4.63669e+08 7.45058
4.6368e+08 11198.2
4.63691e+08 11183.3
4.63713e+08 22366.6
4.86581e+08 2.28676e+07
4.86581e+08 22.3517
4.86581e+08 7.45058
4.86671e+08 89533.6
4.86671e+08 67.0552
4.86671e+08 7.45058
4.86727e+08 56728.7
4.86728e+08 74.5058
4.86728e+08 22.3517
4.86728e+08 7.45058
4.86728e+08 7.45058
4.86728e+08 163.913
4.86728e+08 52.1541
4.86728e+08 7.45058
4.86728e+08 7.45058
4.86728e+08 7.45058
4.86728e+08 7.45058
4.86728e+08 7.45058
4.86728e+08 7.45058
4.86728e+08 22.3517
4.86728e+08 29.8023
4.86728e+08 7.45058
4.86728e+08 7.45058
4.86728e+08 22.3517
4.86728e+08 7.45058
4.86728e+08 7.45058
4.86728e+08 1
4.86728e+08 36.2529
4.86728e+08 22.3517
4.86728e+08 104.308
4.86728e+08 37.2529
4.86728e+08 37.2529
4.86728e+08 149.012
4.86728e+08 14.9012
4.86728e+08 74.5058
4.8674e+08 11205.7
4.8674e+08 7.45058
4.8674e+08 14.9012
4.86762e+08 22366.6
4.86796e+08 33535.1
5.10278e+08 2.34826e+07
5.10278e+08 7.45058
5.10278e+08 29.8023
5.10368e+08 89421.9
5.10368e+08 96.8575
5.10368e+08 7.45058
5.10425e+08 56862.8
5.10425e+08 67.0552
5.10425e+08 7.45058
5.10425e+08 7.45058
5.10425e+08 37.2529
5.10425e+08 216.067
5.10425e+08 7.45058
5.10425e+08 7.45058
5.10425e+08 7.45058
5.10425e+08 7.45058
5.10425e+08 7.45058
5.10425e+08 7.45058
5.10425e+08 7.45058
5.10425e+08 7.45058
5.10425e+08 7.45058
5.10425e+08 7.45058
5.10425e+08 7.45058
5.10425e+08 22.3517
5.10425e+08 7.45058
5.10425e+08 14.9012
5.10425e+08 7.45058
5.10425e+08 1
5.10425e+08 13.9012
5.10425e+08 37.2529
5.10425e+08 134.11
5.10425e+08 67.0552
5.10425e+08 14.9012
5.10425e+08 81.9564
5.10425e+08 37.2529
5.10426e+08 67.0552
5.10426e+08 44.7035
5.10426e+08 7.45058
5.10437e+08 11213.1
5.10459e+08 22374.1
5.10482e+08 22359.2
5.34568e+08 2.40864e+07
5.34568e+08 7.45058
5.34568e+08 7.45058
5.34568e+08 7.45058
5.34646e+08 78313.1
5.34646e+08 7.45058
5.34714e+08 68128.1
5.34715e+08 111.759
5.34715e+08 14.9012
5.34715e+08 7.45058
5.34715e+08 59.6046
5.34715e+08 89.407
5.34715e+08 14.9012
5.34715e+08 7.45058
5.34715e+08 7.45058
5.34715e+08 7.45058
5.34715e+08 59.6046
5.34715e+08 7.45058
5.34715e+08 14.9012
5.34715e+08 7.45058
5.34715e+08 7.45058
5.34715e+08 14.9012
5.34715e+08 7.45058
5.34715e+08 7.45058
5.34715e+08 7.45058
5.34715e+08 7.45058
5.34715e+08 7.45058
5.34715e+08 7.45058
5.34715e+08 7.45058
5.34715e+08 1
5.34715e+08 21.3517
5.34715e+08 201.166
5.34715e+08 67.0552
5.34715e+08 7.45058
5.34715e+08 22.3517
5.34715e+08 52.1541
5.34715e+08 7.45058
5.34715e+08 7.45058
5.34715e+08 7.45058
5.34715e+08 141.561
5.34738e+08 22381.5
5.3476e+08 22381.5
5.5945e+08 2.46903e+07
5.5945e+08 7.45058
5.5945e+08 7.45058
5.59451e+08 14.9012
5.59473e+08 22433.7
5.59473e+08 7.45058
5.59597e+08 123970
5.59597e+08 149.012
5.59597e+08 7.45058
5.59597e+08 7.45058
5.59597e+08 178.814
5.59597e+08 14.9012
5.59597e+08 7.45058
5.59597e+08 7.45058
5.59597e+08 7.45058
5.59597e+08 7.45058
5.59597e+08 67.0552
5.59597e+08 7.45058
5.59597e+08 7.45058
5.59597e+08 7.45058
5.59597e+08 7.45058
5.59597e+08 14.9012
5.59597e+08 14.9012
5.59597e+08 7.45058
5.59597e+08 7.45058
5.59597e+08 7.45058
5.59597e+08 14.9012
5.59597e+08 7.45058
5.59597e+08 7.45058
5.59597e+08 7.45058
5.59597e+08 1
5.59598e+08 6.45058
5.59598e+08 96.8575
5.59598e+08 141.561
5.59598e+08 7.45058
5.59598e+08 22.3517
5.59598e+08 81.9564
5.59598e+08 7.45058
5.59598e+08 22.3517
5.59598e+08 7.45058
5.59609e+08 11295.1
5.5962e+08 11183.3
5.59632e+08 11205.7
5.84915e+08 2.5283e+07
5.84915e+08 7.45058
5.84915e+08 7.45058
5.84926e+08 11198.2
5.84948e+08 22374.1
5.84948e+08 22.3517
5.85072e+08 124045
5.85072e+08 126.66
5.85072e+08 52.1541
5.85072e+08 29.8023
5.85072e+08 74.5058
5.85072e+08 14.9012
5.85072e+08 7.45058
5.85072e+08 7.45058
5.85073e+08 7.45058
5.85073e+08 7.45058
5.85073e+08 52.1541
5.85073e+08 7.45058
5.85073e+08 14.9012
5.85073e+08 7.45058
5.85073e+08 7.45058
5.85073e+08 22.3517
5.85073e+08 7.45058
5.85073e+08 7.45058
5.85073e+08 37.2529
5.85073e+08 7.45058
5.85073e+08 7.45058
5.85073e+08 7.45058
5.85073e+08 7.45058
5.85073e+08 22.3517
5.85073e+08 7.45058
5.85073e+08 7.45058
5.85073e+08 1
5.85073e+08 155.462
5.85073e+08 81.9564
5.85073e+08 7.45058
5.85073e+08 7.45058
5.85073e+08 7.45058
5.85073e+08 7.45058
5.85073e+08 29.8023
5.85073e+08 22.3517
5.85084e+08 11310
5.85096e+08 11190.8
5.85118e+08 22374.1
6.10904e+08 2.57863e+07
6.10927e+08 22366.6
6.10949e+08 22403.9
