2185 2000
6185 4000
14185 8000
30185 16000
62185 32000
126185 64000
254185 128000
510185 256000
1.02218e+06 512000
2.04618e+06 1.024e+06
4.09418e+06 2.048e+06
4.166e+06 71810.5
4.166e+06 1
8.23786e+06 4.07186e+06
8.23786e+06 7.45058
9.94599e+06 1.70813e+06
9.94599e+06 1
9.946e+06 6.45058
1.18135e+07 1.86747e+06
1.18135e+07 7.45058
1.18135e+07 1
1.18135e+07 6.45058
1.48613e+07 3.04783e+06
1.48613e+07 7.45058
1.48613e+07 7.45058
1.48613e+07 7.45058
1.48613e+07 1
1.78682e+07 3.00688e+06
1.78682e+07 7.45058
1.78682e+07 7.45058
1.78683e+07 7.45058
1.78683e+07 7.45058
1.78683e+07 1
2.17928e+07 3.92454e+06
2.17928e+07 7.45058
2.17928e+07 14.9012
2.17928e+07 14.9012
2.17929e+07 14.9012
2.18152e+07 22381.5
2.18152e+07 1
2.58785e+07 4.06324e+06
2.59008e+07 22359.2
2.59008e+07 7.45058
2.59009e+07 7.45058
2.59009e+07 7.45058
2.59121e+07 11190.8
2.59121e+07 7.45058
3.01394e+07 4.22735e+06
3.01394e+07 1
3.01394e+07 6.45058
3.01394e+07 7.45058
3.01394e+07 7.45058
3.01394e+07 7.45058
3.01394e+07 7.45058
3.01506e+07 11190.8
3.50559e+07 4.90527e+06
3.50559e+07 7.45058
3.50559e+07 1
3.50671e+07 11189.8
3.50671e+07 7.45058
3.50671e+07 7.45058
3.50671e+07 7.45058
3.50783e+07 11198.2
3.50895e+07 11183.3
4.05016e+07 5.4121e+06
4.05016e+07 7.45058
4.0524e+07 22381.5
4.0524e+07 22.3517
4.0524e+07 1
4.05241e+07 66.0552
4.05241e+07 7.45058
4.05241e+07 44.7035
4.05354e+07 11242.9
4.05354e+07 7.45058
4.66188e+07 6.08342e+06
4.66188e+07 14.9012
4.66301e+07 11265.3
4.66301e+07 7.45058
4.66301e+07 7.45058
4.66301e+07 1
4.66301e+07 36.2529
4.66302e+07 7.45058
4.66302e+07 22.3517
4.66862e+07 55991.1
4.66974e+07 11190.8
5.33174e+07 6.61999e+06
5.33174e+07 22.3517
5.33174e+07 74.5058
5.33175e+07 7.45058
5.33175e+07 22.3517
5.33175e+07 7.45058
5.33175e+07 22.3517
5.33175e+07 1
5.33176e+07 80.9564
5.33176e+07 7.45058
5.33289e+07 11287.6
5.33289e+07 7.45058
6.04102e+07 7.0813e+06
6.04326e+07 22381.5
6.04773e+07 44725.8
6.04773e+07 7.45058
6.0522e+07 44733.3
6.05221e+07 7.45058
6.05221e+07 14.9012
6.05221e+07 22.3517
6.05221e+07 1
6.05334e+07 11309
6.05446e+07 11198.2
6.05559e+07 11280.2
6.05559e+07 7.45058
6.82578e+07 7.70196e+06
6.82579e+07 37.2529
6.82579e+07 37.2529
6.82579e+07 7.45058
6.82915e+07 33564.9
6.83027e+07 11198.2
6.83139e+07 11183.3
6.83363e+07 22396.4
6.83363e+07 7.45058
6.83363e+07 1
6.84036e+07 67300.1
6.84036e+07 22.3517
6.84037e+07 59.6046
6.84037e+07 7.45058
7.67148e+07 8.31114e+06
7.67261e+07 11280.2
7.67261e+07 7.45058
7.67261e+07 7.45058
7.67932e+07 67085
7.67932e+07 29.8023
7.67932e+07 7.45058
7.68045e+07 11250.4
7.68269e+07 22374.1
7.68269e+07 7.45058
7.68719e+07 45046.2
7.68719e+07 1
7.68719e+07 6.45058
7.68719e+07 37.2529
7.6872e+07 7.45058
8.58602e+07 8.98821e+06
8.58602e+07 37.2529
8.58602e+07 7.45058
8.58602e+07 7.45058
8.58602e+07 7.45058
8.58603e+07 29.8023
8.58603e+07 7.45058
8.58715e+07 11213.1
8.58827e+07 11198.2
8.58827e+07 7.45058
8.59166e+07 33959.7
8.59278e+07 11190.8
8.59278e+07 1
8.59278e+07 6.45058
8.59391e+07 11213.1
8.59391e+07 7.45058
9.52912e+07 9.35218e+06
9.52913e+07 14.9012
9.52913e+07 7.45058
9.52913e+07 7.45058
9.52913e+07 7.45058
9.52913e+07 7.45058
9.52913e+07 22.3517
9.52914e+07 44.7035
9.52914e+07 7.45058
9.52914e+07 7.45058
9.53254e+07 33989.5
9.53254e+07 7.45058
9.53254e+07 7.45058
9.53254e+07 7.45058
9.53254e+07 1
9.53367e+07 11279.2
9.53367e+07 7.45058
1.05312e+08 9.97494e+06
1.05312e+08 22.3517
1.05312e+08 7.45058
1.05312e+08 29.8023
1.05312e+08 7.45058
1.05312e+08 14.9012
1.05312e+08 7.45058
1.05312e+08 74.5058
1.05312e+08 7.45058
1.05312e+08 7.45058
1.05424e+08 112332
1.05424e+08 7.45058
1.05424e+08 7.45058
1.05424e+08 7.45058
1.05424e+08 7.45058
1.05424e+08 1
1.05424e+08 43.7035
1.05424e+08 74.5058
1.16102e+08 1.06781e+07
1.16102e+08 7.45058
1.16102e+08 7.45058
1.16102e+08 29.8023
1.16102e+08 7.45058
1.16102e+08 7.45058
1.16102e+08 7.45058
1.16102e+08 22.3517
1.16102e+08 7.45058
1.16102e+08 14.9012
1.16204e+08 101142
1.16204e+08 14.9012
1.16204e+08 7.45058
1.16204e+08 7.45058
1.16204e+08 7.45058
1.16204e+08 7.45058
1.16215e+08 11205.7
1.16215e+08 1
1.16215e+08 43.7035
1.27403e+08 1.11876e+07
1.27403e+08 29.8023
1.27403e+08 7.45058
1.27403e+08 81.9564
1.27403e+08 14.9012
1.27403e+08 59.6046
1.27414e+08 11228
1.27436e+08 22389
1.27436e+08 22.3517
1.27436e+08 7.45058
1.27515e+08 78707.9
1.27515e+08 14.9012
1.27515e+08 7.45058
1.27515e+08 7.45058
1.27515e+08 7.45058
1.27515e+08 7.45058
1.27549e+08 33535.1
1.27549e+08 7.45058
1.27549e+08 1
1.2756e+08 11197.2
1.39324e+08 1.17639e+07
1.39324e+08 7.45058
1.39324e+08 14.9012
1.39357e+08 33579.8
1.39369e+08 11220.6
1.39369e+08 52.1541
1.39369e+08 7.45058
1.39369e+08 7.45058
1.39369e+08 44.7035
1.3938e+08 11205.7
1.3947e+08 89921.1
1.3947e+08 7.45058
1.3947e+08 37.2529
1.3947e+08 7.45058
1.3947e+08 7.45058
1.3947e+08 7.45058
1.3947e+08 14.9012
1.3947e+08 7.45058
1.3947e+08 7.45058
1.39492e+08 22389
1.39492e+08 1
1.51887e+08 1.23951e+07
1.51887e+08 7.45058
1.51887e+08 14.9012
1.51921e+08 33587.2
1.51921e+08 44.7035
1.51921e+08 67.0552
1.51921e+08 96.8575
1.51921e+08 7.45058
1.51933e+08 11228
1.51933e+08 14.9012
1.52022e+08 89645.4
1.52033e+08 11228
1.52168e+08 134170
1.52179e+08 11183.3
1.5219e+08 11183.3
1.5219e+08 7.45058
1.52212e+08 22359.2
1.52212e+08 22.3517
1.52224e+08 11183.3
1.52268e+08 44710.9
1.52268e+08 7.45058
1.52268e+08 1
1.64911e+08 1.26428e+07
1.64911e+08 7.45058
1.64911e+08 14.9012
1.64933e+08 22433.7
1.64945e+08 11198.2
1.64956e+08 11250.4
1.64956e+08 119.209
1.64956e+08 7.45058
1.64967e+08 11205.7
1.64967e+08 7.45058
1.65091e+08 123315
1.65102e+08 11183.3
1.65258e+08 156522
1.65258e+08 7.45058
1.65258e+08 7.45058
1.65258e+08 7.45058
1.65281e+08 22359.2
1.65281e+08 7.45058
1.65281e+08 7.45058
1.65281e+08 7.45058
1.65292e+08 11183.3
1.65292e+08 7.45058
1.78007e+08 1.27151e+07
1.78007e+08 1
1.78007e+08 6.45058
1.78007e+08 7.45058
1.78018e+08 11235.5
1.78018e+08 74.5058
1.78041e+08 22396.4
1.78074e+08 33624.5
1.78086e+08 11213.1
1.78119e+08 33557.4
1.78119e+08 7.45058
1.78678e+08 558980
1.78712e+08 33550
1.78991e+08 279635
1.78991e+08 7.45058
1.78991e+08 7.45058
1.78991e+08 59.6046
1.79014e+08 22381.5
1.79036e+08 22359.2
1.79036e+08 7.45058
1.79036e+08 7.45058
1.79036e+08 29.8023
1.79036e+08 22.3517
1.91788e+08 1.27515e+07
1.91788e+08 14.9012
1.91788e+08 1
1.91788e+08 6.45058
1.91788e+08 7.45058
1.91788e+08 81.9564
1.9181e+08 22441.1
1.91855e+08 44718.4
1.91956e+08 100709
1.91978e+08 22374.1
1.92067e+08 89451.7
1.92112e+08 44718.4
1.92582e+08 469558
1.92604e+08 22359.2
1.92772e+08 167824
1.92772e+08 7.45058
1.92806e+08 33572.3
1.92828e+08 22463.5
1.92839e+08 11205.7
1.9285e+08 11190.8
1.9285e+08 7.45058
1.9285e+08 7.45058
1.9285e+08 14.9012
1.92884e+08 33572.3
2.06361e+08 1.34769e+07
2.06361e+08 14.9012
2.06383e+08 22374.1
2.06406e+08 22359.2
2.06406e+08 1
2.06428e+08 22395.4
2.06529e+08 100635
2.06573e+08 44785.4
2.06607e+08 33535.1
2.06887e+08 279531
2.06898e+08 11183.3
2.06954e+08 55894.3
2.06998e+08 44710.9
2.07155e+08 156648
2.07155e+08 7.45058
2.07312e+08 156768
2.07312e+08 7.45058
2.07345e+08 33542.5
2.0739e+08 44740.7
2.0748e+08 89474
2.07502e+08 22411.3
2.07513e+08 11183.3
2.07513e+08 7.45058
2.07524e+08 11198.2
2.07614e+08 89488.9
2.21499e+08 1.38853e+07
2.21499e+08 7.45058
2.2151e+08 11220.6
2.2151e+08 22.3517
2.21544e+08 33535.1
2.21544e+08 1
2.21611e+08 67084
2.21689e+08 78290.7
2.21812e+08 123009
2.21823e+08 11198.2
2.22081e+08 257224
2.22092e+08 11198.2
2.22092e+08 37.2529
2.22092e+08 7.45058
2.22181e+08 89556
2.22181e+08 7.45058
2.22439e+08 257358
2.22439e+08 7.45058
2.2245e+08 11198.2
2.22506e+08 55924.1
2.2254e+08 33587.2
2.2264e+08 100650
2.22663e+08 22374.1
2.22663e+08 7.45058
2.22674e+08 11190.8
2.22774e+08 100628
2.37401e+08 1.46262e+07
2.37401e+08 7.45058
2.3749e+08 89496.4
2.37524e+08 33535.1
2.37546e+08 22374.1
2.37546e+08 7.45058
2.37591e+08 44740.7
2.37591e+08 1
2.37635e+08 44709.9
2.37714e+08 78439.7
2.37736e+08 22403.9
2.37803e+08 67167
2.37803e+08 7.45058
2.37815e+08 11205.7
2.37815e+08 7.45058
2.37848e+08 33646.8
2.37848e+08 14.9012
2.38464e+08 615142
2.38486e+08 22389
2.38486e+08 44.7035
2.38508e+08 22441.1
2.38531e+08 22381.5
2.38531e+08 7.45058
2.38553e+08 22366.6
2.38553e+08 14.9012
2.38576e+08 22411.3
2.38631e+08 55916.6
2.53679e+08 1.50476e+07
2.53679e+08 7.45058
2.53836e+08 156544
2.53836e+08 7.45058
2.53836e+08 22.3517
2.53836e+08 7.45058
2.53858e+08 22389
2.53858e+08 7.45058
2.53858e+08 1
2.53869e+08 11189.8
2.54015e+08 145666
2.54037e+08 22359.2
2.54049e+08 11265.3
2.54049e+08 22.3517
2.54049e+08 29.8023
2.54049e+08 22.3517
2.54138e+08 89511.3
2.54138e+08 14.9012
2.5472e+08 581600
2.54731e+08 11257.8
2.54742e+08 11220.6
2.54832e+08 89556
2.54888e+08 55946.4
2.54888e+08 7.45058
2.54888e+08 7.45058
2.54899e+08 11183.3
2.54977e+08 78275.8
2.55e+08 22381.5
2.70551e+08 1.55516e+07
2.70562e+08 11183.3
2.70585e+08 22374.1
2.70596e+08 11198.2
2.70596e+08 29.8023
2.70596e+08 7.45058
2.70607e+08 11257.8
2.70618e+08 11183.3
2.70618e+08 7.45058
2.70663e+08 44733.3
2.70663e+08 1
2.70921e+08 257521
2.70921e+08 7.45058
2.70943e+08 22403.9
2.70943e+08 7.45058
2.70943e+08 22.3517
2.70966e+08 22381.5
2.71044e+08 78305.6
2.71089e+08 44748.2
2.71603e+08 514708
2.71715e+08 111518
2.71913e+08 198091
2.71962e+08 49290.9
2.72029e+08 66650.4
2.72057e+08 28322.7
2.72068e+08 11183.3
2.7208e+08 11190.8
2.7208e+08 7.45058
2.7208e+08 7.45058
2.87948e+08 1.5868e+07
2.87948e+08 7.45058
2.87948e+08 14.9012
2.87959e+08 11183.3
2.87959e+08 7.45058
2.87959e+08 14.9012
2.8797e+08 11235.5
2.8797e+08 7.45058
2.8797e+08 7.45058
2.87992e+08 22381.5
2.87992e+08 14.9012
2.87992e+08 1
2.88351e+08 358156
2.88351e+08 7.45058
2.88395e+08 44725.8
2.88395e+08 7.45058
2.88395e+08 14.9012
2.88451e+08 55931.5
2.88474e+08 22485.9
2.88541e+08 67085
2.89426e+08 885016
2.89507e+08 80795.1
2.89686e+08 179071
2.89798e+08 111818
2.89898e+08 100613
2.89943e+08 44718.4
2.89943e+08 7.45058
2.90021e+08 78275.8
2.90021e+08 7.45058
2.90021e+08 7.45058
3.06001e+08 1.59799e+07
3.06001e+08 29.8023
3.06001e+08 37.2529
3.06001e+08 7.45058
3.06012e+08 11190.8
3.06012e+08 7.45058
3.06024e+08 11228
3.06024e+08 7.45058
3.06046e+08 22389
3.06079e+08 33535.1
3.06079e+08 37.2529
3.06079e+08 7.45058
3.06382e+08 302218
3.06382e+08 1
3.06382e+08 6.45058
3.06393e+08 11198.2
3.06404e+08 11190.8
3.06404e+08 7.45058
3.06426e+08 22366.6
3.06684e+08 257224
3.0674e+08 55924.1
3.07614e+08 874056
3.07781e+08 167727
3.07871e+08 89414.4
3.08016e+08 145294
3.08217e+08 201248
3.08217e+08 7.45058
3.08217e+08 7.45058
3.08463e+08 245921
3.08463e+08 7.45058
3.08508e+08 44725.8
3.24566e+08 1.60584e+07
3.24566e+08 7.45058
3.24566e+08 37.2529
3.24578e+08 11190.8
3.24578e+08 22.3517
3.24578e+08 7.45058
3.24589e+08 11265.3
3.24589e+08 22.3517
3.24634e+08 44755.6
3.24634e+08 7.45058
3.24634e+08 37.2529
3.24645e+08 11190.8
3.2488e+08 235111
3.2488e+08 7.45058
3.2488e+08 1
3.2488e+08 6.45058
3.24891e+08 11198.2
3.24902e+08 11183.3
3.24914e+08 11183.3
3.24947e+08 33557.4
3.2516e+08 212438
3.25249e+08 89503.8
3.26796e+08 1.54682e+06
3.27031e+08 234790
3.27064e+08 33535.1
3.27064e+08 7.45058
3.27198e+08 134125
3.27198e+08 7.45058
3.27232e+08 33550
3.27411e+08 178874
3.27411e+08 7.45058
3.27456e+08 44733.3
3.43615e+08 1.61592e+07
3.43615e+08 7.45058
3.43637e+08 22381.5
3.43648e+08 11205.7
3.4366e+08 11205.7
3.4366e+08 7.45058
3.43827e+08 167727
3.43827e+08 7.45058
3.43872e+08 44740.7
3.43872e+08 7.45058
3.43872e+08 29.8023
3.43872e+08 14.9012
3.4404e+08 168063
3.44063e+08 22389
3.44063e+08 7.45058
3.44063e+08 7.45058
3.44063e+08 1
3.44063e+08 6.45058
3.44063e+08 7.45058
3.44074e+08 11190.8
3.44085e+08 11235.5
3.4423e+08 145353
3.44309e+08 78283.3
3.46132e+08 1.82346e+06
3.46199e+08 67085
3.46233e+08 33542.5
3.46233e+08 7.45058
3.46233e+08 7.45058
3.46233e+08 7.45058
3.46278e+08 44770.5
3.46445e+08 167698
3.46445e+08 7.45058
3.4649e+08 44718.4
3.63253e+08 1.67631e+07
3.63253e+08 7.45058
3.63275e+08 22374.1
3.63287e+08 11190.8
3.63298e+08 11235.5
3.6332e+08 22389
3.6341e+08 89451.7
3.63443e+08 33564.9
3.63488e+08 44725.8
3.63522e+08 33557.4
3.63533e+08 11220.6
3.63533e+08 14.9012
3.63757e+08 223838
3.63757e+08 37.2529
3.63757e+08 7.45058
3.63757e+08 7.45058
3.63757e+08 14.9012
3.63757e+08 1
3.63768e+08 11212.1
3.63768e+08 7.45058
3.63768e+08 37.2529
3.63802e+08 33594.7
3.63992e+08 190064
3.63992e+08 29.8023
3.66105e+08 2.11371e+06
3.66161e+08 55886.8
3.66172e+08 11183.3
3.66172e+08 7.45058
3.66172e+08 7.45058
3.66172e+08 7.45058
3.66206e+08 33557.4
3.66329e+08 123009
3.66351e+08 22366.6
3.66519e+08 167653
3.83394e+08 1.68751e+07
3.83394e+08 7.45058
3.83394e+08 7.45058
3.83394e+08 14.9012
3.8345e+08 55953.9
3.83461e+08 11198.2
3.83473e+08 11220.6
3.83495e+08 22403.9
3.83495e+08 29.8023
3.83495e+08 59.6046
3.83529e+08 33542.5
3.83529e+08 7.45058
3.83741e+08 212632
3.83808e+08 67122.3
3.8382e+08 11190.8
3.83898e+08 78246
3.83909e+08 11190.8
3.83909e+08 7.45058
3.83909e+08 22.3517
3.83909e+08 1
3.83909e+08 6.45058
3.8392e+08 11220.6
3.83943e+08 22403.9
3.84166e+08 223562
3.84166e+08 14.9012
3.86381e+08 2.21439e+06
3.86381e+08 7.45058
3.86403e+08 22359.2
3.86403e+08 7.45058
3.86414e+08 11190.8
3.86414e+08 14.9012
3.8647e+08 55991.1
3.86638e+08 167698
3.86638e+08 7.45058
3.86649e+08 11183.3
4.04173e+08 1.75236e+07
4.04173e+08 7.45058
4.04173e+08 7.45058
4.04184e+08 11190.8
4.04184e+08 81.9564
4.04184e+08 7.45058
4.04184e+08 14.9012
4.04184e+08 74.5058
4.04207e+08 22426.2
4.04251e+08 44785.4
4.04251e+08 22.3517
4.04263e+08 11190.8
4.04386e+08 123166
4.0443e+08 44718.4
4.0443e+08 7.45058
4.04442e+08 11190.8
4.04442e+08 22.3517
4.04442e+08 7.45058
4.04464e+08 22381.5
4.04486e+08 22366.6
4.04486e+08 1
4.04498e+08 11182.3
4.0452e+08 22366.6
4.04732e+08 212416
4.04878e+08 145331
4.04878e+08 7.45058
4.07307e+08 2.42944e+06
4.07307e+08 7.45058
4.07307e+08 7.45058
4.07318e+08 11190.8
4.07318e+08 7.45058
4.07365e+08 46401.8
4.07757e+08 392628
4.07981e+08 223540
4.08037e+08 55886.8
4.08126e+08 89414.4
4.25751e+08 1.76245e+07
4.25751e+08 7.45058
4.25751e+08 14.9012
4.25751e+08 7.45058
4.25762e+08 11280.2
4.25762e+08 7.45058
4.25762e+08 22.3517
4.25785e+08 22523.1
4.25807e+08 22374.1
4.25807e+08 126.66
4.25807e+08 59.6046
4.25807e+08 7.45058
4.25964e+08 156589
4.25964e+08 7.45058
4.25964e+08 7.45058
4.25964e+08 7.45058
4.25964e+08 22.3517
4.25964e+08 14.9012
4.25975e+08 11183.3
4.25975e+08 7.45058
4.25975e+08 14.9012
4.25975e+08 7.45058
4.25975e+08 1
4.25975e+08 6.45058
4.26009e+08 33557.4
4.2612e+08 111826
4.26154e+08 33535.1
4.28926e+08 2.77204e+06
4.28961e+08 34705.6
4.28993e+08 32571.1
4.29172e+08 178304
4.29173e+08 1815.74
4.29194e+08 20556.4
4.29529e+08 335328
4.29652e+08 122942
4.30077e+08 424743
4.30379e+08 301808
4.47869e+08 1.74906e+07
4.47869e+08 7.45058
4.47881e+08 11183.3
4.47881e+08 37.2529
4.47925e+08 44837.6
4.47925e+08 7.45058
4.47925e+08 7.45058
4.47937e+08 11429.2
4.47937e+08 7.45058
4.47937e+08 22.3517
4.47937e+08 59.6046
4.47937e+08 7.45058
4.48071e+08 134282
4.48071e+08 7.45058
4.48071e+08 7.45058
4.48071e+08 14.9012
4.48071e+08 7.45058
4.48071e+08 7.45058
4.48071e+08 7.45058
4.48071e+08 7.45058
4.48071e+08 7.45058
4.48071e+08 7.45058
4.48071e+08 7.45058
4.48071e+08 1
4.48094e+08 22373.1
4.48094e+08 14.9012
4.48127e+08 33550
4.48127e+08 7.45058
4.51516e+08 3.38823e+06
4.51638e+08 122957
4.51694e+08 55894.3
4.51717e+08 22359.2
4.51761e+08 44718.4
4.51761e+08 7.45058
4.51884e+08 122942
4.51884e+08 7.45058
4.52097e+08 212349
4.52577e+08 480615
4.70594e+08 1.80164e+07
4.70594e+08 7.45058
4.70594e+08 7.45058
4.70616e+08 22418.8
4.70616e+08 134.11
4.70616e+08 14.9012
4.70616e+08 7.45058
4.7065e+08 33780.9
4.7065e+08 7.45058
4.7065e+08 7.45058
4.70684e+08 33550
4.7074e+08 55909.2
4.70807e+08 67152.1
4.70807e+08 7.45058
4.70807e+08 7.45058
4.70818e+08 11183.3
4.70818e+08 7.45058
4.70818e+08 7.45058
4.70818e+08 7.45058
4.70818e+08 7.45058
4.70818e+08 14.9012
4.7084e+08 22418.8
4.70907e+08 67092.5
4.70919e+08 11183.3
4.70919e+08 1
4.70963e+08 44709.9
4.70986e+08 22359.2
4.71042e+08 55886.8
4.71109e+08 67062.7
4.74665e+08 3.55588e+06
4.74832e+08 167646
4.7491e+08 78238.5
4.74966e+08 55901.7
4.75022e+08 55901.7
4.75022e+08 7.45058
4.75022e+08 7.45058
4.75067e+08 44718.4
4.75101e+08 33535.1
4.75369e+08 268318
4.93877e+08 1.85084e+07
4.93877e+08 7.45058
4.93877e+08 7.45058
4.93877e+08 22.3517
4.93889e+08 11310
4.93889e+08 22.3517
4.93889e+08 14.9012
4.94079e+08 190273
4.94079e+08 14.9012
4.94079e+08 7.45058
4.94079e+08 7.45058
4.94079e+08 7.45058
4.9418e+08 100605
4.9418e+08 7.45058
4.9418e+08 7.45058
4.9418e+08 7.45058
4.9418e+08 7.45058
4.94202e+08 22366.6
4.94202e+08 7.45058
4.94202e+08 7.45058
4.94202e+08 7.45058
4.94403e+08 201173
4.94493e+08 89444.2
4.94493e+08 7.45058
4.94515e+08 22359.2
4.94515e+08 7.45058
4.94515e+08 1
4.94515e+08 6.45058
4.94515e+08 29.8023
4.94515e+08 14.9012
4.98496e+08 3.9808e+06
4.98496e+08 7.45058
4.98529e+08 33557.4
4.98529e+08 7.45058
4.98641e+08 111803
4.98675e+08 33542.5
4.98697e+08 22359.2
4.98831e+08 134118
4.98831e+08 7.45058
4.99144e+08 312954
5.17888e+08 1.87435e+07
5.17888e+08 14.9012
5.17888e+08 7.45058
5.17899e+08 11213.1
5.17933e+08 33617
5.17955e+08 22389
5.17989e+08 33564.9
5.18402e+08 413664
5.18447e+08 44710.9
5.18503e+08 55894.3
5.18559e+08 55894.3
5.18559e+08 7.45058
5.18592e+08 33550
5.18603e+08 11190.8
5.18603e+08 7.45058
5.18603e+08 7.45058
5.18603e+08 7.45058
5.18604e+08 7.45058
5.18604e+08 7.45058
5.18604e+08 14.9012
5.18604e+08 7.45058
5.18604e+08 7.45058
5.18604e+08 7.45058
5.18604e+08 7.45058
5.18604e+08 7.45058
5.18615e+08 11190.8
5.18615e+08 7.45058
5.18615e+08 1
5.18615e+08 6.45058
5.18626e+08 11213.1
5.18626e+08 14.9012
5.22867e+08 4.24127e+06
5.22867e+08 7.45058
5.23035e+08 167660
5.23035e+08 7.45058
5.23359e+08 324145
5.23359e+08 7.45058
5.23393e+08 33542.5
5.23393e+08 7.45058
5.23426e+08 33542.5
5.23449e+08 22374.1
5.4264e+08 1.91911e+07
5.4264e+08 37.2529
5.4264e+08 7.45058
5.42662e+08 22366.6
5.42774e+08 111803
5.4283e+08 55901.7
5.42942e+08 111766
5.43154e+08 212438
5.43154e+08 7.45058
5.43154e+08 7.45058
5.43199e+08 44718.4
5.4321e+08 11183.3
5.43221e+08 11190.8
5.43221e+08 7.45058
5.43221e+08 7.45058
5.43221e+08 7.45058
5.43221e+08 29.8023
5.43221e+08 7.45058
5.43221e+08 7.45058
5.43221e+08 7.45058
5.43221e+08 7.45058
5.43221e+08 22.3517
5.43221e+08 7.45058
5.43221e+08 7.45058
5.43221e+08 22.3517
5.43232e+08 11198.2
5.43232e+08 14.9012
5.43232e+08 7.45058
5.43232e+08 7.45058
5.43232e+08 1
5.43232e+08 13.9012
5.43244e+08 11190.8
5.47782e+08 4.53805e+06
5.47782e+08 7.45058
5.48016e+08 234708
5.48039e+08 22359.2
5.48151e+08 111811
5.48173e+08 22359.2
5.48218e+08 44733.3
5.48218e+08 22.3517
5.48229e+08 11183.3
5.48251e+08 22381.5
5.68314e+08 2.00632e+07
5.68314e+08 7.45058
5.68314e+08 14.9012
5.68314e+08 14.9012
5.68348e+08 33572.3
5.68359e+08 11190.8
5.6837e+08 11205.7
5.68494e+08 123106
5.68494e+08 7.45058
5.68505e+08 11183.3
5.68505e+08 7.45058
5.68505e+08 7.45058
5.68505e+08 7.45058
5.68505e+08 7.45058
5.68505e+08 7.45058
5.68505e+08 7.45058
5.68527e+08 22359.2
5.68538e+08 11183.3
5.68549e+08 11183.3
5.6855e+08 7.45058
5.6855e+08 7.45058
5.6855e+08 7.45058
5.68572e+08 22366.6
5.68572e+08 7.45058
5.68583e+08 11183.3
5.68583e+08 7.45058
5.68583e+08 14.9012
5.68583e+08 7.45058
5.68583e+08 7.45058
5.68583e+08 7.45058
5.68583e+08 1
5.68583e+08 6.45058
5.68583e+08 14.9012
5.7338e+08 4.79694e+06
5.7338e+08 7.45058
5.7338e+08 7.45058
5.73425e+08 44748.2
5.73492e+08 67092.5
5.73503e+08 11198.2
5.73671e+08 167668
5.73783e+08 111766
5.73783e+08 7.45058
5.73928e+08 145301
5.94114e+08 2.01865e+07
5.94114e+08 7.45058
5.94114e+08 22.3517
5.94114e+08 7.45058
5.94137e+08 22374.1
5.94137e+08 7.45058
5.94137e+08 14.9012
5.94305e+08 167690
5.94305e+08 7.45058
5.94305e+08 7.45058
5.94305e+08 7.45058
5.94305e+08 7.45058
5.94305e+08 7.45058
5.94305e+08 7.45058
5.94305e+08 7.45058
5.94305e+08 7.45058
5.94305e+08 14.9012
5.94305e+08 7.45058
5.94305e+08 7.45058
5.94305e+08 7.45058
5.94305e+08 14.9012
5.94305e+08 29.8023
5.94305e+08 14.9012
5.94305e+08 7.45058
5.94305e+08 7.45058
5.94305e+08 7.45058
5.94305e+08 14.9012
5.94305e+08 7.45058
5.94305e+08 7.45058
5.94305e+08 37.2529
5.94305e+08 7.45058
5.94305e+08 22.3517
5.94305e+08 1
5.94316e+08 11204.7
5.99926e+08 5.61003e+06
5.99937e+08 11183.3
5.99982e+08 44710.9
6.00071e+08 89421.9
6.0015e+08 78268.3
6.00217e+08 67099.9
6.00373e+08 156507
6.00373e+08 7.45058
6.00407e+08 33542.5
6.00496e+08 89421.9
6.20697e+08 2.02003e+07
6.20697e+08 22.3517
6.20697e+08 7.45058
