2498 2000
6498 4000
14498 8000
30498 16000
62498 32000
126498 64000
254498 128000
510498 256000
1.0225e+06 512000
2.0465e+06 1.024e+06
4.0945e+06 2.048e+06
4.80425e+06 709756
4.80425e+06 1
8.29465e+06 3.4904e+06
8.29467e+06 14.9012
9.47552e+06 1.18085e+06
9.47552e+06 1
9.47553e+06 6.45058
1.16097e+07 2.13416e+06
1.16097e+07 7.45058
1.16097e+07 1
1.16097e+07 6.45058
1.39079e+07 2.29819e+06
1.3908e+07 64.1541
1.3908e+07 52.1541
1.39081e+07 52.1541
1.39081e+07 1
1.81812e+07 4.2731e+06
1.81923e+07 11183.3
1.81924e+07 7.45058
1.81924e+07 7.45058
1.81924e+07 7.45058
1.81924e+07 1
2.13238e+07 3.13139e+06
2.13796e+07 55886.8
2.14132e+07 33550
2.14132e+07 7.45058
2.14132e+07 7.45058
2.14132e+07 7.45058
2.14132e+07 1
2.70493e+07 5.63612e+06
2.70493e+07 7.45058
2.70829e+07 33550
2.70829e+07 7.45058
2.70829e+07 7.45058
2.70829e+07 7.45058
2.70829e+07 7.45058
3.15336e+07 4.45068e+06
3.15336e+07 1
3.15336e+07 6.45058
3.1556e+07 22403.9
3.1556e+07 7.45058
3.15672e+07 11205.7
3.16455e+07 78246
3.16567e+07 11190.8
3.72256e+07 5.5689e+06
3.72479e+07 22359.2
3.72479e+07 1
3.72479e+07 6.45058
3.74268e+07 178829
3.74268e+07 7.45058
3.74491e+07 22359.2
3.7505e+07 55886.8
3.75833e+07 78238.5
4.32864e+07 5.70316e+06
4.32864e+07 7.45058
4.32864e+07 7.45058
4.32864e+07 7.45058
4.32864e+07 1
4.32864e+07 6.45058
4.32864e+07 7.45058
4.32865e+07 7.45058
4.32865e+07 7.45058
4.32865e+07 7.45058
5.01192e+07 6.83273e+06
5.01192e+07 7.45058
5.01192e+07 7.45058
5.01192e+07 7.45058
5.01192e+07 7.45058
5.01192e+07 1
5.01192e+07 6.45058
5.01192e+07 7.45058
5.01193e+07 14.9012
5.01193e+07 7.45058
5.01193e+07 7.45058
5.70301e+07 6.91082e+06
5.70301e+07 7.45058
5.70301e+07 7.45058
5.70301e+07 7.45058
5.70301e+07 7.45058
5.70301e+07 7.45058
5.70301e+07 7.45058
5.70301e+07 1
5.70301e+07 6.45058
5.70302e+07 7.45058
5.70302e+07 7.45058
5.70414e+07 11213.1
6.478e+07 7.73858e+06
6.478e+07 7.45058
6.48023e+07 22359.2
6.48023e+07 14.9012
6.48023e+07 7.45058
6.48135e+07 11190.8
6.48135e+07 7.45058
6.48136e+07 7.45058
6.48136e+07 1
6.48136e+07 6.45058
6.48136e+07 14.9012
6.48136e+07 14.9012
6.48136e+07 7.45058
7.28428e+07 8.0292e+06
7.28428e+07 22.3517
7.28428e+07 7.45058
7.2854e+07 11183.3
7.28652e+07 11183.3
7.28764e+07 11183.3
7.29211e+07 44710.9
7.29211e+07 7.45058
7.29323e+07 11183.3
7.29323e+07 1
7.29546e+07 22358.2
7.29771e+07 22418.8
7.29883e+07 11235.5
7.29883e+07 29.8023
8.18004e+07 8.81204e+06
8.18004e+07 22.3517
8.18004e+07 7.45058
8.18004e+07 7.45058
8.18004e+07 7.45058
8.18004e+07 7.45058
8.18116e+07 11220.6
8.18116e+07 7.45058
8.18116e+07 7.45058
8.18228e+07 11183.3
8.1834e+07 11190.8
8.1834e+07 1
8.18564e+07 22380.5
8.18564e+07 7.45058
8.18564e+07 7.45058
9.10486e+07 9.19222e+06
9.10486e+07 7.45058
9.10487e+07 7.45058
9.10598e+07 11183.3
9.10598e+07 7.45058
9.10599e+07 7.45058
9.10599e+07 59.6046
9.10599e+07 7.45058
9.10599e+07 7.45058
9.10599e+07 7.45058
9.10599e+07 7.45058
9.11047e+07 44733.3
9.11047e+07 1
9.11159e+07 11189.8
9.11159e+07 7.45058
9.11494e+07 33550
1.01102e+08 9.95278e+06
1.01102e+08 7.45058
1.01113e+08 11190.8
1.01113e+08 7.45058
1.01113e+08 7.45058
1.01113e+08 22.3517
1.01125e+08 11190.8
1.01125e+08 7.45058
1.01125e+08 7.45058
1.01125e+08 7.45058
1.01125e+08 7.45058
1.01125e+08 37.2529
1.01136e+08 11183.3
1.01136e+08 7.45058
1.01136e+08 1
1.01181e+08 44739.7
1.01203e+08 22366.6
1.1148e+08 1.0277e+07
1.1148e+08 22.3517
1.11491e+08 11213.1
1.11491e+08 22.3517
1.11491e+08 22.3517
1.11491e+08 14.9012
1.11514e+08 22381.5
1.11514e+08 7.45058
1.11514e+08 14.9012
1.11514e+08 7.45058
1.11514e+08 7.45058
1.11514e+08 44.7035
1.11514e+08 14.9012
1.11514e+08 7.45058
1.11514e+08 7.45058
1.11514e+08 1
1.1157e+08 55885.8
1.1157e+08 7.45058
1.22607e+08 1.10375e+07
1.22618e+08 11190.8
1.22618e+08 7.45058
1.22618e+08 22.3517
1.2263e+08 11190.8
1.2263e+08 7.45058
1.22641e+08 11183.3
1.22641e+08 7.45058
1.22663e+08 22359.2
1.22674e+08 11198.2
1.22674e+08 7.45058
1.22753e+08 78275.8
1.22786e+08 33535.1
1.2282e+08 33542.5
1.2282e+08 14.9012
1.2282e+08 7.45058
1.2282e+08 7.45058
1.2282e+08 1
1.2282e+08 36.2529
1.34305e+08 1.14848e+07
1.34305e+08 7.45058
1.34305e+08 7.45058
1.34305e+08 7.45058
1.34316e+08 11183.3
1.34316e+08 7.45058
1.34316e+08 7.45058
1.34316e+08 14.9012
1.34316e+08 14.9012
1.34316e+08 29.8023
1.34316e+08 7.45058
1.34372e+08 55953.9
1.34405e+08 33535.1
1.34439e+08 33535.1
1.3445e+08 11183.3
1.3445e+08 7.45058
1.34461e+08 11183.3
1.34461e+08 7.45058
1.34461e+08 1
1.34484e+08 22373.1
1.46628e+08 1.21446e+07
1.46628e+08 7.45058
1.46628e+08 7.45058
1.46628e+08 7.45058
1.46628e+08 7.45058
1.46628e+08 7.45058
1.4664e+08 11190.8
1.46651e+08 11190.8
1.46651e+08 7.45058
1.46662e+08 11198.2
1.46662e+08 7.45058
1.46841e+08 178911
1.46841e+08 14.9012
1.46841e+08 7.45058
1.46841e+08 7.45058
1.46841e+08 7.45058
1.46841e+08 7.45058
1.46841e+08 7.45058
1.46852e+08 11183.3
1.46852e+08 7.45058
1.46852e+08 1
1.59489e+08 1.26366e+07
1.59489e+08 7.45058
1.59489e+08 7.45058
1.59489e+08 7.45058
1.59489e+08 7.45058
1.59489e+08 14.9012
1.59489e+08 44.7035
1.59489e+08 14.9012
1.59489e+08 44.7035
1.59489e+08 14.9012
1.59489e+08 7.45058
1.59735e+08 245966
1.59735e+08 7.45058
1.59735e+08 7.45058
1.59735e+08 7.45058
1.59735e+08 7.45058
1.59746e+08 11190.8
1.59757e+08 11183.3
1.59768e+08 11183.3
1.59802e+08 33572.3
1.59802e+08 29.8023
1.59802e+08 1
1.72551e+08 1.27489e+07
1.72551e+08 14.9012
1.72551e+08 7.45058
1.72551e+08 7.45058
1.72551e+08 7.45058
1.72562e+08 11183.3
1.72618e+08 55894.3
1.72629e+08 11183.3
1.72652e+08 22389
1.72685e+08 33550
1.72685e+08 14.9012
1.72842e+08 156537
1.72842e+08 7.45058
1.72842e+08 7.45058
1.72842e+08 7.45058
1.72842e+08 7.45058
1.72853e+08 11190.8
1.72853e+08 14.9012
1.72853e+08 14.9012
1.72864e+08 11183.3
1.72931e+08 67092.5
1.72987e+08 55901.7
1.8606e+08 1.30728e+07
1.8606e+08 1
1.8606e+08 6.45058
1.8606e+08 7.45058
1.86082e+08 22396.4
1.86094e+08 11190.8
1.86116e+08 22366.6
1.8615e+08 33564.9
1.8615e+08 7.45058
1.86194e+08 44778
1.86206e+08 11205.7
1.86217e+08 11220.6
1.86284e+08 67062.7
1.86284e+08 7.45058
1.86295e+08 11183.3
1.86329e+08 33542.5
1.86329e+08 7.45058
1.86384e+08 55901.7
1.86407e+08 22366.6
1.86429e+08 22403.9
1.86429e+08 7.45058
1.86496e+08 67070.1
1.86507e+08 11198.2
2.00061e+08 1.35538e+07
2.00061e+08 7.45058
2.00061e+08 1
2.00061e+08 13.9012
2.00061e+08 14.9012
2.00084e+08 22366.6
2.00084e+08 7.45058
2.00084e+08 7.45058
2.00084e+08 7.45058
2.00084e+08 7.45058
2.00251e+08 167735
2.00307e+08 55931.5
2.00397e+08 89421.9
2.00397e+08 14.9012
2.00397e+08 7.45058
2.00397e+08 7.45058
2.00397e+08 7.45058
2.00397e+08 7.45058
2.00397e+08 7.45058
2.0043e+08 33542.5
2.00587e+08 156544
2.00598e+08 11190.8
2.0062e+08 22359.2
2.00665e+08 44733.3
2.14678e+08 1.40123e+07
2.14678e+08 7.45058
2.14678e+08 7.45058
2.14678e+08 7.45058
2.14678e+08 1
2.14678e+08 6.45058
2.147e+08 22396.4
2.147e+08 7.45058
2.14711e+08 11183.3
2.14767e+08 55924.1
2.14767e+08 14.9012
2.14823e+08 55931.5
2.14912e+08 89451.7
2.15024e+08 111789
2.15069e+08 44725.8
2.15069e+08 7.45058
2.15069e+08 7.45058
2.15069e+08 7.45058
2.15069e+08 7.45058
2.15069e+08 22.3517
2.15147e+08 78275.8
2.15326e+08 178896
2.15416e+08 89444.2
2.15416e+08 7.45058
2.15483e+08 67077.6
2.29842e+08 1.43591e+07
2.29842e+08 7.45058
2.29842e+08 7.45058
2.29853e+08 11198.2
2.29853e+08 7.45058
2.29853e+08 1
2.29853e+08 21.3517
2.29909e+08 55931.5
2.29909e+08 7.45058
2.29954e+08 44718.4
2.3001e+08 55946.4
2.3001e+08 7.45058
2.30077e+08 67099.9
2.30256e+08 178851
2.30345e+08 89421.9
2.30345e+08 7.45058
2.30345e+08 7.45058
2.30356e+08 11183.3
2.30356e+08 7.45058
2.30356e+08 7.45058
2.3039e+08 33550
2.30423e+08 33542.5
2.30602e+08 178888
2.30669e+08 67107.4
2.30669e+08 7.45058
2.30804e+08 134148
2.45476e+08 1.46724e+07
2.45476e+08 7.45058
2.45476e+08 7.45058
2.45498e+08 22366.6
2.45498e+08 7.45058
2.4551e+08 11183.3
2.45588e+08 78246
2.45588e+08 1
2.457e+08 111862
2.45722e+08 22359.2
2.45744e+08 22374.1
2.45744e+08 52.1541
2.45778e+08 33564.9
2.45979e+08 201225
2.4599e+08 11183.3
2.46024e+08 33550
2.46057e+08 33535.1
2.46057e+08 7.45058
2.46058e+08 22.3517
2.46113e+08 55894.3
2.46158e+08 44710.9
2.46281e+08 122942
2.46348e+08 67077.6
2.46493e+08 145338
2.46672e+08 178881
2.46695e+08 22366.6
2.46762e+08 67099.9
2.6196e+08 1.5198e+07
2.6196e+08 7.45058
2.6196e+08 7.45058
2.6196e+08 14.9012
2.6196e+08 7.45058
2.6196e+08 7.45058
2.61982e+08 22359.2
2.61993e+08 11190.8
2.61993e+08 1
2.62117e+08 123083
2.62117e+08 7.45058
2.62184e+08 67070.1
2.62329e+08 145346
2.62396e+08 67114.8
2.62407e+08 11198.2
2.62418e+08 11190.8
2.62418e+08 7.45058
2.62441e+08 22366.6
2.62441e+08 7.45058
2.62452e+08 11183.3
2.62508e+08 55894.3
2.62553e+08 44718.4
2.6262e+08 67070.1
2.62653e+08 33535.1
2.62854e+08 201210
2.63089e+08 234745
2.63112e+08 22366.6
2.63123e+08 11198.2
2.78858e+08 1.57348e+07
2.78858e+08 22.3517
2.7888e+08 22396.4
2.7888e+08 7.45058
2.7888e+08 7.45058
2.78891e+08 11198.2
2.78891e+08 7.45058
2.78902e+08 11190.8
2.78902e+08 14.9012
2.79148e+08 246018
2.79148e+08 1
2.79148e+08 6.45058
2.79227e+08 78238.5
2.79271e+08 44763.1
2.79339e+08 67122.3
2.79428e+08 89421.9
2.79529e+08 100605
2.7954e+08 11198.2
2.79607e+08 67070.1
2.79674e+08 67077.6
2.79707e+08 33535.1
2.79719e+08 11183.3
2.79786e+08 67085
2.7983e+08 44710.9
2.7983e+08 14.9012
2.79976e+08 145331
2.8011e+08 134155
2.80155e+08 44718.4
2.80255e+08 100628
2.96404e+08 1.61487e+07
2.96404e+08 14.9012
2.96415e+08 11198.2
2.96415e+08 7.45058
2.96415e+08 7.45058
2.96415e+08 7.45058
2.96426e+08 11183.3
2.96426e+08 7.45058
2.96438e+08 11190.8
2.96795e+08 357807
2.96795e+08 7.45058
2.96795e+08 1
2.96795e+08 21.3517
2.96795e+08 14.9012
2.96863e+08 67099.9
2.96941e+08 78298.2
2.96941e+08 7.45058
2.96963e+08 22366.6
2.9712e+08 156477
2.97176e+08 55886.8
2.97299e+08 122957
2.97299e+08 7.45058
2.97321e+08 22359.2
2.9741e+08 89429.3
2.97533e+08 122979
2.97667e+08 134140
2.97712e+08 44740.7
2.97813e+08 100605
2.97835e+08 22359.2
2.97981e+08 145353
3.14599e+08 1.66184e+07
3.14599e+08 14.9012
3.14599e+08 14.9012
3.14599e+08 29.8023
3.14599e+08 7.45058
3.14599e+08 7.45058
3.1461e+08 11190.8
3.1461e+08 7.45058
3.14621e+08 11190.8
3.15013e+08 391379
3.15024e+08 11190.8
3.15035e+08 11183.3
3.15035e+08 14.9012
3.15035e+08 1
3.15069e+08 33549
3.15125e+08 55901.7
3.15169e+08 44755.6
3.15169e+08 7.45058
3.15192e+08 22374.1
3.15192e+08 29.8023
3.15225e+08 33550
3.15304e+08 78253.4
3.15304e+08 7.45058
3.15315e+08 11183.3
3.15415e+08 100590
3.15672e+08 257082
3.15974e+08 301801
3.16086e+08 111811
3.16142e+08 55886.8
3.16153e+08 11198.2
3.16231e+08 78246
3.33465e+08 1.72334e+07
3.33465e+08 7.45058
3.33487e+08 22366.6
3.33498e+08 11213.1
3.3351e+08 11205.7
3.3351e+08 7.45058
3.33532e+08 22389
3.33532e+08 7.45058
3.33543e+08 11183.3
3.337e+08 156730
3.33711e+08 11190.8
3.33711e+08 14.9012
3.33756e+08 44733.3
3.33756e+08 7.45058
3.33756e+08 1
3.33856e+08 100627
3.33856e+08 7.45058
3.33923e+08 67070.1
3.33923e+08 7.45058
3.33923e+08 14.9012
3.33968e+08 44748.2
3.34058e+08 89436.8
3.34091e+08 33550
3.34114e+08 22359.2
3.34114e+08 14.9012
3.34125e+08 11183.3
3.3417e+08 44718.4
3.34874e+08 704192
3.34885e+08 11198.2
3.34907e+08 22374.1
3.34941e+08 33535.1
3.34963e+08 22366.6
3.52923e+08 1.79601e+07
3.52923e+08 7.45058
3.52923e+08 7.45058
3.52923e+08 29.8023
3.52923e+08 14.9012
3.52923e+08 22.3517
3.52923e+08 37.2529
3.52923e+08 22.3517
3.52923e+08 7.45058
3.53114e+08 190236
3.53114e+08 37.2529
3.53114e+08 22.3517
3.53125e+08 11235.5
3.53125e+08 7.45058
3.53125e+08 22.3517
3.53181e+08 55931.5
3.53181e+08 1
3.53181e+08 6.45058
3.53181e+08 7.45058
3.53181e+08 14.9012
3.53181e+08 14.9012
3.53226e+08 44725.8
3.53315e+08 89436.8
3.53405e+08 89436.8
3.53483e+08 78268.3
3.53494e+08 11190.8
3.53539e+08 44710.9
3.53628e+08 89414.4
3.54176e+08 547685
3.54198e+08 22359.2
3.54243e+08 44763.1
3.54265e+08 22359.2
3.54321e+08 55924.1
3.72874e+08 1.85525e+07
3.72874e+08 7.45058
3.72896e+08 22359.2
3.72907e+08 11190.8
3.72907e+08 7.45058
3.72919e+08 11198.2
3.7293e+08 11183.3
3.7293e+08 14.9012
3.7293e+08 37.2529
3.72975e+08 45165.4
3.73031e+08 55916.6
3.7312e+08 89444.2
3.7312e+08 59.6046
3.73143e+08 22359.2
3.73143e+08 29.8023
3.73176e+08 33594.7
3.73188e+08 11198.2
3.73188e+08 1
3.73188e+08 6.45058
3.73188e+08 7.45058
3.73188e+08 7.45058
3.73188e+08 7.45058
3.73188e+08 14.9012
3.73188e+08 29.8023
3.73188e+08 14.9012
3.73322e+08 134185
3.73367e+08 44725.8
3.73367e+08 7.45058
3.73367e+08 7.45058
3.73657e+08 290602
3.73691e+08 33542.5
3.73959e+08 268251
3.73959e+08 7.45058
3.74194e+08 234738
3.93361e+08 1.91676e+07
3.93361e+08 7.45058
3.93373e+08 11198.2
3.93373e+08 7.45058
3.93373e+08 7.45058
3.93373e+08 7.45058
3.93373e+08 7.45058
3.93428e+08 55909.2
3.93428e+08 22.3517
3.93563e+08 134557
3.93563e+08 29.8023
3.93563e+08 7.45058
3.93608e+08 44778
3.93608e+08 14.9012
3.9363e+08 22426.2
3.93709e+08 78305.6
3.93709e+08 14.9012
3.93709e+08 14.9012
3.93709e+08 7.45058
3.93709e+08 1
3.93709e+08 6.45058
3.93709e+08 14.9012
3.93709e+08 14.9012
3.93709e+08 7.45058
3.93709e+08 14.9012
3.9372e+08 11235.5
3.93787e+08 67122.3
3.93865e+08 78283.3
3.93865e+08 7.45058
3.93865e+08 7.45058
3.93865e+08 7.45058
3.93865e+08 7.45058
3.94178e+08 312977
3.94346e+08 167668
3.94458e+08 111774
4.14207e+08 1.97491e+07
4.14207e+08 7.45058
4.14375e+08 167683
4.14397e+08 22359.2
4.14419e+08 22366.6
4.14419e+08 7.45058
4.14464e+08 44718.4
4.14531e+08 67062.7
4.14576e+08 44718.4
4.14733e+08 156753
4.14744e+08 11280.2
4.14744e+08 7.45058
4.148e+08 56020.9
4.148e+08 44.7035
4.148e+08 52.1541
4.14822e+08 22441.1
4.14856e+08 33542.5
4.14901e+08 44740.7
4.14901e+08 7.45058
4.14912e+08 11183.3
4.14912e+08 1
4.14912e+08 21.3517
4.14912e+08 7.45058
4.14912e+08 7.45058
4.14912e+08 7.45058
4.14912e+08 14.9012
4.14912e+08 14.9012
4.14912e+08 74.5058
4.14968e+08 55968.8
4.14968e+08 14.9012
4.14968e+08 7.45058
4.14968e+08 7.45058
4.14968e+08 7.45058
4.15024e+08 55909.2
4.15326e+08 301793
4.15437e+08 111781
4.35556e+08 2.01182e+07
4.35567e+08 11205.7
4.35589e+08 22359.2
4.35589e+08 14.9012
4.356e+08 11183.3
4.35612e+08 11190.8
4.35634e+08 22359.2
4.35634e+08 7.45058
4.35634e+08 7.45058
4.36361e+08 726752
4.36473e+08 111870
4.36473e+08 7.45058
4.36517e+08 44770.5
4.36517e+08 59.6046
4.36517e+08 44.7035
4.36596e+08 78395
4.36596e+08 22.3517
4.36596e+08 52.1541
4.36596e+08 14.9012
4.36596e+08 7.45058
4.36596e+08 14.9012
4.36607e+08 11220.6
4.36607e+08 1
4.36607e+08 6.45058
4.36618e+08 11190.8
4.36652e+08 33535.1
4.36674e+08 22359.2
4.36674e+08 14.9012
4.36697e+08 22403.9
4.36742e+08 44845
4.36742e+08 7.45058
4.36742e+08 7.45058
4.36753e+08 11198.2
4.36753e+08 7.45058
4.36764e+08 11190.8
4.36798e+08 33564.9
4.37222e+08 424735
4.57866e+08 2.06438e+07
4.57866e+08 7.45058
4.57877e+08 11183.3
4.57877e+08 7.45058
4.57877e+08 7.45058
4.57911e+08 33535.1
4.57911e+08 7.45058
4.57922e+08 11183.3
4.57922e+08 7.45058
4.58515e+08 592649
4.58682e+08 167772
4.58694e+08 11198.2
4.5875e+08 55924.1
4.58761e+08 11205.7
4.58817e+08 55894.3
4.58895e+08 78357.8
4.58929e+08 33550
4.58973e+08 44859.9
4.58973e+08 7.45058
4.58973e+08 7.45058
4.58973e+08 44.7035
4.58996e+08 22396.4
4.58996e+08 7.45058
4.58996e+08 1
4.58996e+08 6.45058
4.58996e+08 14.9012
4.58996e+08 7.45058
4.58996e+08 7.45058
4.58996e+08 7.45058
4.59029e+08 33557.4
4.59097e+08 67181.9
4.59097e+08 22.3517
4.5913e+08 33572.3
4.5913e+08 52.1541
4.59141e+08 11183.3
4.59141e+08 7.45058
4.59142e+08 22.3517
4.59309e+08 167683
4.80669e+08 2.13593e+07
4.8068e+08 11190.8
4.80691e+08 11183.3
4.80702e+08 11183.3
4.80702e+08 7.45058
4.80702e+08 7.45058
4.80702e+08 7.45058
4.80702e+08 7.45058
4.80702e+08 7.45058
4.81306e+08 603758
4.81451e+08 145391
4.81451e+08 22.3517
4.81474e+08 22463.5
4.81496e+08 22374.1
4.81507e+08 11190.8
4.81575e+08 67226.6
4.81575e+08 7.45058
4.8163e+08 55901.7
4.8163e+08 7.45058
4.8163e+08 14.9012
4.81664e+08 33594.7
4.81731e+08 67129.7
4.81754e+08 22374.1
4.81754e+08 7.45058
4.81754e+08 1
4.81754e+08 43.7035
4.81754e+08 44.7035
4.81776e+08 22374.1
4.81776e+08 14.9012
4.81787e+08 11198.2
4.81877e+08 89444.2
4.821e+08 223726
4.82112e+08 11183.3
4.82112e+08 44.7035
4.82123e+08 11213.1
4.82123e+08 7.45058
4.82123e+08 7.45058
4.82134e+08 11205.7
4.82324e+08 190042
5.04175e+08 2.18513e+07
5.04209e+08 33579.8
5.04231e+08 22359.2
5.04231e+08 7.45058
5.04231e+08 7.45058
5.04243e+08 11190.8
5.04265e+08 22374.1
5.04265e+08 7.45058
5.04265e+08 7.45058
5.04791e+08 525631
5.04869e+08 78246
5.0488e+08 11190.8
5.04914e+08 33535.1
5.04936e+08 22374.1
5.04969e+08 33550
5.0507e+08 100851
5.0507e+08 14.9012
5.05082e+08 11198.2
5.05082e+08 7.45058
5.05082e+08 22.3517
5.05093e+08 11228
5.05126e+08 33535.1
5.05138e+08 11190.8
5.05138e+08 7.45058
5.05138e+08 7.45058
5.05149e+08 11205.7
5.05149e+08 1
5.05193e+08 44732.3
5.05205e+08 11183.3
5.05205e+08 7.45058
5.05205e+08 14.9012
5.05216e+08 11205.7
5.05496e+08 279739
5.05496e+08 7.45058
5.05574e+08 78357.8
5.05596e+08 22374.1
5.05596e+08 7.45058
5.05608e+08 11183.3
5.05663e+08 55916.6
5.05809e+08 145338
5.28096e+08 2.22874e+07
5.28242e+08 145361
5.28242e+08 7.45058
5.28242e+08 7.45058
5.28242e+08 7.45058
5.28275e+08 33542.5
5.28286e+08 11242.9
5.28286e+08 22.3517
5.2832e+08 33550
5.28801e+08 480935
5.28834e+08 33587.2
5.28868e+08 33550
5.28879e+08 11190.8
5.2889e+08 11183.3
5.2889e+08 7.45058
5.29114e+08 223637
5.29114e+08 7.45058
5.29114e+08 7.45058
5.29114e+08 7.45058
5.29125e+08 11198.2
5.29192e+08 67092.5
5.29192e+08 7.45058
5.29192e+08 14.9012
5.29192e+08 7.45058
5.29215e+08 22366.6
5.29226e+08 11220.6
5.29226e+08 7.45058
5.29226e+08 1
5.29226e+08 21.3517
5.29226e+08 7.45058
5.29226e+08 14.9012
5.29271e+08 44725.8
5.29271e+08 96.8575
5.29484e+08 212900
5.29484e+08 14.9012
5.29618e+08 134155
5.29663e+08 44718.4
5.29674e+08 11183.3
5.29685e+08 11190.8
5.29752e+08 67077.6
5.30054e+08 301801
5.52666e+08 2.26118e+07
5.529e+08 234753
5.52912e+08 11220.6
5.52912e+08 7.45058
5.52934e+08 22359.2
5.52934e+08 7.45058
5.53012e+08 78253.4
5.53012e+08 7.45058
5.53035e+08 22359.2
5.53482e+08 447437
5.53527e+08 44815.2
5.53549e+08 22374.1
5.53572e+08 22366.6
5.53628e+08 55894.3
5.53695e+08 67107.4
5.53818e+08 123039
5.53818e+08 7.45058
5.53829e+08 11183.3
5.53829e+08 7.45058
5.53851e+08 22366.6
5.53874e+08 22381.5
5.53896e+08 22359.2
5.53896e+08 7.45058
5.5393e+08 33535.1
5.5393e+08 29.8023
5.53963e+08 33550
5.53963e+08 7.45058
5.53986e+08 22366.6
5.53997e+08 11198.2
5.53997e+08 1
5.53997e+08 6.45058
5.53997e+08 7.45058
5.54008e+08 11198.2
5.54008e+08 14.9012
5.54221e+08 212967
5.54221e+08 7.45058
5.54221e+08 7.45058
5.54221e+08 7.45058
5.54243e+08 22374.1
5.54243e+08 7.45058
5.54277e+08 33602.1
5.54601e+08 324212
5.77817e+08 2.32156e+07
5.77873e+08 55909.2
5.77962e+08 89421.9
5.77962e+08 7.45058
5.77984e+08 22366.6
5.77996e+08 11183.3
5.78074e+08 78260.9
5.78074e+08 14.9012
5.78074e+08 7.45058
5.78655e+08 581458
5.78812e+08 156619
5.78812e+08 29.8023
5.78823e+08 11213.1
5.78846e+08 22374.1
5.7889e+08 44770.5
5.7898e+08 89481.5
5.7898e+08 7.45058
5.78991e+08 11183.3
5.79013e+08 22359.2
5.79036e+08 22366.6
5.79114e+08 78275.8
5.79125e+08 11198.2
5.79148e+08 22374.1
5.79148e+08 22.3517
5.79148e+08 52.1541
5.79148e+08 22.3517
5.79148e+08 14.9012
5.79159e+08 11190.8
5.79192e+08 33542.5
5.79237e+08 44740.7
5.79237e+08 1
5.79237e+08 6.45058
5.7926e+08 22374.1
5.7926e+08 7.45058
5.7926e+08 7.45058
5.79506e+08 246435
5.79506e+08 7.45058
5.79528e+08 22403.9
5.79528e+08 14.9012
5.7954e+08 11198.2
5.7954e+08 7.45058
5.79707e+08 167795
5.79965e+08 257216
6.03862e+08 2.38976e+07
6.03862e+08 14.9012
6.03896e+08 33535.1
6.03896e+08 7.45058
6.03896e+08 7.45058
6.03896e+08 22.3517
6.03896e+08 7.45058
6.03918e+08 22374.1
6.03918e+08 14.9012
6.04556e+08 637271
6.04701e+08 145420
6.04701e+08 67.0552
6.04746e+08 44778
6.04768e+08 22396.4
6.04791e+08 22396.4
6.04902e+08 111811
6.04914e+08 11183.3
6.04936e+08 22359.2
6.04947e+08 11190.8
6.04992e+08 44740.7
6.05037e+08 44755.6
6.05037e+08 7.45058
6.05037e+08 37.2529
6.05037e+08 14.9012
6.05037e+08 59.6046
6.05037e+08 7.45058
6.05048e+08 11280.2
6.05059e+08 11190.8
6.05126e+08 67077.6
6.05138e+08 11228
6.05149e+08 11198.2
6.05149e+08 7.45058
6.05149e+08 1
6.05149e+08 6.45058
6.05149e+08 7.45058
6.05149e+08 7.45058
6.05339e+08 190385
6.05339e+08 7.45058
6.05373e+08 33564.9
6.05373e+08 7.45058
6.05373e+08 22.3517
6.05373e+08 7.45058
6.0563e+08 257395
6.05831e+08 201255
6.21074e+08 1.52427e+07
6.21152e+08 78248.4
6.21186e+08 33536.1
