2773 2000
6773 4000
14773 8000
30773 16000
62773 32000
126773 64000
254773 128000
510773 256000
1.02277e+06 512000
2.04677e+06 1.024e+06
4.09477e+06 2.048e+06
5.37465e+06 1.27987e+06
5.37465e+06 1
8.26583e+06 2.89118e+06
8.35531e+06 89483.5
9.80896e+06 1.45365e+06
9.80896e+06 1
9.80927e+06 304.474
1.14524e+07 1.64316e+06
1.14748e+07 22366.6
1.14748e+07 1
1.35622e+07 2.0874e+06
1.46472e+07 1.08503e+06
1.46472e+07 7.45058
1.46472e+07 7.45058
1.50165e+07 369246
1.50165e+07 1
1.75206e+07 2.50416e+06
1.75319e+07 11213.1
1.75319e+07 7.45058
1.94663e+07 1.93441e+06
1.97569e+07 290610
1.97569e+07 1
2.14118e+07 1.65496e+06
2.14119e+07 52.1541
2.14119e+07 7.45058
2.27715e+07 1.35957e+06
2.33192e+07 547692
2.33862e+07 67077.6
2.33862e+07 1
2.57231e+07 2.33685e+06
2.57343e+07 11228
2.57343e+07 7.45058
2.76081e+07 1.87379e+06
2.78316e+07 223525
2.79769e+07 145294
2.80328e+07 55901.7
3.00122e+07 1.97931e+06
3.00122e+07 1
3.00345e+07 22388
3.00457e+07 11183.3
3.27152e+07 2.66944e+06
3.27711e+07 55894.3
3.2827e+07 55886.8
3.29611e+07 134118
3.51304e+07 2.16935e+06
3.51416e+07 11198.2
3.51416e+07 1
3.51417e+07 110.759
3.51417e+07 7.45058
3.81809e+07 3.03919e+06
3.82033e+07 22359.2
3.83262e+07 122942
3.83709e+07 44710.9
4.05181e+07 2.14714e+06
4.05181e+07 29.8023
4.05181e+07 7.45058
4.05741e+07 55983.7
4.05741e+07 1
4.05965e+07 22388
4.42457e+07 3.64918e+06
4.42457e+07 7.45058
4.42792e+07 33535.1
4.42792e+07 7.45058
4.67618e+07 2.48261e+06
4.67618e+07 14.9012
4.67619e+07 7.45058
4.69073e+07 145413
4.69073e+07 44.7035
4.69073e+07 1
4.69409e+07 33571.3
5.12459e+07 4.30497e+06
5.12794e+07 33550
5.1313e+07 33557.4
5.1313e+07 7.45058
5.36279e+07 2.31497e+06
5.36279e+07 7.45058
5.3628e+07 7.45058
5.37622e+07 134259
5.3807e+07 44770.5
5.3807e+07 7.45058
5.3807e+07 44.7035
5.3807e+07 1
5.82564e+07 4.44941e+06
5.84353e+07 178866
5.86142e+07 178851
5.867e+07 55886.8
6.08734e+07 2.20338e+06
6.08846e+07 11190.8
6.08846e+07 7.45058
6.1086e+07 201337
6.10972e+07 11205.7
6.10972e+07 7.45058
6.11084e+07 11183.3
6.11084e+07 7.45058
6.11084e+07 1
6.62144e+07 5.10598e+06
6.64603e+07 245906
6.66168e+07 156492
6.66838e+07 67062.7
6.92338e+07 2.54995e+06
6.92338e+07 7.45058
6.92338e+07 7.45058
6.93681e+07 134274
6.93682e+07 104.308
6.93905e+07 22374.1
6.93905e+07 7.45058
6.93906e+07 14.9012
6.93906e+07 7.45058
6.93906e+07 1
7.44675e+07 5.07692e+06
7.47693e+07 301771
7.48475e+07 78246
7.49481e+07 100598
7.77442e+07 2.79611e+06
7.77554e+07 11228
7.77555e+07 7.45058
7.77891e+07 33602.1
7.78562e+07 67181.9
7.78674e+07 11190.8
7.78674e+07 7.45058
7.78674e+07 7.45058
7.78675e+07 7.45058
7.7901e+07 33535.1
8.36316e+07 5.73064e+06
8.36316e+07 1
8.40116e+07 380008
8.42687e+07 257075
8.4604e+07 335291
8.74672e+07 2.86325e+06
8.75008e+07 33572.3
8.75008e+07 7.45058
8.75344e+07 33602.1
8.76575e+07 123091
8.76687e+07 11190.8
8.76687e+07 7.45058
8.76687e+07 7.45058
8.76687e+07 7.45058
8.76687e+07 7.45058
9.2539e+07 4.87028e+06
9.27178e+07 178821
9.27178e+07 1
9.3042e+07 324114
9.3489e+07 447042
9.36902e+07 201181
9.73472e+07 3.65704e+06
9.73697e+07 22441.1
9.73697e+07 7.45058
9.73697e+07 37.2529
9.74481e+07 78372.7
9.74481e+07 7.45058
9.74481e+07 7.45058
9.74481e+07 7.45058
9.74593e+07 11190.8
9.74593e+07 22.3517
1.03102e+08 5.64299e+06
1.03102e+08 7.45058
1.03326e+08 223547
1.03527e+08 201181
1.03527e+08 1
1.03628e+08 100589
1.03851e+08 223547
1.08268e+08 4.41716e+06
1.08268e+08 37.2529
1.08268e+08 7.45058
1.0828e+08 11205.7
1.08336e+08 56050.7
1.08336e+08 7.45058
1.08336e+08 7.45058
1.08336e+08 7.45058
1.08347e+08 11205.7
1.08347e+08 7.45058
1.12972e+08 4.6255e+06
1.13095e+08 122942
1.13822e+08 726528
1.14202e+08 380002
1.14269e+08 67070.1
1.14269e+08 1
1.1437e+08 100589
1.1485e+08 480585
1.19144e+08 4.2944e+06
1.19223e+08 78305.6
1.19223e+08 7.45058
1.19223e+08 29.8023
1.19301e+08 78372.7
1.19301e+08 14.9012
1.19301e+08 7.45058
1.19312e+08 11183.3
1.19335e+08 22396.4
1.19335e+08 7.45058
1.23888e+08 4.5527e+06
1.24268e+08 379995
1.25452e+08 1.18478e+06
1.26011e+08 558883
1.26156e+08 145294
1.26525e+08 368819
1.26838e+08 312932
1.26838e+08 1
1.27643e+08 804684
1.31144e+08 3.50092e+06
1.31144e+08 81.9564
1.31155e+08 11205.7
1.31189e+08 33609.6
1.31267e+08 78313.1
1.31278e+08 11190.8
1.31278e+08 7.45058
1.31278e+08 14.9012
1.31278e+08 22.3517
1.31278e+08 7.45058
1.3527e+08 3.99193e+06
1.35382e+08 111826
1.37349e+08 1.96715e+06
1.38087e+08 737660
1.38087e+08 7.45058
1.38634e+08 547625
1.38634e+08 7.45058
1.38634e+08 7.45058
1.38634e+08 1
1.39562e+08 927619
1.43141e+08 3.5792e+06
1.43186e+08 44800.3
1.43197e+08 11213.1
1.43276e+08 78357.8
1.43343e+08 67122.3
1.43343e+08 14.9012
1.43343e+08 14.9012
1.43343e+08 7.45058
1.43343e+08 22.3517
1.43343e+08 7.45058
1.48318e+08 4.97551e+06
1.48609e+08 290580
1.49503e+08 894092
1.49648e+08 145331
1.49894e+08 245906
1.49928e+08 33550
1.49928e+08 7.45058
1.50163e+08 234701
1.50565e+08 402376
1.51772e+08 1.20701e+06
1.51772e+08 1
1.56111e+08 4.33925e+06
1.56212e+08 100732
1.56257e+08 44763.1
1.56257e+08 141.561
1.5629e+08 33557.4
1.5629e+08 7.45058
1.5629e+08 14.9012
1.56324e+08 33535.1
1.56335e+08 11183.3
1.56335e+08 14.9012
1.61371e+08 5.03622e+06
1.61684e+08 312932
1.6183e+08 145301
1.61953e+08 122942
1.62645e+08 692964
1.62724e+08 78253.4
1.62724e+08 7.45058
1.62757e+08 33542.5
1.64523e+08 1.76589e+06
1.65283e+08 759974
1.65384e+08 100590
1.65384e+08 1
1.6931e+08 3.92586e+06
1.69422e+08 111915
1.69466e+08 44792.9
1.69466e+08 44.7035
1.69466e+08 44.7035
1.69466e+08 37.2529
1.69466e+08 7.45058
1.69466e+08 14.9012
1.69466e+08 7.45058
1.69466e+08 14.9012
1.74389e+08 4.92245e+06
1.74512e+08 122949
1.74657e+08 145294
1.75149e+08 491768
1.75954e+08 804730
1.75954e+08 7.45058
1.76065e+08 111781
1.76155e+08 89414.4
1.78491e+08 2.33588e+06
1.78893e+08 402369
1.78893e+08 7.45058
1.78893e+08 7.45058
1.82674e+08 3.7806e+06
1.82674e+08 1
1.82719e+08 44888.7
1.82719e+08 52.1541
1.82719e+08 7.45058
1.82719e+08 89.407
1.8273e+08 11190.8
1.8273e+08 22.3517
1.82764e+08 33557.4
1.82764e+08 7.45058
1.82775e+08 11190.8
1.88591e+08 5.816e+06
1.89027e+08 435874
1.89027e+08 7.45058
1.89261e+08 234701
1.90223e+08 961229
1.90223e+08 7.45058
1.90524e+08 301771
1.90647e+08 122949
1.92659e+08 2.01178e+06
1.92782e+08 122949
1.92994e+08 212364
1.93095e+08 100628
1.9654e+08 3.44536e+06
1.9654e+08 7.45058
1.9654e+08 1
1.96619e+08 78408.9
1.96641e+08 22418.8
1.96641e+08 7.45058
1.96664e+08 22396.4
1.96675e+08 11228
1.96708e+08 33564.9
1.9672e+08 11198.2
1.96742e+08 22389
1.96753e+08 11198.2
2.03649e+08 6.89597e+06
2.03727e+08 78238.5
2.03828e+08 100590
2.03895e+08 67070.1
2.04465e+08 569992
2.04465e+08 7.45058
2.04733e+08 268228
2.05002e+08 268228
2.07315e+08 2.31347e+06
2.07471e+08 156499
2.07471e+08 7.45058
2.07472e+08 14.9012
2.11018e+08 3.54611e+06
2.11018e+08 7.45058
2.11029e+08 11198.2
2.11141e+08 111930
2.11141e+08 1
2.11163e+08 22417.8
2.11163e+08 7.45058
2.11163e+08 37.2529
2.11186e+08 22411.3
2.11253e+08 67092.5
2.11264e+08 11190.8
2.11264e+08 7.45058
2.11264e+08 14.9012
2.18863e+08 7.59877e+06
2.19086e+08 223540
2.19377e+08 290588
2.19667e+08 290588
2.20159e+08 491746
2.20439e+08 279434
2.20439e+08 7.45058
2.20439e+08 7.45058
2.22394e+08 1.95585e+06
2.22495e+08 100635
2.22495e+08 7.45058
2.22596e+08 100598
2.26108e+08 3.5127e+06
2.26108e+08 14.9012
2.26108e+08 14.9012
2.26232e+08 123113
2.26232e+08 7.45058
2.26232e+08 1
2.26254e+08 22410.3
2.26265e+08 11198.2
2.26321e+08 55909.2
2.26366e+08 44778
2.26366e+08 22.3517
2.26366e+08 29.8023
2.26366e+08 14.9012
2.26377e+08 11198.2
2.34363e+08 7.98592e+06
2.35101e+08 737622
2.35682e+08 581153
2.36084e+08 402376
2.36084e+08 7.45058
2.36352e+08 268251
2.3652e+08 167646
2.36531e+08 11183.3
2.38252e+08 1.72119e+06
2.38375e+08 122994
2.3842e+08 44718.4
2.38498e+08 78238.5
2.41799e+08 3.30047e+06
2.41799e+08 22.3517
2.41799e+08 7.45058
2.41944e+08 145473
2.41944e+08 7.45058
2.41944e+08 22.3517
2.42012e+08 67122.3
2.42012e+08 1
2.42034e+08 22388
2.42056e+08 22366.6
2.42079e+08 22411.3
2.42079e+08 29.8023
2.42112e+08 33550
2.42112e+08 14.9012
2.42124e+08 11213.1
2.51654e+08 9.53017e+06
2.51967e+08 312939
2.5209e+08 122957
2.52414e+08 324108
2.52525e+08 111766
2.52626e+08 100590
2.52626e+08 7.45058
2.52738e+08 111781
2.54392e+08 1.65414e+06
2.54705e+08 312991
2.54739e+08 33550
2.54794e+08 55886.8
2.58263e+08 3.46825e+06
2.58263e+08 14.9012
2.58263e+08 7.45058
2.58375e+08 111982
2.58386e+08 11190.8
2.58386e+08 7.45058
2.58464e+08 78298.2
2.58464e+08 7.45058
2.58464e+08 1
2.58487e+08 22373.1
2.58498e+08 11190.8
2.58543e+08 44785.4
2.58565e+08 22396.4
2.58565e+08 7.45058
2.58565e+08 7.45058
2.58576e+08 11213.1
2.68689e+08 1.01129e+07
2.68689e+08 7.45058
2.70131e+08 1.44172e+06
2.70231e+08 100605
2.70298e+08 67070.1
2.70298e+08 7.45058
2.70298e+08 7.45058
2.70779e+08 480600
2.71405e+08 625893
2.71629e+08 223584
2.71684e+08 55894.3
2.71807e+08 122964
2.7522e+08 3.4125e+06
2.7522e+08 37.2529
2.7522e+08 7.45058
2.75455e+08 234939
2.75455e+08 7.45058
2.75455e+08 7.45058
2.75522e+08 67137.2
2.75533e+08 11190.8
2.75544e+08 11183.3
2.75544e+08 29.8023
2.75544e+08 1
2.75544e+08 28.8023
2.756e+08 55924.1
2.75623e+08 22374.1
2.75645e+08 22381.5
2.75645e+08 7.45058
2.75668e+08 22463.5
2.85263e+08 9.59514e+06
2.85464e+08 201173
2.86749e+08 1.28533e+06
2.87252e+08 502929
2.87252e+08 7.45058
2.87252e+08 7.45058
2.87565e+08 312939
2.88146e+08 581212
2.88616e+08 469409
2.89029e+08 413544
2.8923e+08 201195
2.89655e+08 424743
2.93023e+08 3.36794e+06
2.93023e+08 29.8023
2.93034e+08 11183.3
2.93258e+08 223808
2.93258e+08 7.45058
2.93258e+08 7.45058
2.9337e+08 111856
2.9337e+08 7.45058
2.9337e+08 7.45058
2.93381e+08 11205.7
2.93381e+08 22.3517
2.93381e+08 1
2.9346e+08 78282.3
2.93482e+08 22389
2.93527e+08 44725.8
2.93583e+08 55901.7
2.93583e+08 7.45058
2.93694e+08 111848
3.03475e+08 9.78075e+06
3.0371e+08 234701
3.04906e+08 1.1959e+06
3.04984e+08 78238.5
3.05174e+08 189997
3.05174e+08 7.45058
3.05297e+08 122949
3.06482e+08 1.18471e+06
3.06996e+08 514150
3.07231e+08 234701
3.07454e+08 223547
3.0789e+08 435904
3.11359e+08 3.46871e+06
3.11359e+08 14.9012
3.11359e+08 7.45058
3.11672e+08 313237
3.11672e+08 7.45058
3.11694e+08 22359.2
3.11773e+08 78342.9
3.11795e+08 22374.1
3.11795e+08 22.3517
3.11862e+08 67077.6
3.11918e+08 55886.8
3.1194e+08 22374.1
3.11985e+08 44770.5
3.11985e+08 1
3.11996e+08 11204.7
3.11996e+08 7.45058
3.12019e+08 22381.5
3.12019e+08 7.45058
3.12164e+08 145391
3.2231e+08 1.01457e+07
3.22533e+08 223532
3.2345e+08 916474
3.2364e+08 189997
3.23841e+08 201188
3.23897e+08 55886.8
3.2402e+08 122942
3.25428e+08 1.40822e+06
3.26322e+08 894174
3.26389e+08 67062.7
3.26669e+08 279404
3.26959e+08 290602
3.30361e+08 3.40184e+06
3.30372e+08 11190.8
3.30384e+08 11183.3
3.30809e+08 425071
3.30865e+08 55894.3
3.30898e+08 33557.4
3.31077e+08 178888
3.31099e+08 22359.2
3.31099e+08 7.45058
3.31099e+08 7.45058
3.31099e+08 7.45058
3.31122e+08 22366.6
3.31155e+08 33646.8
3.31155e+08 7.45058
3.31155e+08 1
3.31178e+08 22395.4
3.31189e+08 11183.3
3.312e+08 11183.3
3.312e+08 7.45058
3.31379e+08 178903
3.4131e+08 9.93053e+06
3.41578e+08 268228
3.4255e+08 972331
3.42662e+08 111766
3.42964e+08 301771
3.43075e+08 111766
3.43254e+08 178836
3.44584e+08 1.32997e+06
3.45858e+08 1.27415e+06
3.45858e+08 7.45058
3.46004e+08 145294
3.46462e+08 458278
3.49953e+08 3.49142e+06
3.49987e+08 33535.1
3.50009e+08 22359.2
3.5049e+08 480965
3.50513e+08 22359.2
3.50535e+08 22389
3.50647e+08 111833
3.50647e+08 7.45058
3.50692e+08 44710.9
3.50692e+08 7.45058
3.50692e+08 7.45058
3.50736e+08 44718.4
3.50859e+08 123069
3.50859e+08 7.45058
3.50871e+08 11183.3
3.51016e+08 145316
3.51016e+08 1
3.51027e+08 11189.8
3.51049e+08 22374.1
3.51083e+08 33542.5
3.51094e+08 11205.7
3.62872e+08 1.17781e+07
3.63085e+08 212356
3.64213e+08 1.12882e+06
3.64213e+08 7.45058
3.64448e+08 234731
3.64582e+08 134148
3.64582e+08 7.45058
3.65264e+08 681765
3.66192e+08 927620
3.66315e+08 122942
3.66315e+08 7.45058
3.66505e+08 190012
3.70376e+08 3.87162e+06
3.70376e+08 14.9012
3.70376e+08 7.45058
3.70712e+08 335649
3.70712e+08 14.9012
3.70734e+08 22374.1
3.70891e+08 156529
3.70891e+08 7.45058
3.70913e+08 22366.6
3.70924e+08 11198.2
3.70924e+08 7.45058
3.70936e+08 11190.8
3.71059e+08 123069
3.71092e+08 33550
3.71115e+08 22366.6
3.71148e+08 33542.5
3.71148e+08 7.45058
3.71148e+08 1
3.71159e+08 11204.7
3.71215e+08 55901.7
3.71215e+08 7.45058
3.71238e+08 22366.6
3.83328e+08 1.20908e+07
3.83686e+08 357650
3.84357e+08 670597
3.84357e+08 7.45058
3.84681e+08 324115
3.84759e+08 78238.5
3.84759e+08 7.45058
3.86525e+08 1.76593e+06
3.87028e+08 502944
3.87028e+08 7.45058
3.87028e+08 7.45058
3.87129e+08 100590
3.91079e+08 3.94999e+06
3.91079e+08 7.45058
3.9109e+08 11190.8
3.91291e+08 201471
3.91336e+08 44725.8
3.91381e+08 44770.5
3.9156e+08 178866
3.91582e+08 22366.6
3.91615e+08 33542.5
3.9166e+08 44740.7
3.9166e+08 7.45058
3.9166e+08 7.45058
3.91795e+08 134274
3.91806e+08 11190.8
3.91806e+08 7.45058
3.91817e+08 11198.2
3.91817e+08 7.45058
3.91817e+08 7.45058
3.91828e+08 11198.2
3.91828e+08 1
3.91873e+08 44739.7
3.91906e+08 33564.9
3.91962e+08 55894.3
4.04608e+08 1.26461e+07
4.05e+08 391178
4.05402e+08 402369
4.05402e+08 7.45058
4.05804e+08 402384
4.05804e+08 7.45058
4.05804e+08 7.45058
4.08096e+08 2.2912e+06
4.08364e+08 268236
4.08464e+08 100605
4.0852e+08 55886.8
4.08621e+08 100628
4.12493e+08 3.87187e+06
4.12493e+08 7.45058
4.12526e+08 33557.4
4.1275e+08 223801
4.1275e+08 22.3517
4.1284e+08 89481.5
4.1294e+08 100628
4.12952e+08 11183.3
4.13019e+08 67070.1
4.13097e+08 78275.8
4.13097e+08 7.45058
4.13108e+08 11183.3
4.13287e+08 179023
4.13287e+08 7.45058
4.13287e+08 7.45058
4.13287e+08 7.45058
4.13287e+08 7.45058
4.13298e+08 11205.7
4.13298e+08 22.3517
4.13298e+08 7.45058
4.13298e+08 1
4.13298e+08 13.9012
4.13388e+08 89451.7
4.13388e+08 14.9012
4.27229e+08 1.38413e+07
4.27509e+08 279449
4.27721e+08 212371
4.27721e+08 7.45058
4.27822e+08 100598
4.27822e+08 7.45058
4.27956e+08 134133
4.29945e+08 1.98944e+06
4.30269e+08 324138
4.3037e+08 100590
4.30403e+08 33542.5
4.30493e+08 89451.7
4.34443e+08 3.9502e+06
4.34443e+08 7.45058
4.34443e+08 7.45058
4.34768e+08 324421
4.3479e+08 22374.1
4.34868e+08 78283.3
4.35025e+08 156567
4.35025e+08 7.45058
4.35047e+08 22374.1
4.35137e+08 89481.5
4.35137e+08 14.9012
4.35137e+08 7.45058
4.3526e+08 123106
4.3526e+08 7.45058
4.3526e+08 7.45058
4.35271e+08 11183.3
4.35282e+08 11183.3
4.35282e+08 29.8023
4.35305e+08 22374.1
4.35316e+08 11183.3
4.35316e+08 14.9012
4.35327e+08 11183.3
4.35327e+08 1
4.35394e+08 67091.5
4.35439e+08 44763.1
4.48944e+08 1.35054e+07
4.49727e+08 782356
4.50095e+08 368856
4.50274e+08 178844
4.50397e+08 122964
4.50475e+08 78268.3
4.5099e+08 514112
4.52789e+08 1.79943e+06
4.52901e+08 111774
4.52934e+08 33535.1
4.52979e+08 44710.9
4.53046e+08 67062.7
4.57008e+08 3.96145e+06
4.57008e+08 22.3517
4.5703e+08 22366.6
4.57433e+08 402689
4.57444e+08 11198.2
4.57634e+08 190124
4.57735e+08 100657
4.57735e+08 7.45058
4.57746e+08 11198.2
4.57768e+08 22389
4.57768e+08 7.45058
4.57768e+08 14.9012
4.57914e+08 145473
4.57925e+08 11183.3
4.57925e+08 7.45058
4.57925e+08 7.45058
4.57925e+08 7.45058
4.57947e+08 22381.5
4.57981e+08 33542.5
4.57992e+08 11183.3
4.58014e+08 22374.1
4.58014e+08 7.45058
4.58014e+08 14.9012
4.58014e+08 1
4.58037e+08 22388
4.58082e+08 44807.8
4.72707e+08 1.46257e+07
4.73311e+08 603572
4.7378e+08 469424
4.7378e+08 7.45058
4.7378e+08 7.45058
4.73903e+08 122942
4.74093e+08 190020
4.75714e+08 1.62059e+06
4.75859e+08 145301
4.75971e+08 111766
4.75971e+08 7.45058
4.76027e+08 55886.8
4.80078e+08 4.05092e+06
4.80078e+08 37.2529
4.80089e+08 11198.2
4.80659e+08 570439
4.80659e+08 14.9012
4.80794e+08 134230
4.80861e+08 67092.5
4.80861e+08 14.9012
4.80905e+08 44710.9
4.80906e+08 74.5058
4.80917e+08 11183.3
4.80928e+08 11205.7
4.8114e+08 212520
4.8114e+08 7.45058
4.8114e+08 22.3517
4.8114e+08 7.45058
4.8114e+08 7.45058
4.81174e+08 33564.9
4.81208e+08 33542.5
4.81208e+08 7.45058
4.81219e+08 11220.6
4.81219e+08 7.45058
4.81219e+08 7.45058
4.81219e+08 7.45058
4.81219e+08 1
4.8123e+08 11197.2
4.81275e+08 44792.9
4.96429e+08 1.51542e+07
4.972e+08 771187
4.97357e+08 156477
4.97357e+08 7.45058
4.97357e+08 7.45058
4.97357e+08 14.9012
4.9758e+08 223584
4.98374e+08 793532
4.98664e+08 290580
4.99033e+08 368819
4.99033e+08 7.45058
4.99335e+08 301763
5.03956e+08 4.62102e+06
5.0399e+08 33564.9
5.04012e+08 22381.5
5.04616e+08 603966
5.04627e+08 11220.6
5.04761e+08 134237
5.04817e+08 55916.6
5.04828e+08 11183.3
5.04829e+08 7.45058
5.04896e+08 67174.4
5.04907e+08 11190.8
5.04907e+08 7.45058
5.05052e+08 145383
5.05063e+08 11198.2
5.05097e+08 33542.5
5.05097e+08 22.3517
5.05108e+08 11198.2
5.05108e+08 14.9012
5.05108e+08 7.45058
5.05108e+08 14.9012
5.05142e+08 33617
5.05142e+08 7.45058
5.05142e+08 7.45058
5.05142e+08 7.45058
5.05142e+08 7.45058
5.05153e+08 11183.3
5.05153e+08 1
5.05243e+08 89510.3
5.1999e+08 1.47471e+07
5.21018e+08 1.02821e+06
5.21018e+08 7.45058
5.21029e+08 11190.8
5.21029e+08 7.45058
5.21141e+08 111766
5.2237e+08 1.22947e+06
5.23186e+08 815868
5.23332e+08 145294
5.23332e+08 7.45058
5.23332e+08 7.45058
5.23332e+08 7.45058
5.28489e+08 5.15766e+06
5.28489e+08 14.9012
5.28489e+08 14.9012
5.29116e+08 626341
5.29116e+08 7.45058
5.29216e+08 100791
5.29261e+08 44770.5
5.29272e+08 11183.3
5.29272e+08 7.45058
5.2944e+08 167713
5.2944e+08 14.9012
5.29451e+08 11198.2
5.29462e+08 11228
5.29485e+08 22366.6
5.29518e+08 33535.1
5.29518e+08 52.1541
5.29552e+08 33550
5.29563e+08 11183.3
5.29574e+08 11183.3
5.29608e+08 33550
5.2972e+08 111833
5.2972e+08 14.9012
5.2972e+08 7.45058
5.2972e+08 7.45058
5.2972e+08 7.45058
5.2972e+08 7.45058
5.29753e+08 33542.5
5.29753e+08 1
5.29787e+08 33601.1
5.44705e+08 1.49176e+07
5.46225e+08 1.51996e+06
5.46225e+08 7.45058
5.46325e+08 100590
5.46381e+08 55886.8
5.46381e+08 7.45058
5.48136e+08 1.75475e+06
5.49075e+08 938825
5.49198e+08 122957
5.49198e+08 7.45058
5.49198e+08 7.45058
5.49242e+08 44710.9
5.53651e+08 4.40898e+06
5.53696e+08 44725.8
5.53718e+08 22359.2
5.54255e+08 536926
5.54266e+08 11190.8
5.54345e+08 78402.5
5.54535e+08 190139
5.54535e+08 7.45058
5.54535e+08 7.45058
5.54546e+08 11220.6
5.54546e+08 22.3517
5.54546e+08 7.45058
5.54602e+08 55894.3
5.54602e+08 7.45058
5.54613e+08 11183.3
5.54647e+08 33572.3
5.54647e+08 59.6046
5.54647e+08 7.45058
5.54647e+08 7.45058
5.54647e+08 59.6046
5.54837e+08 190035
5.54848e+08 11205.7
5.54871e+08 22359.2
5.54915e+08 44733.3
5.54927e+08 11190.8
5.54927e+08 7.45058
5.54927e+08 7.45058
5.54938e+08 11205.7
5.5496e+08 22374.1
5.5496e+08 1
5.71408e+08 1.64474e+07
5.72324e+08 916459
5.72324e+08 7.45058
5.72324e+08 7.45058
5.72324e+08 7.45058
5.72492e+08 167646
5.73486e+08 994675
5.74068e+08 581183
5.7438e+08 312954
5.7438e+08 7.45058
5.7438e+08 7.45058
5.74503e+08 122949
5.79349e+08 4.84508e+06
5.79393e+08 44733.3
5.79393e+08 7.45058
5.80009e+08 615247
5.8002e+08 11198.2
5.80165e+08 145525
5.8021e+08 44718.4
5.8021e+08 7.45058
5.80221e+08 11183.3
5.80255e+08 33572.3
5.80255e+08 14.9012
5.80255e+08 7.45058
5.80255e+08 7.45058
5.80255e+08 7.45058
5.80266e+08 11183.3
5.80422e+08 156507
5.80467e+08 44733.3
5.8049e+08 22411.3
5.80512e+08 22359.2
5.80546e+08 33564.9
5.80601e+08 55924.1
5.8068e+08 78298.2
5.8068e+08 7.45058
5.8068e+08 7.45058
5.8068e+08 7.45058
5.8068e+08 7.45058
5.8068e+08 22.3517
5.80691e+08 11205.7
5.80702e+08 11220.6
5.80713e+08 11183.3
5.80713e+08 1
5.9709e+08 1.63771e+07
5.98052e+08 961162
5.98052e+08 7.45058
5.98052e+08 7.45058
5.98208e+08 156470
5.98633e+08 424691
5.99594e+08 961170
6.00209e+08 614680
6.00209e+08 7.45058
6.00209e+08 7.45058
6.00209e+08 7.45058
6.00332e+08 122942
6.05523e+08 5.19171e+06
6.05557e+08 33557.4
6.05579e+08 22366.6
6.06217e+08 637591
6.06217e+08 7.45058
6.06407e+08 190213
6.06418e+08 11213.1
6.06418e+08 7.45058
6.06418e+08 7.45058
6.06429e+08 11190.8
6.06429e+08 7.45058
6.06452e+08 22381.5
6.06452e+08 7.45058
6.06452e+08 7.45058
6.06452e+08 7.45058
6.06508e+08 55894.3
6.06564e+08 55916.6
6.06653e+08 89518.7
6.06687e+08 33542.5
6.06732e+08 44755.6
6.06765e+08 33564.9
6.06765e+08 44.7035
6.06776e+08 11183.3
6.06787e+08 11183.3
6.06799e+08 11190.8
6.06799e+08 7.45058
6.06866e+08 67092.5
6.06877e+08 11205.7
6.06899e+08 22396.4
6.06899e+08 7.45058
6.06899e+08 14.9012
6.24013e+08 1.7114e+07
6.24013e+08 1
6.24785e+08 771797
6.24785e+08 7.45058
6.24785e+08 7.45058
6.24942e+08 156477
6.25154e+08 212349
6.25668e+08 514254
6.25668e+08 7.45058
6.25769e+08 100680
6.25769e+08 7.45058
6.25892e+08 122942
6.25892e+08 7.45058
6.28454e+08 2.56255e+06
6.28454e+08 7.45058
6.28454e+08 7.45058
