2352 2000
6352 4000
14352 8000
30352 16000
62352 32000
126352 64000
254352 128000
510352 256000
1.02235e+06 512000
2.04635e+06 1.024e+06
4.09435e+06 2.048e+06
4.22188e+06 127525
4.22188e+06 1
8.36453e+06 4.14265e+06
8.36453e+06 7.45058
1.02585e+07 1.89395e+06
1.02585e+07 1
1.02697e+07 11204.7
1.28971e+07 2.6274e+06
1.28971e+07 7.45058
1.28971e+07 1
1.28971e+07 6.45058
1.50852e+07 2.18807e+06
1.53199e+07 234708
1.53199e+07 7.45058
1.53199e+07 7.45058
1.53199e+07 1
1.89499e+07 3.62999e+06
1.89946e+07 44740.7
1.89946e+07 7.45058
1.9017e+07 22359.2
1.9207e+07 190005
1.9207e+07 1
2.26841e+07 3.47706e+06
2.27624e+07 78305.6
2.27624e+07 22.3517
2.27736e+07 11228
2.28295e+07 55894.3
2.28407e+07 11183.3
2.28407e+07 1
2.6665e+07 3.82434e+06
2.67658e+07 100747
2.68329e+07 67114.8
2.69447e+07 111848
2.69671e+07 22403.9
2.70342e+07 67070.1
2.70678e+07 33535.1
3.09033e+07 3.83553e+06
3.09033e+07 1
3.10152e+07 111959
3.10936e+07 78335.4
3.12948e+07 201218
3.14066e+07 111856
3.14402e+07 33564.9
3.1485e+07 44748.2
3.59242e+07 4.43927e+06
3.59242e+07 7.45058
3.59242e+07 1
3.60586e+07 134363
3.61704e+07 111833
3.61928e+07 22366.6
3.63047e+07 111870
3.63047e+07 7.45058
3.63941e+07 89466.6
4.10349e+07 4.64071e+06
4.10349e+07 7.45058
4.11131e+07 78260.9
4.16275e+07 514381
4.16275e+07 1
4.16611e+07 33578.8
4.16723e+07 11205.7
4.18625e+07 190236
4.18961e+07 33557.4
4.20751e+07 178978
4.69619e+07 4.88679e+06
4.69619e+07 7.45058
4.7096e+07 134133
4.78227e+07 726722
4.78227e+07 7.45058
4.78227e+07 1
4.78227e+07 6.45058
4.78227e+07 7.45058
4.80241e+07 201412
4.80353e+07 11198.2
4.83821e+07 346735
5.40292e+07 5.64716e+06
5.40292e+07 7.45058
5.40404e+07 11183.3
5.44542e+07 413738
5.44542e+07 7.45058
5.44542e+07 7.45058
5.44877e+07 33542.5
5.44877e+07 1
5.45436e+07 55893.3
5.47338e+07 190198
5.47338e+07 7.45058
5.52595e+07 525713
6.13764e+07 6.11684e+06
6.14323e+07 55886.8
6.14323e+07 7.45058
6.17117e+07 279456
6.17453e+07 33572.3
6.17453e+07 7.45058
6.18348e+07 89488.9
6.18348e+07 7.45058
6.18348e+07 1
6.19019e+07 67113.8
6.21368e+07 234902
6.21368e+07 14.9012
6.26178e+07 480965
6.89808e+07 6.36304e+06
6.89809e+07 7.45058
6.90367e+07 55894.3
6.95286e+07 491872
6.96851e+07 156529
6.96852e+07 7.45058
6.97187e+07 33594.7
6.97188e+07 7.45058
6.97188e+07 7.45058
6.97188e+07 1
6.97412e+07 22402.9
7.01325e+07 391357
7.01325e+07 7.45058
7.06135e+07 480957
7.7424e+07 6.81048e+06
7.75469e+07 122949
7.75469e+07 7.45058
7.78264e+07 279523
7.79829e+07 156477
7.80276e+07 44710.9
7.81842e+07 156589
7.81842e+07 7.45058
7.82066e+07 22359.2
7.82066e+07 7.45058
7.82625e+07 55916.6
7.82625e+07 1
7.86874e+07 424921
7.86874e+07 7.45058
7.9269e+07 581592
8.58004e+07 6.53134e+06
8.58004e+07 7.45058
8.58339e+07 33542.5
8.65716e+07 737704
8.66611e+07 89466.6
8.66611e+07 7.45058
8.7153e+07 491887
8.72312e+07 78238.5
8.72424e+07 11213.1
8.73207e+07 78275.8
8.73654e+07 44718.4
8.74325e+07 67070.1
8.74325e+07 1
8.77232e+07 290728
8.77232e+07 7.45058
8.84053e+07 682063
9.48253e+07 6.42001e+06
9.48253e+07 7.45058
9.48253e+07 7.45058
9.61667e+07 1.34132e+06
9.64909e+07 324234
9.64909e+07 7.45058
9.67368e+07 245951
9.67369e+07 7.45058
9.67369e+07 7.45058
9.67592e+07 22359.2
9.68151e+07 55894.3
9.68487e+07 33550
9.68487e+07 7.45058
9.71953e+07 346668
9.71953e+07 1
9.71953e+07 6.45058
9.82127e+07 1.01738e+06
1.04555e+08 6.34211e+06
1.04678e+08 122942
1.04678e+08 7.45058
1.05539e+08 860751
1.06511e+08 972457
1.066e+08 89421.9
1.06824e+08 223577
1.06824e+08 7.45058
1.06824e+08 7.45058
1.06925e+08 100598
1.06925e+08 7.45058
1.06958e+08 33572.3
1.06981e+08 22381.5
1.07305e+08 324316
1.07305e+08 7.45058
1.07305e+08 1
1.07327e+08 22358.2
1.08468e+08 1.14026e+06
1.15928e+08 7.46016e+06
1.15928e+08 7.45058
1.15928e+08 7.45058
1.16252e+08 324272
1.17068e+08 815935
1.17157e+08 89421.9
1.17169e+08 11198.2
1.17169e+08 7.45058
1.17202e+08 33535.1
1.17258e+08 55886.8
1.17303e+08 44710.9
1.1737e+08 67077.6
1.17448e+08 78238.5
1.18074e+08 626214
1.18074e+08 7.45058
1.18074e+08 7.45058
1.18085e+08 11183.3
1.18085e+08 1
1.19393e+08 1.30784e+06
1.26932e+08 7.5388e+06
1.26932e+08 7.45058
1.26932e+08 7.45058
1.27323e+08 391304
1.2786e+08 536561
1.28106e+08 245884
1.28385e+08 279427
1.2843e+08 44733.3
1.2843e+08 7.45058
1.2843e+08 7.45058
1.2843e+08 7.45058
1.28486e+08 55894.3
1.28497e+08 11190.8
1.29358e+08 860929
1.29358e+08 7.45058
1.29358e+08 7.45058
1.29481e+08 122964
1.29481e+08 7.45058
1.29481e+08 1
1.30912e+08 1.43079e+06
1.39066e+08 8.15386e+06
1.39066e+08 29.8023
1.39077e+08 11183.3
1.39312e+08 234775
1.39602e+08 290640
1.40116e+08 514157
1.40116e+08 7.45058
1.40139e+08 22359.2
1.40139e+08 7.45058
1.40139e+08 7.45058
1.40139e+08 7.45058
1.40139e+08 7.45058
1.40228e+08 89414.4
1.41011e+08 782616
1.41022e+08 11198.2
1.41022e+08 7.45058
1.41089e+08 67204.2
1.41089e+08 7.45058
1.41123e+08 33542.5
1.42889e+08 1.76611e+06
1.42889e+08 1
1.51267e+08 8.37763e+06
1.51367e+08 100635
1.51378e+08 11190.8
1.51535e+08 156529
1.5168e+08 145361
1.52016e+08 335388
1.52016e+08 7.45058
1.52016e+08 7.45058
1.52016e+08 7.45058
1.52016e+08 7.45058
1.52016e+08 7.45058
1.52016e+08 7.45058
1.52016e+08 7.45058
1.53536e+08 1.52022e+06
1.53547e+08 11228
1.53558e+08 11183.3
1.53659e+08 100717
1.53681e+08 22366.6
1.53704e+08 22403.9
1.55347e+08 1.64312e+06
1.55392e+08 44718.4
1.55392e+08 1
1.64116e+08 8.72444e+06
1.64396e+08 279486
1.64485e+08 89421.9
1.64574e+08 89466.6
1.64653e+08 78238.5
1.64776e+08 122987
1.64776e+08 7.45058
1.64776e+08 7.45058
1.64888e+08 111826
1.6501e+08 122979
1.65011e+08 7.45058
1.65011e+08 7.45058
1.65022e+08 11213.1
1.66475e+08 1.45306e+06
1.66542e+08 67159.5
1.66542e+08 7.45058
1.66598e+08 56088
1.66598e+08 7.45058
1.66665e+08 67099.9
1.68197e+08 1.53138e+06
1.68342e+08 145316
1.68342e+08 7.45058
1.76932e+08 8.59039e+06
1.76932e+08 1
1.77156e+08 223576
1.77178e+08 22381.5
1.77491e+08 313051
1.77491e+08 7.45058
1.77704e+08 212371
1.77715e+08 11183.3
1.77715e+08 7.45058
1.77838e+08 122972
1.77972e+08 134185
1.78017e+08 44718.4
1.78017e+08 7.45058
1.78497e+08 480704
1.79839e+08 1.34131e+06
1.79884e+08 44792.9
1.79884e+08 7.45058
1.7994e+08 56117.8
1.7994e+08 7.45058
1.79973e+08 33542.5
1.81594e+08 1.62073e+06
1.81661e+08 67062.7
1.81773e+08 111781
1.90643e+08 8.87004e+06
1.90732e+08 89429.3
1.90732e+08 1
1.91168e+08 435955
1.91191e+08 22359.2
1.91537e+08 346549
1.91537e+08 7.45058
1.91537e+08 7.45058
1.91537e+08 7.45058
1.91537e+08 7.45058
1.91537e+08 7.45058
1.91694e+08 156485
1.91694e+08 7.45058
1.91694e+08 7.45058
1.92219e+08 525467
1.93683e+08 1.4644e+06
1.93795e+08 111789
1.93806e+08 11190.8
1.93907e+08 100762
1.93918e+08 11190.8
1.93963e+08 44748.2
1.95606e+08 1.64312e+06
1.95606e+08 7.45058
1.95796e+08 190035
2.05058e+08 9.26154e+06
2.05125e+08 67077.6
2.05147e+08 22366.6
2.0527e+08 122957
2.0527e+08 1
2.0527e+08 6.45058
2.05661e+08 391200
2.05661e+08 7.45058
2.05661e+08 7.45058
2.05662e+08 7.45058
2.05662e+08 7.45058
2.0574e+08 78238.5
2.05784e+08 44710.9
2.05784e+08 7.45058
2.0584e+08 55886.8
2.06299e+08 458449
2.0821e+08 1.91154e+06
2.08322e+08 111811
2.08322e+08 52.1541
2.08445e+08 123076
2.08456e+08 11183.3
2.08512e+08 55894.3
2.09775e+08 1.26313e+06
2.10055e+08 279412
2.10323e+08 268266
2.19864e+08 9.54125e+06
2.19887e+08 22366.6
2.19909e+08 22374.1
2.19909e+08 7.45058
2.19909e+08 7.45058
2.19909e+08 1
2.19909e+08 6.45058
2.20122e+08 212386
2.20122e+08 7.45058
2.20155e+08 33542.5
2.20245e+08 89429.3
2.20245e+08 7.45058
2.20245e+08 7.45058
2.20245e+08 7.45058
2.20245e+08 7.45058
2.20245e+08 7.45058
2.2096e+08 715502
2.23028e+08 2.06803e+06
2.23196e+08 167698
2.23341e+08 145376
2.23542e+08 201270
2.23565e+08 22359.2
2.2361e+08 44748.2
2.24996e+08 1.38605e+06
2.25186e+08 190005
2.2551e+08 324212
2.35398e+08 9.88799e+06
2.35398e+08 7.45058
2.35398e+08 7.45058
2.35398e+08 7.45058
2.35398e+08 7.45058
2.35398e+08 7.45058
2.35398e+08 7.45058
2.35398e+08 1
2.35443e+08 44724.8
2.35465e+08 22381.5
2.3551e+08 44725.8
2.35521e+08 11198.2
2.35521e+08 7.45058
2.35521e+08 7.45058
2.35532e+08 11190.8
2.35532e+08 7.45058
2.35566e+08 33535.1
2.36527e+08 961415
2.38606e+08 2.07922e+06
2.38763e+08 156514
2.38908e+08 145383
2.39109e+08 201225
2.39154e+08 44725.8
2.39299e+08 145376
2.40786e+08 1.48661e+06
2.40842e+08 55894.3
2.41278e+08 436008
2.51222e+08 9.94406e+06
2.51222e+08 7.45058
2.51256e+08 33550
2.51256e+08 7.45058
2.51278e+08 22374.1
2.51278e+08 7.45058
2.51278e+08 7.45058
2.51278e+08 7.45058
2.51278e+08 1
2.513e+08 22373.1
2.51401e+08 100620
2.51446e+08 44710.9
2.51468e+08 22381.5
2.51468e+08 7.45058
2.51468e+08 7.45058
2.51491e+08 22374.1
2.51524e+08 33557.4
2.51546e+08 22359.2
2.52564e+08 1.01733e+06
2.54755e+08 2.19105e+06
2.54922e+08 167690
2.55101e+08 178881
2.55325e+08 223577
2.55359e+08 33587.2
2.55493e+08 134155
2.56935e+08 1.44191e+06
2.56979e+08 44718.4
2.57572e+08 592515
2.67907e+08 1.03355e+07
2.67907e+08 7.45058
2.67907e+08 7.45058
2.67907e+08 7.45058
2.67907e+08 7.45058
2.67907e+08 7.45058
2.67907e+08 7.45058
2.6793e+08 22366.6
2.67952e+08 22366.6
2.67952e+08 14.9012
2.67952e+08 1
2.67963e+08 11189.8
2.67963e+08 7.45058
2.67986e+08 22389
2.67986e+08 7.45058
2.67986e+08 7.45058
2.6803e+08 44733.3
2.68086e+08 55924.1
2.68098e+08 11183.3
2.69462e+08 1.36398e+06
2.71507e+08 2.04567e+06
2.71686e+08 178874
2.71843e+08 156522
2.72144e+08 301808
2.72223e+08 78298.2
2.72335e+08 111796
2.73676e+08 1.34131e+06
2.73732e+08 55901.7
2.74738e+08 1.0061e+06
2.85018e+08 1.02797e+07
2.85018e+08 7.45058
2.85018e+08 7.45058
2.85018e+08 7.45058
2.8504e+08 22359.2
2.85096e+08 55909.2
2.85096e+08 7.45058
2.85118e+08 22359.2
2.85141e+08 22396.4
2.85152e+08 11190.8
2.85152e+08 7.45058
2.85152e+08 1
2.85152e+08 6.45058
2.85163e+08 11205.7
2.85197e+08 33557.4
2.85208e+08 11183.3
2.85208e+08 7.45058
2.8523e+08 22396.4
2.85286e+08 55939
2.85286e+08 14.9012
2.8674e+08 1.45347e+06
2.88897e+08 2.15743e+06
2.89087e+08 190042
2.89143e+08 55931.5
2.89579e+08 435986
2.89702e+08 122964
2.89791e+08 89414.4
2.90943e+08 1.15131e+06
2.91032e+08 89429.3
2.92619e+08 1.58734e+06
3.02799e+08 1.01794e+07
3.02799e+08 7.45058
3.02799e+08 7.45058
3.02799e+08 7.45058
3.02821e+08 22396.4
3.029e+08 78246
3.029e+08 7.45058
3.029e+08 7.45058
3.02933e+08 33535.1
3.02933e+08 14.9012
3.02944e+08 11183.3
3.02944e+08 7.45058
3.02944e+08 7.45058
3.02944e+08 1
3.02978e+08 33556.4
3.03e+08 22381.5
3.03e+08 7.45058
3.03e+08 7.45058
3.03045e+08 44740.7
3.03123e+08 78328
3.03123e+08 7.45058
3.04566e+08 1.44244e+06
3.06902e+08 2.33622e+06
3.07126e+08 223570
3.07181e+08 55894.3
3.07517e+08 335395
3.07718e+08 201181
3.0783e+08 111789
3.09126e+08 1.29663e+06
3.09182e+08 55901.7
3.10915e+08 1.73263e+06
3.21251e+08 1.03361e+07
3.21251e+08 7.45058
3.21285e+08 33535.1
3.21285e+08 7.45058
3.21285e+08 14.9012
3.21285e+08 7.45058
3.21296e+08 11183.3
3.21307e+08 11183.3
3.21307e+08 7.45058
3.21329e+08 22366.6
3.21329e+08 7.45058
3.21329e+08 7.45058
3.21352e+08 22366.6
3.21352e+08 7.45058
3.21352e+08 1
3.21374e+08 22402.9
3.21397e+08 22374.1
3.21397e+08 7.45058
3.21397e+08 7.45058
3.21408e+08 11190.8
3.21486e+08 78283.3
3.2152e+08 33557.4
3.23018e+08 1.49845e+06
3.25343e+08 2.32505e+06
3.25522e+08 178874
3.256e+08 78253.4
3.26126e+08 525355
3.26338e+08 212364
3.26472e+08 134133
3.2759e+08 1.11777e+06
3.27836e+08 245929
3.29881e+08 2.0456e+06
3.40072e+08 1.01911e+07
3.40072e+08 7.45058
3.40072e+08 7.45058
3.40084e+08 11183.3
3.40117e+08 33557.4
3.40162e+08 44710.9
3.40207e+08 44718.4
3.40207e+08 7.45058
3.40218e+08 11183.3
3.40318e+08 100605
3.4033e+08 11183.3
3.40352e+08 22366.6
3.40386e+08 33535.1
3.40386e+08 7.45058
3.40386e+08 7.45058
3.40397e+08 11205.7
3.40397e+08 1
3.40419e+08 22373.1
3.40419e+08 7.45058
3.40419e+08 7.45058
3.40419e+08 7.45058
3.40464e+08 44725.8
3.40486e+08 22418.8
3.42018e+08 1.53204e+06
3.44209e+08 2.19094e+06
3.44612e+08 402458
3.44668e+08 55894.3
3.45428e+08 760026
3.45539e+08 111789
3.45629e+08 89429.3
3.46735e+08 1.10655e+06
3.4706e+08 324197
3.49329e+08 2.26912e+06
3.5961e+08 1.02808e+07
3.5961e+08 7.45058
3.5961e+08 7.45058
3.5961e+08 7.45058
3.59621e+08 11183.3
3.59632e+08 11183.3
3.59632e+08 7.45058
3.59632e+08 7.45058
3.59632e+08 7.45058
3.59632e+08 14.9012
3.59632e+08 7.45058
3.59654e+08 22366.6
3.59654e+08 7.45058
3.59654e+08 7.45058
3.59688e+08 33542.5
3.59811e+08 122972
3.59822e+08 11190.8
3.59822e+08 1
3.59934e+08 111795
3.59979e+08 44718.4
3.60046e+08 67077.6
3.60068e+08 22374.1
3.6009e+08 22359.2
3.60157e+08 67114.8
3.61611e+08 1.45388e+06
3.63724e+08 2.11264e+06
3.64339e+08 614829
3.64406e+08 67085
3.64965e+08 558853
3.65132e+08 167683
3.65244e+08 111766
3.66496e+08 1.25191e+06
3.66899e+08 402443
3.69045e+08 2.14609e+06
3.79672e+08 1.06276e+07
3.79672e+08 7.45058
3.79672e+08 7.45058
3.79672e+08 7.45058
3.79672e+08 7.45058
3.79672e+08 7.45058
3.79683e+08 11183.3
3.79683e+08 7.45058
3.79695e+08 11190.8
3.79739e+08 44725.8
3.79739e+08 7.45058
3.79818e+08 78238.5
3.7984e+08 22359.2
3.79874e+08 33535.1
3.79918e+08 44710.9
3.79996e+08 78253.4
3.8003e+08 33572.3
3.8003e+08 7.45058
3.80075e+08 44710.9
3.80075e+08 1
3.80097e+08 22365.6
3.80142e+08 44740.7
3.80187e+08 44733.3
3.80187e+08 7.45058
3.80265e+08 78260.9
3.81887e+08 1.62165e+06
3.83664e+08 1.77733e+06
3.84692e+08 1.02829e+06
3.84804e+08 111818
3.8515e+08 346482
3.85318e+08 167668
3.85385e+08 67099.9
3.86626e+08 1.24082e+06
3.87353e+08 726521
3.89476e+08 2.12363e+06
4.00417e+08 1.09409e+07
4.00417e+08 7.45058
4.00439e+08 22359.2
4.00451e+08 11198.2
4.00451e+08 7.45058
4.00451e+08 7.45058
4.00451e+08 7.45058
4.00451e+08 14.9012
4.00462e+08 11213.1
4.00473e+08 11190.8
4.00484e+08 11190.8
4.00495e+08 11183.3
4.00495e+08 7.45058
4.00495e+08 7.45058
4.00507e+08 11190.8
4.0063e+08 122942
4.00842e+08 212379
4.00842e+08 7.45058
4.00842e+08 7.45058
4.00842e+08 14.9012
4.00842e+08 1
4.00842e+08 6.45058
4.00876e+08 33550
4.00876e+08 14.9012
4.00887e+08 11183.3
4.0092e+08 33550
4.02698e+08 1.77819e+06
4.04219e+08 1.52031e+06
4.05538e+08 1.31887e+06
4.06085e+08 547722
4.06197e+08 111766
4.06365e+08 167690
4.06421e+08 55894.3
4.07852e+08 1.43086e+06
4.08746e+08 894137
4.10378e+08 1.63185e+06
4.21777e+08 1.13994e+07
4.21777e+08 7.45058
4.21788e+08 11190.8
4.21799e+08 11190.8
4.21811e+08 11190.8
4.21811e+08 7.45058
4.21822e+08 11220.6
4.21822e+08 7.45058
4.21855e+08 33542.5
4.21878e+08 22359.2
4.21878e+08 7.45058
4.21889e+08 11183.3
4.219e+08 11190.8
4.21911e+08 11183.3
4.21911e+08 37.2529
4.21911e+08 14.9012
4.22191e+08 279441
4.22213e+08 22366.6
4.22224e+08 11183.3
4.22247e+08 22359.2
4.22247e+08 14.9012
4.22269e+08 22374.1
4.22269e+08 1
4.22269e+08 13.9012
4.22291e+08 22359.2
4.22314e+08 22359.2
4.22314e+08 14.9012
4.24181e+08 1.86767e+06
4.25758e+08 1.57616e+06
4.27076e+08 1.31886e+06
4.27736e+08 659540
4.27814e+08 78253.4
4.27915e+08 100590
4.2796e+08 44718.4
4.30083e+08 2.12382e+06
4.30743e+08 659451
4.32118e+08 1.37478e+06
4.43562e+08 1.14442e+07
4.43562e+08 7.45058
4.43651e+08 89459.1
4.43651e+08 7.45058
4.43663e+08 11183.3
4.43663e+08 7.45058
4.43752e+08 89474
4.43752e+08 7.45058
4.43752e+08 7.45058
4.43763e+08 11183.3
4.43763e+08 7.45058
4.43763e+08 22.3517
4.43797e+08 33557.4
4.43819e+08 22359.2
4.43964e+08 145368
4.44076e+08 111803
4.44177e+08 100598
4.44199e+08 22366.6
4.4421e+08 11183.3
4.4421e+08 7.45058
4.44244e+08 33557.4
4.44266e+08 22359.2
4.44266e+08 7.45058
4.44266e+08 1
4.44266e+08 6.45058
4.44266e+08 7.45058
4.44266e+08 7.45058
4.44278e+08 11205.7
4.46235e+08 1.95704e+06
4.47632e+08 1.39741e+06
4.49119e+08 1.48649e+06
4.49845e+08 726625
4.49879e+08 33550
4.4999e+08 111774
4.50035e+08 44718.4
4.5283e+08 2.79444e+06
4.53243e+08 413567
4.54294e+08 1.05064e+06
4.66074e+08 1.17798e+07
4.66085e+08 11183.3
4.66185e+08 100665
4.66185e+08 7.45058
4.66208e+08 22359.2
4.66219e+08 11213.1
4.6632e+08 100665
4.66353e+08 33535.1
4.66364e+08 11183.3
4.66376e+08 11198.2
4.66376e+08 7.45058
4.66409e+08 33550
4.66409e+08 7.45058
4.66409e+08 7.45058
4.66521e+08 111796
4.66644e+08 123002
4.667e+08 55909.2
4.66778e+08 78260.9
4.66778e+08 7.45058
4.66789e+08 11190.8
4.66812e+08 22359.2
4.66834e+08 22374.1
4.66834e+08 7.45058
4.66834e+08 7.45058
4.66834e+08 1
4.66834e+08 6.45058
4.66834e+08 7.45058
4.66834e+08 7.45058
4.66834e+08 22.3517
4.68847e+08 2.01298e+06
4.70613e+08 1.76623e+06
4.71787e+08 1.17353e+06
4.72592e+08 804886
4.72636e+08 44725.8
4.72704e+08 67085
4.72804e+08 100605
4.75777e+08 2.97328e+06
4.76068e+08 290595
4.77096e+08 1.02831e+06
4.8901e+08 1.19141e+07
4.89022e+08 11198.2
4.89301e+08 279568
4.89346e+08 44710.9
4.89368e+08 22366.6
4.89413e+08 44710.9
4.89458e+08 44785.4
4.89458e+08 7.45058
4.8948e+08 22381.5
4.89525e+08 44710.9
4.89525e+08 7.45058
4.89547e+08 22359.2
4.89547e+08 7.45058
4.89558e+08 11205.7
4.89626e+08 67077.6
4.89749e+08 122987
4.89849e+08 100620
4.89883e+08 33535.1
4.89883e+08 7.45058
4.89883e+08 22.3517
4.89883e+08 7.45058
4.89894e+08 11220.6
4.89894e+08 22.3517
4.89927e+08 33535.1
4.8995e+08 22374.1
4.90006e+08 55901.7
4.90006e+08 1
4.90006e+08 21.3517
4.90028e+08 22359.2
4.90028e+08 7.45058
4.91873e+08 1.84532e+06
4.93975e+08 2.10147e+06
4.95003e+08 1.02828e+06
4.9583e+08 827238
4.95886e+08 55924.1
4.95942e+08 55901.7
4.963e+08 357673
4.99273e+08 2.97331e+06
4.99385e+08 111774
5.00492e+08 1.10655e+06
5.12685e+08 1.21936e+07
5.12719e+08 33602.1
5.13021e+08 301965
5.13032e+08 11183.3
5.13054e+08 22359.2
5.13054e+08 7.45058
5.13121e+08 67122.3
5.13121e+08 7.45058
5.13144e+08 22389
5.13144e+08 7.45058
5.13155e+08 11183.3
5.13155e+08 7.45058
5.13155e+08 7.45058
5.13222e+08 67085
5.13256e+08 33535.1
5.1339e+08 134200
5.13401e+08 11183.3
5.13446e+08 44710.9
5.13446e+08 7.45058
5.13491e+08 44725.8
5.13513e+08 22359.2
5.13614e+08 100672
5.13647e+08 33542.5
5.13647e+08 14.9012
5.13781e+08 134148
5.13781e+08 29.8023
5.13781e+08 7.45058
5.13781e+08 1
5.13792e+08 11197.2
5.13792e+08 7.45058
5.13793e+08 7.45058
5.15738e+08 1.94594e+06
5.1794e+08 2.20203e+06
5.18645e+08 704117
5.19807e+08 1.16264e+06
5.19863e+08 55901.7
5.19863e+08 7.45058
5.20254e+08 391223
5.23384e+08 3.12978e+06
5.23529e+08 145309
5.24424e+08 894174
5.36796e+08 1.23726e+07
5.36897e+08 100650
5.37076e+08 178948
5.37087e+08 11198.2
5.37087e+08 7.45058
5.37087e+08 7.45058
5.37132e+08 44725.8
5.37132e+08 7.45058
5.37221e+08 89481.5
5.37255e+08 33557.4
5.37311e+08 55901.7
5.37311e+08 67.0552
5.37356e+08 44733.3
5.37389e+08 33602.1
5.37434e+08 44733.3
5.37669e+08 234783
5.37725e+08 55924.1
5.37769e+08 44725.8
5.37769e+08 7.45058
5.37781e+08 11190.8
5.37781e+08 7.45058
5.38004e+08 223622
5.38049e+08 44725.8
5.38071e+08 22359.2
5.38094e+08 22389
5.38138e+08 44740.7
5.38138e+08 7.45058
5.38138e+08 7.45058
5.38138e+08 7.45058
5.38138e+08 1
5.38138e+08 6.45058
5.38138e+08 7.45058
5.39928e+08 1.7895e+06
5.42331e+08 2.40318e+06
5.42923e+08 592358
5.44343e+08 1.4197e+06
5.44343e+08 22.3517
5.44354e+08 11183.3
5.44746e+08 391245
5.48121e+08 3.37568e+06
5.48121e+08 7.45058
5.48892e+08 771232
5.61601e+08 1.27082e+07
5.61634e+08 33542.5
5.6178e+08 145383
5.61802e+08 22411.3
5.61802e+08 7.45058
5.61802e+08 7.45058
5.61802e+08 14.9012
5.61802e+08 7.45058
5.61903e+08 100650
5.61947e+08 44725.8
5.61959e+08 11205.7
5.62059e+08 100598
5.6207e+08 11198.2
5.62115e+08 44725.8
5.62115e+08 29.8023
5.62272e+08 156581
5.62361e+08 89548.5
5.62361e+08 7.45058
5.6244e+08 78238.5
5.62462e+08 22359.2
5.62484e+08 22366.6
5.62909e+08 424929
5.62987e+08 78238.5
5.6301e+08 22366.6
5.63155e+08 145361
5.63211e+08 55931.5
5.63222e+08 11190.8
5.63222e+08 7.45058
5.63222e+08 7.45058
5.63234e+08 11213.1
5.63234e+08 1
5.63234e+08 6.45058
5.63234e+08 7.45058
5.64755e+08 1.52123e+06
5.67326e+08 2.5708e+06
5.68052e+08 726461
5.69449e+08 1.3974e+06
5.69505e+08 55909.2
5.69505e+08 7.45058
5.69953e+08 447199
5.73026e+08 3.07384e+06
5.73105e+08 78238.5
5.74111e+08 1.00594e+06
5.86953e+08 1.28425e+07
5.86953e+08 7.45058
5.87121e+08 167690
5.87233e+08 111841
5.87233e+08 7.45058
5.87233e+08 7.45058
5.87233e+08 7.45058
5.87233e+08 7.45058
5.87266e+08 33594.7
5.87289e+08 22381.5
5.87289e+08 37.2529
5.87289e+08 7.45058
5.87311e+08 22359.2
5.87322e+08 11190.8
5.87345e+08 22366.6
5.87546e+08 201285
5.87613e+08 67129.7
5.87613e+08 7.45058
5.87635e+08 22389
5.87635e+08 7.45058
5.87703e+08 67167
5.88295e+08 592694
5.88318e+08 22359.2
5.88418e+08 100605
5.88608e+08 190035
5.88731e+08 122972
5.88754e+08 22366.6
5.88754e+08 7.45058
5.88754e+08 7.45058
5.88787e+08 33617
5.88787e+08 59.6046
5.88787e+08 14.9012
5.88787e+08 1
5.88787e+08 13.9012
5.90342e+08 1.55475e+06
5.93092e+08 2.74958e+06
5.93505e+08 413544
5.9516e+08 1.65444e+06
5.95171e+08 11190.8
5.95182e+08 11198.2
5.95909e+08 726596
5.98424e+08 2.51506e+06
5.9858e+08 156470
5.99955e+08 1.37474e+06
6.11155e+08 1.11999e+07
6.11155e+08 7.45058
6.11211e+08 55931.5
