2724 2000
6724 4000
14724 8000
30724 16000
62724 32000
126724 64000
254724 128000
510724 256000
1.02272e+06 512000
2.04672e+06 1.024e+06
4.09472e+06 2.048e+06
5.37543e+06 1.2807e+06
5.37543e+06 1
8.29523e+06 2.9198e+06
8.29523e+06 7.45058
1.00059e+07 1.71063e+06
1.00059e+07 1
1.00059e+07 6.45058
1.15865e+07 1.58062e+06
1.15865e+07 7.45058
1.15865e+07 1
1.15865e+07 6.45058
1.51305e+07 3.54403e+06
1.51307e+07 134.11
1.51307e+07 7.45058
1.51307e+07 7.45058
1.51307e+07 1
1.77784e+07 2.64772e+06
1.78902e+07 111803
1.78902e+07 7.45058
1.78902e+07 7.45058
1.79126e+07 22396.4
1.79126e+07 1
2.22634e+07 4.35081e+06
2.23082e+07 44807.8
2.23083e+07 22.3517
2.23083e+07 7.45058
2.23531e+07 44785.4
2.23531e+07 52.1541
2.23531e+07 1
2.6232e+07 3.87889e+06
2.63775e+07 145517
2.63775e+07 7.45058
2.63775e+07 7.45058
2.65565e+07 178948
2.66124e+07 55909.2
2.66236e+07 11183.3
3.04951e+07 3.87149e+06
3.04951e+07 1
3.08976e+07 402576
3.09312e+07 33587.2
3.09424e+07 11220.6
3.11661e+07 223652
3.1222e+07 55939
3.1222e+07 7.45058
3.51783e+07 3.95621e+06
3.52454e+07 67196.8
3.52454e+07 1
3.56705e+07 425025
3.57487e+07 78275.8
3.57823e+07 33550
3.58941e+07 111781
3.59949e+07 100806
3.59949e+07 7.45058
4.07478e+07 4.75294e+06
4.07815e+07 33661.7
4.07815e+07 7.45058
4.13742e+07 592709
4.13742e+07 1
4.13966e+07 22365.6
4.13966e+07 7.45058
4.14189e+07 22359.2
4.16763e+07 257328
4.16763e+07 7.45058
4.66074e+07 4.93113e+06
4.68423e+07 234857
4.68423e+07 7.45058
4.72452e+07 402935
4.72676e+07 22366.6
4.72676e+07 1
4.73682e+07 100612
4.73906e+07 22374.1
4.74129e+07 22366.6
4.77038e+07 290856
4.77038e+07 7.45058
5.31551e+07 5.45129e+06
5.3211e+07 55939
5.32222e+07 11183.3
5.40612e+07 838958
5.40947e+07 33572.3
5.40947e+07 7.45058
5.40948e+07 7.45058
5.40948e+07 1
5.40948e+07 6.45058
5.40948e+07 7.45058
5.44191e+07 324376
5.44192e+07 7.45058
6.05635e+07 6.14436e+06
6.05859e+07 22366.6
6.05971e+07 11213.1
6.15256e+07 928499
6.15815e+07 55909.2
6.15815e+07 37.2529
6.15927e+07 11190.8
6.15927e+07 22.3517
6.15927e+07 1
6.15928e+07 6.45058
6.16263e+07 33542.5
6.18949e+07 268571
6.18949e+07 22.3517
6.81341e+07 6.23923e+06
6.81565e+07 22359.2
6.81788e+07 22366.6
6.92305e+07 1.05165e+06
6.92305e+07 37.2529
6.92641e+07 33535.1
6.92641e+07 22.3517
6.92753e+07 11190.8
6.92977e+07 22374.1
6.92977e+07 1
6.932e+07 22358.2
6.93312e+07 11190.8
6.95327e+07 201501
6.95327e+07 7.45058
7.65325e+07 6.99981e+06
7.65325e+07 7.45058
7.65325e+07 7.45058
7.8065e+07 1.53244e+06
7.8065e+07 14.9012
7.8065e+07 7.45058
7.8065e+07 7.45058
7.8065e+07 7.45058
7.80874e+07 22359.2
7.80874e+07 7.45058
7.80874e+07 7.45058
7.80874e+07 1
7.80874e+07 6.45058
7.84342e+07 346817
7.84342e+07 7.45058
8.45167e+07 6.08245e+06
8.45167e+07 7.45058
8.45167e+07 7.45058
8.69098e+07 2.39311e+06
8.69098e+07 7.45058
8.69433e+07 33542.5
8.69881e+07 44718.4
8.69881e+07 7.45058
8.69881e+07 7.45058
8.69881e+07 7.45058
8.69881e+07 7.45058
8.69881e+07 7.45058
8.69881e+07 1
8.69881e+07 6.45058
8.7279e+07 290915
8.7279e+07 7.45058
9.41312e+07 6.85213e+06
9.42541e+07 122942
9.43659e+07 111766
9.69603e+07 2.5944e+06
9.69603e+07 7.45058
9.70609e+07 100628
9.71056e+07 44725.8
9.71056e+07 7.45058
9.71056e+07 7.45058
9.71057e+07 7.45058
9.71057e+07 7.45058
9.7128e+07 22359.2
9.71504e+07 22374.1
9.71504e+07 7.45058
9.71504e+07 1
9.73854e+07 235035
9.73854e+07 7.45058
1.03872e+08 6.48616e+06
1.03872e+08 7.45058
1.03872e+08 7.45058
1.06936e+08 3.06389e+06
1.06958e+08 22366.6
1.0698e+08 22359.2
1.07059e+08 78260.9
1.07059e+08 7.45058
1.07081e+08 22374.1
1.07081e+08 7.45058
1.07081e+08 7.45058
1.07081e+08 7.45058
1.07092e+08 11183.3
1.07103e+08 11205.7
1.07103e+08 7.45058
1.07103e+08 1
1.07394e+08 290929
1.07394e+08 7.45058
1.14473e+08 7.07923e+06
1.1463e+08 156470
1.1463e+08 7.45058
1.17917e+08 3.28751e+06
1.17962e+08 44748.2
1.17996e+08 33535.1
1.17996e+08 44.7035
1.17996e+08 7.45058
1.17996e+08 7.45058
1.17996e+08 7.45058
1.17996e+08 7.45058
1.17996e+08 7.45058
1.17996e+08 7.45058
1.18029e+08 33550
1.18052e+08 22366.6
1.18085e+08 33535.1
1.18454e+08 369154
1.18454e+08 1
1.18454e+08 6.45058
1.25707e+08 7.25296e+06
1.25707e+08 7.45058
1.25707e+08 7.45058
1.29185e+08 3.47749e+06
1.29207e+08 22403.9
1.29207e+08 7.45058
1.29219e+08 11198.2
1.2923e+08 11213.1
1.29241e+08 11190.8
1.29297e+08 55894.3
1.2933e+08 33550
1.2933e+08 7.45058
1.29342e+08 11183.3
1.29364e+08 22359.2
1.29364e+08 29.8023
1.29364e+08 7.45058
1.29655e+08 290915
1.29655e+08 14.9012
1.29655e+08 1
1.29666e+08 11227
1.38287e+08 8.62134e+06
1.38556e+08 268228
1.38679e+08 122942
1.41273e+08 2.59459e+06
1.41307e+08 33557.4
1.41318e+08 11183.3
1.41329e+08 11280.2
1.41329e+08 14.9012
1.41352e+08 22359.2
1.41396e+08 44740.7
1.41396e+08 7.45058
1.41419e+08 22359.2
1.41463e+08 44718.4
1.41475e+08 11190.8
1.41508e+08 33557.4
1.41508e+08 29.8023
1.41788e+08 279710
1.41788e+08 52.1541
1.41788e+08 7.45058
1.41788e+08 59.6046
1.41788e+08 1
1.51011e+08 9.22305e+06
1.51011e+08 7.45058
1.51011e+08 7.45058
1.53896e+08 2.88524e+06
1.53908e+08 11220.6
1.53908e+08 7.45058
1.53952e+08 44770.5
1.53952e+08 7.45058
1.53952e+08 7.45058
1.54008e+08 55909.2
1.54019e+08 11205.7
1.54053e+08 33542.5
1.54087e+08 33550
1.54098e+08 11198.2
1.5412e+08 22389
1.5412e+08 7.45058
1.544e+08 279620
1.54445e+08 44867.4
1.54445e+08 7.45058
1.54445e+08 29.8023
1.54445e+08 7.45058
1.54445e+08 1
1.64544e+08 1.00996e+07
1.64544e+08 7.45058
1.6469e+08 145294
1.67396e+08 2.70645e+06
1.67407e+08 11190.8
1.67407e+08 7.45058
1.67441e+08 33609.6
1.67463e+08 22359.2
1.67463e+08 7.45058
1.67474e+08 11213.1
1.67497e+08 22374.1
1.67497e+08 14.9012
1.67542e+08 44748.2
1.67564e+08 22366.6
1.6762e+08 55953.9
1.67631e+08 11183.3
1.67877e+08 246078
1.68e+08 123076
1.68e+08 52.1541
1.68012e+08 11220.6
1.68012e+08 7.45058
1.68012e+08 7.45058
1.7757e+08 9.55805e+06
1.7757e+08 1
1.7757e+08 6.45058
1.7757e+08 7.45058
1.80421e+08 2.85172e+06
1.80444e+08 22403.9
1.80455e+08 11183.3
1.80533e+08 78268.3
1.80533e+08 22.3517
1.80533e+08 7.45058
1.80556e+08 22374.1
1.806e+08 44770.5
1.80645e+08 44725.8
1.80735e+08 89459.1
1.80768e+08 33535.1
1.80813e+08 44740.7
1.80824e+08 11190.8
1.81025e+08 201330
1.81059e+08 33684.1
1.81059e+08 104.308
1.81059e+08 29.8023
1.8107e+08 11205.7
1.8107e+08 7.45058
1.91104e+08 1.00339e+07
1.91227e+08 122949
1.91227e+08 1
1.91227e+08 6.45058
1.91227e+08 7.45058
1.94392e+08 3.16472e+06
1.94437e+08 44748.2
1.94437e+08 7.45058
1.94459e+08 22381.5
1.94482e+08 22411.3
1.94482e+08 7.45058
1.94515e+08 33557.4
1.94582e+08 67114.8
1.94593e+08 11183.3
1.94672e+08 78260.9
1.94672e+08 7.45058
1.9475e+08 78246
1.9475e+08 7.45058
1.94851e+08 100680
1.95007e+08 156619
1.95041e+08 33564.9
1.95041e+08 29.8023
1.95041e+08 81.9564
1.95041e+08 14.9012
2.05215e+08 1.01737e+07
2.05215e+08 7.45058
2.05528e+08 312939
2.05628e+08 100605
2.05628e+08 1
2.05673e+08 44732.3
2.08871e+08 3.19834e+06
2.08927e+08 55916.6
2.08927e+08 7.45058
2.08983e+08 55939
2.09039e+08 55961.3
2.0905e+08 11183.3
2.09106e+08 55894.3
2.0914e+08 33557.4
2.0914e+08 7.45058
2.0914e+08 7.45058
2.09184e+08 44718.4
2.09196e+08 11190.8
2.0924e+08 44718.4
2.09319e+08 78290.7
2.09464e+08 145398
2.09486e+08 22396.4
2.09486e+08 7.45058
2.09565e+08 78305.6
2.09565e+08 7.45058
2.19798e+08 1.02337e+07
2.19921e+08 122964
2.19921e+08 7.45058
2.19921e+08 7.45058
2.19921e+08 7.45058
2.19921e+08 1
2.19921e+08 6.45058
2.23936e+08 4.01431e+06
2.23947e+08 11198.2
2.23947e+08 7.45058
2.23992e+08 44748.2
2.24137e+08 145376
2.24137e+08 14.9012
2.24137e+08 7.45058
2.24182e+08 44725.8
2.24182e+08 7.45058
2.24182e+08 7.45058
2.2426e+08 78238.5
2.2426e+08 7.45058
2.24283e+08 22396.4
2.24283e+08 7.45058
2.24428e+08 145338
2.24461e+08 33542.5
2.24461e+08 7.45058
2.24506e+08 44800.3
2.24506e+08 7.45058
2.35426e+08 1.09201e+07
2.35426e+08 7.45058
2.35516e+08 89421.9
2.35516e+08 7.45058
2.3556e+08 44718.4
2.35561e+08 7.45058
2.35561e+08 7.45058
2.35561e+08 1
2.3953e+08 3.96966e+06
2.39541e+08 11190.8
2.39541e+08 7.45058
2.39597e+08 55916.6
2.39676e+08 78313.1
2.39676e+08 7.45058
2.39676e+08 14.9012
2.3972e+08 44748.2
2.39732e+08 11183.3
2.39765e+08 33535.1
2.39832e+08 67062.7
2.39832e+08 7.45058
2.39843e+08 11198.2
2.39866e+08 22359.2
2.39866e+08 37.2529
2.39877e+08 11190.8
2.39899e+08 22374.1
2.39989e+08 89474
2.39989e+08 7.45058
2.51538e+08 1.15489e+07
2.51817e+08 279404
2.51817e+08 7.45058
2.52063e+08 245892
2.52063e+08 7.45058
2.52063e+08 7.45058
2.52063e+08 7.45058
2.52063e+08 7.45058
2.52063e+08 1
2.5572e+08 3.6568e+06
2.55731e+08 11183.3
2.55753e+08 22366.6
2.55809e+08 55939
2.55899e+08 89496.4
2.55899e+08 7.45058
2.5591e+08 11183.3
2.55921e+08 11190.8
2.55944e+08 22374.1
2.55955e+08 11183.3
2.55966e+08 11205.7
2.55977e+08 11183.3
2.55988e+08 11190.8
2.55988e+08 7.45058
2.56067e+08 78290.7
2.56067e+08 29.8023
2.56067e+08 7.45058
2.56089e+08 22366.6
2.561e+08 11198.2
2.6833e+08 1.22296e+07
2.6833e+08 7.45058
2.6833e+08 7.45058
2.6862e+08 290580
2.6862e+08 7.45058
2.6862e+08 7.45058
2.6862e+08 7.45058
2.6862e+08 7.45058
2.6862e+08 7.45058
2.72367e+08 3.74628e+06
2.72367e+08 1
2.72378e+08 11182.3
2.72378e+08 7.45058
2.72423e+08 44725.8
2.72501e+08 78305.6
2.72501e+08 7.45058
2.72501e+08 7.45058
2.72501e+08 7.45058
2.72501e+08 44.7035
2.72535e+08 33572.3
2.72535e+08 7.45058
2.72535e+08 7.45058
2.72535e+08 7.45058
2.72535e+08 7.45058
2.72579e+08 44725.8
2.72702e+08 123017
2.72702e+08 14.9012
2.72714e+08 11205.7
2.72725e+08 11190.8
2.85384e+08 1.26594e+07
2.85384e+08 7.45058
2.85384e+08 7.45058
2.85384e+08 7.45058
2.85496e+08 111766
2.85496e+08 7.45058
2.85496e+08 7.45058
2.85496e+08 7.45058
2.85496e+08 7.45058
2.8941e+08 3.9139e+06
2.8941e+08 7.45058
2.8941e+08 1
2.89432e+08 22365.6
2.89432e+08 7.45058
2.89466e+08 33550
2.89589e+08 122972
2.89589e+08 7.45058
2.89589e+08 7.45058
2.89634e+08 44725.8
2.89645e+08 11198.2
2.89712e+08 67099.9
2.89723e+08 11183.3
2.89723e+08 7.45058
2.89723e+08 37.2529
2.89745e+08 22389
2.89745e+08 7.45058
2.89813e+08 67077.6
2.89813e+08 7.45058
2.89824e+08 11190.8
2.89857e+08 33684.1
3.02989e+08 1.31319e+07
3.03157e+08 167646
3.03269e+08 111766
3.03269e+08 7.45058
3.03392e+08 122942
3.03392e+08 7.45058
3.03392e+08 7.45058
3.03593e+08 201173
3.03593e+08 7.45058
3.07295e+08 3.70158e+06
3.07295e+08 7.45058
3.07295e+08 7.45058
3.07295e+08 7.45058
3.07295e+08 1
3.07295e+08 6.45058
3.07295e+08 7.45058
3.07418e+08 122987
3.07418e+08 7.45058
3.07418e+08 7.45058
3.07462e+08 44710.9
3.07462e+08 7.45058
3.07496e+08 33535.1
3.07518e+08 22396.4
3.07518e+08 7.45058
3.07552e+08 33557.4
3.07563e+08 11198.2
3.07585e+08 22359.2
3.07585e+08 7.45058
3.07597e+08 11183.3
3.07641e+08 44770.5
3.07787e+08 145465
3.21609e+08 1.38223e+07
3.2181e+08 201173
3.21967e+08 156477
3.22112e+08 145309
3.22112e+08 7.45058
3.22224e+08 111766
3.22369e+08 145294
3.22369e+08 7.45058
3.22593e+08 223525
3.25601e+08 3.00854e+06
3.25601e+08 7.45058
3.25601e+08 7.45058
3.25601e+08 7.45058
3.25601e+08 7.45058
3.25601e+08 1
3.25601e+08 6.45058
3.25601e+08 7.45058
3.25646e+08 44748.2
3.25646e+08 7.45058
3.25646e+08 7.45058
3.25646e+08 7.45058
3.25646e+08 7.45058
3.25691e+08 44718.4
3.25959e+08 268385
3.25959e+08 7.45058
3.26049e+08 89526.2
3.26105e+08 55939
3.26116e+08 11183.3
3.26116e+08 7.45058
3.26116e+08 7.45058
3.26127e+08 11183.3
3.26272e+08 145458
3.41108e+08 1.48351e+07
3.41108e+08 7.45058
3.41208e+08 100598
3.41611e+08 402361
3.41722e+08 111766
3.41868e+08 145309
3.42046e+08 178836
3.42046e+08 7.45058
3.42046e+08 7.45058
3.44798e+08 2.75154e+06
3.44798e+08 7.45058
3.44798e+08 7.45058
3.44798e+08 7.45058
3.44798e+08 7.45058
3.44809e+08 11183.3
3.4482e+08 11183.3
3.4482e+08 1
3.4482e+08 6.45058
3.44854e+08 33542.5
3.44854e+08 7.45058
3.44854e+08 7.45058
3.44854e+08 37.2529
3.44854e+08 7.45058
3.44876e+08 22366.6
3.44899e+08 22366.6
3.44899e+08 7.45058
3.44955e+08 55976.2
3.44988e+08 33550
3.44988e+08 7.45058
3.45044e+08 55901.7
3.45044e+08 7.45058
3.45044e+08 7.45058
3.45257e+08 212617
3.60521e+08 1.52638e+07
3.60521e+08 7.45058
3.60677e+08 156470
3.61113e+08 435874
3.61113e+08 7.45058
3.61247e+08 134133
3.61571e+08 324145
3.61717e+08 145301
3.61795e+08 78246
3.64301e+08 2.50573e+06
3.64301e+08 7.45058
3.64301e+08 7.45058
3.64301e+08 7.45058
3.64323e+08 22359.2
3.64334e+08 11220.6
3.64334e+08 7.45058
3.64334e+08 7.45058
3.64334e+08 1
3.64368e+08 33534.1
3.64401e+08 33550
3.64401e+08 7.45058
3.64401e+08 7.45058
3.64412e+08 11183.3
3.64424e+08 11183.3
3.64435e+08 11190.8
3.64457e+08 22381.5
3.64457e+08 7.45058
3.64602e+08 145316
3.64647e+08 44725.8
3.64647e+08 7.45058
3.64647e+08 7.45058
3.64647e+08 7.45058
3.64647e+08 7.45058
3.64871e+08 223696
3.80963e+08 1.60925e+07
3.81086e+08 122942
3.8131e+08 223525
3.8131e+08 7.45058
3.81388e+08 78253.4
3.81601e+08 212371
3.82137e+08 536487
3.82226e+08 89414.4
3.82271e+08 44718.4
3.84632e+08 2.36043e+06
3.84632e+08 7.45058
3.84643e+08 11198.2
3.84643e+08 14.9012
3.84643e+08 7.45058
3.84688e+08 44740.7
3.84688e+08 7.45058
3.84699e+08 11190.8
3.84699e+08 14.9012
3.84699e+08 14.9012
3.84699e+08 1
3.84699e+08 6.45058
3.84699e+08 7.45058
3.8471e+08 11198.2
3.8471e+08 14.9012
3.8471e+08 7.45058
3.8471e+08 14.9012
3.84766e+08 55939
3.84777e+08 11183.3
3.84855e+08 78238.5
3.84867e+08 11183.3
3.84867e+08 7.45058
3.84867e+08 7.45058
3.84878e+08 11183.3
3.84889e+08 11183.3
3.85135e+08 246100
4.0193e+08 1.6795e+07
4.02064e+08 134118
4.02455e+08 391193
4.02455e+08 7.45058
4.0278e+08 324138
4.02958e+08 178821
4.03048e+08 89436.8
4.03048e+08 7.45058
4.03148e+08 100590
4.05609e+08 2.46102e+06
4.05609e+08 7.45058
4.05621e+08 11190.8
4.05621e+08 7.45058
4.05621e+08 22.3517
4.05621e+08 14.9012
4.05632e+08 11183.3
4.05632e+08 7.45058
4.05643e+08 11183.3
4.05643e+08 7.45058
4.05643e+08 7.45058
4.05643e+08 1
4.05643e+08 6.45058
4.05643e+08 7.45058
4.05665e+08 22374.1
4.05665e+08 52.1541
4.05677e+08 11183.3
4.05677e+08 7.45058
4.05688e+08 11205.7
4.05699e+08 11183.3
4.05721e+08 22366.6
4.05744e+08 22366.6
4.05744e+08 7.45058
4.05744e+08 37.2529
4.05744e+08 7.45058
4.05755e+08 11190.8
4.06035e+08 279665
4.22921e+08 1.68865e+07
4.23111e+08 189997
4.23111e+08 7.45058
4.23111e+08 7.45058
4.23111e+08 7.45058
4.23245e+08 134125
4.23357e+08 111781
4.23558e+08 201195
4.23558e+08 7.45058
4.27137e+08 3.57867e+06
4.27148e+08 11183.3
4.27148e+08 29.8023
4.27148e+08 22.3517
4.27148e+08 7.45058
4.27159e+08 11190.8
4.27159e+08 7.45058
4.27171e+08 11190.8
4.27171e+08 7.45058
4.27171e+08 7.45058
4.27171e+08 7.45058
4.27171e+08 7.45058
4.27171e+08 7.45058
4.27171e+08 1
4.27171e+08 6.45058
4.27171e+08 7.45058
4.27249e+08 78320.5
4.27249e+08 7.45058
4.27249e+08 7.45058
4.27249e+08 7.45058
4.27249e+08 7.45058
4.27249e+08 7.45058
4.2726e+08 11190.8
4.2726e+08 14.9012
4.27305e+08 44725.8
4.27305e+08 7.45058
4.27305e+08 7.45058
4.27607e+08 302099
4.45285e+08 1.76783e+07
4.45285e+08 7.45058
4.45352e+08 67062.7
4.45408e+08 55886.8
4.45408e+08 7.45058
4.45744e+08 335306
4.458e+08 55901.7
4.46381e+08 581168
4.46884e+08 502959
4.49289e+08 2.40519e+06
4.49311e+08 22359.2
4.49334e+08 22396.4
4.49334e+08 29.8023
4.49334e+08 14.9012
4.49345e+08 11198.2
4.49345e+08 7.45058
4.49367e+08 22389
4.49367e+08 7.45058
4.49367e+08 7.45058
4.49367e+08 7.45058
4.49367e+08 7.45058
4.49367e+08 7.45058
4.4939e+08 22389
4.4939e+08 1
4.4939e+08 6.45058
4.4939e+08 7.45058
4.49401e+08 11183.3
4.49412e+08 11183.3
4.49446e+08 33550
4.49446e+08 7.45058
4.49446e+08 7.45058
4.49446e+08 7.45058
4.49446e+08 7.45058
4.49457e+08 11183.3
4.49457e+08 7.45058
4.49457e+08 7.45058
4.49457e+08 7.45058
4.49815e+08 358008
4.68411e+08 1.85965e+07
4.68411e+08 7.45058
4.6849e+08 78238.5
4.68579e+08 89414.4
4.68624e+08 44710.9
4.69037e+08 413552
4.69116e+08 78246
4.69216e+08 100620
4.69574e+08 357680
4.7208e+08 2.50572e+06
4.7208e+08 7.45058
4.72136e+08 55968.8
4.72158e+08 22389
4.72169e+08 11198.2
4.7218e+08 11220.6
4.7218e+08 7.45058
4.72203e+08 22396.4
4.72203e+08 7.45058
4.72203e+08 7.45058
4.72203e+08 7.45058
4.72203e+08 7.45058
4.72203e+08 7.45058
4.72247e+08 44710.9
4.72247e+08 7.45058
4.72247e+08 1
4.72247e+08 6.45058
4.72259e+08 11183.3
4.72259e+08 7.45058
4.72259e+08 7.45058
4.72259e+08 7.45058
4.72259e+08 7.45058
4.72259e+08 7.45058
4.72259e+08 7.45058
4.72259e+08 7.45058
4.72259e+08 7.45058
4.7227e+08 11183.3
4.7227e+08 7.45058
4.7227e+08 7.45058
4.72605e+08 335567
4.92144e+08 1.95381e+07
4.92278e+08 134125
4.92278e+08 7.45058
4.92278e+08 7.45058
4.923e+08 22366.6
4.923e+08 7.45058
4.9239e+08 89429.3
4.92669e+08 279427
4.92814e+08 145316
4.95521e+08 2.70684e+06
4.95521e+08 7.45058
4.95611e+08 89526.2
4.95678e+08 67204.2
4.95678e+08 7.45058
4.95689e+08 11190.8
4.95689e+08 22.3517
4.95689e+08 29.8023
4.95689e+08 7.45058
4.95689e+08 7.45058
4.957e+08 11190.8
4.957e+08 7.45058
4.957e+08 7.45058
4.95712e+08 11183.3
4.95712e+08 7.45058
4.95712e+08 7.45058
4.95712e+08 7.45058
4.95712e+08 1
4.95712e+08 6.45058
4.95712e+08 7.45058
4.95712e+08 7.45058
4.95712e+08 7.45058
4.95712e+08 7.45058
4.95723e+08 11183.3
4.95767e+08 44710.9
4.95767e+08 7.45058
4.95768e+08 7.45058
4.95768e+08 7.45058
4.95768e+08 7.45058
4.95768e+08 7.45058
4.96192e+08 424974
5.16053e+08 1.98605e+07
5.16142e+08 89421.9
5.16142e+08 7.45058
5.16366e+08 223525
5.16366e+08 7.45058
5.16366e+08 7.45058
5.16433e+08 67077.6
5.16601e+08 167653
5.16601e+08 7.45058
5.19553e+08 2.95269e+06
5.19553e+08 7.45058
5.19587e+08 33654.3
5.19699e+08 112027
5.19699e+08 7.45058
5.19699e+08 7.45058
5.1971e+08 11198.2
5.19722e+08 11198.2
5.19755e+08 33535.1
5.19766e+08 11183.3
5.19777e+08 11198.2
5.19777e+08 7.45058
5.19777e+08 7.45058
5.19777e+08 7.45058
5.19777e+08 7.45058
5.19777e+08 7.45058
5.198e+08 22359.2
5.19822e+08 22359.2
5.19822e+08 1
5.19845e+08 22358.2
5.19845e+08 7.45058
5.19856e+08 11183.3
5.19856e+08 7.45058
5.19878e+08 22359.2
5.199e+08 22359.2
5.199e+08 7.45058
5.19979e+08 78238.5
5.19979e+08 7.45058
5.20012e+08 33535.1
5.20012e+08 7.45058
5.20012e+08 7.45058
5.20236e+08 223756
5.41153e+08 2.09167e+07
5.41153e+08 7.45058
5.41153e+08 7.45058
5.41153e+08 7.45058
5.41153e+08 7.45058
5.41153e+08 7.45058
5.4122e+08 67070.1
5.4122e+08 7.45058
5.4122e+08 7.45058
5.44262e+08 3.04206e+06
5.44262e+08 7.45058
5.44296e+08 33676.6
5.44508e+08 212729
5.44508e+08 7.45058
5.44564e+08 55894.3
5.44587e+08 22359.2
5.44654e+08 67062.7
5.44654e+08 7.45058
5.44676e+08 22359.2
5.44698e+08 22359.2
5.44721e+08 22359.2
5.44721e+08 7.45058
5.44721e+08 7.45058
5.44721e+08 7.45058
5.44732e+08 11183.3
5.44732e+08 7.45058
5.44732e+08 7.45058
5.44732e+08 7.45058
5.44732e+08 7.45058
5.44732e+08 1
5.44732e+08 6.45058
5.44732e+08 7.45058
5.44743e+08 11183.3
5.44743e+08 7.45058
5.44788e+08 44770.5
5.44788e+08 7.45058
5.44788e+08 7.45058
5.44821e+08 33542.5
5.44855e+08 33550
5.44866e+08 11190.8
5.44889e+08 22359.2
5.45023e+08 134259
5.65522e+08 2.04989e+07
5.65522e+08 7.45058
5.65522e+08 7.45058
5.65522e+08 7.45058
5.65522e+08 7.45058
5.66025e+08 502981
5.66125e+08 100590
5.66125e+08 7.45058
5.66215e+08 89421.9
5.69469e+08 3.25438e+06
5.69469e+08 14.9012
5.69525e+08 55939
5.6985e+08 324599
5.69883e+08 33550
5.69917e+08 33542.5
5.69939e+08 22366.6
5.69939e+08 7.45058
5.69939e+08 7.45058
5.69939e+08 7.45058
5.69939e+08 7.45058
5.69939e+08 7.45058
5.69939e+08 7.45058
5.69984e+08 44725.8
5.69984e+08 7.45058
5.69984e+08 7.45058
5.69984e+08 37.2529
5.69984e+08 7.45058
5.70018e+08 33564.9
5.70018e+08 29.8023
5.70018e+08 14.9012
5.70018e+08 1
5.70018e+08 6.45058
5.70029e+08 11190.8
5.70029e+08 7.45058
5.70029e+08 7.45058
5.70085e+08 55901.7
5.70085e+08 7.45058
5.70118e+08 33542.5
5.70141e+08 22359.2
5.70174e+08 33557.4
5.70174e+08 22.3517
5.70185e+08 11213.1
5.70308e+08 122957
5.90643e+08 2.03342e+07
5.90643e+08 7.45058
5.90643e+08 7.45058
5.9081e+08 167646
5.9081e+08 7.45058
5.91514e+08 704147
5.9157e+08 55909.2
5.91738e+08 167646
5.91984e+08 245892
5.95283e+08 3.29913e+06
5.95283e+08 7.45058
5.95283e+08 67.0552
5.95708e+08 425182
5.95719e+08 11190.8
5.95742e+08 22359.2
5.95742e+08 14.9012
5.95742e+08 7.45058
5.95742e+08 7.45058
5.95742e+08 7.45058
5.95753e+08 11183.3
5.95753e+08 7.45058
5.95753e+08 14.9012
5.95787e+08 33550
5.95787e+08 7.45058
5.95787e+08 22.3517
5.95831e+08 44778
5.95831e+08 22.3517
5.95865e+08 33550
5.9591e+08 44748.2
5.95943e+08 33557.4
5.95943e+08 7.45058
5.95954e+08 11198.2
5.95954e+08 1
5.9601e+08 55885.8
5.9601e+08 7.45058
5.9601e+08 7.45058
5.9601e+08 22.3517
5.9601e+08 7.45058
5.96055e+08 44733.3
5.96077e+08 22366.6
5.96122e+08 44710.9
5.96133e+08 11183.3
5.96178e+08 44710.9
5.96212e+08 33535.1
6.1776e+08 2.15483e+07
6.1776e+08 7.45058
6.1776e+08 7.45058
