3728.44 2
9687.9 3
11177 4
20863.8 5
21608.8 6
22353.9 7
23097.9 8
34274.8 8.125
35763.9 8.24808
36510 8.36932
37254.1 8.4888
37999.1 1
38744.2 1
39493.2 2
40238.3 3
46940.8 3
49176 4
49921 5
50665.1 5.2
58861.7 5.39231
59606.8 5.57776
60350.9 5.75704
61095.9 5.93074
62586 6.09935
70782.7 6.26331
71527.7 6.42297
72271.8 6.57866
73016.8 6.73066
74507 6.87924
75251 7.0246
84193.7 7.16696
84938.8 7.30649
85683.8 7.44335
86427.9 7.5777
87918 7.70967
89412.1 7.83937
90152.2 7.96694
98349.8 8.09245
99838.9 8.21603
100585 8.33774
101329 1
102074 2
103568 2
104308 3
113251 4
113996 5
115485 5
116230 5.2
127407 5.39231
128155 1
129645 2
130390 3
131135 3.33333
143053 3.63333
143798 3.90856
144543 4.16441
153484 4.40454
154973 4.63158
155719 4.84749
156463 5.05378
167640 5.25165
169875 5.44207
170620 5.62582
171365 5.80357
172110 5.97588
181796 6.14322
184780 6.306
185525 6.46458
186266 1
187011 2
195952 3
196697 3
197443 4
198187 4.25
207873 4.48529
208618 4.70824
209362 4.92064
210108 5.12386
220539 5.31903
221284 5.50703
222028 1
222774 2
223523 3
235440 3.33333
236186 3.63333
236930 3.90856
251087 4.16441
251832 1
252577 2
263008 3
264498 3.33333
273438 3.63333
274928 3.90856
276418 4.16441
286107 4.40454
288343 1
289833 2
290578 3
300264 3.33333
301007 3.63333
