4.75953e+06 0.0023484
8.25081e+06 0.00320108
8.25082e+06 0.00640214
9.80871e+06 0.0143474
9.80871e+06 0.0143474
1.15725e+07 0.0126723
1.15725e+07 0.0190083
1.15726e+07 0.0190083
1.46357e+07 0.0109453
1.46358e+07 0.0109452
1.46358e+07 0.0145936
1.46358e+07 0.0145936
1.76887e+07 0.0146426
1.76887e+07 0.0146428
1.76887e+07 0.0146428
1.76887e+07 0.0146428
1.76888e+07 0.0183032
2.14457e+07 0.0148733
2.14458e+07 0.0148732
2.14458e+07 0.0148731
2.14458e+07 0.014873
2.14905e+07 0.0146982
2.15241e+07 0.0174835
2.588e+07 0.015122
2.588e+07 0.0151221
2.59024e+07 0.0150461
2.59025e+07 0.0150461
2.59025e+07 0.0151986
2.59137e+07 0.0152758
2.5925e+07 0.017776
3.01354e+07 0.0183839
3.01354e+07 0.018384
3.0169e+07 0.0183358
3.02362e+07 0.0180517
3.02362e+07 0.0180517
3.02474e+07 0.0180519
3.02923e+07 0.0179132
3.52986e+07 0.0151517
3.52986e+07 0.0173162
3.52986e+07 0.0173162
3.53098e+07 0.0173916
3.53435e+07 0.0175058
3.53435e+07 0.0175058
3.53659e+07 0.0174675
3.5366e+07 0.0176217
4.07534e+07 0.0163905
4.07534e+07 0.0163905
4.0787e+07 0.0183265
4.0787e+07 0.0183265
4.08429e+07 0.0181785
4.08654e+07 0.0182151
4.08654e+07 0.0182151
4.08654e+07 0.0182892
4.08655e+07 0.0182891
4.71315e+07 0.0157701
4.71315e+07 0.0157701
4.71427e+07 0.0158255
4.71427e+07 0.0158255
4.71427e+07 0.0175839
4.71428e+07 0.0177399
4.71428e+07 0.0178034
4.71428e+07 0.0178034
4.71428e+07 0.0178034
4.71765e+07 0.0177086
5.38858e+07 0.0165463
5.38858e+07 0.0165463
5.38859e+07 0.0165736
5.38859e+07 0.0165737
5.38859e+07 0.0165737
5.38859e+07 0.018231
5.38859e+07 0.018231
5.39084e+07 0.0181705
5.39196e+07 0.0181405
5.39308e+07 0.0181106
5.41324e+07 0.0176736
6.13775e+07 0.0164093
6.13775e+07 0.0164093
6.13888e+07 0.016385
6.13888e+07 0.016385
6.13888e+07 0.016385
6.13888e+07 0.016385
6.13888e+07 0.016385
6.13888e+07 0.0178745
6.14783e+07 0.0177164
6.14783e+07 0.0177426
6.14783e+07 0.0177689
6.15233e+07 0.0181452
6.95143e+07 0.0164819
6.95144e+07 0.0164819
6.95816e+07 0.0163693
6.95816e+07 0.0163693
6.95816e+07 0.0163693
6.95816e+07 0.0163693
6.95816e+07 0.0163692
6.95816e+07 0.0163693
6.95816e+07 0.0177334
6.97047e+07 0.017661
6.97047e+07 0.0176609
6.97159e+07 0.0176369
6.98213e+07 0.0175087
7.82373e+07 0.0166556
7.82373e+07 0.0166556
7.82597e+07 0.0167416
7.82598e+07 0.0167416
7.82598e+07 0.0167416
7.82598e+07 0.0167416
7.8271e+07 0.0167201
7.8271e+07 0.0167201
7.82821e+07 0.0166986
7.82822e+07 0.0179831
7.84053e+07 0.0179829
7.84389e+07 0.0179138
7.8439e+07 0.0179365
7.90931e+07 0.0168751
8.80275e+07 0.0159816
8.80275e+07 0.0159816
8.80388e+07 0.0159998
8.80389e+07 0.0159997
8.80612e+07 0.0159631
8.80725e+07 0.0159449
8.81396e+07 0.0158545
8.81508e+07 0.0158365
8.81732e+07 0.0158186
8.81732e+07 0.0158186
8.82293e+07 0.0159265
8.82293e+07 0.0170641
8.82629e+07 0.0170641
8.82631e+07 0.017064
8.90919e+07 0.0167657
9.79635e+07 0.0168719
9.79635e+07 0.0168718
9.80642e+07 0.0167212
9.80642e+07 0.0167213
9.80978e+07 0.0167027
9.80978e+07 0.0167214
9.81426e+07 0.0167588
9.81427e+07 0.0167774
9.81427e+07 0.016815
9.81427e+07 0.016815
9.81989e+07 0.016815
9.81989e+07 0.016815
9.81989e+07 0.0179359
9.8199e+07 0.0179965
9.85735e+07 0.0173431
9.9669e+07 0.0169058
1.08907e+08 0.0163397
1.08907e+08 0.0163398
1.08907e+08 0.0164913
1.08929e+08 0.0164574
1.08985e+08 0.0164236
1.09019e+08 0.0163731
1.09053e+08 0.0163898
1.09075e+08 0.0163563
1.09075e+08 0.0163563
1.09075e+08 0.0163563
1.09131e+08 0.0163562
1.09131e+08 0.0163562
1.09131e+08 0.0163562
1.09131e+08 0.0163562
1.09131e+08 0.0173785
1.09528e+08 0.017344
1.10426e+08 0.0176619
1.19895e+08 0.0172909
1.19895e+08 0.0172907
1.19895e+08 0.0172908
1.19917e+08 0.0172908
1.1994e+08 0.0173437
1.19985e+08 0.0173261
1.20041e+08 0.0172906
1.20074e+08 0.017273
1.20074e+08 0.017273
1.20074e+08 0.017273
1.20197e+08 0.0171701
1.20197e+08 0.0171701
1.20197e+08 0.01717
1.20254e+08 0.0170821
1.20266e+08 0.0170632
1.20266e+08 0.0180669
1.2087e+08 0.0177362
1.21965e+08 0.0174342
1.31883e+08 0.0167803
1.31883e+08 0.0167804
1.31883e+08 0.0167803
1.31883e+08 0.0168117
1.31883e+08 0.0168431
1.31906e+08 0.0168746
1.31995e+08 0.0168273
1.3204e+08 0.0168116
1.3204e+08 0.0168116
1.3204e+08 0.0168116
1.3213e+08 0.0168571
1.32141e+08 0.0168413
1.32141e+08 0.0168413
1.32175e+08 0.0168745
1.32186e+08 0.0168761
1.32186e+08 0.0168761
1.32499e+08 0.017298
1.32522e+08 0.0182239
1.33616e+08 0.0182253
1.43992e+08 0.0175354
1.43992e+08 0.0175354
1.43993e+08 0.0175354
1.43993e+08 0.0175354
1.44037e+08 0.0174708
1.44037e+08 0.0175031
1.44082e+08 0.0175677
1.4415e+08 0.0175354
1.44161e+08 0.0175192
1.44172e+08 0.017503
1.44431e+08 0.0172622
1.44458e+08 0.0172408
1.44476e+08 0.0172144
1.44556e+08 0.0171507
1.44566e+08 0.0171516
1.44599e+08 0.0171068
1.44978e+08 0.0170164
1.45002e+08 0.0170135
1.45047e+08 0.017845
1.46183e+08 0.0177856
1.57029e+08 0.0171449
1.57029e+08 0.0171449
1.5703e+08 0.0171448
1.5703e+08 0.0171448
1.57052e+08 0.0171742
1.57052e+08 0.0171742
1.5712e+08 0.0171447
1.57153e+08 0.0171889
1.57187e+08 0.0171594
1.57209e+08 0.0171448
1.57344e+08 0.01731
1.57344e+08 0.0173455
1.57344e+08 0.017371
1.57436e+08 0.0173536
1.57483e+08 0.0173044
1.57581e+08 0.0172168
1.57827e+08 0.0173959
1.5786e+08 0.017384
1.57916e+08 0.0173686
1.59035e+08 0.0173918
1.59035e+08 0.0182614
1.70295e+08 0.017692
1.70295e+08 0.0176921
1.70295e+08 0.017692
1.70306e+08 0.0176771
1.70362e+08 0.0176325
1.70362e+08 0.0176325
1.70475e+08 0.0175735
1.70475e+08 0.0176177
1.70475e+08 0.0176622
1.70475e+08 0.0176919
1.70665e+08 0.0176176
1.70676e+08 0.0176029
1.70699e+08 0.0175734
1.70777e+08 0.0175917
1.70873e+08 0.0175282
1.70973e+08 0.0175249
1.71186e+08 0.0175683
1.71292e+08 0.0174731
1.71504e+08 0.017272
1.7241e+08 0.0175467
1.7241e+08 0.0175467
1.7241e+08 0.0183822
1.83536e+08 0.0185687
1.83536e+08 0.0185688
1.83536e+08 0.0185686
1.83536e+08 0.0185843
1.8357e+08 0.018616
1.8357e+08 0.018616
1.83682e+08 0.0186158
1.83704e+08 0.0185843
1.83705e+08 0.0185843
1.83716e+08 0.0185686
1.84018e+08 0.0184127
1.84068e+08 0.0183596
1.84068e+08 0.0183903
1.842e+08 0.0183175
1.84258e+08 0.0183681
1.84448e+08 0.0182463
1.84549e+08 0.0183988
1.84644e+08 0.0184143
1.84778e+08 0.0185227
1.85785e+08 0.0183833
1.85785e+08 0.0183833
1.85807e+08 0.0183526
1.97414e+08 0.0177167
1.97414e+08 0.018522
1.97414e+08 0.018522
1.97448e+08 0.0184773
1.97448e+08 0.0184773
1.97526e+08 0.0184182
1.97526e+08 0.0184182
1.97616e+08 0.0184476
1.97661e+08 0.018418
1.97661e+08 0.018418
1.97661e+08 0.0184328
1.97815e+08 0.0186309
1.97824e+08 0.0186862
1.97835e+08 0.018671
1.9803e+08 0.0185851
1.98098e+08 0.0185736
1.98251e+08 0.0186226
1.9836e+08 0.0186112
1.98472e+08 0.0185884
1.98584e+08 0.0186187
1.99423e+08 0.0188468
1.99423e+08 0.0188468
1.99423e+08 0.0188777
2.11924e+08 0.017714
2.11924e+08 0.017714
2.11924e+08 0.0184842
2.11924e+08 0.0184842
2.12003e+08 0.0184276
2.12025e+08 0.0183993
2.12048e+08 0.01847
2.12048e+08 0.01847
2.12149e+08 0.0184557
2.12183e+08 0.0184699
2.12183e+08 0.0184699
2.12183e+08 0.0184699
2.12312e+08 0.0185014
2.12371e+08 0.0184389
2.12371e+08 0.0184531
2.12547e+08 0.018477
2.12614e+08 0.0184771
2.12831e+08 0.0183966
2.12898e+08 0.0184497
2.13066e+08 0.0183788
2.13122e+08 0.0184494
2.13843e+08 0.0186008
2.13843e+08 0.0186008
2.13843e+08 0.0186007
2.27027e+08 0.0177606
2.27027e+08 0.0177606
2.27027e+08 0.0177606
2.27027e+08 0.0177606
2.27027e+08 0.0185006
2.27116e+08 0.018487
2.27161e+08 0.0184596
2.27206e+08 0.0184325
2.27206e+08 0.0184324
2.27296e+08 0.0184459
2.27341e+08 0.0184322
2.27341e+08 0.0184322
2.27341e+08 0.0184322
2.27581e+08 0.0182989
2.27711e+08 0.0182136
2.27713e+08 0.0182108
2.27823e+08 0.0182901
2.27845e+08 0.0183437
2.28091e+08 0.0183091
2.28169e+08 0.0182957
2.28315e+08 0.0183227
2.28471e+08 0.0182027
2.29109e+08 0.0183024
2.29109e+08 0.0183024
2.29187e+08 0.0182091
2.4284e+08 0.0176682
2.4284e+08 0.0176682
2.42862e+08 0.0176433
2.42862e+08 0.0176433
2.42862e+08 0.0176433
2.42862e+08 0.018349
2.42896e+08 0.0184141
2.42941e+08 0.018414
2.42952e+08 0.0184533
2.42952e+08 0.0184533
2.43031e+08 0.0184664
2.43076e+08 0.0184663
2.43076e+08 0.0184663
2.43076e+08 0.0184663
2.43293e+08 0.0184934
2.43492e+08 0.018412
2.43538e+08 0.0183615
2.43716e+08 0.0182824
2.43716e+08 0.0183081
2.43929e+08 0.018347
2.43951e+08 0.018412
2.44208e+08 0.0182825
2.44376e+08 0.0182696
2.45025e+08 0.0182567
2.45047e+08 0.0182311
2.45215e+08 0.0181294
2.59326e+08 0.0176253
2.59326e+08 0.0176252
2.59326e+08 0.0176492
2.59326e+08 0.0176492
2.59326e+08 0.0176492
2.59326e+08 0.0176492
2.59416e+08 0.0175894
2.59416e+08 0.0182659
2.59438e+08 0.0182907
2.59438e+08 0.0183031
2.59438e+08 0.0183031
2.59495e+08 0.018328
2.5954e+08 0.0183279
2.5954e+08 0.0183279
2.5954e+08 0.0183279
2.59708e+08 0.0183828
2.59824e+08 0.0184761
2.60048e+08 0.0182773
2.60155e+08 0.0183558
2.60181e+08 0.0183272
2.60316e+08 0.0184139
2.60316e+08 0.018439
2.6064e+08 0.0183638
2.60852e+08 0.018314
2.61613e+08 0.0181905
2.61647e+08 0.0181783
2.6168e+08 0.0183263
2.76451e+08 0.0176204
2.76462e+08 0.0176089
2.76462e+08 0.0176089
2.76474e+08 0.0175974
2.76474e+08 0.0175974
2.76474e+08 0.0175974
2.76485e+08 0.0176781
2.76507e+08 0.017655
2.76507e+08 0.0183088
2.76507e+08 0.0183328
2.76507e+08 0.0183328
2.76507e+08 0.0183328
2.76575e+08 0.0183208
2.76598e+08 0.0183448
2.76598e+08 0.0183448
2.76598e+08 0.0183448
2.77188e+08 0.0179019
2.77266e+08 0.0179407
2.77346e+08 0.0180903
2.77527e+08 0.0180138
2.77616e+08 0.017948
2.77951e+08 0.017744
2.77996e+08 0.0176992
2.78175e+08 0.0178457
2.78354e+08 0.0178799
2.7926e+08 0.0177327
2.79282e+08 0.017744
2.79372e+08 0.0176879
2.9431e+08 0.0175216
2.94322e+08 0.0175217
2.94322e+08 0.0175217
2.94322e+08 0.0175326
2.94333e+08 0.0175217
2.94333e+08 0.0175217
2.94344e+08 0.0175217
2.94344e+08 0.0175436
2.94344e+08 0.0175436
2.94355e+08 0.0175327
2.94355e+08 0.0181588
2.94356e+08 0.0181588
2.94356e+08 0.0181588
2.94434e+08 0.0181474
2.94435e+08 0.0181702
2.94435e+08 0.0181702
2.94435e+08 0.0181702
2.9511e+08 0.0180842
2.95209e+08 0.0180627
2.95381e+08 0.0179699
2.95873e+08 0.0176654
2.95907e+08 0.0177194
2.96007e+08 0.0179497
2.96007e+08 0.0179943
2.96164e+08 0.0180167
2.96321e+08 0.0180389
2.97338e+08 0.0179275
2.97349e+08 0.0179386
2.97495e+08 0.0178832
3.12724e+08 0.0176009
3.12724e+08 0.0176116
3.12724e+08 0.0176116
3.12724e+08 0.0176116
3.12724e+08 0.0176223
3.12724e+08 0.0176223
3.12747e+08 0.0176116
3.12747e+08 0.0176116
3.12747e+08 0.0176116
3.12747e+08 0.0176223
3.12769e+08 0.0176009
3.12781e+08 0.0181968
3.12781e+08 0.0181967
3.12781e+08 0.0181967
3.12826e+08 0.0182299
3.12826e+08 0.01823
3.12826e+08 0.01823
3.12826e+08 0.01823
3.13748e+08 0.0179881
3.13808e+08 0.0180268
3.13941e+08 0.0180646
3.14462e+08 0.0180365
3.14462e+08 0.0180691
3.14563e+08 0.0180691
3.14563e+08 0.0180691
3.14741e+08 0.0180474
3.14999e+08 0.0179501
3.15949e+08 0.0180148
3.15983e+08 0.0179932
3.16117e+08 0.0180039
3.3185e+08 0.0175303
3.3185e+08 0.0175303
3.3185e+08 0.0175303
3.3185e+08 0.0175303
3.3185e+08 0.0175303
3.3185e+08 0.0175303
3.3185e+08 0.0175509
3.31884e+08 0.0175201
3.31884e+08 0.0175201
3.31884e+08 0.0175201
3.31884e+08 0.0175405
3.31884e+08 0.0175508
3.31884e+08 0.0175508
3.31884e+08 0.0181358
3.31895e+08 0.0181252
3.31929e+08 0.0181359
3.31929e+08 0.0181358
3.31929e+08 0.0181359
3.31929e+08 0.0181358
3.32873e+08 0.0181159
3.33014e+08 0.0180386
3.33238e+08 0.0179539
3.33685e+08 0.0180226
3.33685e+08 0.0180226
3.33685e+08 0.0181174
3.33685e+08 0.0181174
3.33864e+08 0.0181174
3.34502e+08 0.0177641
3.35329e+08 0.0178767
3.35329e+08 0.0179077
3.35374e+08 0.017991
3.51543e+08 0.0175927
3.51543e+08 0.0175927
3.51543e+08 0.0175927
3.51543e+08 0.0175927
3.51543e+08 0.0175927
3.51543e+08 0.0175927
3.51543e+08 0.0175927
3.51543e+08 0.0176227
3.51543e+08 0.0176227
3.51543e+08 0.0176227
3.51543e+08 0.0176227
3.51543e+08 0.0176227
3.51543e+08 0.0176227
3.51566e+08 0.0176027
3.51566e+08 0.0181705
3.51566e+08 0.0181809
3.51589e+08 0.018191
3.51622e+08 0.0181601
3.51622e+08 0.0181601
3.51684e+08 0.0181032
3.52664e+08 0.0180702
3.5277e+08 0.0181023
3.52947e+08 0.0181456
3.53493e+08 0.0180546
3.53527e+08 0.0180241
3.53527e+08 0.0180241
3.53527e+08 0.0180241
3.53605e+08 0.0181158
3.54847e+08 0.0175783
3.5535e+08 0.017863
3.5535e+08 0.017863
3.55361e+08 0.0178929
3.71798e+08 0.0176559
3.71798e+08 0.0176559
3.71798e+08 0.0176559
3.71798e+08 0.0176559
3.71798e+08 0.0176559
3.71798e+08 0.0176559
3.71798e+08 0.0176559
3.71798e+08 0.0176559
3.71798e+08 0.0176559
3.71798e+08 0.0176559
3.71799e+08 0.0176559
3.71799e+08 0.0176559
3.71821e+08 0.0176364
3.71832e+08 0.0176461
3.71832e+08 0.0176461
3.71832e+08 0.0176461
3.71832e+08 0.0181975
3.72023e+08 0.0180481
3.72161e+08 0.017957
3.72163e+08 0.0179549
3.72219e+08 0.0179603
3.72972e+08 0.0181601
3.73102e+08 0.0181392
3.73569e+08 0.0178834
3.73905e+08 0.018068
3.73939e+08 0.018068
3.73961e+08 0.0180482
3.73961e+08 0.0180482
3.7433e+08 0.0177951
3.75337e+08 0.0179992
3.7603e+08 0.0178339
3.7603e+08 0.0178339
3.76075e+08 0.017805
3.92523e+08 0.0177954
3.92523e+08 0.0177954
3.92523e+08 0.0177953
3.92523e+08 0.0177953
3.92523e+08 0.0177953
3.92523e+08 0.0177953
3.92523e+08 0.0177953
3.92523e+08 0.0177953
3.92523e+08 0.0177953
3.92523e+08 0.0177953
3.92535e+08 0.0177856
3.92535e+08 0.0177856
3.92535e+08 0.0178049
3.92568e+08 0.0177856
3.92568e+08 0.0177856
3.92568e+08 0.0177856
3.92568e+08 0.0177856
3.92568e+08 0.0183246
3.92872e+08 0.0182256
3.93302e+08 0.0179735
3.93302e+08 0.0179755
3.93371e+08 0.0179645
3.94444e+08 0.0176967
3.94466e+08 0.0177857
3.94702e+08 0.0179811
3.94981e+08 0.018029
3.95006e+08 0.0180368
3.95095e+08 0.0179796
3.95095e+08 0.0179796
3.95532e+08 0.0179219
3.96673e+08 0.0178091
3.97869e+08 0.0173989
3.97869e+08 0.0173989
3.99088e+08 0.0165117
4.13993e+08 0.0176979
4.13993e+08 0.0176979
4.13994e+08 0.0176977
4.13994e+08 0.0176977
4.13994e+08 0.0176977
4.13994e+08 0.0176977
4.13994e+08 0.0176978
4.13994e+08 0.0176978
4.13994e+08 0.0176978
4.13994e+08 0.0176978
4.14027e+08 0.0176794
4.14027e+08 0.0176794
4.14027e+08 0.0176794
4.14039e+08 0.0176978
4.14039e+08 0.0176977
4.14039e+08 0.0176977
4.1405e+08 0.0176885
4.1405e+08 0.0176885
4.14589e+08 0.0174966
4.14622e+08 0.0179838
4.14869e+08 0.0181368
4.14891e+08 0.018118
4.14914e+08 0.0181562
4.15984e+08 0.0181593
4.15995e+08 0.0181687
4.16219e+08 0.0181783
4.16685e+08 0.0180221
4.16812e+08 0.017938
4.16868e+08 0.0179656
4.16868e+08 0.0179656
4.17639e+08 0.0176938
4.18746e+08 0.0177206
4.28716e+08 0.0126807
4.28716e+08 0.0126807
4.2942e+08 0.0128956
4.35988e+08 0.0177838
4.35988e+08 0.0177838
4.35989e+08 0.0177838
4.35989e+08 0.0177838
4.35989e+08 0.0177838
4.35989e+08 0.0177838
4.35989e+08 0.0177838
4.36e+08 0.0177747
4.36e+08 0.0177747
4.36011e+08 0.0177656
4.36045e+08 0.0177656
4.36045e+08 0.0177656
4.36079e+08 0.0177386
4.36157e+08 0.0176848
4.36168e+08 0.0176759
4.36168e+08 0.0176759
4.36179e+08 0.0176759
4.36179e+08 0.0176759
4.3669e+08 0.0176989
4.3669e+08 0.0177255
4.3669e+08 0.0182319
4.37008e+08 0.0181731
4.37019e+08 0.0181822
4.37019e+08 0.0182015
4.38006e+08 0.0182695
4.38062e+08 0.0182324
4.38504e+08 0.0180543
4.3894e+08 0.0180785
4.39097e+08 0.0180539
4.39141e+08 0.018063
4.39175e+08 0.0180359
4.39678e+08 0.0182554
4.4149e+08 0.0176901
4.50397e+08 0.0185565
4.50397e+08 0.0185565
4.50699e+08 0.0189074
4.5862e+08 0.0177773
4.5862e+08 0.0177773
4.5862e+08 0.0177774
4.5862e+08 0.0177773
4.5862e+08 0.0177773
4.58632e+08 0.0177685
4.58632e+08 0.0177685
4.58665e+08 0.0177509
4.58677e+08 0.0177421
4.58688e+08 0.0177421
4.58777e+08 0.0176986
4.58789e+08 0.0176899
4.58789e+08 0.017716
4.58822e+08 0.0177511
4.58822e+08 0.0177598
4.58833e+08 0.017751
4.58845e+08 0.017751
4.58845e+08 0.017751
4.59191e+08 0.0178804
4.59191e+08 0.0178804
4.59191e+08 0.0178804
4.59549e+08 0.0178487
4.59549e+08 0.0183445
4.59586e+08 0.0183229
4.59598e+08 0.0183138
4.60564e+08 0.018331
4.60806e+08 0.0181811
4.61116e+08 0.0182867
4.61675e+08 0.0181882
4.61686e+08 0.0183052
4.6172e+08 0.0183143
4.6182e+08 0.01826
4.62368e+08 0.0182241
4.6684e+08 0.0163119
4.73121e+08 0.0181972
4.73121e+08 0.0181972
4.73624e+08 0.0180375
4.8178e+08 0.0178545
4.8178e+08 0.0178545
4.81791e+08 0.0178459
4.81791e+08 0.0178459
4.81814e+08 0.0178287
4.81814e+08 0.0178373
4.81814e+08 0.0178373
4.8187e+08 0.0178201
4.8187e+08 0.0178287
4.81881e+08 0.0178287
4.81937e+08 0.0178545
4.81937e+08 0.0178631
4.81937e+08 0.0178631
4.81971e+08 0.0178631
4.81982e+08 0.0178545
4.81993e+08 0.0178545
4.81993e+08 0.0178631
4.82005e+08 0.0178545
4.82497e+08 0.0177429
4.82508e+08 0.0177344
4.82508e+08 0.0177344
4.82832e+08 0.01776
4.82832e+08 0.01776
4.82832e+08 0.01824
4.82832e+08 0.0182695
4.82854e+08 0.0182607
4.83881e+08 0.0182134
4.84308e+08 0.0180699
4.84804e+08 0.0179281
4.85229e+08 0.0180301
4.8524e+08 0.0180301
4.85263e+08 0.0180387
4.85442e+08 0.0179789
4.85844e+08 0.0180901
4.93624e+08 0.0158559
4.96664e+08 0.0180387
4.96664e+08 0.0180387
4.97446e+08 0.0178271
5.05759e+08 0.0177106
5.05759e+08 0.0177106
5.05793e+08 0.017694
5.05793e+08 0.017694
5.05793e+08 0.0177105
5.05793e+08 0.0177105
5.05815e+08 0.017694
5.05916e+08 0.0176611
5.05916e+08 0.0176611
5.05927e+08 0.0176611
5.05961e+08 0.0176776
5.05961e+08 0.0176776
5.05961e+08 0.0176776
5.05983e+08 0.0176858
5.05995e+08 0.0176858
5.05995e+08 0.017694
5.06006e+08 0.0176858
5.06017e+08 0.0176857
5.06495e+08 0.0176965
5.06506e+08 0.0176965
5.06506e+08 0.0176965
5.06752e+08 0.0177542
5.06752e+08 0.0177542
5.06763e+08 0.017746
5.06799e+08 0.0181855
5.06799e+08 0.0181854
5.06808e+08 0.018196
5.07987e+08 0.0180808
5.08555e+08 0.017976
5.09024e+08 0.0179957
5.0927e+08 0.0181295
5.0927e+08 0.018138
5.0927e+08 0.0181549
5.09427e+08 0.0181718
5.1021e+08 0.0178884
5.1876e+08 0.0173396
5.21879e+08 0.0172858
5.21879e+08 0.0172858
5.23522e+08 0.0167153
5.30248e+08 0.0177984
5.30248e+08 0.0177984
5.3027e+08 0.0178065
5.30282e+08 0.0177984
5.30282e+08 0.0177984
5.30282e+08 0.0177984
5.30293e+08 0.0178065
5.30394e+08 0.0178065
5.30394e+08 0.0178065
5.30394e+08 0.0178146
5.30427e+08 0.0178146
5.30439e+08 0.0178065
5.30439e+08 0.0178065
5.30439e+08 0.0178228
5.30439e+08 0.017831
5.30461e+08 0.0178147
5.30461e+08 0.0178228
5.30472e+08 0.0178229
5.31109e+08 0.0177074
5.3113e+08 0.0177002
5.3117e+08 0.0176717
5.31477e+08 0.0176282
5.31497e+08 0.0176143
5.31497e+08 0.0176223
5.31511e+08 0.017638
5.31567e+08 0.0175982
5.31597e+08 0.0180272
5.31678e+08 0.0179745
5.32669e+08 0.0181122
5.33628e+08 0.0178296
5.33806e+08 0.0180387
5.34019e+08 0.0180632
5.34019e+08 0.0180632
5.34019e+08 0.0180632
5.34187e+08 0.018055
5.35271e+08 0.0178376
5.44682e+08 0.0172454
5.48203e+08 0.0169819
5.48203e+08 0.0169819
5.4903e+08 0.0175251
5.55443e+08 0.0177424
5.55443e+08 0.0177424
5.55511e+08 0.0177109
5.55533e+08 0.0177031
5.55533e+08 0.0177031
5.55556e+08 0.0176874
5.55556e+08 0.0176953
5.55567e+08 0.0177582
5.55567e+08 0.0177582
5.55578e+08 0.0177503
5.55612e+08 0.0177503
5.55612e+08 0.0177581
5.55612e+08 0.0177581
5.55612e+08 0.0177581
5.55623e+08 0.0177503
5.55646e+08 0.0177503
5.55646e+08 0.0177503
5.55646e+08 0.0177582
5.56571e+08 0.0175568
5.56571e+08 0.0175715
5.56695e+08 0.0175139
5.56994e+08 0.0175193
5.57045e+08 0.0174974
5.57112e+08 0.0174515
5.57135e+08 0.0174459
5.57291e+08 0.0173777
5.5737e+08 0.0173455
5.5737e+08 0.0177791
5.57537e+08 0.0177196
5.58031e+08 0.0180667
5.59694e+08 0.0175788
5.59783e+08 0.0176393
5.59984e+08 0.0176468
5.59996e+08 0.0176393
5.59996e+08 0.0176393
5.60152e+08 0.0176469
5.60901e+08 0.0178777
5.74123e+08 0.0155636
5.75387e+08 0.0168561
5.7542e+08 0.0168353
5.7542e+08 0.0173629
5.8123e+08 0.017769
5.8123e+08 0.017769
5.81242e+08 0.0178078
5.81242e+08 0.0178233
5.81253e+08 0.0178155
5.8132e+08 0.0177845
5.8132e+08 0.0177845
5.81343e+08 0.0177768
5.81354e+08 0.0177691
5.81376e+08 0.0177614
5.81399e+08 0.0177691
5.81399e+08 0.0177691
5.81399e+08 0.0177691
5.81399e+08 0.0177691
5.8141e+08 0.0177691
5.81477e+08 0.0177384
5.81511e+08 0.0177153
5.81511e+08 0.0177153
5.82495e+08 0.0176755
5.82532e+08 0.0176504
5.82621e+08 0.0176735
5.83057e+08 0.0175805
5.83057e+08 0.0176153
5.83102e+08 0.0176305
5.83147e+08 0.0176153
5.83158e+08 0.0177142
5.8318e+08 0.0177526
5.83192e+08 0.0177449
5.83203e+08 0.0178531
5.83203e+08 0.0182886
5.83833e+08 0.0181919
5.85522e+08 0.0181734
5.85611e+08 0.0181734
5.85813e+08 0.0181734
5.85846e+08 0.0181577
5.85869e+08 0.018142
5.85891e+08 0.0182365
5.86864e+08 0.0180794
6.00499e+08 0.0177961
6.01628e+08 0.0178869
6.0164e+08 0.0179022
6.01673e+08 0.0178793
6.07461e+08 0.0178944
6.07461e+08 0.0178944
6.0754e+08 0.0178487
6.07551e+08 0.0178411
6.07562e+08 0.0178411
6.07618e+08 0.0178487
6.07618e+08 0.0178487
6.07619e+08 0.0178639
6.07619e+08 0.0178715
6.07619e+08 0.0178867
6.07719e+08 0.0178335
6.07719e+08 0.0178335
6.07719e+08 0.0178335
6.07719e+08 0.0178335
6.07719e+08 0.0178411
6.07753e+08 0.0178639
6.07809e+08 0.0178487
6.07809e+08 0.0178487
6.09085e+08 0.0176527
6.09085e+08 0.0176772
6.09152e+08 0.0176921
6.09331e+08 0.0178651
6.09331e+08 0.0178651
6.09331e+08 0.0178956
6.09354e+08 0.0179109
6.09354e+08 0.0179186
6.09376e+08 0.0179185
6.09387e+08 0.0179185
6.09421e+08 0.0179032
6.09432e+08 0.0178955
6.09432e+08 0.0183216
6.1127e+08 0.0175147
6.12601e+08 0.0177464
6.13004e+08 0.0175437
6.13641e+08 0.0172689
6.1373e+08 0.0172343
6.13898e+08 0.017145
6.14267e+08 0.0169356
6.21152e+08 0.0140155
6.28096e+08 0.0174137
6.28455e+08 0.017914
6.28466e+08 0.017914
6.28488e+08 0.0179214
6.35405e+08 0.0171974
6.35405e+08 0.0171974
6.35405e+08 0.0172458
6.35405e+08 0.0172528
6.35405e+08 0.0172597
6.35406e+08 0.0172944
6.35417e+08 0.0172874
6.35439e+08 0.0172736
6.35439e+08 0.0172736
6.35439e+08 0.0172736
6.35439e+08 0.0173364
6.35439e+08 0.0173364
6.35439e+08 0.0173364
6.35439e+08 0.0173363
6.35439e+08 0.0173363
6.35439e+08 0.0173574
6.35439e+08 0.0173925
6.3544e+08 0.0173925
6.35507e+08 0.018188
6.35507e+08 0.018188
6.35507e+08 0.0182342
6.35541e+08 0.0183352
6.35541e+08 0.0183352
6.35575e+08 0.0183118
6.35575e+08 0.0183274
6.35575e+08 0.0183274
6.35608e+08 0.0183196
6.35608e+08 0.0183274
6.35609e+08 0.0183508
6.35609e+08 0.0183587
6.35609e+08 0.0183586
6.35609e+08 0.0197451
6.35609e+08 0.0202042
6.3571e+08 0.0212795
6.3571e+08 0.0216566
6.3571e+08 0.0222817
6.3571e+08 0.0223724
6.3571e+08 0.0225443
6.3571e+08 0.0229322
6.35744e+08 0.0336995
6.35744e+08 0.0643004
6.35744e+08 0.0674623
6.35744e+08 0.0675665
6.35744e+08 0.0677748
6.35811e+08 1.21246
6.35811e+08 1.21246
6.35811e+08 1.21266
