3.6295e+06 0.00307924
8.32975e+06 0.00237772
8.32975e+06 0.00475544
9.45988e+06 0.019778
9.45989e+06 0.019778
1.13539e+07 0.0118014
1.13539e+07 0.017702
1.13539e+07 0.017702
1.36908e+07 0.0143467
1.36908e+07 0.0143467
1.36909e+07 0.0191288
1.36909e+07 0.0191288
1.66166e+07 0.0152791
1.66166e+07 0.0152791
1.6639e+07 0.0151633
1.66614e+07 0.0150491
1.66614e+07 0.0188114
1.99784e+07 0.0166219
2.00678e+07 0.0161914
2.00678e+07 0.0162969
2.01125e+07 0.0161914
2.01126e+07 0.0161914
2.01126e+07 0.0194295
2.43052e+07 0.0154978
2.43052e+07 0.0158247
2.43052e+07 0.0158247
2.43052e+07 0.0159934
2.43052e+07 0.0159934
2.43053e+07 0.0159934
2.43053e+07 0.0186589
2.82641e+07 0.0197604
2.83648e+07 0.0192707
2.83648e+07 0.0192707
2.83648e+07 0.0192708
2.83648e+07 0.0192708
2.8376e+07 0.019218
2.8376e+07 0.019218
3.29832e+07 0.0165777
3.29832e+07 0.0189459
3.29833e+07 0.0193586
3.29944e+07 0.0193118
3.29945e+07 0.0193118
3.30056e+07 0.0192653
3.30056e+07 0.0193118
3.30057e+07 0.0193118
3.82614e+07 0.0169389
3.82614e+07 0.0169389
3.82614e+07 0.0190562
3.82615e+07 0.0190563
3.82615e+07 0.0190967
3.82615e+07 0.0190967
3.82615e+07 0.0191373
3.82615e+07 0.0191373
3.82615e+07 0.0191373
4.40764e+07 0.0172971
4.40876e+07 0.0172638
4.40876e+07 0.0172638
4.40988e+07 0.0172308
4.40989e+07 0.0191453
4.40989e+07 0.0191453
4.40989e+07 0.0191453
4.40989e+07 0.0191453
4.41213e+07 0.0190722
4.41325e+07 0.0190358
5.0473e+07 0.0174717
5.05959e+07 0.0171717
5.0596e+07 0.0171717
5.05961e+07 0.017201
5.05961e+07 0.017201
5.05961e+07 0.0189211
5.05961e+07 0.0189211
5.05961e+07 0.0189211
5.05961e+07 0.0189211
5.05961e+07 0.0189865
5.05961e+07 0.0190194
5.74287e+07 0.0176737
5.74288e+07 0.0179917
5.74288e+07 0.0179917
5.75295e+07 0.0177307
5.75295e+07 0.0177307
5.75295e+07 0.0177307
5.75519e+07 0.0176737
5.75519e+07 0.0192804
5.75519e+07 0.0192804
5.75519e+07 0.0192804
5.75519e+07 0.0192804
5.75631e+07 0.0192495
6.50555e+07 0.0175843
6.50666e+07 0.0175587
6.50666e+07 0.0175587
6.51896e+07 0.0175075
6.51897e+07 0.0175075
6.51897e+07 0.0175075
6.51897e+07 0.0175588
6.51897e+07 0.0175587
6.51897e+07 0.0190219
6.51897e+07 0.0190219
6.51897e+07 0.0190219
6.52009e+07 0.0189941
6.52009e+07 0.0190219
7.32749e+07 0.017676
7.32749e+07 0.0177
7.32749e+07 0.0177
7.33532e+07 0.0177969
7.33979e+07 0.0177
7.34203e+07 0.0176519
7.34203e+07 0.0176518
7.34203e+07 0.0176519
7.34204e+07 0.0176519
7.34204e+07 0.0190096
7.34204e+07 0.0190096
7.34204e+07 0.0190096
7.34204e+07 0.0190355
7.34204e+07 0.0190355
8.21988e+07 0.017533
8.22212e+07 0.017489
8.22324e+07 0.0174672
8.22324e+07 0.0176213
8.22324e+07 0.0177105
8.22324e+07 0.0177554
8.22324e+07 0.0177555
8.22324e+07 0.0177555
8.22324e+07 0.0177555
8.22324e+07 0.0177555
8.22324e+07 0.0177555
8.22325e+07 0.0190237
8.22436e+07 0.0189996
8.22437e+07 0.0189996
8.22437e+07 0.0189996
9.16372e+07 0.0177613
9.16372e+07 0.0178035
9.16372e+07 0.0178246
9.16484e+07 0.0178035
9.16484e+07 0.0178034
9.16485e+07 0.0178034
9.16485e+07 0.0178034
9.16485e+07 0.0178034
9.16485e+07 0.0178034
9.16486e+07 0.0178033
9.16486e+07 0.0178033
9.16486e+07 0.0178033
9.16486e+07 0.0189902
9.16486e+07 0.0190127
9.16486e+07 0.0190127
9.16487e+07 0.0190126
1.01646e+08 0.0178657
1.01646e+08 0.0178658
1.01646e+08 0.0178658
1.01646e+08 0.0178858
1.01646e+08 0.0178858
1.01646e+08 0.0178859
1.01646e+08 0.0178859
1.01646e+08 0.0178859
1.01646e+08 0.0178859
1.01646e+08 0.0178859
1.01646e+08 0.0178858
1.01646e+08 0.0178858
1.01646e+08 0.0178858
1.01646e+08 0.0178858
1.01646e+08 0.0190036
1.01646e+08 0.0190035
1.01646e+08 0.0190035
1.12236e+08 0.0179399
1.12236e+08 0.0179399
1.12236e+08 0.0179399
1.12236e+08 0.0179399
1.12236e+08 0.0179399
1.12236e+08 0.0179399
1.12236e+08 0.0179399
1.12236e+08 0.0179399
1.12236e+08 0.0179398
1.12236e+08 0.0179399
1.12236e+08 0.0179399
1.12236e+08 0.0179399
1.12236e+08 0.0179399
1.12236e+08 0.0179399
1.12236e+08 0.01794
1.12236e+08 0.0189952
1.12237e+08 0.0189952
1.12237e+08 0.0189951
1.23419e+08 0.0179886
1.23419e+08 0.0179886
1.23419e+08 0.0179886
1.23419e+08 0.0179886
1.23419e+08 0.0179885
1.23419e+08 0.0179886
1.23419e+08 0.0179885
1.23419e+08 0.0179885
1.23419e+08 0.0179884
1.23419e+08 0.0179885
1.23419e+08 0.0179885
1.23419e+08 0.0179885
1.23419e+08 0.0179885
1.2342e+08 0.0179885
1.2342e+08 0.0179885
1.2342e+08 0.0179884
1.2342e+08 0.0179884
1.2342e+08 0.0189877
1.2342e+08 0.0189878
1.35117e+08 0.0181526
1.35128e+08 0.0181353
1.35128e+08 0.0181353
1.35139e+08 0.018118
1.3515e+08 0.0181008
1.3515e+08 0.0181008
1.3515e+08 0.0181008
1.3515e+08 0.0181009
1.35195e+08 0.0180322
1.35195e+08 0.0180321
1.35195e+08 0.0180321
1.35195e+08 0.0180321
1.35195e+08 0.0180321
1.35195e+08 0.0180321
1.35195e+08 0.0180321
1.35195e+08 0.0180321
1.35195e+08 0.0180322
1.35195e+08 0.0180322
1.35195e+08 0.0189812
1.35196e+08 0.0189811
1.47496e+08 0.0180553
1.47508e+08 0.0180553
1.47519e+08 0.018039
1.47519e+08 0.0180553
1.4753e+08 0.0180553
1.47541e+08 0.018039
1.47541e+08 0.018039
1.47564e+08 0.0180065
1.47564e+08 0.0180715
1.47564e+08 0.0180715
1.47564e+08 0.0180715
1.47564e+08 0.0180715
1.47564e+08 0.0180716
1.47564e+08 0.0180716
1.47564e+08 0.0180716
1.47564e+08 0.0180716
1.47564e+08 0.0180716
1.47575e+08 0.0180552
1.47586e+08 0.0180389
1.47698e+08 0.0178777
1.47698e+08 0.0187716
1.60446e+08 0.0181231
1.60469e+08 0.0181074
1.60469e+08 0.018123
1.60469e+08 0.018123
1.60469e+08 0.0181387
1.60469e+08 0.0181544
1.60469e+08 0.0181544
1.60469e+08 0.0181858
1.60525e+08 0.0181074
1.60525e+08 0.0181074
1.60525e+08 0.0181074
1.60525e+08 0.0181074
1.60525e+08 0.0181074
1.60547e+08 0.0180762
1.60547e+08 0.0180762
1.60559e+08 0.0180606
1.60559e+08 0.0180606
1.60559e+08 0.0180762
1.60559e+08 0.0180917
1.60704e+08 0.0180452
1.60726e+08 0.0180142
1.60738e+08 0.0188558
1.73397e+08 0.0189855
1.73397e+08 0.0190184
1.73397e+08 0.0190184
1.73408e+08 0.0190019
1.73419e+08 0.0189855
1.73464e+08 0.0189202
1.73464e+08 0.0189202
1.73509e+08 0.0188553
1.73509e+08 0.0189365
1.73509e+08 0.0189364
1.73509e+08 0.0189364
1.7352e+08 0.0189202
1.73531e+08 0.0189039
1.73554e+08 0.0189039
1.73554e+08 0.0189039
1.73598e+08 0.0188553
1.73598e+08 0.0188553
1.73598e+08 0.0188554
1.73598e+08 0.0188554
1.73677e+08 0.0189528
1.73722e+08 0.0189201
1.73744e+08 0.0189038
1.87074e+08 0.017977
1.87074e+08 0.0187941
1.87074e+08 0.0187941
1.87074e+08 0.0187941
1.87074e+08 0.0188094
1.87074e+08 0.0188248
1.87096e+08 0.0188557
1.8713e+08 0.0188094
1.8713e+08 0.0188712
1.87174e+08 0.0188095
1.87174e+08 0.0188095
1.87174e+08 0.0188095
1.87174e+08 0.0188249
1.87186e+08 0.0188249
1.87197e+08 0.0188403
1.87219e+08 0.0188095
1.87353e+08 0.0186872
1.87365e+08 0.018672
1.87387e+08 0.0186418
1.87421e+08 0.0185965
1.87465e+08 0.0186418
1.87477e+08 0.0186872
1.87477e+08 0.0187176
2.01265e+08 0.0181128
2.0131e+08 0.0180559
2.01332e+08 0.0188114
2.01332e+08 0.0188114
2.01343e+08 0.0187967
2.01377e+08 0.0187527
2.01388e+08 0.018738
2.01444e+08 0.0186942
2.01466e+08 0.0187088
2.01466e+08 0.0187088
2.01556e+08 0.0186507
2.016e+08 0.0185928
2.016e+08 0.0185928
2.016e+08 0.0185929
2.01623e+08 0.0185784
2.01645e+08 0.0185641
2.01645e+08 0.0185928
2.01668e+08 0.018738
2.01668e+08 0.0187526
2.01668e+08 0.0187819
2.01679e+08 0.0188113
2.0169e+08 0.0188557
2.0169e+08 0.0188706
2.0169e+08 0.0188705
2.16217e+08 0.0179392
2.1625e+08 0.0179526
2.1625e+08 0.0179795
2.1625e+08 0.0179795
2.16261e+08 0.0187146
2.16261e+08 0.0187286
2.16261e+08 0.0187708
2.16306e+08 0.0187286
2.16396e+08 0.0186866
2.16396e+08 0.0187146
2.16396e+08 0.0187146
2.16396e+08 0.0188274
2.16396e+08 0.0188843
2.16396e+08 0.0188843
2.16396e+08 0.0188843
2.16452e+08 0.0188416
2.16452e+08 0.01887
2.16452e+08 0.01887
2.16463e+08 0.0188842
2.16463e+08 0.0188842
2.16497e+08 0.0188414
2.1653e+08 0.0188131
2.1653e+08 0.0188273
2.16553e+08 0.018799
2.16597e+08 0.0187426
2.31683e+08 0.0180651
2.3175e+08 0.0180259
2.31772e+08 0.018
2.31772e+08 0.018
2.31783e+08 0.018
2.31783e+08 0.01872
2.31783e+08 0.01872
2.31795e+08 0.0187065
2.31795e+08 0.0187605
2.31828e+08 0.0188284
2.31828e+08 0.0188284
2.31828e+08 0.0188284
2.31828e+08 0.0188284
2.3184e+08 0.0188148
2.3184e+08 0.0188148
2.3184e+08 0.0188148
2.31873e+08 0.0188421
2.31884e+08 0.0188284
2.31896e+08 0.0188148
2.31896e+08 0.0188283
2.31896e+08 0.0188283
2.31907e+08 0.0188557
2.31974e+08 0.0188148
2.31974e+08 0.0188148
2.31974e+08 0.018842
2.31974e+08 0.0188968
2.47742e+08 0.0180942
2.47775e+08 0.0181321
2.47775e+08 0.0181574
2.47798e+08 0.018132
2.47798e+08 0.0181447
2.47798e+08 0.0181447
2.47798e+08 0.0181447
2.47798e+08 0.0188426
2.47798e+08 0.0188557
2.47798e+08 0.0188557
2.4782e+08 0.018869
2.4782e+08 0.018869
2.4782e+08 0.018869
2.47831e+08 0.0188558
2.47854e+08 0.0188426
2.47854e+08 0.0188426
2.47854e+08 0.0188426
2.47854e+08 0.0188821
2.47854e+08 0.0188953
2.47854e+08 0.0189086
2.47943e+08 0.0188032
2.47943e+08 0.0188032
2.47944e+08 0.0188162
2.47955e+08 0.0188821
2.47955e+08 0.0188821
2.47966e+08 0.0188688
2.47966e+08 0.0188689
2.64315e+08 0.0182068
2.6436e+08 0.0181945
2.6436e+08 0.0181946
2.6436e+08 0.0182191
2.64371e+08 0.0182068
2.64371e+08 0.0182068
2.64371e+08 0.0182068
2.64371e+08 0.0182068
2.64371e+08 0.0188811
2.64371e+08 0.0188811
2.64371e+08 0.0188811
2.64393e+08 0.0188812
2.64393e+08 0.0188812
2.64393e+08 0.0188812
2.64393e+08 0.0188939
2.64405e+08 0.0189067
2.64405e+08 0.0189066
2.64416e+08 0.0188939
2.64505e+08 0.0187924
2.64505e+08 0.0187924
2.64506e+08 0.0187924
2.64528e+08 0.0188684
2.64528e+08 0.0188684
2.64551e+08 0.018843
2.64562e+08 0.018843
2.64562e+08 0.018843
2.64562e+08 0.0188558
2.64607e+08 0.018805
2.81448e+08 0.0182649
2.8147e+08 0.0182888
2.8147e+08 0.0182888
2.8147e+08 0.0182888
2.81492e+08 0.0182768
2.81492e+08 0.0182768
2.81492e+08 0.0182768
2.81504e+08 0.0182649
2.81515e+08 0.018253
2.81515e+08 0.018253
2.81526e+08 0.0188925
2.81526e+08 0.0188925
2.81593e+08 0.0188435
2.81615e+08 0.018819
2.81627e+08 0.0188068
2.81627e+08 0.0188068
2.8166e+08 0.0187824
2.81683e+08 0.0187581
2.81683e+08 0.0187703
2.81683e+08 0.0188679
2.81716e+08 0.0188312
2.81716e+08 0.0188312
2.81716e+08 0.0188557
2.81716e+08 0.0188557
2.81739e+08 0.0188557
2.81739e+08 0.0188679
2.81739e+08 0.0188679
2.81739e+08 0.0188679
2.81773e+08 0.0188803
2.99329e+08 0.0181247
2.99329e+08 0.0181474
2.99329e+08 0.0181474
2.99329e+08 0.0181474
2.99341e+08 0.0181587
2.99341e+08 0.0181587
2.99363e+08 0.018136
2.99363e+08 0.0181474
2.99374e+08 0.0181474
2.99374e+08 0.0181474
2.99397e+08 0.018136
2.99397e+08 0.0187614
2.99397e+08 0.0187614
2.99408e+08 0.0188202
2.99408e+08 0.0188439
2.99408e+08 0.0188557
2.99408e+08 0.0188557
2.99453e+08 0.0188438
2.99464e+08 0.0188557
2.99464e+08 0.0188557
2.99486e+08 0.0188319
2.99486e+08 0.0188675
2.99486e+08 0.0188675
2.99486e+08 0.0188676
2.99486e+08 0.0188676
2.99498e+08 0.0188794
2.9952e+08 0.0188557
2.9952e+08 0.0188557
2.9952e+08 0.0188557
2.99554e+08 0.0188557
3.17603e+08 0.0183479
3.17603e+08 0.0183479
3.17614e+08 0.0183367
3.17614e+08 0.0183367
3.17659e+08 0.0183031
3.1767e+08 0.018292
3.17703e+08 0.0182808
3.17703e+08 0.0182808
3.17759e+08 0.0182364
3.17759e+08 0.0182364
3.17759e+08 0.0182586
3.17759e+08 0.0182586
3.17759e+08 0.0182586
3.17759e+08 0.0188672
3.1777e+08 0.0188672
3.1777e+08 0.0188672
3.1777e+08 0.0188672
3.17804e+08 0.0188328
3.17815e+08 0.0188671
3.17815e+08 0.0188785
3.17827e+08 0.0188671
3.17827e+08 0.0188901
3.17827e+08 0.0188902
3.17827e+08 0.0188902
3.17827e+08 0.0188902
3.17827e+08 0.0188902
3.17894e+08 0.0188328
3.17894e+08 0.0188557
3.17894e+08 0.0188557
3.17894e+08 0.0188557
3.17894e+08 0.0188901
3.36502e+08 0.0183313
3.36502e+08 0.0183313
3.36502e+08 0.0183421
3.36502e+08 0.0183421
3.36502e+08 0.0183856
3.36525e+08 0.0183747
3.36525e+08 0.0184075
3.36536e+08 0.0183965
3.36547e+08 0.0184403
3.36547e+08 0.0184403
3.36547e+08 0.0184403
3.36547e+08 0.0184403
3.36547e+08 0.0184403
3.36547e+08 0.0184403
3.36547e+08 0.0190352
3.36558e+08 0.0190352
3.36603e+08 0.0189899
3.36614e+08 0.0189787
3.36625e+08 0.0190012
3.36737e+08 0.0189002
3.36737e+08 0.0189002
3.3676e+08 0.0188891
3.3676e+08 0.0188892
3.3676e+08 0.0188892
3.3676e+08 0.0188892
3.3676e+08 0.0188891
3.3676e+08 0.0188891
3.36827e+08 0.0188891
3.36827e+08 0.0188891
3.36827e+08 0.0188891
3.36827e+08 0.0188891
3.36827e+08 0.0188891
3.55994e+08 0.0183472
3.55994e+08 0.0183472
3.55994e+08 0.0183472
3.55994e+08 0.0183472
3.55994e+08 0.0183472
3.55994e+08 0.0183683
3.55994e+08 0.0183682
3.55994e+08 0.0183788
3.56017e+08 0.0183683
3.56017e+08 0.0183682
3.56017e+08 0.0183682
3.56039e+08 0.0183472
3.56039e+08 0.0183472
3.56039e+08 0.0183472
3.56039e+08 0.0183472
3.56039e+08 0.0183577
3.56039e+08 0.0189314
3.56051e+08 0.018964
3.56051e+08 0.0189749
3.56062e+08 0.0189749
3.56073e+08 0.0190737
3.56084e+08 0.0190627
3.56084e+08 0.0190847
3.56084e+08 0.0190847
3.56084e+08 0.0190847
3.56084e+08 0.0190847
3.56107e+08 0.0190627
3.56107e+08 0.0190627
3.56353e+08 0.0188881
3.56353e+08 0.0188881
3.56353e+08 0.0188881
3.56353e+08 0.018888
3.56353e+08 0.018888
3.76102e+08 0.0183417
3.76102e+08 0.0183417
3.76102e+08 0.0183417
3.76102e+08 0.0183417
3.76102e+08 0.0183417
3.76124e+08 0.0183213
3.76135e+08 0.0183112
3.76135e+08 0.0183112
3.76158e+08 0.0183112
3.76158e+08 0.0183112
3.76158e+08 0.0183112
3.76158e+08 0.0183316
3.76158e+08 0.0183316
3.76158e+08 0.0183316
3.76158e+08 0.0183316
3.76169e+08 0.0183214
3.76169e+08 0.0183214
3.76169e+08 0.0188766
3.76169e+08 0.0188871
3.76169e+08 0.0188871
3.76169e+08 0.0188976
3.7618e+08 0.0188977
3.7618e+08 0.0189082
3.7618e+08 0.0189082
3.7618e+08 0.0189082
3.7618e+08 0.0189082
3.76191e+08 0.0188977
3.76203e+08 0.0189081
3.76203e+08 0.0189081
3.76415e+08 0.0189397
3.76416e+08 0.0189397
3.76416e+08 0.0189397
3.76471e+08 0.0188871
3.76472e+08 0.018887
3.96813e+08 0.0183466
3.96813e+08 0.0183465
3.96813e+08 0.0183465
3.96813e+08 0.0183465
3.96813e+08 0.0183465
3.96824e+08 0.0183564
3.96824e+08 0.0183664
3.96824e+08 0.0183664
3.96835e+08 0.0183763
3.96847e+08 0.0183664
3.96847e+08 0.0183664
3.96869e+08 0.0183465
3.96869e+08 0.0183465
3.96869e+08 0.0183465
3.96869e+08 0.0183465
3.96869e+08 0.0183564
3.96869e+08 0.0183564
3.96869e+08 0.0183564
3.96869e+08 0.0183564
3.9688e+08 0.0188861
3.9688e+08 0.0188861
3.9688e+08 0.0188861
3.96914e+08 0.0188658
3.96914e+08 0.0188658
3.96914e+08 0.0188658
3.96925e+08 0.0188556
3.96925e+08 0.0188556
3.96925e+08 0.0188657
3.96936e+08 0.0188658
3.96936e+08 0.0188658
3.9706e+08 0.0189475
3.9706e+08 0.0189475
3.9706e+08 0.0189475
3.97127e+08 0.0189373
3.97183e+08 0.0188862
4.1815e+08 0.0183318
4.18206e+08 0.018284
4.18206e+08 0.0182839
4.18206e+08 0.0182839
4.18206e+08 0.0182839
4.18206e+08 0.0182935
4.18206e+08 0.0182935
4.18218e+08 0.018284
4.18218e+08 0.0182935
4.18218e+08 0.0183031
4.18218e+08 0.0183031
4.18218e+08 0.0183222
4.18218e+08 0.0183222
4.18218e+08 0.0183222
4.18218e+08 0.0183222
4.18218e+08 0.0183222
4.18218e+08 0.0183222
4.18218e+08 0.0183222
4.18218e+08 0.0183222
4.18218e+08 0.0183317
4.18218e+08 0.0188555
4.18218e+08 0.0188555
4.18218e+08 0.0188555
4.18229e+08 0.0188753
4.18229e+08 0.0188753
4.18229e+08 0.0188753
4.18229e+08 0.0188852
4.18229e+08 0.0188852
4.18229e+08 0.0188852
4.1824e+08 0.0188852
4.18252e+08 0.0188753
4.18364e+08 0.0188853
4.18386e+08 0.0188655
4.18386e+08 0.0188655
4.18397e+08 0.0189151
4.18487e+08 0.0188853
4.40069e+08 0.0183554
4.40092e+08 0.0183835
4.40103e+08 0.0183741
4.40103e+08 0.0183741
4.40103e+08 0.0183741
4.40103e+08 0.0183741
4.40103e+08 0.0183741
4.40103e+08 0.0183835
4.40103e+08 0.0183835
4.40103e+08 0.0183835
4.40103e+08 0.0183835
4.40103e+08 0.0183835
4.40103e+08 0.0183835
4.40103e+08 0.0183835
4.40103e+08 0.0183835
4.40103e+08 0.0183835
4.40103e+08 0.0183835
4.40103e+08 0.0183835
4.40114e+08 0.0183741
4.40115e+08 0.0183741
4.40115e+08 0.0183741
4.40115e+08 0.0183741
4.40115e+08 0.0188845
4.40115e+08 0.0188845
4.40115e+08 0.0188942
4.40115e+08 0.0188942
4.40115e+08 0.0188942
4.40126e+08 0.0188845
4.40137e+08 0.0188749
4.40137e+08 0.0188749
4.40171e+08 0.0188556
4.40171e+08 0.0188652
4.40283e+08 0.0188652
4.40283e+08 0.0188844
4.40283e+08 0.0188844
4.40283e+08 0.0188941
4.40384e+08 0.0188845
4.62581e+08 0.0183686
4.62581e+08 0.0183868
4.62581e+08 0.018396
4.62581e+08 0.018396
4.62581e+08 0.018396
4.62581e+08 0.018396
4.62581e+08 0.018396
4.62581e+08 0.018396
4.62592e+08 0.0183868
4.62592e+08 0.0183868
4.62592e+08 0.0183868
4.62592e+08 0.0183868
4.62593e+08 0.0183868
4.62593e+08 0.0183867
4.62604e+08 0.0183776
4.62604e+08 0.0183776
4.62604e+08 0.0183776
4.62604e+08 0.0183776
4.62604e+08 0.0183868
4.62604e+08 0.0183868
4.62604e+08 0.0183868
4.62604e+08 0.0183868
4.62604e+08 0.0183868
4.62604e+08 0.0188837
4.62604e+08 0.0188837
4.62604e+08 0.0188837
4.62615e+08 0.0188744
4.62615e+08 0.0188744
4.62615e+08 0.0188837
4.62649e+08 0.0188649
4.62649e+08 0.0188649
4.6275e+08 0.0188088
4.62761e+08 0.0187995
4.62817e+08 0.0188462
4.62817e+08 0.0188462
4.62817e+08 0.0188462
4.62817e+08 0.0188462
4.62873e+08 0.0188836
4.85618e+08 0.0184346
4.8563e+08 0.0184256
4.8563e+08 0.0184256
4.85641e+08 0.0184167
4.85641e+08 0.0184167
4.85641e+08 0.0184167
4.85641e+08 0.0184167
4.85641e+08 0.0184167
4.85674e+08 0.0183989
4.85674e+08 0.0183989
4.85674e+08 0.0183989
4.85675e+08 0.0183988
4.85675e+08 0.0183988
4.85675e+08 0.0183988
4.85686e+08 0.0183989
4.85686e+08 0.0183989
4.85686e+08 0.0183989
4.85686e+08 0.0183989
4.85686e+08 0.0183989
4.85686e+08 0.0183989
4.85686e+08 0.0183989
4.85686e+08 0.0183989
4.85686e+08 0.0183989
4.85686e+08 0.0183989
4.85686e+08 0.018883
4.85697e+08 0.0188739
4.85697e+08 0.0188739
4.85697e+08 0.018883
4.85697e+08 0.018883
4.85697e+08 0.018883
4.85709e+08 0.0189013
4.8572e+08 0.0188921
4.85787e+08 0.0189197
4.85787e+08 0.0189288
4.85809e+08 0.0189564
4.85821e+08 0.0189472
4.85821e+08 0.0189472
4.85832e+08 0.018938
4.85955e+08 0.018883
5.09338e+08 0.0183755
5.09338e+08 0.0183842
5.09338e+08 0.0183842
5.09338e+08 0.0183928
5.09338e+08 0.0183928
5.09338e+08 0.0183928
5.09349e+08 0.0183842
5.09349e+08 0.0183842
5.09349e+08 0.0184102
5.09349e+08 0.0184102
5.09349e+08 0.0184102
5.0936e+08 0.0184016
5.09361e+08 0.0184016
5.09361e+08 0.0184016
5.09361e+08 0.0184103
5.09361e+08 0.0184103
5.09361e+08 0.0184103
5.09361e+08 0.0184103
5.09361e+08 0.0184103
5.09361e+08 0.0184103
5.09361e+08 0.0184103
5.09361e+08 0.0184103
5.09361e+08 0.0184103
5.09361e+08 0.0184103
5.09361e+08 0.0184103
5.09361e+08 0.018419
5.09361e+08 0.0188913
5.09361e+08 0.0188913
5.09361e+08 0.0188913
5.09361e+08 0.0188912
5.09361e+08 0.0188912
5.09439e+08 0.0188378
5.0945e+08 0.0188378
5.09473e+08 0.0188734
5.09473e+08 0.0188734
5.09507e+08 0.0188645
5.09518e+08 0.0188645
5.09518e+08 0.0188645
5.09529e+08 0.0188645
5.0963e+08 0.0188823
5.33605e+08 0.0184211
5.33605e+08 0.0184211
5.33617e+08 0.0184127
5.33617e+08 0.0184127
5.33617e+08 0.0184127
5.33617e+08 0.0184126
5.33617e+08 0.0184211
5.33617e+08 0.0184211
5.33617e+08 0.0184211
5.33617e+08 0.0184211
5.33617e+08 0.0184211
5.33617e+08 0.0184296
5.33617e+08 0.0184296
5.33617e+08 0.0184296
5.33617e+08 0.0184296
5.33617e+08 0.0184296
5.33617e+08 0.0184296
5.33617e+08 0.0184296
5.33617e+08 0.0184296
5.33617e+08 0.0184296
5.33617e+08 0.0184296
5.33617e+08 0.0184296
5.33617e+08 0.0184296
5.33617e+08 0.0184296
5.33617e+08 0.0184296
5.33617e+08 0.0184296
5.33617e+08 0.0184297
5.33617e+08 0.0188904
5.33617e+08 0.0188904
5.33617e+08 0.0188904
5.33617e+08 0.0188904
5.33617e+08 0.0188904
5.33662e+08 0.0189165
5.33662e+08 0.0189252
5.33707e+08 0.0189078
5.33707e+08 0.0189078
5.33718e+08 0.0189253
5.33729e+08 0.0189253
5.33729e+08 0.0189253
5.33741e+08 0.0189253
5.33897e+08 0.0188816
5.58466e+08 0.0184315
5.58466e+08 0.0184315
5.58466e+08 0.0184398
5.58466e+08 0.0184398
5.58466e+08 0.0184398
5.58466e+08 0.0184398
5.58466e+08 0.0184398
5.58466e+08 0.0184398
5.58466e+08 0.0184398
5.58466e+08 0.0184398
5.58466e+08 0.0184398
5.58466e+08 0.0184398
5.58466e+08 0.0184398
5.58466e+08 0.0184398
5.58466e+08 0.0184398
5.58466e+08 0.0184398
5.58466e+08 0.0184398
5.58466e+08 0.0184398
5.58466e+08 0.0184398
5.58466e+08 0.0184398
5.58466e+08 0.0184398
5.58466e+08 0.0184398
5.58466e+08 0.0184398
5.58466e+08 0.0184398
5.58466e+08 0.0184398
5.58466e+08 0.0184398
5.58466e+08 0.0184398
5.58466e+08 0.0184398
5.58466e+08 0.0184398
5.58466e+08 0.0188895
5.58466e+08 0.0188895
5.58466e+08 0.0188895
5.58466e+08 0.0188895
5.58522e+08 0.018881
5.58533e+08 0.0188726
5.58567e+08 0.018881
5.58567e+08 0.018881
5.58567e+08 0.0188895
5.58567e+08 0.018898
5.58567e+08 0.018898
5.58578e+08 0.018898
5.58758e+08 0.018881
5.83829e+08 0.0185064
5.83829e+08 0.0185064
5.83829e+08 0.0185064
5.83829e+08 0.0185064
5.83852e+08 0.0184901
5.83863e+08 0.0184819
5.83863e+08 0.0184819
5.83874e+08 0.0184738
5.83885e+08 0.0184657
5.83908e+08 0.0184494
5.83908e+08 0.0184495
5.83908e+08 0.0184495
5.83908e+08 0.0184495
5.83908e+08 0.0184495
5.83908e+08 0.0184495
5.83908e+08 0.0184495
5.83908e+08 0.0184495
5.83908e+08 0.0184495
5.83908e+08 0.0184495
5.83908e+08 0.0184495
5.83908e+08 0.0184495
5.83908e+08 0.0184495
5.83908e+08 0.0184495
5.83908e+08 0.0184495
5.83908e+08 0.0184495
5.83908e+08 0.0184495
5.83908e+08 0.0184495
5.83908e+08 0.0184495
5.83908e+08 0.0184495
5.83908e+08 0.0184495
5.83908e+08 0.0188887
5.83908e+08 0.0188887
5.83908e+08 0.0188887
5.83908e+08 0.0188887
5.83986e+08 0.0188722
5.83986e+08 0.0188805
5.84031e+08 0.0188722
5.84031e+08 0.0188722
5.84042e+08 0.0188639
5.84042e+08 0.0188639
5.84054e+08 0.0188556
5.84054e+08 0.0188639
5.84211e+08 0.0188804
6.09841e+08 0.0184745
6.09841e+08 0.0184745
6.09853e+08 0.0184666
6.09853e+08 0.0184666
6.09853e+08 0.0184825
6.09853e+08 0.0184904
6.09853e+08 0.0184904
6.09853e+08 0.0184984
6.09853e+08 0.0185064
6.09853e+08 0.0185223
6.09853e+08 0.0185223
6.09853e+08 0.0185223
6.09853e+08 0.0185223
6.09853e+08 0.0185223
6.09853e+08 0.0185223
6.09864e+08 0.0185143
6.09864e+08 0.0185143
6.09875e+08 0.0185064
6.09886e+08 0.0184984
6.09886e+08 0.0184984
6.09886e+08 0.0184984
6.09886e+08 0.0184984
6.09898e+08 0.0184905
6.09898e+08 0.0184905
6.09898e+08 0.0184905
6.09909e+08 0.0184825
6.09909e+08 0.0184825
6.0992e+08 0.0184746
6.0992e+08 0.0184746
6.0992e+08 0.0184746
6.0992e+08 0.0184746
6.0992e+08 0.0184746
6.0992e+08 0.0189042
6.0992e+08 0.0189042
6.0992e+08 0.0189042
6.09999e+08 0.0189042
6.09999e+08 0.0189042
6.10021e+08 0.0189205
6.10021e+08 0.0189205
6.10021e+08 0.0189287
6.10021e+08 0.0189287
6.10021e+08 0.0189368
6.10021e+08 0.0189368
6.10234e+08 0.0188962
6.12754e+08 0.168843
6.12754e+08 0.168843
6.12754e+08 0.169493
