4.79082e+06 0.00233306
8.24963e+06 0.00323113
8.24964e+06 0.00646224
9.83195e+06 0.0141259
9.83196e+06 0.0141259
1.15464e+07 0.0130375
1.15464e+07 0.0195562
1.15464e+07 0.0195561
1.47942e+07 0.0103232
1.47942e+07 0.0103232
1.47942e+07 0.0137642
1.48055e+07 0.0137166
1.75563e+07 0.0161842
1.75564e+07 0.0161842
1.75564e+07 0.0161842
1.75564e+07 0.0162505
1.75564e+07 0.0203131
2.19665e+07 0.0126707
2.19665e+07 0.0126707
2.19665e+07 0.0126707
2.19665e+07 0.0126707
2.19665e+07 0.0126707
2.19777e+07 0.0151664
2.62993e+07 0.0154763
2.62993e+07 0.0154763
2.62993e+07 0.0154763
2.63105e+07 0.0154364
2.63105e+07 0.0154364
2.63105e+07 0.0154763
2.63105e+07 0.0180556
3.08575e+07 0.0171624
3.08576e+07 0.0171624
3.08576e+07 0.0171624
3.08576e+07 0.0172045
3.08576e+07 0.0172045
3.08576e+07 0.0172045
3.08576e+07 0.0172045
3.60152e+07 0.015168
3.60152e+07 0.0173348
3.60152e+07 0.0173348
3.60376e+07 0.0172598
3.60824e+07 0.017112
3.60824e+07 0.0171119
3.60936e+07 0.0170754
3.6116e+07 0.0170027
4.21027e+07 0.014687
4.21027e+07 0.014687
4.21027e+07 0.0165229
4.21027e+07 0.0165229
4.21699e+07 0.0164023
4.21923e+07 0.0164624
4.22034e+07 0.0164324
4.22035e+07 0.0164624
4.22482e+07 0.0164024
4.85841e+07 0.0155186
4.85841e+07 0.0155186
4.85841e+07 0.0155186
4.85841e+07 0.0155186
4.86065e+07 0.0171835
4.87854e+07 0.0168934
4.88414e+07 0.0168079
4.88415e+07 0.0168362
4.88527e+07 0.0168078
4.8875e+07 0.0168645
5.58752e+07 0.0153281
5.59312e+07 0.0152114
5.59423e+07 0.0151883
5.59424e+07 0.0151883
5.59424e+07 0.0152346
5.59424e+07 0.016758
5.59871e+07 0.0170702
5.61102e+07 0.0169127
5.61214e+07 0.0168867
5.61215e+07 0.0169127
5.61327e+07 0.0169387
6.33968e+07 0.0163442
6.35087e+07 0.0162236
6.35087e+07 0.0162474
6.35087e+07 0.0162474
6.35199e+07 0.0162234
6.352e+07 0.0162234
6.35311e+07 0.0162956
6.35535e+07 0.0177245
6.3643e+07 0.0178035
6.3643e+07 0.0178301
6.36766e+07 0.0177509
6.37213e+07 0.0176724
7.15713e+07 0.016406
7.17948e+07 0.0161849
7.18172e+07 0.0161414
7.18172e+07 0.0161414
7.18173e+07 0.0161631
7.18173e+07 0.0161631
7.18173e+07 0.0161849
7.18173e+07 0.0162287
7.18173e+07 0.017581
7.18845e+07 0.0176287
7.18845e+07 0.0176287
7.18957e+07 0.0176767
7.19293e+07 0.0177007
8.0473e+07 0.0163211
8.0473e+07 0.0167416
8.04954e+07 0.0167415
8.05289e+07 0.0166771
8.06632e+07 0.0164241
8.06967e+07 0.0163621
8.06968e+07 0.016362
8.0708e+07 0.0163415
8.0708e+07 0.0163415
8.0708e+07 0.0175985
8.07081e+07 0.0177323
8.07081e+07 0.0177323
8.07192e+07 0.0177323
8.0764e+07 0.0177101
8.9607e+07 0.0171296
8.9607e+07 0.0171296
8.96406e+07 0.0171087
8.96965e+07 0.0170669
8.99202e+07 0.0169021
8.99202e+07 0.0169635
8.99202e+07 0.0169635
8.99426e+07 0.016943
8.99426e+07 0.016943
8.99426e+07 0.016943
8.99426e+07 0.0169431
8.9965e+07 0.0181095
8.9965e+07 0.0181095
8.9965e+07 0.0181314
8.99762e+07 0.0181973
9.94283e+07 0.0170688
9.94283e+07 0.0170688
9.95402e+07 0.0169339
9.95402e+07 0.01703
9.98867e+07 0.0168201
9.98868e+07 0.01682
9.99091e+07 0.0167824
9.99091e+07 0.01682
9.99092e+07 0.01682
9.99092e+07 0.01682
9.99093e+07 0.0168198
9.99093e+07 0.0168576
9.99094e+07 0.0179814
9.99094e+07 0.0179814
9.99094e+07 0.0179814
9.99206e+07 0.0179813
1.09618e+08 0.0175484
1.09618e+08 0.0175484
1.09618e+08 0.0177431
1.09618e+08 0.0177431
1.09976e+08 0.0177233
1.09987e+08 0.0177037
1.09987e+08 0.017743
1.09987e+08 0.017743
1.09998e+08 0.0177234
1.09998e+08 0.0177234
1.10144e+08 0.0174719
1.102e+08 0.0173769
1.102e+08 0.0173769
1.102e+08 0.0173769
1.102e+08 0.018463
1.102e+08 0.018463
1.102e+08 0.0184831
1.20617e+08 0.0172742
1.20617e+08 0.0172742
1.20672e+08 0.017187
1.20672e+08 0.017187
1.21209e+08 0.0169133
1.21209e+08 0.0169301
1.21209e+08 0.0169301
1.21209e+08 0.0169301
1.21209e+08 0.016947
1.21209e+08 0.016947
1.21209e+08 0.0171696
1.21232e+08 0.0172216
1.21232e+08 0.0172216
1.21232e+08 0.0172216
1.21232e+08 0.0172216
1.21232e+08 0.0182346
1.21232e+08 0.0182346
1.21232e+08 0.0182346
1.31978e+08 0.017706
1.31989e+08 0.0176886
1.32034e+08 0.0177059
1.32034e+08 0.0177059
1.32515e+08 0.0177935
1.32515e+08 0.0177935
1.32515e+08 0.0177935
1.32515e+08 0.0177935
1.32526e+08 0.0177759
1.32526e+08 0.0177759
1.32548e+08 0.0177409
1.32615e+08 0.0176713
1.32615e+08 0.0176713
1.32616e+08 0.0176713
1.32616e+08 0.0176712
1.32616e+08 0.0176712
1.32616e+08 0.0176712
1.32616e+08 0.0186529
1.32616e+08 0.0186529
1.43956e+08 0.0177269
1.43956e+08 0.0177434
1.44057e+08 0.0176608
1.44136e+08 0.0175466
1.44717e+08 0.0174019
1.44762e+08 0.0173383
1.44773e+08 0.0173225
1.44773e+08 0.0173225
1.44773e+08 0.0173383
1.44806e+08 0.0172909
1.44807e+08 0.0173224
1.44807e+08 0.0174175
1.44807e+08 0.0174176
1.44818e+08 0.0174016
1.4484e+08 0.0173698
1.4484e+08 0.0173698
1.4484e+08 0.0173699
1.4484e+08 0.0173699
1.4484e+08 0.0182841
1.4484e+08 0.0182841
1.56817e+08 0.0173801
1.56839e+08 0.01735
1.57141e+08 0.0170831
1.57186e+08 0.017127
1.57398e+08 0.0176254
1.5741e+08 0.0176722
1.5741e+08 0.0176878
1.5741e+08 0.0176878
1.5741e+08 0.0176878
1.5741e+08 0.0177348
1.57421e+08 0.0177192
1.57511e+08 0.0175945
1.57511e+08 0.0175945
1.57511e+08 0.0176099
1.57511e+08 0.017641
1.57511e+08 0.017641
1.57511e+08 0.017641
1.57511e+08 0.017641
1.57511e+08 0.017641
1.57511e+08 0.017641
1.57511e+08 0.018523
1.69981e+08 0.0178278
1.69981e+08 0.0178582
1.70261e+08 0.0178886
1.70451e+08 0.0176926
1.70507e+08 0.0179037
1.70541e+08 0.0178733
1.70541e+08 0.0178733
1.70552e+08 0.017858
1.70597e+08 0.0177975
1.70597e+08 0.0177975
1.70619e+08 0.0177825
1.70955e+08 0.017457
1.70955e+08 0.0174569
1.70955e+08 0.0174569
1.70955e+08 0.0174569
1.70955e+08 0.0174569
1.70955e+08 0.0174569
1.70955e+08 0.0174568
1.70955e+08 0.0174568
1.70955e+08 0.0174568
1.70966e+08 0.0174423
1.70966e+08 0.0182729
1.83468e+08 0.0182302
1.83468e+08 0.0182302
1.83681e+08 0.0183213
1.83815e+08 0.0183979
1.83893e+08 0.0183672
1.83938e+08 0.0183518
1.83938e+08 0.0183518
1.83938e+08 0.0183671
1.83938e+08 0.0184287
1.83938e+08 0.0184287
1.83938e+08 0.0184596
1.83994e+08 0.0188554
1.83994e+08 0.0188554
1.83994e+08 0.0188554
1.83994e+08 0.0188554
1.83995e+08 0.0188554
1.83995e+08 0.0188554
1.84006e+08 0.0188393
1.84006e+08 0.0188393
1.84006e+08 0.0188393
1.84017e+08 0.0188393
1.84028e+08 0.0188232
1.97009e+08 0.0181577
1.97009e+08 0.0189831
1.97043e+08 0.0189362
1.97345e+08 0.0188122
1.97501e+08 0.0187814
1.97501e+08 0.0188894
1.97524e+08 0.0189205
1.97535e+08 0.018905
1.97535e+08 0.018905
1.97535e+08 0.018905
1.97546e+08 0.0188894
1.97546e+08 0.0188895
1.97692e+08 0.0187661
1.97692e+08 0.0187661
1.97714e+08 0.0187355
1.97714e+08 0.0187355
1.97737e+08 0.018705
1.97737e+08 0.018705
1.97737e+08 0.0187202
1.97737e+08 0.0187202
1.97748e+08 0.0187049
1.97748e+08 0.01872
1.97748e+08 0.0187352
2.11917e+08 0.0172426
2.11917e+08 0.0172426
2.11917e+08 0.0179923
2.11928e+08 0.0180193
2.12085e+08 0.0181969
2.12196e+08 0.0182523
2.1223e+08 0.0182108
2.1223e+08 0.0182385
2.12241e+08 0.0182384
2.12241e+08 0.0182384
2.12241e+08 0.0182384
2.12241e+08 0.0182523
2.12253e+08 0.0182384
2.12286e+08 0.0183781
2.12286e+08 0.0183781
2.12286e+08 0.0184064
2.12286e+08 0.0184064
2.12298e+08 0.0184206
2.1232e+08 0.0183923
2.12331e+08 0.0183782
2.12331e+08 0.0183782
2.12354e+08 0.0183642
2.12365e+08 0.0183501
2.12398e+08 0.018308
2.26932e+08 0.0178626
2.26944e+08 0.0178493
2.26966e+08 0.0178228
2.27022e+08 0.01777
2.27022e+08 0.0185104
2.27123e+08 0.0185793
2.27223e+08 0.0185931
2.27246e+08 0.0186069
2.27246e+08 0.0186069
2.27279e+08 0.0185792
2.27279e+08 0.0185792
2.27291e+08 0.0185654
2.27302e+08 0.0185516
2.27324e+08 0.0185378
2.27369e+08 0.0185241
2.27369e+08 0.0185241
2.27369e+08 0.0185241
2.27369e+08 0.0185241
2.27369e+08 0.0185378
2.2738e+08 0.0185516
2.27403e+08 0.0185378
2.27403e+08 0.0185378
2.27403e+08 0.0185653
2.27425e+08 0.0185515
2.27437e+08 0.018579
2.42789e+08 0.0176198
2.42801e+08 0.0176198
2.42801e+08 0.0176446
2.42868e+08 0.0176322
2.42879e+08 0.0176198
2.4289e+08 0.0183117
2.4298e+08 0.0183245
2.43069e+08 0.0183375
2.43103e+08 0.0183244
2.43103e+08 0.0183244
2.43103e+08 0.0183632
2.43103e+08 0.0183632
2.43103e+08 0.0183762
2.43103e+08 0.0183893
2.43103e+08 0.0184153
2.43103e+08 0.0184677
2.43103e+08 0.0184677
2.43103e+08 0.0184677
2.43114e+08 0.0184546
2.43114e+08 0.0184546
2.43115e+08 0.0184678
2.43126e+08 0.0184809
2.43126e+08 0.0184809
2.43137e+08 0.0184677
2.43137e+08 0.018494
2.43171e+08 0.0184678
2.59179e+08 0.0177289
2.59179e+08 0.017741
2.5919e+08 0.0177289
2.59224e+08 0.0177652
2.59224e+08 0.0177774
2.59224e+08 0.0177896
2.59291e+08 0.017814
2.59302e+08 0.0184864
2.59358e+08 0.0185245
2.59358e+08 0.018563
2.59358e+08 0.0185629
2.59358e+08 0.0185629
2.59359e+08 0.0185628
2.59359e+08 0.0185628
2.59359e+08 0.0185628
2.59381e+08 0.0185373
2.59381e+08 0.0185374
2.59392e+08 0.0185246
2.59392e+08 0.0185246
2.59392e+08 0.0185374
2.59392e+08 0.0185373
2.59392e+08 0.0185373
2.59392e+08 0.01855
2.59392e+08 0.01855
2.59426e+08 0.0185245
2.59449e+08 0.018499
2.59471e+08 0.0185118
2.7624e+08 0.0176868
2.7624e+08 0.0176868
2.76251e+08 0.0176867
2.76251e+08 0.0177216
2.76251e+08 0.0177216
2.76251e+08 0.0177216
2.76296e+08 0.0177449
2.76296e+08 0.0177566
2.76296e+08 0.0184142
2.76296e+08 0.018475
2.7633e+08 0.0184385
2.7633e+08 0.0184384
2.7633e+08 0.0184384
2.7633e+08 0.0184385
2.7633e+08 0.0184385
2.7633e+08 0.0184385
2.7633e+08 0.0184628
2.76341e+08 0.0184507
2.76375e+08 0.0184264
2.76375e+08 0.0184264
2.76375e+08 0.0184263
2.76386e+08 0.0184142
2.76386e+08 0.0184142
2.76397e+08 0.0184022
2.76397e+08 0.0184022
2.76409e+08 0.0184265
2.76465e+08 0.01839
2.76476e+08 0.018402
2.93694e+08 0.0179283
2.93694e+08 0.0179283
2.93705e+08 0.0179283
2.93705e+08 0.0179283
2.93772e+08 0.0178597
2.93772e+08 0.0178597
2.93784e+08 0.0178939
2.93784e+08 0.0178939
2.93795e+08 0.0178825
2.93795e+08 0.0178826
2.93795e+08 0.0185212
2.93806e+08 0.0185449
2.9384e+08 0.0185093
2.9384e+08 0.0185093
2.93851e+08 0.0184975
2.93851e+08 0.0184975
2.93851e+08 0.0184975
2.93851e+08 0.0184976
2.93851e+08 0.0185094
2.93862e+08 0.018533
2.93874e+08 0.0185212
2.93874e+08 0.0185212
2.93896e+08 0.0185094
2.93896e+08 0.0185094
2.93919e+08 0.0184975
2.93919e+08 0.0184975
2.9393e+08 0.0184975
2.93975e+08 0.0185094
2.93975e+08 0.0185212
3.11625e+08 0.0180754
3.11658e+08 0.0180416
3.11803e+08 0.0179079
3.11826e+08 0.0178858
3.11859e+08 0.0179189
3.11859e+08 0.0179189
3.11871e+08 0.017919
3.11871e+08 0.017919
3.11871e+08 0.01793
3.11871e+08 0.01793
3.11871e+08 0.0179301
3.11871e+08 0.0185483
3.11916e+08 0.018514
3.11938e+08 0.0185255
3.11949e+08 0.018514
3.1196e+08 0.018514
3.1196e+08 0.018514
3.1196e+08 0.018514
3.11961e+08 0.018514
3.11961e+08 0.018514
3.12005e+08 0.0184797
3.12005e+08 0.0184911
3.12005e+08 0.0184911
3.12005e+08 0.0185139
3.12005e+08 0.0185139
3.12006e+08 0.0185367
3.12006e+08 0.0185367
3.12039e+08 0.0185138
3.12051e+08 0.0185483
3.12051e+08 0.0185483
3.302e+08 0.0180497
3.30211e+08 0.0180714
3.30245e+08 0.0181809
3.30256e+08 0.0181919
3.303e+08 0.0181809
3.303e+08 0.0181809
3.30457e+08 0.0180388
3.30457e+08 0.0180388
3.30457e+08 0.0180388
3.30502e+08 0.0179955
3.30524e+08 0.0179739
3.30558e+08 0.0179417
3.3058e+08 0.0179632
3.3058e+08 0.018562
3.30614e+08 0.0185508
3.30614e+08 0.0185619
3.30659e+08 0.0185287
3.30659e+08 0.0185287
3.30659e+08 0.0185287
3.30659e+08 0.0185287
3.30659e+08 0.0185286
3.30659e+08 0.0185731
3.30659e+08 0.0185731
3.30659e+08 0.0185731
3.3067e+08 0.018562
3.3067e+08 0.0185619
3.30704e+08 0.0185285
3.30704e+08 0.0185285
3.30704e+08 0.0185618
3.30704e+08 0.0185729
3.30704e+08 0.018573
3.49355e+08 0.0180861
3.49355e+08 0.0180967
3.49378e+08 0.0181073
3.494e+08 0.0180967
3.49434e+08 0.0181072
3.49445e+08 0.0180967
3.49534e+08 0.0181603
3.49546e+08 0.0181497
3.49546e+08 0.0181497
3.49546e+08 0.0181923
3.49579e+08 0.0181816
3.49635e+08 0.0181603
3.49635e+08 0.0181816
3.49635e+08 0.0181816
3.49635e+08 0.0187681
3.49859e+08 0.0185828
3.4987e+08 0.018572
3.4987e+08 0.0186152
3.4987e+08 0.0186152
3.4987e+08 0.0186152
3.4987e+08 0.0186152
3.4987e+08 0.0186152
3.49893e+08 0.0185936
3.49893e+08 0.0185936
3.49893e+08 0.0185936
3.49904e+08 0.0185936
3.49904e+08 0.0185937
3.49916e+08 0.0186152
3.49916e+08 0.0186152
3.49916e+08 0.0186152
3.49916e+08 0.0186153
3.49916e+08 0.0186153
3.6924e+08 0.0179851
3.6924e+08 0.0179851
3.6933e+08 0.0179246
3.6933e+08 0.0179447
3.69341e+08 0.0179648
3.69363e+08 0.0179547
3.69408e+08 0.0179952
3.69475e+08 0.0179447
3.69553e+08 0.0178745
3.69553e+08 0.0178745
3.69553e+08 0.0179045
3.69565e+08 0.0179447
3.69565e+08 0.0179447
3.69565e+08 0.0179447
3.69565e+08 0.0179447
3.69699e+08 0.0180255
3.6971e+08 0.0185784
3.69721e+08 0.0185784
3.69755e+08 0.018547
3.69755e+08 0.018547
3.69789e+08 0.0185158
3.69811e+08 0.0184949
3.69834e+08 0.0184742
3.69834e+08 0.018495
3.69834e+08 0.018495
3.69834e+08 0.018495
3.69834e+08 0.0185053
3.69834e+08 0.0185054
3.69834e+08 0.0185158
3.69834e+08 0.0185158
3.69834e+08 0.0185157
3.69879e+08 0.0184743
3.69879e+08 0.0184743
3.8957e+08 0.0181413
3.89581e+08 0.0181313
3.89704e+08 0.0181015
3.89704e+08 0.0181015
3.89749e+08 0.0180717
3.8976e+08 0.0180816
3.89816e+08 0.0180717
3.89883e+08 0.0180717
3.89894e+08 0.0181313
3.89905e+08 0.0181213
3.89917e+08 0.0181114
3.89961e+08 0.0180816
3.89961e+08 0.0180816
3.89961e+08 0.0180816
3.89973e+08 0.0180717
3.90152e+08 0.0180322
3.90152e+08 0.018042
3.90152e+08 0.0185887
3.90152e+08 0.0185989
3.90163e+08 0.0186193
3.90163e+08 0.0186192
3.90197e+08 0.0186192
3.9023e+08 0.018609
3.90241e+08 0.0186192
3.90241e+08 0.0186192
3.90241e+08 0.0186192
3.90241e+08 0.0186192
3.90241e+08 0.0186192
3.90242e+08 0.0186192
3.90253e+08 0.018609
3.90253e+08 0.018609
3.90275e+08 0.0185887
3.90287e+08 0.0186193
3.90287e+08 0.0186193
4.10756e+08 0.0179354
4.10767e+08 0.0179354
4.10812e+08 0.0180019
4.10845e+08 0.0179734
4.10868e+08 0.0179924
4.10901e+08 0.0179734
4.10935e+08 0.0179924
4.10957e+08 0.0180306
4.10957e+08 0.0180402
4.10957e+08 0.0180497
4.11047e+08 0.0179829
4.11047e+08 0.018021
4.1108e+08 0.0179924
4.11091e+08 0.0179829
4.11091e+08 0.0179924
4.11259e+08 0.0180018
4.11271e+08 0.0179922
4.11271e+08 0.0179922
4.11271e+08 0.0179922
4.11282e+08 0.0185116
4.11282e+08 0.0185214
4.11293e+08 0.0185116
4.11304e+08 0.0185313
4.11327e+08 0.0185411
4.11327e+08 0.0185509
4.11327e+08 0.0185509
4.11327e+08 0.0185509
4.11327e+08 0.0185509
4.11327e+08 0.0185509
4.11327e+08 0.0185509
4.11372e+08 0.0185215
4.11372e+08 0.0185215
4.11394e+08 0.0185215
4.11529e+08 0.0184143
4.11529e+08 0.0184143
4.32328e+08 0.0181322
4.32328e+08 0.0181416
4.32362e+08 0.0181511
4.32362e+08 0.0181793
4.32362e+08 0.0181983
4.32395e+08 0.0181983
4.32406e+08 0.0182173
4.32451e+08 0.0181984
4.32451e+08 0.0181984
4.32474e+08 0.0181794
4.32541e+08 0.0181983
4.32563e+08 0.0181793
4.32586e+08 0.0181887
4.32586e+08 0.0181982
4.32586e+08 0.0181982
4.3281e+08 0.0181509
4.32843e+08 0.0181322
4.32843e+08 0.0181322
4.32843e+08 0.0181322
4.32843e+08 0.0181416
4.32843e+08 0.0186599
4.32854e+08 0.0186502
4.32866e+08 0.0186502
4.32866e+08 0.0186599
4.32866e+08 0.0186793
4.32866e+08 0.0186793
4.32866e+08 0.0186793
4.32866e+08 0.0186793
4.32866e+08 0.0186793
4.32866e+08 0.0186793
4.32866e+08 0.0186793
4.32933e+08 0.0186599
4.32933e+08 0.0186599
4.33023e+08 0.0186021
4.33068e+08 0.0186794
4.3309e+08 0.0186599
4.54466e+08 0.0181736
4.54466e+08 0.0181736
4.54477e+08 0.018192
4.545e+08 0.0181737
4.54522e+08 0.0181554
4.54578e+08 0.0181371
4.54679e+08 0.0180642
4.5469e+08 0.0180915
4.54701e+08 0.0180823
4.54724e+08 0.0180823
4.54735e+08 0.0181279
4.5478e+08 0.0181097
4.5478e+08 0.0181279
4.5478e+08 0.0181279
4.5478e+08 0.0181279
4.55004e+08 0.0181278
4.55015e+08 0.0181461
4.55037e+08 0.0181278
4.55037e+08 0.0181278
4.55037e+08 0.0181278
4.55037e+08 0.0181277
4.55049e+08 0.0181277
4.5506e+08 0.0186219
4.5506e+08 0.0186313
4.5506e+08 0.0186313
4.5506e+08 0.0186313
4.5506e+08 0.0186313
4.5506e+08 0.0186313
4.5506e+08 0.0186313
4.5506e+08 0.0186313
4.55071e+08 0.0186219
4.55083e+08 0.0186125
4.55172e+08 0.0185938
4.55172e+08 0.0185938
4.5525e+08 0.0186032
4.55284e+08 0.0186125
4.55295e+08 0.0186219
4.77269e+08 0.0181339
4.77269e+08 0.0181339
4.77269e+08 0.0181428
4.77269e+08 0.0181606
4.77303e+08 0.0181517
4.77392e+08 0.018125
4.77459e+08 0.0181517
4.77471e+08 0.0181517
4.77582e+08 0.0180719
4.77582e+08 0.0180895
4.77582e+08 0.0180984
4.77583e+08 0.0181339
4.77616e+08 0.0181073
4.77616e+08 0.0181073
4.77627e+08 0.0180985
4.77829e+08 0.0181161
4.77852e+08 0.0181072
4.77852e+08 0.018125
4.77852e+08 0.018125
4.77852e+08 0.018125
4.77874e+08 0.0181072
4.77874e+08 0.018116
4.77874e+08 0.0181249
4.77874e+08 0.0186148
4.77874e+08 0.0186148
4.77886e+08 0.0186056
4.77886e+08 0.0186056
4.77886e+08 0.0186056
4.77897e+08 0.0185965
4.77897e+08 0.0185965
4.77897e+08 0.0185965
4.77942e+08 0.0185692
4.77975e+08 0.0185511
4.78076e+08 0.0185421
4.78076e+08 0.0185421
4.78076e+08 0.0186057
4.7811e+08 0.0186057
4.7811e+08 0.0186148
5.00497e+08 0.0182836
5.00497e+08 0.0182836
5.00519e+08 0.018266
5.0062e+08 0.0181873
5.00665e+08 0.0181786
5.00665e+08 0.0182484
5.00843e+08 0.0181612
5.00855e+08 0.0181612
5.00911e+08 0.0182047
5.00989e+08 0.0181439
5.00989e+08 0.0181439
5.00989e+08 0.0181439
5.01e+08 0.0181613
5.01011e+08 0.0181526
5.01034e+08 0.0181439
5.01236e+08 0.0181439
5.01236e+08 0.0181612
5.01247e+08 0.0181525
5.01247e+08 0.0181525
5.01258e+08 0.0181438
5.01281e+08 0.0181438
5.01303e+08 0.0181265
5.01314e+08 0.0181179
5.01314e+08 0.0181179
5.01314e+08 0.0185947
5.01314e+08 0.0185946
5.01326e+08 0.0185946
5.01326e+08 0.0185946
5.01326e+08 0.0185947
5.0137e+08 0.0185681
5.0137e+08 0.0185681
5.0137e+08 0.0185681
5.0146e+08 0.0185328
5.01505e+08 0.018524
5.01527e+08 0.0185858
5.01527e+08 0.0185858
5.01527e+08 0.0185858
5.01538e+08 0.0186036
5.0155e+08 0.0185947
5.24507e+08 0.018153
5.24529e+08 0.0181361
5.2453e+08 0.018153
5.24664e+08 0.0181277
5.24675e+08 0.018153
5.24675e+08 0.018153
5.24776e+08 0.0182123
5.24809e+08 0.0181953
5.24876e+08 0.0181868
5.24887e+08 0.0182379
5.24899e+08 0.0182293
5.24943e+08 0.0181953
5.24966e+08 0.0181868
5.24977e+08 0.0181868
5.24988e+08 0.0181953
5.25279e+08 0.0181277
5.25279e+08 0.0181277
5.25291e+08 0.0181276
5.25313e+08 0.0181107
5.25313e+08 0.0181191
5.25336e+08 0.0181192
5.25347e+08 0.0181276
5.25347e+08 0.0181361
5.25347e+08 0.0181361
5.25358e+08 0.0181276
5.25392e+08 0.0181024
5.25392e+08 0.0185666
5.25403e+08 0.0185665
5.25403e+08 0.0185665
5.25414e+08 0.0185579
5.25504e+08 0.0185236
5.25526e+08 0.0185064
5.25526e+08 0.0185064
5.2556e+08 0.0185493
5.2556e+08 0.0185838
5.25571e+08 0.0185925
5.25571e+08 0.0185925
5.25571e+08 0.0185925
5.25571e+08 0.0186011
5.25582e+08 0.0186011
5.49144e+08 0.0181452
5.49155e+08 0.0181535
5.49166e+08 0.0181452
5.49188e+08 0.0182279
5.49323e+08 0.018137
5.49334e+08 0.0181288
5.49378e+08 0.01817
5.4939e+08 0.0181865
5.4949e+08 0.0181617
5.49524e+08 0.0181452
5.49535e+08 0.0181452
5.49546e+08 0.01817
5.49569e+08 0.01817
5.49569e+08 0.0181782
5.49569e+08 0.0181865
5.49894e+08 0.0181616
5.49894e+08 0.0181616
5.49916e+08 0.0181535
5.49961e+08 0.018137
5.49961e+08 0.018137
5.49983e+08 0.018137
5.49983e+08 0.0181453
5.49983e+08 0.0181453
5.49983e+08 0.0181453
5.49983e+08 0.0181535
5.49995e+08 0.01817
5.49995e+08 0.01817
5.49995e+08 0.0186242
5.50106e+08 0.0185484
5.50118e+08 0.01854
5.50129e+08 0.01854
5.50129e+08 0.0186073
5.5014e+08 0.0186158
5.50151e+08 0.0186073
5.50151e+08 0.0186326
5.50151e+08 0.0186326
5.50163e+08 0.0186327
5.50163e+08 0.0186327
5.50163e+08 0.0186327
5.50174e+08 0.0186242
5.50197e+08 0.0186157
5.74395e+08 0.0181457
5.74407e+08 0.0181457
5.74429e+08 0.0181377
5.74429e+08 0.0181537
5.74496e+08 0.0182021
5.74563e+08 0.0181618
5.74619e+08 0.0181537
5.74619e+08 0.0181617
5.74776e+08 0.0181216
5.74776e+08 0.0181456
5.74798e+08 0.0181376
5.74809e+08 0.0181376
5.74854e+08 0.0181215
5.74865e+08 0.0181135
5.74865e+08 0.0181135
5.75213e+08 0.0180976
5.75213e+08 0.0180976
5.75213e+08 0.0181136
5.75224e+08 0.0181377
5.75302e+08 0.0180817
5.75336e+08 0.0180737
5.75336e+08 0.0180737
5.75336e+08 0.0180737
5.75336e+08 0.0180737
5.75336e+08 0.0180737
5.75358e+08 0.0180658
5.75358e+08 0.0180658
5.75358e+08 0.0180658
5.75381e+08 0.0181297
5.75381e+08 0.0185719
5.75381e+08 0.0185801
5.75381e+08 0.0185883
5.75381e+08 0.0185883
5.75381e+08 0.0185965
5.75381e+08 0.0186048
5.75392e+08 0.0185965
5.75392e+08 0.0185965
5.75392e+08 0.0186047
5.75392e+08 0.0186047
5.75392e+08 0.0186047
5.75448e+08 0.0185718
5.75516e+08 0.018539
6.00318e+08 0.0181071
6.00329e+08 0.0181071
6.00352e+08 0.0181071
6.00352e+08 0.0181071
6.00352e+08 0.0181541
6.00385e+08 0.0181777
6.00464e+08 0.018162
6.00464e+08 0.018162
6.00497e+08 0.0182488
6.00508e+08 0.0182409
6.00576e+08 0.0182093
6.00598e+08 0.0182014
6.00654e+08 0.0181935
6.00665e+08 0.0181935
6.00676e+08 0.0181856
6.01068e+08 0.0181542
6.01068e+08 0.0181542
6.01068e+08 0.0181542
6.0109e+08 0.0181464
6.0109e+08 0.0182015
6.01091e+08 0.0182252
6.01091e+08 0.0182252
6.01091e+08 0.0182252
6.01091e+08 0.0182252
6.01091e+08 0.0182252
6.01091e+08 0.018241
6.01113e+08 0.0182252
6.01113e+08 0.0182252
6.01113e+08 0.018241
6.01113e+08 0.018241
6.01113e+08 0.0186753
6.01113e+08 0.0186753
6.01113e+08 0.0186753
6.01124e+08 0.0186672
6.01124e+08 0.0186671
6.01124e+08 0.0186671
6.01125e+08 0.0186753
6.01125e+08 0.0186753
6.0117e+08 0.0186428
6.0117e+08 0.0186428
6.0117e+08 0.0186428
6.01337e+08 0.0185624
6.0136e+08 0.0185945
6.28004e+08 0.0173578
6.28004e+08 0.0173648
6.28004e+08 0.0173788
6.28004e+08 0.0173788
6.28004e+08 0.0173788
6.28004e+08 0.0173999
6.28015e+08 0.0174423
6.28015e+08 0.0174423
6.28228e+08 0.0173298
6.28228e+08 0.0173368
6.28328e+08 0.0173159
6.28362e+08 0.0173089
6.28362e+08 0.0173438
6.28373e+08 0.0173438
6.28395e+08 0.0173368
6.28474e+08 0.0175348
6.28474e+08 0.0175348
6.28474e+08 0.0175348
6.28474e+08 0.0175491
6.28474e+08 0.0175491
6.28474e+08 0.0175491
6.28474e+08 0.0175491
6.28474e+08 0.0175491
6.28474e+08 0.0175491
6.28474e+08 0.0175491
6.28474e+08 0.0175491
6.28474e+08 0.0175635
6.28474e+08 0.0175635
6.28542e+08 0.0175204
6.28542e+08 0.0175204
6.28542e+08 0.0175204
6.28575e+08 0.017499
6.28575e+08 0.0179059
6.2862e+08 0.0178767
6.28621e+08 0.0178839
6.28621e+08 0.0178838
6.28632e+08 0.0178766
6.28643e+08 0.0178694
6.28643e+08 0.0178694
6.28677e+08 0.0178767
6.28677e+08 0.0178767
6.28677e+08 0.0178767
6.28677e+08 0.0179862
6.28677e+08 0.018001
6.33003e+08 0.0983741
6.33014e+08 0.0981545
6.33025e+08 0.0979362
