4.17713e+06 0.00267561
8.3183e+06 0.00269873
8.3183e+06 0.00539744
9.82664e+06 0.0148187
9.82667e+06 0.0148185
1.17846e+07 0.011416
1.17846e+07 0.0171239
1.17846e+07 0.0171241
1.46492e+07 0.0117041
1.46493e+07 0.0117038
1.46493e+07 0.015605
1.46493e+07 0.015605
1.82598e+07 0.0123812
1.82598e+07 0.0123814
1.82598e+07 0.0123814
1.82598e+07 0.0123814
1.82598e+07 0.0154768
2.2062e+07 0.0146966
2.2062e+07 0.0146966
2.2062e+07 0.0146966
2.2062e+07 0.0146966
2.2062e+07 0.0146966
2.2062e+07 0.0176358
2.76321e+07 0.0120384
2.76321e+07 0.0120383
2.76321e+07 0.0120383
2.76321e+07 0.0120383
2.76322e+07 0.0120383
2.76322e+07 0.0120383
2.76322e+07 0.0140447
3.18045e+07 0.0187499
3.18839e+07 0.0183995
3.19051e+07 0.0183086
3.19274e+07 0.0182132
3.19732e+07 0.018021
3.20057e+07 0.0178875
3.20291e+07 0.017792
3.76947e+07 0.0132814
3.76947e+07 0.0151787
3.76948e+07 0.0153863
3.76948e+07 0.0154423
3.76948e+07 0.0155021
3.77061e+07 0.0155957
3.77061e+07 0.0156844
3.77172e+07 0.0157182
4.37687e+07 0.0147198
4.3791e+07 0.0146658
4.3791e+07 0.016499
4.37911e+07 0.016499
4.38581e+07 0.0163195
4.39587e+07 0.0160576
4.40034e+07 0.0159722
4.40035e+07 0.0159721
4.4037e+07 0.0159156
5.01491e+07 0.0157644
5.01491e+07 0.0158196
5.01491e+07 0.0158197
5.01492e+07 0.0158196
5.01492e+07 0.0175773
5.01492e+07 0.0177647
5.01492e+07 0.0180532
5.02275e+07 0.0179559
5.02275e+07 0.0179559
5.02611e+07 0.0179556
5.7849e+07 0.0145142
5.79047e+07 0.0144101
5.79047e+07 0.0144101
5.7916e+07 0.0143893
5.79383e+07 0.0143479
5.79384e+07 0.0157827
5.79943e+07 0.0156703
5.80167e+07 0.0156257
5.84639e+07 0.0149258
5.84974e+07 0.0148653
5.90116e+07 0.0140489
6.53302e+07 0.0164325
6.5442e+07 0.0163101
6.54644e+07 0.0162619
6.55874e+07 0.0160251
6.55986e+07 0.0160484
6.56098e+07 0.016025
6.56545e+07 0.0160484
6.56545e+07 0.0175073
6.56545e+07 0.0175587
6.63812e+07 0.0169389
6.63812e+07 0.017011
6.75435e+07 0.0157187
7.62717e+07 0.0122571
7.78922e+07 0.0107717
7.79258e+07 0.0107621
7.79817e+07 0.0108203
7.80711e+07 0.0107525
7.8507e+07 0.0103984
7.86635e+07 0.0103091
7.87305e+07 0.0102562
7.88647e+07 0.0109981
7.88647e+07 0.0109981
7.95912e+07 0.0109982
7.96024e+07 0.0109889
7.9703e+07 0.0119484
8.71008e+07 0.0134162
8.74697e+07 0.0151697
8.75814e+07 0.0150468
8.76485e+07 0.0150294
8.76597e+07 0.015152
8.7805e+07 0.0156255
8.78274e+07 0.0158542
8.7995e+07 0.015682
8.81404e+07 0.015663
8.81404e+07 0.0168679
8.81628e+07 0.0168273
8.9046e+07 0.0165484
8.90461e+07 0.016568
8.90461e+07 0.0167463
9.88159e+07 0.0133556
9.88606e+07 0.0137357
9.88606e+07 0.0138718
9.88718e+07 0.0139408
9.89277e+07 0.0138855
9.89948e+07 0.0139826
9.89948e+07 0.0140106
9.90507e+07 0.0141523
9.90619e+07 0.0143261
9.90731e+07 0.0143115
9.9129e+07 0.0142677
9.9129e+07 0.0152868
9.93865e+07 0.0162119
9.93977e+07 0.0161943
9.93977e+07 0.0161944
1.09304e+08 0.0159843
1.09337e+08 0.0160013
1.09348e+08 0.0159843
1.09348e+08 0.0160013
1.09348e+08 0.0160871
1.09348e+08 0.0161913
1.09348e+08 0.0161912
1.09348e+08 0.0162791
1.0936e+08 0.0162791
1.0936e+08 0.0162968
1.0936e+08 0.0163858
1.0936e+08 0.0163858
1.09382e+08 0.01744
1.0964e+08 0.0174399
1.0964e+08 0.0174589
1.0964e+08 0.0174589
1.2052e+08 0.0159421
1.20531e+08 0.0159739
1.20531e+08 0.0159899
1.20531e+08 0.0159899
1.20554e+08 0.015958
1.20554e+08 0.015958
1.20587e+08 0.0159103
1.20587e+08 0.0159103
1.20632e+08 0.015863
1.20632e+08 0.015863
1.20654e+08 0.0158316
1.20666e+08 0.015816
1.20666e+08 0.0158473
1.20823e+08 0.0159899
1.20823e+08 0.0169893
1.20823e+08 0.0169893
1.20823e+08 0.0169893
1.31951e+08 0.0166209
1.31962e+08 0.0166208
1.31962e+08 0.0166208
1.31962e+08 0.0166208
1.31962e+08 0.0166534
1.31962e+08 0.0166534
1.31962e+08 0.0167025
1.31985e+08 0.0166698
1.31996e+08 0.016719
1.32063e+08 0.0166208
1.32074e+08 0.0166371
1.32085e+08 0.0166371
1.32096e+08 0.0166208
1.32287e+08 0.0165722
1.32287e+08 0.0165722
1.32287e+08 0.017547
1.32287e+08 0.017547
1.32287e+08 0.017547
1.44234e+08 0.0163778
1.44334e+08 0.0162594
1.44334e+08 0.0162594
1.44334e+08 0.0162594
1.44346e+08 0.0162447
1.44357e+08 0.01623
1.44357e+08 0.01623
1.44357e+08 0.0162593
1.44357e+08 0.016274
1.44413e+08 0.0162887
1.44424e+08 0.0162887
1.44469e+08 0.0162446
1.44514e+08 0.0162007
1.44581e+08 0.0163628
1.44581e+08 0.0163628
1.44592e+08 0.0163479
1.44603e+08 0.0163331
1.44603e+08 0.0172405
1.44603e+08 0.0172405
1.56699e+08 0.0170345
1.568e+08 0.0170345
1.56811e+08 0.0170192
1.56811e+08 0.0170192
1.56811e+08 0.0170345
1.56822e+08 0.0170345
1.56822e+08 0.0170345
1.56822e+08 0.0170345
1.56833e+08 0.0170192
1.56878e+08 0.0170345
1.56878e+08 0.0170498
1.56878e+08 0.0171112
1.56912e+08 0.0171267
1.57102e+08 0.0169585
1.57102e+08 0.0169585
1.57136e+08 0.0169282
1.57136e+08 0.0169433
1.57136e+08 0.0169433
1.57136e+08 0.0178351
1.57136e+08 0.017835
1.69935e+08 0.0168878
1.70158e+08 0.0167324
1.70158e+08 0.0167465
1.70158e+08 0.0167464
1.70158e+08 0.0167464
1.70304e+08 0.0165798
1.70371e+08 0.0164977
1.70393e+08 0.0164706
1.70438e+08 0.01643
1.70449e+08 0.0164705
1.70449e+08 0.0164705
1.70449e+08 0.0164705
1.70449e+08 0.0165113
1.70584e+08 0.0165798
1.70584e+08 0.0165798
1.70584e+08 0.0166212
1.70584e+08 0.0166211
1.70584e+08 0.0166211
1.70584e+08 0.0166211
1.70617e+08 0.0165797
1.70617e+08 0.0174087
1.82717e+08 0.0183603
1.82952e+08 0.0183443
1.82952e+08 0.0183443
1.8303e+08 0.0182328
1.83041e+08 0.018217
1.83176e+08 0.0182328
1.83287e+08 0.0181697
1.83388e+08 0.0180602
1.83388e+08 0.0181226
1.83444e+08 0.0180604
1.83466e+08 0.0180294
1.83478e+08 0.0180139
1.83478e+08 0.0180139
1.83623e+08 0.0179984
1.83623e+08 0.0179984
1.83623e+08 0.0179984
1.83623e+08 0.0179984
1.83623e+08 0.0179984
1.83623e+08 0.0179984
1.83623e+08 0.0180449
1.83623e+08 0.0180449
1.83623e+08 0.0189041
1.96293e+08 0.0181113
1.96427e+08 0.0182465
1.96427e+08 0.0182465
1.96449e+08 0.0183225
1.96505e+08 0.0182617
1.96505e+08 0.0184455
1.9665e+08 0.0183992
1.96729e+08 0.0184301
1.96729e+08 0.0184301
1.96952e+08 0.0182012
1.96952e+08 0.0182314
1.96964e+08 0.0182314
1.96964e+08 0.0182314
1.97355e+08 0.017905
1.97366e+08 0.0178904
1.97366e+08 0.0178904
1.97389e+08 0.0178613
1.97389e+08 0.0178613
1.97389e+08 0.0178613
1.97389e+08 0.0178613
1.97389e+08 0.0178613
1.97389e+08 0.0178613
2.10288e+08 0.0175676
2.10288e+08 0.0183661
2.10389e+08 0.0184102
2.10389e+08 0.0184102
2.10389e+08 0.0184397
2.10389e+08 0.0185139
2.104e+08 0.018499
2.10534e+08 0.0185137
2.10534e+08 0.0186186
2.10534e+08 0.0186186
2.10713e+08 0.0186792
2.10792e+08 0.0185736
2.10848e+08 0.0185138
2.10848e+08 0.0185138
2.11418e+08 0.0182784
2.11463e+08 0.0182349
2.11485e+08 0.018206
2.11519e+08 0.0181916
2.11519e+08 0.0181916
2.11575e+08 0.01812
2.11575e+08 0.01812
2.11575e+08 0.01812
2.11575e+08 0.01812
2.24806e+08 0.0177052
2.24818e+08 0.0176915
2.24818e+08 0.0184607
2.24941e+08 0.0184322
2.24941e+08 0.0184322
2.24974e+08 0.0183898
2.24974e+08 0.0183898
2.2503e+08 0.0183336
2.25299e+08 0.0181671
2.25299e+08 0.0181671
2.25299e+08 0.0181671
2.25366e+08 0.0183057
2.2541e+08 0.0183476
2.2541e+08 0.018418
2.25433e+08 0.0183898
2.26093e+08 0.0182777
2.26115e+08 0.0183056
2.26115e+08 0.0183335
2.26138e+08 0.0183476
2.26138e+08 0.0183475
2.26149e+08 0.0184038
2.26149e+08 0.0184038
2.2616e+08 0.0183897
2.2616e+08 0.0183897
2.40197e+08 0.0174275
2.40197e+08 0.0174401
2.40208e+08 0.0174274
2.40343e+08 0.0174147
2.40343e+08 0.0181403
2.40343e+08 0.0181403
2.40343e+08 0.0181799
2.40343e+08 0.0181799
2.40343e+08 0.0182462
2.40734e+08 0.0181008
2.40734e+08 0.0181008
2.40734e+08 0.0181008
2.40734e+08 0.0181798
2.40757e+08 0.0182063
2.40813e+08 0.0181403
2.40857e+08 0.018114
2.41372e+08 0.0182863
2.4145e+08 0.0182196
2.41461e+08 0.0182063
2.41473e+08 0.0182195
2.41495e+08 0.0181929
2.41495e+08 0.0182062
2.41495e+08 0.0182062
2.41495e+08 0.0182195
2.41495e+08 0.0182194
2.56196e+08 0.0174635
2.56241e+08 0.0174148
2.56241e+08 0.017427
2.56308e+08 0.0175002
2.56308e+08 0.0175001
2.5633e+08 0.0181747
2.5633e+08 0.0181747
2.56342e+08 0.018162
2.56353e+08 0.0181493
2.56353e+08 0.0181493
2.56722e+08 0.0181746
2.56756e+08 0.0181366
2.56756e+08 0.0181366
2.56778e+08 0.0181113
2.56778e+08 0.0181366
2.56789e+08 0.0181873
2.568e+08 0.0182256
2.57359e+08 0.0181747
2.57471e+08 0.0181367
2.57483e+08 0.0181367
2.57494e+08 0.0181367
2.57572e+08 0.0180735
2.57572e+08 0.0180735
2.57572e+08 0.0180735
2.57572e+08 0.0180735
2.57584e+08 0.0180609
2.72586e+08 0.0177283
2.72698e+08 0.017656
2.72698e+08 0.017656
2.72866e+08 0.0175488
2.72866e+08 0.0175488
2.72877e+08 0.0175606
2.72889e+08 0.0175487
2.72889e+08 0.0182236
2.72889e+08 0.0182359
2.72911e+08 0.0182236
2.72911e+08 0.0182236
2.73179e+08 0.018335
2.73213e+08 0.018335
2.73213e+08 0.018335
2.73258e+08 0.0183102
2.7328e+08 0.0182853
2.73314e+08 0.0182606
2.73336e+08 0.0182483
2.73616e+08 0.0185619
2.73873e+08 0.0183976
2.73962e+08 0.0183102
2.74041e+08 0.0182359
2.74175e+08 0.0181745
2.74186e+08 0.0181622
2.74198e+08 0.01815
2.74198e+08 0.01815
2.74198e+08 0.0181622
2.89614e+08 0.0177213
2.89893e+08 0.0175485
2.89893e+08 0.0175485
2.90072e+08 0.0175371
2.90072e+08 0.0175371
2.90117e+08 0.0175029
2.90117e+08 0.0175143
2.90151e+08 0.0174802
2.90151e+08 0.0181276
2.90162e+08 0.0181159
2.90196e+08 0.0181042
2.90196e+08 0.0181042
2.90431e+08 0.0181394
2.90509e+08 0.0180925
2.90509e+08 0.0180925
2.9052e+08 0.0181277
2.90565e+08 0.0181042
2.90565e+08 0.0181394
2.90565e+08 0.0181629
2.90867e+08 0.0181395
2.90979e+08 0.0182935
2.91057e+08 0.0183056
2.91359e+08 0.0180692
2.9146e+08 0.0181042
2.91538e+08 0.0180341
2.91538e+08 0.0180457
2.91538e+08 0.0180457
2.91538e+08 0.0180457
3.07778e+08 0.017227
3.07812e+08 0.0174635
3.07812e+08 0.0174635
3.07946e+08 0.0175072
3.07958e+08 0.0174963
3.08025e+08 0.0174744
3.08058e+08 0.0174417
3.08103e+08 0.0174308
3.08103e+08 0.0174308
3.08103e+08 0.0174417
3.08103e+08 0.0180646
3.08114e+08 0.0180871
3.08114e+08 0.0180871
3.08383e+08 0.0180535
3.08405e+08 0.0181099
3.08461e+08 0.0180535
3.08461e+08 0.0180648
3.08528e+08 0.0180423
3.08539e+08 0.018031
3.08539e+08 0.018031
3.08864e+08 0.0180087
3.0892e+08 0.0180647
3.08931e+08 0.0181325
3.09121e+08 0.0182466
3.09434e+08 0.0180309
3.09502e+08 0.0180421
3.09502e+08 0.0180421
3.09502e+08 0.0180421
3.09502e+08 0.0180421
3.2627e+08 0.0175273
3.26281e+08 0.0175486
3.26281e+08 0.0175486
3.26505e+08 0.0174639
3.26516e+08 0.017464
3.2655e+08 0.0174956
3.26572e+08 0.0175062
3.26673e+08 0.0174535
3.26695e+08 0.0174325
3.26695e+08 0.0174325
3.26717e+08 0.0174116
3.2674e+08 0.0179903
3.2674e+08 0.0180011
3.2674e+08 0.0180011
3.26818e+08 0.0181867
3.26974e+08 0.0180554
3.26975e+08 0.0181099
3.26975e+08 0.0181099
3.27109e+08 0.0180446
3.27109e+08 0.0180555
3.2712e+08 0.0180446
3.27321e+08 0.0181648
3.27455e+08 0.018088
3.27478e+08 0.0180771
3.27668e+08 0.0180772
3.27948e+08 0.0181098
3.28082e+08 0.0180445
3.28093e+08 0.0180336
3.28094e+08 0.0180336
3.28094e+08 0.0180336
3.45424e+08 0.0175042
3.45424e+08 0.0175145
3.45468e+08 0.0174736
3.45681e+08 0.0174839
3.45703e+08 0.0174737
3.45972e+08 0.0172624
3.46028e+08 0.0172327
3.46352e+08 0.017037
3.46397e+08 0.0170177
3.46408e+08 0.017008
3.46408e+08 0.0170273
3.46408e+08 0.0170467
3.46408e+08 0.0170467
3.46419e+08 0.0176049
3.46441e+08 0.0175849
3.46464e+08 0.0176349
3.46497e+08 0.017746
3.46497e+08 0.017746
3.46497e+08 0.017746
3.46497e+08 0.0178687
3.46497e+08 0.0178687
3.46497e+08 0.0178791
3.46531e+08 0.018035
3.46665e+08 0.0180351
3.46677e+08 0.0180457
3.46833e+08 0.0180772
3.47124e+08 0.0180666
3.47303e+08 0.0180245
3.47304e+08 0.018035
3.47304e+08 0.018035
3.47304e+08 0.0180349
3.65475e+08 0.0172783
3.65475e+08 0.0172783
3.6552e+08 0.0172783
3.6581e+08 0.0172111
3.65866e+08 0.0171825
3.66325e+08 0.0170222
3.66336e+08 0.0170597
3.66414e+08 0.0172688
3.66414e+08 0.0173074
3.66414e+08 0.017317
3.66437e+08 0.0172977
3.66448e+08 0.017288
3.66448e+08 0.017288
3.66448e+08 0.0172976
3.66448e+08 0.0178556
3.66448e+08 0.0178756
3.66448e+08 0.0178956
3.66459e+08 0.0179156
3.66493e+08 0.0178855
3.66504e+08 0.0178755
3.66504e+08 0.0178755
3.66504e+08 0.0178755
3.66504e+08 0.0178755
3.66627e+08 0.017796
3.66761e+08 0.0177961
3.66784e+08 0.0177862
3.66795e+08 0.0179157
3.67254e+08 0.0177663
3.67321e+08 0.0178654
3.67344e+08 0.0178454
3.67344e+08 0.0178454
3.67344e+08 0.0178455
3.86745e+08 0.0168136
3.86745e+08 0.0168136
3.86801e+08 0.0168048
3.87025e+08 0.016858
3.87025e+08 0.0169025
3.87058e+08 0.0172488
3.87058e+08 0.0172581
3.87103e+08 0.0172861
3.87114e+08 0.0172767
3.87114e+08 0.0172767
3.87125e+08 0.0172861
3.87125e+08 0.0172955
3.8717e+08 0.0172582
3.87181e+08 0.0172489
3.87204e+08 0.0172303
3.87248e+08 0.0171932
3.87293e+08 0.0176925
3.87293e+08 0.0176925
3.87371e+08 0.0176358
3.87371e+08 0.0176641
3.87371e+08 0.0176736
3.87371e+08 0.0176735
3.87371e+08 0.0176735
3.87372e+08 0.0176735
3.87405e+08 0.0177495
3.87428e+08 0.0178455
3.87439e+08 0.0178552
3.87461e+08 0.0178455
3.87954e+08 0.0178164
3.88033e+08 0.0178069
3.88089e+08 0.0177781
3.881e+08 0.0177685
3.881e+08 0.0177686
4.08161e+08 0.0172213
4.08161e+08 0.0172213
4.08172e+08 0.0172573
4.08217e+08 0.017403
4.0825e+08 0.0173755
4.08317e+08 0.0173481
4.08317e+08 0.0173481
4.08496e+08 0.0172393
4.08519e+08 0.0172303
4.08519e+08 0.0172303
4.0853e+08 0.0172303
4.0853e+08 0.0172303
4.0853e+08 0.0172664
4.08541e+08 0.0172664
4.08541e+08 0.0172845
4.08552e+08 0.0173117
4.08552e+08 0.0173481
4.08552e+08 0.0178738
4.08552e+08 0.0178738
4.08575e+08 0.0179209
4.08575e+08 0.0179209
4.08575e+08 0.0179209
4.08575e+08 0.0179208
4.08586e+08 0.0179114
4.08586e+08 0.0179114
4.08832e+08 0.0177338
4.08843e+08 0.0177431
4.08843e+08 0.0177524
4.08888e+08 0.0177339
4.09225e+08 0.0178643
4.09303e+08 0.0178643
4.09393e+08 0.0178362
4.09393e+08 0.0178455
4.09404e+08 0.0178362
4.30096e+08 0.0173227
4.30163e+08 0.0172699
4.30174e+08 0.0172699
4.30241e+08 0.0172525
4.30241e+08 0.0172788
4.30252e+08 0.0173228
4.30252e+08 0.0173228
4.30275e+08 0.0174473
4.30275e+08 0.0174652
4.30308e+08 0.0174383
4.30331e+08 0.0174294
4.30353e+08 0.0174115
4.30364e+08 0.0174026
4.30376e+08 0.0174026
4.30387e+08 0.0173937
4.30387e+08 0.0174026
4.30387e+08 0.0174026
4.30387e+08 0.0174026
4.30387e+08 0.0174026
4.30387e+08 0.0179144
4.30488e+08 0.0178505
4.30488e+08 0.0178505
4.30488e+08 0.0178505
4.30521e+08 0.0178232
4.30532e+08 0.0178232
4.30622e+08 0.0177508
4.30745e+08 0.0178503
4.30745e+08 0.0178594
4.30745e+08 0.0178594
4.30756e+08 0.0178868
4.31026e+08 0.0179419
4.31115e+08 0.0179327
4.31183e+08 0.017951
4.31183e+08 0.017951
4.31194e+08 0.0179511
4.52394e+08 0.0175424
4.52461e+08 0.0175424
4.52483e+08 0.0175336
4.52494e+08 0.0175777
4.52494e+08 0.0175776
4.52494e+08 0.0175865
4.52494e+08 0.0175865
4.52617e+08 0.0175073
4.52628e+08 0.0174985
4.52651e+08 0.0175073
4.52684e+08 0.0174986
4.52684e+08 0.0175161
4.52707e+08 0.0175073
4.52707e+08 0.0175161
4.52718e+08 0.0175161
4.52718e+08 0.0175161
4.52807e+08 0.0174462
4.52807e+08 0.0174462
4.52807e+08 0.0174462
4.52807e+08 0.0174462
4.52807e+08 0.0179447
4.52931e+08 0.0179268
4.52931e+08 0.0179268
4.52942e+08 0.0179179
4.52942e+08 0.0179447
4.52942e+08 0.0179537
4.52998e+08 0.0179806
4.53088e+08 0.0180076
4.53088e+08 0.0180076
4.53088e+08 0.0180076
4.53088e+08 0.0180166
4.53346e+08 0.0180255
4.53413e+08 0.0180435
4.53559e+08 0.0179804
4.53592e+08 0.0179535
4.53671e+08 0.0178999
4.7516e+08 0.0176719
4.75216e+08 0.0176806
4.75239e+08 0.0176806
4.75239e+08 0.0176892
4.75239e+08 0.0176893
4.75239e+08 0.0176893
4.75239e+08 0.0176893
4.75351e+08 0.017698
4.75384e+08 0.0176806
4.75418e+08 0.0176719
4.75451e+08 0.0176719
4.75507e+08 0.0176286
4.75507e+08 0.0176459
4.75518e+08 0.0176372
4.75574e+08 0.0176028
4.75574e+08 0.0176028
4.75585e+08 0.0176632
4.75585e+08 0.0176632
4.75597e+08 0.0176546
4.75597e+08 0.0176546
4.75597e+08 0.0176546
4.75664e+08 0.017698
4.75664e+08 0.0181896
4.75664e+08 0.0181896
4.75664e+08 0.0181985
4.75664e+08 0.0181985
4.75686e+08 0.0181806
4.75731e+08 0.0181896
4.75798e+08 0.0182074
4.75798e+08 0.0182075
4.75798e+08 0.0182075
4.75798e+08 0.0182075
4.76057e+08 0.0182074
4.76169e+08 0.0181716
4.76337e+08 0.0181538
4.76359e+08 0.0181627
4.76359e+08 0.0182253
4.9847e+08 0.0177401
4.9847e+08 0.0177827
4.98492e+08 0.0177827
4.98526e+08 0.0177571
4.98548e+08 0.0177401
4.98548e+08 0.0177401
4.9857e+08 0.0177231
4.9866e+08 0.0177401
4.98704e+08 0.0177316
4.98704e+08 0.0177571
4.98738e+08 0.0177571
4.98883e+08 0.0176892
4.98883e+08 0.0176892
4.9895e+08 0.017647
4.98962e+08 0.0176807
4.98962e+08 0.0176807
4.98984e+08 0.0176723
4.98984e+08 0.0176723
4.99006e+08 0.0176638
4.99006e+08 0.0176638
4.99006e+08 0.0176638
4.99062e+08 0.0176723
4.99062e+08 0.0176723
4.99062e+08 0.0181499
4.99062e+08 0.0181499
4.99074e+08 0.0181412
4.99096e+08 0.0181239
4.99118e+08 0.0181239
4.9913e+08 0.0181499
4.99197e+08 0.0181499
4.99197e+08 0.0181499
4.99197e+08 0.0181499
4.99197e+08 0.0181499
4.99456e+08 0.0181498
4.99635e+08 0.0180979
4.99736e+08 0.0181498
4.99758e+08 0.0181498
4.99758e+08 0.0181498
5.2261e+08 0.0175922
5.2261e+08 0.0175922
5.22632e+08 0.0175921
5.22655e+08 0.0176003
5.22666e+08 0.0176084
5.22688e+08 0.0175921
5.227e+08 0.0176003
5.227e+08 0.0176657
5.22756e+08 0.0176575
5.22778e+08 0.0176411
5.22811e+08 0.0176412
5.22923e+08 0.0176658
5.22934e+08 0.0176576
5.22946e+08 0.0176987
5.22968e+08 0.0176904
5.22968e+08 0.0176904
5.22968e+08 0.0177069
5.22968e+08 0.0177069
5.2299e+08 0.0177069
5.2299e+08 0.0177069
5.2299e+08 0.0177069
5.23035e+08 0.0177152
5.23035e+08 0.0177152
5.23046e+08 0.017707
5.23046e+08 0.0181729
5.23058e+08 0.0181645
5.23058e+08 0.0181729
5.23058e+08 0.0181899
5.23058e+08 0.0182069
5.23058e+08 0.0182154
5.23137e+08 0.0182066
5.23137e+08 0.0182066
5.23137e+08 0.0182066
5.23137e+08 0.0182066
5.23406e+08 0.0181983
5.23608e+08 0.0181812
5.23697e+08 0.0181898
5.23697e+08 0.0182067
5.23697e+08 0.0182067
5.47189e+08 0.0177331
5.47222e+08 0.0177089
5.47379e+08 0.017613
5.47435e+08 0.0175891
5.47491e+08 0.0175575
5.47491e+08 0.0175733
5.47524e+08 0.0175575
5.47524e+08 0.0175575
5.4758e+08 0.0175575
5.4758e+08 0.0175733
5.47591e+08 0.0175891
5.47603e+08 0.0176608
5.47636e+08 0.0176449
5.47636e+08 0.0176529
5.47681e+08 0.0176369
5.47681e+08 0.0176369
5.47703e+08 0.0176209
5.47714e+08 0.017613
5.4777e+08 0.0175892
5.4777e+08 0.0175892
5.4777e+08 0.0175892
5.47793e+08 0.017605
5.47793e+08 0.017605
5.47793e+08 0.017613
5.47793e+08 0.017613
5.47793e+08 0.017621
5.47793e+08 0.0180728
5.47793e+08 0.0180728
5.47793e+08 0.0180728
5.47793e+08 0.0180728
5.47804e+08 0.0180646
5.47939e+08 0.0180237
5.47939e+08 0.0180237
5.47939e+08 0.0180237
5.47939e+08 0.0180237
5.48186e+08 0.0180401
5.48422e+08 0.0180157
5.48433e+08 0.0180726
5.48444e+08 0.0180645
5.48466e+08 0.0180482
5.72586e+08 0.0176021
5.72597e+08 0.0176176
5.72697e+08 0.0176565
5.72709e+08 0.0176878
5.72709e+08 0.017727
5.72709e+08 0.017727
5.72709e+08 0.0177506
5.7272e+08 0.0177427
5.72832e+08 0.0177034
5.72854e+08 0.0176877
5.72865e+08 0.0176877
5.72865e+08 0.0176956
5.72888e+08 0.0177034
5.72888e+08 0.0177034
5.72888e+08 0.0177348
5.72888e+08 0.0177348
5.72899e+08 0.0177427
5.72899e+08 0.0177506
5.72932e+08 0.0177663
5.72932e+08 0.0177663
5.72932e+08 0.0177663
5.72932e+08 0.0177821
5.72932e+08 0.0177821
5.72932e+08 0.0177821
5.72932e+08 0.0177821
5.72932e+08 0.0177821
5.72932e+08 0.0177821
5.72932e+08 0.0182267
5.72932e+08 0.0182266
5.72944e+08 0.0182185
5.72944e+08 0.0182185
5.72977e+08 0.0182023
5.73101e+08 0.0182103
5.73101e+08 0.0182103
5.73102e+08 0.0182103
5.73102e+08 0.0182102
5.73438e+08 0.0181459
5.73673e+08 0.0181459
5.73807e+08 0.018058
5.73818e+08 0.018058
5.73818e+08 0.0180739
5.98433e+08 0.0177273
5.98433e+08 0.017735
5.98456e+08 0.0177889
5.98478e+08 0.0177812
5.98489e+08 0.0177735
5.98523e+08 0.0177504
5.98523e+08 0.0177504
5.98556e+08 0.017735
5.98579e+08 0.0177966
5.98579e+08 0.0178121
5.98579e+08 0.0178198
5.9859e+08 0.0178121
5.9859e+08 0.0178276
5.98623e+08 0.0178044
5.98635e+08 0.0177966
5.98657e+08 0.0177812
5.98657e+08 0.0177889
5.98657e+08 0.0177889
5.98691e+08 0.0177889
5.98691e+08 0.0177889
5.98702e+08 0.0177812
5.98702e+08 0.0177812
5.98713e+08 0.0177735
5.98713e+08 0.0177735
5.98746e+08 0.0177504
5.98746e+08 0.0177504
5.9878e+08 0.0177274
5.98791e+08 0.0177197
5.98803e+08 0.017712
5.98836e+08 0.0181205
5.98858e+08 0.0181127
5.98903e+08 0.0180815
5.98926e+08 0.0180893
5.99027e+08 0.0181049
5.99027e+08 0.0181049
5.99028e+08 0.0181049
5.99039e+08 0.018097
5.99464e+08 0.0180348
5.99677e+08 0.0180504
5.99823e+08 0.0180426
5.99823e+08 0.0180504
5.99845e+08 0.0180348
6.24837e+08 0.0177772
6.2486e+08 0.0177621
6.2486e+08 0.0177772
6.2486e+08 0.0177922
6.2486e+08 0.0177998
6.2486e+08 0.0178224
6.2486e+08 0.0178224
6.24882e+08 0.01783
6.24904e+08 0.01783
6.24904e+08 0.01783
6.24915e+08 0.0178225
6.24915e+08 0.01783
6.24916e+08 0.01783
6.24916e+08 0.0178528
6.24916e+08 0.0178604
6.24916e+08 0.0178756
6.24916e+08 0.0178756
6.24927e+08 0.017868
6.2505e+08 0.0178074
6.25061e+08 0.0177998
6.25083e+08 0.0177923
6.25094e+08 0.0177847
6.25128e+08 0.0177697
6.25128e+08 0.0177697
6.2515e+08 0.0177771
6.2515e+08 0.0177771
6.25184e+08 0.0177769
6.25308e+08 0.0177016
6.25319e+08 0.0177014
6.25342e+08 0.0177088
6.25342e+08 0.0181305
6.25342e+08 0.0181457
6.25354e+08 0.0181685
6.25354e+08 0.0181839
6.25412e+08 0.0182137
6.25412e+08 0.0182137
6.25423e+08 0.018206
6.25479e+08 0.0181752
6.25715e+08 0.0183068
6.26129e+08 0.0181675
6.26163e+08 0.0182446
6.26163e+08 0.0182446
6.26174e+08 0.0182523
6.32989e+08 0.0589541
6.33011e+08 0.0589544
6.3303e+08 0.0588189
6.33041e+08 0.0587385
6.33044e+08 0.0587131
6.33063e+08 0.0585788
6.33074e+08 0.0584991
6.33078e+08 0.0586332
6.33089e+08 0.0587133
6.331e+08 0.0586333
6.33112e+08 0.0586333
6.33134e+08 0.0584739
6.33156e+08 0.0583154
6.33167e+08 0.0582365
6.33186e+08 0.058103
6.3319e+08 0.0580792
6.33209e+08 0.0579463
6.33212e+08 0.058001
6.33223e+08 0.0587943
6.33242e+08 0.0587376
6.33265e+08 0.0587376
6.33276e+08 0.0587376
6.33298e+08 0.0588183
6.33309e+08 0.0587379
6.33343e+08 0.0586566
6.33346e+08 0.0586343
6.33358e+08 0.0587966
6.33377e+08 0.059557
6.33388e+08 0.0595592
6.33422e+08 0.0594773
6.33433e+08 0.0593954
6.33447e+08 0.059291
6.33458e+08 0.0605862
6.33469e+08 0.0605893
6.33481e+08 0.0605064
6.33525e+08 0.0606078
6.33548e+08 0.0604413
6.33604e+08 0.0601121
6.3366e+08 0.0601131
6.33728e+08 0.0613668
6.33749e+08 0.0645301
6.33772e+08 0.0646256
6.33783e+08 0.064531
6.33794e+08 0.0645313
6.34143e+08 0.426066
6.34143e+08 0.434476
6.34143e+08 0.44181
