4.80324e+06 0.00232701
8.3722e+06 0.00313141
8.37221e+06 0.0062628
9.46884e+06 0.0203821
9.46885e+06 0.0203821
1.14186e+07 0.0114639
1.14968e+07 0.0165324
1.15304e+07 0.0162634
1.34091e+07 0.0168438
1.36214e+07 0.0157806
1.36326e+07 0.0209306
1.36773e+07 0.0208218
1.62494e+07 0.0157392
1.635e+07 0.0163838
1.63947e+07 0.0161849
1.63947e+07 0.0164512
1.63947e+07 0.0205638
1.93024e+07 0.0183031
1.947e+07 0.0179098
1.947e+07 0.0181701
1.947e+07 0.0181701
1.95036e+07 0.0179742
1.9593e+07 0.0209661
2.33169e+07 0.0167032
2.33504e+07 0.0172805
2.33504e+07 0.0172805
2.33951e+07 0.0170836
2.34511e+07 0.0169868
2.34734e+07 0.0172804
2.35517e+07 0.0197619
2.74435e+07 0.0189575
2.74547e+07 0.0190607
2.74547e+07 0.0190607
2.74994e+07 0.0190608
2.74995e+07 0.019324
2.74995e+07 0.0194312
2.75106e+07 0.0197604
3.19502e+07 0.017359
3.19502e+07 0.0198388
3.20173e+07 0.0195957
3.20173e+07 0.0195957
3.20173e+07 0.0197896
3.20173e+07 0.0197896
3.21179e+07 0.0193586
3.21403e+07 0.0193119
3.71166e+07 0.0173054
3.71166e+07 0.0173054
3.71167e+07 0.0194685
3.71279e+07 0.0196813
3.71391e+07 0.0196384
3.71391e+07 0.0196384
3.72285e+07 0.0193013
3.73179e+07 0.0193428
3.73179e+07 0.0194263
4.28077e+07 0.0176739
4.28077e+07 0.0176739
4.28077e+07 0.0176739
4.28748e+07 0.0175021
4.28748e+07 0.0194467
4.28748e+07 0.0194846
4.28972e+07 0.0194089
4.30425e+07 0.0192223
4.31096e+07 0.0192964
4.31096e+07 0.0192964
4.91627e+07 0.0175857
4.91628e+07 0.0175857
4.9241e+07 0.0173718
4.92746e+07 0.0174629
4.92746e+07 0.0174629
4.92746e+07 0.0192092
4.92746e+07 0.0192092
4.94087e+07 0.0188795
4.96211e+07 0.0186871
4.96547e+07 0.0187828
4.96659e+07 0.0187507
5.60404e+07 0.0178744
5.60516e+07 0.0178454
5.61187e+07 0.0178744
5.61187e+07 0.017962
5.61411e+07 0.0179034
5.62082e+07 0.0177302
5.62082e+07 0.0177302
5.62082e+07 0.019342
5.62418e+07 0.0196267
5.64766e+07 0.0195624
5.6622e+07 0.0192486
5.66556e+07 0.019187
6.36507e+07 0.0176224
6.36619e+07 0.0176224
6.37625e+07 0.017545
6.37625e+07 0.017545
6.37625e+07 0.0175965
6.39526e+07 0.0173171
6.39526e+07 0.0173171
6.39526e+07 0.0173171
6.39526e+07 0.0187602
6.39638e+07 0.0188145
6.41204e+07 0.0190073
6.41987e+07 0.0191754
6.42769e+07 0.0190631
7.16018e+07 0.0182725
7.16018e+07 0.0182982
7.18253e+07 0.0180193
7.18477e+07 0.0179695
7.19148e+07 0.0178216
7.20043e+07 0.0180442
7.20043e+07 0.0180442
7.20043e+07 0.0180442
7.20378e+07 0.0179694
7.2049e+07 0.0193249
7.20602e+07 0.019325
7.22168e+07 0.0193248
7.25746e+07 0.01868
7.25858e+07 0.0188307
8.05163e+07 0.0175514
8.05163e+07 0.0175514
8.05946e+07 0.0178422
8.06617e+07 0.0177516
8.07064e+07 0.0177967
8.08965e+07 0.0175955
8.08965e+07 0.0175955
8.08965e+07 0.0175955
8.09189e+07 0.0176176
8.09189e+07 0.0176398
8.09189e+07 0.0176621
8.09189e+07 0.0189236
8.11984e+07 0.0186647
8.12655e+07 0.0192889
8.12655e+07 0.0193137
8.97013e+07 0.0182513
8.97125e+07 0.0182291
8.97907e+07 0.0182292
8.99472e+07 0.0180538
8.99472e+07 0.0181411
9.01037e+07 0.0182072
9.01485e+07 0.0181191
9.01485e+07 0.0181191
9.01485e+07 0.018163
9.01821e+07 0.0180972
9.01821e+07 0.0180972
9.01821e+07 0.0180972
9.01933e+07 0.0192804
9.05958e+07 0.0190281
9.07635e+07 0.0188266
9.07858e+07 0.0187824
9.98442e+07 0.0176295
9.98442e+07 0.0176489
9.98778e+07 0.0177271
9.99225e+07 0.0179256
9.99337e+07 0.0179056
9.99561e+07 0.0181493
1.00146e+08 0.0178856
1.00146e+08 0.0178856
1.00258e+08 0.0176879
1.00258e+08 0.0177468
1.0028e+08 0.0177075
1.0028e+08 0.0177075
1.0028e+08 0.0177271
1.00761e+08 0.0175906
1.00761e+08 0.01869
1.00761e+08 0.0190035
1.00772e+08 0.0190248
1.10244e+08 0.018268
1.10244e+08 0.018268
1.10323e+08 0.0181899
1.10468e+08 0.0180165
1.10513e+08 0.0179593
1.10803e+08 0.0175151
1.10803e+08 0.0178274
1.10803e+08 0.0178274
1.10803e+08 0.0180163
1.10803e+08 0.0180163
1.10803e+08 0.0180546
1.10837e+08 0.0179973
1.10882e+08 0.0179214
1.11273e+08 0.0180737
1.11273e+08 0.0180737
1.11284e+08 0.0191165
1.11284e+08 0.0191166
1.11295e+08 0.0191166
1.21684e+08 0.0175843
1.21707e+08 0.01755
1.21774e+08 0.0175671
1.21807e+08 0.0177403
1.21953e+08 0.0175843
1.22232e+08 0.0176015
1.22232e+08 0.0176015
1.22232e+08 0.0176015
1.22255e+08 0.0175672
1.22266e+08 0.01755
1.22266e+08 0.01755
1.22266e+08 0.0176015
1.22266e+08 0.0176706
1.22579e+08 0.0177929
1.2259e+08 0.0177753
1.22601e+08 0.0177753
1.22601e+08 0.0177753
1.22624e+08 0.0187258
1.22635e+08 0.0187259
1.33345e+08 0.0182096
1.33345e+08 0.0182446
1.33513e+08 0.0180883
1.33535e+08 0.0181055
1.33591e+08 0.0182446
1.33815e+08 0.0183327
1.33826e+08 0.018315
1.33871e+08 0.0182446
1.33893e+08 0.0182446
1.33893e+08 0.0182622
1.33927e+08 0.0182096
1.33949e+08 0.0181748
1.33983e+08 0.0181228
1.34352e+08 0.0180367
1.34352e+08 0.0180538
1.34352e+08 0.018071
1.34352e+08 0.018071
1.34374e+08 0.018071
1.34374e+08 0.0190221
1.34374e+08 0.0190402
1.45892e+08 0.0178154
1.45925e+08 0.0177679
1.45992e+08 0.0179112
1.45992e+08 0.0179433
1.46126e+08 0.0178313
1.46193e+08 0.0180567
1.46193e+08 0.018073
1.46238e+08 0.018073
1.46249e+08 0.0180894
1.46261e+08 0.018073
1.46339e+08 0.018008
1.46361e+08 0.018008
1.46361e+08 0.0180568
1.4673e+08 0.0180567
1.4673e+08 0.0180567
1.4673e+08 0.0180567
1.4673e+08 0.0180567
1.46742e+08 0.018073
1.46742e+08 0.018073
1.46742e+08 0.018073
1.46742e+08 0.0189767
1.5881e+08 0.018167
1.58911e+08 0.0180732
1.58911e+08 0.018167
1.58933e+08 0.0181356
1.58933e+08 0.0183255
1.59079e+08 0.0182143
1.5909e+08 0.0181985
1.59112e+08 0.01823
1.59123e+08 0.01823
1.59179e+08 0.0181669
1.59258e+08 0.0181669
1.59269e+08 0.0181826
1.59302e+08 0.0181355
1.59683e+08 0.0181197
1.59683e+08 0.0181197
1.59683e+08 0.0181197
1.59694e+08 0.0181041
1.59694e+08 0.0181197
1.59705e+08 0.0181041
1.59705e+08 0.0181041
1.59705e+08 0.0181041
1.59716e+08 0.0189498
1.71838e+08 0.0188734
1.71893e+08 0.0189384
1.71938e+08 0.0188734
1.71938e+08 0.0189058
1.71938e+08 0.0189058
1.72128e+08 0.018841
1.72128e+08 0.0188572
1.72162e+08 0.018841
1.7224e+08 0.0187447
1.72251e+08 0.0188088
1.72285e+08 0.0188734
1.72385e+08 0.0187447
1.72408e+08 0.0187607
1.72766e+08 0.0187927
1.72766e+08 0.0187927
1.72766e+08 0.0187927
1.72766e+08 0.0188088
1.72766e+08 0.0188088
1.72766e+08 0.0188249
1.72799e+08 0.0187767
1.72833e+08 0.0187288
1.72833e+08 0.0187447
1.85394e+08 0.0181364
1.85394e+08 0.0189607
1.85439e+08 0.0189764
1.85484e+08 0.0189764
1.85517e+08 0.0189295
1.85517e+08 0.0189295
1.85685e+08 0.0189607
1.85696e+08 0.0189451
1.85853e+08 0.018775
1.85864e+08 0.0188673
1.85864e+08 0.0188828
1.85864e+08 0.0189295
1.85897e+08 0.0190234
1.85898e+08 0.0190549
1.863e+08 0.018992
1.86311e+08 0.0189763
1.86311e+08 0.0189763
1.86323e+08 0.0189606
1.86356e+08 0.0189139
1.86401e+08 0.0188519
1.86412e+08 0.0188828
1.86446e+08 0.0188828
1.86524e+08 0.0187749
1.99728e+08 0.0179327
1.99728e+08 0.0179327
1.99728e+08 0.0187124
1.99773e+08 0.0187124
1.99773e+08 0.0187709
1.99829e+08 0.0187416
1.99829e+08 0.0187416
2.00041e+08 0.0186832
2.00052e+08 0.0186832
2.00097e+08 0.0188298
2.00108e+08 0.0188298
2.0012e+08 0.0188151
2.0012e+08 0.0188151
2.00131e+08 0.0188446
2.00176e+08 0.0187856
2.00746e+08 0.0185675
2.00768e+08 0.0185532
2.00768e+08 0.0185532
2.01081e+08 0.0181739
2.01081e+08 0.0182153
2.01081e+08 0.0182707
2.01081e+08 0.0182846
2.01126e+08 0.0182707
2.01126e+08 0.0183686
2.14444e+08 0.0182266
2.14455e+08 0.0182128
2.14455e+08 0.0182128
2.145e+08 0.0182127
2.145e+08 0.0189715
2.145e+08 0.0189715
2.14601e+08 0.0189141
2.14601e+08 0.0189141
2.14701e+08 0.0190583
2.1478e+08 0.0189716
2.14813e+08 0.018986
2.14869e+08 0.0189285
2.1488e+08 0.0189285
2.1488e+08 0.0189285
2.14903e+08 0.0189142
2.14981e+08 0.0188714
2.15864e+08 0.0184807
2.15864e+08 0.0185081
2.15864e+08 0.0185081
2.15864e+08 0.0188999
2.15864e+08 0.0188999
2.15864e+08 0.0188999
2.15864e+08 0.0188999
2.15898e+08 0.0189142
2.15898e+08 0.0189142
2.29821e+08 0.0181702
2.29821e+08 0.0181834
2.29821e+08 0.0181834
2.2991e+08 0.0181306
2.29933e+08 0.0181043
2.29933e+08 0.0188285
2.29933e+08 0.0188285
2.29989e+08 0.0188832
2.3e+08 0.0188695
2.30156e+08 0.0188013
2.30167e+08 0.0188832
2.30246e+08 0.0188285
2.30257e+08 0.0188832
2.30279e+08 0.0188695
2.30302e+08 0.0188422
2.30346e+08 0.0188148
2.30402e+08 0.0188421
2.31274e+08 0.0188558
2.31274e+08 0.0188558
2.31274e+08 0.0188558
2.31275e+08 0.0188558
2.31275e+08 0.0188558
2.31286e+08 0.0188421
2.31286e+08 0.0188421
2.31286e+08 0.0188832
2.31319e+08 0.0188421
2.45691e+08 0.0183089
2.45703e+08 0.018296
2.45703e+08 0.018296
2.45792e+08 0.018296
2.45792e+08 0.0183218
2.45792e+08 0.0183218
2.45814e+08 0.018296
2.45814e+08 0.0189997
2.45904e+08 0.0189596
2.45937e+08 0.018933
2.46049e+08 0.0189863
2.4606e+08 0.0189863
2.46105e+08 0.0190264
2.46105e+08 0.0190398
2.46139e+08 0.0190263
2.46161e+08 0.0190263
2.46452e+08 0.0187359
2.46519e+08 0.0187229
2.47212e+08 0.018933
2.47212e+08 0.018933
2.47212e+08 0.018933
2.47212e+08 0.018933
2.47212e+08 0.018933
2.47212e+08 0.0189463
2.47212e+08 0.0189463
2.47235e+08 0.0189198
2.47257e+08 0.018933
2.62287e+08 0.0181819
2.62332e+08 0.0181453
2.62332e+08 0.0181453
2.62433e+08 0.018133
2.62433e+08 0.018133
2.62433e+08 0.018133
2.62444e+08 0.0181452
2.62489e+08 0.0180966
2.62489e+08 0.0187668
2.62589e+08 0.0187542
2.62623e+08 0.0187542
2.6269e+08 0.0188046
2.62724e+08 0.0187793
2.63003e+08 0.0185185
2.63003e+08 0.0185185
2.6307e+08 0.0184818
2.6307e+08 0.0185063
2.63283e+08 0.0185923
2.63327e+08 0.018617
2.63887e+08 0.0187668
2.63887e+08 0.0187667
2.63887e+08 0.0187667
2.63887e+08 0.0187667
2.63909e+08 0.0187416
2.63909e+08 0.0187416
2.63909e+08 0.0187416
2.63909e+08 0.0187667
2.63954e+08 0.0187416
2.79415e+08 0.0182698
2.79482e+08 0.018246
2.79494e+08 0.0182341
2.79572e+08 0.0182579
2.79594e+08 0.0182341
2.79594e+08 0.0182341
2.79628e+08 0.0182103
2.7965e+08 0.0182341
2.79706e+08 0.0181749
2.79773e+08 0.0182103
2.79773e+08 0.0188607
2.79773e+08 0.0188976
2.80075e+08 0.0186423
2.80221e+08 0.0185233
2.80288e+08 0.0187509
2.8031e+08 0.0187267
2.80355e+08 0.0187509
2.80411e+08 0.0186905
2.80657e+08 0.0186544
2.80657e+08 0.0187025
2.81082e+08 0.0188484
2.81082e+08 0.0188484
2.81104e+08 0.0188239
2.81104e+08 0.0188239
2.81104e+08 0.0188484
2.81138e+08 0.0188117
2.81171e+08 0.0187751
2.81171e+08 0.0187751
2.81171e+08 0.0188239
2.96995e+08 0.018436
2.97129e+08 0.0183659
2.97185e+08 0.0183195
2.97263e+08 0.0183195
2.97308e+08 0.0182965
2.97308e+08 0.0182964
2.97319e+08 0.0183195
2.97342e+08 0.0183195
2.97375e+08 0.0183427
2.97454e+08 0.018331
2.97454e+08 0.018331
2.97476e+08 0.0189391
2.97487e+08 0.0189272
2.97979e+08 0.0187264
2.9808e+08 0.0187733
2.98102e+08 0.0188204
2.98147e+08 0.0187968
2.98225e+08 0.0187615
2.9827e+08 0.0187732
2.98393e+08 0.0189034
2.98393e+08 0.0189034
2.98885e+08 0.0188321
2.98896e+08 0.0188203
2.9893e+08 0.0188085
2.9893e+08 0.0188085
2.98941e+08 0.0187967
2.98941e+08 0.0188321
2.98986e+08 0.0188203
2.99031e+08 0.0187732
2.99031e+08 0.0187732
3.15239e+08 0.0183775
3.15362e+08 0.0183888
3.15418e+08 0.0183887
3.15474e+08 0.0184113
3.15552e+08 0.0183775
3.15563e+08 0.0183662
3.15574e+08 0.0183663
3.15653e+08 0.0183102
3.15664e+08 0.0183325
3.1572e+08 0.018355
3.15798e+08 0.0182766
3.15921e+08 0.0181769
3.16e+08 0.0181111
3.16e+08 0.0187148
3.16391e+08 0.0188171
3.1648e+08 0.0188285
3.16525e+08 0.0188057
3.16547e+08 0.0188285
3.16581e+08 0.0188744
3.16603e+08 0.0188974
3.16704e+08 0.0189205
3.16782e+08 0.0188399
3.17241e+08 0.0188744
3.17274e+08 0.0188514
3.17274e+08 0.0188859
3.17274e+08 0.0188859
3.17286e+08 0.0188859
3.17286e+08 0.0188859
3.17386e+08 0.0188285
3.17409e+08 0.0188514
3.17453e+08 0.0188057
3.34127e+08 0.018342
3.34206e+08 0.0183856
3.34273e+08 0.0183747
3.34329e+08 0.0183747
3.34362e+08 0.0184184
3.34385e+08 0.0184074
3.34396e+08 0.0184074
3.34541e+08 0.0183421
3.34586e+08 0.0183095
3.34709e+08 0.0182448
3.34944e+08 0.0180957
3.34966e+08 0.0181913
3.34966e+08 0.0182664
3.34977e+08 0.0182556
3.34977e+08 0.0188445
3.35402e+08 0.0188112
3.35436e+08 0.0188667
3.35458e+08 0.018889
3.35458e+08 0.0189113
3.35581e+08 0.0188223
3.35581e+08 0.0188445
3.3576e+08 0.0187671
3.35794e+08 0.0188112
3.36252e+08 0.0188112
3.36252e+08 0.0188445
3.36263e+08 0.0188334
3.36263e+08 0.0188334
3.36353e+08 0.0187561
3.36353e+08 0.0187561
3.36364e+08 0.0188445
3.36409e+08 0.0188223
3.36431e+08 0.0188445
3.53429e+08 0.018528
3.53541e+08 0.0184959
3.53541e+08 0.0185603
3.53754e+08 0.0184106
3.53787e+08 0.0184106
3.53832e+08 0.0183894
3.53832e+08 0.0184
3.53966e+08 0.0184105
3.54145e+08 0.0182843
3.5438e+08 0.0181804
3.54391e+08 0.0183894
3.54503e+08 0.0183052
3.54525e+08 0.0182843
3.54581e+08 0.0182426
3.54604e+08 0.0182219
3.54917e+08 0.0183262
3.54917e+08 0.0188989
3.54939e+08 0.0189097
3.54995e+08 0.0188772
3.55006e+08 0.0188664
3.55152e+08 0.0188449
3.55196e+08 0.0188019
3.55286e+08 0.018888
3.55442e+08 0.0187698
3.55733e+08 0.0189315
3.55744e+08 0.0189206
3.55756e+08 0.0189206
3.55756e+08 0.0189206
3.55867e+08 0.0188989
3.55879e+08 0.0188881
3.5589e+08 0.018888
3.55946e+08 0.0188773
3.5599e+08 0.0188556
3.73369e+08 0.018496
3.73425e+08 0.018548
3.73425e+08 0.018548
3.7366e+08 0.0185273
3.73816e+08 0.0184136
3.73839e+08 0.0184341
3.73839e+08 0.0184341
3.74286e+08 0.0181502
3.74353e+08 0.0182505
3.74521e+08 0.0183113
3.74554e+08 0.018291
3.74633e+08 0.0183214
3.74633e+08 0.0183418
3.74677e+08 0.018352
3.74744e+08 0.0183113
3.75058e+08 0.0183112
3.75058e+08 0.0183112
3.75058e+08 0.0188661
3.75058e+08 0.0188871
3.75136e+08 0.0188661
3.75169e+08 0.0188452
3.75281e+08 0.0188765
3.75393e+08 0.0188139
3.75583e+08 0.0187207
3.75583e+08 0.0188661
3.75829e+08 0.0189081
3.75852e+08 0.0188976
3.75852e+08 0.0189081
3.75885e+08 0.0188766
3.75919e+08 0.0189503
3.75941e+08 0.0189397
3.75975e+08 0.0189186
3.75986e+08 0.0189608
3.76064e+08 0.0189292
3.93846e+08 0.0185569
3.93846e+08 0.0186077
3.93868e+08 0.0185873
3.94024e+08 0.0186587
3.94226e+08 0.0186178
3.94539e+08 0.0183565
3.9455e+08 0.0183466
3.95008e+08 0.0183367
3.95075e+08 0.0183367
3.95321e+08 0.0182677
3.95388e+08 0.0182383
3.95444e+08 0.0182579
3.95478e+08 0.0182285
3.95478e+08 0.0182677
3.95523e+08 0.0182874
3.95713e+08 0.0183962
3.95713e+08 0.0183962
3.95735e+08 0.0183763
3.95769e+08 0.0183466
3.9578e+08 0.018876
3.95858e+08 0.018876
3.95914e+08 0.0188556
3.96104e+08 0.0187848
3.96205e+08 0.0187949
3.96406e+08 0.0187848
3.96406e+08 0.0187848
3.96518e+08 0.0189066
3.96529e+08 0.0189168
3.96529e+08 0.0189168
3.96574e+08 0.0189066
3.96574e+08 0.0189373
3.96585e+08 0.0189475
3.96597e+08 0.0189681
3.96597e+08 0.0189783
3.96731e+08 0.018927
4.15149e+08 0.0183607
4.15149e+08 0.0183607
4.15161e+08 0.0183703
4.15518e+08 0.0181984
4.15854e+08 0.0180856
4.15854e+08 0.0183511
4.15854e+08 0.0183607
4.16334e+08 0.0183416
4.16379e+08 0.0183608
4.16681e+08 0.0183126
4.16704e+08 0.0183511
4.16871e+08 0.0182554
4.16883e+08 0.0182744
4.16894e+08 0.0182649
4.16894e+08 0.0183031
4.17006e+08 0.0183704
4.1705e+08 0.0183319
4.17073e+08 0.0183319
4.17084e+08 0.0183511
4.17095e+08 0.0183511
4.17129e+08 0.0188457
4.17296e+08 0.0187671
4.17397e+08 0.0187281
4.17464e+08 0.0188359
4.17498e+08 0.0188952
4.17755e+08 0.0188457
4.17777e+08 0.018826
4.17845e+08 0.0188655
4.1799e+08 0.0187476
4.1799e+08 0.0187476
4.1799e+08 0.0187867
4.18035e+08 0.0187476
4.18046e+08 0.0187476
4.18046e+08 0.0187574
4.18068e+08 0.0187378
4.18102e+08 0.018826
4.37057e+08 0.0183647
4.3708e+08 0.018346
4.37326e+08 0.0181518
4.37717e+08 0.0181244
4.37817e+08 0.0183181
4.37873e+08 0.0182716
4.37896e+08 0.0182531
4.38153e+08 0.01844
4.38354e+08 0.0183087
4.386e+08 0.0183554
4.38623e+08 0.0183554
4.38667e+08 0.0184589
4.38734e+08 0.0184117
4.38734e+08 0.0184211
4.38734e+08 0.0184211
4.38936e+08 0.018346
4.38947e+08 0.0183741
4.38981e+08 0.0183647
4.39081e+08 0.0182901
4.39137e+08 0.018253
4.39238e+08 0.0181977
4.39294e+08 0.0182901
4.39294e+08 0.0187982
4.39338e+08 0.0188461
4.39417e+08 0.0188365
4.39517e+08 0.0187791
4.39618e+08 0.0189135
4.39663e+08 0.0188942
4.39831e+08 0.0188077
4.39942e+08 0.0188365
4.39942e+08 0.0188365
4.39942e+08 0.0188365
4.39942e+08 0.0188749
4.39954e+08 0.0188749
4.39954e+08 0.0188749
4.39976e+08 0.0188749
4.39987e+08 0.0188942
4.59871e+08 0.0181256
4.59871e+08 0.0181434
4.59938e+08 0.0182869
4.60195e+08 0.018396
4.60262e+08 0.0184235
4.60351e+08 0.018396
4.6043e+08 0.0183503
4.60698e+08 0.0183412
4.60832e+08 0.0183959
4.61112e+08 0.0183685
4.61112e+08 0.0183868
4.61134e+08 0.0184051
4.61134e+08 0.0184602
4.61146e+08 0.0184509
4.61168e+08 0.0184325
4.61425e+08 0.0183868
4.61515e+08 0.018323
4.6166e+08 0.0182328
4.6166e+08 0.018314
4.6166e+08 0.0183595
4.61705e+08 0.0184051
4.61761e+08 0.0184051
4.61761e+08 0.0184051
4.61761e+08 0.0189025
4.61816e+08 0.0188931
4.61872e+08 0.018912
4.62085e+08 0.0188182
4.62141e+08 0.0188556
4.62174e+08 0.018865
4.62398e+08 0.0188183
4.62398e+08 0.0189119
4.62398e+08 0.0189119
4.62398e+08 0.0189119
4.62421e+08 0.0188931
4.62421e+08 0.0189025
4.62465e+08 0.018865
4.62465e+08 0.0188838
4.62521e+08 0.0188463
4.83042e+08 0.0183279
4.83053e+08 0.018319
4.83087e+08 0.0183456
4.8331e+08 0.0183722
4.83344e+08 0.0183988
4.83422e+08 0.0184077
4.83568e+08 0.0183544
4.83747e+08 0.0184256
4.83982e+08 0.0183454
4.84116e+08 0.0184613
4.84149e+08 0.0184345
4.84172e+08 0.0184345
4.84183e+08 0.0184255
4.84217e+08 0.0184077
4.84239e+08 0.0184077
4.84563e+08 0.0183544
4.84608e+08 0.0183899
4.84686e+08 0.0184435
4.84697e+08 0.0184345
4.84708e+08 0.0184256
4.84742e+08 0.0184345
4.84776e+08 0.0184524
4.84798e+08 0.0184345
4.84798e+08 0.0184345
4.84809e+08 0.0189105
4.84876e+08 0.0189013
4.85144e+08 0.0187288
4.852e+08 0.0188556
4.85256e+08 0.0188556
4.85279e+08 0.0188647
4.85559e+08 0.0188192
4.8557e+08 0.0188101
4.8557e+08 0.0188101
4.8557e+08 0.0188101
4.8557e+08 0.0188283
4.8557e+08 0.0188283
4.8557e+08 0.0188647
4.8557e+08 0.0188647
4.85592e+08 0.0188921
5.06761e+08 0.0183757
5.06817e+08 0.0183412
5.06884e+08 0.0183153
5.0694e+08 0.0184451
5.06952e+08 0.0184626
5.07075e+08 0.0184277
5.07108e+08 0.0185152
5.07343e+08 0.0184713
5.07712e+08 0.0183668
5.07768e+08 0.0184276
5.07813e+08 0.0184189
5.0788e+08 0.0183842
5.07936e+08 0.0183496
5.08081e+08 0.0182637
5.08081e+08 0.0182808
5.0826e+08 0.0183929
5.08283e+08 0.0184103
5.08339e+08 0.0184277
5.0835e+08 0.0184277
5.08361e+08 0.0184276
5.08361e+08 0.0184538
5.08462e+08 0.0184016
5.08484e+08 0.0184016
5.08506e+08 0.0183842
5.08562e+08 0.0183496
5.08696e+08 0.018298
5.08842e+08 0.0186533
5.08842e+08 0.0188645
5.08853e+08 0.0189002
5.08931e+08 0.0188824
5.09065e+08 0.0187936
5.09412e+08 0.0187407
5.09412e+08 0.0187495
5.09412e+08 0.0187495
5.09412e+08 0.0187495
5.09412e+08 0.0187495
5.09412e+08 0.0187495
5.09412e+08 0.0187495
5.09412e+08 0.0187495
5.09435e+08 0.0187495
5.30984e+08 0.0184551
5.30984e+08 0.0184978
5.31096e+08 0.0184637
5.3132e+08 0.0183368
5.31387e+08 0.0182948
5.31398e+08 0.0183789
5.31532e+08 0.0183032
5.31666e+08 0.0183788
5.32002e+08 0.0184041
5.32137e+08 0.0183451
5.32237e+08 0.0183031
5.32271e+08 0.0183283
5.32327e+08 0.0183283
5.32528e+08 0.0182864
5.32539e+08 0.018278
5.32595e+08 0.0183704
5.32606e+08 0.0183788
5.32673e+08 0.0183704
5.32718e+08 0.0183451
5.3274e+08 0.0183367
5.32751e+08 0.0183283
5.32807e+08 0.0183619
5.32807e+08 0.0183788
5.33098e+08 0.0181783
5.33109e+08 0.0182114
5.3312e+08 0.0183031
5.3312e+08 0.0184126
5.3312e+08 0.0188729
5.33132e+08 0.0188642
5.33143e+08 0.0188643
5.33143e+08 0.0189252
5.33355e+08 0.0188643
5.33769e+08 0.0188123
5.33769e+08 0.0188123
5.33769e+08 0.0188123
5.33769e+08 0.0188123
5.33791e+08 0.0187951
5.33791e+08 0.0187951
5.33803e+08 0.0187865
5.33836e+08 0.0187607
5.33836e+08 0.0187779
5.55817e+08 0.0184517
5.55817e+08 0.0184517
5.55918e+08 0.01846
5.5603e+08 0.0185436
5.56108e+08 0.0185352
5.56108e+08 0.0185436
5.56209e+08 0.0185688
5.5651e+08 0.0184436
5.56869e+08 0.0184268
5.57137e+08 0.018328
5.57182e+08 0.0183691
5.57182e+08 0.0183938
5.57204e+08 0.0184186
5.57227e+08 0.0185519
5.57327e+08 0.018485
5.57361e+08 0.0185017
5.57383e+08 0.0184934
5.5745e+08 0.0184934
5.57607e+08 0.0184103
5.57696e+08 0.0183609
5.57696e+08 0.0183691
5.5773e+08 0.0183856
5.57752e+08 0.0183691
5.57908e+08 0.0184684
5.57908e+08 0.0184767
5.57908e+08 0.018485
5.57908e+08 0.018485
5.57908e+08 0.018485
5.57931e+08 0.0184767
5.57931e+08 0.0189273
5.57964e+08 0.0189103
5.57976e+08 0.0189018
5.58132e+08 0.0189444
5.58703e+08 0.0188255
5.58703e+08 0.0188255
5.58725e+08 0.0188087
5.58736e+08 0.0188003
5.58736e+08 0.0188171
5.58781e+08 0.0187834
5.58803e+08 0.018775
5.58826e+08 0.0187834
5.58826e+08 0.0187834
5.81387e+08 0.0183573
5.8142e+08 0.0183333
5.81565e+08 0.0183013
5.81599e+08 0.0183573
5.81644e+08 0.0183814
5.81666e+08 0.0183654
5.81711e+08 0.0184056
5.81845e+08 0.0185274
5.82394e+08 0.0183895
5.82606e+08 0.0184299
5.82651e+08 0.0184299
5.82651e+08 0.0184299
5.82651e+08 0.018446
5.82707e+08 0.0184218
5.82785e+08 0.0184379
5.82818e+08 0.018438
5.82885e+08 0.0184056
5.82952e+08 0.0184056
5.8302e+08 0.0184704
5.83075e+08 0.0184948
5.83154e+08 0.0184379
5.83232e+08 0.0184056
5.83333e+08 0.0183493
5.83344e+08 0.0184541
5.83344e+08 0.0184541
5.83344e+08 0.0184541
5.83344e+08 0.0184541
5.83344e+08 0.0184541
5.83344e+08 0.0184704
5.83344e+08 0.0184704
5.83344e+08 0.0189102
5.83377e+08 0.0189102
5.83444e+08 0.0188687
5.8359e+08 0.0188769
5.84283e+08 0.0187862
5.84283e+08 0.0187862
5.84283e+08 0.0188026
5.84283e+08 0.0188109
5.84328e+08 0.018778
5.84328e+08 0.0188109
5.84328e+08 0.0188273
5.84451e+08 0.0187534
5.84451e+08 0.0187534
6.0738e+08 0.0184882
6.07447e+08 0.0184643
6.07547e+08 0.0184961
6.07581e+08 0.0184961
6.07682e+08 0.0184564
6.07682e+08 0.0184722
6.07805e+08 0.0184168
6.07805e+08 0.018512
6.0842e+08 0.0184643
6.08644e+08 0.0184564
6.08644e+08 0.0184881
6.08644e+08 0.0184881
6.088e+08 0.0183775
6.08822e+08 0.0184011
6.08845e+08 0.0184406
6.08856e+08 0.0184564
6.09068e+08 0.018354
6.09091e+08 0.0183854
6.09102e+08 0.0184247
6.09147e+08 0.0184326
6.09303e+08 0.0183775
6.09303e+08 0.0184326
6.09326e+08 0.0184881
6.09337e+08 0.0184881
6.09381e+08 0.0184564
6.09393e+08 0.0184485
6.09415e+08 0.0184326
6.09415e+08 0.0184326
6.09437e+08 0.0184168
6.09493e+08 0.0183775
6.09505e+08 0.0183696
6.09505e+08 0.0183932
6.09505e+08 0.018821
6.09505e+08 0.0188694
6.09851e+08 0.0187249
6.10477e+08 0.0187728
6.10477e+08 0.0187728
6.10477e+08 0.0187728
6.10477e+08 0.0187728
6.10477e+08 0.0188049
6.105e+08 0.0187888
6.10556e+08 0.0187488
6.10556e+08 0.0188371
6.10556e+08 0.0188371
6.13426e+08 0.0813289
6.13426e+08 0.082241
6.13493e+08 0.0827028
