3.0461e+06 0.00366892
8.36219e+06 0.00210227
8.36219e+06 0.00420454
9.62798e+06 0.0176583
9.68736e+06 0.0168672
1.24936e+07 0.00779994
1.24936e+07 0.0116999
1.24936e+07 0.0119474
1.55336e+07 0.0110287
1.5679e+07 0.0105256
1.57572e+07 0.0136976
1.57572e+07 0.0136976
1.83294e+07 0.0159899
1.84301e+07 0.0162489
1.88884e+07 0.0142769
1.8989e+07 0.0138325
1.91566e+07 0.0164379
2.19974e+07 0.015234
2.20981e+07 0.0152343
2.22993e+07 0.0163824
2.22993e+07 0.0168801
2.23552e+07 0.01747
2.2467e+07 0.0202562
2.60455e+07 0.0165647
2.62134e+07 0.0162943
2.64035e+07 0.0163384
2.64706e+07 0.0160757
2.65153e+07 0.0161187
2.67277e+07 0.0157381
2.6873e+07 0.0177557
3.02058e+07 0.0188044
3.05525e+07 0.0180293
3.08319e+07 0.0176656
3.08319e+07 0.0179372
3.08655e+07 0.0179834
3.09996e+07 0.0183128
3.10667e+07 0.0186544
3.47461e+07 0.0172303
3.47461e+07 0.0196917
3.52829e+07 0.0189006
3.53388e+07 0.0198379
3.53388e+07 0.0198379
3.53389e+07 0.0199864
3.54954e+07 0.019887
3.55736e+07 0.0198377
3.99212e+07 0.0172764
3.99212e+07 0.0172764
3.99212e+07 0.019436
4.05598e+07 0.0190607
4.075e+07 0.0185881
4.07947e+07 0.0184357
4.08618e+07 0.0182118
4.08842e+07 0.0186651
4.08842e+07 0.01894
4.58494e+07 0.0169667
4.58607e+07 0.0169346
4.5883e+07 0.0168711
4.65763e+07 0.016718
4.65763e+07 0.0185755
4.6744e+07 0.0186449
4.68558e+07 0.0184385
4.70459e+07 0.0180719
4.71018e+07 0.0179744
4.71019e+07 0.0179744
5.22908e+07 0.0173501
5.24132e+07 0.0170559
5.24244e+07 0.0170851
5.27753e+07 0.0180286
5.28088e+07 0.0179316
5.28088e+07 0.0197247
5.29989e+07 0.0196541
5.33455e+07 0.0189433
5.35132e+07 0.0190088
5.37256e+07 0.0185598
5.37367e+07 0.0185285
5.92769e+07 0.0175971
5.94111e+07 0.0175672
5.94112e+07 0.0175953
5.98561e+07 0.0173616
5.98561e+07 0.0174442
5.98561e+07 0.0174441
6.02362e+07 0.0169863
6.02697e+07 0.018445
6.05605e+07 0.0185876
6.07058e+07 0.0186454
6.08735e+07 0.0187621
6.09964e+07 0.0184733
6.70688e+07 0.0172115
6.72813e+07 0.0170404
6.72813e+07 0.0170404
6.76263e+07 0.0172595
6.76263e+07 0.0172595
6.76264e+07 0.0172595
6.77941e+07 0.0177445
6.78835e+07 0.0176142
6.78835e+07 0.019082
6.82525e+07 0.0188879
6.83867e+07 0.0189154
6.84314e+07 0.0192231
6.84649e+07 0.0194533
7.55323e+07 0.0171663
7.56106e+07 0.0174427
7.56554e+07 0.0173495
7.59178e+07 0.0175225
7.5929e+07 0.0174988
7.59578e+07 0.0174384
7.60286e+07 0.0176435
7.60398e+07 0.0178128
7.6051e+07 0.0177884
7.6051e+07 0.0191567
7.65057e+07 0.0189579
7.65169e+07 0.0192445
7.65169e+07 0.0193509
7.65616e+07 0.0193242
8.43781e+07 0.0176876
8.45682e+07 0.017467
8.4613e+07 0.0174669
8.48205e+07 0.0175746
8.48317e+07 0.0175746
8.48318e+07 0.0176314
8.48532e+07 0.0177302
8.4898e+07 0.017663
8.49271e+07 0.0176273
8.49271e+07 0.0176273
8.54264e+07 0.0175392
8.54264e+07 0.018792
8.54264e+07 0.0188156
8.54264e+07 0.0188156
8.55605e+07 0.0186287
9.39363e+07 0.0175387
9.41153e+07 0.0175591
9.42718e+07 0.017356
9.44399e+07 0.0174271
9.444e+07 0.0174474
9.444e+07 0.0174475
9.444e+07 0.0174864
9.44512e+07 0.0175478
9.44512e+07 0.0176015
9.44512e+07 0.0176015
9.46559e+07 0.0181633
9.46782e+07 0.0181194
9.46782e+07 0.0193273
9.46834e+07 0.0193165
9.46835e+07 0.0193165
9.48427e+07 0.0192643
1.04001e+08 0.0177663
1.04091e+08 0.0179254
1.04247e+08 0.0179254
1.04605e+08 0.0175904
1.04605e+08 0.0175904
1.04605e+08 0.0175904
1.04605e+08 0.0175904
1.04605e+08 0.0176098
1.04605e+08 0.0176097
1.04605e+08 0.0176097
1.04726e+08 0.0177571
1.04726e+08 0.0177966
1.04726e+08 0.0177965
1.04726e+08 0.0178057
1.04726e+08 0.0189185
1.04737e+08 0.0188975
1.04815e+08 0.0190509
1.14707e+08 0.0177467
1.14785e+08 0.0177651
1.14931e+08 0.0177837
1.15333e+08 0.0177097
1.15333e+08 0.0177097
1.15333e+08 0.0177097
1.15333e+08 0.0177097
1.15333e+08 0.0177097
1.15356e+08 0.0176728
1.15356e+08 0.0176728
1.15367e+08 0.0178542
1.15367e+08 0.0178542
1.15367e+08 0.0178543
1.15378e+08 0.0178355
1.15378e+08 0.0178356
1.15378e+08 0.0188847
1.15378e+08 0.0189045
1.1539e+08 0.0190244
1.2589e+08 0.0179882
1.2598e+08 0.0179702
1.26125e+08 0.0179702
1.2645e+08 0.0180967
1.26528e+08 0.0179702
1.26561e+08 0.0179165
1.26561e+08 0.0179165
1.26561e+08 0.0179165
1.26573e+08 0.0179344
1.26584e+08 0.0179166
1.26584e+08 0.0179344
1.26584e+08 0.0179344
1.26584e+08 0.0179344
1.26595e+08 0.0179344
1.26595e+08 0.0179344
1.26595e+08 0.0179344
1.2664e+08 0.0178632
1.2664e+08 0.0188556
1.2664e+08 0.0188743
1.37688e+08 0.0179977
1.37733e+08 0.0180661
1.37923e+08 0.0179976
1.38293e+08 0.0179297
1.38304e+08 0.0180318
1.38304e+08 0.0180833
1.38371e+08 0.0179806
1.38371e+08 0.0179806
1.38382e+08 0.0179807
1.38449e+08 0.017896
1.38449e+08 0.017896
1.3846e+08 0.0178791
1.3846e+08 0.0178791
1.3846e+08 0.017896
1.38472e+08 0.0178791
1.38472e+08 0.0178791
1.38494e+08 0.0179128
1.38494e+08 0.0179128
1.3855e+08 0.0187671
1.38561e+08 0.0187495
1.50134e+08 0.0179594
1.50201e+08 0.0179271
1.50336e+08 0.0180078
1.50861e+08 0.0177836
1.50872e+08 0.0177836
1.50884e+08 0.0177678
1.50906e+08 0.0178311
1.50906e+08 0.0178311
1.50906e+08 0.017847
1.5094e+08 0.017895
1.5094e+08 0.017895
1.5094e+08 0.017911
1.50951e+08 0.017895
1.50962e+08 0.017879
1.50984e+08 0.017863
1.50984e+08 0.017863
1.50996e+08 0.017879
1.51007e+08 0.017863
1.51074e+08 0.017847
1.51085e+08 0.017847
1.51096e+08 0.0187227
1.63228e+08 0.0179234
1.63396e+08 0.0177866
1.63598e+08 0.0176966
1.63978e+08 0.0178927
1.64034e+08 0.0178319
1.64045e+08 0.0178319
1.64056e+08 0.0178471
1.64112e+08 0.0177715
1.64112e+08 0.0177715
1.64112e+08 0.0178168
1.64146e+08 0.0177715
1.64146e+08 0.0177715
1.64157e+08 0.0177715
1.64157e+08 0.0177866
1.64157e+08 0.0178168
1.64157e+08 0.0178168
1.64168e+08 0.0178168
1.64213e+08 0.0177715
1.64235e+08 0.0178319
1.64235e+08 0.017847
1.64269e+08 0.0178168
1.6428e+08 0.0186493
1.7629e+08 0.0188232
1.76414e+08 0.0188877
1.7657e+08 0.0189528
1.77096e+08 0.0187429
1.77107e+08 0.018807
1.77152e+08 0.0187589
1.77163e+08 0.0187589
1.77174e+08 0.0188231
1.77219e+08 0.0187589
1.7723e+08 0.0187429
1.7723e+08 0.018791
1.77253e+08 0.0187589
1.77264e+08 0.0187589
1.77264e+08 0.0187589
1.77264e+08 0.0187589
1.77264e+08 0.0187589
1.77275e+08 0.0187589
1.77297e+08 0.0187909
1.7732e+08 0.0187909
1.7732e+08 0.0187909
1.77342e+08 0.018807
1.77376e+08 0.0187749
1.89958e+08 0.0179892
1.89958e+08 0.0188069
1.90171e+08 0.0186845
1.90428e+08 0.0185489
1.90887e+08 0.018639
1.90887e+08 0.0186542
1.90898e+08 0.0186997
1.9092e+08 0.0186845
1.90943e+08 0.0186693
1.90976e+08 0.0186845
1.90976e+08 0.0186997
1.90976e+08 0.0186997
1.90999e+08 0.0186997
1.9101e+08 0.0186997
1.9101e+08 0.0186997
1.9101e+08 0.0186997
1.9101e+08 0.0186997
1.91021e+08 0.0186996
1.91055e+08 0.0186845
1.91066e+08 0.0186997
1.91066e+08 0.0186997
1.91066e+08 0.0187302
1.91066e+08 0.018776
2.04248e+08 0.0179874
2.04259e+08 0.0179733
2.04259e+08 0.0187548
2.04618e+08 0.0185662
2.04797e+08 0.0186673
2.05222e+08 0.0187109
2.05244e+08 0.0186817
2.05244e+08 0.0186963
2.05266e+08 0.0186963
2.05278e+08 0.0187109
2.05278e+08 0.0187547
2.05289e+08 0.0187401
2.05289e+08 0.0187401
2.05356e+08 0.0186818
2.05356e+08 0.0186963
2.05356e+08 0.0186963
2.05367e+08 0.0186817
2.05367e+08 0.0186817
2.0539e+08 0.0186672
2.05412e+08 0.0186817
2.05412e+08 0.0186963
2.05412e+08 0.0186963
2.05412e+08 0.0186963
2.0546e+08 0.0186343
2.19166e+08 0.0179792
2.192e+08 0.0179523
2.192e+08 0.0179523
2.19514e+08 0.0180061
2.19525e+08 0.0187423
2.19626e+08 0.0188411
2.20207e+08 0.0186444
2.20207e+08 0.0186723
2.20218e+08 0.0186584
2.2023e+08 0.0186723
2.2023e+08 0.0186862
2.2023e+08 0.0186862
2.2023e+08 0.0187002
2.2023e+08 0.0187002
2.20286e+08 0.0187142
2.20286e+08 0.0187142
2.20286e+08 0.0187142
2.20297e+08 0.0187142
2.20308e+08 0.0187002
2.2033e+08 0.0187002
2.2033e+08 0.0187283
2.2033e+08 0.0187282
2.2033e+08 0.0187282
2.20342e+08 0.0187142
2.20546e+08 0.0185202
2.3449e+08 0.0182327
2.34502e+08 0.0182593
2.34502e+08 0.0182593
2.34994e+08 0.0180483
2.34994e+08 0.0180613
2.34994e+08 0.0187838
2.35173e+08 0.0186893
2.35643e+08 0.0188246
2.35643e+08 0.0188246
2.35643e+08 0.0188382
2.35677e+08 0.018811
2.35677e+08 0.018811
2.35677e+08 0.018811
2.35688e+08 0.0187974
2.35688e+08 0.0187974
2.35755e+08 0.0187837
2.35755e+08 0.0187837
2.35755e+08 0.0187837
2.35766e+08 0.0187838
2.35777e+08 0.0187838
2.35777e+08 0.0188109
2.35777e+08 0.0188109
2.35777e+08 0.018811
2.35777e+08 0.0188109
2.35811e+08 0.0187842
2.35945e+08 0.0188697
2.50524e+08 0.0181225
2.50535e+08 0.0181225
2.50535e+08 0.0181225
2.51084e+08 0.0180594
2.51084e+08 0.0180594
2.51084e+08 0.0180594
2.5133e+08 0.0179845
2.5133e+08 0.0186762
2.51766e+08 0.018715
2.51766e+08 0.018715
2.51766e+08 0.018715
2.51811e+08 0.0187021
2.51811e+08 0.0187021
2.51811e+08 0.0187021
2.51811e+08 0.018715
2.51811e+08 0.018715
2.51901e+08 0.0186891
2.51912e+08 0.0186762
2.51912e+08 0.0186762
2.51912e+08 0.0186891
2.51912e+08 0.0187021
2.51912e+08 0.0187021
2.51912e+08 0.0187021
2.51912e+08 0.0187021
2.51912e+08 0.0187021
2.51912e+08 0.0187406
2.52128e+08 0.0186461
2.67101e+08 0.0182032
2.67101e+08 0.0182155
2.67101e+08 0.0182155
2.67761e+08 0.0180933
2.67761e+08 0.0180933
2.67761e+08 0.0180933
2.68008e+08 0.0180933
2.68008e+08 0.0180933
2.68008e+08 0.0187634
2.68388e+08 0.0188265
2.68399e+08 0.0188138
2.68433e+08 0.018776
2.68433e+08 0.0188264
2.68433e+08 0.0188264
2.68433e+08 0.0188264
2.68433e+08 0.0188264
2.68433e+08 0.0188264
2.68545e+08 0.0188012
2.68545e+08 0.0188139
2.68545e+08 0.0188139
2.68545e+08 0.0188139
2.68556e+08 0.0188012
2.68556e+08 0.0188012
2.68556e+08 0.0188012
2.68556e+08 0.0188012
2.68567e+08 0.0187886
2.68567e+08 0.0187886
2.68976e+08 0.0185728
2.8414e+08 0.0183654
2.8414e+08 0.0183654
2.8414e+08 0.0183654
2.85013e+08 0.0181392
2.85013e+08 0.0181392
2.85013e+08 0.0181392
2.8527e+08 0.0181275
2.8527e+08 0.0181275
2.8527e+08 0.0181275
2.8565e+08 0.0181275
2.8565e+08 0.0187749
2.85662e+08 0.0187749
2.85706e+08 0.0187627
2.85729e+08 0.0187385
2.85729e+08 0.0187385
2.85729e+08 0.0187385
2.85751e+08 0.0187143
2.85751e+08 0.0187143
2.85773e+08 0.0188114
2.85807e+08 0.0187749
2.85807e+08 0.0187749
2.85807e+08 0.0187749
2.85807e+08 0.018787
2.85807e+08 0.0187871
2.85818e+08 0.0187749
2.85818e+08 0.0187749
2.85818e+08 0.018787
2.85818e+08 0.018787
2.86236e+08 0.0187782
3.02014e+08 0.0181322
3.02025e+08 0.0181209
3.02048e+08 0.0180982
3.02809e+08 0.0182118
3.02809e+08 0.0182118
3.02809e+08 0.0182118
3.03133e+08 0.0181434
3.03156e+08 0.0181208
3.03156e+08 0.0181208
3.0348e+08 0.0181775
3.0348e+08 0.0181775
3.0348e+08 0.0188043
3.0357e+08 0.0187221
3.0357e+08 0.018769
3.03592e+08 0.018769
3.03592e+08 0.018769
3.03603e+08 0.0187573
3.03637e+08 0.0187456
3.03648e+08 0.0187338
3.03715e+08 0.0186872
3.03715e+08 0.0187222
3.03726e+08 0.0187105
3.03726e+08 0.0187105
3.03726e+08 0.0187105
3.03726e+08 0.0187105
3.03726e+08 0.0187222
3.03726e+08 0.0187222
3.03726e+08 0.0187222
3.03775e+08 0.0186711
3.04192e+08 0.0186715
3.20474e+08 0.0181626
3.20485e+08 0.0181626
3.20507e+08 0.0181626
3.21101e+08 0.018329
3.21101e+08 0.018329
3.21101e+08 0.018329
3.2147e+08 0.0182843
3.21481e+08 0.0182954
3.21481e+08 0.0182954
3.22007e+08 0.0180968
3.22007e+08 0.0180967
3.22041e+08 0.018064
3.2213e+08 0.018064
3.22141e+08 0.0186549
3.22141e+08 0.0186549
3.22141e+08 0.0186774
3.22141e+08 0.0186774
3.22141e+08 0.0186887
3.22141e+08 0.0187225
3.22152e+08 0.0187225
3.22219e+08 0.0187225
3.22231e+08 0.0187112
3.22231e+08 0.0187225
3.22231e+08 0.0187225
3.22242e+08 0.0187113
3.22253e+08 0.0187
3.22253e+08 0.0187
3.22253e+08 0.0187
3.22253e+08 0.0187
3.22253e+08 0.0187496
3.2276e+08 0.0186588
3.39466e+08 0.0182413
3.39489e+08 0.0182306
3.39533e+08 0.0182092
3.40127e+08 0.018209
3.40127e+08 0.018209
3.40127e+08 0.018209
3.40329e+08 0.018371
3.40362e+08 0.0183492
3.40362e+08 0.0183492
3.40854e+08 0.0183819
3.40877e+08 0.0183601
3.40899e+08 0.018371
3.41033e+08 0.0183275
3.41033e+08 0.0183384
3.41156e+08 0.0188075
3.41167e+08 0.0187965
3.41167e+08 0.0187965
3.41167e+08 0.0187965
3.41167e+08 0.0187965
3.41168e+08 0.0187965
3.41179e+08 0.0187965
3.41235e+08 0.0188075
3.41246e+08 0.0188075
3.41246e+08 0.0188075
3.41246e+08 0.0188075
3.41257e+08 0.0188075
3.41257e+08 0.0188186
3.41257e+08 0.0188186
3.41257e+08 0.0188186
3.41257e+08 0.0188186
3.41268e+08 0.0188075
3.41671e+08 0.0189111
3.59149e+08 0.0181699
3.5916e+08 0.0181802
3.59182e+08 0.0182009
3.59832e+08 0.0181491
3.59832e+08 0.0181491
3.59832e+08 0.0181491
3.59877e+08 0.0182946
3.59877e+08 0.018326
3.59877e+08 0.018326
3.60336e+08 0.0183574
3.60369e+08 0.0183469
3.60459e+08 0.0182841
3.60459e+08 0.0184103
3.60459e+08 0.0184103
3.60503e+08 0.0184848
3.60503e+08 0.0184955
3.60515e+08 0.0190624
3.60537e+08 0.0190404
3.60571e+08 0.0190075
3.60582e+08 0.0189966
3.60615e+08 0.0189638
3.60716e+08 0.018877
3.60783e+08 0.0188662
3.60805e+08 0.0188554
3.60805e+08 0.0188554
3.60805e+08 0.0188554
3.60805e+08 0.0188662
3.60817e+08 0.0188554
3.60839e+08 0.0188339
3.60839e+08 0.0188339
3.60839e+08 0.0188339
3.60839e+08 0.0188446
3.61181e+08 0.0189031
3.79285e+08 0.0183153
3.79296e+08 0.0183153
3.79341e+08 0.018295
3.80114e+08 0.018184
3.80114e+08 0.018184
3.80114e+08 0.018184
3.80159e+08 0.018184
3.80181e+08 0.018164
3.80215e+08 0.0181341
3.80506e+08 0.0182849
3.80528e+08 0.018295
3.80528e+08 0.0183765
3.80528e+08 0.0183765
3.80528e+08 0.0183765
3.80528e+08 0.0184176
3.80528e+08 0.0184176
3.8055e+08 0.0184073
3.8055e+08 0.0189651
3.80584e+08 0.0189545
3.80651e+08 0.0189229
3.80651e+08 0.0189334
3.80651e+08 0.0189651
3.80763e+08 0.0189545
3.80998e+08 0.0187973
3.81031e+08 0.0187869
3.81031e+08 0.0187869
3.81031e+08 0.0187869
3.81031e+08 0.0187869
3.81031e+08 0.0187973
3.81031e+08 0.0188181
3.81031e+08 0.0188181
3.81031e+08 0.0188181
3.81031e+08 0.0188181
3.81387e+08 0.0188052
4.00176e+08 0.0181884
4.00177e+08 0.0181981
4.00199e+08 0.0182177
4.01006e+08 0.0181883
4.01028e+08 0.0181689
4.01039e+08 0.0181591
4.0114e+08 0.0181108
4.01151e+08 0.0181204
4.01151e+08 0.0181495
4.01319e+08 0.0182567
4.01319e+08 0.0182763
4.01352e+08 0.0182469
4.01352e+08 0.0182469
4.01364e+08 0.0182371
4.01364e+08 0.0182371
4.01375e+08 0.0182273
4.01431e+08 0.0181981
4.01453e+08 0.0181786
4.01453e+08 0.0182078
4.01453e+08 0.0187433
4.01464e+08 0.0187937
4.01464e+08 0.0187937
4.01464e+08 0.0187937
4.01542e+08 0.018824
4.018e+08 0.0188039
4.01811e+08 0.0188241
4.01811e+08 0.0188241
4.01811e+08 0.0188241
4.01811e+08 0.0188241
4.01811e+08 0.0188241
4.01822e+08 0.018814
4.01822e+08 0.018814
4.01833e+08 0.0188039
4.01856e+08 0.0187837
4.02482e+08 0.0185425
4.21548e+08 0.0183025
4.21548e+08 0.0183025
4.21548e+08 0.0183217
4.22411e+08 0.0182738
4.22511e+08 0.0182072
4.22579e+08 0.01816
4.22579e+08 0.0182452
4.22623e+08 0.0182167
4.22623e+08 0.0182167
4.22881e+08 0.0181412
4.22914e+08 0.018113
4.22914e+08 0.0181412
4.22914e+08 0.0181412
4.22936e+08 0.0181318
4.22936e+08 0.0181318
4.22948e+08 0.0181318
4.22959e+08 0.0181694
4.22959e+08 0.0181883
4.22959e+08 0.0181883
4.22992e+08 0.01816
4.22992e+08 0.0186788
4.22992e+08 0.0186885
4.23004e+08 0.0186788
4.23015e+08 0.0186691
4.23048e+08 0.0187079
4.2316e+08 0.0188352
4.23183e+08 0.0188253
4.23194e+08 0.0188155
4.23194e+08 0.0188155
4.23194e+08 0.0188155
4.23194e+08 0.0188155
4.23194e+08 0.0188254
4.23194e+08 0.0188254
4.23194e+08 0.0188352
4.23194e+08 0.018855
4.23887e+08 0.0187967
4.43489e+08 0.0183368
4.43489e+08 0.0183368
4.43545e+08 0.0182903
4.44408e+08 0.0182902
4.44497e+08 0.0182994
4.44542e+08 0.0183181
4.44542e+08 0.0183181
4.44542e+08 0.0183555
4.4462e+08 0.0182902
4.44833e+08 0.0183274
4.44844e+08 0.0183461
4.44844e+08 0.0183461
4.44844e+08 0.0183461
4.449e+08 0.0183181
4.449e+08 0.0183181
4.44911e+08 0.0183181
4.44922e+08 0.0183181
4.44967e+08 0.0182809
4.44967e+08 0.0182809
4.44978e+08 0.0182995
4.44978e+08 0.0182995
4.4499e+08 0.0182902
4.4499e+08 0.0187982
4.45001e+08 0.0187982
4.45012e+08 0.0187982
4.45034e+08 0.0188078
4.45057e+08 0.0188846
4.45057e+08 0.0189039
4.45068e+08 0.0189039
4.45079e+08 0.0188942
4.45079e+08 0.0188942
4.45135e+08 0.0188461
4.45146e+08 0.0188365
4.45157e+08 0.0188268
4.45169e+08 0.0188173
4.4518e+08 0.0188077
4.45526e+08 0.0191087
4.66022e+08 0.0183512
4.66022e+08 0.0183512
4.66033e+08 0.0183877
4.66941e+08 0.0183512
4.67042e+08 0.0183421
4.67042e+08 0.0183785
4.67042e+08 0.0183785
4.67053e+08 0.0183694
4.67131e+08 0.0183694
4.67355e+08 0.0183603
4.67366e+08 0.0183602
4.67377e+08 0.0183511
4.67455e+08 0.0182876
4.67467e+08 0.0183239
4.67467e+08 0.0183239
4.67489e+08 0.0183148
4.67511e+08 0.0183057
4.67534e+08 0.0183239
4.67534e+08 0.0183239
4.67534e+08 0.018333
4.67534e+08 0.018333
4.67534e+08 0.0183421
4.67534e+08 0.0183421
4.67534e+08 0.0188378
4.67545e+08 0.0188378
4.67556e+08 0.0188378
4.67579e+08 0.0188378
4.67579e+08 0.0188565
4.67601e+08 0.0188378
4.67623e+08 0.0188284
4.67646e+08 0.0188191
4.67646e+08 0.0188191
4.67702e+08 0.0188191
4.67732e+08 0.0188033
4.67745e+08 0.0188018
4.67777e+08 0.0187847
4.67788e+08 0.0187847
4.67949e+08 0.01894
4.89361e+08 0.0181962
4.89361e+08 0.0181962
4.89361e+08 0.018205
4.90179e+08 0.018275
4.90336e+08 0.0182311
4.90336e+08 0.0182311
4.90347e+08 0.0182223
4.90347e+08 0.0182311
4.90359e+08 0.0182837
4.90683e+08 0.0182049
4.9075e+08 0.0181614
4.9075e+08 0.0181701
4.9075e+08 0.0182311
4.90761e+08 0.0182311
4.90761e+08 0.0182311
4.90761e+08 0.0182486
4.90761e+08 0.0182661
4.90761e+08 0.0182837
4.90761e+08 0.0182837
4.90761e+08 0.0182837
4.90772e+08 0.0182749
4.90795e+08 0.0182573
4.90795e+08 0.0182573
4.90795e+08 0.0182573
4.90806e+08 0.0187288
4.90817e+08 0.0187288
4.90851e+08 0.0187108
4.90851e+08 0.0187288
4.90851e+08 0.0187288
4.90851e+08 0.0187468
4.90851e+08 0.0187649
4.90862e+08 0.0187739
4.90862e+08 0.0187739
4.90963e+08 0.0187378
4.90963e+08 0.0187621
4.90985e+08 0.0187546
4.90994e+08 0.018773
4.91032e+08 0.018751
4.91166e+08 0.0187729
5.13206e+08 0.018279
5.13206e+08 0.018279
5.13206e+08 0.018279
5.13924e+08 0.0183564
5.14069e+08 0.018365
5.14069e+08 0.018365
5.14069e+08 0.0183737
5.14092e+08 0.0183564
5.1417e+08 0.0183047
5.14528e+08 0.018279
5.14584e+08 0.0182875
5.14595e+08 0.018279
5.14606e+08 0.0182704
5.14606e+08 0.018279
5.14606e+08 0.018279
5.14606e+08 0.018279
5.14606e+08 0.018279
5.1464e+08 0.0182533
5.1464e+08 0.0182533
5.1464e+08 0.0182533
5.1464e+08 0.0182618
5.14651e+08 0.0182704
5.14651e+08 0.0182704
5.14651e+08 0.0182704
5.14651e+08 0.018279
5.14673e+08 0.0182704
5.14696e+08 0.0187213
5.14696e+08 0.0187476
5.14696e+08 0.0187476
5.14707e+08 0.0187388
5.1474e+08 0.0187125
5.14751e+08 0.0187038
5.14751e+08 0.0187126
5.14763e+08 0.0187038
5.14841e+08 0.0187213
5.14841e+08 0.0187213
5.14863e+08 0.0187213
5.14863e+08 0.0187283
5.14863e+08 0.0187585
5.15031e+08 0.018732
5.37566e+08 0.0183513
5.37566e+08 0.0183513
5.37577e+08 0.0183429
5.38161e+08 0.0184444
5.38351e+08 0.0184104
5.38351e+08 0.0184104
5.38351e+08 0.0184104
5.38351e+08 0.0184273
5.3844e+08 0.0184188
5.3872e+08 0.0184785
5.38888e+08 0.0183935
5.38888e+08 0.0184019
5.38899e+08 0.0184019
5.3891e+08 0.0183934
5.3891e+08 0.0183934
5.38921e+08 0.018385
5.38921e+08 0.018385
5.38921e+08 0.0184104
5.38921e+08 0.0184104
5.38921e+08 0.0184104
5.38921e+08 0.0184104
5.38955e+08 0.0183934
5.38955e+08 0.0183934
5.38955e+08 0.0183934
5.38955e+08 0.0183934
5.38966e+08 0.0184019
5.38977e+08 0.0184104
5.39e+08 0.0188533
5.39022e+08 0.018836
5.39022e+08 0.018836
5.39033e+08 0.018836
5.39033e+08 0.018862
5.39056e+08 0.0188533
5.39067e+08 0.0188446
5.39078e+08 0.0188446
5.39246e+08 0.0187756
5.39246e+08 0.0187756
5.39246e+08 0.0187928
5.39257e+08 0.0187842
5.39257e+08 0.0187842
5.39404e+08 0.0187997
5.62583e+08 0.0183159
5.62594e+08 0.0183078
5.62594e+08 0.0183159
5.63166e+08 0.0183241
5.63267e+08 0.0183898
5.63267e+08 0.0183898
5.63267e+08 0.0183898
5.63267e+08 0.0183898
5.63402e+08 0.0183569
5.63703e+08 0.0183405
5.63782e+08 0.0184064
5.63826e+08 0.0183734
5.63849e+08 0.0183652
5.63905e+08 0.0183323
5.63905e+08 0.0183323
5.63905e+08 0.0183405
5.63905e+08 0.0183405
5.63905e+08 0.0183405
5.63905e+08 0.0183405
5.63905e+08 0.0183405
5.63905e+08 0.0183405
5.63927e+08 0.0183487
5.63927e+08 0.0183487
5.63927e+08 0.0183487
5.63927e+08 0.0183487
5.63927e+08 0.0183569
5.63927e+08 0.0183651
5.63927e+08 0.0183816
5.63938e+08 0.0183899
5.6395e+08 0.0188299
5.63961e+08 0.0188215
5.63972e+08 0.0188215
5.63983e+08 0.0188131
5.63994e+08 0.0188215
5.64006e+08 0.0188215
5.64084e+08 0.0187711
5.64274e+08 0.0187543
5.64274e+08 0.0187543
5.64285e+08 0.0187459
5.64285e+08 0.0187543
5.64285e+08 0.0187542
5.64431e+08 0.0187559
5.88189e+08 0.0183313
5.88211e+08 0.0183233
5.88245e+08 0.0182993
5.88728e+08 0.0183633
5.88773e+08 0.0184035
5.88773e+08 0.0184035
5.88773e+08 0.0184035
5.88773e+08 0.0184035
5.88896e+08 0.0184116
5.89175e+08 0.0184277
5.89231e+08 0.0184439
5.8932e+08 0.0184116
5.89376e+08 0.0183874
5.89444e+08 0.0183794
5.89455e+08 0.0183713
5.89455e+08 0.0183713
5.89455e+08 0.0183713
5.89466e+08 0.0183633
5.89466e+08 0.0183633
5.89466e+08 0.0183633
5.89466e+08 0.0183633
5.89466e+08 0.0183794
5.89477e+08 0.0183713
5.89477e+08 0.0183713
5.89477e+08 0.0183713
5.89477e+08 0.0183713
5.89477e+08 0.0183713
5.89488e+08 0.0183633
5.89488e+08 0.0183713
5.895e+08 0.0183713
5.895e+08 0.0188087
5.895e+08 0.018817
5.895e+08 0.0188252
5.89511e+08 0.0188252
5.89511e+08 0.0188334
5.89522e+08 0.0188334
5.89556e+08 0.0188665
5.89846e+08 0.0187923
5.89857e+08 0.0187841
5.89857e+08 0.0187923
5.89857e+08 0.0187923
5.8988e+08 0.0187759
5.90003e+08 0.0187923
6.14395e+08 0.0183378
6.14417e+08 0.0183378
6.14417e+08 0.0183612
6.15527e+08 0.0179318
6.15527e+08 0.0179619
6.15527e+08 0.0179619
6.15527e+08 0.0179619
6.15527e+08 0.0179619
6.15527e+08 0.0180449
6.15527e+08 0.0182363
6.15527e+08 0.018275
6.15527e+08 0.0183374
6.15527e+08 0.0183766
6.15527e+08 0.0184238
6.15527e+08 0.0184317
6.15527e+08 0.0184317
6.15527e+08 0.0184317
6.15527e+08 0.0184396
6.15527e+08 0.0184396
6.15527e+08 0.0184396
6.15527e+08 0.0184396
6.15527e+08 0.0184396
6.15527e+08 0.0184476
6.15527e+08 0.0184476
6.15527e+08 0.0184476
6.15527e+08 0.0184476
6.15527e+08 0.0184476
6.15527e+08 0.0184554
6.15527e+08 0.0184554
6.15527e+08 0.0184634
6.15527e+08 0.0184634
6.15527e+08 0.0184634
6.15527e+08 0.0188927
6.15527e+08 0.0188927
6.15527e+08 0.0189009
6.15527e+08 0.0189009
6.15528e+08 0.018909
6.15528e+08 0.0189334
6.15528e+08 0.0191476
6.15528e+08 0.019156
6.15528e+08 0.019156
6.15528e+08 0.019156
6.15528e+08 0.0191727
6.15628e+08 0.0191893
6.22464e+08 0.0609432
6.22475e+08 0.0610279
6.22486e+08 0.0609434
