4.78214e+06 0.00233724
8.30706e+06 0.00317053
8.30707e+06 0.00634105
9.58319e+06 0.0175152
9.63907e+06 0.0167805
1.18461e+07 0.00987725
1.18462e+07 0.0148158
1.18462e+07 0.0151909
1.45298e+07 0.0124931
1.45298e+07 0.0124931
1.45522e+07 0.0165199
1.46751e+07 0.0158019
1.7806e+07 0.0136449
1.78061e+07 0.0136449
1.78396e+07 0.0135984
1.78396e+07 0.0141268
1.78396e+07 0.0176584
2.13063e+07 0.0159643
2.13063e+07 0.0159643
2.1351e+07 0.0159135
2.1351e+07 0.0159135
2.1351e+07 0.0159135
2.13846e+07 0.0189156
2.52986e+07 0.0167962
2.52986e+07 0.0167962
2.53098e+07 0.0169385
2.53433e+07 0.0167962
2.5388e+07 0.0166102
2.54104e+07 0.0166563
2.54104e+07 0.0194323
2.96264e+07 0.0180764
2.96264e+07 0.0180764
2.96264e+07 0.0181232
2.96264e+07 0.0182651
2.96824e+07 0.0182173
2.97383e+07 0.0180759
2.97383e+07 0.0180759
3.42562e+07 0.0168975
3.42562e+07 0.0193114
3.43903e+07 0.0187676
3.43903e+07 0.0187676
3.43903e+07 0.0187676
3.4558e+07 0.0183376
3.46363e+07 0.0182537
3.46363e+07 0.0182537
3.97245e+07 0.01635
3.97245e+07 0.01635
3.97357e+07 0.0183562
3.97357e+07 0.0188169
3.9758e+07 0.0187385
3.9758e+07 0.0187385
3.98698e+07 0.0189357
4.00824e+07 0.018469
4.00936e+07 0.0184312
4.57297e+07 0.0167492
4.57968e+07 0.0165642
4.5808e+07 0.0165642
4.5808e+07 0.0165642
4.58304e+07 0.0183371
4.58974e+07 0.0182035
4.58974e+07 0.0182035
4.58974e+07 0.018541
4.61324e+07 0.0184726
4.62219e+07 0.0182365
5.22493e+07 0.0171418
5.22493e+07 0.01732
5.23723e+07 0.0170251
5.23947e+07 0.0169673
5.2473e+07 0.0168245
5.25289e+07 0.0183525
5.25624e+07 0.0184449
5.26071e+07 0.018322
5.26071e+07 0.018322
5.27638e+07 0.018538
5.28533e+07 0.018538
5.94847e+07 0.0169908
5.94847e+07 0.0169908
5.95518e+07 0.0171231
5.95966e+07 0.0170699
5.97419e+07 0.0169124
5.97754e+07 0.0169646
5.97754e+07 0.0170434
5.97754e+07 0.0185928
5.98202e+07 0.0185927
5.98202e+07 0.0185927
5.99433e+07 0.0186796
6.00217e+07 0.0187087
6.72792e+07 0.0172057
6.72793e+07 0.0172057
6.73911e+07 0.0171075
6.74358e+07 0.0171076
6.74917e+07 0.017305
6.74917e+07 0.0173802
6.74917e+07 0.0173802
6.74917e+07 0.0173802
6.74917e+07 0.0188285
6.76035e+07 0.0186663
6.76147e+07 0.0186395
6.77602e+07 0.0185862
6.79391e+07 0.0183502
7.56442e+07 0.0173685
7.56665e+07 0.0173222
7.57336e+07 0.0174151
7.57672e+07 0.0174385
7.57672e+07 0.0175562
7.58007e+07 0.0174854
7.58007e+07 0.0174854
7.58007e+07 0.0174854
7.58007e+07 0.0174854
7.58008e+07 0.0188304
7.59908e+07 0.0186547
7.59908e+07 0.0186796
7.61587e+07 0.0186298
7.62258e+07 0.0188811
8.40988e+07 0.0185061
8.41659e+07 0.0184087
8.46242e+07 0.0175987
8.46242e+07 0.0176653
8.46689e+07 0.0175766
8.47248e+07 0.0175325
8.47807e+07 0.0174234
8.47919e+07 0.0174017
8.47919e+07 0.0174017
8.47919e+07 0.0174017
8.49708e+07 0.0174233
8.4982e+07 0.0186446
8.49932e+07 0.0186215
8.50828e+07 0.0187849
8.51499e+07 0.0187848
9.34703e+07 0.017888
9.34703e+07 0.0180169
9.41075e+07 0.0176771
9.41075e+07 0.0176771
9.42193e+07 0.0175531
9.42528e+07 0.0175942
9.42864e+07 0.0176356
9.42864e+07 0.0176564
9.43087e+07 0.0176149
9.43087e+07 0.0176149
9.44876e+07 0.017615
9.451e+07 0.0175943
9.451e+07 0.0187672
9.45213e+07 0.0187671
9.46332e+07 0.0187231
9.46669e+07 0.018789
1.03435e+08 0.0179456
1.03435e+08 0.0179456
1.04228e+08 0.0176681
1.04273e+08 0.0175904
1.04273e+08 0.0177859
1.04362e+08 0.0176876
1.04407e+08 0.0176681
1.04407e+08 0.0176681
1.04407e+08 0.0177072
1.04407e+08 0.0177072
1.04519e+08 0.0178256
1.04519e+08 0.0178654
1.0462e+08 0.0176876
1.04642e+08 0.0176682
1.04642e+08 0.0187724
1.04776e+08 0.0187308
1.04855e+08 0.0186487
1.14181e+08 0.0176786
1.14181e+08 0.0176786
1.14852e+08 0.0178832
1.14964e+08 0.0177709
1.14975e+08 0.0177523
1.1502e+08 0.0178268
1.1502e+08 0.0179019
1.15076e+08 0.0178081
1.15076e+08 0.0178081
1.15076e+08 0.0178081
1.15199e+08 0.0177895
1.15221e+08 0.0177524
1.15221e+08 0.0179208
1.15244e+08 0.0179208
1.15277e+08 0.0178643
1.15277e+08 0.0189152
1.1549e+08 0.0187769
1.15602e+08 0.0187183
1.25309e+08 0.0180785
1.25365e+08 0.0179882
1.26013e+08 0.0180242
1.26158e+08 0.0179703
1.26225e+08 0.017881
1.26225e+08 0.0179524
1.26225e+08 0.0179524
1.26315e+08 0.0178988
1.26315e+08 0.0178988
1.26315e+08 0.0178988
1.26348e+08 0.0180423
1.26438e+08 0.0179345
1.26483e+08 0.0178633
1.2655e+08 0.0177926
1.2655e+08 0.0178455
1.2655e+08 0.0178455
1.26841e+08 0.0177225
1.26841e+08 0.018707
1.27042e+08 0.0185608
1.3714e+08 0.0179468
1.37185e+08 0.0179637
1.37454e+08 0.0185605
1.37688e+08 0.0184166
1.37957e+08 0.0181008
1.37979e+08 0.0180663
1.38046e+08 0.0179638
1.3808e+08 0.0180491
1.3808e+08 0.0180491
1.38091e+08 0.0180319
1.3818e+08 0.0179467
1.38203e+08 0.018049
1.38203e+08 0.0181179
1.38203e+08 0.0182222
1.38236e+08 0.0181699
1.38236e+08 0.0181699
1.38751e+08 0.0178287
1.38751e+08 0.0178287
1.38751e+08 0.0187671
1.39008e+08 0.0186795
1.49565e+08 0.0179901
1.49643e+08 0.0179417
1.49912e+08 0.0179416
1.50359e+08 0.0176409
1.50392e+08 0.0179738
1.50392e+08 0.0180062
1.50448e+08 0.0180225
1.50471e+08 0.0180387
1.50471e+08 0.0180387
1.50538e+08 0.0179578
1.5056e+08 0.0180551
1.5056e+08 0.0180878
1.5056e+08 0.0180878
1.5056e+08 0.0180878
1.5056e+08 0.018137
1.50627e+08 0.0180388
1.5122e+08 0.0179254
1.51265e+08 0.0178614
1.51276e+08 0.0178455
1.51623e+08 0.0177191
1.51779e+08 0.018377
1.62549e+08 0.0180761
1.62549e+08 0.0181857
1.62951e+08 0.0179987
1.6313e+08 0.0183767
1.63342e+08 0.0181229
1.63342e+08 0.0181229
1.63398e+08 0.0181229
1.63499e+08 0.0180141
1.63499e+08 0.018014
1.63499e+08 0.0181072
1.63499e+08 0.0181385
1.63499e+08 0.0181385
1.63499e+08 0.0181385
1.63532e+08 0.0180916
1.63532e+08 0.0180916
1.63566e+08 0.0181385
1.64282e+08 0.0179677
1.64282e+08 0.0180294
1.64282e+08 0.0180449
1.6455e+08 0.0181541
1.64807e+08 0.0180139
1.64841e+08 0.0188233
1.75723e+08 0.0186633
1.75834e+08 0.0185063
1.76259e+08 0.0184752
1.76315e+08 0.0186475
1.7636e+08 0.0188877
1.7636e+08 0.0188877
1.76449e+08 0.0188392
1.76472e+08 0.0189528
1.76505e+08 0.018904
1.76561e+08 0.0188231
1.76595e+08 0.0187749
1.76617e+08 0.0187429
1.76617e+08 0.0187429
1.76684e+08 0.0186951
1.76684e+08 0.0186951
1.76718e+08 0.0186951
1.77489e+08 0.018616
1.77489e+08 0.018616
1.77523e+08 0.0185688
1.77903e+08 0.0184134
1.78082e+08 0.0185219
1.78283e+08 0.018291
1.89489e+08 0.0178601
1.89489e+08 0.0186719
1.8959e+08 0.0186871
1.89791e+08 0.0189958
1.89791e+08 0.0190746
1.89791e+08 0.0191381
1.89791e+08 0.0191381
1.89791e+08 0.0192663
1.89847e+08 0.019218
1.89869e+08 0.0192341
1.89981e+08 0.019154
1.90026e+08 0.0191381
1.90059e+08 0.0191222
1.90059e+08 0.0191222
1.90093e+08 0.01917
1.9016e+08 0.0190746
1.90327e+08 0.0188866
1.91357e+08 0.0185364
1.91357e+08 0.0185364
1.9139e+08 0.0185364
1.91915e+08 0.0183442
1.91982e+08 0.0184917
1.9205e+08 0.0186718
2.03736e+08 0.0180416
2.03736e+08 0.0180416
2.03736e+08 0.0188261
2.03792e+08 0.0188853
2.03915e+08 0.0189899
2.03938e+08 0.0189599
2.0396e+08 0.01893
2.03993e+08 0.0188853
2.04016e+08 0.0188556
2.04139e+08 0.0187671
2.04139e+08 0.0187965
2.04139e+08 0.0189449
2.04139e+08 0.0190049
2.04284e+08 0.0188556
2.04284e+08 0.0188556
2.04474e+08 0.0186504
2.04474e+08 0.0187377
2.04564e+08 0.0188407
2.05816e+08 0.0185495
2.05861e+08 0.0184923
2.05906e+08 0.018478
2.06532e+08 0.0183509
2.06543e+08 0.0184213
2.06632e+08 0.0183931
2.18531e+08 0.0181288
2.18543e+08 0.0181151
2.18543e+08 0.0181151
2.18621e+08 0.0180878
2.18621e+08 0.0188415
2.18789e+08 0.0187847
2.18822e+08 0.0187706
2.18845e+08 0.0187706
2.18912e+08 0.0187284
2.18934e+08 0.0187284
2.19013e+08 0.0187846
2.19013e+08 0.0187846
2.19035e+08 0.0187565
2.19035e+08 0.0187565
2.19091e+08 0.0188697
2.19091e+08 0.0188697
2.19136e+08 0.0190568
2.19136e+08 0.0190568
2.19203e+08 0.0190859
2.21159e+08 0.01821
2.21159e+08 0.0182632
2.21226e+08 0.0182365
2.21606e+08 0.018534
2.21629e+08 0.0185203
2.21875e+08 0.0183301
2.33942e+08 0.0181304
2.33998e+08 0.0180779
2.33998e+08 0.0180779
2.33998e+08 0.01817
2.33998e+08 0.01817
2.34009e+08 0.018883
2.34199e+08 0.0188555
2.34289e+08 0.0187874
2.34289e+08 0.0188146
2.34333e+08 0.0188419
2.34367e+08 0.0188283
2.34389e+08 0.0188967
2.34401e+08 0.018883
2.34423e+08 0.0188829
2.34423e+08 0.0188829
2.34423e+08 0.0189518
2.34423e+08 0.0189518
2.34501e+08 0.0189104
2.34557e+08 0.0188419
2.34714e+08 0.0187333
2.36916e+08 0.0184409
2.36916e+08 0.0184409
2.36983e+08 0.0184409
2.3724e+08 0.0185859
2.37285e+08 0.0185594
2.37621e+08 0.018454
2.49967e+08 0.0181319
2.50001e+08 0.0181572
2.50001e+08 0.0181572
2.50046e+08 0.0181066
2.50046e+08 0.0181066
2.50057e+08 0.0181066
2.50225e+08 0.0181319
2.50225e+08 0.0188293
2.50225e+08 0.0189349
2.50225e+08 0.0189349
2.50225e+08 0.0189882
2.50292e+08 0.0189482
2.50415e+08 0.0188292
2.50437e+08 0.0188161
2.50448e+08 0.0188293
2.50448e+08 0.0188293
2.50449e+08 0.0188293
2.50449e+08 0.0188293
2.50471e+08 0.0188952
2.50493e+08 0.0189349
2.50683e+08 0.0188951
2.53188e+08 0.0185447
2.53188e+08 0.0185447
2.53232e+08 0.0185702
2.53534e+08 0.0185192
2.53646e+08 0.0184433
2.54071e+08 0.0183431
2.66574e+08 0.0181699
2.66608e+08 0.0181699
2.66608e+08 0.0181699
2.6663e+08 0.0181944
2.6663e+08 0.0181944
2.6663e+08 0.0182067
2.66709e+08 0.0183054
2.66709e+08 0.0183054
2.66709e+08 0.0189834
2.66731e+08 0.0189577
2.66731e+08 0.0189577
2.66754e+08 0.0189321
2.66843e+08 0.0189065
2.66921e+08 0.0189577
2.66944e+08 0.0189577
2.66977e+08 0.018932
2.67044e+08 0.0188555
2.67067e+08 0.0188302
2.67067e+08 0.0188302
2.671e+08 0.0188174
2.67112e+08 0.0188301
2.67313e+08 0.0188175
2.70063e+08 0.0185433
2.70153e+08 0.0184456
2.70197e+08 0.0184455
2.70499e+08 0.0184455
2.70533e+08 0.018531
2.70969e+08 0.0185188
2.83763e+08 0.0182053
2.8383e+08 0.0181699
2.8383e+08 0.0181699
2.8383e+08 0.0181935
2.8383e+08 0.0181935
2.8383e+08 0.0181935
2.8392e+08 0.0181817
2.8392e+08 0.0181817
2.83931e+08 0.0181699
2.83931e+08 0.0181935
2.83931e+08 0.0188433
2.83942e+08 0.018831
2.83942e+08 0.0188555
2.83953e+08 0.0189418
2.84009e+08 0.0189665
2.84009e+08 0.0189914
2.84166e+08 0.0188555
2.84211e+08 0.01888
2.84233e+08 0.01888
2.84233e+08 0.01888
2.8439e+08 0.0187458
2.8439e+08 0.018758
2.8439e+08 0.0189789
2.87486e+08 0.0186015
2.87542e+08 0.0186374
2.87654e+08 0.0185658
2.87911e+08 0.0186134
2.87945e+08 0.0186134
2.88381e+08 0.0186134
3.01544e+08 0.018227
3.01611e+08 0.018227
3.01612e+08 0.018227
3.01623e+08 0.0182155
3.01645e+08 0.0181927
3.01645e+08 0.0181927
3.01723e+08 0.0182042
3.01723e+08 0.0182042
3.01724e+08 0.0182156
3.01724e+08 0.0182156
3.01724e+08 0.0182156
3.01735e+08 0.0188319
3.01746e+08 0.0188318
3.01746e+08 0.0188318
3.01746e+08 0.0188437
3.01791e+08 0.0188555
3.01847e+08 0.0187964
3.01903e+08 0.0189031
3.0197e+08 0.0188793
3.02048e+08 0.01882
3.02082e+08 0.0187847
3.02193e+08 0.0188318
3.02193e+08 0.0188318
3.02193e+08 0.0188318
3.05547e+08 0.0185638
3.05547e+08 0.0186214
3.05614e+08 0.0186677
3.05883e+08 0.0186561
3.05883e+08 0.018691
3.06374e+08 0.018633
3.19941e+08 0.0182251
3.19986e+08 0.0182473
3.19997e+08 0.0182361
3.20019e+08 0.0182251
3.20019e+08 0.0182473
3.2003e+08 0.0182362
3.20086e+08 0.0182584
3.20098e+08 0.0182473
3.20109e+08 0.0182362
3.2012e+08 0.0182251
3.2012e+08 0.0182251
3.2012e+08 0.0182362
3.20131e+08 0.0182362
3.20131e+08 0.018844
3.20131e+08 0.018844
3.20131e+08 0.018844
3.20154e+08 0.018867
3.20198e+08 0.0188784
3.20321e+08 0.0188097
3.20344e+08 0.0188555
3.20511e+08 0.0187642
3.20511e+08 0.0187983
3.20567e+08 0.0188555
3.20567e+08 0.0188555
3.20579e+08 0.018844
3.24078e+08 0.0186963
3.24134e+08 0.0186401
3.24301e+08 0.0185397
3.24435e+08 0.0186737
3.24514e+08 0.0185953
3.24905e+08 0.0186963
3.38919e+08 0.0182555
3.38963e+08 0.0182555
3.38975e+08 0.0182555
3.38986e+08 0.0182663
3.38986e+08 0.0182663
3.38986e+08 0.0182771
3.39064e+08 0.0182555
3.39075e+08 0.0182555
3.39098e+08 0.0182448
3.39098e+08 0.0182555
3.39098e+08 0.0182555
3.39109e+08 0.0182447
3.39109e+08 0.0182555
3.39109e+08 0.0182555
3.39109e+08 0.0188444
3.3912e+08 0.0188333
3.3912e+08 0.0188333
3.39154e+08 0.0188222
3.39199e+08 0.0188222
3.39299e+08 0.0188444
3.39322e+08 0.0188444
3.39433e+08 0.0189001
3.39501e+08 0.0188333
3.39545e+08 0.0188444
3.39568e+08 0.0188222
3.39612e+08 0.018789
3.43123e+08 0.018778
3.43335e+08 0.018625
3.4348e+08 0.0186467
3.43603e+08 0.0186576
3.43715e+08 0.018625
3.44241e+08 0.0184958
3.58512e+08 0.0182528
3.58512e+08 0.0182946
3.58512e+08 0.0183051
3.58512e+08 0.0183156
3.58512e+08 0.0183156
3.58512e+08 0.0183156
3.58635e+08 0.0182737
3.58646e+08 0.0182737
3.58657e+08 0.0182841
3.58669e+08 0.0182737
3.58669e+08 0.0182737
3.5868e+08 0.0182737
3.58691e+08 0.0182633
3.58691e+08 0.0182633
3.58691e+08 0.0182633
3.58691e+08 0.0182737
3.58713e+08 0.0188232
3.58713e+08 0.0188232
3.58713e+08 0.0188555
3.58803e+08 0.0188125
3.58859e+08 0.0188555
3.5887e+08 0.0188663
3.58971e+08 0.0188771
3.59082e+08 0.018834
3.59138e+08 0.0188232
3.59138e+08 0.0188447
3.59161e+08 0.0188662
3.63107e+08 0.0184548
3.63263e+08 0.0185065
3.63375e+08 0.0185377
3.63409e+08 0.0186214
3.63532e+08 0.0186109
3.64057e+08 0.0186109
3.78552e+08 0.018403
3.78575e+08 0.0183825
3.7863e+08 0.0183314
3.7863e+08 0.0183314
3.7863e+08 0.0183314
3.78664e+08 0.0183009
3.78787e+08 0.0183009
3.78787e+08 0.0183111
3.78809e+08 0.0183009
3.78832e+08 0.0182908
3.78832e+08 0.0182908
3.78843e+08 0.0182908
3.78877e+08 0.0182705
3.78877e+08 0.0182705
3.78877e+08 0.0182705
3.78899e+08 0.0182503
3.78899e+08 0.0182705
3.78899e+08 0.0188242
3.78899e+08 0.0188242
3.78899e+08 0.0188242
3.78966e+08 0.018845
3.79045e+08 0.0188242
3.79056e+08 0.0188242
3.79112e+08 0.0188659
3.79201e+08 0.0188869
3.79302e+08 0.018845
3.79313e+08 0.0188345
3.79335e+08 0.0188345
3.83404e+08 0.0187205
3.83539e+08 0.0187412
3.83762e+08 0.0186384
3.83963e+08 0.0184864
3.84086e+08 0.0184864
3.84489e+08 0.0185976
3.99263e+08 0.0183465
3.99263e+08 0.0183663
3.99275e+08 0.0184061
3.99286e+08 0.0183961
3.99286e+08 0.0183961
3.99308e+08 0.018406
3.99543e+08 0.0183069
3.99543e+08 0.0183069
3.99543e+08 0.0183267
3.99599e+08 0.0182971
3.9961e+08 0.0182872
3.9961e+08 0.0182971
3.99633e+08 0.0183069
3.99644e+08 0.0182971
3.99644e+08 0.0182971
3.99655e+08 0.0183069
3.99666e+08 0.0182971
3.99666e+08 0.0182971
3.99666e+08 0.0182971
3.99666e+08 0.0188352
3.99678e+08 0.0188251
3.997e+08 0.0188657
3.99767e+08 0.0188759
3.99801e+08 0.0188555
3.99912e+08 0.0188048
3.9998e+08 0.0188251
4.00069e+08 0.0188351
4.0008e+08 0.0188351
4.00125e+08 0.0188148
4.04071e+08 0.0189269
4.04138e+08 0.0189885
4.04652e+08 0.0187244
4.04854e+08 0.0187244
4.051e+08 0.0186148
4.05379e+08 0.0187244
4.20579e+08 0.018351
4.20579e+08 0.018351
4.20601e+08 0.0183414
4.20601e+08 0.018351
4.20601e+08 0.018351
4.20601e+08 0.0183702
4.2087e+08 0.0183413
4.2087e+08 0.0183413
4.20881e+08 0.0183317
4.20937e+08 0.0183317
4.20959e+08 0.0183221
4.2097e+08 0.0183125
4.2097e+08 0.0183318
4.2097e+08 0.0183414
4.20982e+08 0.0183318
4.20993e+08 0.0183318
4.21004e+08 0.0183317
4.21004e+08 0.0183317
4.21015e+08 0.0183221
4.21015e+08 0.0183221
4.21015e+08 0.0188456
4.21015e+08 0.0188555
4.21082e+08 0.0188161
4.21127e+08 0.0188358
4.21149e+08 0.0188456
4.21261e+08 0.0188456
4.21362e+08 0.018816
4.21407e+08 0.0188555
4.21429e+08 0.0188456
4.21485e+08 0.0188357
4.25353e+08 0.018905
4.25677e+08 0.0186794
4.26146e+08 0.0187183
4.26281e+08 0.0187768
4.26773e+08 0.0185637
4.2684e+08 0.0187475
4.42498e+08 0.0183553
4.42498e+08 0.0183553
4.4252e+08 0.0183553
4.42531e+08 0.0183459
4.42531e+08 0.0183459
4.42531e+08 0.0183459
4.42822e+08 0.0183273
4.42833e+08 0.0183179
4.42878e+08 0.01829
4.42878e+08 0.0183365
4.42901e+08 0.0183366
4.42901e+08 0.0183459
4.42901e+08 0.0183459
4.42901e+08 0.0183459
4.42901e+08 0.0183553
4.42901e+08 0.0183646
4.42901e+08 0.0183741
4.42901e+08 0.0183741
4.42934e+08 0.0183553
4.42934e+08 0.0183553
4.42934e+08 0.0183553
4.42945e+08 0.0183459
4.42945e+08 0.0188555
4.43046e+08 0.0188267
4.43091e+08 0.0188267
4.43102e+08 0.0188363
4.43225e+08 0.0188268
4.43236e+08 0.0189038
4.4327e+08 0.0189134
4.43315e+08 0.018894
4.43404e+08 0.0188651
4.4716e+08 0.0189618
4.47406e+08 0.01903
4.48211e+08 0.0187409
4.48379e+08 0.0187124
4.48871e+08 0.0187124
4.49183e+08 0.0185065
4.65021e+08 0.0183593
4.65021e+08 0.0183593
4.65032e+08 0.0183684
4.65054e+08 0.0183593
4.65054e+08 0.0183593
4.65066e+08 0.0183502
4.65256e+08 0.0184325
4.65278e+08 0.0184233
4.65412e+08 0.0183502
4.65412e+08 0.0183502
4.65412e+08 0.0183685
4.65412e+08 0.0183685
4.65412e+08 0.0183685
4.65424e+08 0.0183593
4.65424e+08 0.0183593
4.65424e+08 0.0183593
4.65424e+08 0.0183593
4.65424e+08 0.0183593
4.65424e+08 0.0183867
4.65457e+08 0.0183593
4.65457e+08 0.0183593
4.65457e+08 0.0183684
4.65468e+08 0.0183593
4.65491e+08 0.0188368
4.65625e+08 0.0188088
4.65625e+08 0.0188462
4.65625e+08 0.0188556
4.65703e+08 0.018893
4.65726e+08 0.0188836
4.65782e+08 0.0188648
4.65827e+08 0.0188649
4.65905e+08 0.0188742
4.69784e+08 0.0187716
4.69907e+08 0.0188742
4.70958e+08 0.0186702
4.71069e+08 0.0187162
4.71651e+08 0.0186427
4.71952e+08 0.0186518
4.88125e+08 0.0183809
4.88137e+08 0.018372
4.88159e+08 0.0183632
4.88159e+08 0.018381
4.88159e+08 0.018381
4.88159e+08 0.0183899
4.8826e+08 0.0184614
4.88349e+08 0.0184077
4.88405e+08 0.0184703
4.88439e+08 0.0184434
4.88439e+08 0.0184434
4.88461e+08 0.0184255
4.88461e+08 0.0184255
4.88472e+08 0.0184255
4.88483e+08 0.0184166
4.88506e+08 0.0183988
4.88506e+08 0.0183988
4.88506e+08 0.0183988
4.88528e+08 0.018381
4.88528e+08 0.0184077
4.88539e+08 0.0183988
4.88562e+08 0.0183809
4.88573e+08 0.0183809
4.88629e+08 0.0183543
4.88629e+08 0.0188373
4.88741e+08 0.0188555
4.88741e+08 0.0188555
4.88741e+08 0.0188555
4.88819e+08 0.0188555
4.88864e+08 0.0188372
4.88909e+08 0.0188464
4.88909e+08 0.0188829
4.89066e+08 0.0188191
4.92888e+08 0.0188646
4.93011e+08 0.0188646
4.94241e+08 0.0187197
4.94364e+08 0.0187107
4.95102e+08 0.0185859
4.95325e+08 0.0186481
5.11834e+08 0.0183842
5.11856e+08 0.0183755
5.11856e+08 0.0183928
5.11856e+08 0.0183928
5.11867e+08 0.0183842
5.11867e+08 0.0183842
5.11968e+08 0.0183841
5.12013e+08 0.0184189
5.12058e+08 0.0184276
5.12125e+08 0.0184015
5.12125e+08 0.0184015
5.12136e+08 0.0184102
5.12136e+08 0.0184102
5.12136e+08 0.0184189
5.12136e+08 0.0184276
5.12136e+08 0.018445
5.1217e+08 0.0184189
5.1217e+08 0.0184189
5.1217e+08 0.0184363
5.1217e+08 0.0184363
5.1217e+08 0.018445
5.12181e+08 0.0184537
5.12203e+08 0.018445
5.12248e+08 0.0184537
5.1227e+08 0.0184363
5.12449e+08 0.0183841
5.12449e+08 0.0188555
5.12449e+08 0.0188555
5.12449e+08 0.0188555
5.12572e+08 0.01882
5.12628e+08 0.0188111
5.12629e+08 0.0188465
5.12629e+08 0.0188465
5.12819e+08 0.01882
5.1663e+08 0.0188288
5.16686e+08 0.0188822
5.18162e+08 0.0186881
5.18318e+08 0.0186619
5.19056e+08 0.0186619
5.19134e+08 0.0187758
5.36168e+08 0.0183703
5.36168e+08 0.0183872
5.36168e+08 0.0183872
5.36168e+08 0.0183872
5.36169e+08 0.0183956
5.36169e+08 0.0183956
5.36202e+08 0.0184465
5.36303e+08 0.0184041
5.36336e+08 0.0184126
5.36348e+08 0.0184551
5.36348e+08 0.0184551
5.36359e+08 0.0184551
5.36359e+08 0.0184551
5.36359e+08 0.0184551
5.3637e+08 0.0184465
5.3637e+08 0.0184465
5.36404e+08 0.0184465
5.36404e+08 0.0184465
5.36404e+08 0.0184465
5.36415e+08 0.018438
5.36415e+08 0.018438
5.36415e+08 0.0184465
5.36527e+08 0.0183787
5.36527e+08 0.0184125
5.3656e+08 0.0184041
5.36706e+08 0.0184294
5.36706e+08 0.0184294
5.36706e+08 0.0188902
5.36739e+08 0.0188641
5.36739e+08 0.0188641
5.36829e+08 0.0188902
5.36941e+08 0.0188468
5.36941e+08 0.0188468
5.36986e+08 0.0188122
5.37243e+08 0.0187605
5.41032e+08 0.0187777
5.41088e+08 0.0187777
5.42385e+08 0.0189164
5.42765e+08 0.0187434
5.43536e+08 0.0187177
5.43648e+08 0.0186921
5.61062e+08 0.0184066
5.61062e+08 0.0184066
5.61062e+08 0.0184066
5.61062e+08 0.0184066
5.61062e+08 0.0184066
5.61062e+08 0.0184066
5.61085e+08 0.0184148
5.61197e+08 0.0184065
5.61219e+08 0.0184148
5.6123e+08 0.0184148
5.6123e+08 0.0184148
5.6123e+08 0.0184231
5.6123e+08 0.0184231
5.6123e+08 0.0184231
5.61264e+08 0.0184065
5.61264e+08 0.0184065
5.61309e+08 0.0183983
5.61309e+08 0.0183983
5.61309e+08 0.0183983
5.61331e+08 0.01839
5.61331e+08 0.01839
5.61331e+08 0.01839
5.61387e+08 0.0184314
5.61387e+08 0.0184314
5.61421e+08 0.0184314
5.61521e+08 0.0184647
5.61521e+08 0.0184647
5.61521e+08 0.0184647
5.61521e+08 0.0184896
5.61566e+08 0.0189065
5.61566e+08 0.0189065
5.617e+08 0.0188724
5.61779e+08 0.0188979
5.61812e+08 0.0188725
5.61812e+08 0.0189065
5.62159e+08 0.0188385
5.66004e+08 0.0187964
5.66049e+08 0.0188048
5.67178e+08 0.018932
5.67726e+08 0.0188048
5.6871e+08 0.0186462
5.6871e+08 0.0187293
5.86526e+08 0.0184332
5.86526e+08 0.0184332
5.86527e+08 0.0184332
5.86527e+08 0.0184332
5.86549e+08 0.018417
5.86549e+08 0.018417
5.86605e+08 0.0183928
5.86717e+08 0.0183928
5.86717e+08 0.0184089
5.86717e+08 0.018417
5.86717e+08 0.018417
5.86717e+08 0.018417
5.86717e+08 0.018417
5.86717e+08 0.018417
5.86751e+08 0.018417
5.86762e+08 0.0184089
5.86784e+08 0.0184251
5.86784e+08 0.0184251
5.86784e+08 0.0184251
5.86784e+08 0.0184413
5.86807e+08 0.0184251
5.86807e+08 0.0184251
5.8684e+08 0.0184412
5.86885e+08 0.0184089
5.86907e+08 0.018417
5.8693e+08 0.0184737
5.86952e+08 0.0184574
5.86952e+08 0.0184574
5.86952e+08 0.0184574
5.87019e+08 0.0184412
5.87019e+08 0.0188803
5.87019e+08 0.0188803
5.87098e+08 0.0189219
5.87254e+08 0.0188638
5.87277e+08 0.018872
5.87277e+08 0.018872
5.87646e+08 0.0188554
5.91558e+08 0.018806
5.91636e+08 0.0187813
5.92229e+08 0.0191835
5.93347e+08 0.0187568
5.94297e+08 0.0187813
5.9433e+08 0.0187567
6.1236e+08 0.0186023
6.1236e+08 0.0186023
6.1236e+08 0.0186023
6.12371e+08 0.0185943
6.12472e+08 0.0185382
6.12483e+08 0.0185302
6.12539e+08 0.0185302
6.12584e+08 0.0185783
6.12584e+08 0.0185783
6.12584e+08 0.0185783
6.12595e+08 0.0185703
6.12595e+08 0.0185703
6.12595e+08 0.0185703
6.12595e+08 0.0185703
6.12595e+08 0.0185944
6.12595e+08 0.0186025
6.12595e+08 0.0186186
6.12595e+08 0.0186186
6.12595e+08 0.0186185
6.12595e+08 0.0186185
6.12595e+08 0.0186347
6.12595e+08 0.0186347
6.12595e+08 0.018659
6.12595e+08 0.0186915
6.12595e+08 0.0187078
6.12595e+08 0.0187241
6.12595e+08 0.0187405
6.12595e+08 0.0187405
6.12595e+08 0.0187405
6.12595e+08 0.0187896
6.12595e+08 0.0187896
6.12595e+08 0.0187896
6.12595e+08 0.0192266
6.12595e+08 0.0192856
6.12595e+08 0.0194049
6.12595e+08 0.0194221
6.12595e+08 0.0194221
6.12629e+08 0.0196828
6.12909e+08 0.0230314
6.12943e+08 0.0230797
6.12943e+08 0.0237398
6.12976e+08 0.0250509
6.12976e+08 0.0263253
6.12976e+08 0.0263727
6.16404e+08 0.121582
6.16438e+08 0.120583
6.16472e+08 0.119598
