4.19955e+06 0.00266135
8.23796e+06 0.0027674
8.23798e+06 0.00553476
9.45321e+06 0.0183928
9.45325e+06 0.0183924
1.12158e+07 0.012681
1.12158e+07 0.0190214
1.12505e+07 0.0186554
1.36746e+07 0.0136357
1.36746e+07 0.0136358
1.36746e+07 0.018181
1.36746e+07 0.0184406
1.66045e+07 0.015258
1.66045e+07 0.015258
1.66045e+07 0.015258
1.66045e+07 0.0152579
1.66045e+07 0.0190722
2.01382e+07 0.0158133
2.01382e+07 0.0158133
2.01382e+07 0.0158133
2.01382e+07 0.0158133
2.01382e+07 0.0158134
2.01382e+07 0.018976
2.42534e+07 0.0162945
2.42758e+07 0.0162064
2.42758e+07 0.0162064
2.42981e+07 0.0161193
2.42981e+07 0.0161193
2.43317e+07 0.0159903
2.43317e+07 0.0186553
2.82124e+07 0.0197603
2.82124e+07 0.0198725
2.82236e+07 0.0198163
2.82348e+07 0.0198725
2.82459e+07 0.0198163
2.83689e+07 0.0193774
2.83913e+07 0.0192707
3.2842e+07 0.0168981
3.2842e+07 0.019312
3.2842e+07 0.019312
3.28532e+07 0.0193119
3.28532e+07 0.0193587
3.28532e+07 0.0194055
3.30768e+07 0.018991
3.31104e+07 0.0189459
3.8109e+07 0.0169748
3.81202e+07 0.0169388
3.81202e+07 0.0190561
3.81203e+07 0.0190561
3.81314e+07 0.0190561
3.81315e+07 0.0190561
3.81315e+07 0.0190562
3.83551e+07 0.019056
3.83998e+07 0.0190159
4.38793e+07 0.0174312
4.38793e+07 0.017465
4.38794e+07 0.0174649
4.38794e+07 0.0174649
4.39018e+07 0.0193303
4.39577e+07 0.019182
4.39577e+07 0.019182
4.39577e+07 0.019182
4.42484e+07 0.0189635
4.42484e+07 0.0191085
5.0287e+07 0.0174415
5.0287e+07 0.0174414
5.0287e+07 0.0174415
5.02983e+07 0.017411
5.03431e+07 0.0173503
5.03543e+07 0.0190523
5.03766e+07 0.0191518
5.0399e+07 0.0190853
5.04214e+07 0.0190193
5.07568e+07 0.0188886
5.07568e+07 0.0188886
5.72761e+07 0.0175893
5.72763e+07 0.0175889
5.72763e+07 0.0175889
5.72763e+07 0.0176172
5.731e+07 0.0176455
5.73436e+07 0.0175889
5.7366e+07 0.0175889
5.73883e+07 0.0191267
5.73883e+07 0.0191879
5.74107e+07 0.0191879
5.7735e+07 0.0192187
5.7735e+07 0.0192187
6.48917e+07 0.01761
6.48917e+07 0.0176103
6.48917e+07 0.0176104
6.48918e+07 0.0176104
6.49143e+07 0.0176363
6.49703e+07 0.0175842
6.49703e+07 0.0176359
6.50821e+07 0.017431
6.51156e+07 0.0188016
6.52609e+07 0.0184546
6.5261e+07 0.0185072
6.5507e+07 0.0186935
6.5507e+07 0.0186934
7.30663e+07 0.0177728
7.30775e+07 0.0177486
7.30776e+07 0.0177486
7.30776e+07 0.0177485
7.31338e+07 0.0176757
7.32345e+07 0.0175803
7.32345e+07 0.0175803
7.32568e+07 0.0177726
7.32568e+07 0.0178458
7.32569e+07 0.0192186
7.3268e+07 0.0195405
7.33463e+07 0.0193514
7.36818e+07 0.0191397
7.37489e+07 0.0189839
8.18226e+07 0.0178687
8.18226e+07 0.0178915
8.18226e+07 0.0178915
8.1845e+07 0.017846
8.20577e+07 0.017533
8.22254e+07 0.0174023
8.22365e+07 0.0173807
8.22366e+07 0.017424
8.22477e+07 0.0174023
8.22701e+07 0.0173591
8.22925e+07 0.0173375
8.23372e+07 0.0184843
8.23484e+07 0.018622
8.25945e+07 0.0188088
8.25946e+07 0.0189514
9.11268e+07 0.0180174
9.1138e+07 0.0179958
9.1138e+07 0.0179958
9.11939e+07 0.0179313
9.1619e+07 0.0175328
9.16303e+07 0.0178245
9.16638e+07 0.0177822
9.16638e+07 0.0177822
9.16974e+07 0.0177402
9.17086e+07 0.0177612
9.18092e+07 0.0176153
9.18427e+07 0.017636
9.18427e+07 0.0188117
9.18427e+07 0.0188338
9.191e+07 0.0191954
9.191e+07 0.0191954
1.01035e+08 0.0180473
1.01035e+08 0.0180677
1.01035e+08 0.0180677
1.01035e+08 0.0181703
1.01561e+08 0.0179865
1.01695e+08 0.0177668
1.01717e+08 0.0177864
1.01717e+08 0.0177864
1.01728e+08 0.0178261
1.0174e+08 0.017826
1.01751e+08 0.0179864
1.01773e+08 0.0180066
1.01796e+08 0.0179661
1.01818e+08 0.0179259
1.01874e+08 0.0189401
1.02008e+08 0.0188143
1.02008e+08 0.0188143
1.11424e+08 0.0182874
1.11424e+08 0.0182874
1.11424e+08 0.0182874
1.11424e+08 0.0182875
1.12207e+08 0.0178458
1.12207e+08 0.0180735
1.12341e+08 0.0178834
1.12352e+08 0.0178646
1.12397e+08 0.0178084
1.1243e+08 0.0177712
1.12431e+08 0.0177898
1.12431e+08 0.0178271
1.12442e+08 0.0178458
1.12442e+08 0.0178834
1.12509e+08 0.0178645
1.12509e+08 0.0189154
1.12632e+08 0.0189353
1.12632e+08 0.0189353
1.22585e+08 0.0180246
1.22585e+08 0.0180246
1.2264e+08 0.0179348
1.22708e+08 0.0178282
1.23502e+08 0.0178105
1.23502e+08 0.0178105
1.23546e+08 0.0179527
1.23602e+08 0.0178814
1.23625e+08 0.017917
1.23636e+08 0.0179527
1.23636e+08 0.0179527
1.23647e+08 0.0179348
1.23647e+08 0.0179527
1.23658e+08 0.0179348
1.23714e+08 0.0179526
1.23759e+08 0.0178812
1.2386e+08 0.0179169
1.2386e+08 0.0189122
1.2386e+08 0.0189122
1.34528e+08 0.0177791
1.34528e+08 0.0177791
1.34539e+08 0.0178459
1.34539e+08 0.017947
1.35311e+08 0.0179809
1.35367e+08 0.0178962
1.35434e+08 0.0178626
1.35434e+08 0.0179469
1.35434e+08 0.0179809
1.35434e+08 0.017998
1.35434e+08 0.017998
1.35434e+08 0.0180151
1.35445e+08 0.017998
1.35445e+08 0.0180151
1.35535e+08 0.0179639
1.35635e+08 0.0178793
1.35658e+08 0.017998
1.35658e+08 0.017998
1.35658e+08 0.0189452
1.35658e+08 0.0189452
1.46874e+08 0.0181043
1.46908e+08 0.0180553
1.46919e+08 0.0180553
1.46941e+08 0.0180228
1.47791e+08 0.0179098
1.47791e+08 0.0179903
1.47825e+08 0.018039
1.47836e+08 0.0180228
1.47836e+08 0.0180228
1.47836e+08 0.0180228
1.47836e+08 0.0180228
1.47858e+08 0.0179903
1.47869e+08 0.0179904
1.47869e+08 0.0179904
1.48015e+08 0.0179098
1.48048e+08 0.0180065
1.4806e+08 0.0180227
1.48105e+08 0.0179579
1.48127e+08 0.0179257
1.48149e+08 0.0178936
1.48149e+08 0.0187883
1.59902e+08 0.0180143
1.59902e+08 0.0180607
1.59902e+08 0.0180763
1.59902e+08 0.0181074
1.60775e+08 0.0180762
1.60797e+08 0.0180452
1.60819e+08 0.0180607
1.60819e+08 0.0180763
1.6083e+08 0.0180607
1.6092e+08 0.0179373
1.6092e+08 0.0179373
1.6092e+08 0.017968
1.6092e+08 0.0179834
1.60931e+08 0.017968
1.61021e+08 0.0180452
1.61032e+08 0.0180763
1.61077e+08 0.0180297
1.61166e+08 0.0179679
1.61189e+08 0.0179679
1.61211e+08 0.0179679
1.61211e+08 0.0179679
1.61222e+08 0.0188074
1.72841e+08 0.0190022
1.72908e+08 0.0189041
1.72908e+08 0.0189041
1.72908e+08 0.0189041
1.7358e+08 0.019201
1.7358e+08 0.0192346
1.7358e+08 0.0192683
1.73635e+08 0.0191843
1.73635e+08 0.019201
1.73714e+08 0.0192177
1.73837e+08 0.0190348
1.73926e+08 0.0189039
1.73926e+08 0.0189039
1.73926e+08 0.0189202
1.74049e+08 0.0188715
1.74061e+08 0.0188716
1.74128e+08 0.0188391
1.74273e+08 0.0187588
1.74273e+08 0.0187908
1.74273e+08 0.018823
1.74273e+08 0.018823
1.74273e+08 0.0188391
1.86485e+08 0.0180211
1.86485e+08 0.0188402
1.86485e+08 0.0189333
1.86485e+08 0.0189333
1.86485e+08 0.0189333
1.87413e+08 0.0185815
1.87458e+08 0.0185217
1.87458e+08 0.0185217
1.87469e+08 0.0185815
1.87491e+08 0.0185516
1.87569e+08 0.0185516
1.87569e+08 0.0187177
1.87581e+08 0.0188249
1.87581e+08 0.0188249
1.87592e+08 0.0188095
1.87682e+08 0.0188557
1.87682e+08 0.0188712
1.87905e+08 0.0186569
1.87995e+08 0.0187328
1.88006e+08 0.0187176
1.88006e+08 0.0187176
1.88006e+08 0.0187176
1.88006e+08 0.0187175
2.00631e+08 0.01817
2.00631e+08 0.01817
2.00631e+08 0.01896
2.00642e+08 0.018945
2.00665e+08 0.0189152
2.00687e+08 0.0188854
2.01772e+08 0.0186796
2.01772e+08 0.018738
2.01772e+08 0.018738
2.01772e+08 0.0187526
2.01772e+08 0.018782
2.01772e+08 0.0188854
2.01772e+08 0.0188854
2.01794e+08 0.0188706
2.01794e+08 0.0188706
2.01794e+08 0.0188854
2.01973e+08 0.0187673
2.01985e+08 0.0187526
2.02276e+08 0.0186651
2.02365e+08 0.0186651
2.02365e+08 0.0186796
2.02365e+08 0.0186796
2.02365e+08 0.0186796
2.02365e+08 0.0186796
2.15404e+08 0.0181563
2.15404e+08 0.0181563
2.15404e+08 0.0181563
2.1546e+08 0.0181015
2.1546e+08 0.0188557
2.1555e+08 0.0187707
2.15594e+08 0.0187425
2.16578e+08 0.01887
2.16578e+08 0.01887
2.16578e+08 0.01887
2.16578e+08 0.01887
2.16601e+08 0.0188416
2.16612e+08 0.0188274
2.16612e+08 0.0188274
2.16657e+08 0.0187991
2.16657e+08 0.0187991
2.16657e+08 0.0187991
2.16936e+08 0.0186727
2.1697e+08 0.0186448
2.17115e+08 0.0188273
2.17194e+08 0.0188415
2.17194e+08 0.0188415
2.17194e+08 0.0188415
2.17194e+08 0.0188415
2.17194e+08 0.0188415
2.30848e+08 0.0180911
2.30848e+08 0.0180911
2.30848e+08 0.0180911
2.30893e+08 0.0181043
2.30893e+08 0.0181043
2.30915e+08 0.0188011
2.30938e+08 0.0188831
2.31195e+08 0.0186261
2.32044e+08 0.0187876
2.32056e+08 0.0187741
2.32067e+08 0.0187605
2.321e+08 0.01872
2.32123e+08 0.01872
2.32145e+08 0.0187065
2.32145e+08 0.0187065
2.32179e+08 0.01872
2.32179e+08 0.01872
2.32212e+08 0.0186796
2.32447e+08 0.0187334
2.32447e+08 0.018774
2.32537e+08 0.018842
2.32582e+08 0.0188831
2.32582e+08 0.0188831
2.32582e+08 0.0188831
2.32582e+08 0.0188831
2.32582e+08 0.0188831
2.46784e+08 0.0182338
2.46806e+08 0.0182083
2.46873e+08 0.018132
2.46929e+08 0.0181194
2.46929e+08 0.0181194
2.47008e+08 0.0180565
2.47052e+08 0.0180314
2.47052e+08 0.0187249
2.47209e+08 0.0188425
2.4817e+08 0.018712
2.48182e+08 0.018712
2.48182e+08 0.018725
2.48182e+08 0.018764
2.48182e+08 0.0187901
2.48204e+08 0.0187901
2.48204e+08 0.0187901
2.48204e+08 0.0188295
2.48204e+08 0.0188295
2.48271e+08 0.0187901
2.48406e+08 0.0189086
2.48406e+08 0.0189086
2.48518e+08 0.018882
2.48563e+08 0.0188821
2.48563e+08 0.0188821
2.48563e+08 0.0188821
2.48563e+08 0.0188821
2.48563e+08 0.018882
2.6329e+08 0.0182808
2.63368e+08 0.0182191
2.63536e+08 0.0181091
2.63614e+08 0.0180849
2.63626e+08 0.0180728
2.63693e+08 0.0180849
2.63693e+08 0.0181335
2.63838e+08 0.0179765
2.63927e+08 0.0185435
2.64274e+08 0.0183371
2.648e+08 0.0188177
2.648e+08 0.0188304
2.648e+08 0.0188304
2.648e+08 0.0188304
2.648e+08 0.0188304
2.648e+08 0.0188557
2.64811e+08 0.018843
2.64811e+08 0.018843
2.64811e+08 0.018843
2.649e+08 0.0188177
2.65001e+08 0.0188557
2.65001e+08 0.0188557
2.65091e+08 0.0188812
2.65136e+08 0.018881
2.65136e+08 0.018881
2.65136e+08 0.0188811
2.65136e+08 0.0188811
2.65136e+08 0.0188811
2.80411e+08 0.0182769
2.80546e+08 0.0182174
2.80658e+08 0.0182768
2.80725e+08 0.0182888
2.80758e+08 0.0182649
2.81026e+08 0.0180529
2.81049e+08 0.0180297
2.81272e+08 0.0179487
2.81462e+08 0.0178458
2.81585e+08 0.0180763
2.81597e+08 0.0187098
2.81955e+08 0.0188926
2.81955e+08 0.0188926
2.81955e+08 0.0188926
2.81955e+08 0.0188926
2.81966e+08 0.0188803
2.81966e+08 0.0188803
2.81977e+08 0.0188803
2.81977e+08 0.0188803
2.81977e+08 0.0188803
2.82044e+08 0.0189049
2.82167e+08 0.0188802
2.82167e+08 0.0188802
2.82246e+08 0.0188926
2.82302e+08 0.0188802
2.82302e+08 0.0188802
2.82302e+08 0.0188802
2.82302e+08 0.0188802
2.82302e+08 0.0188803
2.98215e+08 0.0182043
2.98517e+08 0.0180345
2.98629e+08 0.0180345
2.98729e+08 0.0180009
2.98774e+08 0.0179897
2.98964e+08 0.0180682
2.99042e+08 0.0180121
2.99243e+08 0.0180345
2.99243e+08 0.0182272
2.99277e+08 0.0183193
2.99288e+08 0.0183193
2.99389e+08 0.0188439
2.99736e+08 0.0188557
2.99736e+08 0.0188557
2.99736e+08 0.0188557
2.99736e+08 0.0188557
2.99736e+08 0.0188676
2.99736e+08 0.0188676
2.99736e+08 0.0188795
2.99736e+08 0.0188795
2.99736e+08 0.0188795
2.99836e+08 0.0188439
2.99926e+08 0.0188794
2.99938e+08 0.0188675
3.00005e+08 0.0188794
3.00061e+08 0.0188794
3.00061e+08 0.0188794
3.00061e+08 0.0188794
3.00061e+08 0.0188794
3.00061e+08 0.0188794
3.16656e+08 0.0181811
3.16935e+08 0.0182031
3.17081e+08 0.01817
3.17181e+08 0.0181701
3.17327e+08 0.0180716
3.17561e+08 0.0180282
3.17561e+08 0.0181043
3.17561e+08 0.0183032
3.17561e+08 0.0183032
3.17561e+08 0.0183367
3.17561e+08 0.018348
3.17561e+08 0.0184495
3.18054e+08 0.0183031
3.18098e+08 0.0188672
3.18132e+08 0.0188328
3.18132e+08 0.0188328
3.18132e+08 0.0188328
3.18143e+08 0.0188214
3.18143e+08 0.0188214
3.18154e+08 0.0188099
3.18177e+08 0.0187871
3.18199e+08 0.0187643
3.18255e+08 0.0188099
3.18323e+08 0.0188328
3.18334e+08 0.0188327
3.18356e+08 0.0188786
3.18413e+08 0.0188786
3.18413e+08 0.0188786
3.18413e+08 0.0188786
3.18413e+08 0.0188786
3.18413e+08 0.0188786
3.35678e+08 0.0182128
3.35936e+08 0.0182342
3.36338e+08 0.0179908
3.3636e+08 0.0180642
3.3636e+08 0.0182021
3.36483e+08 0.0183096
3.36483e+08 0.0183096
3.36483e+08 0.0183096
3.36483e+08 0.0183096
3.36483e+08 0.0183096
3.36483e+08 0.0183096
3.36483e+08 0.0183096
3.36853e+08 0.0184294
3.36886e+08 0.0184403
3.36897e+08 0.0190238
3.3692e+08 0.0190351
3.3692e+08 0.0190351
3.3702e+08 0.0189338
3.3702e+08 0.018945
3.37043e+08 0.0189226
3.37076e+08 0.0189002
3.37143e+08 0.0188557
3.37222e+08 0.0188002
3.37222e+08 0.0188557
3.37289e+08 0.0188556
3.37289e+08 0.0188667
3.37312e+08 0.0188667
3.37357e+08 0.0188779
3.37357e+08 0.0188779
3.37357e+08 0.0188779
3.37357e+08 0.0188779
3.37357e+08 0.0188779
3.55126e+08 0.0183894
3.55785e+08 0.0180167
3.5583e+08 0.0183472
3.5583e+08 0.0183683
3.5583e+08 0.0183683
3.55841e+08 0.0184743
3.55853e+08 0.0184637
3.55942e+08 0.0183788
3.55942e+08 0.0183788
3.55987e+08 0.0183367
3.55987e+08 0.0183367
3.55987e+08 0.0183367
3.56445e+08 0.018253
3.56445e+08 0.0182843
3.56457e+08 0.0182843
3.56479e+08 0.0182843
3.5649e+08 0.0188449
3.5649e+08 0.0188449
3.56513e+08 0.0189205
3.56513e+08 0.0189205
3.56535e+08 0.0189205
3.56535e+08 0.0189531
3.56546e+08 0.0190077
3.56602e+08 0.0190296
3.56602e+08 0.0190296
3.56826e+08 0.0188772
3.56826e+08 0.0188772
3.56849e+08 0.0188772
3.56894e+08 0.0188772
3.56894e+08 0.0188772
3.56894e+08 0.0188772
3.56894e+08 0.0188772
3.56894e+08 0.0188772
3.75323e+08 0.0182605
3.75915e+08 0.0183215
3.75937e+08 0.0183418
3.7596e+08 0.0183214
3.7596e+08 0.0183214
3.7596e+08 0.0183316
3.75971e+08 0.0183316
3.75971e+08 0.0184134
3.75971e+08 0.0184134
3.75971e+08 0.0184546
3.75971e+08 0.0184546
3.75971e+08 0.0184546
3.76575e+08 0.0183215
3.76575e+08 0.0183215
3.76575e+08 0.0183316
3.76586e+08 0.0183418
3.76609e+08 0.0183316
3.76609e+08 0.0188871
3.76609e+08 0.0188871
3.7662e+08 0.0188976
3.76642e+08 0.0188766
3.76653e+08 0.0188871
3.76665e+08 0.0188765
3.76665e+08 0.0188871
3.76676e+08 0.0189292
3.76676e+08 0.0189292
3.76967e+08 0.018866
3.76967e+08 0.018866
3.76979e+08 0.0188766
3.77024e+08 0.0188766
3.77024e+08 0.0188766
3.77024e+08 0.0188766
3.77024e+08 0.0188766
3.77024e+08 0.0188766
3.96347e+08 0.0180735
3.96671e+08 0.0183071
3.96671e+08 0.0183268
3.96671e+08 0.0183466
3.96671e+08 0.0183466
3.96671e+08 0.0183466
3.96671e+08 0.0183565
3.96671e+08 0.0183565
3.96671e+08 0.0183565
3.96738e+08 0.0182972
3.96738e+08 0.0182972
3.96738e+08 0.0182972
3.97286e+08 0.0183466
3.97286e+08 0.0183466
3.97286e+08 0.0183467
3.97286e+08 0.0183566
3.97286e+08 0.0183764
3.97286e+08 0.0183764
3.97309e+08 0.0183565
3.97331e+08 0.018876
3.97331e+08 0.0188863
3.97331e+08 0.0189067
3.97342e+08 0.0189067
3.97365e+08 0.0188965
3.97365e+08 0.0188965
3.97365e+08 0.0189067
3.97376e+08 0.0188964
3.9769e+08 0.018876
3.9769e+08 0.0188759
3.97701e+08 0.018876
3.97735e+08 0.0188862
3.97746e+08 0.0188759
3.97746e+08 0.0188759
3.97746e+08 0.0188759
3.97746e+08 0.0188759
4.1793e+08 0.0181231
4.18008e+08 0.0183319
4.18008e+08 0.0183319
4.1802e+08 0.0183223
4.1802e+08 0.0183223
4.1802e+08 0.0183223
4.1802e+08 0.0183223
4.1802e+08 0.0183223
4.18031e+08 0.0183127
4.18109e+08 0.0183031
4.18109e+08 0.0183031
4.1812e+08 0.0182936
4.18557e+08 0.0183897
4.18557e+08 0.0183897
4.18568e+08 0.01838
4.18568e+08 0.01838
4.1859e+08 0.0183608
4.18624e+08 0.0183319
4.18646e+08 0.0183319
4.18646e+08 0.0183512
4.18646e+08 0.0188755
4.18657e+08 0.0188656
4.18657e+08 0.0188656
4.18657e+08 0.0188755
4.1868e+08 0.0188755
4.18691e+08 0.0188656
4.18691e+08 0.0188656
4.18691e+08 0.0188755
4.19005e+08 0.0188754
4.19005e+08 0.0188754
4.19016e+08 0.0188754
4.19061e+08 0.0188655
4.19061e+08 0.0188754
4.19061e+08 0.0188754
4.19061e+08 0.0188754
4.19061e+08 0.0188754
4.39916e+08 0.0182994
4.39961e+08 0.0183274
4.39961e+08 0.0183274
4.39972e+08 0.0183274
4.39972e+08 0.0183274
4.39972e+08 0.0183274
4.39972e+08 0.0183274
4.39972e+08 0.0183274
4.39972e+08 0.0183367
4.40017e+08 0.0183648
4.40017e+08 0.0183648
4.40017e+08 0.0183741
4.40543e+08 0.0182994
4.40543e+08 0.0182994
4.40587e+08 0.0182715
4.40598e+08 0.0182623
4.40598e+08 0.0182808
4.40599e+08 0.0183087
4.40599e+08 0.0183274
4.40599e+08 0.0183274
4.40599e+08 0.0183274
4.40599e+08 0.0183367
4.40599e+08 0.0188461
4.40599e+08 0.0188461
4.40599e+08 0.0188461
4.40599e+08 0.0188653
4.40599e+08 0.0188749
4.4061e+08 0.0188653
4.40643e+08 0.0188364
4.40912e+08 0.0188749
4.40913e+08 0.0188749
4.40924e+08 0.0188749
4.40958e+08 0.0188845
4.40969e+08 0.0188749
4.40969e+08 0.0188749
4.40969e+08 0.0188749
4.40969e+08 0.0188749
4.62405e+08 0.0183869
4.62405e+08 0.0184235
4.62405e+08 0.0184235
4.62417e+08 0.0184235
4.62428e+08 0.0184143
4.62428e+08 0.0184143
4.62428e+08 0.0184143
4.62428e+08 0.0184143
4.62428e+08 0.0184143
4.62607e+08 0.0183049
4.62607e+08 0.0183049
4.62607e+08 0.0183049
4.63144e+08 0.0182959
4.63144e+08 0.0182959
4.63144e+08 0.0183322
4.63144e+08 0.0183413
4.63144e+08 0.0183413
4.63155e+08 0.0183322
4.63155e+08 0.0183322
4.63166e+08 0.0183231
4.63177e+08 0.018314
4.63188e+08 0.018305
4.63188e+08 0.0183049
4.63188e+08 0.0187997
4.63188e+08 0.0187997
4.63188e+08 0.0187997
4.63189e+08 0.0187997
4.63189e+08 0.0187997
4.63189e+08 0.018809
4.63189e+08 0.018837
4.63413e+08 0.0188744
4.63424e+08 0.018865
4.63458e+08 0.0188463
4.63458e+08 0.0188745
4.63469e+08 0.0188744
4.63469e+08 0.0188744
4.6347e+08 0.0188743
4.6347e+08 0.0188743
4.8542e+08 0.0184525
4.85454e+08 0.0184257
4.85454e+08 0.0184256
4.8551e+08 0.01839
4.85532e+08 0.018381
4.85532e+08 0.018381
4.85555e+08 0.0183633
4.85566e+08 0.0183544
4.85566e+08 0.0183544
4.85667e+08 0.0184167
4.85667e+08 0.0184167
4.85667e+08 0.0184167
4.86282e+08 0.0183544
4.86282e+08 0.0183544
4.86282e+08 0.0183544
4.86282e+08 0.0183544
4.86282e+08 0.0183544
4.86282e+08 0.0183633
4.86282e+08 0.0183633
4.86282e+08 0.0183722
4.86282e+08 0.0183811
4.86282e+08 0.01839
4.86282e+08 0.01839
4.86293e+08 0.0183811
4.86293e+08 0.0188648
4.86293e+08 0.0188648
4.86293e+08 0.0188647
4.86293e+08 0.0188647
4.86293e+08 0.0188647
4.86293e+08 0.0188647
4.86293e+08 0.0188648
4.86517e+08 0.0188647
4.86517e+08 0.0188739
4.86551e+08 0.0188739
4.86562e+08 0.0188647
4.86562e+08 0.0188739
4.86562e+08 0.0188739
4.86563e+08 0.0188739
4.86563e+08 0.0188739
5.09006e+08 0.0184801
5.09084e+08 0.0184451
5.09173e+08 0.0183756
5.09184e+08 0.0184103
5.09274e+08 0.0183583
5.09274e+08 0.0183583
5.09274e+08 0.0183756
5.09274e+08 0.0183843
5.09308e+08 0.0183583
5.09431e+08 0.018341
5.09431e+08 0.018341
5.09431e+08 0.018341
5.09912e+08 0.0184451
5.09912e+08 0.0184451
5.09912e+08 0.0184451
5.09912e+08 0.0184451
5.09912e+08 0.0184451
5.09923e+08 0.0184364
5.09934e+08 0.0184277
5.09956e+08 0.0184103
5.09968e+08 0.0184016
5.09968e+08 0.0184016
5.09968e+08 0.0184016
5.09968e+08 0.0184103
5.09968e+08 0.0184103
5.09979e+08 0.0184016
5.09979e+08 0.0188734
5.09979e+08 0.0188734
5.09979e+08 0.0188734
5.09979e+08 0.0188734
5.09979e+08 0.0188734
5.09979e+08 0.0188734
5.10203e+08 0.0188734
5.10203e+08 0.0188734
5.10248e+08 0.0188645
5.10248e+08 0.0188735
5.10248e+08 0.0188735
5.10248e+08 0.0188735
5.10249e+08 0.0188734
5.10249e+08 0.0188735
5.33206e+08 0.0184722
5.33239e+08 0.0185064
5.33497e+08 0.0183789
5.33497e+08 0.0183873
5.33553e+08 0.0184127
5.33553e+08 0.0184127
5.33564e+08 0.0184042
5.33564e+08 0.0184042
5.33564e+08 0.0184296
5.33732e+08 0.0183957
5.33732e+08 0.0183957
5.33743e+08 0.0183873
5.34112e+08 0.0184722
5.34112e+08 0.0184722
5.34123e+08 0.0184637
5.34146e+08 0.0184466
5.34157e+08 0.0184381
5.34157e+08 0.0184466
5.34157e+08 0.0184551
5.34157e+08 0.0184722
5.34157e+08 0.0184807
5.34168e+08 0.0184722
5.34168e+08 0.0184722
5.34202e+08 0.0184466
5.34202e+08 0.0184466
5.34213e+08 0.0184466
5.34213e+08 0.0184466
5.34213e+08 0.0189078
5.34213e+08 0.0189078
5.34213e+08 0.0189078
5.34213e+08 0.0189078
5.34213e+08 0.0189078
5.34213e+08 0.0189078
5.34482e+08 0.0188729
5.34482e+08 0.0188729
5.34516e+08 0.0188817
5.34527e+08 0.018873
5.34527e+08 0.018873
5.34527e+08 0.018873
5.34527e+08 0.018873
5.34527e+08 0.018873
5.58044e+08 0.0184481
5.58144e+08 0.0183984
5.58368e+08 0.0184232
5.58368e+08 0.0184232
5.58424e+08 0.0184233
5.58457e+08 0.0183984
5.58491e+08 0.018382
5.58513e+08 0.0183655
5.58514e+08 0.0183654
5.58558e+08 0.0184564
5.58558e+08 0.0184564
5.58581e+08 0.0184481
5.5895e+08 0.0184481
5.5895e+08 0.0184481
5.5895e+08 0.0184564
5.5895e+08 0.018473
5.58961e+08 0.018473
5.58961e+08 0.018473
5.58961e+08 0.018473
5.58961e+08 0.018473
5.58961e+08 0.018473
5.58972e+08 0.018473
5.58972e+08 0.018473
5.58972e+08 0.018498
5.58972e+08 0.018498
5.58972e+08 0.0185063
5.58972e+08 0.0185063
5.58972e+08 0.0185063
5.58972e+08 0.0185063
5.58973e+08 0.0189577
5.58973e+08 0.0189577
5.58984e+08 0.0189492
5.58984e+08 0.0189492
5.59006e+08 0.0189321
5.59342e+08 0.018881
5.59342e+08 0.018881
5.59354e+08 0.018898
5.59354e+08 0.0189066
5.59354e+08 0.0189066
5.59354e+08 0.0189066
5.59399e+08 0.0188726
5.59399e+08 0.0188726
5.83374e+08 0.0185309
5.83374e+08 0.0186048
5.8381e+08 0.0184495
5.8381e+08 0.0184495
5.83843e+08 0.0184657
5.83854e+08 0.018482
5.83888e+08 0.018482
5.83955e+08 0.0184495
5.83966e+08 0.0184414
5.84011e+08 0.0184414
5.84034e+08 0.0184252
5.84056e+08 0.0184252
5.84392e+08 0.0184494
5.84392e+08 0.0184494
5.84392e+08 0.0184494
5.84392e+08 0.0184494
5.84403e+08 0.0184495
5.84403e+08 0.0184495
5.84403e+08 0.0184495
5.84403e+08 0.0184495
5.84403e+08 0.0184495
5.84403e+08 0.0184576
5.84403e+08 0.0184576
5.84425e+08 0.0184414
5.84425e+08 0.0184414
5.84425e+08 0.0184414
5.84425e+08 0.0184414
5.84425e+08 0.0184414
5.84425e+08 0.0184414
5.84425e+08 0.0184414
5.84425e+08 0.0188804
5.84425e+08 0.0188804
5.84437e+08 0.0188804
5.84437e+08 0.0188804
5.84437e+08 0.018897
5.84806e+08 0.0188722
5.84806e+08 0.0188722
5.84806e+08 0.0188805
5.84806e+08 0.0188805
5.84806e+08 0.0188805
5.84807e+08 0.0188805
5.84863e+08 0.0188721
5.84863e+08 0.0188721
6.09263e+08 0.0185623
6.09285e+08 0.0185463
6.0952e+08 0.0186914
6.09587e+08 0.0186428
6.09665e+08 0.0186105
6.09732e+08 0.0185703
6.09744e+08 0.0185864
6.09867e+08 0.0185462
6.09911e+08 0.0185223
6.10023e+08 0.0184746
6.10023e+08 0.0184905
6.10068e+08 0.0184746
6.10415e+08 0.0184666
6.10415e+08 0.0184666
6.10415e+08 0.0184666
6.10415e+08 0.0184666
6.10415e+08 0.0184746
6.10415e+08 0.0184746
6.10415e+08 0.0184746
6.10415e+08 0.0184746
6.10415e+08 0.0184746
6.10415e+08 0.0184746
6.10415e+08 0.0184746
6.10426e+08 0.0184825
6.10437e+08 0.0184746
6.10437e+08 0.0184746
6.10437e+08 0.0184746
6.10438e+08 0.0184746
6.10438e+08 0.0184746
6.10438e+08 0.0184746
6.10438e+08 0.0184746
6.10438e+08 0.0184746
6.10438e+08 0.0189042
6.10438e+08 0.0189123
6.10438e+08 0.0189123
6.10438e+08 0.0189123
6.10852e+08 0.0188798
6.10852e+08 0.0188798
6.10852e+08 0.0188799
6.10852e+08 0.0188799
6.10863e+08 0.0188718
6.10874e+08 0.0188637
6.1092e+08 0.0188717
6.1092e+08 0.0188717
6.1315e+08 0.126493
6.1315e+08 0.127225
6.1315e+08 0.135455
