4.21965e+06 0.00264872
8.32734e+06 0.00272072
8.32735e+06 0.00544143
9.48007e+06 0.0193904
9.48007e+06 0.0193904
1.18602e+07 0.00939103
1.18602e+07 0.0140862
1.18602e+07 0.0140862
1.42308e+07 0.014143
1.42644e+07 0.0139459
1.42644e+07 0.0185944
1.42644e+07 0.0185944
1.6839e+07 0.0171393
1.6962e+07 0.0165713
1.70626e+07 0.0159756
1.71185e+07 0.0156627
1.71968e+07 0.0190558
2.02273e+07 0.0164918
2.02497e+07 0.0169964
2.02497e+07 0.0175329
2.02944e+07 0.0175947
2.04845e+07 0.0169966
2.05292e+07 0.0201223
2.42307e+07 0.0167497
2.43313e+07 0.0164285
2.43314e+07 0.0164285
2.43649e+07 0.0164736
2.43873e+07 0.0171812
2.43985e+07 0.0173301
2.43985e+07 0.0202184
2.80445e+07 0.020513
2.82121e+07 0.0201587
2.82121e+07 0.0201587
2.82568e+07 0.0201009
2.82904e+07 0.0200434
2.83016e+07 0.0200434
2.83351e+07 0.0198726
3.29647e+07 0.0158999
3.29647e+07 0.0181713
3.29759e+07 0.0187682
3.29871e+07 0.0187242
3.30318e+07 0.0187242
3.30877e+07 0.018637
3.30877e+07 0.0186805
3.31101e+07 0.0187242
3.82538e+07 0.0169038
3.82538e+07 0.0169038
3.82538e+07 0.0190168
3.82539e+07 0.0190571
3.83433e+07 0.0187788
3.83656e+07 0.0188575
3.83992e+07 0.0189368
3.84215e+07 0.0188574
3.84551e+07 0.0188179
4.41141e+07 0.0171636
4.417e+07 0.0170014
4.4237e+07 0.0168109
4.42371e+07 0.0168108
4.42371e+07 0.0186787
4.42371e+07 0.018962
4.42483e+07 0.018998
4.42483e+07 0.019107
4.42483e+07 0.0191802
4.43043e+07 0.0191068
5.08124e+07 0.0166846
5.08124e+07 0.016825
5.08124e+07 0.0169966
5.08236e+07 0.0169678
5.08236e+07 0.0169678
5.08236e+07 0.0186645
5.08236e+07 0.0186645
5.08237e+07 0.0186962
5.08237e+07 0.0186962
5.08237e+07 0.0186962
5.08238e+07 0.0188563
5.78017e+07 0.0175889
5.78017e+07 0.0175889
5.78017e+07 0.0175889
5.78017e+07 0.0176171
5.78018e+07 0.0176171
5.78018e+07 0.0176171
5.78018e+07 0.0176171
5.78018e+07 0.0192187
5.78018e+07 0.0192187
5.78018e+07 0.0192187
5.78018e+07 0.0192187
5.80143e+07 0.0186511
6.54737e+07 0.0174806
6.54737e+07 0.0174806
6.54737e+07 0.0174806
6.54737e+07 0.0174806
6.54737e+07 0.0174806
6.54737e+07 0.0174806
6.54737e+07 0.0174806
6.54738e+07 0.0174806
6.54849e+07 0.0189097
6.54849e+07 0.0189097
6.54849e+07 0.0189097
6.54961e+07 0.0188823
6.5664e+07 0.0189925
7.37112e+07 0.0176372
7.37224e+07 0.0176133
7.37224e+07 0.0176133
7.37224e+07 0.0176133
7.37224e+07 0.0176133
7.37336e+07 0.0175895
7.37559e+07 0.017542
7.37559e+07 0.017542
7.3756e+07 0.0175657
7.3756e+07 0.0189169
7.37783e+07 0.0188659
7.37895e+07 0.0188405
7.38007e+07 0.0188405
7.39462e+07 0.0188914
8.25569e+07 0.0176879
8.25569e+07 0.0177103
8.25569e+07 0.0177103
8.25569e+07 0.0177103
8.25569e+07 0.0177103
8.2557e+07 0.0177327
8.25681e+07 0.0177552
8.25681e+07 0.0177552
8.25682e+07 0.0177552
8.25682e+07 0.0177552
8.25905e+07 0.0177552
8.25905e+07 0.0190234
8.25905e+07 0.0190476
8.26129e+07 0.0190233
8.28033e+07 0.0189271
9.18414e+07 0.0180557
9.18749e+07 0.0179908
9.18749e+07 0.0179908
9.18861e+07 0.0179692
9.18861e+07 0.0179692
9.18861e+07 0.0179692
9.18862e+07 0.0179908
9.18862e+07 0.0179908
9.18862e+07 0.0179908
9.18862e+07 0.0179908
9.18862e+07 0.018034
9.18862e+07 0.018034
9.18862e+07 0.0192362
9.18862e+07 0.0192362
9.19086e+07 0.0192362
9.22554e+07 0.0189178
1.0182e+08 0.0179197
1.0182e+08 0.0179801
1.0182e+08 0.0179801
1.0182e+08 0.0180003
1.0182e+08 0.0180003
1.0182e+08 0.0180003
1.0182e+08 0.0180003
1.0182e+08 0.0180003
1.01831e+08 0.01798
1.01831e+08 0.01798
1.01831e+08 0.01798
1.01843e+08 0.0179599
1.01843e+08 0.0179599
1.01865e+08 0.0179197
1.01865e+08 0.0190396
1.01966e+08 0.0188915
1.02335e+08 0.0188495
1.12466e+08 0.0178467
1.12466e+08 0.0178467
1.12466e+08 0.0178467
1.12477e+08 0.017828
1.12477e+08 0.017828
1.12477e+08 0.017828
1.12477e+08 0.017828
1.12477e+08 0.017828
1.12589e+08 0.0176613
1.12589e+08 0.0176613
1.126e+08 0.017643
1.126e+08 0.0176613
1.12611e+08 0.0176429
1.12611e+08 0.0176796
1.12611e+08 0.0176796
1.12611e+08 0.0187196
1.12656e+08 0.0188174
1.13115e+08 0.0186612
1.23671e+08 0.0179526
1.23671e+08 0.0179526
1.23671e+08 0.0179526
1.23671e+08 0.0179705
1.23693e+08 0.0179347
1.23693e+08 0.0179347
1.23693e+08 0.0179347
1.23693e+08 0.0179347
1.23705e+08 0.018097
1.23716e+08 0.0180788
1.23716e+08 0.018097
1.23716e+08 0.018097
1.23761e+08 0.0180425
1.23761e+08 0.0180425
1.23772e+08 0.0180244
1.23772e+08 0.0180244
1.23873e+08 0.0179346
1.23873e+08 0.0189309
1.24354e+08 0.0188933
1.35405e+08 0.0180957
1.35405e+08 0.0180957
1.35417e+08 0.0180785
1.35417e+08 0.0180785
1.35417e+08 0.0181129
1.35428e+08 0.0180957
1.35428e+08 0.0180957
1.35439e+08 0.0180785
1.35439e+08 0.0180957
1.35439e+08 0.0181129
1.35461e+08 0.0180785
1.35461e+08 0.0180785
1.35551e+08 0.0180099
1.35562e+08 0.0179928
1.35685e+08 0.0178241
1.35752e+08 0.0177243
1.35887e+08 0.0176746
1.35887e+08 0.0176745
1.35887e+08 0.0186047
1.36032e+08 0.0191392
1.47729e+08 0.0181371
1.4774e+08 0.0181207
1.47785e+08 0.0180716
1.47785e+08 0.0180716
1.47785e+08 0.0180716
1.47785e+08 0.0180879
1.47807e+08 0.0180553
1.47807e+08 0.0180716
1.4783e+08 0.018039
1.4783e+08 0.018039
1.47841e+08 0.0180553
1.47875e+08 0.0180065
1.47986e+08 0.0179741
1.48042e+08 0.0179097
1.48042e+08 0.0180879
1.48042e+08 0.0181866
1.48322e+08 0.0179741
1.48356e+08 0.0179257
1.48356e+08 0.0179257
1.48557e+08 0.0178457
1.48557e+08 0.0187379
1.60679e+08 0.0181231
1.60702e+08 0.0181074
1.60724e+08 0.0181387
1.60735e+08 0.018123
1.60757e+08 0.0180918
1.60769e+08 0.0180762
1.60769e+08 0.0181074
1.60769e+08 0.0181074
1.60769e+08 0.0181386
1.60769e+08 0.0181386
1.60791e+08 0.018123
1.60813e+08 0.0181386
1.60914e+08 0.0181544
1.60948e+08 0.0181858
1.60948e+08 0.0181858
1.61149e+08 0.0179065
1.61283e+08 0.0181074
1.61295e+08 0.0181385
1.61295e+08 0.0181385
1.61418e+08 0.018249
1.61418e+08 0.018249
1.61462e+08 0.0190517
1.73596e+08 0.0190349
1.73652e+08 0.0189856
1.73685e+08 0.0189692
1.73697e+08 0.0189692
1.73697e+08 0.0190019
1.73708e+08 0.019002
1.73708e+08 0.019002
1.73708e+08 0.019002
1.73719e+08 0.0189856
1.73719e+08 0.0189855
1.73764e+08 0.0189528
1.73831e+08 0.0188877
1.73864e+08 0.0189855
1.73943e+08 0.0189201
1.73943e+08 0.0189201
1.74077e+08 0.0190181
1.74111e+08 0.0191674
1.74323e+08 0.0188715
1.74323e+08 0.0188715
1.74334e+08 0.0190349
1.74346e+08 0.0190184
1.7439e+08 0.0190183
1.87295e+08 0.0179477
1.87362e+08 0.0186721
1.87385e+08 0.0187176
1.87385e+08 0.0187635
1.87385e+08 0.0187788
1.87385e+08 0.0187788
1.87385e+08 0.0187942
1.87385e+08 0.0187942
1.87385e+08 0.0187942
1.87396e+08 0.0187942
1.87396e+08 0.0187942
1.87407e+08 0.0188404
1.87497e+08 0.0188095
1.87575e+08 0.0187482
1.87597e+08 0.0188249
1.87608e+08 0.0188094
1.8772e+08 0.0188403
1.87765e+08 0.0188248
1.87877e+08 0.0189646
1.87877e+08 0.0189646
1.87877e+08 0.0189802
1.87888e+08 0.0189802
1.87956e+08 0.018949
2.01542e+08 0.0180417
2.01542e+08 0.0181271
2.01542e+08 0.0189152
2.01576e+08 0.0189003
2.01576e+08 0.0189003
2.01643e+08 0.0188115
2.01665e+08 0.018782
2.01665e+08 0.018782
2.01665e+08 0.018782
2.01688e+08 0.0187526
2.0171e+08 0.018738
2.0171e+08 0.018738
2.0171e+08 0.0187526
2.01733e+08 0.018841
2.01733e+08 0.0189451
2.01733e+08 0.0189751
2.01777e+08 0.0189302
2.01968e+08 0.0188262
2.02024e+08 0.0188114
2.02091e+08 0.0188705
2.02102e+08 0.0188557
2.02102e+08 0.0188557
2.02102e+08 0.0188705
2.02102e+08 0.01896
2.16393e+08 0.0180607
2.16394e+08 0.0180607
2.16394e+08 0.0180607
2.16394e+08 0.0181016
2.16394e+08 0.0188558
2.16394e+08 0.0188558
2.16394e+08 0.0189415
2.16394e+08 0.0189703
2.16394e+08 0.0189702
2.16394e+08 0.0189702
2.16416e+08 0.0189702
2.16416e+08 0.0189991
2.16416e+08 0.0189991
2.1645e+08 0.0189559
2.1645e+08 0.0189846
2.16494e+08 0.0189272
2.16517e+08 0.0188985
2.16617e+08 0.0188273
2.16763e+08 0.0188842
2.16797e+08 0.0189128
2.16875e+08 0.0188984
2.16898e+08 0.0188841
2.16898e+08 0.0188841
2.16898e+08 0.0188841
2.1692e+08 0.0188556
2.3167e+08 0.0182897
2.3167e+08 0.0182897
2.3167e+08 0.0182897
2.3167e+08 0.0182897
2.3167e+08 0.0182897
2.3167e+08 0.0190213
2.3167e+08 0.0190213
2.31681e+08 0.0190074
2.31692e+08 0.0189935
2.31726e+08 0.0189519
2.31737e+08 0.0189381
2.31748e+08 0.018952
2.31815e+08 0.0188694
2.31815e+08 0.0188694
2.31826e+08 0.0188968
2.31838e+08 0.0188831
2.31893e+08 0.0188694
2.31905e+08 0.0188832
2.32005e+08 0.0188831
2.32117e+08 0.0189243
2.32118e+08 0.0189658
2.32274e+08 0.0188693
2.3233e+08 0.0188283
2.32342e+08 0.0188146
2.32342e+08 0.0188146
2.32375e+08 0.0188009
2.47594e+08 0.0182466
2.47594e+08 0.0182466
2.47594e+08 0.0182466
2.47594e+08 0.0182466
2.47594e+08 0.0182466
2.47606e+08 0.0182338
2.47606e+08 0.0182338
2.47606e+08 0.0189351
2.47617e+08 0.0189351
2.47617e+08 0.0189484
2.4765e+08 0.0189484
2.47662e+08 0.0189484
2.47706e+08 0.0189086
2.47773e+08 0.0189085
2.47773e+08 0.0189085
2.47773e+08 0.0189218
2.47773e+08 0.0189351
2.47807e+08 0.0189616
2.47807e+08 0.0189749
2.4793e+08 0.0189484
2.48009e+08 0.0189883
2.48031e+08 0.0189616
2.48199e+08 0.0189483
2.48222e+08 0.0189883
2.48255e+08 0.0189616
2.48266e+08 0.0189483
2.48289e+08 0.0189615
2.6409e+08 0.0182932
2.6409e+08 0.0182932
2.6409e+08 0.0182932
2.64101e+08 0.0182808
2.64101e+08 0.0182808
2.64101e+08 0.0182932
2.64101e+08 0.0182932
2.64112e+08 0.0182808
2.64112e+08 0.0189579
2.64112e+08 0.0189707
2.64112e+08 0.0189707
2.64123e+08 0.0189965
2.64134e+08 0.0189965
2.64168e+08 0.0190093
2.64202e+08 0.0190481
2.64213e+08 0.0190352
2.64213e+08 0.0190352
2.64213e+08 0.0190352
2.64258e+08 0.0190222
2.64258e+08 0.0190222
2.64313e+08 0.0191002
2.64526e+08 0.018945
2.64526e+08 0.0189707
2.6465e+08 0.0190222
2.64672e+08 0.0190222
2.64706e+08 0.0190222
2.64706e+08 0.0190352
2.64739e+08 0.0190223
2.81244e+08 0.0182411
2.81256e+08 0.0182292
2.81256e+08 0.0182292
2.81256e+08 0.0182411
2.81256e+08 0.0182411
2.81256e+08 0.0182411
2.81267e+08 0.0182292
2.81267e+08 0.0182411
2.81267e+08 0.0182411
2.81267e+08 0.0182411
2.81267e+08 0.0188925
2.81267e+08 0.0188925
2.81267e+08 0.0189048
2.81267e+08 0.0189171
2.81356e+08 0.0188557
2.81379e+08 0.018868
2.8139e+08 0.018868
2.8139e+08 0.0188679
2.8139e+08 0.0188679
2.8139e+08 0.0189172
2.8139e+08 0.0189172
2.8139e+08 0.0189791
2.81469e+08 0.0191293
2.8157e+08 0.0190164
2.81726e+08 0.018979
2.81726e+08 0.0190039
2.81726e+08 0.0190414
2.81727e+08 0.0190414
2.81749e+08 0.0190539
2.98973e+08 0.0182814
2.98973e+08 0.0182929
2.98973e+08 0.0182929
2.98973e+08 0.0182929
2.98973e+08 0.0182929
2.98973e+08 0.0182929
2.98973e+08 0.0183044
2.98973e+08 0.0183044
2.98973e+08 0.0183044
2.98995e+08 0.0182813
2.99007e+08 0.0182698
2.99018e+08 0.0188879
2.99018e+08 0.0188879
2.99051e+08 0.0188523
2.99074e+08 0.0188287
2.99107e+08 0.0188879
2.99107e+08 0.0189117
2.99107e+08 0.0189237
2.99107e+08 0.0189237
2.99107e+08 0.0189237
2.99107e+08 0.0189237
2.99107e+08 0.0189237
2.99107e+08 0.0189237
2.99153e+08 0.0189595
2.99209e+08 0.0190075
2.99366e+08 0.0190075
2.99399e+08 0.0189715
2.99399e+08 0.0189715
2.9941e+08 0.0189595
2.99511e+08 0.0188758
3.1728e+08 0.0183142
3.17302e+08 0.0182919
3.17313e+08 0.0182807
3.17313e+08 0.0182807
3.17313e+08 0.0182807
3.17313e+08 0.0182807
3.17313e+08 0.0182807
3.17313e+08 0.0182807
3.17313e+08 0.0182807
3.17358e+08 0.0182585
3.17358e+08 0.0182696
3.17414e+08 0.0182252
3.17414e+08 0.0182252
3.17425e+08 0.0188213
3.17425e+08 0.0188556
3.17425e+08 0.0188786
3.17448e+08 0.0188901
3.17448e+08 0.0188901
3.17448e+08 0.0188901
3.17448e+08 0.0188901
3.17448e+08 0.0188901
3.17448e+08 0.0188901
3.17448e+08 0.0188901
3.17448e+08 0.0188901
3.17493e+08 0.0188901
3.17516e+08 0.0189247
3.17717e+08 0.0188785
3.17762e+08 0.0188669
3.17762e+08 0.0188669
3.17796e+08 0.018844
3.18019e+08 0.0187189
3.36183e+08 0.0183278
3.36194e+08 0.0183386
3.36194e+08 0.0183495
3.36194e+08 0.0183495
3.36205e+08 0.0183387
3.36205e+08 0.0183387
3.36228e+08 0.018317
3.36228e+08 0.018317
3.36228e+08 0.018317
3.36239e+08 0.0183495
3.36261e+08 0.0183278
3.36306e+08 0.0183386
3.36306e+08 0.0183386
3.36306e+08 0.0183495
3.36317e+08 0.0189302
3.36317e+08 0.0189302
3.36328e+08 0.018919
3.36373e+08 0.0188966
3.36373e+08 0.0188966
3.36373e+08 0.0188966
3.36373e+08 0.0188966
3.36373e+08 0.0188967
3.36373e+08 0.0188966
3.36373e+08 0.0188966
3.36373e+08 0.0188966
3.36419e+08 0.0188966
3.36441e+08 0.0188966
3.36665e+08 0.0188742
3.36721e+08 0.0188631
3.36721e+08 0.0188631
3.36822e+08 0.0187966
3.37012e+08 0.0188299
3.55653e+08 0.0183683
3.55664e+08 0.0183683
3.55664e+08 0.0183683
3.55664e+08 0.0183683
3.55664e+08 0.0183788
3.55664e+08 0.0183788
3.55664e+08 0.0184
3.55664e+08 0.0184
3.55675e+08 0.0183894
3.55675e+08 0.0184
3.55731e+08 0.0183683
3.55742e+08 0.0184
3.55742e+08 0.0184
3.55753e+08 0.0183894
3.55754e+08 0.0183999
3.55754e+08 0.0183999
3.55754e+08 0.0189749
3.55776e+08 0.018964
3.55821e+08 0.018964
3.55821e+08 0.018964
3.55821e+08 0.018964
3.55821e+08 0.018964
3.55821e+08 0.018964
3.55854e+08 0.0189313
3.55854e+08 0.0189313
3.55854e+08 0.0189313
3.559e+08 0.0189314
3.55945e+08 0.0189096
3.56224e+08 0.0188556
3.56314e+08 0.0188233
3.56314e+08 0.0188233
3.56426e+08 0.0188125
3.56482e+08 0.0189422
3.75704e+08 0.0183929
3.75704e+08 0.0184032
3.75704e+08 0.0184032
3.75704e+08 0.0184032
3.75704e+08 0.0184032
3.75704e+08 0.0184032
3.75704e+08 0.0184032
3.75715e+08 0.0183929
3.75715e+08 0.0184032
3.75738e+08 0.0183827
3.7576e+08 0.0184134
3.75794e+08 0.0183929
3.75816e+08 0.0183724
3.75827e+08 0.0183724
3.75827e+08 0.0183724
3.75827e+08 0.0183724
3.75827e+08 0.0183724
3.75827e+08 0.0189292
3.75839e+08 0.0189397
3.75894e+08 0.0189291
3.75894e+08 0.0189291
3.75895e+08 0.0189291
3.75906e+08 0.0189186
3.75906e+08 0.0189186
3.75928e+08 0.0189291
3.75928e+08 0.0189292
3.75928e+08 0.0189291
3.75973e+08 0.0189291
3.76018e+08 0.0189291
3.76287e+08 0.0189396
3.76466e+08 0.0188554
3.76478e+08 0.018845
3.76511e+08 0.0189185
3.76511e+08 0.0189713
3.9627e+08 0.0184762
3.9627e+08 0.0184762
3.96281e+08 0.0184662
3.96304e+08 0.0184461
3.96304e+08 0.0184461
3.96315e+08 0.0184361
3.96382e+08 0.0183763
3.96382e+08 0.0183863
3.96382e+08 0.0183863
3.96382e+08 0.0184062
3.96415e+08 0.0183962
3.96415e+08 0.0184261
3.96416e+08 0.0184461
3.96416e+08 0.0184561
3.96416e+08 0.0184561
3.96416e+08 0.0184561
3.96438e+08 0.0184361
3.96438e+08 0.0184361
3.96516e+08 0.0183763
3.96516e+08 0.0189168
3.96583e+08 0.0189066
3.96583e+08 0.0189066
3.96595e+08 0.0188964
3.96595e+08 0.0189066
3.96595e+08 0.0189066
3.96595e+08 0.018927
3.96595e+08 0.018927
3.96595e+08 0.018927
3.9664e+08 0.018927
3.9673e+08 0.0188861
3.96898e+08 0.0189782
3.97155e+08 0.0189065
3.97155e+08 0.0189167
3.97155e+08 0.0189474
3.97155e+08 0.0189474
4.17373e+08 0.0185358
4.17373e+08 0.0185358
4.17373e+08 0.0185457
4.17395e+08 0.0185457
4.17395e+08 0.0185457
4.17395e+08 0.0185555
4.17406e+08 0.0186049
4.17417e+08 0.018595
4.17417e+08 0.018595
4.17429e+08 0.0185851
4.17518e+08 0.0185359
4.17518e+08 0.0185359
4.1754e+08 0.0185163
4.17541e+08 0.0185163
4.17552e+08 0.0185064
4.17585e+08 0.0184771
4.17619e+08 0.0184674
4.17619e+08 0.0184674
4.17708e+08 0.0184576
4.17708e+08 0.0184576
4.17708e+08 0.018985
4.17742e+08 0.0190151
4.17775e+08 0.018985
4.1782e+08 0.018955
4.1782e+08 0.018955
4.17854e+08 0.018925
4.17865e+08 0.0189151
4.17876e+08 0.0189051
4.17876e+08 0.0189051
4.17899e+08 0.018925
4.18067e+08 0.0188556
4.18191e+08 0.018895
4.18515e+08 0.0188358
4.18527e+08 0.0188259
4.18527e+08 0.0188259
4.18527e+08 0.0188259
4.39157e+08 0.0184685
4.39157e+08 0.0184685
4.39157e+08 0.0184685
4.39169e+08 0.0184779
4.3918e+08 0.0184685
4.3918e+08 0.0184685
4.39213e+08 0.0184495
4.39225e+08 0.0184495
4.39236e+08 0.01844
4.39247e+08 0.01844
4.39269e+08 0.0184969
4.39269e+08 0.0184969
4.39269e+08 0.018516
4.39269e+08 0.018516
4.39348e+08 0.018459
4.3937e+08 0.0184685
4.39404e+08 0.0184684
4.39404e+08 0.0184684
4.3946e+08 0.0184969
4.39527e+08 0.0184401
4.39527e+08 0.0184401
4.39627e+08 0.0183835
4.39627e+08 0.0188942
4.39661e+08 0.0188942
4.39661e+08 0.0189328
4.39661e+08 0.0189328
4.39672e+08 0.0189523
4.39728e+08 0.0189135
4.39728e+08 0.0189231
4.39728e+08 0.0189231
4.39751e+08 0.0189231
4.39986e+08 0.0188652
4.40244e+08 0.0187504
4.40501e+08 0.0188076
4.40569e+08 0.0187599
4.40591e+08 0.0187409
4.40591e+08 0.0187409
4.61637e+08 0.0183951
4.61637e+08 0.0183951
4.61637e+08 0.0183951
4.61637e+08 0.0184043
4.61637e+08 0.0184134
4.61637e+08 0.0184134
4.6167e+08 0.0184135
4.6167e+08 0.0184227
4.6167e+08 0.0184318
4.6167e+08 0.018441
4.61715e+08 0.0184226
4.61715e+08 0.0184226
4.61749e+08 0.0183951
4.61749e+08 0.0183951
4.61782e+08 0.0184318
4.61849e+08 0.0183951
4.61894e+08 0.018386
4.61928e+08 0.0183586
4.62006e+08 0.0183404
4.62006e+08 0.0183951
4.62006e+08 0.0183951
4.62084e+08 0.0184134
4.62106e+08 0.0183951
4.62106e+08 0.0188923
4.62151e+08 0.0188829
4.62151e+08 0.0188828
4.62151e+08 0.0188828
4.62151e+08 0.0188922
4.62163e+08 0.0189299
4.62207e+08 0.0188923
4.62207e+08 0.0188923
4.62241e+08 0.0188829
4.62466e+08 0.0188923
4.62969e+08 0.0186877
4.63148e+08 0.0187524
4.63148e+08 0.018808
4.6316e+08 0.0188173
4.6316e+08 0.0188173
4.84777e+08 0.0183525
4.84777e+08 0.0183525
4.84777e+08 0.0183525
4.84777e+08 0.0183525
4.84777e+08 0.0183525
4.84777e+08 0.0183525
4.84788e+08 0.0183703
4.84788e+08 0.0183703
4.84788e+08 0.0183703
4.84788e+08 0.0183703
4.84788e+08 0.0184059
4.84833e+08 0.0183703
4.849e+08 0.0183437
4.84945e+08 0.0183083
4.84945e+08 0.0183348
4.84967e+08 0.0183702
4.85012e+08 0.0183703
4.85023e+08 0.018388
4.85124e+08 0.0183702
4.85124e+08 0.0183702
4.85124e+08 0.0183702
4.8518e+08 0.018388
4.8518e+08 0.0184058
4.8518e+08 0.0184058
4.8518e+08 0.0188901
4.85202e+08 0.0189084
4.85236e+08 0.018881
4.85236e+08 0.018881
4.85247e+08 0.0188719
4.85303e+08 0.0188354
4.85325e+08 0.0188537
4.85325e+08 0.0188537
4.85348e+08 0.0188628
4.85628e+08 0.0188172
4.86266e+08 0.0187088
4.863e+08 0.0188263
4.86311e+08 0.0188172
4.86322e+08 0.0188172
4.86322e+08 0.0188172
5.08471e+08 0.0183949
5.08471e+08 0.0183949
5.08471e+08 0.0183949
5.08483e+08 0.0183862
5.08494e+08 0.0183776
5.08494e+08 0.0183776
5.08494e+08 0.0183862
5.08494e+08 0.0183862
5.08494e+08 0.0183862
5.08494e+08 0.0183862
5.08494e+08 0.0183862
5.08494e+08 0.018421
5.08528e+08 0.0184471
5.08539e+08 0.0184733
5.08561e+08 0.0184558
5.08561e+08 0.0184733
5.08572e+08 0.0184996
5.08606e+08 0.0184821
5.08662e+08 0.0185172
5.08662e+08 0.0185172
5.08662e+08 0.0185171
5.08763e+08 0.0184821
5.08785e+08 0.0184646
5.08785e+08 0.0184646
5.08785e+08 0.0184646
5.0883e+08 0.0184471
5.0883e+08 0.0189201
5.0883e+08 0.018947
5.0883e+08 0.018947
5.0883e+08 0.018956
5.08875e+08 0.018965
5.08886e+08 0.0189739
5.08897e+08 0.0189649
5.09032e+08 0.0188755
5.09323e+08 0.0188665
5.10039e+08 0.0188044
5.10118e+08 0.0187691
5.10118e+08 0.0187778
5.10129e+08 0.0187778
5.10129e+08 0.0187778
5.32672e+08 0.0184721
5.32672e+08 0.0184721
5.32672e+08 0.0184721
5.32672e+08 0.0184806
5.32683e+08 0.0184807
5.32683e+08 0.0184807
5.32683e+08 0.0184807
5.32683e+08 0.0184807
5.32683e+08 0.0184807
5.32683e+08 0.0184807
5.32683e+08 0.0184807
5.32717e+08 0.0184551
5.3275e+08 0.0184551
5.3275e+08 0.0184636
5.32773e+08 0.0184636
5.32773e+08 0.0184636
5.3284e+08 0.0184211
5.3284e+08 0.0184466
5.32862e+08 0.0184721
5.32896e+08 0.0184465
5.32907e+08 0.018438
5.32941e+08 0.0184892
5.32963e+08 0.0184892
5.32974e+08 0.0184806
5.32986e+08 0.0184721
5.32986e+08 0.0185063
5.32997e+08 0.0184978
5.32997e+08 0.0189602
5.32997e+08 0.0189602
5.32997e+08 0.0189602
5.32997e+08 0.0189602
5.33053e+08 0.0189514
5.33098e+08 0.0189252
5.3312e+08 0.0189164
5.33377e+08 0.0188209
5.33568e+08 0.0188991
5.34363e+08 0.0188381
5.34475e+08 0.0188122
5.34508e+08 0.0187864
5.34508e+08 0.018795
5.34508e+08 0.018795
5.57599e+08 0.0183821
5.57599e+08 0.0183821
5.57599e+08 0.0183821
5.57599e+08 0.0183821
5.57599e+08 0.0183903
5.57599e+08 0.0183903
5.57599e+08 0.0183903
5.57599e+08 0.0183904
5.57599e+08 0.0183903
5.57599e+08 0.0183903
5.57599e+08 0.0183903
5.57644e+08 0.0183821
5.57644e+08 0.0184069
5.57655e+08 0.0183986
5.57666e+08 0.0184069
5.57666e+08 0.0184069
5.57711e+08 0.0184234
5.57745e+08 0.0183986
5.57756e+08 0.0184068
5.57834e+08 0.0183738
5.57834e+08 0.0183821
5.57834e+08 0.0184069
5.57834e+08 0.0184234
5.57834e+08 0.0184317
5.57834e+08 0.01844
5.57834e+08 0.01844
5.57834e+08 0.0184483
5.57846e+08 0.01844
5.57846e+08 0.01844
5.57846e+08 0.0188897
5.57846e+08 0.0188897
5.57846e+08 0.0188897
5.57902e+08 0.0188897
5.5798e+08 0.0188643
5.58002e+08 0.0188643
5.58248e+08 0.0188728
5.58528e+08 0.0188052
5.59413e+08 0.018738
5.59502e+08 0.0187547
5.59525e+08 0.018763
5.59558e+08 0.0187379
5.59581e+08 0.0187212
5.83005e+08 0.0184751
5.83005e+08 0.0184751
5.83005e+08 0.0184751
5.83005e+08 0.0184751
5.83005e+08 0.0184751
5.83028e+08 0.0184588
5.83028e+08 0.0184588
5.83039e+08 0.0184507
5.83039e+08 0.0184507
5.83039e+08 0.0184507
5.83039e+08 0.0184507
5.83061e+08 0.018467
5.83061e+08 0.018467
5.83061e+08 0.0184751
5.83073e+08 0.0184751
5.83073e+08 0.0184751
5.83084e+08 0.0184995
5.83095e+08 0.0185158
5.83129e+08 0.0184995
5.83163e+08 0.0185321
5.83163e+08 0.0185321
5.83174e+08 0.018524
5.83174e+08 0.018524
5.83174e+08 0.018524
5.83185e+08 0.0185158
5.83185e+08 0.0185158
5.83185e+08 0.0185158
5.83185e+08 0.018524
5.83185e+08 0.018524
5.83185e+08 0.018524
5.83185e+08 0.018965
5.83185e+08 0.018965
5.83196e+08 0.0189566
5.83308e+08 0.0189149
5.83342e+08 0.0189483
5.83342e+08 0.018965
5.83487e+08 0.0190407
5.83912e+08 0.0189317
5.84864e+08 0.0188817
5.8492e+08 0.0189065
5.84954e+08 0.0188982
5.84954e+08 0.0189231
5.84965e+08 0.0189315
6.09008e+08 0.0184814
6.09008e+08 0.0184814
6.09019e+08 0.0184735
6.09019e+08 0.0184734
6.0903e+08 0.0184655
6.0903e+08 0.0184814
6.0903e+08 0.0184814
6.09042e+08 0.0184814
6.09042e+08 0.0184814
6.09042e+08 0.0184814
6.09064e+08 0.0184655
6.09075e+08 0.0184734
6.09075e+08 0.0184734
6.09075e+08 0.0184734
6.09086e+08 0.0184734
6.09086e+08 0.0184734
6.09087e+08 0.0184813
6.0912e+08 0.0184655
6.09143e+08 0.0184735
6.09154e+08 0.0184894
6.09154e+08 0.0184894
6.09154e+08 0.0184973
6.09154e+08 0.0184973
6.09154e+08 0.0184973
6.09176e+08 0.0184894
6.09199e+08 0.0184735
6.09199e+08 0.0184735
6.0921e+08 0.0184655
6.0921e+08 0.0184655
6.0921e+08 0.0184655
6.0921e+08 0.0184655
6.0921e+08 0.0184655
6.0921e+08 0.018895
6.0921e+08 0.0189031
6.09299e+08 0.0189193
6.09299e+08 0.0189438
6.09299e+08 0.0189438
6.09344e+08 0.0190175
6.09814e+08 0.0189846
6.1099e+08 0.018822
6.11024e+08 0.0188382
6.11024e+08 0.0188623
6.11024e+08 0.0188623
6.11024e+08 0.0188704
6.13745e+08 0.103795
6.13757e+08 0.103549
6.13757e+08 0.103793
