3.02711e+06 0.00369195
8.35132e+06 0.00209907
8.35132e+06 0.00419813
9.48663e+06 0.0196878
9.48664e+06 0.0196878
1.20973e+07 0.0085618
1.20973e+07 0.0128427
1.20974e+07 0.0128423
1.44118e+07 0.014486
1.44118e+07 0.014486
1.44118e+07 0.0193146
1.44119e+07 0.0193145
1.73557e+07 0.0151847
1.73781e+07 0.0150702
1.73781e+07 0.0150702
1.74454e+07 0.0147367
1.74454e+07 0.0184208
2.08111e+07 0.0161716
2.08447e+07 0.0161194
2.08782e+07 0.015965
2.09902e+07 0.0157638
2.09902e+07 0.0157638
2.09902e+07 0.0189165
2.46133e+07 0.0176361
2.47139e+07 0.0173304
2.47363e+07 0.0173806
2.50383e+07 0.0165645
2.50383e+07 0.0165645
2.50383e+07 0.0165644
2.50383e+07 0.0193251
2.86617e+07 0.0193236
2.88071e+07 0.0191127
2.88071e+07 0.0192176
2.91762e+07 0.018906
2.91874e+07 0.0188551
2.91874e+07 0.0188551
2.91874e+07 0.018855
3.34078e+07 0.0164835
3.34637e+07 0.018619
3.35643e+07 0.0187939
3.35755e+07 0.0187498
3.39446e+07 0.0187497
3.39446e+07 0.0187938
3.39447e+07 0.0187938
3.3967e+07 0.0187059
3.86771e+07 0.0169673
3.8856e+07 0.0165804
3.89231e+07 0.0184238
3.90572e+07 0.0183113
3.90573e+07 0.0183487
3.92587e+07 0.0189275
3.92588e+07 0.0189275
3.92588e+07 0.0189275
3.92588e+07 0.0190075
4.47135e+07 0.0166628
4.47247e+07 0.0171388
4.47247e+07 0.0173369
4.47583e+07 0.0176427
4.47695e+07 0.0195646
4.48701e+07 0.019226
4.51163e+07 0.0190794
4.51163e+07 0.0190794
4.51163e+07 0.0190794
4.51163e+07 0.0190794
5.10319e+07 0.0176878
5.10431e+07 0.0176878
5.10431e+07 0.0176878
5.11326e+07 0.0175327
5.11326e+07 0.0175635
5.11998e+07 0.0191181
5.12445e+07 0.0192857
5.15689e+07 0.0190521
5.15689e+07 0.0190521
5.15689e+07 0.0190521
5.15689e+07 0.0190521
5.79583e+07 0.0177487
5.80142e+07 0.0176348
5.80813e+07 0.0174667
5.81931e+07 0.0174116
5.81931e+07 0.0174116
5.82938e+07 0.0173293
5.83162e+07 0.0173842
5.83274e+07 0.0189346
5.854e+07 0.019238
5.854e+07 0.019238
5.85624e+07 0.0191764
5.85624e+07 0.0191764
6.5561e+07 0.0176399
6.5561e+07 0.0177706
6.56058e+07 0.0178233
6.57288e+07 0.0177968
6.574e+07 0.0177704
6.58518e+07 0.0177441
6.58742e+07 0.017744
6.58742e+07 0.0177703
6.58743e+07 0.0192512
6.61092e+07 0.0191943
6.61092e+07 0.0191943
6.61317e+07 0.0191941
6.61317e+07 0.0191941
7.3659e+07 0.017941
7.3659e+07 0.017941
7.37038e+07 0.0179409
7.38044e+07 0.0179907
7.38044e+07 0.0180156
7.4017e+07 0.0177934
7.4017e+07 0.0178423
7.4017e+07 0.0178423
7.4017e+07 0.0178423
7.4017e+07 0.0192148
7.42409e+07 0.0192412
7.42521e+07 0.0192147
7.43081e+07 0.0191358
7.43305e+07 0.0190837
8.23761e+07 0.0179489
8.23761e+07 0.0179489
8.24432e+07 0.0179031
8.24768e+07 0.0180415
8.24768e+07 0.0180415
8.27118e+07 0.0179949
8.27118e+07 0.0179949
8.27565e+07 0.0179029
8.27789e+07 0.0178572
8.27901e+07 0.0178344
8.29467e+07 0.017972
8.29467e+07 0.0192557
8.29582e+07 0.0192553
8.30477e+07 0.0191815
8.307e+07 0.0191815
9.16973e+07 0.0179845
9.17085e+07 0.0179629
9.1798e+07 0.01792
9.18652e+07 0.0178559
9.18652e+07 0.0178559
9.21225e+07 0.0178136
9.21225e+07 0.0178136
9.21225e+07 0.0178986
9.21337e+07 0.01792
9.21337e+07 0.0179414
9.23463e+07 0.0178346
9.23463e+07 0.0178346
9.23463e+07 0.0190235
9.23913e+07 0.0189559
9.24025e+07 0.0191146
9.24249e+07 0.0191146
1.01661e+08 0.0179459
1.01661e+08 0.017966
1.01729e+08 0.0180065
1.01885e+08 0.0178456
1.01885e+08 0.0178456
1.01964e+08 0.0181701
1.01964e+08 0.0181701
1.01964e+08 0.0181701
1.01964e+08 0.0181908
1.01964e+08 0.0181908
1.0221e+08 0.0181289
1.0221e+08 0.0181289
1.02221e+08 0.0181083
1.02389e+08 0.0178855
1.02389e+08 0.0190034
1.02423e+08 0.018961
1.02434e+08 0.0189821
1.12207e+08 0.0180153
1.1223e+08 0.0179771
1.12308e+08 0.0179581
1.1251e+08 0.0178825
1.1251e+08 0.0178825
1.12521e+08 0.0179963
1.12543e+08 0.0179582
1.12543e+08 0.0179581
1.12543e+08 0.0179581
1.12543e+08 0.0179581
1.12868e+08 0.0178263
1.12868e+08 0.0178263
1.1289e+08 0.0178076
1.13092e+08 0.0177517
1.13092e+08 0.0177517
1.13092e+08 0.0187959
1.13103e+08 0.0188352
1.13125e+08 0.0188155
1.23516e+08 0.0177881
1.23561e+08 0.0177531
1.23695e+08 0.0176659
1.23785e+08 0.0178411
1.23819e+08 0.0177882
1.23874e+08 0.017718
1.23875e+08 0.0177529
1.23908e+08 0.0177007
1.23919e+08 0.0176833
1.23931e+08 0.0176659
1.24244e+08 0.0176831
1.24255e+08 0.0176657
1.243e+08 0.0176312
1.24401e+08 0.0177881
1.24412e+08 0.0177706
1.24479e+08 0.0176658
1.2449e+08 0.0176658
1.2449e+08 0.0186472
1.24546e+08 0.0185924
1.35272e+08 0.0180637
1.35294e+08 0.018098
1.35484e+08 0.018012
1.35686e+08 0.0178428
1.35686e+08 0.0178932
1.35753e+08 0.0178765
1.3582e+08 0.017776
1.3582e+08 0.0178261
1.3582e+08 0.0178428
1.3582e+08 0.0178596
1.36133e+08 0.0178595
1.36133e+08 0.0178763
1.36145e+08 0.0179269
1.36324e+08 0.0178094
1.36335e+08 0.0178093
1.36458e+08 0.0177262
1.36469e+08 0.0177262
1.36503e+08 0.0176767
1.36503e+08 0.0186071
1.36514e+08 0.0186767
1.47651e+08 0.0180551
1.4773e+08 0.017974
1.47797e+08 0.0181536
1.48065e+08 0.0180552
1.4811e+08 0.0179902
1.4811e+08 0.0180878
1.48166e+08 0.0181043
1.48166e+08 0.0181043
1.48166e+08 0.0181042
1.48166e+08 0.0181043
1.48524e+08 0.0180389
1.48524e+08 0.0180389
1.48569e+08 0.0179901
1.48782e+08 0.0179417
1.48804e+08 0.0179257
1.48837e+08 0.0180554
1.48837e+08 0.0180716
1.48838e+08 0.0181207
1.48838e+08 0.0181206
1.48838e+08 0.0181371
1.48849e+08 0.0190266
1.60475e+08 0.0183012
1.60554e+08 0.0183011
1.60654e+08 0.0182535
1.60968e+08 0.0181901
1.60979e+08 0.0182375
1.61001e+08 0.0182058
1.61068e+08 0.01819
1.61068e+08 0.01819
1.61091e+08 0.0181586
1.61091e+08 0.0181586
1.61292e+08 0.0183813
1.61292e+08 0.0183813
1.61617e+08 0.0179875
1.61784e+08 0.0180495
1.61818e+08 0.0180339
1.61829e+08 0.0180649
1.6184e+08 0.0180495
1.61963e+08 0.0178804
1.61986e+08 0.01785
1.61986e+08 0.01785
1.61997e+08 0.01785
1.61997e+08 0.0187
1.73528e+08 0.0188363
1.73618e+08 0.0188201
1.73719e+08 0.01882
1.73965e+08 0.0189172
1.73976e+08 0.0189172
1.73987e+08 0.0189336
1.74054e+08 0.0189336
1.74054e+08 0.0189335
1.74054e+08 0.0189662
1.74065e+08 0.0189498
1.74233e+08 0.0189992
1.74233e+08 0.0189992
1.74412e+08 0.0192148
1.74658e+08 0.0190979
1.74804e+08 0.0189336
1.74804e+08 0.0189499
1.74804e+08 0.0189662
1.74916e+08 0.0189826
1.7496e+08 0.0189499
1.7496e+08 0.0189499
1.74972e+08 0.0189499
1.74972e+08 0.0189499
1.87037e+08 0.0182001
1.87037e+08 0.0190274
1.87071e+08 0.0191065
1.87228e+08 0.0190275
1.87485e+08 0.0190117
1.87485e+08 0.0190274
1.87485e+08 0.0190431
1.87519e+08 0.0190905
1.87575e+08 0.0190116
1.87575e+08 0.0190116
1.87575e+08 0.0190273
1.87743e+08 0.0190274
1.87743e+08 0.0190274
1.88067e+08 0.0188249
1.88391e+08 0.0187176
1.88458e+08 0.0188248
1.88458e+08 0.0188248
1.88481e+08 0.0187941
1.88548e+08 0.0188557
1.88548e+08 0.0189178
1.88548e+08 0.0189178
1.88548e+08 0.0189334
1.88548e+08 0.0189334
2.01128e+08 0.0182421
2.01128e+08 0.0182421
2.01128e+08 0.0190353
2.01173e+08 0.0190201
2.01419e+08 0.0189003
2.01654e+08 0.01893
2.01654e+08 0.01893
2.01677e+08 0.0189002
2.01788e+08 0.0187966
2.01822e+08 0.0188261
2.01844e+08 0.0187966
2.01856e+08 0.0187819
2.01979e+08 0.0188409
2.0199e+08 0.0188261
2.02471e+08 0.0186216
2.02706e+08 0.0187379
2.02795e+08 0.0187087
2.02806e+08 0.0186941
2.02806e+08 0.0187233
2.02806e+08 0.0188114
2.02806e+08 0.0188114
2.02806e+08 0.0188114
2.02806e+08 0.0188114
2.02806e+08 0.0188114
2.15932e+08 0.0181186
2.15932e+08 0.0181186
2.15932e+08 0.0181186
2.15999e+08 0.0180912
2.15999e+08 0.018845
2.16145e+08 0.0189738
2.16413e+08 0.0189306
2.16413e+08 0.0189306
2.16503e+08 0.0188449
2.16581e+08 0.0188877
2.16592e+08 0.0189163
2.16603e+08 0.0189306
2.16603e+08 0.0189449
2.16838e+08 0.0188025
2.16838e+08 0.0188166
2.1733e+08 0.0188025
2.17409e+08 0.0190026
2.17532e+08 0.0189593
2.17532e+08 0.0189737
2.17532e+08 0.0189737
2.17532e+08 0.0189737
2.17532e+08 0.0189737
2.17554e+08 0.0189449
2.17565e+08 0.0189306
2.17565e+08 0.0189306
2.31345e+08 0.0181275
2.31345e+08 0.0181275
2.31345e+08 0.0181275
2.31446e+08 0.0180881
2.31457e+08 0.018075
2.31457e+08 0.018798
2.31557e+08 0.0188525
2.32027e+08 0.0186095
2.32027e+08 0.0186095
2.3215e+08 0.0185697
2.3224e+08 0.0185564
2.32329e+08 0.0184642
2.32463e+08 0.018321
2.32463e+08 0.018321
2.32553e+08 0.0184905
2.32553e+08 0.0184905
2.32687e+08 0.0189211
2.32766e+08 0.0189211
2.32945e+08 0.0188525
2.32967e+08 0.0188252
2.32967e+08 0.0188252
2.32967e+08 0.0188252
2.32967e+08 0.0188252
2.33023e+08 0.0187844
2.33034e+08 0.0187844
2.33034e+08 0.0187844
2.47377e+08 0.0181243
2.47377e+08 0.0181243
2.47377e+08 0.0181243
2.47534e+08 0.0180613
2.47534e+08 0.0180739
2.47545e+08 0.0180613
2.47668e+08 0.0180362
2.47668e+08 0.0187299
2.48261e+08 0.0185881
2.48261e+08 0.0185881
2.48294e+08 0.0186911
2.48518e+08 0.0185369
2.4854e+08 0.0186136
2.48619e+08 0.0186781
2.48619e+08 0.0186781
2.48619e+08 0.018782
2.4863e+08 0.018769
2.48708e+08 0.0188345
2.48742e+08 0.0188872
2.48988e+08 0.0188082
2.48988e+08 0.0188344
2.48999e+08 0.0188213
2.49022e+08 0.0187951
2.49022e+08 0.0187951
2.49066e+08 0.0188082
2.49066e+08 0.0188213
2.49066e+08 0.0188213
2.63907e+08 0.018254
2.63907e+08 0.018254
2.63907e+08 0.018254
2.64176e+08 0.0181315
2.64198e+08 0.0181071
2.6421e+08 0.0181072
2.6431e+08 0.0181315
2.6431e+08 0.0181315
2.6431e+08 0.018803
2.65026e+08 0.0186651
2.65026e+08 0.0186651
2.6506e+08 0.0186651
2.65194e+08 0.0187651
2.65194e+08 0.0187903
2.65194e+08 0.018879
2.65194e+08 0.018879
2.65194e+08 0.018879
2.65194e+08 0.0188917
2.6525e+08 0.0189173
2.65284e+08 0.0189173
2.65619e+08 0.0188155
2.65619e+08 0.0188155
2.65631e+08 0.0188155
2.65631e+08 0.0188408
2.65642e+08 0.0188281
2.65642e+08 0.0188789
2.65653e+08 0.0188662
2.65653e+08 0.0188662
2.81239e+08 0.0180549
2.81239e+08 0.0180549
2.81251e+08 0.0180432
2.81374e+08 0.0181956
2.81407e+08 0.0181838
2.81407e+08 0.0181956
2.81474e+08 0.0182312
2.81474e+08 0.0182312
2.81474e+08 0.0182312
2.82224e+08 0.0181956
2.82224e+08 0.0188454
2.82257e+08 0.0188088
2.82269e+08 0.0188332
2.82325e+08 0.0189192
2.82325e+08 0.0189192
2.82325e+08 0.0189193
2.82336e+08 0.0189069
2.82336e+08 0.0189069
2.82336e+08 0.0189069
2.82358e+08 0.0189441
2.82481e+08 0.0188457
2.82895e+08 0.01876
2.82907e+08 0.0187479
2.82963e+08 0.0186995
2.82974e+08 0.0186875
2.82996e+08 0.0186754
2.82996e+08 0.0186754
2.83074e+08 0.0186035
2.83086e+08 0.0185916
2.98939e+08 0.0183108
2.98939e+08 0.0183107
2.98939e+08 0.0183223
2.99163e+08 0.0182188
2.99163e+08 0.0182532
2.99163e+08 0.0182532
2.99253e+08 0.0182302
2.99264e+08 0.0182187
2.99297e+08 0.0181844
2.9998e+08 0.0182531
2.9998e+08 0.0182531
2.99991e+08 0.0188706
3.00013e+08 0.0188825
3.00013e+08 0.0188944
3.00058e+08 0.0189064
3.00069e+08 0.0188945
3.00069e+08 0.0188945
3.00114e+08 0.0188588
3.00125e+08 0.018847
3.00136e+08 0.0188351
3.00136e+08 0.0188588
3.00204e+08 0.0189183
3.00707e+08 0.0188233
3.00707e+08 0.0188351
3.0073e+08 0.0188706
3.00763e+08 0.0188469
3.0083e+08 0.0187997
3.0083e+08 0.0187997
3.00864e+08 0.0188469
3.00886e+08 0.018835
3.17201e+08 0.0183594
3.17224e+08 0.018337
3.17224e+08 0.018337
3.17514e+08 0.0182699
3.17537e+08 0.0182477
3.17548e+08 0.0182366
3.17738e+08 0.0181374
3.17794e+08 0.0180936
3.17794e+08 0.0181264
3.18353e+08 0.0182477
3.18443e+08 0.0181593
3.18488e+08 0.0181264
3.18532e+08 0.0181045
3.18532e+08 0.018708
3.18532e+08 0.018708
3.18588e+08 0.0186968
3.18588e+08 0.018708
3.18588e+08 0.018708
3.18588e+08 0.0187534
3.18611e+08 0.018742
3.18611e+08 0.0187533
3.18611e+08 0.0187533
3.18711e+08 0.0187193
3.19204e+08 0.0187305
3.19204e+08 0.0187306
3.19204e+08 0.0187532
3.19204e+08 0.0187873
3.19204e+08 0.0188558
3.19226e+08 0.0188329
3.19249e+08 0.0188445
3.1926e+08 0.0188559
3.36042e+08 0.0183885
3.36109e+08 0.018345
3.36142e+08 0.0183125
3.36511e+08 0.0182371
3.36511e+08 0.0182586
3.36523e+08 0.0182586
3.36724e+08 0.0182478
3.36746e+08 0.0182801
3.36746e+08 0.0182801
3.37518e+08 0.0180775
3.37563e+08 0.0181197
3.37563e+08 0.0181622
3.37585e+08 0.0181836
3.37608e+08 0.0181623
3.37608e+08 0.0187481
3.37608e+08 0.0187481
3.37608e+08 0.0188032
3.37608e+08 0.0188032
3.37608e+08 0.0188032
3.37608e+08 0.0188032
3.3763e+08 0.0188032
3.3763e+08 0.0188032
3.3763e+08 0.0188032
3.3772e+08 0.0188143
3.38167e+08 0.0188586
3.38167e+08 0.0188586
3.38168e+08 0.0188586
3.38179e+08 0.0188475
3.3819e+08 0.0188364
3.3819e+08 0.0188586
3.38246e+08 0.0188253
3.38291e+08 0.0187921
3.55649e+08 0.0182393
3.55683e+08 0.0182705
3.55728e+08 0.0182601
3.56108e+08 0.0182497
3.56175e+08 0.0181874
3.56175e+08 0.0181978
3.56432e+08 0.0181461
3.56455e+08 0.0181461
3.56455e+08 0.0181461
3.57126e+08 0.0182392
3.57182e+08 0.0182289
3.57193e+08 0.0182185
3.57193e+08 0.0182392
3.57204e+08 0.0182496
3.57204e+08 0.0182496
3.57204e+08 0.0182496
3.57204e+08 0.0188199
3.57215e+08 0.0188092
3.57215e+08 0.0188092
3.57215e+08 0.0188092
3.57215e+08 0.0188092
3.57215e+08 0.0188306
3.57238e+08 0.0188091
3.5726e+08 0.0187877
3.57417e+08 0.0187238
3.57775e+08 0.0188092
3.57786e+08 0.0187985
3.57786e+08 0.0187985
3.57797e+08 0.0187985
3.57831e+08 0.0187771
3.57853e+08 0.0187558
3.57887e+08 0.0187771
3.57909e+08 0.0187985
3.75792e+08 0.0183098
3.75937e+08 0.0182088
3.75959e+08 0.0182289
3.76306e+08 0.0182591
3.76329e+08 0.0182997
3.76329e+08 0.0182997
3.76675e+08 0.0182189
3.76731e+08 0.0181887
3.76731e+08 0.0181887
3.7738e+08 0.0182087
3.77402e+08 0.0182389
3.77447e+08 0.0182088
3.77447e+08 0.0182088
3.77447e+08 0.0182188
3.77447e+08 0.0182188
3.77469e+08 0.0181987
3.77469e+08 0.0181987
3.77469e+08 0.0187502
3.77469e+08 0.0187606
3.77481e+08 0.0187502
3.77503e+08 0.0187295
3.77503e+08 0.0187295
3.77503e+08 0.0187295
3.77526e+08 0.0187295
3.77526e+08 0.0187502
3.77682e+08 0.0187501
3.77951e+08 0.0188334
3.77985e+08 0.0188125
3.77985e+08 0.0188125
3.7804e+08 0.018771
3.78085e+08 0.0187606
3.78085e+08 0.0187813
3.78119e+08 0.0187812
3.78186e+08 0.0187397
3.96514e+08 0.0183366
3.9657e+08 0.0184161
3.96581e+08 0.0184261
3.97152e+08 0.0182285
3.97208e+08 0.0181992
3.97208e+08 0.0181992
3.9742e+08 0.0183168
3.97431e+08 0.0183564
3.97431e+08 0.0183564
3.98102e+08 0.0183366
3.98114e+08 0.0183465
3.98114e+08 0.0183862
3.98114e+08 0.0183862
3.98125e+08 0.0183762
3.98125e+08 0.0183762
3.98147e+08 0.0183762
3.98147e+08 0.0183762
3.98147e+08 0.0183762
3.98147e+08 0.0183762
3.98181e+08 0.018886
3.98214e+08 0.0188657
3.98214e+08 0.018886
3.98214e+08 0.018886
3.98226e+08 0.0188758
3.98248e+08 0.0188759
3.98248e+08 0.0188759
3.98394e+08 0.018886
3.98696e+08 0.0188555
3.98729e+08 0.0188556
3.98729e+08 0.0188556
3.98741e+08 0.0188963
3.98797e+08 0.0188861
3.98797e+08 0.0188861
3.98819e+08 0.0188963
3.98942e+08 0.0188453
4.17721e+08 0.0184449
4.17877e+08 0.0183578
4.17911e+08 0.0183385
4.18548e+08 0.0182811
4.18615e+08 0.0182716
4.18638e+08 0.0182525
4.18727e+08 0.0183578
4.18772e+08 0.018329
4.18783e+08 0.0183194
4.19421e+08 0.0183481
4.19421e+08 0.0183578
4.19455e+08 0.0183289
4.19455e+08 0.0183289
4.19455e+08 0.0183385
4.19455e+08 0.0183385
4.19488e+08 0.0183289
4.19488e+08 0.0183289
4.19488e+08 0.0183289
4.19488e+08 0.0183289
4.19499e+08 0.0183482
4.19511e+08 0.0188625
4.19511e+08 0.0188922
4.19511e+08 0.0188922
4.19522e+08 0.0188823
4.19522e+08 0.0188922
4.19533e+08 0.0189021
4.19533e+08 0.0189021
4.19701e+08 0.0188823
4.20026e+08 0.0188624
4.20048e+08 0.0188724
4.2007e+08 0.0188526
4.20093e+08 0.0188428
4.20093e+08 0.0188922
4.20104e+08 0.0188823
4.20193e+08 0.018823
4.20283e+08 0.0188525
4.39777e+08 0.0182414
4.39855e+08 0.0183064
4.4e+08 0.0182138
4.40526e+08 0.0183064
4.40537e+08 0.0183531
4.40548e+08 0.0183625
4.40604e+08 0.0183906
4.40649e+08 0.0183906
4.40671e+08 0.0183812
4.41343e+08 0.018353
4.41354e+08 0.0183437
4.4141e+08 0.018325
4.4141e+08 0.018325
4.4141e+08 0.018325
4.4141e+08 0.018325
4.4141e+08 0.018353
4.4141e+08 0.018353
4.4141e+08 0.018353
4.4141e+08 0.018353
4.41421e+08 0.018353
4.41455e+08 0.0183343
4.41455e+08 0.0183343
4.41455e+08 0.0188436
4.41455e+08 0.0188436
4.41477e+08 0.018834
4.415e+08 0.0188149
4.415e+08 0.0188244
4.41511e+08 0.0188148
4.416e+08 0.0188821
4.41992e+08 0.0188245
4.41992e+08 0.0188436
4.41992e+08 0.0188628
4.41992e+08 0.0188821
4.42003e+08 0.0188725
4.42003e+08 0.0188821
4.42126e+08 0.0188533
4.42216e+08 0.0188532
4.62109e+08 0.0185158
4.62266e+08 0.0184511
4.62445e+08 0.0184234
4.62848e+08 0.0185249
4.62859e+08 0.0185249
4.6287e+08 0.0185249
4.62915e+08 0.0185342
4.62915e+08 0.0185714
4.62926e+08 0.0185807
4.63754e+08 0.018451
4.63776e+08 0.0184418
4.63799e+08 0.0184694
4.63799e+08 0.0184694
4.63821e+08 0.0184509
4.63843e+08 0.0184325
4.63844e+08 0.0184325
4.63855e+08 0.0184233
4.63855e+08 0.0184233
4.63855e+08 0.0184233
4.63866e+08 0.0184233
4.63899e+08 0.0184234
4.63911e+08 0.0184142
4.63922e+08 0.018405
4.63922e+08 0.0189024
4.63922e+08 0.0189024
4.63944e+08 0.0189024
4.63967e+08 0.0189025
4.63967e+08 0.0189025
4.63967e+08 0.0189119
4.64224e+08 0.0187717
4.64493e+08 0.0188743
4.64515e+08 0.0188556
4.64515e+08 0.0188556
4.64526e+08 0.0188463
4.64526e+08 0.0188556
4.64526e+08 0.0188556
4.64593e+08 0.0189025
4.64683e+08 0.0189025
4.85155e+08 0.0184279
4.85178e+08 0.0185358
4.85502e+08 0.0184189
4.85871e+08 0.0184457
4.85871e+08 0.0184546
4.85905e+08 0.0184367
4.85927e+08 0.0184546
4.85927e+08 0.0184546
4.85949e+08 0.0184457
4.86778e+08 0.0184456
4.86778e+08 0.0184635
4.868e+08 0.0184635
4.86811e+08 0.0184545
4.86822e+08 0.0184635
4.86833e+08 0.0184725
4.86833e+08 0.0184725
4.86845e+08 0.0184725
4.86845e+08 0.0184725
4.86845e+08 0.0184725
4.86845e+08 0.0184815
4.86912e+08 0.0184546
4.86912e+08 0.0184635
4.86979e+08 0.0184187
4.87001e+08 0.0184009
4.87024e+08 0.0188669
4.87024e+08 0.0188669
4.87024e+08 0.0188851
4.87024e+08 0.0189034
4.87024e+08 0.0189034
4.87024e+08 0.0189034
4.87382e+08 0.0188214
4.87594e+08 0.0188669
4.87594e+08 0.0188852
4.87606e+08 0.018876
4.87606e+08 0.0188852
4.87628e+08 0.0188669
4.87628e+08 0.0188669
4.8765e+08 0.0189035
4.87785e+08 0.0188669
5.08862e+08 0.0183854
5.08918e+08 0.0183595
5.09119e+08 0.0184551
5.09466e+08 0.0184725
5.095e+08 0.0184464
5.095e+08 0.0184726
5.09544e+08 0.0184551
5.09544e+08 0.0184551
5.09544e+08 0.0184726
5.10551e+08 0.0183335
5.10551e+08 0.0183335
5.10563e+08 0.0183421
5.10585e+08 0.0183335
5.10607e+08 0.0183249
5.10619e+08 0.0183249
5.10619e+08 0.0183249
5.10663e+08 0.0182991
5.10663e+08 0.0182991
5.10663e+08 0.0182991
5.10663e+08 0.0182991
5.1073e+08 0.018299
5.10753e+08 0.0182819
5.10909e+08 0.0182136
5.10932e+08 0.0182136
5.10932e+08 0.0182306
5.10943e+08 0.0182221
5.10965e+08 0.0186718
5.10965e+08 0.0186718
5.10988e+08 0.0186544
5.10988e+08 0.0186544
5.10988e+08 0.0186544
5.11033e+08 0.0189013
5.11324e+08 0.018839
5.11324e+08 0.018839
5.11324e+08 0.0188479
5.11324e+08 0.0188479
5.11335e+08 0.0188568
5.11346e+08 0.0188479
5.11391e+08 0.0188302
5.11559e+08 0.0188036
5.33276e+08 0.0183105
5.33287e+08 0.0183441
5.33444e+08 0.0183778
5.33701e+08 0.0184457
5.33735e+08 0.0184457
5.33735e+08 0.0184457
5.33779e+08 0.0184458
5.3378e+08 0.0184457
5.33791e+08 0.0184372
5.34776e+08 0.0184541
5.34776e+08 0.0184541
5.3482e+08 0.0184286
5.34832e+08 0.0184371
5.34854e+08 0.0184371
5.3491e+08 0.0184031
5.34943e+08 0.0183777
5.34966e+08 0.0183946
5.34966e+08 0.0183946
5.34966e+08 0.0183946
5.34966e+08 0.0183946
5.35145e+08 0.0183104
5.35201e+08 0.0182853
5.35257e+08 0.0183609
5.35257e+08 0.0183777
5.35257e+08 0.0183777
5.35257e+08 0.0183862
5.35268e+08 0.0183946
5.35268e+08 0.0188545
5.35268e+08 0.0188545
5.35268e+08 0.0188719
5.35268e+08 0.0188719
5.35268e+08 0.0188719
5.35346e+08 0.0188459
5.35514e+08 0.0189417
5.35525e+08 0.0189329
5.35525e+08 0.0189329
5.35537e+08 0.0189241
5.35548e+08 0.0189242
5.35559e+08 0.0189242
5.35581e+08 0.0189417
5.35817e+08 0.0188893
5.58164e+08 0.0184111
5.58164e+08 0.0184194
5.58354e+08 0.0183945
5.586e+08 0.0184028
5.58623e+08 0.0184111
5.58623e+08 0.0184111
5.58656e+08 0.0184193
5.58667e+08 0.0184111
5.58667e+08 0.0184194
5.59697e+08 0.0183862
5.59697e+08 0.0183862
5.59731e+08 0.0183945
5.59731e+08 0.0184027
5.59742e+08 0.018411
5.59787e+08 0.0184193
5.5982e+08 0.0184193
5.59887e+08 0.0183862
5.59921e+08 0.0183615
5.59921e+08 0.0183615
5.59921e+08 0.0183615
5.59999e+08 0.0184358
5.60089e+08 0.018411
5.60122e+08 0.0184276
5.60133e+08 0.0184193
5.60156e+08 0.0184027
5.60156e+08 0.0184027
5.60156e+08 0.018411
5.60156e+08 0.018411
5.60156e+08 0.018411
5.60156e+08 0.0188601
5.60156e+08 0.0188601
5.60156e+08 0.0188601
5.60156e+08 0.0188601
5.60234e+08 0.0188601
5.60447e+08 0.0188262
5.60447e+08 0.0188347
5.60447e+08 0.0188347
5.60469e+08 0.0188262
5.60469e+08 0.0188347
5.60469e+08 0.0188431
5.60469e+08 0.0188601
5.60716e+08 0.0188516
5.83656e+08 0.0184128
5.83656e+08 0.0184128
5.83936e+08 0.0183484
5.84037e+08 0.0184532
5.84048e+08 0.0184614
5.8407e+08 0.0184451
5.84115e+08 0.0184371
5.84115e+08 0.0184452
5.84171e+08 0.0184047
5.85223e+08 0.0183885
5.85223e+08 0.0183885
5.85346e+08 0.0183243
5.85346e+08 0.0183243
5.8538e+08 0.0183083
5.8538e+08 0.0183403
5.8538e+08 0.0183644
5.8538e+08 0.0184127
5.85436e+08 0.0183966
5.85447e+08 0.0183886
5.85447e+08 0.0183886
5.85548e+08 0.0183724
5.85548e+08 0.0184369
5.85581e+08 0.018437
5.85581e+08 0.0184451
5.85581e+08 0.0184613
5.85581e+08 0.0184613
5.85581e+08 0.0184613
5.85581e+08 0.0184613
5.85581e+08 0.0184613
5.85592e+08 0.0184532
5.85592e+08 0.0188926
5.85592e+08 0.0188926
5.85604e+08 0.0188842
5.85604e+08 0.0188842
5.85615e+08 0.0189342
5.85917e+08 0.0188677
5.85917e+08 0.0188677
5.85917e+08 0.0188677
5.8595e+08 0.0188594
5.8595e+08 0.0188594
5.85962e+08 0.0188511
5.85962e+08 0.0188511
5.86186e+08 0.0188677
6.09702e+08 0.0184505
6.09725e+08 0.0184347
6.10049e+08 0.0184031
6.10172e+08 0.0183874
6.10183e+08 0.0183874
6.10262e+08 0.0183481
6.10273e+08 0.0183716
6.10295e+08 0.0183559
6.10295e+08 0.0183952
6.11459e+08 0.0183168
6.11459e+08 0.0183168
6.11538e+08 0.0183481
6.11549e+08 0.0183402
6.11549e+08 0.0183637
6.11549e+08 0.0183637
6.11549e+08 0.0183637
6.11549e+08 0.0183637
6.11549e+08 0.018403
6.11549e+08 0.0184109
6.11549e+08 0.0184109
6.11616e+08 0.0184346
6.11616e+08 0.0184346
6.11616e+08 0.0184584
6.11627e+08 0.0184504
6.11627e+08 0.0184504
6.11627e+08 0.0184504
6.11627e+08 0.0184504
6.11627e+08 0.0184504
6.11638e+08 0.0184425
6.1165e+08 0.0184425
6.11661e+08 0.0184346
6.11661e+08 0.0184346
6.11672e+08 0.0188552
6.11672e+08 0.0188633
6.11672e+08 0.0188633
6.11706e+08 0.0188472
6.12052e+08 0.0188149
6.12052e+08 0.0188149
6.12052e+08 0.0188149
6.12064e+08 0.018831
6.12075e+08 0.0188229
6.12086e+08 0.0188229
6.12086e+08 0.0188229
6.1221e+08 0.0188958
6.15037e+08 0.0921744
6.15114e+08 0.091245
6.15272e+08 0.094144
