5.39671e+06 0.0020712
8.35217e+06 0.00378143
8.35217e+06 0.00756284
9.89745e+06 0.0144645
9.95333e+06 0.0139597
1.2176e+07 0.0098097
1.2176e+07 0.0147145
1.2176e+07 0.0150844
1.45578e+07 0.0140766
1.45578e+07 0.0140766
1.45578e+07 0.0187688
1.45578e+07 0.0187688
1.77255e+07 0.014112
1.77256e+07 0.014112
1.77256e+07 0.014112
1.77256e+07 0.014112
1.77256e+07 0.0176399
2.1125e+07 0.0164376
2.1125e+07 0.0164376
2.11363e+07 0.0163836
2.11363e+07 0.0163836
2.11363e+07 0.0163836
2.11363e+07 0.0196602
2.52738e+07 0.0161626
2.52738e+07 0.0161626
2.52962e+07 0.0161192
2.53521e+07 0.0159054
2.53521e+07 0.0159054
2.53521e+07 0.0159054
2.53522e+07 0.0185563
2.92996e+07 0.0194325
2.92996e+07 0.0194325
2.93333e+07 0.0193782
2.93557e+07 0.0195404
2.93557e+07 0.0195404
2.93557e+07 0.0195404
2.93557e+07 0.0195404
3.4124e+07 0.0162158
3.4124e+07 0.0185323
3.41352e+07 0.0184893
3.41689e+07 0.0184893
3.41913e+07 0.0184895
3.42136e+07 0.0184043
3.42136e+07 0.0184043
3.42136e+07 0.0184043
3.94382e+07 0.0168241
3.94382e+07 0.0168241
3.94382e+07 0.0189271
3.9483e+07 0.0188085
3.9539e+07 0.0187302
3.9539e+07 0.0188085
3.9539e+07 0.0188875
3.9539e+07 0.0188875
3.9539e+07 0.0188875
4.54636e+07 0.0166931
4.54636e+07 0.0166931
4.54637e+07 0.0166931
4.54637e+07 0.0168179
4.54637e+07 0.0186865
4.55085e+07 0.0187216
4.55197e+07 0.0186865
4.55197e+07 0.0186866
4.55197e+07 0.0186866
4.55197e+07 0.0186866
5.1961e+07 0.0172006
5.1961e+07 0.0172006
5.1961e+07 0.0172006
5.19722e+07 0.0171712
5.19722e+07 0.0171712
5.19834e+07 0.0188559
5.20058e+07 0.0189207
5.2017e+07 0.0189207
5.20171e+07 0.0189207
5.20171e+07 0.0189207
5.20283e+07 0.0188882
5.91558e+07 0.0170866
5.91558e+07 0.0170866
5.9167e+07 0.0170601
5.9167e+07 0.0170866
5.9167e+07 0.0170866
5.9167e+07 0.0171131
5.91782e+07 0.01714
5.91894e+07 0.018669
5.91895e+07 0.0186981
5.92007e+07 0.018669
5.92007e+07 0.018669
5.9223e+07 0.0186399
6.6848e+07 0.0174346
6.68592e+07 0.0174093
6.69375e+07 0.0172589
6.69375e+07 0.0172589
6.69711e+07 0.0171847
6.69711e+07 0.0171847
6.70046e+07 0.0171356
6.70046e+07 0.0171602
6.70047e+07 0.0185901
6.70047e+07 0.0185901
6.70159e+07 0.0185901
6.70159e+07 0.0185901
6.70271e+07 0.0186168
7.50914e+07 0.0176245
7.50914e+07 0.0176484
7.51921e+07 0.0176006
7.51921e+07 0.0176006
7.51922e+07 0.0176724
7.51922e+07 0.0176724
7.52257e+07 0.0176724
7.52257e+07 0.0176724
7.52258e+07 0.0176724
7.52258e+07 0.0190318
7.5237e+07 0.0190059
7.5237e+07 0.0190318
7.5237e+07 0.0190318
7.5237e+07 0.0190577
8.38981e+07 0.0177664
8.38981e+07 0.0177664
8.3954e+07 0.0178572
8.3954e+07 0.0178572
8.39652e+07 0.0178345
8.39652e+07 0.0178345
8.39653e+07 0.0179028
8.39653e+07 0.0179028
8.401e+07 0.0178117
8.4066e+07 0.017699
8.41219e+07 0.0176099
8.41331e+07 0.018844
8.41331e+07 0.018844
8.41331e+07 0.018844
8.41331e+07 0.018844
9.32754e+07 0.017877
9.32977e+07 0.0178345
9.33313e+07 0.017877
9.33313e+07 0.017877
9.33313e+07 0.0178983
9.33537e+07 0.0178557
9.34208e+07 0.0177291
9.34208e+07 0.0177291
9.34208e+07 0.0178134
9.34544e+07 0.0178559
9.34544e+07 0.0179629
9.34544e+07 0.0179844
9.34544e+07 0.0191833
9.34544e+07 0.0191833
9.34544e+07 0.0191833
9.34768e+07 0.0191375
1.03262e+08 0.0179055
1.03262e+08 0.0179457
1.03284e+08 0.0179658
1.03284e+08 0.0179658
1.03296e+08 0.0179456
1.03329e+08 0.0179256
1.03385e+08 0.0179457
1.03385e+08 0.0179456
1.03385e+08 0.0179457
1.03396e+08 0.017986
1.03396e+08 0.017986
1.03396e+08 0.017986
1.03396e+08 0.017986
1.03396e+08 0.017986
1.03419e+08 0.0190672
1.03419e+08 0.0190672
1.03419e+08 0.0191101
1.13976e+08 0.0177331
1.13987e+08 0.0177146
1.1402e+08 0.0176963
1.1402e+08 0.0176963
1.14065e+08 0.0176411
1.14065e+08 0.0176963
1.1411e+08 0.0177147
1.14132e+08 0.0176779
1.14132e+08 0.0176779
1.14155e+08 0.0176595
1.14166e+08 0.0176411
1.14166e+08 0.0176411
1.14166e+08 0.0176411
1.14166e+08 0.0176411
1.14166e+08 0.0176779
1.14166e+08 0.0187177
1.14166e+08 0.0187177
1.14166e+08 0.0187177
1.25497e+08 0.0174601
1.25531e+08 0.0174263
1.25531e+08 0.017477
1.25531e+08 0.017477
1.25564e+08 0.017494
1.25575e+08 0.017477
1.2562e+08 0.017477
1.2562e+08 0.017511
1.2562e+08 0.017511
1.2562e+08 0.0175451
1.2562e+08 0.0175623
1.2562e+08 0.0175623
1.25632e+08 0.0175451
1.25632e+08 0.0175451
1.25632e+08 0.0175451
1.25632e+08 0.0175451
1.25632e+08 0.0175451
1.25632e+08 0.0185198
1.25632e+08 0.0185199
1.37599e+08 0.017546
1.37599e+08 0.0175948
1.37599e+08 0.0175948
1.37599e+08 0.0175948
1.3761e+08 0.0176274
1.3761e+08 0.0176438
1.3761e+08 0.0177096
1.3761e+08 0.0177096
1.37611e+08 0.0177096
1.37611e+08 0.0177096
1.37622e+08 0.0176931
1.37622e+08 0.0176931
1.37622e+08 0.0177096
1.37622e+08 0.0177096
1.37622e+08 0.0177096
1.37622e+08 0.0177096
1.37622e+08 0.0177096
1.37622e+08 0.0177096
1.37622e+08 0.0186417
1.37622e+08 0.0186417
1.49945e+08 0.0181041
1.49957e+08 0.0180877
1.49957e+08 0.0180877
1.49957e+08 0.0180877
1.50046e+08 0.017974
1.50046e+08 0.017974
1.50124e+08 0.0178616
1.50124e+08 0.0178616
1.50124e+08 0.0178616
1.50169e+08 0.0177979
1.5018e+08 0.017798
1.50192e+08 0.0177821
1.50192e+08 0.0177821
1.50192e+08 0.0177821
1.50192e+08 0.0177821
1.50192e+08 0.0177821
1.50192e+08 0.0177821
1.50192e+08 0.0177821
1.50192e+08 0.0177821
1.50192e+08 0.0177821
1.50192e+08 0.0186712
1.63027e+08 0.0179413
1.63027e+08 0.0179566
1.63049e+08 0.0179259
1.63049e+08 0.0179259
1.63071e+08 0.0180182
1.63071e+08 0.0180182
1.63116e+08 0.0180649
1.63138e+08 0.0180338
1.63138e+08 0.0180338
1.63138e+08 0.018096
1.6315e+08 0.018096
1.63183e+08 0.0180648
1.63206e+08 0.0180337
1.63206e+08 0.0180337
1.63206e+08 0.0180337
1.63206e+08 0.0180337
1.63206e+08 0.0180337
1.63206e+08 0.0180337
1.63206e+08 0.0180337
1.63206e+08 0.0180337
1.63239e+08 0.0179874
1.63239e+08 0.0188439
1.75923e+08 0.0190649
1.75923e+08 0.0190649
1.75923e+08 0.019098
1.75923e+08 0.019098
1.75923e+08 0.0191313
1.75923e+08 0.0191313
1.75957e+08 0.0191479
1.7599e+08 0.0191313
1.76024e+08 0.0190814
1.76035e+08 0.0190649
1.76035e+08 0.0190814
1.76057e+08 0.0190981
1.76102e+08 0.0190649
1.76102e+08 0.0190649
1.76102e+08 0.0190649
1.76124e+08 0.019032
1.76124e+08 0.019032
1.76124e+08 0.019032
1.76158e+08 0.0189826
1.76169e+08 0.0189663
1.76169e+08 0.0190154
1.76236e+08 0.0189173
1.89734e+08 0.0178022
1.89734e+08 0.0186114
1.89768e+08 0.0185663
1.89768e+08 0.0185663
1.89768e+08 0.0185663
1.89768e+08 0.0185663
1.89768e+08 0.0185663
1.89779e+08 0.0185963
1.89779e+08 0.0186415
1.89812e+08 0.0186416
1.89824e+08 0.0186416
1.89824e+08 0.0186416
1.89824e+08 0.0186719
1.89824e+08 0.0187328
1.89824e+08 0.0187328
1.89824e+08 0.0187328
1.89824e+08 0.0187634
1.89824e+08 0.0187634
1.89835e+08 0.0187481
1.89835e+08 0.018794
1.89835e+08 0.0188094
1.89835e+08 0.0188094
1.89835e+08 0.0189021
2.04015e+08 0.0179992
2.04015e+08 0.0179992
2.04015e+08 0.0187818
2.04015e+08 0.018826
2.04015e+08 0.018826
2.04015e+08 0.018826
2.04015e+08 0.018826
2.04015e+08 0.018826
2.04026e+08 0.018826
2.04026e+08 0.018826
2.04026e+08 0.0188704
2.04038e+08 0.0188704
2.04038e+08 0.0188704
2.04038e+08 0.0188704
2.04038e+08 0.0188704
2.04038e+08 0.0188704
2.04038e+08 0.0188704
2.04038e+08 0.0188704
2.04038e+08 0.0188704
2.04038e+08 0.0188852
2.04038e+08 0.0188853
2.04038e+08 0.0188852
2.04038e+08 0.0188853
2.04049e+08 0.0188704
2.18875e+08 0.0180503
2.18875e+08 0.0180503
2.18875e+08 0.0180503
2.18875e+08 0.0180503
2.18875e+08 0.0188023
2.18875e+08 0.0188023
2.18875e+08 0.0188023
2.18875e+08 0.0188023
2.18875e+08 0.0188023
2.18875e+08 0.0188165
2.18886e+08 0.0188023
2.18886e+08 0.0188023
2.18886e+08 0.0188165
2.18886e+08 0.0188165
2.18886e+08 0.0188165
2.18886e+08 0.0188165
2.18897e+08 0.0188023
2.18897e+08 0.0188023
2.18897e+08 0.0188023
2.18897e+08 0.0188023
2.18897e+08 0.0188024
2.18897e+08 0.0188023
2.18897e+08 0.0188023
2.18897e+08 0.0188023
2.18931e+08 0.0187741
2.34299e+08 0.0181141
2.34299e+08 0.0181141
2.34299e+08 0.0181141
2.34299e+08 0.0181141
2.34299e+08 0.0181141
2.34299e+08 0.0188387
2.34299e+08 0.0188387
2.34299e+08 0.0188387
2.34299e+08 0.0188387
2.34299e+08 0.0188387
2.34299e+08 0.0188387
2.34299e+08 0.0188524
2.34299e+08 0.0188524
2.34321e+08 0.0188251
2.34333e+08 0.0188115
2.34333e+08 0.0188115
2.34333e+08 0.0188115
2.34333e+08 0.0188251
2.34333e+08 0.0188251
2.34333e+08 0.0188251
2.34333e+08 0.0188251
2.34333e+08 0.0188251
2.34333e+08 0.0188251
2.34333e+08 0.0188251
2.34333e+08 0.0188251
2.34378e+08 0.0188115
2.50365e+08 0.0180864
2.50365e+08 0.0180863
2.50365e+08 0.0180863
2.50376e+08 0.0180738
2.50387e+08 0.0180612
2.50387e+08 0.0180612
2.50398e+08 0.0180487
2.50398e+08 0.0187429
2.50398e+08 0.0187429
2.50398e+08 0.0187429
2.50398e+08 0.0187429
2.50398e+08 0.0187429
2.50398e+08 0.0187428
2.50398e+08 0.0187428
2.5041e+08 0.0187558
2.5041e+08 0.0187689
2.50421e+08 0.0187558
2.50421e+08 0.0187558
2.50421e+08 0.0187558
2.50421e+08 0.0187558
2.50421e+08 0.0187558
2.50421e+08 0.0187558
2.50421e+08 0.0187558
2.50432e+08 0.0187428
2.50432e+08 0.0187428
2.50432e+08 0.0187428
2.50499e+08 0.0187167
2.66862e+08 0.018291
2.66862e+08 0.018291
2.66862e+08 0.018291
2.66862e+08 0.0183034
2.66862e+08 0.0183158
2.66862e+08 0.0183158
2.66862e+08 0.0183283
2.66862e+08 0.0183283
2.66862e+08 0.0190071
2.66873e+08 0.0189942
2.66884e+08 0.0189813
2.66884e+08 0.0189813
2.66896e+08 0.0189684
2.66896e+08 0.0189685
2.66907e+08 0.0189556
2.66907e+08 0.0189685
2.66929e+08 0.0189428
2.66929e+08 0.0189556
2.66929e+08 0.0189556
2.66929e+08 0.0189556
2.66929e+08 0.0189556
2.66929e+08 0.0189556
2.66929e+08 0.0189556
2.66952e+08 0.01893
2.66952e+08 0.0189428
2.66952e+08 0.0189428
2.66952e+08 0.0189428
2.67108e+08 0.0188408
2.83937e+08 0.0183266
2.83937e+08 0.0183266
2.83937e+08 0.0183266
2.83937e+08 0.0183266
2.83948e+08 0.0183146
2.83948e+08 0.0183146
2.83948e+08 0.0183146
2.83948e+08 0.0183146
2.83959e+08 0.0183026
2.8397e+08 0.0183026
2.8397e+08 0.0189563
2.83982e+08 0.0189563
2.83982e+08 0.0189563
2.83982e+08 0.0189687
2.83982e+08 0.0189687
2.83982e+08 0.0189811
2.83982e+08 0.0189811
2.84004e+08 0.0189811
2.84004e+08 0.0189811
2.84015e+08 0.0189687
2.84015e+08 0.0189687
2.84015e+08 0.0189687
2.84026e+08 0.0189563
2.84026e+08 0.0189562
2.84026e+08 0.0189811
2.84038e+08 0.0189686
2.84038e+08 0.0189686
2.84038e+08 0.0189686
2.84206e+08 0.0189562
3.0167e+08 0.0182761
3.0167e+08 0.0182761
3.0167e+08 0.0182761
3.0167e+08 0.018276
3.0167e+08 0.0182876
3.0167e+08 0.0182876
3.0167e+08 0.0182876
3.0167e+08 0.0182876
3.0167e+08 0.0182991
3.01682e+08 0.0182991
3.01682e+08 0.0182991
3.01682e+08 0.0189301
3.01682e+08 0.0189421
3.01682e+08 0.0189421
3.01693e+08 0.0189301
3.01693e+08 0.0189301
3.01704e+08 0.0189182
3.01704e+08 0.0189182
3.01715e+08 0.0189302
3.01715e+08 0.0189302
3.01715e+08 0.0189421
3.01715e+08 0.0189421
3.01715e+08 0.0189421
3.01726e+08 0.0189421
3.01738e+08 0.0189301
3.01738e+08 0.0189301
3.01738e+08 0.0189421
3.01738e+08 0.0189421
3.01782e+08 0.0188944
3.01883e+08 0.018966
3.19966e+08 0.0183256
3.19966e+08 0.0183256
3.19966e+08 0.0183257
3.19977e+08 0.0183145
3.19999e+08 0.0182921
3.19999e+08 0.0182921
3.19999e+08 0.0182921
3.19999e+08 0.0182921
3.20011e+08 0.018281
3.20011e+08 0.0182921
3.20022e+08 0.018281
3.20022e+08 0.018281
3.20033e+08 0.0182699
3.20033e+08 0.0188788
3.20033e+08 0.0188788
3.20067e+08 0.0188558
3.20078e+08 0.0188444
3.20078e+08 0.0188558
3.20078e+08 0.0188558
3.20078e+08 0.0188673
3.20078e+08 0.0188673
3.20078e+08 0.0188673
3.20078e+08 0.0188673
3.20078e+08 0.0188673
3.20078e+08 0.0188788
3.20089e+08 0.0188789
3.20089e+08 0.0188789
3.20111e+08 0.0188559
3.20111e+08 0.0188559
3.20134e+08 0.0188788
3.20201e+08 0.0189134
3.38795e+08 0.0183994
3.38795e+08 0.0183994
3.38795e+08 0.0183994
3.38862e+08 0.0183449
3.38874e+08 0.0183558
3.38874e+08 0.0183558
3.38885e+08 0.0183449
3.38885e+08 0.0183449
3.38896e+08 0.0183449
3.38896e+08 0.0183449
3.38896e+08 0.0183558
3.38896e+08 0.0183558
3.38896e+08 0.0183666
3.38896e+08 0.0183666
3.38896e+08 0.0189591
3.38907e+08 0.0189479
3.38974e+08 0.0189143
3.38974e+08 0.0189255
3.38974e+08 0.0189255
3.38974e+08 0.0189255
3.38974e+08 0.0189254
3.38974e+08 0.0189254
3.38974e+08 0.0189254
3.38974e+08 0.0189254
3.38974e+08 0.0189254
3.38974e+08 0.0189254
3.38975e+08 0.0189366
3.38975e+08 0.0189366
3.38986e+08 0.0189478
3.38986e+08 0.0189479
3.38997e+08 0.0189591
3.39087e+08 0.0189367
3.58403e+08 0.0182392
3.58403e+08 0.0182392
3.58403e+08 0.0182392
3.58403e+08 0.0183018
3.58403e+08 0.0183122
3.58414e+08 0.0183018
3.58414e+08 0.0183123
3.58414e+08 0.0183123
3.58425e+08 0.0183123
3.58425e+08 0.0183123
3.58425e+08 0.0183123
3.58426e+08 0.0183123
3.58426e+08 0.0183123
3.58426e+08 0.0183123
3.58437e+08 0.0183018
3.58437e+08 0.0183122
3.58437e+08 0.0188845
3.58448e+08 0.0189387
3.58459e+08 0.0189278
3.5847e+08 0.018917
3.5847e+08 0.018917
3.5847e+08 0.018917
3.5847e+08 0.018917
3.5847e+08 0.018917
3.58482e+08 0.0189061
3.58482e+08 0.0189061
3.58482e+08 0.0189061
3.58482e+08 0.0189061
3.58482e+08 0.0189061
3.58515e+08 0.0188844
3.58515e+08 0.0188844
3.58526e+08 0.0188844
3.58594e+08 0.0189061
3.78557e+08 0.0182996
3.78557e+08 0.0182996
3.78557e+08 0.0182996
3.78557e+08 0.0182996
3.78557e+08 0.0182996
3.78557e+08 0.0183097
3.78557e+08 0.0183097
3.78557e+08 0.0183097
3.78557e+08 0.0183199
3.78568e+08 0.0183097
3.78568e+08 0.0183097
3.7859e+08 0.0182894
3.7859e+08 0.0182894
3.78602e+08 0.0182793
3.78613e+08 0.0182793
3.78624e+08 0.0182692
3.78646e+08 0.018249
3.78658e+08 0.0187916
3.78669e+08 0.0187916
3.78669e+08 0.018802
3.7868e+08 0.018802
3.78691e+08 0.0187916
3.78691e+08 0.0187916
3.78691e+08 0.0187916
3.78691e+08 0.0187916
3.78691e+08 0.0188019
3.78691e+08 0.0188019
3.78691e+08 0.0188019
3.78691e+08 0.0188019
3.78691e+08 0.018802
3.78691e+08 0.0188332
3.78691e+08 0.0188332
3.78691e+08 0.0188436
3.78725e+08 0.018875
3.99246e+08 0.0183663
3.99246e+08 0.0183663
3.99257e+08 0.0183563
3.99268e+08 0.0183464
3.99268e+08 0.0183464
3.99279e+08 0.0183365
3.99279e+08 0.0183365
3.99279e+08 0.0183365
3.99279e+08 0.0183365
3.99291e+08 0.0183365
3.99313e+08 0.0183168
3.99324e+08 0.0183266
3.99324e+08 0.0183266
3.99335e+08 0.0183266
3.99335e+08 0.0183365
3.99347e+08 0.0183365
3.99369e+08 0.0183365
3.9938e+08 0.0183365
3.99391e+08 0.0183365
3.99391e+08 0.0188758
3.99391e+08 0.0188758
3.99403e+08 0.0188758
3.99403e+08 0.018886
3.99403e+08 0.018886
3.99414e+08 0.0188758
3.99414e+08 0.0188758
3.99414e+08 0.0188758
3.99414e+08 0.0188758
3.99414e+08 0.0188758
3.99414e+08 0.0188758
3.99414e+08 0.0188758
3.99414e+08 0.0188758
3.99414e+08 0.0188758
3.99414e+08 0.0188758
3.99437e+08 0.018886
4.20464e+08 0.0184352
4.20464e+08 0.0184352
4.2052e+08 0.0183963
4.2052e+08 0.018406
4.2052e+08 0.018406
4.2052e+08 0.0184157
4.20531e+08 0.018406
4.20542e+08 0.0183963
4.20564e+08 0.018377
4.20564e+08 0.0183867
4.20576e+08 0.0183964
4.20609e+08 0.018377
4.20609e+08 0.018377
4.20609e+08 0.0183867
4.20609e+08 0.0183867
4.20632e+08 0.018377
4.20654e+08 0.018377
4.2071e+08 0.0183385
4.20721e+08 0.0183385
4.20721e+08 0.0183385
4.20721e+08 0.0188624
4.20732e+08 0.0188525
4.20732e+08 0.0188624
4.20743e+08 0.0188525
4.20744e+08 0.0188525
4.20744e+08 0.0188624
4.20744e+08 0.0188624
4.20744e+08 0.0188624
4.20744e+08 0.0188624
4.20744e+08 0.0188624
4.20744e+08 0.0188624
4.20744e+08 0.0188624
4.20744e+08 0.0188625
4.20744e+08 0.0188624
4.20744e+08 0.0188624
4.20766e+08 0.0188624
4.42363e+08 0.0183718
4.42363e+08 0.0183718
4.42397e+08 0.0183906
4.42408e+08 0.0183812
4.42408e+08 0.0183812
4.42419e+08 0.0183718
4.42453e+08 0.0183531
4.42475e+08 0.0183437
4.42475e+08 0.0183624
4.42486e+08 0.0183531
4.42497e+08 0.0183531
4.42497e+08 0.0183812
4.42497e+08 0.0183812
4.4252e+08 0.0183624
4.4252e+08 0.0183624
4.42531e+08 0.0183718
4.4262e+08 0.0183157
4.42654e+08 0.0183343
4.42654e+08 0.0183436
4.42665e+08 0.0183343
4.42676e+08 0.018325
4.42676e+08 0.0183343
4.42677e+08 0.0188436
4.42677e+08 0.0188436
4.42677e+08 0.0188532
4.42677e+08 0.0188532
4.42677e+08 0.0188532
4.42677e+08 0.0188532
4.42677e+08 0.0188532
4.42677e+08 0.0188532
4.42677e+08 0.0188532
4.42677e+08 0.0188532
4.42677e+08 0.0188532
4.42677e+08 0.0188532
4.42677e+08 0.0188532
4.42677e+08 0.0188531
4.42699e+08 0.0188532
4.64797e+08 0.0184325
4.64797e+08 0.0184325
4.64875e+08 0.0183959
4.64875e+08 0.018405
4.64875e+08 0.018405
4.64886e+08 0.018405
4.64886e+08 0.0184325
4.64897e+08 0.0184417
4.6492e+08 0.0184233
4.64942e+08 0.0184142
4.64953e+08 0.0184142
4.64976e+08 0.0183958
4.64976e+08 0.0183958
4.65009e+08 0.0183867
4.6502e+08 0.0183776
4.6502e+08 0.0183867
4.65076e+08 0.0184142
4.65132e+08 0.0183958
4.65132e+08 0.0183958
4.65132e+08 0.018405
4.65132e+08 0.0184141
4.65132e+08 0.0184141
4.65132e+08 0.0184142
4.65132e+08 0.0189118
4.65132e+08 0.0189118
4.65133e+08 0.0189118
4.65133e+08 0.0189118
4.65133e+08 0.0189118
4.65133e+08 0.0189118
4.65155e+08 0.018893
4.65155e+08 0.018893
4.65155e+08 0.018893
4.65155e+08 0.018893
4.65155e+08 0.018893
4.65155e+08 0.018893
4.65155e+08 0.018893
4.65155e+08 0.018893
4.65178e+08 0.018893
4.87854e+08 0.0184188
4.87854e+08 0.0184188
4.87977e+08 0.0183831
4.87977e+08 0.0183831
4.87977e+08 0.0183831
4.87977e+08 0.0183921
4.87977e+08 0.018392
4.87999e+08 0.0183831
4.88044e+08 0.0183653
4.88044e+08 0.0183831
4.88111e+08 0.0183387
4.88145e+08 0.0183298
4.88145e+08 0.0183298
4.88156e+08 0.0183475
4.88156e+08 0.0183564
4.88178e+08 0.0183387
4.88201e+08 0.0183653
4.88245e+08 0.0183743
4.88245e+08 0.0183743
4.88245e+08 0.0183743
4.88245e+08 0.0183742
4.88245e+08 0.0183742
4.88245e+08 0.0183742
4.88245e+08 0.0183742
4.88245e+08 0.0188577
4.88245e+08 0.0188577
4.88246e+08 0.0188577
4.88246e+08 0.0188577
4.88246e+08 0.0188577
4.88246e+08 0.0188577
4.88257e+08 0.0188668
4.88268e+08 0.0188577
4.88268e+08 0.0188577
4.88268e+08 0.0188577
4.88268e+08 0.0188577
4.88268e+08 0.0188577
4.8829e+08 0.0188395
4.8829e+08 0.0188395
4.88291e+08 0.0188577
5.1156e+08 0.0183854
5.1156e+08 0.0183854
5.11605e+08 0.0184464
5.11605e+08 0.0184463
5.11616e+08 0.0184376
5.11616e+08 0.0184376
5.11728e+08 0.0183508
5.11751e+08 0.0183507
5.11829e+08 0.0183248
5.11851e+08 0.0183076
5.11863e+08 0.0183507
5.11863e+08 0.0183766
5.11863e+08 0.0183766
5.11863e+08 0.0183853
5.11863e+08 0.0183853
5.11863e+08 0.0184026
5.11885e+08 0.0184026
5.11986e+08 0.0183594
5.11986e+08 0.0183594
5.11986e+08 0.0183594
5.12019e+08 0.0183335
5.12019e+08 0.0183335
5.12019e+08 0.0183335
5.12019e+08 0.0183335
5.12031e+08 0.0183249
5.12031e+08 0.0183249
5.12031e+08 0.0187947
5.12031e+08 0.0187947
5.12031e+08 0.0187947
5.12031e+08 0.0187947
5.12031e+08 0.0187947
5.12031e+08 0.0188035
5.12031e+08 0.0188123
5.12042e+08 0.0188035
5.12053e+08 0.0187946
5.12053e+08 0.0187946
5.12053e+08 0.0187946
5.12076e+08 0.0187947
5.12076e+08 0.0187947
5.12076e+08 0.0187946
5.35907e+08 0.0183609
5.35907e+08 0.0183609
5.35907e+08 0.0183947
5.35919e+08 0.0183863
5.35941e+08 0.0183778
5.35952e+08 0.0183694
5.35964e+08 0.0184456
5.35986e+08 0.0184457
5.36087e+08 0.0184287
5.36087e+08 0.0184457
5.36087e+08 0.0184542
5.36087e+08 0.0184542
5.36087e+08 0.0184542
5.36087e+08 0.0184542
5.36087e+08 0.0184542
5.36087e+08 0.0184542
5.36087e+08 0.0184712
5.36199e+08 0.0184626
5.36232e+08 0.0184371
5.36232e+08 0.0184371
5.36311e+08 0.0184031
5.36311e+08 0.0184031
5.36311e+08 0.0184031
5.36311e+08 0.0184031
5.36311e+08 0.0184116
5.36344e+08 0.0183862
5.36344e+08 0.0183862
5.36344e+08 0.0188458
5.36389e+08 0.0188112
5.36389e+08 0.0188112
5.36389e+08 0.0188112
5.36389e+08 0.0188112
5.36389e+08 0.0188112
5.36412e+08 0.0187939
5.36412e+08 0.0188026
5.36412e+08 0.0188112
5.36412e+08 0.0188112
5.36412e+08 0.0188112
5.36412e+08 0.0188285
5.36423e+08 0.0188198
5.36434e+08 0.0188112
5.60829e+08 0.0183862
5.60829e+08 0.0183862
5.60829e+08 0.0183862
5.60829e+08 0.0183945
5.60829e+08 0.018411
5.60863e+08 0.0183944
5.60874e+08 0.0183945
5.60874e+08 0.018411
5.60941e+08 0.0184359
5.60952e+08 0.0184276
5.60952e+08 0.0184276
5.60952e+08 0.0184276
5.60952e+08 0.0184276
5.60952e+08 0.0184276
5.60963e+08 0.0184193
5.60963e+08 0.0184193
5.60963e+08 0.0184193
5.61053e+08 0.0184359
5.61064e+08 0.0184525
5.61064e+08 0.0184525
5.61109e+08 0.0184775
5.61131e+08 0.0184609
5.61154e+08 0.0184442
5.61154e+08 0.0184442
5.61176e+08 0.0184276
5.61199e+08 0.0184359
5.61199e+08 0.0184359
5.61221e+08 0.0184193
5.61221e+08 0.0184525
5.61221e+08 0.0189025
5.61232e+08 0.018894
5.61299e+08 0.018843
5.61344e+08 0.0188093
5.61344e+08 0.0188093
5.61344e+08 0.0188262
5.61344e+08 0.0188262
5.61344e+08 0.0188262
5.61344e+08 0.0188261
5.61344e+08 0.0188261
5.61344e+08 0.0188261
5.61345e+08 0.0188345
5.61367e+08 0.0188262
5.86366e+08 0.0183805
5.86366e+08 0.0183805
5.86366e+08 0.0183805
5.86366e+08 0.0183805
5.86377e+08 0.0183725
5.864e+08 0.0183805
5.864e+08 0.0183886
5.86411e+08 0.0183805
5.86489e+08 0.0183725
5.86489e+08 0.0183806
5.86489e+08 0.0183806
5.86489e+08 0.0183806
5.86489e+08 0.0183806
5.86489e+08 0.0183806
5.86489e+08 0.0183886
5.86489e+08 0.0183886
5.86501e+08 0.0183805
5.86501e+08 0.0184451
5.86512e+08 0.0184451
5.86512e+08 0.0184451
5.86523e+08 0.0184695
5.86534e+08 0.0184776
5.8668e+08 0.0183886
5.8668e+08 0.0183886
5.86691e+08 0.0183966
5.86691e+08 0.0184128
5.86691e+08 0.0184128
5.86691e+08 0.0184289
5.86769e+08 0.0183724
5.86769e+08 0.0183724
5.86769e+08 0.0188098
5.8677e+08 0.018818
5.86814e+08 0.0188346
5.86848e+08 0.0188428
5.86848e+08 0.0188428
5.86848e+08 0.0188428
5.86859e+08 0.0188345
5.8687e+08 0.0188263
5.8687e+08 0.0188263
5.86871e+08 0.0188263
5.86893e+08 0.0188098
5.86893e+08 0.0188099
5.86893e+08 0.0188263
6.12502e+08 0.0183873
6.12502e+08 0.0183873
6.12502e+08 0.0183872
6.12502e+08 0.0183873
6.12524e+08 0.0183794
6.12535e+08 0.0183872
6.12535e+08 0.0183872
6.12547e+08 0.0183872
6.12603e+08 0.018403
6.12614e+08 0.0183951
6.12614e+08 0.0183951
6.12625e+08 0.0183872
6.12625e+08 0.0183872
6.12625e+08 0.0183872
6.12625e+08 0.0183872
6.12625e+08 0.0183872
6.12636e+08 0.0183873
6.12659e+08 0.0183715
6.12692e+08 0.0183558
6.12692e+08 0.0183558
6.12692e+08 0.0183637
6.12692e+08 0.0183715
6.12804e+08 0.0183951
6.12804e+08 0.0183951
6.12815e+08 0.0183951
6.12827e+08 0.0183871
6.12827e+08 0.0183871
6.12883e+08 0.0183479
6.12916e+08 0.0183793
6.12916e+08 0.0183793
6.12916e+08 0.0183793
6.12939e+08 0.0183636
6.12939e+08 0.0187907
6.12939e+08 0.0188228
6.12939e+08 0.0188471
6.12939e+08 0.0188471
6.12939e+08 0.0188471
6.12939e+08 0.0188552
6.12939e+08 0.0188632
6.12962e+08 0.0188469
6.12984e+08 0.0188308
6.13029e+08 0.0188146
6.13029e+08 0.0188145
6.13231e+08 0.0186706
6.19064e+08 0.0749293
6.19077e+08 0.0747833
6.191e+08 0.0745297
