3.61947e+06 0.00308795
8.29443e+06 0.00239058
8.29444e+06 0.00478115
9.5204e+06 0.018232
9.5204e+06 0.018232
1.20345e+07 0.00889056
1.20345e+07 0.0133358
1.20345e+07 0.0133358
1.43167e+07 0.0146906
1.43168e+07 0.0146906
1.43168e+07 0.0195874
1.43168e+07 0.0195874
1.80582e+07 0.0119483
1.80582e+07 0.0119483
1.80582e+07 0.0119483
1.817e+07 0.0116016
1.817e+07 0.014502
2.07648e+07 0.0206453
2.07648e+07 0.0206453
2.07648e+07 0.0206453
2.11337e+07 0.0188545
2.11784e+07 0.0185743
2.11784e+07 0.0222891
2.47681e+07 0.01675
2.47681e+07 0.01675
2.47793e+07 0.0167032
2.48129e+07 0.0182252
2.4813e+07 0.0184494
2.48242e+07 0.0183926
2.48354e+07 0.0213924
2.89173e+07 0.0188543
2.89174e+07 0.0188543
2.90292e+07 0.018408
2.90404e+07 0.0185055
2.90404e+07 0.0185055
2.90628e+07 0.0184566
2.90852e+07 0.018408
3.36589e+07 0.016499
3.36589e+07 0.018856
3.36589e+07 0.018856
3.36589e+07 0.0193113
3.37707e+07 0.0189009
3.38043e+07 0.0187677
3.39385e+07 0.0183373
3.39385e+07 0.0184217
3.89932e+07 0.0167609
3.90043e+07 0.0167259
3.90267e+07 0.0187382
3.90267e+07 0.0187382
3.90491e+07 0.0186605
3.90826e+07 0.0189353
3.91273e+07 0.0188957
3.93398e+07 0.018622
3.93398e+07 0.018622
4.49313e+07 0.0169385
4.50543e+07 0.0166255
4.5099e+07 0.0165643
4.5099e+07 0.0165643
4.5099e+07 0.0184047
4.52219e+07 0.0181049
4.52667e+07 0.0180721
4.52667e+07 0.0182037
4.53226e+07 0.0186799
4.53227e+07 0.0186799
5.13392e+07 0.0174408
5.14622e+07 0.0174407
5.14734e+07 0.0175325
5.14734e+07 0.0175325
5.14846e+07 0.0175018
5.14846e+07 0.0192519
5.15516e+07 0.0194219
5.15517e+07 0.01956
5.15517e+07 0.01956
5.18647e+07 0.0187915
5.18871e+07 0.0187274
5.85298e+07 0.0170964
5.86081e+07 0.0172034
5.86081e+07 0.0172303
5.86305e+07 0.0171765
5.86976e+07 0.0170434
5.87647e+07 0.0168864
5.89211e+07 0.0166816
5.89211e+07 0.018198
5.89211e+07 0.018198
5.89435e+07 0.0181429
5.89995e+07 0.0187967
5.89995e+07 0.0188558
6.62126e+07 0.017456
6.6302e+07 0.0174308
6.63021e+07 0.0174307
6.63021e+07 0.0174814
6.63021e+07 0.0176356
6.63133e+07 0.0177662
6.63245e+07 0.0181148
6.63245e+07 0.0181148
6.63245e+07 0.0196244
6.63357e+07 0.0195948
6.65592e+07 0.0190772
6.67269e+07 0.0188014
6.67269e+07 0.0188015
7.45551e+07 0.0174151
7.45551e+07 0.0176038
7.46223e+07 0.0174619
7.46335e+07 0.0174385
7.46335e+07 0.0174385
7.46447e+07 0.0174385
7.46447e+07 0.0174619
7.46447e+07 0.0174619
7.46447e+07 0.0174619
7.46447e+07 0.018805
7.46671e+07 0.0187798
7.47789e+07 0.0190352
7.479e+07 0.0194046
7.48236e+07 0.0193242
8.3401e+07 0.0176876
8.34122e+07 0.0176653
8.34346e+07 0.0177549
8.34681e+07 0.01771
8.34681e+07 0.01771
8.34682e+07 0.0177325
8.34793e+07 0.01771
8.35017e+07 0.0176654
8.35129e+07 0.0176431
8.35129e+07 0.0176431
8.35353e+07 0.0176431
8.35353e+07 0.0189033
8.35353e+07 0.0191446
8.35353e+07 0.0191691
8.35353e+07 0.0192429
9.28619e+07 0.017719
9.29066e+07 0.0176564
9.29961e+07 0.0175326
9.30408e+07 0.0175122
9.30408e+07 0.0175122
9.30408e+07 0.0175122
9.30408e+07 0.0175326
9.3052e+07 0.0175531
9.3052e+07 0.0175737
9.3052e+07 0.0175737
9.3052e+07 0.017615
9.30521e+07 0.017615
9.30744e+07 0.0187453
9.30744e+07 0.0187453
9.30744e+07 0.0187453
9.30745e+07 0.0187452
1.0286e+08 0.0178854
1.02882e+08 0.0179255
1.02916e+08 0.0180266
1.02927e+08 0.0180877
1.02949e+08 0.0180469
1.02949e+08 0.0180469
1.02949e+08 0.0180469
1.02949e+08 0.0180673
1.02949e+08 0.0180673
1.02949e+08 0.0180673
1.03016e+08 0.0179457
1.03016e+08 0.0179457
1.03016e+08 0.017986
1.03039e+08 0.0179456
1.03039e+08 0.0190672
1.0315e+08 0.0188557
1.0315e+08 0.0188557
1.13528e+08 0.0178081
1.13685e+08 0.017587
1.13707e+08 0.0176052
1.13707e+08 0.0176235
1.13707e+08 0.0176601
1.13707e+08 0.0176601
1.13707e+08 0.0176601
1.13707e+08 0.0176601
1.13718e+08 0.0176418
1.13752e+08 0.017587
1.13752e+08 0.0176969
1.13763e+08 0.0176785
1.13763e+08 0.0176785
1.13763e+08 0.0177153
1.13763e+08 0.0177153
1.13763e+08 0.0187574
1.14032e+08 0.0184876
1.14032e+08 0.0184876
1.24812e+08 0.017828
1.24834e+08 0.0180424
1.2489e+08 0.0179883
1.2489e+08 0.0179883
1.2489e+08 0.0179883
1.2489e+08 0.0179883
1.24913e+08 0.0179524
1.24913e+08 0.0179524
1.24935e+08 0.0179345
1.24935e+08 0.0179883
1.24935e+08 0.0179883
1.24935e+08 0.0180063
1.24935e+08 0.0180063
1.24935e+08 0.0180063
1.24958e+08 0.0179703
1.24958e+08 0.0179703
1.25047e+08 0.0182621
1.25114e+08 0.01916
1.25204e+08 0.0190065
1.36566e+08 0.0180662
1.36566e+08 0.0181006
1.36767e+08 0.0178792
1.36767e+08 0.0178792
1.36767e+08 0.0178792
1.36778e+08 0.0178624
1.36778e+08 0.017896
1.36778e+08 0.017896
1.36845e+08 0.0178288
1.36868e+08 0.0177954
1.36901e+08 0.0177456
1.36901e+08 0.0177456
1.36901e+08 0.0177455
1.36901e+08 0.0177455
1.36979e+08 0.017663
1.37024e+08 0.0175976
1.37181e+08 0.0175002
1.37181e+08 0.0175975
1.37181e+08 0.0185237
1.37192e+08 0.0186446
1.48968e+08 0.0180226
1.48979e+08 0.0180063
1.49091e+08 0.018137
1.49102e+08 0.0181205
1.49135e+08 0.0180714
1.49158e+08 0.0180551
1.49158e+08 0.0180551
1.49158e+08 0.0180551
1.49281e+08 0.0179739
1.49281e+08 0.0180063
1.49281e+08 0.018055
1.49281e+08 0.018055
1.49314e+08 0.0180063
1.49314e+08 0.0180063
1.4937e+08 0.0180388
1.49381e+08 0.0180877
1.49516e+08 0.0181205
1.49516e+08 0.0181205
1.49538e+08 0.0180877
1.49572e+08 0.018055
1.49572e+08 0.0189578
1.62007e+08 0.0179986
1.62007e+08 0.0180141
1.62086e+08 0.0180605
1.62108e+08 0.018045
1.62197e+08 0.0179678
1.62209e+08 0.0179832
1.62209e+08 0.0179832
1.62209e+08 0.0179832
1.62287e+08 0.018045
1.62287e+08 0.018045
1.62332e+08 0.0179832
1.62343e+08 0.0179678
1.62387e+08 0.0179524
1.62432e+08 0.0178912
1.62432e+08 0.0179678
1.62443e+08 0.0179678
1.62578e+08 0.0179677
1.62578e+08 0.0179677
1.62578e+08 0.0179985
1.62589e+08 0.0180295
1.62589e+08 0.0180295
1.62589e+08 0.018888
1.75058e+08 0.0188393
1.75058e+08 0.0188393
1.75148e+08 0.0188232
1.75181e+08 0.0188071
1.75226e+08 0.0188716
1.75248e+08 0.0188554
1.75259e+08 0.0188393
1.75271e+08 0.0188231
1.75349e+08 0.0188231
1.75349e+08 0.0188231
1.75438e+08 0.0187589
1.7545e+08 0.0187589
1.75494e+08 0.0187589
1.75494e+08 0.0188231
1.75494e+08 0.0188231
1.75505e+08 0.0188231
1.75595e+08 0.0188878
1.75595e+08 0.0188878
1.75606e+08 0.0188716
1.75606e+08 0.0188878
1.75606e+08 0.0188878
1.75606e+08 0.0188878
1.88769e+08 0.0179329
1.88769e+08 0.018748
1.8878e+08 0.0187327
1.88847e+08 0.0187633
1.88869e+08 0.0187786
1.88903e+08 0.018794
1.88959e+08 0.018748
1.88959e+08 0.0187633
1.8897e+08 0.0187633
1.8916e+08 0.0186114
1.89171e+08 0.0185964
1.89171e+08 0.0187175
1.89171e+08 0.0187327
1.89171e+08 0.018794
1.89171e+08 0.018794
1.89194e+08 0.0187633
1.89216e+08 0.018748
1.89272e+08 0.018794
1.89272e+08 0.018794
1.89317e+08 0.018748
1.89317e+08 0.018748
1.89417e+08 0.0186114
1.89417e+08 0.0186114
2.03027e+08 0.0180274
2.03038e+08 0.0180133
2.03038e+08 0.0187965
2.03038e+08 0.0188112
2.03139e+08 0.0187671
2.03139e+08 0.0187965
2.03173e+08 0.0187965
2.03206e+08 0.018826
2.03217e+08 0.0188113
2.03217e+08 0.018826
2.03363e+08 0.0188853
2.03385e+08 0.0188704
2.03385e+08 0.0188704
2.03385e+08 0.0188704
2.03385e+08 0.0188704
2.03419e+08 0.018826
2.0343e+08 0.0188408
2.0343e+08 0.0188704
2.03564e+08 0.0187671
2.03564e+08 0.0187671
2.03564e+08 0.018826
2.03598e+08 0.0187818
2.03732e+08 0.0187377
2.03743e+08 0.018723
2.17878e+08 0.0180604
2.17878e+08 0.0180741
2.17878e+08 0.018074
2.17878e+08 0.018074
2.17878e+08 0.0188271
2.1789e+08 0.0189413
2.1789e+08 0.0189413
2.17979e+08 0.0188698
2.18035e+08 0.0188413
2.18102e+08 0.0187706
2.18169e+08 0.0186864
2.18214e+08 0.018813
2.18225e+08 0.0188272
2.18225e+08 0.0188272
2.18236e+08 0.018813
2.18236e+08 0.018813
2.18292e+08 0.0187847
2.18326e+08 0.0187565
2.18326e+08 0.0187565
2.18382e+08 0.0188555
2.18382e+08 0.0188555
2.18404e+08 0.0188271
2.18415e+08 0.0188555
2.18572e+08 0.018827
2.18583e+08 0.018827
2.33311e+08 0.0181041
2.33311e+08 0.0181041
2.3339e+08 0.0180127
2.33423e+08 0.0179739
2.33434e+08 0.0179609
2.33434e+08 0.0186794
2.33468e+08 0.0186526
2.33501e+08 0.0186125
2.33535e+08 0.0186794
2.33568e+08 0.0187063
2.33568e+08 0.0187874
2.33568e+08 0.0188692
2.33624e+08 0.0188556
2.33669e+08 0.0188146
2.33669e+08 0.0188146
2.3368e+08 0.0188146
2.33692e+08 0.018801
2.33692e+08 0.0188693
2.33792e+08 0.0187874
2.33803e+08 0.0187738
2.33826e+08 0.0188145
2.33826e+08 0.0188145
2.33848e+08 0.0188145
2.33927e+08 0.0187331
2.34061e+08 0.0187602
2.34094e+08 0.0187331
2.49314e+08 0.0181572
2.49337e+08 0.0181319
2.49437e+08 0.0181066
2.4946e+08 0.0181192
2.4946e+08 0.0181319
2.49482e+08 0.0181066
2.49538e+08 0.0180814
2.49572e+08 0.0187378
2.49583e+08 0.0187638
2.49583e+08 0.018803
2.49616e+08 0.018803
2.49616e+08 0.018803
2.49628e+08 0.0187899
2.49672e+08 0.018803
2.49683e+08 0.0188424
2.49683e+08 0.0188424
2.49695e+08 0.0188424
2.49695e+08 0.0188555
2.49739e+08 0.018803
2.49807e+08 0.0188423
2.49818e+08 0.0188423
2.49829e+08 0.0188555
2.49829e+08 0.0188555
2.49919e+08 0.0187768
2.50008e+08 0.0187637
2.50165e+08 0.0187377
2.50176e+08 0.0187638
2.65955e+08 0.0181333
2.65955e+08 0.0181577
2.66067e+08 0.0181455
2.66067e+08 0.0181699
2.66067e+08 0.0181699
2.66089e+08 0.0181699
2.66089e+08 0.0182313
2.66179e+08 0.0181699
2.66179e+08 0.0188428
2.66179e+08 0.0188555
2.66179e+08 0.0188555
2.66201e+08 0.0188682
2.66201e+08 0.0188682
2.66235e+08 0.0188428
2.66268e+08 0.0188555
2.66302e+08 0.0188302
2.66302e+08 0.0188302
2.66302e+08 0.0188428
2.66302e+08 0.0188429
2.66369e+08 0.0188174
2.66503e+08 0.0187418
2.66503e+08 0.0187544
2.66503e+08 0.018767
2.66503e+08 0.018767
2.66548e+08 0.0188174
2.66682e+08 0.018767
2.66805e+08 0.0188048
2.66839e+08 0.0187795
2.83199e+08 0.0181464
2.83199e+08 0.0181464
2.83311e+08 0.0181464
2.83311e+08 0.0181464
2.83311e+08 0.0181464
2.83356e+08 0.0181228
2.83356e+08 0.0181228
2.8339e+08 0.0181817
2.83434e+08 0.0181346
2.83446e+08 0.0181228
2.83457e+08 0.0187579
2.83457e+08 0.0187579
2.83502e+08 0.0187336
2.83524e+08 0.0187094
2.83535e+08 0.0187336
2.83535e+08 0.01877
2.83535e+08 0.0188065
2.83535e+08 0.0188065
2.83535e+08 0.0188065
2.83535e+08 0.0188065
2.83591e+08 0.0188187
2.83681e+08 0.0188677
2.83681e+08 0.0188677
2.83681e+08 0.0188677
2.83681e+08 0.0188677
2.83781e+08 0.0188065
2.83882e+08 0.0188433
2.84005e+08 0.0188432
2.84005e+08 0.0188801
3.01025e+08 0.0181813
3.01037e+08 0.0181699
3.01104e+08 0.0182156
3.01104e+08 0.0182156
3.01104e+08 0.0182156
3.01204e+08 0.0181585
3.01227e+08 0.0181358
3.01238e+08 0.0181585
3.01238e+08 0.0182041
3.01283e+08 0.0181698
3.01294e+08 0.0181698
3.01294e+08 0.0187963
3.01294e+08 0.0187963
3.01339e+08 0.0187963
3.01339e+08 0.0188199
3.01339e+08 0.0188317
3.01339e+08 0.0188317
3.0135e+08 0.0188199
3.0135e+08 0.0188199
3.0135e+08 0.0188199
3.0135e+08 0.0188199
3.0144e+08 0.0187846
3.01518e+08 0.0187964
3.01518e+08 0.0187964
3.01518e+08 0.0187964
3.01518e+08 0.0187964
3.01574e+08 0.0188437
3.01652e+08 0.0188674
3.01775e+08 0.0188674
3.01775e+08 0.0188674
3.19399e+08 0.0182473
3.19444e+08 0.0182141
3.19478e+08 0.0182473
3.19478e+08 0.0182473
3.19489e+08 0.0182362
3.19612e+08 0.018214
3.19634e+08 0.018214
3.19657e+08 0.0182029
3.19679e+08 0.0181808
3.19702e+08 0.0182029
3.19713e+08 0.0182029
3.19713e+08 0.0182029
3.19713e+08 0.0182029
3.19713e+08 0.0188097
3.19735e+08 0.0188325
3.19746e+08 0.0188211
3.19746e+08 0.0188211
3.19747e+08 0.0188211
3.19747e+08 0.0188326
3.19747e+08 0.0188326
3.19747e+08 0.0188326
3.19747e+08 0.0188325
3.1987e+08 0.0187983
3.19937e+08 0.0188098
3.19937e+08 0.0188098
3.19937e+08 0.0188098
3.19937e+08 0.0188098
3.19959e+08 0.0188441
3.20004e+08 0.0188785
3.20105e+08 0.0189015
3.20105e+08 0.0189015
3.384e+08 0.018234
3.38456e+08 0.0182233
3.385e+08 0.0182126
3.38512e+08 0.0182019
3.38512e+08 0.0182126
3.38646e+08 0.0182018
3.38668e+08 0.0182018
3.3868e+08 0.0182125
3.38691e+08 0.0182233
3.38691e+08 0.0182448
3.38691e+08 0.0182555
3.38691e+08 0.0182555
3.38691e+08 0.0182555
3.38691e+08 0.0182555
3.38691e+08 0.0188444
3.38702e+08 0.0188555
3.38713e+08 0.0188555
3.38713e+08 0.0188555
3.38724e+08 0.0188444
3.38736e+08 0.0188333
3.38736e+08 0.0188333
3.38736e+08 0.0188333
3.38736e+08 0.0188333
3.38937e+08 0.018756
3.38937e+08 0.0188222
3.38937e+08 0.0188222
3.38937e+08 0.0188222
3.38937e+08 0.0188222
3.38948e+08 0.0188333
3.38971e+08 0.0188555
3.39038e+08 0.0188889
3.39038e+08 0.0188889
3.58015e+08 0.018232
3.58071e+08 0.0182319
3.58105e+08 0.0182423
3.58149e+08 0.0182112
3.58172e+08 0.0181905
3.5825e+08 0.0182424
3.5825e+08 0.0182633
3.58261e+08 0.0182633
3.58273e+08 0.0182633
3.58273e+08 0.0182633
3.58273e+08 0.0182633
3.58273e+08 0.0182633
3.58273e+08 0.0182633
3.58273e+08 0.0182633
3.58273e+08 0.0182633
3.58273e+08 0.0182737
3.58273e+08 0.0188448
3.58284e+08 0.0188448
3.58284e+08 0.0188448
3.58306e+08 0.018834
3.58329e+08 0.0188232
3.58329e+08 0.0188232
3.5834e+08 0.0188124
3.58452e+08 0.0187057
3.58508e+08 0.0188447
3.58508e+08 0.0188447
3.58508e+08 0.0188447
3.58508e+08 0.0188447
3.58508e+08 0.0188447
3.5853e+08 0.018834
3.58553e+08 0.018834
3.58598e+08 0.0188554
3.58598e+08 0.0188554
3.78201e+08 0.0182705
3.78257e+08 0.0182705
3.78313e+08 0.0182503
3.78346e+08 0.0182604
3.78346e+08 0.0182806
3.7838e+08 0.0183213
3.7838e+08 0.0183213
3.78414e+08 0.0183009
3.78414e+08 0.0183111
3.78425e+08 0.018301
3.78425e+08 0.018301
3.78436e+08 0.0182908
3.78436e+08 0.0182908
3.78436e+08 0.0182908
3.78436e+08 0.0182908
3.78436e+08 0.0182908
3.78436e+08 0.0182908
3.78436e+08 0.018845
3.78436e+08 0.0188555
3.78436e+08 0.0188555
3.78447e+08 0.018866
3.78503e+08 0.0188346
3.78514e+08 0.0188242
3.7857e+08 0.0187826
3.7866e+08 0.0188033
3.7866e+08 0.0188555
3.7866e+08 0.0188555
3.7866e+08 0.0188555
3.78671e+08 0.018845
3.78671e+08 0.018845
3.78671e+08 0.018866
3.78716e+08 0.018845
3.78761e+08 0.018845
3.78761e+08 0.018845
3.98968e+08 0.0182971
3.99024e+08 0.018297
3.99047e+08 0.0183267
3.99058e+08 0.0183464
3.99058e+08 0.0183464
3.99091e+08 0.0183465
3.99091e+08 0.0183465
3.99136e+08 0.0183366
3.99147e+08 0.0183267
3.99147e+08 0.0183365
3.99158e+08 0.0183267
3.9917e+08 0.0183267
3.9917e+08 0.0183267
3.99192e+08 0.0183069
3.99192e+08 0.0183069
3.99192e+08 0.0183069
3.99192e+08 0.0183069
3.99192e+08 0.0183069
3.99192e+08 0.0183069
3.99192e+08 0.0188453
3.99192e+08 0.0188453
3.99203e+08 0.0188454
3.9927e+08 0.0188353
3.9927e+08 0.0188454
3.99371e+08 0.0188049
3.99394e+08 0.0188657
3.99394e+08 0.0188657
3.99394e+08 0.0188657
3.99394e+08 0.0188657
3.99394e+08 0.0188759
3.99394e+08 0.0188759
3.99394e+08 0.0188759
3.99483e+08 0.0188352
3.99495e+08 0.0188657
3.99495e+08 0.0188657
4.20317e+08 0.0183222
4.20373e+08 0.0183221
4.20373e+08 0.0183413
4.20384e+08 0.0183413
4.20384e+08 0.0183413
4.20429e+08 0.0183317
4.20429e+08 0.0183317
4.20485e+08 0.0183221
4.20507e+08 0.0183125
4.20507e+08 0.0183126
4.20507e+08 0.0183221
4.20518e+08 0.0183222
4.20518e+08 0.0183222
4.20518e+08 0.0183414
4.20518e+08 0.0183414
4.2053e+08 0.0183317
4.2053e+08 0.0183317
4.2053e+08 0.0183318
4.2053e+08 0.0183317
4.2053e+08 0.0183317
4.20541e+08 0.0188456
4.20541e+08 0.0188456
4.20552e+08 0.0188456
4.2063e+08 0.0188358
4.2063e+08 0.0188358
4.20709e+08 0.0188555
4.20731e+08 0.0188555
4.20731e+08 0.0188555
4.20731e+08 0.0188555
4.20731e+08 0.0188555
4.20731e+08 0.0188555
4.20731e+08 0.0188555
4.20731e+08 0.0188555
4.2081e+08 0.0188654
4.20855e+08 0.0188358
4.20855e+08 0.0188358
4.42258e+08 0.0183366
4.42315e+08 0.0183365
4.42315e+08 0.0183365
4.42326e+08 0.0183365
4.42326e+08 0.0183365
4.42337e+08 0.0183646
4.4237e+08 0.0183365
4.42404e+08 0.0183552
4.42404e+08 0.018374
4.42449e+08 0.0183365
4.42449e+08 0.0183365
4.42449e+08 0.0183459
4.42449e+08 0.0183459
4.42471e+08 0.0183272
4.42471e+08 0.0183272
4.42471e+08 0.0183366
4.42471e+08 0.0183365
4.42471e+08 0.0183365
4.42471e+08 0.0183365
4.42505e+08 0.0183085
4.42516e+08 0.0183086
4.42538e+08 0.01829
4.42538e+08 0.018798
4.42583e+08 0.0187694
4.42605e+08 0.0188171
4.42605e+08 0.0188171
4.42639e+08 0.0188556
4.42639e+08 0.0188748
4.42639e+08 0.0188748
4.42639e+08 0.0188748
4.42639e+08 0.0188748
4.42639e+08 0.0188748
4.42639e+08 0.0188748
4.42639e+08 0.0188748
4.42729e+08 0.0188651
4.42785e+08 0.0188556
4.42796e+08 0.0188459
4.64793e+08 0.0183502
4.64826e+08 0.0183684
4.64849e+08 0.0183502
4.64849e+08 0.0183593
4.64849e+08 0.0183593
4.64849e+08 0.0183684
4.64871e+08 0.0183775
4.64893e+08 0.0183867
4.64905e+08 0.0183775
4.64905e+08 0.0184141
4.64905e+08 0.0184141
4.64916e+08 0.018405
4.64927e+08 0.0183958
4.64949e+08 0.0183958
4.64949e+08 0.0183958
4.64983e+08 0.0183684
4.64994e+08 0.0183593
4.64994e+08 0.0183593
4.65028e+08 0.018332
4.65039e+08 0.0183502
4.65039e+08 0.0183593
4.65039e+08 0.0183775
4.65039e+08 0.0183775
4.65039e+08 0.0188742
4.65162e+08 0.0188088
4.65162e+08 0.0188275
4.65162e+08 0.0188275
4.65162e+08 0.0188555
4.65162e+08 0.0188555
4.65162e+08 0.0188555
4.65162e+08 0.0188555
4.65162e+08 0.0188555
4.65162e+08 0.0188555
4.65162e+08 0.0188555
4.65173e+08 0.0188461
4.65218e+08 0.0188837
4.65308e+08 0.0188556
4.6533e+08 0.0188462
4.8792e+08 0.0183631
4.87976e+08 0.0183454
4.87976e+08 0.0183632
4.87976e+08 0.0183632
4.87987e+08 0.0183543
4.87998e+08 0.0183454
4.87998e+08 0.0183631
4.87998e+08 0.0183809
4.87998e+08 0.0183898
4.87998e+08 0.0183898
4.8802e+08 0.018372
4.8802e+08 0.0183809
4.88032e+08 0.0183809
4.88032e+08 0.0183987
4.88032e+08 0.0183987
4.88043e+08 0.0184166
4.88076e+08 0.0183987
4.8811e+08 0.018372
4.88144e+08 0.018372
4.88144e+08 0.0183809
4.88144e+08 0.0183809
4.88144e+08 0.0183809
4.88144e+08 0.0183809
4.88144e+08 0.0183809
4.88144e+08 0.0188646
4.88267e+08 0.0188645
4.88267e+08 0.0188645
4.88267e+08 0.0188646
4.88267e+08 0.0188646
4.88267e+08 0.0188646
4.88267e+08 0.0188646
4.88267e+08 0.0188646
4.88278e+08 0.0188554
4.88278e+08 0.0188554
4.88278e+08 0.0188554
4.88278e+08 0.0188646
4.88312e+08 0.0188738
4.8839e+08 0.0188829
4.88435e+08 0.0188647
5.11639e+08 0.0183755
5.11673e+08 0.0183928
5.11673e+08 0.0183928
5.11673e+08 0.0183928
5.11695e+08 0.0183841
5.11707e+08 0.0183841
5.11707e+08 0.0183841
5.11707e+08 0.0183841
5.11707e+08 0.0183841
5.11707e+08 0.0183841
5.11707e+08 0.0184015
5.11707e+08 0.0184015
5.11718e+08 0.0184015
5.11718e+08 0.0184015
5.11718e+08 0.0184015
5.11785e+08 0.0183581
5.11785e+08 0.018384
5.11818e+08 0.0183841
5.1183e+08 0.0184014
5.11841e+08 0.0183927
5.11841e+08 0.0183927
5.11841e+08 0.0183927
5.11841e+08 0.0183927
5.11841e+08 0.0183927
5.11841e+08 0.0183927
5.11964e+08 0.0183928
5.11964e+08 0.0188644
5.11964e+08 0.0188644
5.11964e+08 0.0188644
5.11986e+08 0.0188466
5.11986e+08 0.0188466
5.11986e+08 0.0188466
5.11986e+08 0.0188466
5.11986e+08 0.0188555
5.11986e+08 0.0188555
5.11986e+08 0.0188555
5.11986e+08 0.0188555
5.12009e+08 0.0188644
5.12087e+08 0.0188644
5.12099e+08 0.0188911
5.35952e+08 0.0183871
5.36008e+08 0.0183702
5.36008e+08 0.0183702
5.36008e+08 0.0183702
5.36008e+08 0.0183871
5.36019e+08 0.0183871
5.36019e+08 0.0183871
5.36019e+08 0.0183871
5.36019e+08 0.0183871
5.36019e+08 0.0183871
5.36019e+08 0.0183871
5.36019e+08 0.0183871
5.36019e+08 0.0183956
5.36019e+08 0.0183956
5.36019e+08 0.0183956
5.36019e+08 0.0184465
5.36075e+08 0.0184041
5.36086e+08 0.018421
5.36109e+08 0.0184125
5.36109e+08 0.018421
5.36109e+08 0.018421
5.36109e+08 0.018421
5.36109e+08 0.018421
5.36109e+08 0.018421
5.36109e+08 0.018421
5.36131e+08 0.0184977
5.36131e+08 0.0184977
5.36131e+08 0.0189602
5.36131e+08 0.0189602
5.36131e+08 0.0189602
5.36131e+08 0.0189777
5.36153e+08 0.0189602
5.36153e+08 0.0189602
5.36176e+08 0.0189426
5.36176e+08 0.0189426
5.36176e+08 0.0189426
5.36176e+08 0.0189426
5.36176e+08 0.0189426
5.36254e+08 0.018899
5.36411e+08 0.0188381
5.36411e+08 0.0188468
5.60857e+08 0.0183983
5.60913e+08 0.0183983
5.60913e+08 0.0183983
5.60913e+08 0.0183983
5.60924e+08 0.0183901
5.60924e+08 0.0183983
5.60924e+08 0.0183983
5.60924e+08 0.0183983
5.60924e+08 0.0183983
5.60924e+08 0.0183983
5.60924e+08 0.0183983
5.60924e+08 0.0183983
5.60924e+08 0.0183983
5.60924e+08 0.0183983
5.60924e+08 0.0183983
5.60924e+08 0.0183983
5.6098e+08 0.0183983
5.60991e+08 0.0183983
5.61014e+08 0.0183983
5.61014e+08 0.0183983
5.61014e+08 0.0183983
5.61014e+08 0.0183983
5.61014e+08 0.0183983
5.61014e+08 0.0183983
5.61014e+08 0.0183983
5.61025e+08 0.0184065
5.61025e+08 0.0184065
5.61025e+08 0.0184065
5.61036e+08 0.0183982
5.6107e+08 0.0188216
5.6107e+08 0.0188216
5.6107e+08 0.0188216
5.61114e+08 0.0188048
5.61114e+08 0.0188048
5.61114e+08 0.0188216
5.61114e+08 0.0188216
5.61114e+08 0.0188216
5.61115e+08 0.0188216
5.61115e+08 0.0188216
5.61115e+08 0.0188809
5.61305e+08 0.0188555
5.61327e+08 0.0188386
5.86366e+08 0.0184009
5.8641e+08 0.0184089
5.8641e+08 0.0184089
5.8641e+08 0.0184089
5.8641e+08 0.018417
5.8641e+08 0.018417
5.8641e+08 0.018417
5.86411e+08 0.018417
5.86411e+08 0.018417
5.86411e+08 0.018417
5.86411e+08 0.018417
5.86411e+08 0.018417
5.86411e+08 0.018417
5.86411e+08 0.018417
5.86433e+08 0.0184009
5.86433e+08 0.0184009
5.86489e+08 0.0184008
5.86489e+08 0.0184089
5.86489e+08 0.018425
5.86489e+08 0.018425
5.86489e+08 0.0184251
5.86489e+08 0.0184251
5.86489e+08 0.0184251
5.86489e+08 0.0184251
5.86489e+08 0.0184251
5.86489e+08 0.0184331
5.86489e+08 0.0184331
5.86489e+08 0.0184332
5.865e+08 0.0184332
5.86512e+08 0.0184494
5.86523e+08 0.0188804
5.86523e+08 0.0188804
5.86523e+08 0.0188804
5.86545e+08 0.0188969
5.86545e+08 0.0188969
5.86545e+08 0.0188969
5.86579e+08 0.018872
5.86579e+08 0.018872
5.86579e+08 0.018872
5.86579e+08 0.018872
5.86579e+08 0.018872
5.8678e+08 0.0188637
5.86803e+08 0.0188638
6.11773e+08 0.0189145
6.11908e+08 0.0188473
6.11908e+08 0.0188473
6.11908e+08 0.0188473
6.11908e+08 0.0188473
6.11942e+08 0.0188224
6.11952e+08 0.018815
6.11952e+08 0.018815
6.11952e+08 0.018815
6.11952e+08 0.018815
6.11952e+08 0.018815
6.11978e+08 0.0187958
6.11978e+08 0.0187958
6.11978e+08 0.0187958
6.11978e+08 0.0188123
6.11978e+08 0.0188123
6.12495e+08 0.018479
6.12506e+08 0.018471
6.12506e+08 0.018471
6.12517e+08 0.0184631
6.12585e+08 0.0184156
6.12596e+08 0.0184077
6.12596e+08 0.0184077
6.12607e+08 0.0183998
6.12618e+08 0.0183919
6.12618e+08 0.0183919
6.12629e+08 0.018384
6.12629e+08 0.018384
6.12629e+08 0.0183919
6.12629e+08 0.0183997
6.12629e+08 0.0184076
6.12629e+08 0.0184076
6.1263e+08 0.0188357
6.1263e+08 0.0188356
6.12641e+08 0.0188437
6.12641e+08 0.0188437
6.12641e+08 0.0188437
6.12641e+08 0.018868
6.12641e+08 0.018868
6.12641e+08 0.018868
6.12641e+08 0.018868
6.12641e+08 0.018868
6.12663e+08 0.0189985
6.12663e+08 0.0190149
6.19455e+08 0.064012
6.19578e+08 0.0641148
6.196e+08 0.0639285
