5.40799e+06 0.00206685
8.29452e+06 0.00387173
8.29453e+06 0.00774344
1.02594e+07 0.0113757
1.02594e+07 0.0113757
1.18113e+07 0.0144029
1.18337e+07 0.0212969
1.18449e+07 0.0211467
1.51949e+07 0.00990873
1.52845e+07 0.00971585
1.52845e+07 0.0129544
1.52845e+07 0.0129966
1.82147e+07 0.0148038
1.83267e+07 0.0146943
1.83268e+07 0.0146943
1.83268e+07 0.0146943
1.83268e+07 0.0183678
2.2208e+07 0.013993
2.24655e+07 0.0135016
2.24655e+07 0.0135016
2.24655e+07 0.0135016
2.24767e+07 0.0134652
2.2499e+07 0.0160716
2.61984e+07 0.0168042
2.64112e+07 0.0169945
2.64335e+07 0.0168987
2.64335e+07 0.0168987
2.64895e+07 0.0167102
2.64895e+07 0.0168038
2.64895e+07 0.0196044
3.07301e+07 0.017263
3.09318e+07 0.0173055
3.09653e+07 0.0172627
3.09653e+07 0.0172627
3.10772e+07 0.0170524
3.10772e+07 0.0170524
3.10772e+07 0.0170524
3.54381e+07 0.0166168
3.54381e+07 0.0189906
3.57628e+07 0.0185069
3.57963e+07 0.018507
3.57963e+07 0.018507
3.59865e+07 0.0182118
3.59865e+07 0.0182118
3.59977e+07 0.0181704
4.1038e+07 0.0159659
4.1038e+07 0.0159659
4.1038e+07 0.0179616
4.14074e+07 0.0178191
4.14075e+07 0.0179254
4.14075e+07 0.0179254
4.16871e+07 0.0176443
4.17095e+07 0.0175753
4.17095e+07 0.0176097
4.69792e+07 0.0169297
4.69792e+07 0.0169297
4.69792e+07 0.0169297
4.73487e+07 0.0169296
4.73487e+07 0.0188106
4.73599e+07 0.0187755
4.73823e+07 0.0187052
4.76618e+07 0.0187053
4.77065e+07 0.0186355
4.77849e+07 0.0183953
5.33406e+07 0.0175681
5.33406e+07 0.0175681
5.33406e+07 0.0175681
5.38779e+07 0.0171168
5.39002e+07 0.0170584
5.39002e+07 0.0187642
5.39003e+07 0.0187962
5.39226e+07 0.0187963
5.41463e+07 0.0189582
5.41575e+07 0.0190567
5.43252e+07 0.0187963
6.04993e+07 0.0171728
6.04993e+07 0.0171728
6.04993e+07 0.0171728
6.11482e+07 0.016909
6.11482e+07 0.0169612
6.11482e+07 0.0169612
6.11706e+07 0.016909
6.11706e+07 0.0184462
6.11706e+07 0.0185031
6.13497e+07 0.0186176
6.13944e+07 0.0185314
6.14839e+07 0.018734
6.82474e+07 0.0173088
6.8281e+07 0.0172341
6.83257e+07 0.0171356
6.88403e+07 0.0174348
6.89074e+07 0.0172841
6.89074e+07 0.0172841
6.89522e+07 0.0172343
6.89522e+07 0.0172343
6.89634e+07 0.0186437
6.89746e+07 0.018617
6.91762e+07 0.0185635
6.92209e+07 0.0185634
6.92433e+07 0.0187239
7.6555e+07 0.0174884
7.66891e+07 0.0172792
7.67339e+07 0.0172792
7.74162e+07 0.0169413
7.74609e+07 0.0169856
7.74609e+07 0.0169856
7.75057e+07 0.0169856
7.7528e+07 0.0169414
7.75504e+07 0.0169193
7.75504e+07 0.0182208
7.75504e+07 0.0182446
7.7819e+07 0.0181032
7.78526e+07 0.0181266
7.78638e+07 0.0181501
8.54971e+07 0.0174972
8.55642e+07 0.0176293
8.5609e+07 0.0176293
8.63135e+07 0.0175852
8.6403e+07 0.0174973
8.64142e+07 0.0174755
8.64366e+07 0.0175192
8.65036e+07 0.017432
8.65261e+07 0.0174318
8.65261e+07 0.0174318
8.65261e+07 0.0174318
8.65261e+07 0.018677
8.67499e+07 0.0187706
8.67723e+07 0.018794
8.67947e+07 0.0187705
9.50026e+07 0.0176359
9.50586e+07 0.0176566
9.50586e+07 0.0177402
9.57744e+07 0.0177191
9.59421e+07 0.0175737
9.59421e+07 0.0175943
9.59645e+07 0.0175943
9.59645e+07 0.017719
9.60763e+07 0.0175532
9.60763e+07 0.0175532
9.60764e+07 0.0175532
9.60764e+07 0.0175532
9.60988e+07 0.0186795
9.63897e+07 0.0185496
9.64903e+07 0.0184003
9.65909e+07 0.0182534
1.05045e+08 0.0178059
1.05079e+08 0.0178457
1.05079e+08 0.0178457
1.05884e+08 0.0176877
1.05996e+08 0.017786
1.06018e+08 0.0177465
1.06029e+08 0.0177663
1.06029e+08 0.0177663
1.06029e+08 0.0179658
1.06052e+08 0.0179255
1.06063e+08 0.0179055
1.06063e+08 0.0179055
1.06152e+08 0.0177861
1.06588e+08 0.0175328
1.06589e+08 0.0186285
1.06644e+08 0.0187105
1.06667e+08 0.0188557
1.15763e+08 0.0177269
1.15807e+08 0.0177085
1.15807e+08 0.0177085
1.16601e+08 0.0177269
1.16713e+08 0.0177269
1.16725e+08 0.0177455
1.16758e+08 0.0177085
1.16758e+08 0.0177085
1.16769e+08 0.01769
1.16803e+08 0.0176716
1.16814e+08 0.0176716
1.16814e+08 0.0176716
1.16959e+08 0.0175802
1.17317e+08 0.0177084
1.1734e+08 0.0176715
1.1734e+08 0.018711
1.17362e+08 0.0187695
1.17452e+08 0.0186527
1.2708e+08 0.0177742
1.27215e+08 0.0176348
1.27215e+08 0.0176348
1.27998e+08 0.0176521
1.28076e+08 0.0177042
1.28076e+08 0.0177216
1.28132e+08 0.0176868
1.28143e+08 0.0176694
1.28165e+08 0.0176521
1.28277e+08 0.0175317
1.28277e+08 0.0175488
1.28277e+08 0.0175488
1.28456e+08 0.0174977
1.28691e+08 0.0176868
1.28736e+08 0.0176521
1.28736e+08 0.0176521
1.28758e+08 0.0176522
1.28769e+08 0.0186146
1.28848e+08 0.0186327
1.38952e+08 0.0178862
1.39042e+08 0.0179538
1.39042e+08 0.0179538
1.39903e+08 0.0178359
1.40182e+08 0.0175394
1.40182e+08 0.0175394
1.40182e+08 0.0176208
1.40194e+08 0.0176208
1.40272e+08 0.0175394
1.40395e+08 0.0175233
1.40395e+08 0.0175233
1.40395e+08 0.0175233
1.40585e+08 0.0175071
1.40764e+08 0.017588
1.40764e+08 0.0176534
1.40764e+08 0.0176534
1.40776e+08 0.0176697
1.40787e+08 0.0176697
1.40787e+08 0.0185997
1.40854e+08 0.0186171
1.51425e+08 0.0179203
1.51559e+08 0.0178563
1.51559e+08 0.0178563
1.52543e+08 0.0176827
1.52924e+08 0.0175431
1.52968e+08 0.0174817
1.52968e+08 0.0174817
1.52968e+08 0.017497
1.53024e+08 0.0175277
1.53125e+08 0.0175585
1.53125e+08 0.0175585
1.53125e+08 0.0175585
1.53259e+08 0.0176359
1.53371e+08 0.0177297
1.53382e+08 0.017714
1.53382e+08 0.017714
1.53382e+08 0.0177297
1.53382e+08 0.0177454
1.53394e+08 0.0177297
1.53461e+08 0.0177297
1.53461e+08 0.0186161
1.64599e+08 0.0178147
1.64756e+08 0.0177844
1.64756e+08 0.0177844
1.65796e+08 0.0177095
1.66288e+08 0.0175614
1.66355e+08 0.0175321
1.66355e+08 0.0175321
1.66366e+08 0.0175175
1.66388e+08 0.0175614
1.66411e+08 0.0176648
1.66411e+08 0.0176648
1.66411e+08 0.0176648
1.66534e+08 0.0176796
1.66646e+08 0.0176796
1.6668e+08 0.0176498
1.66691e+08 0.017635
1.66691e+08 0.0176351
1.66691e+08 0.0176351
1.66691e+08 0.0176498
1.66691e+08 0.0177393
1.66725e+08 0.0176945
1.66725e+08 0.0185371
1.77628e+08 0.0188716
1.77796e+08 0.0188553
1.77796e+08 0.0188553
1.78578e+08 0.0192345
1.7935e+08 0.018823
1.79395e+08 0.0188553
1.79395e+08 0.0188553
1.79395e+08 0.0188715
1.79395e+08 0.0189039
1.79417e+08 0.018904
1.79417e+08 0.018904
1.79417e+08 0.018904
1.79585e+08 0.0188393
1.79686e+08 0.0188555
1.7973e+08 0.0188393
1.7973e+08 0.0188555
1.7973e+08 0.0188555
1.7973e+08 0.0188555
1.79731e+08 0.0188555
1.79731e+08 0.0188555
1.79731e+08 0.0189041
1.79731e+08 0.0189041
1.91383e+08 0.0178749
1.91383e+08 0.0186874
1.91551e+08 0.0186877
1.91551e+08 0.0186877
1.92769e+08 0.0181135
1.93328e+08 0.0183886
1.93328e+08 0.0184476
1.93328e+08 0.0184476
1.93328e+08 0.0184476
1.93328e+08 0.0184476
1.93328e+08 0.0184772
1.93328e+08 0.0184772
1.93328e+08 0.0184772
1.93362e+08 0.0186572
1.9344e+08 0.0186875
1.93474e+08 0.0187026
1.93474e+08 0.0187026
1.93474e+08 0.0187026
1.93474e+08 0.0187026
1.93497e+08 0.0186722
1.93497e+08 0.0186723
1.93542e+08 0.0186118
1.93542e+08 0.0186118
2.05741e+08 0.0179023
2.05741e+08 0.0179023
2.05741e+08 0.0186806
2.05965e+08 0.0186082
2.05976e+08 0.0185938
2.0734e+08 0.0184083
2.07642e+08 0.0187388
2.07642e+08 0.0187388
2.07653e+08 0.0187242
2.07653e+08 0.0187242
2.07653e+08 0.0187242
2.07653e+08 0.0187242
2.07653e+08 0.0187242
2.07664e+08 0.0187096
2.07676e+08 0.0187388
2.07754e+08 0.0187388
2.0781e+08 0.0187097
2.0781e+08 0.0187097
2.0781e+08 0.0187096
2.0781e+08 0.0187096
2.0781e+08 0.0187389
2.07822e+08 0.0187243
2.07866e+08 0.0187243
2.07878e+08 0.0187097
2.20773e+08 0.0178437
2.20817e+08 0.0177907
2.20851e+08 0.0177513
2.21052e+08 0.0177777
2.21052e+08 0.0185184
2.21086e+08 0.018491
2.22495e+08 0.0184362
2.22651e+08 0.0186147
2.22663e+08 0.0186009
2.22663e+08 0.0186147
2.22663e+08 0.0186147
2.22663e+08 0.0186147
2.22663e+08 0.0186147
2.22674e+08 0.0186008
2.22674e+08 0.0186146
2.22685e+08 0.0186146
2.22752e+08 0.0186286
2.22775e+08 0.0186704
2.22775e+08 0.0186704
2.22786e+08 0.0186564
2.22786e+08 0.0186564
2.22786e+08 0.0186564
2.22831e+08 0.0186147
2.22853e+08 0.0186425
2.22853e+08 0.0186564
2.3664e+08 0.0176079
2.3664e+08 0.0176577
2.3664e+08 0.0176952
2.36819e+08 0.0177203
2.36842e+08 0.0176951
2.36842e+08 0.0184029
2.36886e+08 0.0183899
2.3815e+08 0.0185605
2.38262e+08 0.0186136
2.38273e+08 0.0186136
2.38285e+08 0.0186003
2.38285e+08 0.0186003
2.38285e+08 0.0186003
2.38296e+08 0.018587
2.38296e+08 0.0186003
2.38307e+08 0.018587
2.38307e+08 0.0186003
2.3833e+08 0.0186537
2.38374e+08 0.0186271
2.38374e+08 0.0186271
2.38408e+08 0.0186004
2.38408e+08 0.0186004
2.38419e+08 0.0185871
2.38431e+08 0.0186269
2.38475e+08 0.0186003
2.38475e+08 0.0186003
2.52979e+08 0.0177847
2.52979e+08 0.0177847
2.52979e+08 0.0177847
2.53102e+08 0.0178456
2.53124e+08 0.0178457
2.53158e+08 0.017809
2.53169e+08 0.0178457
2.53169e+08 0.0185321
2.54433e+08 0.0185319
2.54534e+08 0.0185448
2.54534e+08 0.0185575
2.54534e+08 0.0185702
2.54534e+08 0.0185702
2.54534e+08 0.0185702
2.54534e+08 0.018583
2.54545e+08 0.0185702
2.54556e+08 0.0185701
2.54556e+08 0.0185701
2.54579e+08 0.0185702
2.54612e+08 0.018583
2.54612e+08 0.018583
2.54657e+08 0.0185703
2.54657e+08 0.0185703
2.54679e+08 0.0185575
2.54724e+08 0.0185193
2.54736e+08 0.0185575
2.54736e+08 0.0185575
2.69753e+08 0.0179885
2.69753e+08 0.0179886
2.69753e+08 0.0179886
2.69943e+08 0.0179169
2.69988e+08 0.0178932
2.70033e+08 0.0178813
2.70111e+08 0.0178105
2.70111e+08 0.0178105
2.70111e+08 0.0184701
2.71274e+08 0.0185804
2.7133e+08 0.0186299
2.7133e+08 0.0186299
2.71331e+08 0.0186299
2.71331e+08 0.0186299
2.71331e+08 0.0186299
2.71331e+08 0.0186299
2.71342e+08 0.0186299
2.71431e+08 0.0185435
2.71431e+08 0.0185435
2.71454e+08 0.0185434
2.71465e+08 0.0185681
2.71465e+08 0.0185681
2.71465e+08 0.0186175
2.71465e+08 0.0186175
2.71487e+08 0.0186175
2.71521e+08 0.0186299
2.71532e+08 0.0186299
2.71532e+08 0.0186299
2.87137e+08 0.0180009
2.87137e+08 0.0180009
2.87137e+08 0.0180009
2.87305e+08 0.018024
2.87316e+08 0.0180589
2.87383e+08 0.0180356
2.87417e+08 0.0180822
2.87428e+08 0.0180705
2.8745e+08 0.0180471
2.88625e+08 0.0180355
2.88625e+08 0.0186796
2.88748e+08 0.0186077
2.88748e+08 0.0186077
2.88759e+08 0.0185958
2.88759e+08 0.0185958
2.88759e+08 0.0185958
2.88759e+08 0.0185958
2.88759e+08 0.0186077
2.88815e+08 0.0186436
2.88827e+08 0.0186316
2.8886e+08 0.0186197
2.8886e+08 0.0186316
2.8886e+08 0.0186316
2.8886e+08 0.0186316
2.8886e+08 0.0186316
2.8886e+08 0.0186556
2.88939e+08 0.0186077
2.88939e+08 0.0186197
2.88939e+08 0.0186197
3.05187e+08 0.017956
3.05187e+08 0.017956
3.05187e+08 0.017956
3.05299e+08 0.0180119
3.05299e+08 0.0180231
3.05355e+08 0.0180342
3.05388e+08 0.0180342
3.05388e+08 0.0180454
3.05444e+08 0.0180117
3.06608e+08 0.018023
3.06619e+08 0.0180118
3.06619e+08 0.0186329
3.06742e+08 0.0186329
3.06742e+08 0.0186329
3.06753e+08 0.0186329
3.06753e+08 0.0186329
3.06753e+08 0.0186329
3.06764e+08 0.0186214
3.06764e+08 0.0186214
3.06854e+08 0.0185867
3.06865e+08 0.0185866
3.06876e+08 0.0186098
3.06876e+08 0.0186098
3.06876e+08 0.0186098
3.06876e+08 0.0186098
3.06876e+08 0.0186097
3.06876e+08 0.0186097
3.06932e+08 0.0186329
3.06933e+08 0.0186329
3.06933e+08 0.0186329
3.23538e+08 0.0182702
3.23538e+08 0.0182702
3.23594e+08 0.0182147
3.23694e+08 0.0182258
3.23694e+08 0.0182258
3.23851e+08 0.0181266
3.23963e+08 0.0180503
3.23963e+08 0.0180503
3.23996e+08 0.018072
3.25137e+08 0.0180938
3.2516e+08 0.018083
3.25182e+08 0.0180612
3.25227e+08 0.0181376
3.25227e+08 0.0187422
3.25227e+08 0.0187422
3.25227e+08 0.0187536
3.25227e+08 0.0187536
3.25227e+08 0.0187536
3.25227e+08 0.0187649
3.25227e+08 0.0187649
3.25395e+08 0.0186858
3.25417e+08 0.0186744
3.25417e+08 0.0186857
3.25417e+08 0.0186857
3.25429e+08 0.0186744
3.25429e+08 0.0186744
3.2544e+08 0.0186632
3.2544e+08 0.0186632
3.25462e+08 0.018697
3.25474e+08 0.0186857
3.25474e+08 0.0186857
3.42247e+08 0.0185173
3.42303e+08 0.0184621
3.42303e+08 0.0185172
3.42505e+08 0.0184181
3.42505e+08 0.0184181
3.42728e+08 0.0183528
3.42829e+08 0.0183637
3.42829e+08 0.0183637
3.42885e+08 0.018342
3.44194e+08 0.0181805
3.44194e+08 0.0182019
3.44194e+08 0.0182233
3.4425e+08 0.0182126
3.4425e+08 0.0182126
3.4425e+08 0.0188001
3.4425e+08 0.0188001
3.44261e+08 0.0187891
3.44261e+08 0.0187891
3.44261e+08 0.0187891
3.44261e+08 0.0187891
3.44261e+08 0.0187891
3.44306e+08 0.0189112
3.44362e+08 0.0188778
3.4444e+08 0.0188001
3.4444e+08 0.0188001
3.44485e+08 0.018767
3.44485e+08 0.018767
3.44496e+08 0.018767
3.44496e+08 0.018767
3.44541e+08 0.018745
3.44552e+08 0.018745
3.44552e+08 0.018745
3.61791e+08 0.0182993
3.61791e+08 0.0183518
3.61791e+08 0.0183518
3.61992e+08 0.0183517
3.62003e+08 0.0183411
3.62059e+08 0.0185002
3.62059e+08 0.0185971
3.62082e+08 0.0185755
3.62093e+08 0.0186187
3.63904e+08 0.0181437
3.63904e+08 0.0181437
3.63904e+08 0.0181437
3.63927e+08 0.0181746
3.63927e+08 0.0181746
3.63927e+08 0.0181746
3.63927e+08 0.0181746
3.63927e+08 0.0187426
3.63927e+08 0.0187532
3.63927e+08 0.0187532
3.63927e+08 0.0187532
3.63927e+08 0.0187532
3.63938e+08 0.0187426
3.63972e+08 0.0187532
3.63972e+08 0.0188066
3.63994e+08 0.0188604
3.63994e+08 0.0188604
3.64006e+08 0.0188929
3.64006e+08 0.0188929
3.64006e+08 0.0189037
3.64006e+08 0.0189037
3.64207e+08 0.0187532
3.64207e+08 0.0187639
3.64218e+08 0.0187532
3.82016e+08 0.0182343
3.82039e+08 0.0182142
3.82061e+08 0.0181941
3.82207e+08 0.0182443
3.82207e+08 0.0182544
3.8224e+08 0.0182747
3.8224e+08 0.0182747
3.8224e+08 0.0182949
3.8224e+08 0.0183051
3.84175e+08 0.018194
3.84175e+08 0.018194
3.84175e+08 0.018194
3.84175e+08 0.0182142
3.84175e+08 0.0182142
3.84175e+08 0.0182141
3.84175e+08 0.0182142
3.84186e+08 0.0182041
3.84186e+08 0.0187557
3.84186e+08 0.0187557
3.84209e+08 0.0187351
3.84209e+08 0.0187351
3.84209e+08 0.018735
3.84209e+08 0.0187454
3.84265e+08 0.0187247
3.8431e+08 0.0186835
3.8431e+08 0.0187041
3.8431e+08 0.0187041
3.8431e+08 0.0187144
3.8431e+08 0.0187144
3.8431e+08 0.0187144
3.8431e+08 0.0187144
3.84388e+08 0.0188284
3.84399e+08 0.018818
3.844e+08 0.0188284
4.02933e+08 0.0181668
4.02955e+08 0.0181667
4.03e+08 0.0181473
4.03112e+08 0.0181765
4.03112e+08 0.0181765
4.03134e+08 0.0181862
4.03134e+08 0.0181862
4.03134e+08 0.0181862
4.03134e+08 0.0181862
4.04991e+08 0.0182545
4.05002e+08 0.0182447
4.05002e+08 0.0182447
4.05002e+08 0.0182447
4.05002e+08 0.0182447
4.05024e+08 0.0182252
4.05024e+08 0.0182252
4.05024e+08 0.0182349
4.05024e+08 0.0182349
4.05035e+08 0.0182252
4.05035e+08 0.0187612
4.05058e+08 0.0187612
4.05069e+08 0.0187511
4.05069e+08 0.0187511
4.05069e+08 0.0187511
4.05136e+08 0.0187411
4.05181e+08 0.0187411
4.05181e+08 0.0187411
4.05181e+08 0.0187411
4.05192e+08 0.0187311
4.05192e+08 0.0187311
4.05192e+08 0.0187311
4.05192e+08 0.0187311
4.05316e+08 0.0186911
4.05316e+08 0.018701
4.05327e+08 0.018691
4.24259e+08 0.0183414
4.24449e+08 0.0181983
4.2446e+08 0.0182268
4.24539e+08 0.0182554
4.24539e+08 0.0182553
4.24606e+08 0.0182173
4.24606e+08 0.0182173
4.24606e+08 0.0182173
4.24606e+08 0.0182173
4.26373e+08 0.0182935
4.26373e+08 0.018303
4.26373e+08 0.018303
4.26373e+08 0.018303
4.26373e+08 0.018303
4.26373e+08 0.0183222
4.26373e+08 0.0183222
4.26373e+08 0.0183222
4.26373e+08 0.0183222
4.26373e+08 0.0183318
4.26373e+08 0.0183318
4.26395e+08 0.0188358
4.26418e+08 0.0188358
4.26418e+08 0.0188456
4.26451e+08 0.0188161
4.26451e+08 0.0188161
4.26485e+08 0.0188457
4.26496e+08 0.0188753
4.26496e+08 0.0188753
4.26496e+08 0.0188753
4.26496e+08 0.0188852
4.26496e+08 0.0188852
4.26496e+08 0.0188852
4.26496e+08 0.0188852
4.26664e+08 0.0188457
4.26676e+08 0.0188359
4.26687e+08 0.0188359
4.46301e+08 0.0182529
4.46301e+08 0.0184117
4.46312e+08 0.0184117
4.46637e+08 0.0182068
4.46659e+08 0.0181884
4.46793e+08 0.0181334
4.46793e+08 0.0181334
4.46827e+08 0.0181061
4.46827e+08 0.0181061
4.48448e+08 0.0182252
4.48448e+08 0.0182252
4.4846e+08 0.018216
4.4846e+08 0.018216
4.48471e+08 0.0182068
4.48471e+08 0.0182068
4.48471e+08 0.0182068
4.48471e+08 0.0182068
4.48471e+08 0.0182068
4.48471e+08 0.0182067
4.48471e+08 0.0182067
4.48482e+08 0.0182159
4.48505e+08 0.0182159
4.48505e+08 0.0187219
4.48505e+08 0.0187219
4.48516e+08 0.0187409
4.48516e+08 0.0187409
4.48516e+08 0.0187694
4.48516e+08 0.018779
4.48516e+08 0.018779
4.48516e+08 0.018779
4.48527e+08 0.0187694
4.48527e+08 0.0187694
4.48527e+08 0.0187694
4.48538e+08 0.0187599
4.48583e+08 0.0188652
4.48584e+08 0.0188748
4.48595e+08 0.0188748
4.68936e+08 0.0182687
4.68936e+08 0.0182687
4.68936e+08 0.0182778
4.69394e+08 0.0181701
4.69439e+08 0.0181522
4.69607e+08 0.0181256
4.69607e+08 0.0181256
4.69618e+08 0.0181434
4.69618e+08 0.0181434
4.71161e+08 0.0182058
4.71161e+08 0.0182058
4.71161e+08 0.0182147
4.71161e+08 0.0182147
4.71161e+08 0.0182237
4.71161e+08 0.0182237
4.71173e+08 0.0182147
4.71173e+08 0.0182147
4.71173e+08 0.0182147
4.71173e+08 0.0182147
4.71195e+08 0.0181968
4.71195e+08 0.0182057
4.71195e+08 0.0182237
4.71195e+08 0.0182236
4.71195e+08 0.0187162
4.71195e+08 0.0187162
4.71195e+08 0.0187254
4.71195e+08 0.0187254
4.71207e+08 0.0187162
4.71207e+08 0.0187162
4.71207e+08 0.0187162
4.71218e+08 0.018707
4.71218e+08 0.0187162
4.71218e+08 0.0187162
4.71218e+08 0.0187162
4.71218e+08 0.0187254
4.71285e+08 0.018707
4.7133e+08 0.0186703
4.71408e+08 0.0186154
4.92233e+08 0.0182285
4.92233e+08 0.0182285
4.92233e+08 0.0182285
4.92424e+08 0.0184409
4.92424e+08 0.0184768
4.92446e+08 0.0185944
4.92446e+08 0.0185944
4.92446e+08 0.0186035
4.92446e+08 0.0186035
4.94381e+08 0.0182899
4.94381e+08 0.0182899
4.94381e+08 0.0182899
4.94381e+08 0.0182899
4.94392e+08 0.0182811
4.94403e+08 0.0182722
4.94403e+08 0.018281
4.94403e+08 0.018281
4.94403e+08 0.018281
4.94403e+08 0.0182811
4.94415e+08 0.0182898
4.94415e+08 0.0182898
4.94415e+08 0.0182898
4.94426e+08 0.0182811
4.94426e+08 0.0182811
4.94426e+08 0.0187622
4.94426e+08 0.0187622
4.94426e+08 0.0187622
4.94449e+08 0.0187441
4.94449e+08 0.0187531
4.94505e+08 0.0187081
4.94505e+08 0.0187081
4.94516e+08 0.0187081
4.94516e+08 0.0187081
4.94516e+08 0.0187081
4.94516e+08 0.0187081
4.94516e+08 0.0187081
4.94661e+08 0.0186456
4.94661e+08 0.0186813
4.94728e+08 0.0186903
5.15976e+08 0.0183578
5.15987e+08 0.0183492
5.15987e+08 0.0183492
5.16043e+08 0.0184533
5.16043e+08 0.0184533
5.16054e+08 0.0184621
5.16054e+08 0.0184621
5.16054e+08 0.0184621
5.16054e+08 0.0184621
5.18045e+08 0.0184184
5.18045e+08 0.0184183
5.18079e+08 0.0183923
5.18079e+08 0.0183923
5.1809e+08 0.0183923
5.18101e+08 0.0183923
5.18101e+08 0.0183923
5.18101e+08 0.0183923
5.18101e+08 0.0183923
5.18101e+08 0.0183923
5.18135e+08 0.018375
5.18146e+08 0.0183663
5.18146e+08 0.0183663
5.18146e+08 0.018375
5.18146e+08 0.018375
5.18146e+08 0.018375
5.18146e+08 0.018375
5.18146e+08 0.0188461
5.18169e+08 0.0188284
5.18225e+08 0.0188018
5.18225e+08 0.0188018
5.18247e+08 0.0188284
5.18247e+08 0.0188284
5.18258e+08 0.0188284
5.18258e+08 0.0188284
5.18258e+08 0.0188284
5.18258e+08 0.0188284
5.18258e+08 0.0188284
5.18493e+08 0.0187578
5.18493e+08 0.0187578
5.18505e+08 0.0188019
5.40295e+08 0.0183817
5.40295e+08 0.0183902
5.40295e+08 0.0183902
5.40452e+08 0.0183144
5.40452e+08 0.0183144
5.40452e+08 0.0183228
5.40452e+08 0.0183228
5.40474e+08 0.018306
5.40508e+08 0.0182809
5.42555e+08 0.0182391
5.42577e+08 0.0182225
5.42589e+08 0.0182391
5.42589e+08 0.0182391
5.426e+08 0.0182391
5.426e+08 0.0182474
5.426e+08 0.0182474
5.426e+08 0.0182474
5.426e+08 0.0182474
5.426e+08 0.0182474
5.42645e+08 0.0182391
5.42678e+08 0.0182225
5.42678e+08 0.0182225
5.42678e+08 0.0182225
5.42678e+08 0.0182225
5.42678e+08 0.0182225
5.42678e+08 0.0182225
5.42678e+08 0.0182225
5.42678e+08 0.018678
5.42678e+08 0.018695
5.42757e+08 0.018678
5.42757e+08 0.018678
5.42757e+08 0.0186951
5.42757e+08 0.0186951
5.42757e+08 0.0187036
5.42779e+08 0.0186866
5.42779e+08 0.0186866
5.42779e+08 0.0186866
5.4279e+08 0.0186781
5.42936e+08 0.0187464
5.42936e+08 0.0187464
5.42947e+08 0.0187464
5.65212e+08 0.01839
5.65212e+08 0.01839
5.65234e+08 0.0183735
5.65323e+08 0.0184231
5.65346e+08 0.0184066
5.65413e+08 0.0183571
5.65435e+08 0.0183407
5.65536e+08 0.0182834
5.65592e+08 0.0182672
5.67728e+08 0.0182022
5.6774e+08 0.0182103
5.6774e+08 0.0182184
5.67751e+08 0.0182103
5.67773e+08 0.0182022
5.67773e+08 0.0182022
5.67773e+08 0.0182022
5.67773e+08 0.0182022
5.67773e+08 0.0182022
5.67773e+08 0.0182022
5.67829e+08 0.0181941
5.67829e+08 0.0182184
5.67829e+08 0.0182184
5.6784e+08 0.0182103
5.6784e+08 0.0182103
5.6784e+08 0.0182103
5.6784e+08 0.0182103
5.67841e+08 0.0182103
5.67852e+08 0.0182021
5.67874e+08 0.018186
5.67874e+08 0.0186295
5.67908e+08 0.0186627
5.67908e+08 0.0186627
5.67919e+08 0.0186544
5.67919e+08 0.0186544
5.67919e+08 0.0186544
5.67953e+08 0.0186461
5.67953e+08 0.0186461
5.67953e+08 0.0186461
5.67953e+08 0.0186544
5.68065e+08 0.0186793
5.68065e+08 0.0186793
5.68087e+08 0.018671
5.91059e+08 0.0181598
5.91059e+08 0.0181598
5.91126e+08 0.0181284
5.91149e+08 0.0181755
5.91149e+08 0.0181912
5.91149e+08 0.0182386
5.91149e+08 0.0182545
5.9116e+08 0.0183182
5.9116e+08 0.0183582
5.93487e+08 0.0182227
5.93487e+08 0.0182306
5.93498e+08 0.0182227
5.93509e+08 0.0182227
5.93532e+08 0.0182227
5.93532e+08 0.0182227
5.93532e+08 0.0182227
5.93554e+08 0.0182069
5.93554e+08 0.0182069
5.93554e+08 0.0182069
5.93565e+08 0.0182385
5.93576e+08 0.0182306
5.93576e+08 0.0182306
5.93576e+08 0.0182385
5.93576e+08 0.0182385
5.93576e+08 0.0182385
5.93577e+08 0.0182385
5.93577e+08 0.0182385
5.93666e+08 0.0181832
5.93666e+08 0.018199
5.93677e+08 0.0181911
5.93689e+08 0.0186161
5.93689e+08 0.0186404
5.93689e+08 0.0186404
5.93689e+08 0.0186485
5.93689e+08 0.0186485
5.93689e+08 0.0186485
5.93711e+08 0.0186566
5.93722e+08 0.0186485
5.93722e+08 0.0186485
5.93722e+08 0.0186485
5.93801e+08 0.0186728
5.93801e+08 0.0186728
5.93812e+08 0.0186809
6.16839e+08 0.0186409
6.16839e+08 0.0186409
6.16862e+08 0.0186733
6.16951e+08 0.0186248
6.16951e+08 0.0186248
6.16951e+08 0.0186248
6.16951e+08 0.0186248
6.17063e+08 0.0185524
6.17063e+08 0.0185524
6.18909e+08 0.0189031
6.18909e+08 0.0189031
6.18977e+08 0.0188614
6.18999e+08 0.0188531
6.18999e+08 0.0188697
6.18999e+08 0.0188697
6.18999e+08 0.0188697
6.18999e+08 0.0188863
6.18999e+08 0.0188863
6.18999e+08 0.0188863
6.1901e+08 0.0188864
6.1901e+08 0.0188947
6.1901e+08 0.0188947
6.1901e+08 0.0188947
6.1901e+08 0.0188947
6.1901e+08 0.0188947
6.1901e+08 0.0188947
6.1901e+08 0.0188947
6.1901e+08 0.0189615
6.1901e+08 0.0189615
6.1901e+08 0.0189699
6.1901e+08 0.0189783
6.1901e+08 0.0189783
6.1901e+08 0.0194196
6.1901e+08 0.0194196
6.1901e+08 0.0194196
6.1901e+08 0.0194196
6.1901e+08 0.0194196
6.1901e+08 0.0194368
6.1901e+08 0.0194454
6.1901e+08 0.0194454
6.1901e+08 0.0194454
6.1901e+08 0.0195059
6.1901e+08 0.0195059
6.1901e+08 0.0195146
6.22345e+08 0.0893054
6.2239e+08 0.0885861
6.22446e+08 0.0880544
