4.80423e+06 0.00232664
8.31741e+06 0.00318113
8.31742e+06 0.00636224
9.50915e+06 0.0187556
9.50915e+06 0.0187556
1.17774e+07 0.00985411
1.17774e+07 0.0147811
1.17774e+07 0.0147811
1.4093e+07 0.014479
1.4093e+07 0.014479
1.4093e+07 0.0193052
1.40931e+07 0.0193051
1.84942e+07 0.0101572
1.84942e+07 0.0101572
1.84942e+07 0.0101573
1.84942e+07 0.0101573
1.84942e+07 0.0126966
2.12231e+07 0.0204763
2.1279e+07 0.0200654
2.1279e+07 0.0200654
2.13014e+07 0.0199057
2.13014e+07 0.0199057
2.1402e+07 0.0230603
2.6546e+07 0.0125976
2.6546e+07 0.0127313
2.6546e+07 0.0127313
2.66131e+07 0.0126241
2.66578e+07 0.0125187
2.66578e+07 0.0127583
2.66578e+07 0.0148847
3.05497e+07 0.0195397
3.05609e+07 0.0194853
3.05721e+07 0.0194311
3.08403e+07 0.0185065
3.08738e+07 0.0185556
3.08739e+07 0.0185556
3.08739e+07 0.0185556
3.52801e+07 0.0165381
3.52801e+07 0.0189006
3.53024e+07 0.0188561
3.53024e+07 0.0189007
3.53024e+07 0.0200369
3.53024e+07 0.0201886
3.53024e+07 0.0201886
3.53025e+07 0.0201886
4.10727e+07 0.0154346
4.10727e+07 0.0154346
4.10727e+07 0.0173639
4.10727e+07 0.0174311
4.10727e+07 0.0174311
4.11286e+07 0.0172639
4.11286e+07 0.0172639
4.11286e+07 0.0172639
4.14304e+07 0.0164137
4.73014e+07 0.0161482
4.74132e+07 0.0158636
4.74132e+07 0.0158636
4.74132e+07 0.0158636
4.75697e+07 0.0172016
4.77262e+07 0.0167971
4.78045e+07 0.0167408
4.78045e+07 0.0167408
4.78045e+07 0.0167408
4.78045e+07 0.0175333
5.43801e+07 0.015788
5.43801e+07 0.0160413
5.43802e+07 0.0160413
5.44249e+07 0.0159389
5.46261e+07 0.0158379
5.46261e+07 0.0174217
5.46261e+07 0.0178167
5.49168e+07 0.0172847
5.49168e+07 0.0172847
5.49168e+07 0.0172847
5.49168e+07 0.0172847
6.15708e+07 0.0170965
6.15708e+07 0.0170965
6.15708e+07 0.0170965
6.15932e+07 0.0171498
6.18727e+07 0.0169644
6.18727e+07 0.0169644
6.20292e+07 0.0166058
6.20628e+07 0.0180337
6.23087e+07 0.0181429
6.23087e+07 0.0181429
6.23087e+07 0.0181429
6.23087e+07 0.0181429
7.00362e+07 0.0158421
7.00362e+07 0.0158421
7.00362e+07 0.0158421
7.01257e+07 0.0157177
7.05729e+07 0.0154148
7.05729e+07 0.0154148
7.06511e+07 0.0155546
7.06511e+07 0.0156154
7.06512e+07 0.0169166
7.06512e+07 0.0174153
7.06512e+07 0.0174153
7.06512e+07 0.0174153
7.06512e+07 0.0174153
7.82335e+07 0.0177238
7.82335e+07 0.0177237
7.82335e+07 0.0177237
7.82335e+07 0.0179192
7.87031e+07 0.0178698
7.8759e+07 0.0177479
7.87925e+07 0.0178454
7.89379e+07 0.0175325
7.90161e+07 0.0173685
7.90496e+07 0.0186298
7.90497e+07 0.0186298
7.90497e+07 0.0186298
7.90497e+07 0.0186298
7.90497e+07 0.0186298
8.80296e+07 0.0159718
8.80743e+07 0.0158992
8.80967e+07 0.0158632
8.80967e+07 0.0158632
8.82085e+07 0.0164603
8.82421e+07 0.0164991
8.82532e+07 0.0165381
8.82533e+07 0.0167961
8.82644e+07 0.0169179
8.82644e+07 0.0169794
8.82645e+07 0.0169794
8.82645e+07 0.0181922
8.8298e+07 0.0181263
8.83204e+07 0.0180826
8.83204e+07 0.0180826
9.72335e+07 0.0182139
9.72559e+07 0.0182582
9.72782e+07 0.0182582
9.72894e+07 0.018236
9.73566e+07 0.0183251
9.74907e+07 0.0181258
9.7703e+07 0.0177399
9.78707e+07 0.0174306
9.79825e+07 0.0172501
9.81613e+07 0.0169385
9.82172e+07 0.0168434
9.82955e+07 0.016712
9.82955e+07 0.0178261
9.83067e+07 0.0178659
9.83402e+07 0.017846
9.83626e+07 0.0178063
1.0788e+08 0.0167962
1.0788e+08 0.0168315
1.07913e+08 0.0168138
1.07913e+08 0.0168315
1.08148e+08 0.0165701
1.08204e+08 0.0166911
1.08271e+08 0.0169206
1.08327e+08 0.0171015
1.08338e+08 0.0172676
1.08394e+08 0.0174751
1.08494e+08 0.017399
1.08494e+08 0.0175325
1.0855e+08 0.017437
1.08562e+08 0.017437
1.08562e+08 0.0185268
1.08562e+08 0.0185875
1.08562e+08 0.0186283
1.18302e+08 0.0182281
1.18303e+08 0.0182281
1.18325e+08 0.0182477
1.18358e+08 0.0181891
1.18459e+08 0.0184257
1.1866e+08 0.0181697
1.1875e+08 0.018131
1.18884e+08 0.0179966
1.18884e+08 0.0180157
1.19219e+08 0.0175507
1.19364e+08 0.0174785
1.19364e+08 0.0174785
1.19431e+08 0.0174606
1.19443e+08 0.0174606
1.19487e+08 0.0173892
1.19532e+08 0.018337
1.19644e+08 0.018152
1.197e+08 0.0180609
1.29944e+08 0.0172801
1.29944e+08 0.0172801
1.29944e+08 0.0173133
1.29944e+08 0.0173635
1.29944e+08 0.0175156
1.29944e+08 0.0178278
1.29944e+08 0.0179702
1.3e+08 0.0180967
1.3e+08 0.0180967
1.30067e+08 0.0185442
1.30067e+08 0.0187959
1.30246e+08 0.018487
1.30559e+08 0.0180785
1.30715e+08 0.0178455
1.30715e+08 0.0179165
1.3076e+08 0.0179165
1.30916e+08 0.0178455
1.30916e+08 0.0188369
1.30995e+08 0.0187996
1.41541e+08 0.0183097
1.41541e+08 0.0183097
1.41541e+08 0.0183097
1.41541e+08 0.0183097
1.41541e+08 0.0183097
1.41541e+08 0.0183097
1.41552e+08 0.0182921
1.41552e+08 0.0183806
1.41564e+08 0.0183628
1.41564e+08 0.0184699
1.41564e+08 0.0184699
1.41564e+08 0.0187618
1.41575e+08 0.0192757
1.41809e+08 0.0191398
1.41988e+08 0.0188362
1.42111e+08 0.0187064
1.43028e+08 0.0175325
1.43039e+08 0.0175163
1.43106e+08 0.0183368
1.4324e+08 0.0182531
1.54379e+08 0.0174104
1.54379e+08 0.0174104
1.54379e+08 0.0174104
1.54636e+08 0.0170687
1.54636e+08 0.0170687
1.54636e+08 0.0170687
1.54636e+08 0.0170832
1.5467e+08 0.0170396
1.54703e+08 0.0170106
1.54715e+08 0.0169961
1.54715e+08 0.0169961
1.54715e+08 0.0169961
1.54715e+08 0.0170106
1.54715e+08 0.0173199
1.54759e+08 0.0175018
1.54782e+08 0.0176408
1.55028e+08 0.0186266
1.55184e+08 0.0184038
1.55396e+08 0.0181863
1.55821e+08 0.0177662
1.55821e+08 0.0186546
1.67452e+08 0.0179523
1.67452e+08 0.0179523
1.67542e+08 0.0178304
1.67575e+08 0.0181384
1.67575e+08 0.0181384
1.67642e+08 0.0180449
1.67642e+08 0.0180449
1.67665e+08 0.0180603
1.67687e+08 0.0180759
1.67799e+08 0.0179369
1.67955e+08 0.017725
1.68246e+08 0.0173443
1.68246e+08 0.0173443
1.68369e+08 0.0171882
1.68436e+08 0.0171601
1.68715e+08 0.0168435
1.68883e+08 0.0169386
1.6895e+08 0.0170486
1.68961e+08 0.0173014
1.69062e+08 0.0177249
1.69107e+08 0.0176652
1.69129e+08 0.0184753
1.81096e+08 0.0180212
1.81096e+08 0.0180212
1.81096e+08 0.0181401
1.81107e+08 0.0181701
1.81163e+08 0.0180953
1.81196e+08 0.0181401
1.81196e+08 0.0181401
1.82035e+08 0.0171102
1.82079e+08 0.0170836
1.82191e+08 0.0170836
1.82191e+08 0.0172713
1.82191e+08 0.0176312
1.82191e+08 0.0176312
1.82225e+08 0.017745
1.82247e+08 0.0178024
1.82247e+08 0.01817
1.82269e+08 0.0183673
1.82269e+08 0.0184598
1.82292e+08 0.0184443
1.82359e+08 0.0184909
1.82381e+08 0.018522
1.82426e+08 0.0184909
1.9456e+08 0.0182603
1.94627e+08 0.0189957
1.94795e+08 0.0187633
1.94795e+08 0.0187633
1.94795e+08 0.0187786
1.95086e+08 0.018462
1.95097e+08 0.0184916
1.95097e+08 0.0184916
1.9541e+08 0.0192178
1.9541e+08 0.0192822
1.95499e+08 0.0193146
1.95533e+08 0.0192661
1.95533e+08 0.0192661
1.95533e+08 0.0192661
1.95745e+08 0.0190113
1.95812e+08 0.0189486
1.95812e+08 0.0189486
1.95891e+08 0.0188709
1.95924e+08 0.0188246
1.95969e+08 0.0187938
1.9607e+08 0.0187479
1.9607e+08 0.0187785
1.96204e+08 0.0186566
2.08998e+08 0.0178041
2.0902e+08 0.0178594
2.0902e+08 0.0186359
2.0902e+08 0.0188555
2.0902e+08 0.0188555
2.09054e+08 0.0188111
2.09367e+08 0.0187818
2.09479e+08 0.0186504
2.09635e+08 0.0184496
2.0968e+08 0.0187965
2.09691e+08 0.0187817
2.09691e+08 0.0189
2.09691e+08 0.0189448
2.09702e+08 0.0189298
2.09702e+08 0.0189298
2.09713e+08 0.0192024
2.09747e+08 0.0192487
2.09747e+08 0.0192487
2.09781e+08 0.0193106
2.09926e+08 0.0191565
2.09971e+08 0.0191565
2.09993e+08 0.0192641
2.09993e+08 0.0192641
2.10015e+08 0.01942
2.24061e+08 0.0178058
2.24106e+08 0.0177794
2.24117e+08 0.0177663
2.24117e+08 0.0177663
2.24117e+08 0.0185065
2.24117e+08 0.0185065
2.24117e+08 0.0185477
2.24185e+08 0.0188554
2.24185e+08 0.0189988
2.24241e+08 0.0191296
2.24464e+08 0.0188983
2.24688e+08 0.0186307
2.24688e+08 0.0186307
2.24688e+08 0.0186307
2.24688e+08 0.0186446
2.24743e+08 0.0185753
2.24844e+08 0.0184656
2.24855e+08 0.0184929
2.24855e+08 0.0184929
2.24855e+08 0.018534
2.24855e+08 0.0187143
2.24855e+08 0.0187705
2.24889e+08 0.0187565
2.24934e+08 0.0187003
2.25146e+08 0.0184655
2.3974e+08 0.0178202
2.3974e+08 0.0178711
2.3974e+08 0.0178839
2.39751e+08 0.0178711
2.39763e+08 0.0178583
2.39763e+08 0.0185726
2.39763e+08 0.0185726
2.39763e+08 0.0185726
2.39841e+08 0.0185594
2.39852e+08 0.0185462
2.39863e+08 0.0185993
2.39875e+08 0.0188555
2.39875e+08 0.019133
2.39875e+08 0.019133
2.39875e+08 0.019133
2.39908e+08 0.0190909
2.40065e+08 0.0189655
2.40422e+08 0.0186525
2.40445e+08 0.0186391
2.40445e+08 0.0186391
2.40467e+08 0.0186124
2.40713e+08 0.0183239
2.40735e+08 0.0182981
2.40758e+08 0.018311
2.40802e+08 0.018311
2.40802e+08 0.0185593
2.55777e+08 0.0181192
2.55777e+08 0.0181192
2.55788e+08 0.0181066
2.56012e+08 0.0178701
2.56012e+08 0.0178824
2.56023e+08 0.0178701
2.56023e+08 0.0178701
2.56045e+08 0.0185319
2.56045e+08 0.0185319
2.56057e+08 0.0186085
2.56057e+08 0.0186214
2.56079e+08 0.0186085
2.5609e+08 0.0186086
2.56101e+08 0.0185957
2.56101e+08 0.0185957
2.56135e+08 0.0185574
2.56146e+08 0.0185829
2.56213e+08 0.0186859
2.56548e+08 0.0187118
2.56604e+08 0.0186729
2.5666e+08 0.0186086
2.5666e+08 0.0186343
2.56783e+08 0.0187769
2.56794e+08 0.0187899
2.56861e+08 0.0187378
2.56984e+08 0.0186471
2.56984e+08 0.0186471
2.72596e+08 0.0179405
2.72596e+08 0.0179405
2.72596e+08 0.0179524
2.7263e+08 0.0181576
2.7263e+08 0.0181576
2.7263e+08 0.0181698
2.72641e+08 0.0181576
2.72664e+08 0.0181576
2.72664e+08 0.0188301
2.72664e+08 0.0188301
2.72943e+08 0.0185311
2.72943e+08 0.0185311
2.72954e+08 0.0185433
2.72954e+08 0.0185556
2.72954e+08 0.0185679
2.72965e+08 0.0185555
2.72988e+08 0.0185678
2.72988e+08 0.0185802
2.73055e+08 0.0185801
2.73368e+08 0.0186048
2.73524e+08 0.0184943
2.7358e+08 0.0184943
2.73592e+08 0.018482
2.73625e+08 0.0185801
2.73625e+08 0.0185925
2.73625e+08 0.0186669
2.73737e+08 0.0186793
2.73759e+08 0.0186544
2.89908e+08 0.018076
2.89908e+08 0.018076
2.89997e+08 0.0179831
2.9002e+08 0.0179947
2.9002e+08 0.0179947
2.9002e+08 0.0179947
2.9002e+08 0.0180063
2.90065e+08 0.0179831
2.90065e+08 0.0179831
2.90065e+08 0.0179831
2.90087e+08 0.0186015
2.90098e+08 0.0188923
2.9021e+08 0.01877
2.90434e+08 0.018542
2.90445e+08 0.0185301
2.90445e+08 0.0185301
2.90467e+08 0.0185183
2.90478e+08 0.0185301
2.90478e+08 0.0185301
2.90545e+08 0.0185301
2.90825e+08 0.0185657
2.90881e+08 0.0186733
2.90948e+08 0.0186613
2.90948e+08 0.0186733
2.91037e+08 0.0186134
2.91037e+08 0.0186134
2.91037e+08 0.0186134
2.91172e+08 0.0185895
2.91183e+08 0.0186014
3.07913e+08 0.0180007
3.07913e+08 0.0180007
3.07958e+08 0.0180455
3.08058e+08 0.0179672
3.08058e+08 0.0179672
3.08092e+08 0.0179339
3.08092e+08 0.0179339
3.08092e+08 0.0179783
3.08092e+08 0.0179783
3.08092e+08 0.0179783
3.08103e+08 0.0179895
3.08125e+08 0.0185868
3.08148e+08 0.0185752
3.08349e+08 0.0184837
3.08517e+08 0.0185408
3.08528e+08 0.0185408
3.08528e+08 0.0185408
3.08539e+08 0.0185522
3.08539e+08 0.0185637
3.08573e+08 0.0185292
3.08662e+08 0.0185064
3.08785e+08 0.0186677
3.08785e+08 0.0187259
3.0883e+08 0.0187494
3.08841e+08 0.0187376
3.08942e+08 0.0187259
3.08998e+08 0.0186676
3.09098e+08 0.0185637
3.09188e+08 0.0186098
3.09188e+08 0.0186214
3.26544e+08 0.0179955
3.26544e+08 0.0179955
3.26544e+08 0.0180388
3.26544e+08 0.0181369
3.26544e+08 0.0181369
3.26667e+08 0.0180496
3.26689e+08 0.0180279
3.26701e+08 0.0180171
3.26701e+08 0.0180171
3.26723e+08 0.0179955
3.26734e+08 0.0179955
3.26757e+08 0.0179954
3.26835e+08 0.0179416
3.26857e+08 0.0185175
3.2707e+08 0.0185064
3.27193e+08 0.0185507
3.27204e+08 0.0185507
3.27215e+08 0.0185396
3.2726e+08 0.0185064
3.27282e+08 0.0184843
3.2736e+08 0.0184404
3.27383e+08 0.0185065
3.27416e+08 0.0185953
3.27416e+08 0.0185953
3.2745e+08 0.0186064
3.27461e+08 0.0186064
3.27472e+08 0.0186962
3.27506e+08 0.0187188
3.27606e+08 0.0187188
3.27785e+08 0.0186288
3.27875e+08 0.0185396
3.45757e+08 0.0180325
3.45757e+08 0.0180325
3.45757e+08 0.0180325
3.45768e+08 0.018022
3.45768e+08 0.018022
3.45768e+08 0.018138
3.45768e+08 0.0181593
3.45768e+08 0.0181699
3.4579e+08 0.0181486
3.45813e+08 0.0181486
3.45913e+08 0.018064
3.45969e+08 0.0180325
3.46103e+08 0.0179802
3.46126e+08 0.0179802
3.46148e+08 0.0185386
3.46461e+08 0.0184424
3.46495e+08 0.0185278
3.46517e+08 0.0185171
3.46618e+08 0.0184318
3.46629e+08 0.0184637
3.46629e+08 0.0184851
3.46663e+08 0.0185279
3.46674e+08 0.0185386
3.46696e+08 0.0185494
3.46696e+08 0.0185494
3.46707e+08 0.0185709
3.46707e+08 0.0185817
3.46707e+08 0.0185925
3.46786e+08 0.0185494
3.4683e+08 0.0186033
3.47054e+08 0.0185601
3.47199e+08 0.0185064
3.65573e+08 0.0180469
3.65573e+08 0.0180469
3.65573e+08 0.0180469
3.65584e+08 0.0180469
3.65585e+08 0.0180469
3.65585e+08 0.0180469
3.65585e+08 0.0180469
3.65585e+08 0.0180469
3.65596e+08 0.018057
3.65596e+08 0.0180774
3.65596e+08 0.0181698
3.65786e+08 0.0180469
3.65853e+08 0.0181082
3.65853e+08 0.0181287
3.65909e+08 0.0180979
3.66401e+08 0.0179356
3.66412e+08 0.0184857
3.66434e+08 0.0184961
3.66434e+08 0.0185168
3.66479e+08 0.018569
3.6649e+08 0.018569
3.66513e+08 0.0185481
3.66524e+08 0.018569
3.66524e+08 0.0185794
3.66524e+08 0.0186004
3.66535e+08 0.0185899
3.66535e+08 0.0186004
3.66535e+08 0.0186004
3.66535e+08 0.0186004
3.66546e+08 0.0186635
3.66625e+08 0.0186318
3.66915e+08 0.0185689
3.67016e+08 0.0186108
3.85938e+08 0.0181101
3.85938e+08 0.0181101
3.85938e+08 0.01811
3.85938e+08 0.01812
3.85971e+08 0.0180902
3.85983e+08 0.0180802
3.85983e+08 0.0180802
3.85983e+08 0.0180802
3.85994e+08 0.0180802
3.86005e+08 0.0180703
3.86083e+08 0.0180013
3.86184e+08 0.0180802
3.86296e+08 0.0180407
3.86307e+08 0.0180308
3.86307e+08 0.0180803
3.86844e+08 0.0180407
3.86844e+08 0.0180506
3.86844e+08 0.0185976
3.86888e+08 0.0185773
3.869e+08 0.0185671
3.86911e+08 0.0185976
3.86933e+08 0.0185874
3.86944e+08 0.0185976
3.86944e+08 0.0186078
3.86944e+08 0.0186078
3.86944e+08 0.0186078
3.86944e+08 0.018618
3.86956e+08 0.0186078
3.86956e+08 0.0186078
3.86956e+08 0.0186078
3.86956e+08 0.018618
3.87045e+08 0.0186078
3.87381e+08 0.018567
3.87638e+08 0.0184261
4.06962e+08 0.0180732
4.06962e+08 0.0180732
4.06962e+08 0.0180732
4.06974e+08 0.0180636
4.06985e+08 0.0180828
4.07085e+08 0.0180062
4.07119e+08 0.0179777
4.07119e+08 0.0179777
4.07164e+08 0.0179492
4.07164e+08 0.0179587
4.07164e+08 0.0180253
4.0722e+08 0.0180637
4.07264e+08 0.0181214
4.07264e+08 0.0181311
4.07275e+08 0.0181214
4.07734e+08 0.0181893
4.07868e+08 0.0180733
4.07868e+08 0.0180733
4.07902e+08 0.0180829
4.07902e+08 0.0186147
4.07935e+08 0.018595
4.07935e+08 0.0186048
4.07946e+08 0.0186148
4.07958e+08 0.0186148
4.07958e+08 0.0186147
4.07958e+08 0.0186147
4.07958e+08 0.0186147
4.07958e+08 0.0186147
4.07958e+08 0.0186246
4.07958e+08 0.0186246
4.07958e+08 0.0186246
4.07958e+08 0.0186246
4.08092e+08 0.0185851
4.08416e+08 0.0185949
4.08752e+08 0.018526
4.28658e+08 0.0180294
4.28658e+08 0.0180294
4.2868e+08 0.0180109
4.28725e+08 0.0179831
4.28725e+08 0.0179924
4.28725e+08 0.018076
4.28725e+08 0.0181041
4.28725e+08 0.0181041
4.28837e+08 0.018048
4.2887e+08 0.0180201
4.28893e+08 0.0180015
4.2906e+08 0.0179094
4.29083e+08 0.0179278
4.29083e+08 0.0179278
4.29083e+08 0.017937
4.29318e+08 0.0181228
4.29485e+08 0.0180947
4.29485e+08 0.0180947
4.29496e+08 0.0181135
4.2953e+08 0.0180853
4.29552e+08 0.0185828
4.29552e+08 0.0186117
4.29552e+08 0.0186116
4.29552e+08 0.0186213
4.29552e+08 0.0186309
4.29552e+08 0.0186309
4.29575e+08 0.0186117
4.29575e+08 0.0186117
4.29575e+08 0.0186117
4.29575e+08 0.0186117
4.29575e+08 0.0186117
4.29575e+08 0.0186117
4.29608e+08 0.0185829
4.29776e+08 0.0185541
4.30134e+08 0.0185255
4.30246e+08 0.0187181
4.5089e+08 0.0180969
4.50901e+08 0.0180878
4.50901e+08 0.018106
4.50901e+08 0.0181425
4.50901e+08 0.0181425
4.50901e+08 0.0181425
4.50901e+08 0.0181425
4.50901e+08 0.0181425
4.51102e+08 0.0180695
4.51192e+08 0.0180243
4.51292e+08 0.0179614
4.51315e+08 0.0180786
4.5146e+08 0.0179793
4.5146e+08 0.0179793
4.5146e+08 0.0179793
4.51684e+08 0.0179882
4.51695e+08 0.018115
4.51695e+08 0.018115
4.51695e+08 0.0181241
4.5174e+08 0.018115
4.5174e+08 0.0181332
4.5174e+08 0.0181332
4.5174e+08 0.0186369
4.51751e+08 0.0186276
4.51762e+08 0.0186182
4.51762e+08 0.0186182
4.51762e+08 0.0186182
4.51785e+08 0.0186182
4.51807e+08 0.0185995
4.51829e+08 0.0185808
4.51829e+08 0.0185808
4.51841e+08 0.0185715
4.51874e+08 0.0185435
4.51885e+08 0.0185621
4.52053e+08 0.0185621
4.52422e+08 0.0185528
4.52612e+08 0.0184879
4.73681e+08 0.0181432
4.73704e+08 0.0181343
4.73704e+08 0.0181343
4.73704e+08 0.0181343
4.73704e+08 0.0181343
4.73704e+08 0.0181343
4.73715e+08 0.0181254
4.73715e+08 0.0181254
4.73983e+08 0.0180723
4.73994e+08 0.0181343
4.7405e+08 0.0181699
4.7405e+08 0.0181878
4.74185e+08 0.0181967
4.7424e+08 0.018152
4.74263e+08 0.0181342
4.7452e+08 0.0181076
4.74531e+08 0.0181076
4.74531e+08 0.0181076
4.74531e+08 0.0181076
4.74531e+08 0.0181431
4.74531e+08 0.0181431
4.74531e+08 0.0181431
4.74542e+08 0.0181343
4.74542e+08 0.0186244
4.74565e+08 0.0186152
4.74609e+08 0.0185879
4.74621e+08 0.0185788
4.74621e+08 0.0185788
4.74643e+08 0.0185788
4.74688e+08 0.0185606
4.7471e+08 0.0185606
4.7471e+08 0.0185606
4.7471e+08 0.0185697
4.7471e+08 0.018597
4.7471e+08 0.0186061
4.74934e+08 0.0185606
4.76186e+08 0.017871
4.76499e+08 0.017779
4.97132e+08 0.0181093
4.97155e+08 0.0181092
4.97166e+08 0.0181006
4.97166e+08 0.0181006
4.97166e+08 0.0181006
4.97166e+08 0.0181006
4.97199e+08 0.0180834
4.97199e+08 0.0180834
4.97367e+08 0.0181613
4.9739e+08 0.0181526
4.97468e+08 0.0181353
4.9749e+08 0.018118
4.97569e+08 0.0181613
4.97669e+08 0.0181265
4.97692e+08 0.0181265
4.97993e+08 0.018092
4.97994e+08 0.0181006
4.97994e+08 0.0181006
4.98005e+08 0.018092
4.98016e+08 0.0180834
4.98016e+08 0.0180834
4.98016e+08 0.0180834
4.98016e+08 0.018092
4.98027e+08 0.0180834
4.98038e+08 0.0185504
4.98072e+08 0.0185416
4.98094e+08 0.0185592
4.98094e+08 0.0185681
4.98094e+08 0.0185681
4.98128e+08 0.0185592
4.98195e+08 0.0185415
4.98251e+08 0.0185151
4.98273e+08 0.0184975
4.98307e+08 0.0184712
4.98329e+08 0.0184537
4.98329e+08 0.0184537
4.98665e+08 0.0183668
5.01247e+08 0.0173921
5.01247e+08 0.017612
5.21355e+08 0.0179938
5.21411e+08 0.0179689
5.21433e+08 0.0179606
5.21433e+08 0.0179606
5.21445e+08 0.0179524
5.21445e+08 0.0179524
5.21467e+08 0.0179606
5.21467e+08 0.0179606
5.215e+08 0.0180605
5.21512e+08 0.0180688
5.21534e+08 0.0181108
5.21534e+08 0.0181276
5.21657e+08 0.018094
5.21825e+08 0.0180438
5.21836e+08 0.0180521
5.21993e+08 0.0181614
5.22015e+08 0.0181445
5.22015e+08 0.0181445
5.22015e+08 0.018153
5.22015e+08 0.0181614
5.22015e+08 0.0181614
5.22015e+08 0.0181614
5.22037e+08 0.0181445
5.22082e+08 0.0181192
5.22082e+08 0.0181276
5.22127e+08 0.0181191
5.22127e+08 0.0185837
5.22127e+08 0.018601
5.22127e+08 0.018601
5.22138e+08 0.0185924
5.22161e+08 0.018601
5.2234e+08 0.0185149
5.22429e+08 0.0184893
5.22485e+08 0.0184637
5.22552e+08 0.0184381
5.22563e+08 0.0184466
5.22563e+08 0.0184466
5.23189e+08 0.0182281
5.25648e+08 0.0183199
5.2595e+08 0.0180961
5.4607e+08 0.0180877
5.4607e+08 0.0181287
5.4607e+08 0.0181452
5.4607e+08 0.0181452
5.46104e+08 0.0181287
5.46104e+08 0.0181287
5.46104e+08 0.0181451
5.46104e+08 0.0181451
5.46137e+08 0.0181451
5.46137e+08 0.0181534
5.46137e+08 0.0181698
5.46137e+08 0.0181698
5.46361e+08 0.0180959
5.46439e+08 0.0181616
5.46473e+08 0.0181451
5.46585e+08 0.0181781
5.46629e+08 0.0181616
5.46629e+08 0.0181616
5.46652e+08 0.0181451
5.46674e+08 0.0181286
5.46685e+08 0.0181204
5.46685e+08 0.0181204
5.46685e+08 0.0181369
5.46685e+08 0.0181698
5.46685e+08 0.0181698
5.46753e+08 0.0181533
5.46753e+08 0.0181533
5.46753e+08 0.0186071
5.46853e+08 0.0185314
5.46853e+08 0.0185314
5.47043e+08 0.0183983
5.47055e+08 0.0184066
5.47155e+08 0.0184646
5.47256e+08 0.0184563
5.47446e+08 0.0183571
5.47614e+08 0.0182834
5.47703e+08 0.0182265
5.47737e+08 0.0182023
5.48653e+08 0.0179946
5.50698e+08 0.0182917
5.50732e+08 0.0184897
5.71266e+08 0.0181859
5.71266e+08 0.0181859
5.71266e+08 0.018186
5.71266e+08 0.018186
5.71266e+08 0.0182102
5.71266e+08 0.0182102
5.71266e+08 0.0182102
5.71266e+08 0.0182102
5.71389e+08 0.0181457
5.71389e+08 0.0181457
5.71445e+08 0.0181057
5.71579e+08 0.0180102
5.71579e+08 0.0181699
5.7168e+08 0.0181538
5.71713e+08 0.0181538
5.7178e+08 0.0181861
5.71803e+08 0.0182021
5.71836e+08 0.0181779
5.71859e+08 0.0181779
5.71859e+08 0.018194
5.71881e+08 0.018186
5.71881e+08 0.018186
5.71881e+08 0.018186
5.71892e+08 0.0181779
5.71892e+08 0.0181779
5.72172e+08 0.018026
5.72183e+08 0.0180181
5.72194e+08 0.0180102
5.72329e+08 0.0179865
5.72329e+08 0.0184252
5.72329e+08 0.0184252
5.7263e+08 0.0183446
5.72753e+08 0.0182648
5.73201e+08 0.0180219
5.73581e+08 0.0178306
5.73659e+08 0.0179067
5.73994e+08 0.0177929
5.74039e+08 0.0178231
5.74039e+08 0.0178458
5.74296e+08 0.0183047
5.7671e+08 0.0180452
5.76721e+08 0.0180607
5.97289e+08 0.0180372
5.97289e+08 0.0180372
5.97289e+08 0.0180372
5.97289e+08 0.0180372
5.97289e+08 0.0180372
5.97289e+08 0.0180372
5.973e+08 0.0180294
5.973e+08 0.0180294
5.97312e+08 0.0181072
5.97312e+08 0.0181072
5.97323e+08 0.0181384
5.97423e+08 0.018162
5.97457e+08 0.0181384
5.97468e+08 0.0182013
5.97502e+08 0.0182013
5.97513e+08 0.0182409
5.97569e+08 0.0182171
5.9758e+08 0.018233
5.97614e+08 0.0182251
5.97625e+08 0.0182172
5.97636e+08 0.018225
5.97636e+08 0.018225
5.97636e+08 0.018225
5.97647e+08 0.018225
5.97647e+08 0.018225
5.9814e+08 0.0180759
5.98195e+08 0.0180448
5.98262e+08 0.0180062
5.98397e+08 0.0180062
5.98441e+08 0.0179754
5.98453e+08 0.0183955
5.98453e+08 0.0183955
5.98788e+08 0.018372
5.98877e+08 0.0183956
5.99134e+08 0.0185304
5.99458e+08 0.0185704
5.99716e+08 0.0184429
5.99861e+08 0.0185784
5.99883e+08 0.0185945
5.99928e+08 0.0185624
6.00431e+08 0.0183877
6.02834e+08 0.0183956
6.02879e+08 0.018372
6.18274e+08 0.0229009
6.18274e+08 0.0229008
6.18274e+08 0.0229007
6.18274e+08 0.0229006
6.18274e+08 0.0229004
6.18274e+08 0.0229003
6.18274e+08 0.0229124
6.18274e+08 0.0229123
6.18308e+08 0.0228876
6.18331e+08 0.0228631
6.18342e+08 0.0228629
6.18376e+08 0.0229356
6.18389e+08 0.0229586
6.18421e+08 0.022935
6.18478e+08 0.0229102
6.18478e+08 0.0229223
6.19139e+08 0.022279
6.19139e+08 0.0222903
6.19308e+08 0.0221514
6.19319e+08 0.0221513
6.19365e+08 0.0221167
6.19365e+08 0.0221165
6.19387e+08 0.0220937
6.19388e+08 0.0221048
6.19431e+08 0.0220605
6.20225e+08 0.0217591
6.20259e+08 0.0217811
6.20303e+08 0.0218032
6.20326e+08 0.0219143
6.20348e+08 0.0219367
6.2037e+08 0.0219255
6.20393e+08 0.0219032
6.20415e+08 0.0223897
6.20493e+08 0.0226549
6.2054e+08 0.0227002
6.20551e+08 0.0229609
6.20639e+08 0.0232167
6.20728e+08 0.0234019
6.20739e+08 0.0235522
6.20762e+08 0.0235522
6.20795e+08 0.0235648
6.21097e+08 0.0237942
6.21232e+08 0.0267282
6.21255e+08 0.0267592
6.27478e+08 0.0534251
6.27556e+08 0.0529756
6.27601e+08 0.0527222
