4.25321e+06 0.00262774
8.35054e+06 0.0027276
8.35055e+06 0.00545519
9.50251e+06 0.019403
9.50252e+06 0.019403
1.20013e+07 0.00894519
1.20013e+07 0.0134177
1.20013e+07 0.0134177
1.43717e+07 0.0141441
1.43829e+07 0.0140774
1.43829e+07 0.0187698
1.43829e+07 0.0187698
1.76806e+07 0.01351
1.76918e+07 0.0135102
1.7703e+07 0.0134646
1.7703e+07 0.0134646
1.7703e+07 0.0168307
2.11694e+07 0.0160169
2.11695e+07 0.016068
2.11695e+07 0.0161198
2.11919e+07 0.0160163
2.11919e+07 0.0160163
2.11919e+07 0.0192195
2.53073e+07 0.0162051
2.53409e+07 0.0160749
2.53633e+07 0.0159893
2.54303e+07 0.0158208
2.54303e+07 0.0158208
2.54304e+07 0.0158208
2.54304e+07 0.0184576
2.94674e+07 0.018805
2.95234e+07 0.0187046
2.95234e+07 0.0188051
2.95345e+07 0.0190612
2.95458e+07 0.0190093
2.95458e+07 0.0190091
2.95458e+07 0.0190091
3.40861e+07 0.0169381
3.41085e+07 0.0192645
3.41644e+07 0.0192644
3.41644e+07 0.0192644
3.41644e+07 0.0193109
3.41644e+07 0.0193577
3.41644e+07 0.0193579
3.4198e+07 0.0192181
3.9398e+07 0.0168314
3.9398e+07 0.0169025
3.94204e+07 0.0189352
3.94875e+07 0.0188955
3.94875e+07 0.0188955
3.94875e+07 0.0188955
3.94875e+07 0.0188955
3.94875e+07 0.0188955
3.95658e+07 0.0187383
4.55027e+07 0.0164762
4.55139e+07 0.0164461
4.5581e+07 0.0163268
4.56146e+07 0.0164162
4.56146e+07 0.0182401
4.56146e+07 0.0182401
4.56146e+07 0.0182401
4.5637e+07 0.0181738
4.5637e+07 0.0181738
4.5637e+07 0.018408
5.20335e+07 0.0171126
5.20335e+07 0.017142
5.20335e+07 0.0173201
5.20335e+07 0.0174107
5.20335e+07 0.0174107
5.20335e+07 0.0191517
5.20447e+07 0.0191185
5.20447e+07 0.0191185
5.20559e+07 0.0191518
5.20559e+07 0.0191518
5.2056e+07 0.0191517
5.94698e+07 0.0165317
5.94922e+07 0.0164822
5.94922e+07 0.0164821
5.95369e+07 0.0163839
5.95937e+07 0.0162608
5.95938e+07 0.0162607
5.9606e+07 0.0162584
5.96061e+07 0.0177364
5.96061e+07 0.0177363
5.96061e+07 0.0177626
5.96061e+07 0.0177626
5.96061e+07 0.0177626
6.74156e+07 0.016878
6.74157e+07 0.0169256
6.74157e+07 0.0169257
6.74158e+07 0.0170216
6.74312e+07 0.0171115
6.74312e+07 0.0171115
6.75024e+07 0.0169838
6.75024e+07 0.0169838
6.75024e+07 0.0183991
6.75024e+07 0.0183991
6.75025e+07 0.0183991
6.75025e+07 0.0183991
6.75025e+07 0.0183992
7.60697e+07 0.0167883
7.6092e+07 0.016745
7.61256e+07 0.0166806
7.63044e+07 0.0163452
7.64162e+07 0.0161699
7.64497e+07 0.0161098
7.64945e+07 0.0161572
7.64945e+07 0.0161572
7.64945e+07 0.0161572
7.65057e+07 0.0173784
7.65169e+07 0.0173569
7.65169e+07 0.0173569
7.65169e+07 0.0173569
7.65169e+07 0.0173569
8.56612e+07 0.0163125
8.56612e+07 0.0163507
8.56612e+07 0.0164081
8.56947e+07 0.016662
8.57618e+07 0.0167418
8.57618e+07 0.016802
8.58513e+07 0.0167218
8.58736e+07 0.0166819
8.58736e+07 0.0166819
8.60636e+07 0.0163698
8.61084e+07 0.0163126
8.62648e+07 0.0171972
8.63543e+07 0.0170409
8.63543e+07 0.0170409
8.64102e+07 0.0169446
9.6374e+07 0.0156483
9.6374e+07 0.0156483
9.63741e+07 0.0156483
9.64076e+07 0.0156483
9.64076e+07 0.0157469
9.64076e+07 0.0157469
9.64971e+07 0.0157468
9.64971e+07 0.0157799
9.64971e+07 0.0157799
9.64971e+07 0.0160673
9.65307e+07 0.0160845
9.65307e+07 0.0163297
9.65419e+07 0.0173993
9.65643e+07 0.0175136
9.65643e+07 0.0175136
9.66537e+07 0.0174563
1.06655e+08 0.017393
1.06711e+08 0.017299
1.06733e+08 0.0172617
1.06733e+08 0.0173178
1.06733e+08 0.0173177
1.06755e+08 0.0172803
1.06789e+08 0.0173742
1.068e+08 0.0173554
1.068e+08 0.0173554
1.068e+08 0.0173554
1.06823e+08 0.0173742
1.06823e+08 0.0173742
1.06823e+08 0.0173931
1.06867e+08 0.0173554
1.06946e+08 0.0183012
1.0699e+08 0.0182226
1.0699e+08 0.0183803
1.17525e+08 0.0174784
1.17525e+08 0.0175687
1.17525e+08 0.0176051
1.17525e+08 0.0176051
1.17525e+08 0.017605
1.17525e+08 0.0176416
1.17581e+08 0.0176051
1.17603e+08 0.0175868
1.17626e+08 0.0175505
1.17626e+08 0.0175505
1.17693e+08 0.0174782
1.17693e+08 0.0174782
1.17693e+08 0.0174782
1.17715e+08 0.0175141
1.17737e+08 0.0176048
1.1776e+08 0.0186019
1.17872e+08 0.0184872
1.17872e+08 0.0184872
1.28853e+08 0.0177573
1.28853e+08 0.0177573
1.28853e+08 0.0177573
1.28853e+08 0.0177573
1.28898e+08 0.0176875
1.28921e+08 0.0176528
1.28932e+08 0.0177224
1.28943e+08 0.0177398
1.28954e+08 0.0177573
1.28965e+08 0.0177398
1.2901e+08 0.0177748
1.2901e+08 0.0177748
1.2901e+08 0.0177748
1.2939e+08 0.0172302
1.2939e+08 0.0172633
1.2939e+08 0.0172964
1.2939e+08 0.0174643
1.2939e+08 0.0184345
1.2939e+08 0.0184345
1.4084e+08 0.0177147
1.40863e+08 0.0176817
1.40863e+08 0.0176817
1.40863e+08 0.0176817
1.40907e+08 0.0176816
1.40907e+08 0.0177146
1.40919e+08 0.0177146
1.40919e+08 0.0177311
1.4093e+08 0.017731
1.40963e+08 0.0176979
1.4121e+08 0.0174054
1.41467e+08 0.0170462
1.41556e+08 0.0169247
1.4216e+08 0.0166285
1.4216e+08 0.0166285
1.4216e+08 0.0166285
1.42238e+08 0.0165272
1.42238e+08 0.0165272
1.42238e+08 0.0173971
1.42249e+08 0.0173819
1.53469e+08 0.0176996
1.53469e+08 0.017731
1.53469e+08 0.017731
1.53469e+08 0.017731
1.53491e+08 0.0177625
1.53491e+08 0.0177625
1.53536e+08 0.0177151
1.53536e+08 0.0177151
1.5357e+08 0.0176838
1.53624e+08 0.0176546
1.53835e+08 0.0177048
1.54025e+08 0.0177993
1.54136e+08 0.0177677
1.54505e+08 0.0181056
1.54505e+08 0.0181056
1.54505e+08 0.0181056
1.54505e+08 0.018221
1.54561e+08 0.0181384
1.54606e+08 0.0180728
1.54606e+08 0.0180892
1.54606e+08 0.0189936
1.66628e+08 0.0178345
1.66628e+08 0.0178344
1.66628e+08 0.0178344
1.66628e+08 0.0178345
1.66628e+08 0.0178648
1.66628e+08 0.0178648
1.66818e+08 0.0176694
1.66818e+08 0.0176694
1.67668e+08 0.0166469
1.67903e+08 0.0164368
1.68014e+08 0.0165514
1.68014e+08 0.0167762
1.68026e+08 0.0168976
1.68182e+08 0.01716
1.68182e+08 0.01716
1.68182e+08 0.01716
1.68182e+08 0.01716
1.68204e+08 0.0172022
1.68204e+08 0.0172587
1.68227e+08 0.0172304
1.68294e+08 0.017146
1.68383e+08 0.0178459
1.79817e+08 0.0186424
1.79817e+08 0.0186424
1.79817e+08 0.0186424
1.79817e+08 0.0186424
1.79817e+08 0.0186424
1.79817e+08 0.0186424
1.79918e+08 0.0187696
1.79929e+08 0.0187536
1.80061e+08 0.0198388
1.80084e+08 0.0201846
1.80318e+08 0.019983
1.80374e+08 0.0198926
1.80542e+08 0.0196439
1.80564e+08 0.0198567
1.80575e+08 0.0198388
1.80631e+08 0.0197498
1.80777e+08 0.0195219
1.80967e+08 0.0192654
1.80967e+08 0.0192654
1.80967e+08 0.0192993
1.80967e+08 0.0194014
1.8109e+08 0.0193502
1.93581e+08 0.0178624
1.93593e+08 0.0186592
1.93615e+08 0.0186289
1.93615e+08 0.0186289
1.93693e+08 0.0185239
1.93693e+08 0.0185238
1.93693e+08 0.0185239
1.93772e+08 0.0185538
1.93772e+08 0.0185688
1.94016e+08 0.0184199
1.94072e+08 0.0183758
1.94239e+08 0.0184643
1.94239e+08 0.0185387
1.94284e+08 0.0187046
1.94284e+08 0.0187351
1.94318e+08 0.0187046
1.94362e+08 0.0187198
1.94541e+08 0.0186742
1.94564e+08 0.0189045
1.94608e+08 0.0188426
1.94608e+08 0.0188426
1.94653e+08 0.018781
1.94832e+08 0.0187047
2.0802e+08 0.0178026
2.08042e+08 0.0177888
2.08054e+08 0.0185478
2.08054e+08 0.0185765
2.08065e+08 0.0185621
2.0811e+08 0.0186053
2.08121e+08 0.0185909
2.08121e+08 0.0185909
2.08244e+08 0.0185335
2.08244e+08 0.0185335
2.08322e+08 0.0187484
2.08322e+08 0.0188219
2.08327e+08 0.0190402
2.08338e+08 0.0190249
2.08338e+08 0.0190854
2.08338e+08 0.0190853
2.08338e+08 0.0191309
2.08338e+08 0.019192
2.08355e+08 0.0194172
2.08454e+08 0.0193105
2.08532e+08 0.0192639
2.08666e+08 0.0190801
2.08845e+08 0.0188998
2.09024e+08 0.0188998
2.23017e+08 0.0178854
2.23039e+08 0.0178854
2.2305e+08 0.0178855
2.2305e+08 0.0178855
2.23061e+08 0.0186168
2.23061e+08 0.0186307
2.23084e+08 0.0186584
2.23095e+08 0.0186584
2.2314e+08 0.0186029
2.23162e+08 0.0187283
2.23162e+08 0.0187283
2.23319e+08 0.0186305
2.23319e+08 0.0186305
2.23319e+08 0.0186358
2.23353e+08 0.0186083
2.23375e+08 0.0185807
2.23397e+08 0.0185531
2.23397e+08 0.0185532
2.23397e+08 0.0185533
2.23543e+08 0.0183962
2.23554e+08 0.0185028
2.23654e+08 0.0184755
2.238e+08 0.0184619
2.23811e+08 0.0186687
2.23811e+08 0.0188944
2.3865e+08 0.0178718
2.3865e+08 0.0178974
2.38661e+08 0.0178974
2.38661e+08 0.0178974
2.38673e+08 0.0178974
2.38684e+08 0.0185999
2.38717e+08 0.01856
2.38718e+08 0.0185864
2.38785e+08 0.0185202
2.38785e+08 0.0185731
2.38841e+08 0.0185334
2.38841e+08 0.0185334
2.38941e+08 0.0185997
2.38959e+08 0.018579
2.38973e+08 0.0185626
2.38973e+08 0.0186024
2.38973e+08 0.0186291
2.38973e+08 0.0186558
2.38984e+08 0.0186424
2.38997e+08 0.0186264
2.39207e+08 0.0185494
2.39207e+08 0.0185626
2.39241e+08 0.0186425
2.39476e+08 0.0185361
2.39498e+08 0.0185229
2.39576e+08 0.018431
2.54744e+08 0.0180553
2.54766e+08 0.0180302
2.54811e+08 0.0179928
2.54811e+08 0.0179928
2.54811e+08 0.0180053
2.54833e+08 0.0179928
2.54934e+08 0.0179185
2.54934e+08 0.0186076
2.54945e+08 0.0185949
2.54956e+08 0.0186592
2.54967e+08 0.0186463
2.55079e+08 0.0185822
2.55079e+08 0.0185822
2.55147e+08 0.0186205
2.55147e+08 0.0186404
2.55147e+08 0.0186564
2.55169e+08 0.0186306
2.5518e+08 0.0186178
2.5518e+08 0.0186178
2.55203e+08 0.0186049
2.55203e+08 0.0186203
2.55594e+08 0.0184144
2.55616e+08 0.0183893
2.55616e+08 0.018427
2.55639e+08 0.0186691
2.55639e+08 0.018695
2.55885e+08 0.0185027
2.71503e+08 0.018005
2.71503e+08 0.0180291
2.71536e+08 0.0180411
2.71581e+08 0.017993
2.71581e+08 0.017993
2.71592e+08 0.018005
2.71659e+08 0.0180411
2.71659e+08 0.0180411
2.71659e+08 0.0187093
2.71771e+08 0.0185975
2.71771e+08 0.0186099
2.71771e+08 0.0186223
2.71794e+08 0.018722
2.71794e+08 0.018722
2.71984e+08 0.0185854
2.71984e+08 0.0185854
2.71984e+08 0.0185854
2.71984e+08 0.0186101
2.72018e+08 0.0185852
2.72018e+08 0.0185852
2.72029e+08 0.0185976
2.72062e+08 0.0185606
2.72431e+08 0.0185851
2.72487e+08 0.0185482
2.72487e+08 0.0185482
2.72498e+08 0.0185604
2.72498e+08 0.0185604
2.72767e+08 0.0185358
2.88975e+08 0.0179102
2.88975e+08 0.0179102
2.89008e+08 0.0179103
2.89019e+08 0.0179447
2.89019e+08 0.0179447
2.89042e+08 0.0179332
2.89086e+08 0.0179562
2.89109e+08 0.0179332
2.89109e+08 0.0179332
2.89209e+08 0.0179448
2.89209e+08 0.0185856
2.89232e+08 0.0185618
2.89232e+08 0.0185618
2.89276e+08 0.0185381
2.89277e+08 0.0185381
2.89444e+08 0.0185618
2.89444e+08 0.0185617
2.89445e+08 0.0185617
2.89467e+08 0.0185379
2.89501e+08 0.018538
2.89501e+08 0.018538
2.89501e+08 0.0185498
2.89646e+08 0.0184319
2.90115e+08 0.0183272
2.9016e+08 0.0183387
2.90205e+08 0.0182925
2.90238e+08 0.0182694
2.90238e+08 0.0182694
2.90384e+08 0.018397
3.07132e+08 0.0178491
3.07144e+08 0.0178381
3.07267e+08 0.0177507
3.07267e+08 0.0177616
3.07289e+08 0.0177399
3.07289e+08 0.0177616
3.07289e+08 0.0178052
3.073e+08 0.0178162
3.073e+08 0.0178162
3.073e+08 0.0179152
3.07311e+08 0.0179042
3.07311e+08 0.0185215
3.07334e+08 0.0185216
3.07334e+08 0.0185216
3.07356e+08 0.0185445
3.07356e+08 0.0185445
3.07513e+08 0.018556
3.07513e+08 0.018556
3.07535e+08 0.018533
3.07546e+08 0.0185445
3.07826e+08 0.0182956
3.07826e+08 0.0182956
3.07949e+08 0.0181738
3.07983e+08 0.0182846
3.08229e+08 0.0185102
3.08463e+08 0.0183179
3.08542e+08 0.0182844
3.08542e+08 0.0183179
3.08542e+08 0.0183179
3.08721e+08 0.0182844
3.25723e+08 0.0180351
3.25745e+08 0.0180243
3.25778e+08 0.0181114
3.25778e+08 0.0181114
3.25801e+08 0.0181113
3.25812e+08 0.0181004
3.25846e+08 0.0180677
3.25868e+08 0.0180568
3.25879e+08 0.018046
3.2589e+08 0.0180351
3.2589e+08 0.0180459
3.2589e+08 0.0180459
3.25924e+08 0.0180351
3.25924e+08 0.0186362
3.25924e+08 0.0186362
3.25935e+08 0.0186475
3.25935e+08 0.0186475
3.26103e+08 0.0186363
3.26103e+08 0.0186364
3.26125e+08 0.0186365
3.26125e+08 0.0186477
3.26327e+08 0.0187264
3.26327e+08 0.0187264
3.26371e+08 0.0188059
3.26371e+08 0.0188402
3.26886e+08 0.0185693
3.27065e+08 0.0186252
3.27065e+08 0.0187038
3.27109e+08 0.0186588
3.27132e+08 0.0186363
3.27367e+08 0.0185805
3.44991e+08 0.01798
3.45002e+08 0.0179904
3.45025e+08 0.0180009
3.45025e+08 0.0180009
3.45058e+08 0.0179904
3.45103e+08 0.0179591
3.45103e+08 0.0179904
3.45103e+08 0.0180113
3.45126e+08 0.0180009
3.45126e+08 0.0180113
3.45126e+08 0.0180113
3.45126e+08 0.0180113
3.45126e+08 0.0180428
3.45137e+08 0.0180323
3.45159e+08 0.0185923
3.45159e+08 0.0185923
3.45304e+08 0.0184636
3.45305e+08 0.0184636
3.45316e+08 0.0186139
3.45338e+08 0.0185923
3.45338e+08 0.0186139
3.45338e+08 0.0186139
3.45719e+08 0.0184422
3.45719e+08 0.0184422
3.45864e+08 0.0183471
3.45864e+08 0.0183471
3.46155e+08 0.01856
3.46222e+08 0.0186683
3.46289e+08 0.0186032
3.46333e+08 0.0186032
3.46389e+08 0.0185709
3.4678e+08 0.0184212
3.64926e+08 0.0179396
3.64949e+08 0.0179296
3.64949e+08 0.0179497
3.6496e+08 0.0179396
3.6496e+08 0.0179699
3.64971e+08 0.0180002
3.64971e+08 0.0180002
3.64971e+08 0.0180002
3.64971e+08 0.0180205
3.65027e+08 0.0179698
3.65027e+08 0.0179698
3.65038e+08 0.0179598
3.65038e+08 0.0179598
3.65038e+08 0.0179698
3.65072e+08 0.0179598
3.65072e+08 0.0179598
3.65072e+08 0.018521
3.65105e+08 0.0186255
3.65105e+08 0.0186255
3.6515e+08 0.018594
3.6515e+08 0.018615
3.6515e+08 0.018615
3.6515e+08 0.018615
3.66e+08 0.0181843
3.66e+08 0.0181843
3.66022e+08 0.0182952
3.66022e+08 0.0182952
3.66391e+08 0.0182245
3.66391e+08 0.0182852
3.66391e+08 0.0183462
3.66458e+08 0.0183258
3.66525e+08 0.0183156
3.66816e+08 0.0184075
3.85449e+08 0.0179708
3.85494e+08 0.0179512
3.85516e+08 0.0179317
3.85527e+08 0.0179317
3.85527e+08 0.0179317
3.85527e+08 0.0179414
3.85527e+08 0.0179414
3.85527e+08 0.0179414
3.85538e+08 0.0179317
3.85605e+08 0.0179219
3.85605e+08 0.0179219
3.85605e+08 0.0179317
3.85605e+08 0.0179317
3.85605e+08 0.0179317
3.85605e+08 0.017961
3.85606e+08 0.017961
3.85606e+08 0.017961
3.85606e+08 0.0185052
3.85606e+08 0.0185355
3.85606e+08 0.0185355
3.85773e+08 0.0184251
3.85974e+08 0.0182471
3.8603e+08 0.0181983
3.86254e+08 0.0180055
3.87226e+08 0.0179013
3.87226e+08 0.0179013
3.87226e+08 0.0179202
3.8726e+08 0.0178919
3.87673e+08 0.0178542
3.87707e+08 0.0178262
3.87763e+08 0.0177795
3.87875e+08 0.0177424
3.88087e+08 0.0176229
3.88858e+08 0.0172387
4.06552e+08 0.0180057
4.06552e+08 0.0180439
4.06574e+08 0.0180439
4.06574e+08 0.0180535
4.06574e+08 0.0180535
4.0663e+08 0.0180057
4.06642e+08 0.0179962
4.06642e+08 0.0179962
4.06642e+08 0.0180057
4.06675e+08 0.0180344
4.06675e+08 0.0180344
4.06709e+08 0.0180057
4.06731e+08 0.0179866
4.06742e+08 0.0179771
4.06765e+08 0.0179581
4.06821e+08 0.0179108
4.06843e+08 0.017892
4.06843e+08 0.017892
4.06843e+08 0.017892
4.06865e+08 0.0183988
4.06966e+08 0.0183122
4.07301e+08 0.0181696
4.07648e+08 0.0180479
4.07771e+08 0.0179922
4.07972e+08 0.0180107
4.08475e+08 0.0184087
4.08497e+08 0.0183893
4.08497e+08 0.0183893
4.0852e+08 0.018399
4.09045e+08 0.0183028
4.09123e+08 0.0182646
4.09403e+08 0.0180759
4.09872e+08 0.017782
4.10319e+08 0.0175943
4.109e+08 0.0177459
4.28169e+08 0.0180949
4.28191e+08 0.0180762
4.28203e+08 0.0180855
4.28214e+08 0.0180762
4.28247e+08 0.0180482
4.2827e+08 0.0180762
4.2827e+08 0.0180855
4.2827e+08 0.0180855
4.2827e+08 0.0180855
4.28314e+08 0.0180762
4.28314e+08 0.0180762
4.28549e+08 0.0179097
4.2856e+08 0.0179189
4.28661e+08 0.0178458
4.28862e+08 0.0177014
4.29041e+08 0.0176034
4.29164e+08 0.0175241
4.2932e+08 0.0174021
4.29835e+08 0.017013
4.29879e+08 0.0169965
4.29946e+08 0.0174313
4.30237e+08 0.017289
4.30416e+08 0.017406
4.30516e+08 0.0175932
4.30516e+08 0.0176883
4.30516e+08 0.0178461
4.30595e+08 0.0181887
4.30628e+08 0.0181795
4.30628e+08 0.0181795
4.30684e+08 0.018152
4.3074e+08 0.0185448
4.30829e+08 0.0185353
4.31522e+08 0.0181888
4.32573e+08 0.0177231
4.33009e+08 0.0177318
4.33266e+08 0.0179888
4.50255e+08 0.0182168
4.50277e+08 0.0182168
4.50299e+08 0.0182076
4.503e+08 0.0182168
4.503e+08 0.0182445
4.50311e+08 0.0182538
4.50311e+08 0.0182538
4.50311e+08 0.0182538
4.50311e+08 0.0182538
4.50333e+08 0.0182723
4.50344e+08 0.018263
4.50423e+08 0.0183937
4.50423e+08 0.0184031
4.50445e+08 0.0184692
4.50478e+08 0.0186124
4.50646e+08 0.018622
4.50803e+08 0.0185932
4.50959e+08 0.0185932
4.50959e+08 0.0190457
4.51384e+08 0.0187091
4.51496e+08 0.0186703
4.5211e+08 0.0183937
4.5211e+08 0.0189046
4.52121e+08 0.0190506
4.52546e+08 0.0187704
4.5258e+08 0.0187419
4.52613e+08 0.0187134
4.52703e+08 0.018704
4.52703e+08 0.0187324
4.52703e+08 0.0187324
4.52725e+08 0.0187609
4.52725e+08 0.0188086
4.52725e+08 0.0188854
4.53206e+08 0.0190703
4.54033e+08 0.019269
4.55027e+08 0.0187799
4.55307e+08 0.0187608
4.73113e+08 0.01809
4.73124e+08 0.0180989
4.73135e+08 0.0181077
4.73135e+08 0.0181077
4.73135e+08 0.0181077
4.73136e+08 0.0181166
4.73136e+08 0.0181166
4.73147e+08 0.0181077
4.73147e+08 0.0181077
4.73191e+08 0.01809
4.73191e+08 0.0180989
4.73203e+08 0.0181522
4.73203e+08 0.0181522
4.7327e+08 0.0181166
4.73437e+08 0.0180108
4.73493e+08 0.0180989
4.73616e+08 0.0181255
4.73896e+08 0.0180283
4.73985e+08 0.0179583
4.74041e+08 0.0182507
4.74253e+08 0.01817
4.7432e+08 0.018618
4.74387e+08 0.0185619
4.7451e+08 0.018959
4.74589e+08 0.0189024
4.74667e+08 0.0191985
4.75002e+08 0.0189401
4.75002e+08 0.0189685
4.75002e+08 0.0190445
4.75214e+08 0.0188649
4.75304e+08 0.0187902
4.75639e+08 0.0185337
4.75639e+08 0.0185337
4.75684e+08 0.0184976
4.75863e+08 0.0187439
4.76198e+08 0.0191598
4.77763e+08 0.0186795
4.78355e+08 0.0184258
4.96444e+08 0.0182029
4.96488e+08 0.0181768
4.96555e+08 0.0181335
4.96555e+08 0.0181335
4.96555e+08 0.0181335
4.96555e+08 0.0181335
4.96555e+08 0.0181335
4.96555e+08 0.0181421
4.96555e+08 0.0181421
4.96555e+08 0.0181768
4.96555e+08 0.0181768
4.96555e+08 0.0181855
4.96645e+08 0.0181162
4.96645e+08 0.0181682
4.9669e+08 0.0182642
4.96723e+08 0.0182818
4.96745e+08 0.0183613
4.96768e+08 0.0185676
4.96768e+08 0.0186405
4.96768e+08 0.0186863
4.96824e+08 0.0188159
4.96824e+08 0.018872
4.96924e+08 0.0188439
4.96924e+08 0.0189472
4.97014e+08 0.0193686
4.97036e+08 0.0194168
4.97036e+08 0.0194847
4.97036e+08 0.0197812
4.97036e+08 0.0197812
4.97081e+08 0.0197411
4.97092e+08 0.0199226
4.97304e+08 0.0198113
4.97304e+08 0.0201179
4.97483e+08 0.0199532
4.97729e+08 0.0197711
4.97886e+08 0.0197912
4.97953e+08 0.0200352
5.00557e+08 0.0191218
5.01227e+08 0.0190564
5.20446e+08 0.0181593
5.20479e+08 0.0181678
5.2049e+08 0.0182102
5.2049e+08 0.0182102
5.20501e+08 0.0182017
5.20501e+08 0.0182017
5.20501e+08 0.0182017
5.20535e+08 0.0181762
5.20569e+08 0.0181508
5.20569e+08 0.0181508
5.20669e+08 0.0180751
5.20669e+08 0.0180751
5.20669e+08 0.0181424
5.20691e+08 0.0181255
5.20691e+08 0.0181593
5.20703e+08 0.0181762
5.20703e+08 0.0181932
5.20826e+08 0.0181171
5.20826e+08 0.0181171
5.20826e+08 0.0181171
5.20837e+08 0.0181508
5.20837e+08 0.0181508
5.20837e+08 0.0182272
5.20837e+08 0.0182272
5.20837e+08 0.0182956
5.20837e+08 0.0183128
5.2087e+08 0.0187559
5.2087e+08 0.0187559
5.20937e+08 0.0187033
5.20937e+08 0.0187033
5.20982e+08 0.0187033
5.20982e+08 0.018712
5.20982e+08 0.0188798
5.21049e+08 0.0188265
5.21083e+08 0.0189424
5.21172e+08 0.0190689
5.21217e+08 0.0191602
5.2134e+08 0.0191144
5.21619e+08 0.021224
5.21865e+08 0.0216608
5.45093e+08 0.0181368
5.45105e+08 0.0181533
5.45116e+08 0.0181533
5.45116e+08 0.0181533
5.45127e+08 0.0181533
5.45138e+08 0.018145
5.45138e+08 0.018145
5.45161e+08 0.0181533
5.45183e+08 0.0181615
5.45261e+08 0.018104
5.45384e+08 0.0180876
5.45384e+08 0.0180876
5.45406e+08 0.0180712
5.45406e+08 0.0180876
5.45407e+08 0.0180876
5.45407e+08 0.0180958
5.45407e+08 0.0180958
5.45407e+08 0.0181863
5.45418e+08 0.018178
5.45418e+08 0.018178
5.45429e+08 0.018178
5.45429e+08 0.018178
5.45429e+08 0.018178
5.45429e+08 0.018178
5.45451e+08 0.0181615
5.45451e+08 0.0181615
5.45474e+08 0.0181697
5.45474e+08 0.018624
5.45474e+08 0.018624
5.45507e+08 0.0186494
5.45507e+08 0.0186494
5.45507e+08 0.0186834
5.45552e+08 0.0186494
5.45552e+08 0.0186494
5.45563e+08 0.0186919
5.45585e+08 0.0187004
5.4572e+08 0.0186664
5.45843e+08 0.0186071
5.45921e+08 0.0186409
5.461e+08 0.0187175
5.46558e+08 0.0185566
5.70353e+08 0.0181404
5.70397e+08 0.0181164
5.70408e+08 0.0181164
5.7042e+08 0.0181084
5.7042e+08 0.0181164
5.70543e+08 0.0180367
5.70576e+08 0.0180129
5.70576e+08 0.0180287
5.70587e+08 0.0180367
5.70755e+08 0.0179734
5.70889e+08 0.0179656
5.70934e+08 0.0179341
5.70934e+08 0.0179498
5.70934e+08 0.0179498
5.70934e+08 0.0179498
5.70934e+08 0.0179498
5.70934e+08 0.0179498
5.70934e+08 0.0179498
5.70945e+08 0.0179498
5.71023e+08 0.017895
5.71057e+08 0.0178794
5.71057e+08 0.0178794
5.71135e+08 0.017825
5.71135e+08 0.017825
5.7118e+08 0.0178095
5.71258e+08 0.0177555
5.71258e+08 0.0177709
5.71269e+08 0.0177632
5.71347e+08 0.0177095
5.71437e+08 0.0180789
5.71437e+08 0.0181023
5.71437e+08 0.0181023
5.71437e+08 0.0181023
5.71437e+08 0.0181336
5.71437e+08 0.0181336
5.71839e+08 0.0178636
5.71839e+08 0.0178788
5.7213e+08 0.0177729
5.72219e+08 0.0177955
5.72219e+08 0.0178484
5.72219e+08 0.0179706
5.72342e+08 0.0182043
5.96503e+08 0.0179497
5.96514e+08 0.0179728
5.96547e+08 0.0179574
5.96637e+08 0.0179038
5.96648e+08 0.0178962
5.96704e+08 0.0179421
5.96704e+08 0.0179651
5.96849e+08 0.0178657
5.96894e+08 0.017843
5.9695e+08 0.0179191
5.9695e+08 0.0180113
5.96972e+08 0.0180268
5.96994e+08 0.0180113
5.97084e+08 0.0179497
5.97095e+08 0.0179421
5.97129e+08 0.0179191
5.97129e+08 0.0179191
5.97129e+08 0.0179191
5.97129e+08 0.0179268
5.97184e+08 0.0179421
5.97229e+08 0.0179344
5.97229e+08 0.0179344
5.97229e+08 0.0179882
5.97229e+08 0.0179882
5.97229e+08 0.018019
5.97285e+08 0.0180345
5.97285e+08 0.0180345
5.97419e+08 0.0179497
5.97419e+08 0.0180036
5.97576e+08 0.0179574
5.97576e+08 0.018385
5.97576e+08 0.018385
5.97743e+08 0.0182678
5.97833e+08 0.0182059
5.97889e+08 0.0181675
5.97967e+08 0.0181139
5.98179e+08 0.0182446
5.98179e+08 0.0182446
5.98179e+08 0.0184481
5.99923e+08 0.0173466
6.00347e+08 0.0170847
6.00347e+08 0.0170847
6.00459e+08 0.0170915
6.22204e+08 0.0186982
6.22224e+08 0.0186918
6.22258e+08 0.0186909
6.22291e+08 0.0187323
6.22291e+08 0.0187404
6.22358e+08 0.0187322
6.22381e+08 0.0187158
6.22459e+08 0.0187647
6.22526e+08 0.0187483
6.22537e+08 0.018781
6.22538e+08 0.0187809
6.22538e+08 0.0187972
6.22549e+08 0.0188053
6.22549e+08 0.0188713
6.2256e+08 0.0188712
6.22583e+08 0.0188794
6.22617e+08 0.0188545
6.22628e+08 0.0188461
6.22628e+08 0.018846
6.22628e+08 0.0188874
6.22628e+08 0.0189205
6.22651e+08 0.0189037
6.22709e+08 0.0188602
6.22709e+08 0.0188602
6.22709e+08 0.0188602
6.22709e+08 0.0189017
6.22719e+08 0.0188947
6.22719e+08 0.0189947
6.22719e+08 0.0189946
6.2272e+08 0.0191125
6.22743e+08 0.0190948
6.22743e+08 0.0190948
6.22743e+08 0.0195388
6.22743e+08 0.0196699
6.22743e+08 0.0197405
6.22743e+08 0.0197848
6.22743e+08 0.0198473
6.22743e+08 0.0200189
6.22743e+08 0.0200189
6.22754e+08 0.0200098
6.22777e+08 0.0215167
6.22777e+08 0.0219241
6.22777e+08 0.0219236
6.22788e+08 0.0220222
6.31065e+08 0.05549
6.31131e+08 0.0552042
6.31165e+08 0.0552112
