5.40679e+06 0.00206734
8.33964e+06 0.00381059
8.33966e+06 0.00762114
1.02293e+07 0.0118282
1.02294e+07 0.0118281
1.2755e+07 0.00884993
1.28009e+07 0.0130378
1.29785e+07 0.0121956
1.56233e+07 0.0116891
1.56233e+07 0.0118792
1.56233e+07 0.0158389
1.58149e+07 0.015761
1.91803e+07 0.0125676
1.94608e+07 0.0116491
1.94608e+07 0.011649
1.98083e+07 0.0111941
1.98083e+07 0.0139926
2.34626e+07 0.0130491
2.35967e+07 0.013511
2.35967e+07 0.0135109
2.46808e+07 0.0114684
2.48373e+07 0.0111115
2.48373e+07 0.0133338
2.82921e+07 0.0138845
2.87056e+07 0.013125
2.87839e+07 0.0129271
2.98233e+07 0.0130393
2.98234e+07 0.0134485
2.98234e+07 0.0134485
2.98681e+07 0.0155505
3.25408e+07 0.0184128
3.29991e+07 0.0182212
3.30661e+07 0.0182688
3.35915e+07 0.0207613
3.36362e+07 0.0205178
3.37592e+07 0.0198767
3.41839e+07 0.0181266
3.87133e+07 0.0126742
3.87692e+07 0.0143548
3.89816e+07 0.0149447
3.90263e+07 0.0150008
4.02222e+07 0.0134837
4.06247e+07 0.0127935
4.096e+07 0.0124162
4.10271e+07 0.0130651
4.4294e+07 0.0160206
4.43276e+07 0.016085
4.43611e+07 0.0179871
4.45623e+07 0.0180231
4.4607e+07 0.0180231
4.55348e+07 0.0189331
4.65183e+07 0.0170663
4.69096e+07 0.0169057
4.69208e+07 0.017066
5.04949e+07 0.0162207
5.05061e+07 0.0162794
5.06067e+07 0.0161046
5.08527e+07 0.0159901
5.08527e+07 0.0177667
5.08862e+07 0.0177983
5.22721e+07 0.0165879
5.29539e+07 0.0173657
5.35464e+07 0.0168392
5.36023e+07 0.0167265
5.75736e+07 0.015788
5.77413e+07 0.0154466
5.83895e+07 0.0143597
5.96637e+07 0.012684
5.96637e+07 0.012684
5.96637e+07 0.0139524
5.96637e+07 0.0140057
6.03232e+07 0.0152694
6.04126e+07 0.016482
6.06475e+07 0.0173122
6.06587e+07 0.0174217
6.48427e+07 0.0169121
6.5055e+07 0.0168088
6.51444e+07 0.0181993
6.63068e+07 0.0185056
6.63068e+07 0.0185056
6.64074e+07 0.0182296
6.64074e+07 0.0182296
6.64074e+07 0.0198868
6.79163e+07 0.0176621
6.79499e+07 0.0177931
6.8252e+07 0.0176358
6.83974e+07 0.0173299
7.36941e+07 0.0151513
7.37611e+07 0.0154041
7.38729e+07 0.0153647
7.54935e+07 0.0145984
7.55382e+07 0.0145276
7.55382e+07 0.0146877
7.56724e+07 0.014475
7.6086e+07 0.0138564
7.6086e+07 0.0150111
7.65782e+07 0.0167731
7.65782e+07 0.0168383
7.67461e+07 0.0171044
7.68356e+07 0.0172177
8.32534e+07 0.0151984
8.33428e+07 0.0151629
8.34993e+07 0.0150925
8.37564e+07 0.0175829
8.38793e+07 0.017418
8.38793e+07 0.017418
8.40246e+07 0.0173948
8.44941e+07 0.0172792
8.455e+07 0.0171651
8.455e+07 0.0184855
8.53664e+07 0.0178036
8.53888e+07 0.0177583
8.56573e+07 0.0175578
8.57133e+07 0.0176242
9.3955e+07 0.0146204
9.3955e+07 0.0147436
9.40445e+07 0.0148373
9.41675e+07 0.0150283
9.41675e+07 0.0152079
9.41787e+07 0.0151914
9.4257e+07 0.015291
9.43353e+07 0.0158988
9.438e+07 0.0159169
9.438e+07 0.0159169
9.49731e+07 0.0162869
9.49731e+07 0.0174502
9.49954e+07 0.0174502
9.50515e+07 0.0178449
9.51746e+07 0.0177183
1.03952e+08 0.0167694
1.03974e+08 0.016732
1.04063e+08 0.016732
1.0422e+08 0.0166762
1.0422e+08 0.0166762
1.04265e+08 0.0166207
1.04343e+08 0.0166207
1.04455e+08 0.0165657
1.04455e+08 0.0166392
1.04466e+08 0.0166207
1.04824e+08 0.0170168
1.04824e+08 0.0170168
1.04836e+08 0.0181307
1.04869e+08 0.0181101
1.05127e+08 0.0177483
1.05216e+08 0.0178078
1.15128e+08 0.016
1.15139e+08 0.016016
1.15139e+08 0.0161453
1.15161e+08 0.0163433
1.15161e+08 0.0163433
1.15184e+08 0.0163767
1.15217e+08 0.0164439
1.15262e+08 0.016546
1.15273e+08 0.0165288
1.15273e+08 0.0165459
1.15665e+08 0.0164949
1.15665e+08 0.0164949
1.15665e+08 0.0165119
1.15665e+08 0.0165632
1.15665e+08 0.0175984
1.15855e+08 0.0177087
1.15922e+08 0.0177456
1.26366e+08 0.0169048
1.26366e+08 0.0169217
1.26366e+08 0.0169217
1.26411e+08 0.016888
1.26411e+08 0.016888
1.26422e+08 0.0169048
1.26512e+08 0.0168212
1.26534e+08 0.0168545
1.26534e+08 0.0168712
1.26546e+08 0.0168544
1.26758e+08 0.0171262
1.26758e+08 0.0171262
1.26758e+08 0.0171262
1.26759e+08 0.0171262
1.26759e+08 0.0171262
1.26759e+08 0.0181336
1.26837e+08 0.0183182
1.2706e+08 0.0180609
1.3833e+08 0.0168144
1.3833e+08 0.0168144
1.3833e+08 0.0168144
1.38375e+08 0.0168144
1.38375e+08 0.0168144
1.38375e+08 0.0168301
1.38442e+08 0.0168616
1.38442e+08 0.0168933
1.38442e+08 0.0168933
1.38454e+08 0.0168933
1.38834e+08 0.0166588
1.38834e+08 0.0166588
1.38845e+08 0.0166434
1.38879e+08 0.0165973
1.38879e+08 0.0165973
1.38879e+08 0.0165973
1.39024e+08 0.0165061
1.39047e+08 0.0173912
1.39125e+08 0.0176005
1.50674e+08 0.0172017
1.50674e+08 0.0172018
1.50674e+08 0.0172017
1.50697e+08 0.017233
1.50697e+08 0.017233
1.50697e+08 0.017233
1.50887e+08 0.0170628
1.50887e+08 0.0170628
1.5091e+08 0.0170321
1.5091e+08 0.0170474
1.51033e+08 0.0174067
1.511e+08 0.0173115
1.511e+08 0.0173272
1.51111e+08 0.0173588
1.51111e+08 0.0173589
1.51123e+08 0.017343
1.5119e+08 0.0174545
1.51257e+08 0.0173906
1.51268e+08 0.0182892
1.51514e+08 0.0180416
1.6376e+08 0.0170807
1.6376e+08 0.0170807
1.63783e+08 0.0170516
1.63928e+08 0.0168931
1.63928e+08 0.0168931
1.63939e+08 0.0168788
1.63973e+08 0.0170807
1.63973e+08 0.0170807
1.64018e+08 0.0170514
1.64018e+08 0.0170514
1.64108e+08 0.0170954
1.64108e+08 0.0171835
1.6413e+08 0.0171541
1.64231e+08 0.0170372
1.64242e+08 0.0170227
1.64309e+08 0.0169505
1.64365e+08 0.0169648
1.64466e+08 0.0169218
1.64477e+08 0.0169218
1.64745e+08 0.0168932
1.64779e+08 0.0176929
1.76968e+08 0.0177697
1.76968e+08 0.0177697
1.76968e+08 0.0177998
1.77024e+08 0.0179211
1.77024e+08 0.0179211
1.77024e+08 0.0179365
1.77058e+08 0.0179365
1.77058e+08 0.0179365
1.77147e+08 0.0178753
1.77147e+08 0.0178753
1.77349e+08 0.0177246
1.77382e+08 0.0176798
1.77382e+08 0.0177096
1.77382e+08 0.0178451
1.77382e+08 0.0178603
1.77405e+08 0.0179213
1.77427e+08 0.0179673
1.77494e+08 0.0180136
1.7755e+08 0.017952
1.77819e+08 0.0179518
1.77819e+08 0.017998
1.77819e+08 0.018855
1.90534e+08 0.0181234
1.90579e+08 0.0180639
1.90579e+08 0.0180638
1.90602e+08 0.0181086
1.90602e+08 0.0181086
1.90602e+08 0.0181086
1.90635e+08 0.0181085
1.90635e+08 0.0181085
1.90747e+08 0.0180788
1.90747e+08 0.0180788
1.90848e+08 0.0182134
1.90971e+08 0.0180936
1.90971e+08 0.0180936
1.90971e+08 0.0180936
1.90971e+08 0.0180936
1.90994e+08 0.0180936
1.91005e+08 0.0181085
1.91072e+08 0.0181085
1.91094e+08 0.0181533
1.91419e+08 0.0180787
1.91419e+08 0.0180787
1.91419e+08 0.0180787
2.04568e+08 0.0175203
2.04635e+08 0.0182295
2.04635e+08 0.0182875
2.04735e+08 0.0181576
2.04847e+08 0.0180436
2.04847e+08 0.0180436
2.04847e+08 0.0180436
2.0487e+08 0.0180578
2.04892e+08 0.0180295
2.04971e+08 0.0180719
2.04971e+08 0.0180719
2.05083e+08 0.0180578
2.05273e+08 0.017973
2.05284e+08 0.017959
2.05284e+08 0.017959
2.05284e+08 0.017959
2.05329e+08 0.0179309
2.05351e+08 0.017917
2.05374e+08 0.017973
2.05385e+08 0.017987
2.05609e+08 0.0181145
2.05609e+08 0.0181145
2.05609e+08 0.0181145
2.19263e+08 0.0174915
2.19319e+08 0.0175049
2.19353e+08 0.0182243
2.19353e+08 0.0182243
2.19353e+08 0.0183497
2.19599e+08 0.0181828
2.19599e+08 0.0181828
2.19599e+08 0.0181828
2.19744e+08 0.0180325
2.19767e+08 0.0180325
2.19856e+08 0.0180189
2.19856e+08 0.0180189
2.20047e+08 0.0179247
2.20147e+08 0.0180325
2.20192e+08 0.0179919
2.20192e+08 0.0179919
2.20203e+08 0.0179784
2.2027e+08 0.0179515
2.20281e+08 0.0179649
2.20315e+08 0.0179515
2.20326e+08 0.0179515
2.20505e+08 0.0180055
2.20505e+08 0.0180055
2.20516e+08 0.017992
2.34331e+08 0.0178003
2.34332e+08 0.0178666
2.34376e+08 0.0178533
2.34432e+08 0.0177871
2.34432e+08 0.0185283
2.34522e+08 0.0184191
2.34868e+08 0.0182978
2.34879e+08 0.0182844
2.34924e+08 0.018231
2.3507e+08 0.018231
2.35148e+08 0.0181647
2.35293e+08 0.0180989
2.35305e+08 0.0180858
2.35428e+08 0.0181648
2.35439e+08 0.0182709
2.35596e+08 0.0181384
2.35618e+08 0.018112
2.35652e+08 0.0180858
2.35707e+08 0.0180989
2.35741e+08 0.0180727
2.35797e+08 0.0180467
2.35819e+08 0.0180336
2.35976e+08 0.0180596
2.35976e+08 0.0180596
2.35998e+08 0.0180465
2.50247e+08 0.0175548
2.50247e+08 0.0175548
2.50258e+08 0.0175918
2.50381e+08 0.0175178
2.50426e+08 0.0174689
2.50516e+08 0.0180666
2.50516e+08 0.0181676
2.5084e+08 0.018193
2.50884e+08 0.0181549
2.5094e+08 0.0181423
2.51119e+08 0.0181043
2.51198e+08 0.0181043
2.51321e+08 0.0181296
2.51321e+08 0.0181422
2.51478e+08 0.0181042
2.51567e+08 0.0180164
2.51701e+08 0.0180414
2.51713e+08 0.018054
2.51769e+08 0.0180289
2.51813e+08 0.0180415
2.51858e+08 0.0180289
2.51892e+08 0.0180539
2.51903e+08 0.0180665
2.52093e+08 0.0180289
2.52093e+08 0.0180289
2.52138e+08 0.018004
2.67156e+08 0.0171849
2.67301e+08 0.0170384
2.67324e+08 0.0170272
2.67458e+08 0.017016
2.67469e+08 0.0170495
2.6757e+08 0.0170384
2.67603e+08 0.0170049
2.67603e+08 0.0176589
2.67693e+08 0.0179047
2.67782e+08 0.0178573
2.67782e+08 0.0179166
2.67917e+08 0.0179643
2.67917e+08 0.0180484
2.68029e+08 0.0180604
2.68029e+08 0.0180604
2.68241e+08 0.0180002
2.68297e+08 0.0180363
2.68353e+08 0.0181211
2.68409e+08 0.0180725
2.68443e+08 0.0180967
2.68465e+08 0.018121
2.68532e+08 0.0180967
2.68588e+08 0.0180725
2.68689e+08 0.0179762
2.68857e+08 0.0180003
2.68857e+08 0.0180003
2.69013e+08 0.0178811
2.84601e+08 0.0172966
2.84903e+08 0.0171428
2.84903e+08 0.0171646
2.84914e+08 0.0172855
2.84914e+08 0.0172966
2.84914e+08 0.0173969
2.8497e+08 0.0173745
2.85038e+08 0.0173077
2.85049e+08 0.0179371
2.85183e+08 0.0178913
2.85183e+08 0.0179833
2.85183e+08 0.0179833
2.85295e+08 0.0180063
2.85306e+08 0.0179947
2.85452e+08 0.01796
2.85452e+08 0.01796
2.85531e+08 0.0180994
2.85542e+08 0.0181463
2.85587e+08 0.0181581
2.8562e+08 0.0181817
2.8571e+08 0.0181229
2.85777e+08 0.0180761
2.85933e+08 0.0179832
2.85989e+08 0.0179833
2.86045e+08 0.0180296
2.86414e+08 0.017823
2.8647e+08 0.0177664
2.86559e+08 0.0178342
3.02809e+08 0.0171861
3.02932e+08 0.0173566
3.02977e+08 0.0173136
3.02977e+08 0.0173243
3.02977e+08 0.0173243
3.03e+08 0.0173029
3.03011e+08 0.0173458
3.03089e+08 0.017335
3.03089e+08 0.0173457
3.03145e+08 0.0174212
3.03145e+08 0.0180434
3.03145e+08 0.0180433
3.03157e+08 0.0180321
3.03258e+08 0.0180433
3.0328e+08 0.0180321
3.03403e+08 0.0180547
3.03403e+08 0.0180547
3.0356e+08 0.0179764
3.03604e+08 0.0179431
3.03649e+08 0.0179431
3.0366e+08 0.0179653
3.03739e+08 0.0179764
3.03772e+08 0.0180099
3.03862e+08 0.0180773
3.0394e+08 0.0180547
3.04152e+08 0.0178987
3.0498e+08 0.0174568
3.05013e+08 0.0174779
3.05293e+08 0.0173006
3.21472e+08 0.0173665
3.21573e+08 0.0173873
3.21573e+08 0.0174291
3.21573e+08 0.0174291
3.21573e+08 0.0174291
3.21573e+08 0.0174501
3.21573e+08 0.0174606
3.21617e+08 0.0174922
3.2164e+08 0.017471
3.21707e+08 0.0174605
3.21718e+08 0.0174499
3.2173e+08 0.0180408
3.21752e+08 0.0180191
3.21752e+08 0.01803
3.21864e+08 0.0180193
3.21864e+08 0.0180409
3.22032e+08 0.0179977
3.22043e+08 0.0179869
3.22133e+08 0.0180519
3.22133e+08 0.0180955
3.22323e+08 0.0179546
3.22323e+08 0.0179654
3.22569e+08 0.0178055
3.2268e+08 0.0177318
3.22904e+08 0.0176069
3.23016e+08 0.017576
3.23195e+08 0.0176068
3.24112e+08 0.0175243
3.24134e+08 0.0175345
3.24269e+08 0.0176687
3.40545e+08 0.0175787
3.40623e+08 0.0175993
3.40646e+08 0.0175786
3.40646e+08 0.0175786
3.40646e+08 0.0175785
3.40657e+08 0.0175682
3.40657e+08 0.0175683
3.40724e+08 0.0175477
3.4078e+08 0.017517
3.40802e+08 0.0175582
3.40814e+08 0.0175581
3.40825e+08 0.0175581
3.40825e+08 0.0175787
3.40825e+08 0.0181646
3.40847e+08 0.0181434
3.41149e+08 0.0179646
3.41172e+08 0.0179438
3.41317e+08 0.0179647
3.41395e+08 0.0179025
3.41574e+08 0.0178202
3.41619e+08 0.0177793
3.41865e+08 0.0177285
3.41865e+08 0.0177285
3.41988e+08 0.0178407
3.42044e+08 0.0178921
3.42245e+08 0.0179127
3.42346e+08 0.017923
3.42726e+08 0.017738
3.43632e+08 0.0177483
3.43632e+08 0.0177687
3.43688e+08 0.0178404
3.60304e+08 0.0175339
3.60326e+08 0.0175837
3.60371e+08 0.0175638
3.60371e+08 0.0175638
3.60371e+08 0.0175638
3.60371e+08 0.0175738
3.60371e+08 0.0175738
3.60382e+08 0.0176239
3.60393e+08 0.017664
3.60438e+08 0.0176438
3.60807e+08 0.0173281
3.60807e+08 0.0173379
3.60807e+08 0.0173379
3.6083e+08 0.0173185
3.60852e+08 0.0178572
3.60852e+08 0.0178772
3.6102e+08 0.0179979
3.61087e+08 0.0179576
3.61244e+08 0.0179474
3.61255e+08 0.018008
3.61367e+08 0.018069
3.61467e+08 0.0180181
3.61613e+08 0.0181098
3.61624e+08 0.0180995
3.6178e+08 0.0180689
3.61825e+08 0.0180791
3.62116e+08 0.0179977
3.62183e+08 0.018028
3.62675e+08 0.0179271
3.63469e+08 0.0180281
3.63503e+08 0.0179976
3.6366e+08 0.017907
3.80545e+08 0.0176683
3.8059e+08 0.0176489
3.80657e+08 0.0176295
3.80657e+08 0.0176295
3.80657e+08 0.0176295
3.80657e+08 0.0176295
3.80724e+08 0.0175714
3.8078e+08 0.0175329
3.81003e+08 0.0173521
3.81048e+08 0.0173521
3.81305e+08 0.0174468
3.81317e+08 0.0174373
3.81339e+08 0.0174183
3.81339e+08 0.0174373
3.8135e+08 0.0174468
3.8135e+08 0.0174467
3.81362e+08 0.0179821
3.81417e+08 0.0180807
3.81451e+08 0.0181104
3.81664e+08 0.0180609
3.81675e+08 0.0180609
3.81719e+08 0.0181204
3.81865e+08 0.0180805
3.82178e+08 0.0179331
3.82234e+08 0.0178942
3.82368e+08 0.0179137
3.8238e+08 0.0179428
3.82749e+08 0.0178747
3.82827e+08 0.0178651
3.83185e+08 0.017982
3.84102e+08 0.0178748
3.84124e+08 0.0178845
3.84136e+08 0.0180113
4.01571e+08 0.0175401
4.01571e+08 0.0175775
4.01627e+08 0.0175868
4.01627e+08 0.0175868
4.01627e+08 0.0175868
4.01649e+08 0.0175681
4.01672e+08 0.0176056
4.0175e+08 0.0175869
4.01996e+08 0.0175681
4.02119e+08 0.0175028
4.02164e+08 0.017681
4.02164e+08 0.0176904
4.02164e+08 0.0177094
4.02164e+08 0.0177094
4.02187e+08 0.0176999
4.02198e+08 0.0176904
4.02198e+08 0.0176999
4.02198e+08 0.0182363
4.0222e+08 0.0182657
4.02388e+08 0.0181487
4.02556e+08 0.0181875
4.02567e+08 0.0181875
4.02657e+08 0.0181486
4.02869e+08 0.0180907
4.03093e+08 0.018168
4.03205e+08 0.0181195
4.03384e+08 0.0180809
4.03395e+08 0.018081
4.03675e+08 0.0181583
4.03764e+08 0.0181486
4.04122e+08 0.0181486
4.04838e+08 0.0183247
4.04927e+08 0.0182656
4.05006e+08 0.0182069
4.23063e+08 0.0176802
4.23063e+08 0.0176802
4.23085e+08 0.0177079
4.23085e+08 0.0177079
4.23085e+08 0.0177079
4.23119e+08 0.0176987
4.2313e+08 0.0177078
4.23164e+08 0.0177448
4.23432e+08 0.0177263
4.23522e+08 0.0177539
4.23589e+08 0.0177355
4.23645e+08 0.0176893
4.2369e+08 0.0176526
4.2369e+08 0.0176526
4.23723e+08 0.0176434
4.23735e+08 0.0176435
4.2379e+08 0.0175978
4.2379e+08 0.0175978
4.23802e+08 0.0176069
4.23824e+08 0.018106
4.23846e+08 0.0182285
4.24048e+08 0.0182001
4.24093e+08 0.0181717
4.24182e+08 0.0181716
4.24417e+08 0.0181529
4.24708e+08 0.0180964
4.24876e+08 0.0180498
4.24932e+08 0.0181528
4.24954e+08 0.0181434
4.25222e+08 0.0181529
4.25402e+08 0.0180778
4.25882e+08 0.0179758
4.26419e+08 0.0181247
4.26498e+08 0.0181341
4.26509e+08 0.0181905
4.45117e+08 0.0177364
4.45128e+08 0.0177274
4.45128e+08 0.0177454
4.4515e+08 0.0177274
4.45161e+08 0.0177184
4.45195e+08 0.0177185
4.45217e+08 0.0177095
4.45262e+08 0.0177005
4.45497e+08 0.0177274
4.45688e+08 0.0176469
4.45755e+08 0.0176469
4.45755e+08 0.0176915
4.45755e+08 0.0177274
4.45766e+08 0.0177184
4.45844e+08 0.0176825
4.45856e+08 0.0176825
4.45934e+08 0.0176647
4.45967e+08 0.017638
4.45967e+08 0.0176469
4.45967e+08 0.0176647
4.45979e+08 0.0181602
4.46012e+08 0.0181511
4.46124e+08 0.0182246
4.4627e+08 0.0181419
4.46404e+08 0.0181055
4.46561e+08 0.0181693
4.46963e+08 0.0180781
4.4703e+08 0.0181602
4.4712e+08 0.0181328
4.47176e+08 0.0181055
4.47366e+08 0.0181693
4.47534e+08 0.0181785
4.48126e+08 0.0180872
4.4863e+08 0.0181144
4.48686e+08 0.0181327
4.48731e+08 0.0181052
4.67786e+08 0.0177475
4.67798e+08 0.0177476
4.67798e+08 0.0177476
4.67798e+08 0.0177651
4.67798e+08 0.0177738
4.67831e+08 0.0177738
4.67842e+08 0.0177826
4.67887e+08 0.0177826
4.68078e+08 0.0178178
4.68402e+08 0.0177125
4.68514e+08 0.0176777
4.68514e+08 0.0176777
4.68514e+08 0.0176777
4.68514e+08 0.0176864
4.68548e+08 0.0177213
4.68548e+08 0.01773
4.68548e+08 0.0177913
4.68559e+08 0.0178089
4.6857e+08 0.0178001
4.68593e+08 0.0177825
4.68593e+08 0.0177913
4.68626e+08 0.0177913
4.68637e+08 0.0182764
4.69029e+08 0.0180534
4.69118e+08 0.0180976
4.6913e+08 0.0181955
4.69476e+08 0.0180447
4.69745e+08 0.0181508
4.69812e+08 0.0181509
4.69868e+08 0.0181775
4.69902e+08 0.0181954
4.70315e+08 0.0180183
4.7055e+08 0.0179658
4.7093e+08 0.0181331
4.71546e+08 0.0180442
4.71569e+08 0.0180707
4.71602e+08 0.0180796
4.91014e+08 0.0178025
4.91014e+08 0.0178111
4.91025e+08 0.0178025
4.91036e+08 0.0177939
4.91081e+08 0.0177597
4.91081e+08 0.0177853
4.91104e+08 0.0177767
4.91115e+08 0.0178025
4.91607e+08 0.0175739
4.91719e+08 0.0177341
4.91742e+08 0.0178024
4.91742e+08 0.0178024
4.91742e+08 0.0178024
4.91753e+08 0.0177938
4.91775e+08 0.0178024
4.91842e+08 0.0177511
4.91966e+08 0.0176579
4.92033e+08 0.0176158
4.921e+08 0.017574
4.92122e+08 0.017574
4.92212e+08 0.0175074
4.92256e+08 0.0174991
4.92256e+08 0.0175074
4.92256e+08 0.0179806
4.92491e+08 0.0181006
4.92525e+08 0.0181438
4.92581e+08 0.0181093
4.93006e+08 0.018049
4.93274e+08 0.018049
4.9333e+08 0.0180576
4.93409e+08 0.0180405
4.9352e+08 0.0179807
4.93744e+08 0.0181266
4.93979e+08 0.0181266
4.9446e+08 0.0180489
4.94875e+08 0.0182045
4.94897e+08 0.0182046
4.94897e+08 0.0182308
5.14843e+08 0.0178217
5.14843e+08 0.0178217
5.14843e+08 0.0178301
5.14843e+08 0.0178385
5.1509e+08 0.0176889
5.1509e+08 0.0176889
5.15123e+08 0.0176806
5.15146e+08 0.0176724
5.1556e+08 0.0177301
5.1575e+08 0.0176724
5.15884e+08 0.0175906
5.15907e+08 0.0175743
5.15918e+08 0.0175662
5.15918e+08 0.0175743
5.16019e+08 0.0175176
5.16074e+08 0.0175257
5.16242e+08 0.0174935
5.16242e+08 0.0175419
5.16287e+08 0.0175581
5.16298e+08 0.0175663
5.16343e+08 0.0175988
5.16365e+08 0.0176151
5.16365e+08 0.0176151
5.16365e+08 0.0176151
5.16432e+08 0.0180285
5.16656e+08 0.0180367
5.16735e+08 0.0180034
5.16779e+08 0.0180117
5.17115e+08 0.0180786
5.17372e+08 0.018087
5.17506e+08 0.0180285
5.17719e+08 0.017929
5.17797e+08 0.0179538
5.18088e+08 0.0179042
5.18155e+08 0.0180283
5.18559e+08 0.0180864
5.18682e+08 0.0183078
5.18693e+08 0.0183164
5.18693e+08 0.0183164
5.39587e+08 0.0176152
5.39587e+08 0.0176152
5.39598e+08 0.0176072
5.39643e+08 0.0175755
5.39822e+08 0.0176231
5.39822e+08 0.0176231
5.39833e+08 0.0176391
5.39844e+08 0.0176471
5.4027e+08 0.0176391
5.40527e+08 0.0175915
5.40661e+08 0.0175915
5.40695e+08 0.0175835
5.40695e+08 0.0175915
5.40695e+08 0.0175915
5.40751e+08 0.0176232
5.40806e+08 0.0176232
5.41041e+08 0.0175755
5.41064e+08 0.0175597
5.41176e+08 0.0175124
5.41198e+08 0.0175045
5.41243e+08 0.0175045
5.41366e+08 0.0174341
5.41388e+08 0.0174185
5.41411e+08 0.0174029
5.41422e+08 0.0174419
5.41556e+08 0.0175045
5.41556e+08 0.0179533
5.41634e+08 0.0179533
5.41646e+08 0.0179775
5.41881e+08 0.0180506
5.42518e+08 0.0177778
5.42563e+08 0.0178411
5.42597e+08 0.0179693
5.42608e+08 0.0180179
5.42832e+08 0.0180664
5.42921e+08 0.0180501
5.43168e+08 0.0181653
5.43325e+08 0.0181407
5.43392e+08 0.0180996
5.43392e+08 0.0180995
5.64609e+08 0.0178657
5.64653e+08 0.0178338
5.64654e+08 0.0178417
5.64665e+08 0.0178656
5.64911e+08 0.0178179
5.64911e+08 0.0178179
5.64911e+08 0.0178259
5.64922e+08 0.0178259
5.65448e+08 0.0177547
5.65661e+08 0.0177863
5.65895e+08 0.0177154
5.65895e+08 0.0177389
5.65907e+08 0.0177311
5.65907e+08 0.0177311
5.65929e+08 0.0177547
5.65951e+08 0.0177784
5.66253e+08 0.0177311
5.66253e+08 0.0177469
5.66298e+08 0.0177942
5.66332e+08 0.0177863
5.66388e+08 0.0177784
5.66455e+08 0.017818
5.66477e+08 0.0178179
5.66488e+08 0.0178259
5.66488e+08 0.0178338
5.66634e+08 0.0178259
5.66634e+08 0.0178259
5.66634e+08 0.0182715
5.66656e+08 0.0183123
5.66712e+08 0.0182797
5.66992e+08 0.0182472
5.67473e+08 0.0183614
5.67529e+08 0.0183531
5.67608e+08 0.0183202
5.67653e+08 0.0182956
5.67966e+08 0.0182308
5.68067e+08 0.0182227
5.68313e+08 0.0182228
5.68391e+08 0.0182797
5.68403e+08 0.0183206
5.68403e+08 0.0183206
5.90269e+08 0.0178566
5.90292e+08 0.0178721
5.90325e+08 0.0178488
5.90325e+08 0.0178566
5.90639e+08 0.0178101
5.90639e+08 0.0178101
5.90639e+08 0.0178101
5.90639e+08 0.0178179
5.91108e+08 0.0178567
5.91455e+08 0.0177638
5.91589e+08 0.0178334
5.91623e+08 0.0178101
5.91645e+08 0.0178024
5.91645e+08 0.0178024
5.91746e+08 0.0177485
5.91768e+08 0.0177484
5.91914e+08 0.0178567
5.91914e+08 0.0178567
5.92037e+08 0.0178024
5.92059e+08 0.0178101
5.92093e+08 0.0178256
5.92205e+08 0.0177946
5.92238e+08 0.0177868
5.9225e+08 0.0177868
5.92272e+08 0.0177714
5.92373e+08 0.0178023
5.92373e+08 0.0178023
5.92373e+08 0.0178023
5.92373e+08 0.0178178
5.92373e+08 0.0182524
5.92406e+08 0.0182683
5.92619e+08 0.018316
5.93045e+08 0.0183559
5.9319e+08 0.0182919
5.93336e+08 0.0182443
5.93403e+08 0.0182285
5.93649e+08 0.0182762
5.93805e+08 0.0182365
5.93951e+08 0.0183081
5.94018e+08 0.018316
5.9403e+08 0.018316
5.9403e+08 0.0183161
6.16595e+08 0.0178301
6.16628e+08 0.0178226
6.16651e+08 0.0178301
6.16662e+08 0.0178225
6.16919e+08 0.0178605
6.16942e+08 0.0178453
6.16942e+08 0.0178453
6.16942e+08 0.0178453
6.17434e+08 0.0178302
6.17814e+08 0.0178076
6.17892e+08 0.0178454
6.17903e+08 0.0178606
6.17937e+08 0.017853
6.17937e+08 0.017853
6.17959e+08 0.0179063
6.18015e+08 0.0178834
6.18139e+08 0.0178986
6.1815e+08 0.017891
6.18195e+08 0.0179444
6.18217e+08 0.0179444
6.18295e+08 0.0179138
6.18497e+08 0.0178529
6.18519e+08 0.0178604
6.18519e+08 0.017868
6.1853e+08 0.0178756
6.18553e+08 0.0179289
6.18564e+08 0.0179213
6.18564e+08 0.0179212
6.18565e+08 0.0179212
6.18565e+08 0.0179211
6.18565e+08 0.0183478
6.18598e+08 0.0183477
6.19471e+08 0.0178964
6.2002e+08 0.0178149
6.20221e+08 0.0177782
6.20422e+08 0.0177416
6.20579e+08 0.0176832
6.2097e+08 0.0175892
6.21104e+08 0.0176036
6.2125e+08 0.0176036
6.21373e+08 0.0175676
6.21385e+08 0.0175676
6.21441e+08 0.0175317
6.29894e+08 0.0361352
6.29905e+08 0.0361961
6.29916e+08 0.0362269
6.29927e+08 0.0362269
6.30017e+08 0.0366911
6.30028e+08 0.0367225
6.30039e+08 0.0366912
6.3005e+08 0.0366599
6.30229e+08 0.0375568
6.30319e+08 0.0384297
6.30386e+08 0.0384642
6.30397e+08 0.0384642
6.30408e+08 0.0385333
6.3042e+08 0.0384988
6.30431e+08 0.0385334
6.30475e+08 0.0385682
6.30509e+08 0.0388474
6.30543e+08 0.0387774
6.30554e+08 0.0388831
6.30576e+08 0.0388832
6.30598e+08 0.0390601
6.30632e+08 0.0396003
6.30643e+08 0.0396372
6.30666e+08 0.0395644
6.30677e+08 0.0395646
6.30721e+08 0.039493
6.30733e+08 0.0394931
6.30744e+08 0.039457
6.30755e+08 0.0394212
6.30766e+08 0.0393855
6.30789e+08 0.0393136
6.308e+08 0.0393863
6.30822e+08 0.0402286
6.31102e+08 0.04228
6.31482e+08 0.0429004
6.31572e+08 0.0433223
6.31641e+08 0.0438309
6.31673e+08 0.0443258
6.31762e+08 0.0455653
6.31762e+08 0.0461388
6.31796e+08 0.0466293
6.31829e+08 0.0470291
6.31852e+08 0.0469789
6.31919e+08 0.0469299
6.35545e+08 0.0870091
6.35545e+08 0.0871811
6.35545e+08 0.087354
