3.00366e+06 0.00372078
8.32819e+06 0.00209894
8.3282e+06 0.00419787
9.8086e+06 0.0150984
9.8086e+06 0.0150984
1.19513e+07 0.0104316
1.19513e+07 0.0156473
1.19513e+07 0.0156473
1.47606e+07 0.0119345
1.47606e+07 0.0119345
1.47606e+07 0.0159126
1.47606e+07 0.0159126
1.78024e+07 0.0146964
1.78024e+07 0.0146964
1.78024e+07 0.0146964
1.78024e+07 0.0146964
1.78024e+07 0.0183705
2.17259e+07 0.0142423
2.17259e+07 0.0142423
2.17259e+07 0.0142422
2.17483e+07 0.0141613
2.17484e+07 0.0141613
2.17484e+07 0.0169934
2.5942e+07 0.0159046
2.5942e+07 0.0159046
2.59868e+07 0.0157375
2.60875e+07 0.0154536
2.60987e+07 0.0154138
2.611e+07 0.0153741
2.611e+07 0.0179364
3.01246e+07 0.0187038
3.01246e+07 0.0187038
3.01246e+07 0.0189062
3.01359e+07 0.019324
3.01359e+07 0.0193776
3.03038e+07 0.018654
3.0315e+07 0.0186044
3.49217e+07 0.0163079
3.49441e+07 0.018551
3.49442e+07 0.0185508
3.49666e+07 0.0184652
3.50001e+07 0.0183804
3.50001e+07 0.0183804
3.5045e+07 0.0188575
3.5045e+07 0.018902
4.04167e+07 0.0162707
4.04168e+07 0.0163371
4.04168e+07 0.0183792
4.05174e+07 0.0180475
4.05174e+07 0.0181202
4.05175e+07 0.0182304
4.05175e+07 0.0182304
4.06629e+07 0.0179039
4.06629e+07 0.0179039
4.66083e+07 0.0162449
4.66196e+07 0.0162156
4.66196e+07 0.0162157
4.66309e+07 0.0164527
4.66421e+07 0.0182473
4.66869e+07 0.0181149
4.66981e+07 0.0180821
4.66981e+07 0.0180821
4.67429e+07 0.0183812
4.67429e+07 0.0183812
5.3187e+07 0.0169881
5.31983e+07 0.016988
5.31983e+07 0.016988
5.32207e+07 0.0169594
5.32207e+07 0.0169882
5.32207e+07 0.018687
5.32991e+07 0.0185921
5.32991e+07 0.0186236
5.32991e+07 0.0186235
5.33215e+07 0.018687
5.33216e+07 0.0186869
6.0761e+07 0.016231
6.07723e+07 0.0162312
6.07835e+07 0.0162071
6.0817e+07 0.0161834
6.08171e+07 0.0161833
6.08394e+07 0.0161358
6.08842e+07 0.0162073
6.08842e+07 0.0176806
6.08842e+07 0.0176807
6.08843e+07 0.0176807
6.08843e+07 0.017733
6.08956e+07 0.0177067
6.85038e+07 0.0173207
6.85038e+07 0.0173459
6.85486e+07 0.0172709
6.85486e+07 0.0173458
6.85486e+07 0.0173459
6.85486e+07 0.0173962
6.85598e+07 0.0174723
6.85598e+07 0.0174723
6.85598e+07 0.0189283
6.85599e+07 0.0189283
6.85823e+07 0.0188733
6.8627e+07 0.0187643
6.86271e+07 0.0187914
7.71473e+07 0.0168088
7.71473e+07 0.0168088
7.71473e+07 0.0168963
7.71473e+07 0.0168963
7.71473e+07 0.0168963
7.71473e+07 0.0168963
7.71474e+07 0.0169183
7.71474e+07 0.0169183
7.71474e+07 0.0169183
7.71474e+07 0.0182197
7.71474e+07 0.0182197
7.71474e+07 0.0182673
7.71474e+07 0.0183632
7.71587e+07 0.0183391
8.61773e+07 0.0173269
8.61773e+07 0.0173269
8.61773e+07 0.017327
8.61773e+07 0.017327
8.61773e+07 0.017327
8.61773e+07 0.017327
8.61997e+07 0.0172842
8.62109e+07 0.0172629
8.62109e+07 0.0172629
8.62109e+07 0.0172629
8.62221e+07 0.0172416
8.62221e+07 0.0184731
8.62222e+07 0.018473
8.62334e+07 0.0184503
8.62335e+07 0.0184729
9.59463e+07 0.0171601
9.59463e+07 0.0171601
9.59463e+07 0.0171601
9.59463e+07 0.0171601
9.59463e+07 0.0171601
9.59463e+07 0.0171601
9.59464e+07 0.0171995
9.59464e+07 0.0172193
9.59464e+07 0.0172193
9.59464e+07 0.0172193
9.59464e+07 0.0172391
9.59464e+07 0.0172391
9.59464e+07 0.0183884
9.59465e+07 0.0183883
9.59465e+07 0.0184095
9.59689e+07 0.0183673
1.06192e+08 0.0174532
1.06192e+08 0.0174532
1.06192e+08 0.0174532
1.06192e+08 0.0174532
1.06192e+08 0.0174532
1.06192e+08 0.0174531
1.06192e+08 0.017453
1.06192e+08 0.017453
1.06192e+08 0.017453
1.06192e+08 0.017453
1.06192e+08 0.017453
1.06192e+08 0.0174529
1.06192e+08 0.0174529
1.06192e+08 0.0174529
1.06192e+08 0.0185436
1.06192e+08 0.0185436
1.06203e+08 0.0185639
1.16978e+08 0.0176132
1.16978e+08 0.0176132
1.16978e+08 0.0176132
1.16978e+08 0.0176132
1.16978e+08 0.0176132
1.16979e+08 0.0176132
1.1699e+08 0.017595
1.1699e+08 0.017595
1.1699e+08 0.017595
1.1699e+08 0.017595
1.1699e+08 0.017595
1.1699e+08 0.0175951
1.1699e+08 0.017595
1.17023e+08 0.0175406
1.17023e+08 0.0175406
1.17023e+08 0.0185724
1.17023e+08 0.0185724
1.17024e+08 0.0185915
1.2845e+08 0.0175354
1.2845e+08 0.0175354
1.2845e+08 0.0175354
1.28451e+08 0.0175353
1.28451e+08 0.0175351
1.28451e+08 0.0175351
1.28451e+08 0.0175523
1.28451e+08 0.0175523
1.28451e+08 0.0175523
1.28451e+08 0.0175523
1.28451e+08 0.0175523
1.28451e+08 0.0175522
1.28462e+08 0.0175351
1.28462e+08 0.0175866
1.28484e+08 0.0175522
1.28496e+08 0.0175351
1.28496e+08 0.0175351
1.28496e+08 0.0185092
1.28496e+08 0.0185092
1.40398e+08 0.017772
1.40398e+08 0.017772
1.40399e+08 0.017772
1.40399e+08 0.017772
1.40421e+08 0.0177387
1.40421e+08 0.0177388
1.40432e+08 0.0177223
1.40444e+08 0.0177058
1.40444e+08 0.0177058
1.40444e+08 0.0177058
1.40444e+08 0.0177058
1.40444e+08 0.0177058
1.40444e+08 0.0177223
1.40444e+08 0.0177223
1.40488e+08 0.0176893
1.405e+08 0.0176893
1.405e+08 0.0176893
1.405e+08 0.0176893
1.40533e+08 0.0185684
1.40623e+08 0.0184316
1.52979e+08 0.0177668
1.52979e+08 0.0177669
1.52979e+08 0.0177668
1.52979e+08 0.0177667
1.53024e+08 0.0177352
1.53024e+08 0.0177352
1.53035e+08 0.0177352
1.53035e+08 0.0177509
1.53035e+08 0.0177508
1.53035e+08 0.0177509
1.53058e+08 0.0177194
1.53058e+08 0.0177194
1.53058e+08 0.0177194
1.53058e+08 0.0177195
1.5308e+08 0.0177509
1.53103e+08 0.0177351
1.53103e+08 0.0177351
1.5317e+08 0.0176413
1.5317e+08 0.0176881
1.53192e+08 0.0177825
1.53203e+08 0.018655
1.66044e+08 0.0179638
1.66044e+08 0.0179638
1.66066e+08 0.0179329
1.66089e+08 0.0179024
1.66134e+08 0.0179024
1.66134e+08 0.0179024
1.66156e+08 0.0178871
1.66156e+08 0.0178871
1.66212e+08 0.0178113
1.66223e+08 0.0177962
1.66235e+08 0.0178113
1.66235e+08 0.0178113
1.66235e+08 0.0178113
1.66235e+08 0.0178113
1.66346e+08 0.0176912
1.6657e+08 0.017427
1.66615e+08 0.0173693
1.66659e+08 0.0173981
1.66693e+08 0.0173549
1.66693e+08 0.0173837
1.66693e+08 0.0173981
1.66715e+08 0.0181964
1.79206e+08 0.0186796
1.79206e+08 0.0186796
1.7924e+08 0.0186635
1.79296e+08 0.0186162
1.7933e+08 0.018632
1.79341e+08 0.0186163
1.79397e+08 0.018569
1.79431e+08 0.0185221
1.79431e+08 0.0186004
1.79431e+08 0.0186162
1.79442e+08 0.0186161
1.79442e+08 0.0186161
1.79442e+08 0.0186161
1.79442e+08 0.0186161
1.79509e+08 0.0186794
1.79576e+08 0.0189041
1.7971e+08 0.0187751
1.79788e+08 0.0187271
1.79833e+08 0.0187112
1.79844e+08 0.0186953
1.79844e+08 0.0186953
1.79867e+08 0.0186952
1.92935e+08 0.0179093
1.92935e+08 0.0187234
1.92935e+08 0.0187234
1.9298e+08 0.0187083
1.93047e+08 0.0186928
1.93103e+08 0.0186625
1.93103e+08 0.0186777
1.9317e+08 0.0186625
1.93271e+08 0.018572
1.93271e+08 0.018572
1.93271e+08 0.018572
1.93282e+08 0.0185721
1.93282e+08 0.0185721
1.93282e+08 0.0185721
1.93282e+08 0.0185721
1.93282e+08 0.0186626
1.93282e+08 0.0187539
1.93282e+08 0.0189392
1.93282e+08 0.019049
1.93282e+08 0.0191123
1.93305e+08 0.0190964
1.93338e+08 0.019049
1.93338e+08 0.0190806
2.07349e+08 0.0178329
2.07349e+08 0.0178329
2.0736e+08 0.0185938
2.0736e+08 0.0185938
2.0736e+08 0.0186515
2.0754e+08 0.0185077
2.07573e+08 0.0185363
2.07573e+08 0.0185363
2.07674e+08 0.0184934
2.07708e+08 0.0185793
2.07708e+08 0.0185793
2.07708e+08 0.0185793
2.07708e+08 0.0185937
2.07708e+08 0.0185937
2.07719e+08 0.0185793
2.07719e+08 0.0185793
2.07741e+08 0.0185505
2.07741e+08 0.0185505
2.07752e+08 0.0185362
2.07752e+08 0.0185362
2.07764e+08 0.0185219
2.07931e+08 0.018338
2.07965e+08 0.0183379
2.07987e+08 0.0183099
2.22307e+08 0.0179311
2.22307e+08 0.0179311
2.22307e+08 0.0179445
2.22307e+08 0.0179445
2.22307e+08 0.0186922
2.22308e+08 0.0186921
2.22554e+08 0.0186088
2.22587e+08 0.0186088
2.22587e+08 0.0186088
2.22644e+08 0.0186642
2.22755e+08 0.0185672
2.22755e+08 0.0185672
2.22789e+08 0.0185259
2.22789e+08 0.0185259
2.22789e+08 0.0185259
2.22789e+08 0.0185396
2.228e+08 0.0185259
2.22845e+08 0.0184985
2.22845e+08 0.0184985
2.22867e+08 0.0184848
2.22867e+08 0.0184848
2.2289e+08 0.0184711
2.22901e+08 0.0186642
2.22923e+08 0.0186782
2.22968e+08 0.0186503
2.37941e+08 0.0178711
2.37941e+08 0.0178711
2.37941e+08 0.017871
2.37942e+08 0.017871
2.37942e+08 0.017871
2.37942e+08 0.0185859
2.38109e+08 0.0183887
2.38244e+08 0.0185198
2.38244e+08 0.0185595
2.38266e+08 0.018533
2.38412e+08 0.018428
2.3849e+08 0.0184672
2.3849e+08 0.0184672
2.38568e+08 0.0184148
2.38568e+08 0.0184148
2.38568e+08 0.0184148
2.3858e+08 0.0184018
2.3858e+08 0.0184148
2.3858e+08 0.0184671
2.3858e+08 0.0184671
2.3858e+08 0.0184934
2.3858e+08 0.0184934
2.3858e+08 0.0185198
2.3858e+08 0.018533
2.3858e+08 0.0185594
2.38602e+08 0.018586
2.54196e+08 0.0178766
2.54196e+08 0.0178766
2.54207e+08 0.0178643
2.54218e+08 0.017852
2.54218e+08 0.017852
2.54229e+08 0.0178397
2.54375e+08 0.0178643
2.54375e+08 0.0185514
2.54576e+08 0.0184752
2.54576e+08 0.0184752
2.54576e+08 0.0185005
2.54677e+08 0.0185514
2.548e+08 0.0185007
2.548e+08 0.0185007
2.54867e+08 0.0185134
2.54878e+08 0.0185007
2.54878e+08 0.0185007
2.54878e+08 0.0185134
2.54878e+08 0.0185134
2.54878e+08 0.0185134
2.54878e+08 0.0185134
2.54878e+08 0.0185134
2.54878e+08 0.0185134
2.54878e+08 0.0185134
2.54878e+08 0.0185134
2.54878e+08 0.0185134
2.5489e+08 0.0185261
2.71131e+08 0.0178176
2.71131e+08 0.0178176
2.71142e+08 0.0178176
2.71142e+08 0.0178294
2.71154e+08 0.0178176
2.71198e+08 0.0177823
2.71422e+08 0.0177009
2.71422e+08 0.0177008
2.71422e+08 0.0183564
2.71769e+08 0.0182012
2.7178e+08 0.0181894
2.71802e+08 0.0181658
2.71847e+08 0.018225
2.71858e+08 0.0183444
2.71858e+08 0.0183444
2.7187e+08 0.0184048
2.71881e+08 0.0184048
2.71881e+08 0.0184047
2.71914e+08 0.0183684
2.71914e+08 0.0183684
2.71948e+08 0.0183323
2.71948e+08 0.0183323
2.71948e+08 0.0183323
2.71948e+08 0.0183323
2.71982e+08 0.0182963
2.71982e+08 0.0182963
2.71982e+08 0.0182963
2.72004e+08 0.0182844
2.88573e+08 0.017941
2.8864e+08 0.0178723
2.8864e+08 0.0178837
2.8873e+08 0.0177928
2.88797e+08 0.0177365
2.88853e+08 0.0177253
2.88875e+08 0.0179296
2.88875e+08 0.0179296
2.88875e+08 0.0179296
2.89334e+08 0.0178155
2.89334e+08 0.0184518
2.89334e+08 0.0184635
2.89334e+08 0.0184871
2.89345e+08 0.0185225
2.89367e+08 0.0185107
2.89378e+08 0.0184989
2.8939e+08 0.0184989
2.8939e+08 0.0185107
2.8939e+08 0.0185107
2.89423e+08 0.0185107
2.89468e+08 0.0184634
2.89479e+08 0.018487
2.89479e+08 0.018487
2.8949e+08 0.0184752
2.8949e+08 0.0184752
2.89524e+08 0.0184752
2.89546e+08 0.0184517
2.89602e+08 0.0183931
2.89614e+08 0.0184047
3.06841e+08 0.0177415
3.06841e+08 0.0178069
3.06841e+08 0.0178069
3.06875e+08 0.0178618
3.06886e+08 0.0179169
3.06975e+08 0.0178837
3.07098e+08 0.017785
3.07098e+08 0.017785
3.07098e+08 0.017785
3.07468e+08 0.0178726
3.07468e+08 0.0178726
3.07468e+08 0.0184889
3.07468e+08 0.0184889
3.07468e+08 0.0184889
3.07468e+08 0.0185003
3.07479e+08 0.0185117
3.07501e+08 0.0185002
3.07557e+08 0.0184546
3.07557e+08 0.0184546
3.07557e+08 0.0184546
3.07602e+08 0.0184433
3.07703e+08 0.0183868
3.07703e+08 0.0183981
3.07714e+08 0.0183868
3.07714e+08 0.0183981
3.07714e+08 0.0183981
3.07714e+08 0.018432
3.07759e+08 0.0184093
3.07792e+08 0.018432
3.07792e+08 0.0184434
3.25538e+08 0.0179317
3.25617e+08 0.017857
3.2565e+08 0.0178252
3.25661e+08 0.0178464
3.25661e+08 0.017857
3.25728e+08 0.0178783
3.25907e+08 0.0178252
3.2593e+08 0.017804
3.2593e+08 0.017804
3.26232e+08 0.0178676
3.26232e+08 0.0178676
3.26243e+08 0.0178569
3.26243e+08 0.0178569
3.26243e+08 0.0184521
3.26243e+08 0.0184521
3.26243e+08 0.0184521
3.26255e+08 0.0184521
3.26277e+08 0.0184521
3.26322e+08 0.0184631
3.26333e+08 0.018452
3.26344e+08 0.018441
3.264e+08 0.0184301
3.26445e+08 0.0184851
3.26456e+08 0.018474
3.26467e+08 0.018474
3.26468e+08 0.0184739
3.26479e+08 0.0184628
3.26525e+08 0.0184176
3.26569e+08 0.0184183
3.26618e+08 0.0184028
3.26652e+08 0.0183701
3.45016e+08 0.0177869
3.4505e+08 0.0178278
3.45106e+08 0.0178073
3.45139e+08 0.0177869
3.45139e+08 0.0177869
3.45251e+08 0.0177461
3.45307e+08 0.0178585
3.45307e+08 0.0178791
3.45307e+08 0.0178791
3.45643e+08 0.0178481
3.45643e+08 0.0178481
3.45654e+08 0.0178481
3.45654e+08 0.0178481
3.45677e+08 0.0178276
3.45677e+08 0.0184026
3.45677e+08 0.0184026
3.45677e+08 0.0184026
3.45691e+08 0.0183999
3.45702e+08 0.0184103
3.45793e+08 0.0183674
3.45877e+08 0.0182989
3.45994e+08 0.0182004
3.46029e+08 0.0182199
3.46085e+08 0.0182094
3.46097e+08 0.0182084
3.46129e+08 0.018189
3.46129e+08 0.0181891
3.46141e+08 0.0181883
3.46225e+08 0.0181538
3.46303e+08 0.0181223
3.46381e+08 0.0180958
3.46381e+08 0.0181266
3.65068e+08 0.0178355
3.65068e+08 0.0178654
3.65068e+08 0.0179154
3.65079e+08 0.0179354
3.65079e+08 0.0179354
3.65191e+08 0.0179353
3.65269e+08 0.0179153
3.65269e+08 0.0179153
3.6527e+08 0.0179152
3.65595e+08 0.0179242
3.65609e+08 0.0179117
3.65629e+08 0.0179041
3.65681e+08 0.0178577
3.6573e+08 0.0178341
3.6573e+08 0.017834
3.65765e+08 0.0178031
3.65775e+08 0.0183503
3.65811e+08 0.0183176
3.65898e+08 0.0182512
3.65954e+08 0.018211
3.66041e+08 0.0182135
3.66112e+08 0.018226
3.66134e+08 0.0183117
3.66134e+08 0.0183434
3.66291e+08 0.0182523
3.66358e+08 0.018203
3.66391e+08 0.0182018
3.66425e+08 0.0181717
3.66905e+08 0.0177617
3.67028e+08 0.0177281
3.67062e+08 0.0177662
3.67129e+08 0.0177758
3.67185e+08 0.0177281
3.85626e+08 0.0179396
3.85626e+08 0.0179396
3.85659e+08 0.0179104
3.85715e+08 0.0178715
3.85715e+08 0.0178715
3.85794e+08 0.0179007
3.85939e+08 0.0178426
3.85939e+08 0.0178426
3.85939e+08 0.0178426
3.86321e+08 0.0177942
3.86422e+08 0.0177198
3.86487e+08 0.0176817
3.86488e+08 0.017725
3.86601e+08 0.0176703
3.86601e+08 0.0176703
3.86668e+08 0.0176431
3.86959e+08 0.0174094
3.86959e+08 0.0179369
3.86959e+08 0.0179674
3.87037e+08 0.0179752
3.87071e+08 0.0179943
3.8716e+08 0.0179926
3.87428e+08 0.0178254
3.87607e+08 0.0176956
3.87663e+08 0.0176496
3.87987e+08 0.0175133
3.88144e+08 0.0174414
3.88222e+08 0.0174057
3.88267e+08 0.0173968
3.88691e+08 0.0174414
3.88691e+08 0.0175404
3.88747e+08 0.0175223
3.88859e+08 0.0174862
3.88893e+08 0.0175042
4.06697e+08 0.0180331
4.06708e+08 0.0180235
4.06787e+08 0.0179853
4.06809e+08 0.018014
4.06809e+08 0.018014
4.06955e+08 0.0179569
4.07044e+08 0.0180045
4.07055e+08 0.0179949
4.07078e+08 0.0179759
4.08267e+08 0.0173149
4.08345e+08 0.0173328
4.08379e+08 0.0173574
4.08379e+08 0.0173581
4.0839e+08 0.0174395
4.0839e+08 0.0174395
4.08434e+08 0.0174574
4.08535e+08 0.0176111
4.08848e+08 0.0173593
4.08926e+08 0.0172975
4.09027e+08 0.0177251
4.09362e+08 0.017521
4.09418e+08 0.0175035
4.09653e+08 0.0173904
4.09843e+08 0.0174511
4.09921e+08 0.0175298
4.09932e+08 0.017565
4.09999e+08 0.0177701
4.10044e+08 0.0178608
4.10077e+08 0.0178973
4.10077e+08 0.017934
4.10167e+08 0.018214
4.10189e+08 0.018195
4.10279e+08 0.0181667
4.10424e+08 0.0181384
4.10603e+08 0.0180169
4.28531e+08 0.0179152
4.28553e+08 0.017906
4.28598e+08 0.0179336
4.2862e+08 0.0179336
4.2862e+08 0.0179336
4.28799e+08 0.017906
4.28906e+08 0.0178922
4.28973e+08 0.0178466
4.2966e+08 0.017321
4.30778e+08 0.0173758
4.30778e+08 0.0174364
4.30778e+08 0.0174625
4.30778e+08 0.0174625
4.30778e+08 0.0174713
4.3089e+08 0.0173845
4.31181e+08 0.0171966
4.31225e+08 0.0172389
4.31304e+08 0.0174191
4.31527e+08 0.0173071
4.31672e+08 0.017273
4.31695e+08 0.0177489
4.31851e+08 0.01789
4.31851e+08 0.0179346
4.31985e+08 0.0180153
4.31986e+08 0.0181699
4.31986e+08 0.0182343
4.32064e+08 0.018179
4.32075e+08 0.0182251
4.32109e+08 0.0182343
4.32153e+08 0.018225
4.32164e+08 0.0182158
4.32164e+08 0.0182899
4.32265e+08 0.018225
4.32276e+08 0.0182899
4.32399e+08 0.0183085
4.33696e+08 0.0174225
4.50763e+08 0.0180966
4.50786e+08 0.0180966
4.5083e+08 0.0180966
4.5083e+08 0.0181148
4.50875e+08 0.0180784
4.51426e+08 0.0177813
4.5177e+08 0.0175967
4.52362e+08 0.0172014
4.5367e+08 0.0167571
4.54207e+08 0.0171728
4.54229e+08 0.0171564
4.54229e+08 0.0171564
4.54229e+08 0.0171564
4.54229e+08 0.0171564
4.54229e+08 0.0172386
4.5424e+08 0.0174474
4.54251e+08 0.0174728
4.54285e+08 0.0175068
4.54285e+08 0.0176788
4.54285e+08 0.0177924
4.54307e+08 0.0177924
4.54386e+08 0.0178542
4.54386e+08 0.0183501
4.54386e+08 0.0183501
4.54419e+08 0.0184324
4.5443e+08 0.0184233
4.5443e+08 0.0184233
4.5452e+08 0.0184141
4.54676e+08 0.0182957
4.54989e+08 0.0180723
4.55157e+08 0.0179757
4.55425e+08 0.017777
4.55738e+08 0.017541
4.56386e+08 0.0171428
4.57225e+08 0.0165745
4.57448e+08 0.016508
4.58409e+08 0.0167319
4.73723e+08 0.0180103
4.73745e+08 0.0180103
4.73779e+08 0.0180191
4.73835e+08 0.0179753
4.74126e+08 0.017785
4.76651e+08 0.016393
4.76975e+08 0.0164059
4.77064e+08 0.0167399
4.77075e+08 0.0176672
4.77277e+08 0.017924
4.77277e+08 0.0179414
4.7731e+08 0.0179153
4.77333e+08 0.017898
4.77344e+08 0.0178894
4.77377e+08 0.0178634
4.774e+08 0.0178548
4.77433e+08 0.0178376
4.77467e+08 0.0178376
4.77545e+08 0.0177776
4.77545e+08 0.0177776
4.77567e+08 0.0177776
4.77646e+08 0.0177776
4.77646e+08 0.0177776
4.77646e+08 0.0182581
4.77769e+08 0.0181621
4.77869e+08 0.0181101
4.77903e+08 0.0180929
4.77903e+08 0.0180929
4.77947e+08 0.0181274
4.78138e+08 0.0181015
4.7921e+08 0.0175335
4.79926e+08 0.0171459
4.8073e+08 0.0167824
4.80954e+08 0.0168419
4.81111e+08 0.0171768
4.81323e+08 0.0176229
4.81401e+08 0.0177298
4.81714e+08 0.018223
4.97632e+08 0.0177625
4.97945e+08 0.0175492
4.98023e+08 0.0175169
4.98168e+08 0.0174525
4.98202e+08 0.017639
5.00829e+08 0.0175648
5.00885e+08 0.0177619
5.01008e+08 0.017737
5.0103e+08 0.0177287
5.01198e+08 0.0177536
5.01198e+08 0.0177536
5.01242e+08 0.0177453
5.01444e+08 0.0176137
5.01656e+08 0.0174679
5.01656e+08 0.017492
5.01656e+08 0.0175081
5.01768e+08 0.0174519
5.01991e+08 0.0173167
5.01991e+08 0.0173721
5.02103e+08 0.017293
5.02215e+08 0.0172303
5.02472e+08 0.0171062
5.02561e+08 0.0170448
5.02651e+08 0.0169839
5.02651e+08 0.0174308
5.03645e+08 0.0168436
5.03757e+08 0.0168364
5.03813e+08 0.0168219
5.03992e+08 0.0167065
5.03992e+08 0.0167352
5.04394e+08 0.0165999
5.04506e+08 0.0172306
5.04528e+08 0.0177159
5.04841e+08 0.0180772
5.05222e+08 0.0179606
5.05333e+08 0.0179937
5.05367e+08 0.0181276
5.05389e+08 0.0181698
5.05479e+08 0.0183407
5.22353e+08 0.0176306
5.22566e+08 0.0177026
5.22588e+08 0.0177429
5.23281e+08 0.017356
5.23896e+08 0.0169634
5.26076e+08 0.0172638
5.2631e+08 0.0171424
5.26702e+08 0.0169635
5.26702e+08 0.0169782
5.28043e+08 0.016236
5.28043e+08 0.016236
5.28043e+08 0.0162631
5.28412e+08 0.016162
5.28546e+08 0.0162091
5.28557e+08 0.0162023
5.28557e+08 0.0162023
5.28557e+08 0.0162699
5.28591e+08 0.0163861
5.28602e+08 0.0163792
5.28613e+08 0.0164414
5.28646e+08 0.01649
5.28646e+08 0.016652
5.28646e+08 0.0167091
5.28658e+08 0.0167593
5.28658e+08 0.0167593
5.2868e+08 0.0174102
5.2868e+08 0.0178566
5.28714e+08 0.0179126
5.28714e+08 0.0179528
5.28714e+08 0.0180827
5.28714e+08 0.0180827
5.28714e+08 0.0183819
5.28948e+08 0.0182894
5.29015e+08 0.018256
5.29082e+08 0.0184412
5.29373e+08 0.0185095
5.29977e+08 0.0181402
5.31541e+08 0.017079
5.31933e+08 0.0168417
5.32603e+08 0.0164809
5.47846e+08 0.0175357
5.48584e+08 0.0171816
5.48584e+08 0.0171964
5.49266e+08 0.0172037
5.49657e+08 0.017353
5.53178e+08 0.0164944
5.53189e+08 0.0166315
5.53211e+08 0.0168629
5.53211e+08 0.0168629
5.53234e+08 0.0177458
5.53245e+08 0.0177379
5.53245e+08 0.0177379
5.53245e+08 0.0180013
5.53301e+08 0.0180582
5.53323e+08 0.0180501
5.53323e+08 0.0180501
5.53323e+08 0.0180501
5.53323e+08 0.0180746
5.53335e+08 0.0180746
5.53335e+08 0.0180828
5.53335e+08 0.0181073
5.53335e+08 0.0181073
5.53335e+08 0.0181073
5.53335e+08 0.0181155
5.53335e+08 0.0181155
5.53379e+08 0.0180991
5.53379e+08 0.0180991
5.53402e+08 0.0185348
5.53513e+08 0.0184764
5.53525e+08 0.018468
5.53569e+08 0.0184348
5.53592e+08 0.0184182
5.53636e+08 0.0183852
5.53748e+08 0.0184763
5.53771e+08 0.0185097
5.53793e+08 0.0185432
5.54743e+08 0.0180612
5.57403e+08 0.016707
5.58577e+08 0.0169487
5.587e+08 0.0171185
5.59147e+08 0.0172626
5.73789e+08 0.0176624
5.7446e+08 0.0177081
5.74538e+08 0.0176547
5.76572e+08 0.0167803
5.76863e+08 0.0168424
5.78461e+08 0.0181231
5.78528e+08 0.0180831
5.78528e+08 0.0180991
5.78528e+08 0.0180991
5.78595e+08 0.0180672
5.78607e+08 0.0180672
5.78629e+08 0.0180513
5.78629e+08 0.0180513
5.78696e+08 0.0180433
5.78707e+08 0.0180513
5.78707e+08 0.0180513
5.78718e+08 0.0180433
5.78718e+08 0.0180433
5.78718e+08 0.0180513
5.7873e+08 0.0180433
5.78763e+08 0.0180195
5.78785e+08 0.0180037
5.78808e+08 0.0179879
5.7883e+08 0.0179721
5.78864e+08 0.0179485
5.78931e+08 0.0179328
5.78931e+08 0.0179328
5.7902e+08 0.0178859
5.79031e+08 0.0179564
5.79054e+08 0.0183782
5.79132e+08 0.0183301
5.79166e+08 0.0183381
5.79311e+08 0.0182505
5.79412e+08 0.0182109
5.7949e+08 0.0182346
5.79557e+08 0.018203
5.79713e+08 0.0181088
5.8329e+08 0.0164427
5.84273e+08 0.0174686
5.85693e+08 0.0173102
5.86676e+08 0.0167777
5.87157e+08 0.0167576
5.99779e+08 0.0180605
6.00617e+08 0.0179448
6.00796e+08 0.017876
6.04305e+08 0.0169251
6.04328e+08 0.0170904
6.0444e+08 0.0180683
6.0444e+08 0.0181151
6.0444e+08 0.0181151
6.0444e+08 0.0181151
6.0444e+08 0.0181621
6.0444e+08 0.0181699
6.04484e+08 0.0181542
6.04496e+08 0.0181464
6.04496e+08 0.0181936
6.04507e+08 0.0181936
6.04507e+08 0.0181936
6.04518e+08 0.0181936
6.0454e+08 0.0181778
6.0454e+08 0.0181778
6.0454e+08 0.0181857
6.04563e+08 0.0181936
6.04619e+08 0.01817
6.04619e+08 0.0181857
6.04663e+08 0.01817
6.04764e+08 0.0181229
6.04831e+08 0.0181229
6.04887e+08 0.0180839
6.0492e+08 0.0181229
6.04965e+08 0.0180995
6.05021e+08 0.0180761
6.05032e+08 0.0184985
6.05043e+08 0.0185464
6.05066e+08 0.0185544
6.05211e+08 0.0185544
6.05356e+08 0.0185224
6.05882e+08 0.0182087
6.06407e+08 0.0178979
6.07838e+08 0.0170871
6.1014e+08 0.0178979
6.11045e+08 0.0179502
6.12934e+08 0.0176409
6.13303e+08 0.0180481
6.13638e+08 0.0181472
6.26477e+08 0.0179995
6.26615e+08 0.0184848
6.26693e+08 0.0185567
6.27688e+08 0.0205526
6.27721e+08 0.0205427
6.27756e+08 0.0206106
6.27766e+08 0.0206017
6.27788e+08 0.020582
6.27822e+08 0.0205524
6.27833e+08 0.0205425
6.27844e+08 0.0205327
6.27878e+08 0.0205425
6.27889e+08 0.0205425
6.27923e+08 0.0205131
6.27923e+08 0.0205227
6.27956e+08 0.0204933
6.27968e+08 0.0204933
6.28001e+08 0.0204835
6.28035e+08 0.0204541
6.28069e+08 0.0204249
6.2808e+08 0.0204346
6.2812e+08 0.0204486
6.28131e+08 0.0204389
6.28158e+08 0.0204539
6.28181e+08 0.0205222
6.28203e+08 0.0205615
6.28237e+08 0.0205811
6.2827e+08 0.0205811
6.28313e+08 0.0205827
6.28335e+08 0.0206123
6.28348e+08 0.0206106
6.28405e+08 0.020571
6.28427e+08 0.0210293
6.28449e+08 0.0210293
6.2855e+08 0.0210695
6.28583e+08 0.0211709
6.28617e+08 0.0216288
6.28673e+08 0.0220848
6.28673e+08 0.0236007
6.28785e+08 0.0263733
6.28797e+08 0.0277015
6.28987e+08 0.0306326
6.28998e+08 0.0313306
6.29094e+08 0.0318166
6.34471e+08 0.0615166
6.34762e+08 0.0603589
6.34795e+08 0.0606903
