5.38555e+06 0.00207552
8.36301e+06 0.00375348
8.36302e+06 0.00750695
9.56868e+06 0.0185389
9.60222e+06 0.0180373
1.21368e+07 0.00870372
1.21368e+07 0.0130555
1.21368e+07 0.0132282
1.44962e+07 0.0142099
1.44962e+07 0.0142099
1.44964e+07 0.0189453
1.44964e+07 0.0189451
1.77556e+07 0.0137152
1.77556e+07 0.0137152
1.77557e+07 0.0137156
1.77557e+07 0.0137157
1.77557e+07 0.0171445
2.13632e+07 0.0154893
2.13632e+07 0.0154893
2.13633e+07 0.015489
2.13634e+07 0.0154889
2.13635e+07 0.0154885
2.13635e+07 0.0185862
2.5653e+07 0.0156315
2.56753e+07 0.0155505
2.56754e+07 0.0155508
2.56754e+07 0.0155507
2.56755e+07 0.0155507
2.56755e+07 0.0155508
2.56755e+07 0.0181425
2.98244e+07 0.0187541
2.98244e+07 0.0188551
2.98244e+07 0.0188552
2.98245e+07 0.0188548
2.9847e+07 0.0187537
2.9847e+07 0.0187537
2.9847e+07 0.0187537
3.45861e+07 0.016429
3.45861e+07 0.018776
3.45862e+07 0.018776
3.45862e+07 0.0187761
3.45974e+07 0.0187324
3.46422e+07 0.0186453
3.46422e+07 0.0186453
3.46422e+07 0.0186453
4.00675e+07 0.0163112
4.00675e+07 0.0163112
4.00675e+07 0.01835
4.00787e+07 0.0183127
4.00787e+07 0.0183127
4.01235e+07 0.0182015
4.02129e+07 0.0180555
4.0213e+07 0.0180553
4.02242e+07 0.0180191
4.59752e+07 0.0170256
4.59752e+07 0.0170255
4.59753e+07 0.0170255
4.59864e+07 0.0170256
4.59865e+07 0.0189171
4.59865e+07 0.0189171
4.60871e+07 0.01874
4.60871e+07 0.0190254
4.61319e+07 0.0188817
4.61319e+07 0.0189174
5.25773e+07 0.0169279
5.25773e+07 0.0169279
5.25773e+07 0.0169279
5.25997e+07 0.0168993
5.26109e+07 0.0168708
5.26109e+07 0.0185579
5.26221e+07 0.0185266
5.26333e+07 0.0187796
5.26333e+07 0.0187796
5.28122e+07 0.0184026
5.28122e+07 0.0184026
5.98462e+07 0.0169123
5.98909e+07 0.0168089
5.98909e+07 0.0168089
5.98909e+07 0.0168605
5.99804e+07 0.0166814
5.99804e+07 0.0166814
5.99805e+07 0.0167067
5.99805e+07 0.0182255
6.00253e+07 0.0181426
6.00365e+07 0.0181152
6.00813e+07 0.0184494
6.00813e+07 0.0184494
6.7733e+07 0.0170044
6.77442e+07 0.0170769
6.77443e+07 0.0170769
6.77443e+07 0.0170769
6.77555e+07 0.0172488
6.77667e+07 0.017224
6.7778e+07 0.0171991
6.7778e+07 0.0171991
6.7778e+07 0.0186324
6.77893e+07 0.0187129
6.77893e+07 0.0187399
6.78787e+07 0.0186325
6.78788e+07 0.0186325
7.61429e+07 0.0172757
7.61765e+07 0.0172299
7.61765e+07 0.0172299
7.61765e+07 0.0172299
7.61765e+07 0.0172528
7.61765e+07 0.0172758
7.63218e+07 0.0170047
7.63218e+07 0.0170047
7.63331e+07 0.0169825
7.63331e+07 0.0182888
7.64562e+07 0.0180528
7.64562e+07 0.0180528
7.64562e+07 0.0182411
7.64898e+07 0.0181699
8.5232e+07 0.0172142
8.5232e+07 0.017278
8.52321e+07 0.017278
8.52321e+07 0.017278
8.52321e+07 0.017278
8.52321e+07 0.0172779
8.52993e+07 0.0174284
8.52993e+07 0.0174284
8.53664e+07 0.0173205
8.53664e+07 0.0173205
8.55677e+07 0.0171719
8.55677e+07 0.0183984
8.55678e+07 0.0183984
8.55678e+07 0.0183984
8.55902e+07 0.018421
9.50063e+07 0.017151
9.50063e+07 0.017151
9.50063e+07 0.017151
9.50063e+07 0.017151
9.50175e+07 0.0171314
9.50734e+07 0.0170342
9.50846e+07 0.0171316
9.50958e+07 0.017112
9.51406e+07 0.0171512
9.51406e+07 0.0171512
9.51853e+07 0.0174304
9.52412e+07 0.0173297
9.52412e+07 0.018485
9.52524e+07 0.0184636
9.52524e+07 0.0184636
9.52971e+07 0.0184212
1.0525e+08 0.0174565
1.0525e+08 0.0174565
1.05261e+08 0.0174374
1.05283e+08 0.0173995
1.05283e+08 0.0174184
1.05306e+08 0.0174754
1.05306e+08 0.0174945
1.05373e+08 0.0173994
1.05496e+08 0.0172679
1.05529e+08 0.0172122
1.05619e+08 0.0171384
1.05619e+08 0.0172307
1.05619e+08 0.0172307
1.05641e+08 0.0172122
1.05641e+08 0.0182879
1.05675e+08 0.0182291
1.05708e+08 0.0182487
1.16268e+08 0.0172431
1.16268e+08 0.0172431
1.16268e+08 0.0172606
1.16302e+08 0.0172431
1.16324e+08 0.0172081
1.16358e+08 0.0171908
1.16358e+08 0.0171908
1.16358e+08 0.0172958
1.16481e+08 0.0172959
1.16502e+08 0.0173145
1.16593e+08 0.0173119
1.16593e+08 0.0173119
1.16593e+08 0.0173119
1.16627e+08 0.0172939
1.16684e+08 0.0172046
1.16739e+08 0.0181265
1.16769e+08 0.0181328
1.16791e+08 0.0181511
1.27856e+08 0.0173598
1.27934e+08 0.0172434
1.27934e+08 0.0172434
1.27957e+08 0.0172599
1.27957e+08 0.0172931
1.28057e+08 0.017194
1.28068e+08 0.0171776
1.28068e+08 0.0171776
1.28068e+08 0.0173599
1.28124e+08 0.0173088
1.28158e+08 0.017395
1.28158e+08 0.017395
1.28158e+08 0.017395
1.28158e+08 0.017446
1.28158e+08 0.0175327
1.28158e+08 0.017617
1.28162e+08 0.0176569
1.28173e+08 0.0186194
1.28173e+08 0.0186556
1.40137e+08 0.0172905
1.40197e+08 0.0173157
1.40208e+08 0.0172999
1.40249e+08 0.0172739
1.40272e+08 0.0172425
1.40272e+08 0.0173845
1.40272e+08 0.0174003
1.40294e+08 0.0173685
1.40368e+08 0.0172645
1.40435e+08 0.0172488
1.40513e+08 0.0171864
1.40513e+08 0.0171864
1.40536e+08 0.0171553
1.40558e+08 0.0171244
1.40625e+08 0.0170323
1.40625e+08 0.0170323
1.40625e+08 0.0170376
1.40737e+08 0.0169012
1.40737e+08 0.0177908
1.40759e+08 0.0177595
1.5277e+08 0.017693
1.52805e+08 0.0177287
1.52816e+08 0.0177286
1.52829e+08 0.0177687
1.5284e+08 0.0177843
1.5284e+08 0.0177843
1.5284e+08 0.0177844
1.5284e+08 0.0178161
1.52884e+08 0.0178581
1.53101e+08 0.0176468
1.53168e+08 0.0176624
1.53202e+08 0.0176157
1.53202e+08 0.0176468
1.53202e+08 0.017678
1.53202e+08 0.0177722
1.53224e+08 0.0177407
1.5328e+08 0.0176623
1.53314e+08 0.0177722
1.53314e+08 0.0177722
1.53369e+08 0.0177249
1.53369e+08 0.0186111
1.66165e+08 0.0175212
1.66165e+08 0.0175671
1.66165e+08 0.0175819
1.66176e+08 0.0175834
1.66232e+08 0.017525
1.66243e+08 0.0175103
1.66265e+08 0.0174812
1.66299e+08 0.0174376
1.6631e+08 0.0174804
1.66478e+08 0.0175447
1.66489e+08 0.0176184
1.66505e+08 0.0176416
1.66505e+08 0.0176416
1.66521e+08 0.01762
1.66544e+08 0.0175905
1.66589e+08 0.0175611
1.66589e+08 0.0176348
1.66589e+08 0.0176794
1.66611e+08 0.0176497
1.66801e+08 0.0174734
1.66801e+08 0.0174734
1.66801e+08 0.0183055
1.79415e+08 0.0185559
1.79437e+08 0.0185247
1.79437e+08 0.0185247
1.79448e+08 0.0185247
1.79449e+08 0.018603
1.7946e+08 0.018603
1.7946e+08 0.0186345
1.79471e+08 0.0186662
1.79504e+08 0.0186345
1.79695e+08 0.018603
1.79706e+08 0.0186031
1.79728e+08 0.0185941
1.79762e+08 0.018547
1.79784e+08 0.0185386
1.79784e+08 0.0185699
1.79784e+08 0.0186328
1.79784e+08 0.0186328
1.79784e+08 0.0186328
1.79803e+08 0.0186372
1.79897e+08 0.0187736
1.79931e+08 0.0187257
1.80076e+08 0.0185207
1.93116e+08 0.0179449
1.93121e+08 0.0187546
1.93121e+08 0.0187852
1.93121e+08 0.0187852
1.93156e+08 0.018752
1.93156e+08 0.018752
1.93156e+08 0.0187673
1.93181e+08 0.0187333
1.93181e+08 0.0187486
1.93203e+08 0.0187639
1.93385e+08 0.018776
1.93429e+08 0.0187302
1.93597e+08 0.0185339
1.93619e+08 0.0185489
1.93619e+08 0.0185788
1.93619e+08 0.0185788
1.93619e+08 0.0185788
1.93619e+08 0.0185788
1.93619e+08 0.0185788
1.93619e+08 0.0186048
1.93642e+08 0.018702
1.93642e+08 0.0187477
1.9372e+08 0.0188398
2.07633e+08 0.017707
2.07647e+08 0.0176956
2.07647e+08 0.0184648
2.07647e+08 0.0184647
2.07663e+08 0.018444
2.07692e+08 0.0184526
2.07755e+08 0.0183726
2.07766e+08 0.0183585
2.07766e+08 0.0183898
2.07789e+08 0.0183617
2.07833e+08 0.0183336
2.07912e+08 0.0184636
2.07967e+08 0.0184494
2.08079e+08 0.0185206
2.08079e+08 0.0185493
2.0809e+08 0.0185349
2.0809e+08 0.0185349
2.0809e+08 0.0185349
2.0809e+08 0.0185349
2.0809e+08 0.0185349
2.0809e+08 0.0185349
2.0809e+08 0.0185636
2.0809e+08 0.0185636
2.08135e+08 0.0186068
2.22664e+08 0.0178448
2.22672e+08 0.0178515
2.22685e+08 0.0178362
2.22685e+08 0.0178363
2.22694e+08 0.0185675
2.22694e+08 0.0185877
2.22694e+08 0.0186231
2.2274e+08 0.0186457
2.22762e+08 0.0186318
2.22762e+08 0.0186316
2.228e+08 0.0186126
2.228e+08 0.0186682
2.22833e+08 0.0187241
2.22833e+08 0.0187945
2.22833e+08 0.0189369
2.22833e+08 0.0189369
2.22856e+08 0.0189225
2.2299e+08 0.0187522
2.23001e+08 0.0187382
2.23146e+08 0.0185573
2.23146e+08 0.0185573
2.23146e+08 0.0185573
2.23146e+08 0.0185573
2.23146e+08 0.0185573
2.23146e+08 0.0186126
2.38307e+08 0.0178598
2.38307e+08 0.0178691
2.38308e+08 0.0178839
2.38308e+08 0.0178839
2.38308e+08 0.0178949
2.38308e+08 0.0186107
2.38308e+08 0.0186108
2.38308e+08 0.0186109
2.38312e+08 0.0186593
2.3833e+08 0.0186649
2.3833e+08 0.0186651
2.38335e+08 0.0187041
2.38335e+08 0.0187041
2.38335e+08 0.0187445
2.38367e+08 0.0187063
2.38412e+08 0.0186526
2.38412e+08 0.0186526
2.38445e+08 0.0186392
2.38501e+08 0.0187332
2.38512e+08 0.0187332
2.38579e+08 0.0188281
2.38579e+08 0.0188281
2.38579e+08 0.0188281
2.38579e+08 0.0188281
2.38613e+08 0.0187873
2.38613e+08 0.0187873
2.54513e+08 0.0179305
2.54513e+08 0.0179305
2.54513e+08 0.0179305
2.54513e+08 0.0179305
2.54513e+08 0.0179305
2.54513e+08 0.0179305
2.54513e+08 0.0179305
2.54513e+08 0.0186201
2.54535e+08 0.0185945
2.54547e+08 0.0185869
2.54547e+08 0.0186072
2.54558e+08 0.0185944
2.54569e+08 0.0185875
2.54569e+08 0.0185875
2.54569e+08 0.0185875
2.54603e+08 0.0185855
2.54614e+08 0.0186239
2.54625e+08 0.0186111
2.54625e+08 0.0186497
2.54647e+08 0.0186884
2.54681e+08 0.0186626
2.54737e+08 0.0186755
2.54737e+08 0.0186755
2.54737e+08 0.0186755
2.54737e+08 0.0186755
2.54737e+08 0.0187143
2.54737e+08 0.0187143
2.71444e+08 0.017822
2.71511e+08 0.0177517
2.71511e+08 0.0177517
2.71511e+08 0.0177517
2.71523e+08 0.01774
2.7159e+08 0.0176703
2.71612e+08 0.0176472
2.71646e+08 0.0176126
2.71646e+08 0.0182649
2.71657e+08 0.0182769
2.71668e+08 0.0182769
2.7169e+08 0.018253
2.7169e+08 0.0182649
2.71713e+08 0.018253
2.71791e+08 0.0181701
2.71791e+08 0.0181701
2.71791e+08 0.0182056
2.71802e+08 0.0182056
2.71802e+08 0.0182174
2.71802e+08 0.0182174
2.71813e+08 0.0182293
2.71813e+08 0.018265
2.71824e+08 0.0183127
2.71847e+08 0.0182888
2.71892e+08 0.0182412
2.71892e+08 0.0182412
2.71903e+08 0.0182293
2.71903e+08 0.0182293
2.8889e+08 0.017937
2.8889e+08 0.0180062
2.8889e+08 0.0180062
2.88901e+08 0.0179946
2.88901e+08 0.0180062
2.88946e+08 0.0180293
2.89091e+08 0.0179025
2.89125e+08 0.0179025
2.89125e+08 0.0179025
2.89125e+08 0.017914
2.89125e+08 0.0185538
2.89125e+08 0.0185656
2.89125e+08 0.0185894
2.89125e+08 0.0185894
2.89136e+08 0.0186014
2.89147e+08 0.0186732
2.89192e+08 0.0186252
2.89192e+08 0.0186252
2.89203e+08 0.0186252
2.89203e+08 0.0186252
2.89248e+08 0.0185774
2.89259e+08 0.0185774
2.8927e+08 0.0185655
2.89304e+08 0.0185417
2.8936e+08 0.0185062
2.89393e+08 0.018518
2.89427e+08 0.0184826
2.89483e+08 0.0184356
2.89483e+08 0.0184356
3.07102e+08 0.0177956
3.07113e+08 0.0177857
3.07113e+08 0.0177857
3.07169e+08 0.0177421
3.0724e+08 0.017673
3.07274e+08 0.0176829
3.0742e+08 0.0176828
3.07576e+08 0.017565
3.07599e+08 0.0175438
3.07599e+08 0.0175438
3.07599e+08 0.0175438
3.07599e+08 0.0181487
3.07599e+08 0.0181487
3.0761e+08 0.0181377
3.0761e+08 0.0181377
3.07699e+08 0.0180613
3.07733e+08 0.0180396
3.07889e+08 0.0179318
3.07889e+08 0.0179318
3.07923e+08 0.0179104
3.07934e+08 0.0178997
3.08135e+08 0.0177514
3.08236e+08 0.0176677
3.08247e+08 0.0176677
3.08281e+08 0.0176677
3.08281e+08 0.0177199
3.08314e+08 0.0177199
3.08326e+08 0.0177408
3.08337e+08 0.0177829
3.08359e+08 0.0177618
3.26286e+08 0.0174776
3.26319e+08 0.0174563
3.26319e+08 0.0174563
3.26353e+08 0.0174767
3.26353e+08 0.017542
3.2642e+08 0.0175121
3.26733e+08 0.0173601
3.26755e+08 0.0174815
3.26755e+08 0.0175019
3.26755e+08 0.0175019
3.26755e+08 0.0175019
3.26755e+08 0.0175019
3.26755e+08 0.0175019
3.26755e+08 0.0180853
3.26778e+08 0.0180747
3.26778e+08 0.0180747
3.26789e+08 0.0181488
3.26789e+08 0.0181807
3.26878e+08 0.0182449
3.26901e+08 0.0182234
3.26901e+08 0.0182556
3.26901e+08 0.0182664
3.26979e+08 0.0183855
3.27091e+08 0.0183747
3.27169e+08 0.0183096
3.2718e+08 0.0183312
3.2718e+08 0.0183312
3.27236e+08 0.0183096
3.27292e+08 0.0182664
3.27292e+08 0.0182772
3.27292e+08 0.0182988
3.46024e+08 0.0175523
3.46102e+08 0.0175126
3.46102e+08 0.0175126
3.46113e+08 0.0175325
3.46113e+08 0.0175325
3.46225e+08 0.0174929
3.46382e+08 0.0176322
3.46404e+08 0.0176323
3.46404e+08 0.0176323
3.46404e+08 0.0176323
3.46404e+08 0.0176323
3.46404e+08 0.0176323
3.46404e+08 0.0176323
3.46404e+08 0.0176323
3.46404e+08 0.018201
3.46415e+08 0.0182114
3.46415e+08 0.0182114
3.46415e+08 0.0182218
3.46415e+08 0.0182218
3.46426e+08 0.0182947
3.46438e+08 0.0183052
3.4646e+08 0.0182843
3.46505e+08 0.0182426
3.46684e+08 0.0181495
3.46762e+08 0.0181805
3.46862e+08 0.0181599
3.46885e+08 0.0181496
3.46885e+08 0.0181496
3.47086e+08 0.0180167
3.47622e+08 0.0175909
3.48025e+08 0.0172495
3.48528e+08 0.016841
3.6622e+08 0.0177078
3.66265e+08 0.0177373
3.66265e+08 0.0177373
3.66265e+08 0.0177471
3.66265e+08 0.0177471
3.66298e+08 0.0178163
3.66611e+08 0.0176785
3.66611e+08 0.0176981
3.66645e+08 0.0176688
3.66645e+08 0.0176688
3.66645e+08 0.0176688
3.66645e+08 0.0176688
3.66645e+08 0.0176688
3.66645e+08 0.0176688
3.66645e+08 0.0176688
3.66656e+08 0.0176688
3.66656e+08 0.0182209
3.66667e+08 0.0182109
3.66667e+08 0.0182109
3.66678e+08 0.0182008
3.66678e+08 0.0182108
3.66801e+08 0.0181109
3.67248e+08 0.0177409
3.67327e+08 0.0177124
3.67472e+08 0.0177409
3.68556e+08 0.0169221
3.69025e+08 0.0166405
3.69025e+08 0.0166573
3.69092e+08 0.016607
3.69092e+08 0.0167589
3.69148e+08 0.017133
3.69372e+08 0.0172765
3.69584e+08 0.0175149
3.87445e+08 0.0173757
3.87959e+08 0.0169997
3.88172e+08 0.0168349
3.88261e+08 0.0167665
3.88261e+08 0.0167665
3.88261e+08 0.0167921
3.88619e+08 0.016758
3.88619e+08 0.016758
3.88619e+08 0.0167836
3.88619e+08 0.0167836
3.88619e+08 0.0167836
3.88619e+08 0.0167836
3.88686e+08 0.0167325
3.88686e+08 0.0167325
3.88686e+08 0.0167325
3.88686e+08 0.016741
3.88686e+08 0.016741
3.88831e+08 0.0171353
3.88932e+08 0.0170665
3.8901e+08 0.0170067
3.89245e+08 0.0168383
3.89245e+08 0.0168383
3.89535e+08 0.0167141
3.89614e+08 0.0169897
3.90027e+08 0.0167388
3.90329e+08 0.0166242
3.91212e+08 0.0167718
3.91502e+08 0.0169053
3.91502e+08 0.0169053
3.91502e+08 0.0169559
3.91502e+08 0.0169559
3.91547e+08 0.0169643
3.91592e+08 0.0171008
3.91625e+08 0.0172396
4.10102e+08 0.0167715
4.10258e+08 0.0170405
4.10414e+08 0.0170833
4.10414e+08 0.0171522
4.10414e+08 0.0171522
4.10493e+08 0.0170919
4.10772e+08 0.0171523
4.10772e+08 0.0171523
4.10873e+08 0.0170747
4.10873e+08 0.0170747
4.10873e+08 0.0170747
4.10873e+08 0.0170747
4.10873e+08 0.0171263
4.10873e+08 0.0171263
4.10873e+08 0.0171263
4.10873e+08 0.0171263
4.10873e+08 0.0171263
4.10873e+08 0.0172392
4.10873e+08 0.0173182
4.10873e+08 0.0178276
4.10873e+08 0.0178914
4.11286e+08 0.0177463
4.11666e+08 0.0174455
4.11968e+08 0.0174368
4.1218e+08 0.0173332
4.12337e+08 0.0175329
4.12493e+08 0.0176478
4.1294e+08 0.0180018
4.13086e+08 0.018123
4.13119e+08 0.0180949
4.13186e+08 0.0180389
4.13242e+08 0.0179925
4.13242e+08 0.0180296
4.13276e+08 0.0180389
4.13276e+08 0.0180668
4.3379e+08 0.0165127
4.3379e+08 0.0166225
4.33846e+08 0.0166939
4.33901e+08 0.0166541
4.33901e+08 0.0166541
4.3398e+08 0.0166542
4.34036e+08 0.0168142
4.34036e+08 0.0168142
4.34069e+08 0.0168628
4.34114e+08 0.0168303
4.3417e+08 0.01679
4.3417e+08 0.01679
4.3417e+08 0.01679
4.3417e+08 0.01679
4.3417e+08 0.01679
4.3417e+08 0.01679
4.3417e+08 0.01679
4.3417e+08 0.01679
4.34181e+08 0.0167819
4.34181e+08 0.0167819
4.34181e+08 0.0172614
4.34181e+08 0.0172614
4.34181e+08 0.0175732
4.34438e+08 0.017668
4.34583e+08 0.0177903
4.34628e+08 0.0179231
4.34717e+08 0.0179768
4.34908e+08 0.0179499
4.35277e+08 0.0180127
4.35355e+08 0.0180669
4.35355e+08 0.0180941
4.354e+08 0.0181123
4.35578e+08 0.0180126
4.35578e+08 0.0180126
4.35578e+08 0.0180397
4.3559e+08 0.0180307
4.5686e+08 0.0174395
4.56905e+08 0.0174057
4.56916e+08 0.0174395
4.56916e+08 0.0174818
4.5696e+08 0.0174479
4.5696e+08 0.0175073
4.5696e+08 0.01755
4.56994e+08 0.0175243
4.56994e+08 0.01755
4.57016e+08 0.0175671
4.57016e+08 0.01761
4.57016e+08 0.01761
4.57016e+08 0.01761
4.57016e+08 0.01761
4.57016e+08 0.01761
4.57061e+08 0.0175756
4.57061e+08 0.0175756
4.57061e+08 0.0175756
4.57061e+08 0.0175842
4.57061e+08 0.0175842
4.57061e+08 0.0175842
4.57061e+08 0.0175842
4.57061e+08 0.0180727
4.57117e+08 0.0180286
4.57117e+08 0.0182329
4.57195e+08 0.018287
4.57363e+08 0.0181881
4.57397e+08 0.0182329
4.57441e+08 0.0183505
4.57933e+08 0.018251
4.57944e+08 0.0183052
4.57944e+08 0.0183052
4.57956e+08 0.0183324
4.58023e+08 0.0184237
4.58213e+08 0.0182691
4.58291e+08 0.0182061
4.5847e+08 0.0180727
4.801e+08 0.0177928
4.80145e+08 0.0177928
4.80145e+08 0.0178014
4.80156e+08 0.0177928
4.80178e+08 0.01781
4.80201e+08 0.0177928
4.80201e+08 0.0177928
4.80201e+08 0.0178186
4.80223e+08 0.0178014
4.80223e+08 0.0178186
4.80223e+08 0.0178186
4.80245e+08 0.0178014
4.80245e+08 0.0178014
4.80245e+08 0.0178014
4.80245e+08 0.0178014
4.80245e+08 0.0178357
4.80257e+08 0.0178271
4.80257e+08 0.0178271
4.80257e+08 0.0178271
4.8029e+08 0.0178014
4.8029e+08 0.0178014
4.80324e+08 0.0177757
4.80335e+08 0.0177672
4.80335e+08 0.0182474
4.80715e+08 0.0179968
4.80715e+08 0.0179968
4.80748e+08 0.0180309
4.80927e+08 0.0180224
4.80927e+08 0.0180481
4.80983e+08 0.0180395
4.81464e+08 0.0180481
4.81542e+08 0.0179968
4.81542e+08 0.0179968
4.81542e+08 0.0180053
4.81754e+08 0.0178951
4.81777e+08 0.0180224
4.81777e+08 0.0180825
4.81788e+08 0.0182125
5.04327e+08 0.0175291
5.04372e+08 0.0175291
5.04372e+08 0.0175291
5.04394e+08 0.017521
5.04394e+08 0.0175371
5.04417e+08 0.0175371
5.04417e+08 0.0175371
5.04417e+08 0.0175371
5.04439e+08 0.0175372
5.04461e+08 0.017521
5.04462e+08 0.017521
5.04462e+08 0.0175372
5.04462e+08 0.0175372
5.04462e+08 0.0175372
5.04462e+08 0.0175372
5.04484e+08 0.017521
5.04484e+08 0.0175291
5.04484e+08 0.0175291
5.04484e+08 0.0175291
5.04484e+08 0.0175534
5.04506e+08 0.0175372
5.04596e+08 0.0174968
5.05032e+08 0.0171959
5.05065e+08 0.0171726
5.05065e+08 0.0176245
5.05412e+08 0.0176484
5.05412e+08 0.0176484
5.05423e+08 0.0176644
5.05501e+08 0.0177367
5.05524e+08 0.0177206
5.05602e+08 0.0177045
5.05758e+08 0.0179407
5.05758e+08 0.0179986
5.05758e+08 0.0179986
5.05758e+08 0.0179986
5.0577e+08 0.0181494
5.0577e+08 0.0181663
5.0577e+08 0.0181663
5.05781e+08 0.0181663
5.29894e+08 0.0170478
5.29917e+08 0.0170627
5.29939e+08 0.0170478
5.29984e+08 0.0170329
5.30006e+08 0.017018
5.30006e+08 0.0170329
5.30006e+08 0.0170329
5.30006e+08 0.0170329
5.30017e+08 0.0170403
5.30017e+08 0.0170552
5.3004e+08 0.0170403
5.3004e+08 0.0170403
5.30129e+08 0.0169809
5.30129e+08 0.0169809
5.30129e+08 0.0169809
5.30129e+08 0.0169957
5.30129e+08 0.0169957
5.30129e+08 0.0169957
5.30129e+08 0.0169957
5.3014e+08 0.0169883
5.3014e+08 0.0170031
5.30163e+08 0.0170477
5.30286e+08 0.017259
5.30297e+08 0.0172743
5.30297e+08 0.0172743
5.30342e+08 0.0174833
5.30342e+08 0.0179316
5.30342e+08 0.0179316
5.30342e+08 0.0179396
5.30342e+08 0.0179961
5.30375e+08 0.017988
5.30375e+08 0.0180448
5.30454e+08 0.018102
5.30487e+08 0.0180774
5.30487e+08 0.0180774
5.30554e+08 0.0180286
5.30554e+08 0.0180367
5.3061e+08 0.0179961
5.3061e+08 0.0179961
5.3061e+08 0.0180042
5.55153e+08 0.0176985
5.55153e+08 0.0177142
5.55153e+08 0.0177299
5.55153e+08 0.0177614
5.55153e+08 0.0177772
5.55153e+08 0.0177772
5.55153e+08 0.0177772
5.55153e+08 0.0177772
5.55153e+08 0.0177851
5.55153e+08 0.0177851
5.55153e+08 0.0178009
5.55153e+08 0.0178009
5.55153e+08 0.0178645
5.55153e+08 0.0178645
5.55153e+08 0.0178645
5.55153e+08 0.0178645
5.55153e+08 0.0178645
5.55153e+08 0.0178645
5.55153e+08 0.0178644
5.55164e+08 0.0178644
5.55164e+08 0.0178644
5.55164e+08 0.0178804
5.55332e+08 0.0178485
5.55432e+08 0.017785
5.55477e+08 0.0177534
5.55947e+08 0.017459
5.56014e+08 0.0174134
5.56014e+08 0.0178488
5.56125e+08 0.0177714
5.56125e+08 0.0177714
5.56125e+08 0.0177714
5.56394e+08 0.0176112
5.56394e+08 0.0176112
5.56505e+08 0.0175885
5.56528e+08 0.017596
5.56528e+08 0.017596
5.56528e+08 0.0176415
5.5655e+08 0.0176263
5.56561e+08 0.0176566
5.56561e+08 0.0176566
5.56561e+08 0.0176566
5.80889e+08 0.0178043
5.80922e+08 0.0177811
5.81012e+08 0.0177196
5.81012e+08 0.0177196
5.81067e+08 0.0176814
5.81067e+08 0.0176814
5.81067e+08 0.0176814
5.81067e+08 0.0176814
5.81112e+08 0.017651
5.81123e+08 0.0176434
5.81123e+08 0.0176434
5.81123e+08 0.0176434
5.81179e+08 0.0176055
5.81224e+08 0.0175753
5.81224e+08 0.0175753
5.81224e+08 0.0175754
5.8138e+08 0.0174705
5.81448e+08 0.017426
5.81716e+08 0.01725
5.81716e+08 0.0172573
5.81816e+08 0.0171922
5.81816e+08 0.0171922
5.82062e+08 0.0171419
5.82062e+08 0.0172066
5.82062e+08 0.0172356
5.82062e+08 0.0175454
5.82062e+08 0.0175905
5.82073e+08 0.017583
5.82073e+08 0.0176587
5.82073e+08 0.0180894
5.82073e+08 0.0180894
5.82073e+08 0.0180894
5.82074e+08 0.0182784
5.82085e+08 0.0182704
5.82107e+08 0.0183342
5.82107e+08 0.0183502
5.82107e+08 0.0183502
5.82118e+08 0.0183422
5.82163e+08 0.0183262
5.82241e+08 0.0182784
5.82275e+08 0.0182545
5.82342e+08 0.0182071
6.07515e+08 0.0176284
6.0756e+08 0.017621
6.07661e+08 0.0176136
6.07705e+08 0.0175841
6.07739e+08 0.0175988
6.07817e+08 0.0175474
6.08007e+08 0.0174236
6.0803e+08 0.0174092
6.0803e+08 0.0174381
6.08108e+08 0.0173947
6.08119e+08 0.0173875
6.0813e+08 0.0173803
6.08152e+08 0.0174019
6.08153e+08 0.0174308
6.08164e+08 0.0174236
6.08164e+08 0.0174236
6.08164e+08 0.0175254
6.08208e+08 0.01754
6.08231e+08 0.0177027
6.08231e+08 0.0177027
6.08242e+08 0.0177625
6.08253e+08 0.017755
6.08253e+08 0.0179217
6.08253e+08 0.0179217
6.08253e+08 0.0179217
6.08253e+08 0.0179217
6.08253e+08 0.0179217
6.08253e+08 0.0179294
6.08253e+08 0.0179294
6.08287e+08 0.0179064
6.0832e+08 0.0183094
6.08343e+08 0.0182938
6.08343e+08 0.0182938
6.08354e+08 0.018286
6.08354e+08 0.0182938
6.08454e+08 0.0182395
6.08454e+08 0.0182395
6.08522e+08 0.0181932
6.086e+08 0.0181471
6.086e+08 0.0181778
6.08633e+08 0.0182086
6.08633e+08 0.0182317
6.08633e+08 0.0182782
6.26319e+08 0.0255571
6.26331e+08 0.0256011
6.26352e+08 0.0257097
6.26365e+08 0.0257543
6.26365e+08 0.0258006
6.26375e+08 0.0258952
6.26421e+08 0.0260978
6.26432e+08 0.0261135
6.26442e+08 0.0260991
6.26443e+08 0.0262104
6.26443e+08 0.0262263
6.26443e+08 0.0262422
6.26443e+08 0.0262741
6.26455e+08 0.0262563
6.26455e+08 0.0262724
6.26465e+08 0.0262577
6.26477e+08 0.0262416
6.26477e+08 0.0263055
6.26477e+08 0.0263376
6.26477e+08 0.0263375
6.2649e+08 0.0263358
6.2649e+08 0.0263519
6.26501e+08 0.0263355
6.26501e+08 0.0263355
6.26511e+08 0.0263207
6.26511e+08 0.0263206
6.26511e+08 0.0263204
6.26534e+08 0.0262881
6.26534e+08 0.026288
6.26545e+08 0.02632
6.26545e+08 0.0263683
6.26557e+08 0.0263844
6.26557e+08 0.0269978
6.26557e+08 0.0269976
6.26557e+08 0.0270141
6.26557e+08 0.0270139
6.26568e+08 0.0271471
6.26591e+08 0.0271135
6.26591e+08 0.0272139
6.26603e+08 0.0273135
6.26603e+08 0.0273135
6.26615e+08 0.0273471
6.26615e+08 0.0273471
6.26615e+08 0.027347
6.34269e+08 0.0618492
6.34281e+08 0.0618581
6.34292e+08 0.0619367
