4.23083e+06 0.00264163
8.30401e+06 0.00274377
8.30402e+06 0.00548753
9.74722e+06 0.0154875
9.74723e+06 0.0154875
1.16659e+07 0.0116496
1.16659e+07 0.0174742
1.16659e+07 0.0174742
1.43811e+07 0.0123481
1.43811e+07 0.0123481
1.43811e+07 0.0164641
1.43811e+07 0.0164641
1.76404e+07 0.0137157
1.76404e+07 0.0137156
1.76405e+07 0.0137155
1.76405e+07 0.0137153
1.76406e+07 0.0171439
2.12098e+07 0.0156551
2.12098e+07 0.0156551
2.12098e+07 0.0156552
2.12098e+07 0.0156555
2.12098e+07 0.0156557
2.12099e+07 0.0187867
2.55011e+07 0.015626
2.55564e+07 0.0154271
2.55564e+07 0.0154271
2.55788e+07 0.0153482
2.57353e+07 0.0148175
2.57576e+07 0.0147446
2.57576e+07 0.017202
2.96605e+07 0.0188083
2.96605e+07 0.0190617
2.96606e+07 0.0190615
2.96606e+07 0.0191659
2.96606e+07 0.0199299
2.96606e+07 0.0200442
2.96718e+07 0.0199865
3.44419e+07 0.0163615
3.44419e+07 0.0186989
3.44419e+07 0.0186989
3.44419e+07 0.018699
3.44419e+07 0.018699
3.44419e+07 0.018699
3.44419e+07 0.018699
3.44644e+07 0.0186552
3.98653e+07 0.0164853
3.98653e+07 0.0164853
3.98653e+07 0.0185459
3.98989e+07 0.0184319
3.9899e+07 0.0184318
3.9899e+07 0.0184316
3.98991e+07 0.0184315
3.98991e+07 0.0184315
3.99104e+07 0.0184694
4.59312e+07 0.0165817
4.59312e+07 0.0165817
4.59312e+07 0.0165817
4.59313e+07 0.0166739
4.59313e+07 0.0185265
4.59313e+07 0.0185265
4.59314e+07 0.0185266
4.59537e+07 0.0184583
4.59537e+07 0.0184583
4.59539e+07 0.0184925
5.25029e+07 0.0170061
5.25029e+07 0.0170061
5.25141e+07 0.0169772
5.25141e+07 0.0169772
5.25142e+07 0.0169771
5.25142e+07 0.0186748
5.25142e+07 0.0186748
5.25143e+07 0.0186748
5.25143e+07 0.0187384
5.25143e+07 0.0187384
5.25703e+07 0.01858
5.97199e+07 0.0170341
5.97199e+07 0.0170341
5.97199e+07 0.0170605
5.97535e+07 0.0169815
5.97535e+07 0.0169815
5.97535e+07 0.0169815
5.97535e+07 0.0169816
5.97535e+07 0.0185253
5.97536e+07 0.0185253
5.97536e+07 0.0185253
5.97537e+07 0.0185252
5.97873e+07 0.0185826
6.74811e+07 0.0172795
6.74811e+07 0.0172795
6.74811e+07 0.0172795
6.75147e+07 0.0172795
6.75147e+07 0.0172795
6.75595e+07 0.0171805
6.75595e+07 0.0171805
6.75596e+07 0.0171803
6.75596e+07 0.0186119
6.75597e+07 0.0186119
6.75597e+07 0.0186119
6.75598e+07 0.0186119
6.75909e+07 0.018618
7.58747e+07 0.0173092
7.58747e+07 0.0173092
7.58747e+07 0.0173092
7.58748e+07 0.0173787
7.58748e+07 0.0173787
7.58748e+07 0.0174721
7.58748e+07 0.0174721
7.58973e+07 0.0174253
7.58973e+07 0.0174253
7.58973e+07 0.0187657
7.59533e+07 0.0186407
7.59533e+07 0.0186407
7.59645e+07 0.0186159
7.59871e+07 0.0186349
8.4968e+07 0.0172064
8.4968e+07 0.0172064
8.4968e+07 0.0172064
8.4968e+07 0.0172064
8.4968e+07 0.0172064
8.49681e+07 0.0172063
8.49681e+07 0.0172063
8.49907e+07 0.0172061
8.49907e+07 0.0172061
8.49907e+07 0.0172061
8.49908e+07 0.0173126
8.49908e+07 0.0185491
8.49908e+07 0.0185491
8.49909e+07 0.0185721
8.52482e+07 0.0181013
9.44239e+07 0.0177283
9.44239e+07 0.0177283
9.44239e+07 0.0177283
9.44463e+07 0.0176865
9.44464e+07 0.0176865
9.44912e+07 0.0176034
9.44912e+07 0.0176034
9.45361e+07 0.0175622
9.45361e+07 0.0175622
9.45361e+07 0.0175622
9.45362e+07 0.0175622
9.45362e+07 0.0175623
9.45362e+07 0.0187331
9.45362e+07 0.0187331
9.45362e+07 0.0187331
9.46594e+07 0.019
1.04705e+08 0.0173923
1.04705e+08 0.0173923
1.04705e+08 0.0173923
1.04705e+08 0.0174303
1.04716e+08 0.0174113
1.04716e+08 0.0174876
1.04716e+08 0.0174876
1.04806e+08 0.0174111
1.04817e+08 0.0173921
1.04829e+08 0.0173732
1.0484e+08 0.0173544
1.04851e+08 0.0173356
1.04851e+08 0.0173356
1.04851e+08 0.0173356
1.04873e+08 0.0183793
1.04885e+08 0.0183594
1.05105e+08 0.0181891
1.15399e+08 0.0177655
1.15399e+08 0.0177655
1.15399e+08 0.0177654
1.15455e+08 0.017673
1.15455e+08 0.0176913
1.15467e+08 0.0176729
1.15478e+08 0.0176545
1.15579e+08 0.0176361
1.1559e+08 0.017636
1.15601e+08 0.017636
1.15601e+08 0.0176543
1.15601e+08 0.0176726
1.15601e+08 0.0176726
1.15613e+08 0.0176543
1.15624e+08 0.0176726
1.15635e+08 0.0186928
1.15657e+08 0.0186734
1.15878e+08 0.0186729
1.26859e+08 0.0175546
1.26859e+08 0.0175546
1.26881e+08 0.0175204
1.26881e+08 0.0176061
1.26893e+08 0.0175888
1.26893e+08 0.017606
1.26893e+08 0.0176233
1.27038e+08 0.0175547
1.27195e+08 0.0173348
1.27195e+08 0.0173515
1.27217e+08 0.0173181
1.27246e+08 0.017275
1.27258e+08 0.0172584
1.27258e+08 0.0172749
1.27258e+08 0.0172915
1.27258e+08 0.017308
1.27258e+08 0.0173412
1.27258e+08 0.0183046
1.27835e+08 0.0177584
1.3866e+08 0.0179938
1.3866e+08 0.0179938
1.38727e+08 0.0179259
1.38772e+08 0.0178585
1.38817e+08 0.0178081
1.38817e+08 0.0178081
1.38817e+08 0.0178081
1.38974e+08 0.0177912
1.39141e+08 0.0177746
1.39153e+08 0.017758
1.39153e+08 0.0177913
1.39175e+08 0.0178011
1.39175e+08 0.0178179
1.39175e+08 0.0178179
1.39175e+08 0.017818
1.39175e+08 0.0178181
1.39175e+08 0.0178182
1.39175e+08 0.0178182
1.39175e+08 0.018756
1.39356e+08 0.0194011
1.51299e+08 0.0176848
1.5131e+08 0.0176691
1.51332e+08 0.0177318
1.51332e+08 0.0177949
1.51333e+08 0.0178584
1.51344e+08 0.0178425
1.51344e+08 0.0178425
1.51702e+08 0.0175605
1.51933e+08 0.0174731
1.51967e+08 0.0174426
1.51967e+08 0.0174426
1.51967e+08 0.0174731
1.51967e+08 0.0174731
1.51967e+08 0.0174731
1.51967e+08 0.0174731
1.52068e+08 0.0173368
1.52101e+08 0.0172918
1.52112e+08 0.0172769
1.52146e+08 0.0172322
1.52269e+08 0.0173096
1.52269e+08 0.0181751
1.64346e+08 0.0179879
1.64346e+08 0.0180033
1.64368e+08 0.0180033
1.64413e+08 0.0179418
1.64413e+08 0.0179418
1.64425e+08 0.0179418
1.64425e+08 0.0179418
1.64805e+08 0.017911
1.64962e+08 0.0180139
1.64962e+08 0.0180604
1.64973e+08 0.0180449
1.64973e+08 0.0180449
1.64984e+08 0.0180294
1.64984e+08 0.0180294
1.64996e+08 0.0180139
1.64996e+08 0.0181541
1.64996e+08 0.0182013
1.64996e+08 0.0182171
1.64996e+08 0.0182646
1.65063e+08 0.0183444
1.65063e+08 0.0183444
1.65342e+08 0.0188071
1.77464e+08 0.0187425
1.77464e+08 0.0187425
1.77464e+08 0.0187745
1.77475e+08 0.0188228
1.77476e+08 0.0188229
1.77476e+08 0.018839
1.77476e+08 0.018839
1.78059e+08 0.0185517
1.78124e+08 0.0186798
1.78158e+08 0.0186323
1.78214e+08 0.0185694
1.78225e+08 0.0185537
1.7846e+08 0.0182459
1.78549e+08 0.0181257
1.78594e+08 0.018081
1.78605e+08 0.0180661
1.78672e+08 0.0179775
1.78694e+08 0.0179481
1.78784e+08 0.0178317
1.78784e+08 0.0179189
1.7884e+08 0.0178462
1.78896e+08 0.0181405
1.91186e+08 0.0179186
1.91186e+08 0.0187331
1.91186e+08 0.0187331
1.91186e+08 0.0187331
1.91186e+08 0.0187484
1.91197e+08 0.0187331
1.91197e+08 0.0187332
1.91197e+08 0.0187332
1.91722e+08 0.018812
1.91851e+08 0.0187253
1.91851e+08 0.0187711
1.91879e+08 0.01881
1.91879e+08 0.0188254
1.91913e+08 0.019107
1.91913e+08 0.0192348
1.91913e+08 0.0192994
1.91946e+08 0.0192673
1.92047e+08 0.019219
1.92181e+08 0.0190598
1.92225e+08 0.0191232
1.9227e+08 0.0190598
1.92538e+08 0.0187643
1.92538e+08 0.0188411
2.05511e+08 0.017944
2.05511e+08 0.017944
2.05511e+08 0.0187242
2.05511e+08 0.0187242
2.05511e+08 0.0187242
2.05511e+08 0.0187242
2.05522e+08 0.0187241
2.05522e+08 0.0187242
2.05522e+08 0.0187242
2.06137e+08 0.0186081
2.06216e+08 0.0186726
2.06274e+08 0.018597
2.06274e+08 0.0186326
2.06328e+08 0.0185638
2.06328e+08 0.0186065
2.06395e+08 0.0185209
2.06417e+08 0.0184923
2.06428e+08 0.0185206
2.06473e+08 0.0185924
2.06562e+08 0.0186502
2.06562e+08 0.0187084
2.06562e+08 0.0187669
2.06618e+08 0.01905
2.06641e+08 0.0190198
2.20485e+08 0.0179121
2.20485e+08 0.0179121
2.20485e+08 0.0179121
2.20485e+08 0.017912
2.20485e+08 0.0186584
2.20485e+08 0.0186584
2.20485e+08 0.0186584
2.20496e+08 0.0186583
2.20496e+08 0.0186583
2.20496e+08 0.0186584
2.21112e+08 0.0186576
2.21112e+08 0.0187567
2.21169e+08 0.0187577
2.21169e+08 0.0187577
2.21169e+08 0.0188251
2.21182e+08 0.0188097
2.21182e+08 0.0188945
2.21191e+08 0.0189108
2.21204e+08 0.0189088
2.21204e+08 0.0189662
2.21227e+08 0.0190529
2.21227e+08 0.0190529
2.21227e+08 0.0190529
2.21271e+08 0.0190681
2.21326e+08 0.0190255
2.35951e+08 0.0180648
2.35951e+08 0.0180648
2.35951e+08 0.0180648
2.35951e+08 0.0180649
2.35951e+08 0.0180649
2.35951e+08 0.0187874
2.35951e+08 0.0187874
2.35951e+08 0.0187875
2.35974e+08 0.0187738
2.35974e+08 0.0187738
2.35974e+08 0.0187738
2.36634e+08 0.0187198
2.36634e+08 0.0187198
2.36679e+08 0.0187352
2.36679e+08 0.0187352
2.36679e+08 0.0187352
2.36679e+08 0.0187504
2.36679e+08 0.0187504
2.36681e+08 0.0187592
2.36724e+08 0.0187225
2.36724e+08 0.0187225
2.36736e+08 0.0187348
2.3676e+08 0.0187066
2.3676e+08 0.0187066
2.3676e+08 0.01876
2.36782e+08 0.0188005
2.52044e+08 0.0180562
2.52044e+08 0.0180562
2.52044e+08 0.0180562
2.52044e+08 0.0180562
2.52044e+08 0.0180562
2.52044e+08 0.0180562
2.52044e+08 0.0180562
2.52044e+08 0.0187506
2.52044e+08 0.0187506
2.52078e+08 0.0187375
2.52078e+08 0.0187376
2.52078e+08 0.0187375
2.52783e+08 0.0186856
2.52783e+08 0.0186856
2.52816e+08 0.0186986
2.52816e+08 0.0186986
2.52816e+08 0.0186986
2.52816e+08 0.0186986
2.52816e+08 0.0186986
2.52827e+08 0.0186884
2.52827e+08 0.0187384
2.52827e+08 0.0187385
2.52827e+08 0.0187526
2.52827e+08 0.0187798
2.52827e+08 0.0187799
2.52827e+08 0.0187799
2.52827e+08 0.0188054
2.68629e+08 0.0181944
2.68629e+08 0.0181944
2.68629e+08 0.0181944
2.68629e+08 0.0181944
2.68629e+08 0.0181944
2.68629e+08 0.0181944
2.68629e+08 0.0181944
2.68629e+08 0.0181944
2.68629e+08 0.0188682
2.68629e+08 0.0188682
2.68663e+08 0.0188682
2.68663e+08 0.0188682
2.68663e+08 0.0188682
2.69423e+08 0.0188048
2.69423e+08 0.0188048
2.6949e+08 0.018767
2.6949e+08 0.018767
2.6949e+08 0.018767
2.6949e+08 0.018767
2.6949e+08 0.018767
2.6949e+08 0.0187796
2.6949e+08 0.0187796
2.6949e+08 0.0187796
2.6949e+08 0.0187796
2.6949e+08 0.0187796
2.6949e+08 0.0187796
2.69513e+08 0.0187544
2.69513e+08 0.0187544
2.85806e+08 0.0182172
2.85806e+08 0.0182172
2.85806e+08 0.0182172
2.85806e+08 0.0182172
2.85806e+08 0.0182172
2.85806e+08 0.0182172
2.85806e+08 0.0182172
2.85806e+08 0.0182171
2.85806e+08 0.0182171
2.85806e+08 0.0182171
2.85806e+08 0.0188677
2.8584e+08 0.0188677
2.8584e+08 0.0188677
2.8584e+08 0.0188677
2.86657e+08 0.0188065
2.86657e+08 0.0188065
2.86679e+08 0.0188554
2.86679e+08 0.0188554
2.86679e+08 0.0188554
2.86701e+08 0.018831
2.86713e+08 0.0188187
2.86713e+08 0.0188188
2.86724e+08 0.0188065
2.86735e+08 0.0187944
2.86735e+08 0.0187944
2.86735e+08 0.0187944
2.86768e+08 0.0187579
2.86791e+08 0.0187579
2.86802e+08 0.0187458
3.03576e+08 0.0182384
3.03576e+08 0.0182384
3.03576e+08 0.0182384
3.03576e+08 0.0182384
3.03576e+08 0.0182384
3.03576e+08 0.0182384
3.03576e+08 0.0182384
3.03576e+08 0.0182384
3.03576e+08 0.0182384
3.03599e+08 0.0182154
3.0361e+08 0.018204
3.0361e+08 0.0188317
3.03621e+08 0.0188554
3.03621e+08 0.0188554
3.03621e+08 0.0188554
3.04494e+08 0.0187963
3.04494e+08 0.0187963
3.04505e+08 0.0188081
3.04505e+08 0.0188081
3.04505e+08 0.0188082
3.04606e+08 0.018726
3.04695e+08 0.0186445
3.04695e+08 0.0186445
3.04695e+08 0.0186561
3.0474e+08 0.0186214
3.0474e+08 0.0186214
3.0474e+08 0.0186214
3.0474e+08 0.0186561
3.0474e+08 0.0186793
3.04751e+08 0.0186793
3.21939e+08 0.0182584
3.21939e+08 0.0182584
3.21939e+08 0.0182584
3.21939e+08 0.0182584
3.2195e+08 0.0182473
3.21973e+08 0.0182251
3.21973e+08 0.0182251
3.21973e+08 0.0182251
3.21973e+08 0.018225
3.21973e+08 0.0182472
3.21973e+08 0.0182583
3.21973e+08 0.0182583
3.21996e+08 0.0182472
3.21996e+08 0.0188554
3.22007e+08 0.0188439
3.22007e+08 0.0188439
3.23002e+08 0.0187185
3.23002e+08 0.0187185
3.23014e+08 0.0187185
3.23036e+08 0.0186959
3.23036e+08 0.0186959
3.23036e+08 0.0187979
3.23036e+08 0.0188896
3.23081e+08 0.0188436
3.23103e+08 0.0188208
3.23181e+08 0.0187866
3.23193e+08 0.0187752
3.23204e+08 0.0187638
3.23215e+08 0.0187524
3.23215e+08 0.0187524
3.23215e+08 0.0187638
3.4094e+08 0.0182338
3.4094e+08 0.0182338
3.4094e+08 0.0182338
3.4094e+08 0.0182338
3.40973e+08 0.0182124
3.40973e+08 0.0182338
3.40973e+08 0.0182338
3.40973e+08 0.0182338
3.40973e+08 0.0182338
3.40973e+08 0.0182337
3.40974e+08 0.0182336
3.40974e+08 0.0182336
3.41007e+08 0.018223
3.41007e+08 0.018223
3.41007e+08 0.0188108
3.41019e+08 0.0188108
3.41019e+08 0.0188108
3.41973e+08 0.0188518
3.41973e+08 0.0188518
3.41973e+08 0.0188629
3.42129e+08 0.0187304
3.42129e+08 0.0187304
3.42185e+08 0.0186757
3.42241e+08 0.0186214
3.42252e+08 0.0186539
3.42264e+08 0.0186648
3.42264e+08 0.0187413
3.42264e+08 0.0187523
3.4232e+08 0.0187085
3.4232e+08 0.0187194
3.4232e+08 0.0187194
3.4232e+08 0.0187194
3.60637e+08 0.0181562
3.60637e+08 0.0181562
3.60637e+08 0.0181562
3.60637e+08 0.0181562
3.60637e+08 0.0181871
3.60637e+08 0.0181871
3.60637e+08 0.0181871
3.60637e+08 0.0181872
3.60637e+08 0.0181872
3.60637e+08 0.0181872
3.60637e+08 0.0181871
3.60637e+08 0.0181871
3.60682e+08 0.0181768
3.60682e+08 0.0181768
3.60682e+08 0.0181768
3.60694e+08 0.0181768
3.60694e+08 0.0187448
3.60694e+08 0.0187448
3.61813e+08 0.0185888
3.61813e+08 0.0185888
3.61813e+08 0.0185888
3.61891e+08 0.0186624
3.61891e+08 0.0186624
3.61925e+08 0.0186835
3.61947e+08 0.0187153
3.61947e+08 0.0187259
3.61981e+08 0.0187047
3.61981e+08 0.0187047
3.61981e+08 0.0187047
3.62014e+08 0.0187259
3.62037e+08 0.0187047
3.6207e+08 0.0186729
3.6207e+08 0.0186729
3.80902e+08 0.0181988
3.80902e+08 0.0181988
3.80902e+08 0.0181988
3.80902e+08 0.0181988
3.80902e+08 0.0181988
3.80902e+08 0.0181989
3.80902e+08 0.0181989
3.80902e+08 0.0181989
3.80902e+08 0.0181989
3.80902e+08 0.0181989
3.80936e+08 0.018169
3.80936e+08 0.018169
3.80959e+08 0.018189
3.80959e+08 0.018189
3.80959e+08 0.018189
3.80959e+08 0.018199
3.80959e+08 0.0181989
3.80959e+08 0.0187504
3.80959e+08 0.0187504
3.82042e+08 0.0187837
3.82054e+08 0.0187733
3.82054e+08 0.0187733
3.82109e+08 0.018794
3.82121e+08 0.0187837
3.82121e+08 0.0188148
3.82121e+08 0.0188357
3.82199e+08 0.0187629
3.823e+08 0.018701
3.823e+08 0.018701
3.823e+08 0.018701
3.823e+08 0.0187319
3.823e+08 0.0187526
3.82389e+08 0.018701
3.82389e+08 0.018701
4.01735e+08 0.0182392
4.01735e+08 0.0182392
4.01735e+08 0.0182392
4.01735e+08 0.0182392
4.01735e+08 0.0182392
4.01747e+08 0.0182294
4.01758e+08 0.0182196
4.01758e+08 0.0182196
4.01758e+08 0.0182196
4.01758e+08 0.0182196
4.01769e+08 0.0182392
4.01769e+08 0.0182392
4.01792e+08 0.0182393
4.01792e+08 0.0182393
4.01792e+08 0.0182393
4.01792e+08 0.0182393
4.01792e+08 0.0182393
4.01803e+08 0.0182295
4.01837e+08 0.0182002
4.01837e+08 0.0187355
4.03021e+08 0.0186451
4.03055e+08 0.0186253
4.03055e+08 0.0186253
4.03055e+08 0.018675
4.03055e+08 0.0186849
4.031e+08 0.0186451
4.03144e+08 0.0186054
4.032e+08 0.0186252
4.03513e+08 0.0184388
4.03625e+08 0.0183421
4.03625e+08 0.0183421
4.03737e+08 0.0182465
4.03815e+08 0.0181801
4.03815e+08 0.018256
4.03826e+08 0.0182465
4.23184e+08 0.0182367
4.23184e+08 0.0182367
4.23184e+08 0.0182367
4.23184e+08 0.0182367
4.23184e+08 0.0182367
4.23195e+08 0.0182367
4.23195e+08 0.0182462
4.23195e+08 0.0182462
4.23195e+08 0.0182462
4.23195e+08 0.0182462
4.23218e+08 0.0182367
4.23218e+08 0.0182367
4.23229e+08 0.0182462
4.23229e+08 0.0182462
4.23229e+08 0.0182462
4.23241e+08 0.0182368
4.23263e+08 0.0182178
4.23263e+08 0.0182273
4.23263e+08 0.0182558
4.23263e+08 0.0182558
4.23263e+08 0.0187774
4.24561e+08 0.018679
4.24594e+08 0.018679
4.2465e+08 0.0186306
4.24695e+08 0.0185921
4.24739e+08 0.0185538
4.24773e+08 0.0185634
4.24773e+08 0.0186017
4.24963e+08 0.0184871
4.25365e+08 0.0184114
4.25578e+08 0.0183271
4.256e+08 0.0183084
4.25679e+08 0.0183364
4.25723e+08 0.0183645
4.25723e+08 0.0183645
4.25746e+08 0.0183551
4.45227e+08 0.0182525
4.45227e+08 0.0182525
4.45227e+08 0.0182525
4.45227e+08 0.0182525
4.45227e+08 0.0182525
4.45227e+08 0.0182617
4.45227e+08 0.0182617
4.45227e+08 0.0182617
4.45249e+08 0.0182432
4.45249e+08 0.0182432
4.45261e+08 0.0182524
4.45261e+08 0.0182524
4.45272e+08 0.0182525
4.45283e+08 0.0182432
4.45294e+08 0.018234
4.45294e+08 0.0182433
4.45294e+08 0.0182618
4.45294e+08 0.0182618
4.45317e+08 0.0182432
4.4535e+08 0.0182156
4.4535e+08 0.0182155
4.46726e+08 0.0181516
4.4677e+08 0.0186182
4.4677e+08 0.0186464
4.46826e+08 0.0186463
4.46826e+08 0.018684
4.46938e+08 0.0186276
4.46983e+08 0.0186182
4.47028e+08 0.0185808
4.47396e+08 0.0184328
4.47598e+08 0.0185996
4.47911e+08 0.0185158
4.48022e+08 0.0184419
4.48078e+08 0.0184603
4.48123e+08 0.0184603
4.48123e+08 0.0184603
4.48134e+08 0.0184695
4.67739e+08 0.0183683
4.67739e+08 0.0183683
4.67739e+08 0.0183683
4.67739e+08 0.0183683
4.67739e+08 0.0183683
4.67761e+08 0.0183502
4.67761e+08 0.0183502
4.67761e+08 0.0183502
4.67772e+08 0.0183592
4.67772e+08 0.0183592
4.67784e+08 0.0183592
4.67784e+08 0.0183592
4.67817e+08 0.018341
4.67829e+08 0.018341
4.67829e+08 0.0183501
4.67829e+08 0.0183501
4.6784e+08 0.018341
4.67862e+08 0.0183228
4.67862e+08 0.018341
4.67862e+08 0.0183683
4.67862e+08 0.0183683
4.6945e+08 0.0181967
4.6945e+08 0.0182326
4.69484e+08 0.0186977
4.69562e+08 0.0186335
4.69819e+08 0.0184705
4.69953e+08 0.0183634
4.7002e+08 0.018399
4.70154e+08 0.018328
4.70188e+08 0.0183368
4.70266e+08 0.0185698
4.70288e+08 0.0187161
4.70758e+08 0.0185879
4.70758e+08 0.0186793
4.70758e+08 0.0187253
4.70769e+08 0.0187531
4.70769e+08 0.0187531
4.70803e+08 0.0187345
4.90866e+08 0.0183631
4.90866e+08 0.0183631
4.90866e+08 0.0183631
4.90866e+08 0.0183631
4.90866e+08 0.0183631
4.90866e+08 0.0183809
4.90866e+08 0.0183809
4.90877e+08 0.018372
4.90888e+08 0.0183719
4.90888e+08 0.0183719
4.90933e+08 0.0183453
4.90944e+08 0.0183365
4.90956e+08 0.0183542
4.90967e+08 0.0183542
4.90967e+08 0.0183542
4.90967e+08 0.0183542
4.90967e+08 0.0183631
4.90978e+08 0.018372
4.90978e+08 0.0183719
4.90978e+08 0.0183719
4.90978e+08 0.0183719
4.92722e+08 0.0182485
4.92722e+08 0.0182485
4.92722e+08 0.0182748
4.92879e+08 0.0186303
4.92979e+08 0.0186125
4.9308e+08 0.0187377
4.93259e+08 0.0187018
4.93259e+08 0.0187557
4.93259e+08 0.0188646
4.93382e+08 0.0187918
4.93516e+08 0.0187466
4.93583e+08 0.0187106
4.94008e+08 0.0187466
4.9403e+08 0.0187286
4.9403e+08 0.0187286
4.94086e+08 0.0186927
4.94086e+08 0.0186927
4.94153e+08 0.0186659
5.14574e+08 0.018384
5.14574e+08 0.0183839
5.14574e+08 0.0183839
5.14574e+08 0.0183839
5.14574e+08 0.0183839
5.14586e+08 0.0183753
5.14586e+08 0.0183753
5.14586e+08 0.0183839
5.14675e+08 0.0183235
5.14675e+08 0.0183235
5.14675e+08 0.018358
5.14675e+08 0.0183667
5.14675e+08 0.0183753
5.14675e+08 0.018384
5.14675e+08 0.018384
5.14675e+08 0.018384
5.14675e+08 0.018384
5.14675e+08 0.0183926
5.14687e+08 0.018384
5.14687e+08 0.0183839
5.14687e+08 0.0183839
5.17032e+08 0.0179292
5.17099e+08 0.0178798
5.17099e+08 0.0178798
5.17099e+08 0.0179953
5.17111e+08 0.018062
5.17111e+08 0.0185251
5.17111e+08 0.0186027
5.17312e+08 0.0185854
5.17401e+08 0.0185165
5.17468e+08 0.0184652
5.17647e+08 0.0184227
5.17893e+08 0.0183383
5.17949e+08 0.0183467
5.18542e+08 0.0182213
5.18597e+08 0.0181964
5.18698e+08 0.0181222
5.18776e+08 0.0181058
5.18821e+08 0.0180731
5.18821e+08 0.0181222
5.38885e+08 0.0183886
5.38918e+08 0.0183633
5.38918e+08 0.0183633
5.38918e+08 0.0183633
5.38941e+08 0.0183464
5.38941e+08 0.0183549
5.38952e+08 0.0183464
5.38974e+08 0.0183296
5.38974e+08 0.0183971
5.38975e+08 0.0183971
5.38975e+08 0.0183971
5.38975e+08 0.0183971
5.38986e+08 0.0183886
5.38986e+08 0.0183886
5.38986e+08 0.0183886
5.38986e+08 0.0183886
5.38986e+08 0.0183886
5.39012e+08 0.0183688
5.39023e+08 0.0183688
5.39067e+08 0.0183357
5.39067e+08 0.0183357
5.41746e+08 0.0180884
5.41891e+08 0.0180313
5.41903e+08 0.0180232
5.41914e+08 0.0180151
5.41914e+08 0.0180232
5.41914e+08 0.0180232
5.42014e+08 0.0183991
5.42014e+08 0.0183991
5.42339e+08 0.0183088
5.42484e+08 0.018268
5.42495e+08 0.0183088
5.42506e+08 0.0184323
5.42831e+08 0.0183744
5.42853e+08 0.0183992
5.43647e+08 0.0182518
5.43803e+08 0.0181789
5.43803e+08 0.0182518
5.44015e+08 0.0181548
5.44071e+08 0.0181467
5.44071e+08 0.0181467
5.64057e+08 0.0182029
5.64057e+08 0.0182271
5.64057e+08 0.0182271
5.64057e+08 0.0182271
5.64057e+08 0.0182433
5.64057e+08 0.0182433
5.64057e+08 0.0182514
5.64069e+08 0.0182595
5.64069e+08 0.0182596
5.64069e+08 0.0182596
5.64069e+08 0.0182596
5.64069e+08 0.0182596
5.64069e+08 0.0182677
5.64069e+08 0.0182677
5.64069e+08 0.0182677
5.64091e+08 0.0182515
5.64091e+08 0.0182515
5.64134e+08 0.0182398
5.64178e+08 0.0182155
5.64203e+08 0.0182293
5.64229e+08 0.0182108
5.67157e+08 0.0180317
5.67392e+08 0.0179685
5.67437e+08 0.0179449
5.67482e+08 0.0179214
5.67482e+08 0.0179214
5.67482e+08 0.0179214
5.67526e+08 0.0179606
5.67526e+08 0.0179606
5.67526e+08 0.0183987
5.67638e+08 0.0185531
5.68063e+08 0.0183505
5.68063e+08 0.0183585
5.68063e+08 0.0183665
5.68253e+08 0.0184635
5.68253e+08 0.0184797
5.69035e+08 0.0184878
5.69058e+08 0.018586
5.69058e+08 0.018586
5.69326e+08 0.0185449
5.69416e+08 0.0185204
5.69416e+08 0.0185204
5.89614e+08 0.0183662
5.89626e+08 0.0183582
5.89626e+08 0.0183582
5.89626e+08 0.0183582
5.89626e+08 0.0183582
5.89626e+08 0.0183581
5.89626e+08 0.0183582
5.89626e+08 0.0183662
5.89637e+08 0.0183582
5.89637e+08 0.0183582
5.89648e+08 0.0183502
5.89648e+08 0.0183502
5.89648e+08 0.0183502
5.89648e+08 0.0183502
5.89697e+08 0.0183151
5.89757e+08 0.0182884
5.90014e+08 0.018107
5.90216e+08 0.0179966
5.9045e+08 0.0178664
5.90506e+08 0.0178454
5.90506e+08 0.0178627
5.93569e+08 0.0177721
5.94083e+08 0.017586
5.94083e+08 0.0176155
5.9424e+08 0.017542
5.9424e+08 0.017542
5.94329e+08 0.0174835
5.94329e+08 0.0175127
5.94329e+08 0.0175127
5.94329e+08 0.0175127
5.94329e+08 0.0179297
5.94541e+08 0.0178626
5.94687e+08 0.0180501
5.94687e+08 0.0180501
5.94687e+08 0.0180501
5.94732e+08 0.0181491
5.94732e+08 0.0181491
5.95168e+08 0.0183898
5.95168e+08 0.0184055
5.95168e+08 0.0184055
5.95369e+08 0.0184529
5.95414e+08 0.0184846
5.95414e+08 0.0184846
6.16832e+08 0.017656
6.16832e+08 0.0176633
6.16832e+08 0.0176633
6.16832e+08 0.0176633
6.16832e+08 0.0176633
6.16832e+08 0.0176634
6.16832e+08 0.0176634
6.16844e+08 0.0176562
6.16844e+08 0.0176634
6.16844e+08 0.0176634
6.16877e+08 0.0176489
6.169e+08 0.0176345
6.169e+08 0.0176344
6.169e+08 0.0176344
6.169e+08 0.0176661
6.169e+08 0.0177051
6.16922e+08 0.0178595
6.16933e+08 0.0179866
6.16933e+08 0.0181459
6.16933e+08 0.0181843
6.16933e+08 0.0181843
6.17972e+08 0.0196928
6.18195e+08 0.0199307
6.1824e+08 0.0198937
6.18251e+08 0.020014
6.18251e+08 0.020014
6.18273e+08 0.0200699
6.18274e+08 0.0200698
6.18274e+08 0.0200697
6.18274e+08 0.0200696
6.18274e+08 0.0200696
6.18274e+08 0.0202488
6.18274e+08 0.0207197
6.18342e+08 0.0207877
6.18365e+08 0.0207679
6.18365e+08 0.0207679
6.18365e+08 0.0208071
6.18376e+08 0.0207972
6.18669e+08 0.0209233
6.1878e+08 0.0208252
6.18882e+08 0.0207358
6.19154e+08 0.0206742
6.19165e+08 0.0207033
6.19197e+08 0.0206756
6.26271e+08 0.0520959
6.26282e+08 0.0520405
6.26315e+08 0.0518565
