4.51028e+06 0.00247809
8.24928e+06 0.00298901
8.24928e+06 0.005978
9.86019e+06 0.0138752
9.86019e+06 0.0138752
1.14256e+07 0.0142788
1.14256e+07 0.0214182
1.14256e+07 0.0214182
1.37854e+07 0.0142078
1.37854e+07 0.0142078
1.37854e+07 0.0189437
1.38413e+07 0.0185055
1.64021e+07 0.0170837
1.64356e+07 0.0168676
1.65362e+07 0.0162508
1.65362e+07 0.0165877
1.65586e+07 0.0205641
2.00036e+07 0.0155155
2.01824e+07 0.0149139
2.02495e+07 0.0150486
2.02495e+07 0.0150486
2.02942e+07 0.0149584
2.02943e+07 0.01795
2.40522e+07 0.0165627
2.41192e+07 0.0170329
2.4164e+07 0.0171301
2.4164e+07 0.0171301
2.4164e+07 0.0173281
2.4164e+07 0.0173281
2.4164e+07 0.0202161
2.83236e+07 0.0183149
2.83572e+07 0.0184598
2.83683e+07 0.0186071
2.83683e+07 0.0186071
2.83684e+07 0.0186071
2.83684e+07 0.0186071
2.83796e+07 0.0185577
3.29982e+07 0.0167355
3.31211e+07 0.0186362
3.31211e+07 0.0187673
3.32888e+07 0.0181705
3.33223e+07 0.0180475
3.3367e+07 0.0178861
3.33782e+07 0.0178462
3.33894e+07 0.0178462
3.81373e+07 0.0173975
3.81708e+07 0.0177055
3.81931e+07 0.0198309
3.81932e+07 0.0198309
3.84726e+07 0.0194034
3.85843e+07 0.0191149
3.85844e+07 0.0192787
3.85844e+07 0.0193201
3.86067e+07 0.0192786
4.38679e+07 0.0175517
4.38679e+07 0.017655
4.39909e+07 0.0173487
4.39909e+07 0.0173487
4.39909e+07 0.0192763
4.41809e+07 0.0195781
4.4438e+07 0.0190921
4.44939e+07 0.0189116
4.45163e+07 0.0188403
4.45833e+07 0.0186994
5.03449e+07 0.0172548
5.03896e+07 0.0171365
5.05014e+07 0.0171659
5.05014e+07 0.0171659
5.05796e+07 0.0169621
5.06467e+07 0.0184703
5.07585e+07 0.01869
5.08032e+07 0.0193135
5.08367e+07 0.0193817
5.0982e+07 0.0190132
5.10156e+07 0.0191123
5.7333e+07 0.0175918
5.73331e+07 0.0177051
5.74001e+07 0.0178198
5.74337e+07 0.0177337
5.75566e+07 0.01762
5.77131e+07 0.0173971
5.77131e+07 0.0176767
5.77578e+07 0.0191605
5.79478e+07 0.0187708
5.79478e+07 0.0188593
5.81043e+07 0.0188296
5.81938e+07 0.0186831
6.50948e+07 0.0172783
6.50948e+07 0.0172783
6.50948e+07 0.0174289
6.50948e+07 0.0175052
6.51843e+07 0.0175821
6.51843e+07 0.0179504
6.5609e+07 0.0169849
6.56313e+07 0.0170331
6.56314e+07 0.0184525
6.56872e+07 0.0187723
6.57096e+07 0.0187181
6.61902e+07 0.0179678
6.61902e+07 0.0181688
7.33413e+07 0.0176179
7.35313e+07 0.0172211
7.35537e+07 0.0171756
7.36208e+07 0.0170405
7.36767e+07 0.0171078
7.36767e+07 0.0171078
7.37996e+07 0.0177381
7.39449e+07 0.0174758
7.39673e+07 0.0174289
7.39673e+07 0.0187696
7.39673e+07 0.0188963
7.4012e+07 0.0188454
7.4202e+07 0.019529
7.42021e+07 0.019529
8.28082e+07 0.0165274
8.28082e+07 0.0168659
8.28082e+07 0.0169066
8.28082e+07 0.01703
8.28417e+07 0.0170715
8.28418e+07 0.0170715
8.28753e+07 0.0172397
8.30094e+07 0.017261
8.30765e+07 0.0171763
8.30765e+07 0.0171763
8.30765e+07 0.0171763
8.30765e+07 0.0184031
8.32442e+07 0.0181581
8.35124e+07 0.0180056
8.35124e+07 0.0180056
9.24982e+07 0.0173
9.27777e+07 0.0168151
9.27777e+07 0.0168151
9.27777e+07 0.0168151
9.28559e+07 0.0167401
9.28895e+07 0.0166842
9.29006e+07 0.0167214
9.30459e+07 0.0167028
9.31577e+07 0.0166288
9.3303e+07 0.0163925
9.33924e+07 0.0162504
9.35489e+07 0.0160076
9.35489e+07 0.0170748
9.38842e+07 0.0168057
9.38842e+07 0.0172403
9.39513e+07 0.0171296
1.02861e+08 0.0172554
1.03666e+08 0.016423
1.03666e+08 0.016423
1.03811e+08 0.0162068
1.03811e+08 0.0163225
1.03878e+08 0.0162727
1.03878e+08 0.0162892
1.03956e+08 0.0163893
1.04068e+08 0.0163893
1.04392e+08 0.0161251
1.04526e+08 0.0160603
1.04549e+08 0.0162561
1.04571e+08 0.0162232
1.04783e+08 0.0164062
1.04783e+08 0.0174315
1.04817e+08 0.0173781
1.04817e+08 0.0174853
1.14293e+08 0.0166194
1.14717e+08 0.0171908
1.14785e+08 0.0170871
1.14785e+08 0.0173134
1.14885e+08 0.0171561
1.15265e+08 0.0166846
1.15276e+08 0.0166683
1.15455e+08 0.0165225
1.15455e+08 0.0166847
1.15455e+08 0.0171735
1.15556e+08 0.0172256
1.15712e+08 0.0170186
1.15712e+08 0.0170527
1.1578e+08 0.0172779
1.15791e+08 0.0172604
1.15791e+08 0.0182757
1.15791e+08 0.0183315
1.15791e+08 0.0183314
1.26955e+08 0.0158873
1.27145e+08 0.0161872
1.27145e+08 0.016275
1.27167e+08 0.0162457
1.27178e+08 0.0163638
1.2719e+08 0.0168699
1.2719e+08 0.0168858
1.27212e+08 0.0171105
1.27212e+08 0.0171105
1.27212e+08 0.0171105
1.27234e+08 0.0172251
1.27369e+08 0.0172581
1.27369e+08 0.0172581
1.27671e+08 0.0169174
1.27671e+08 0.0169333
1.27693e+08 0.0169015
1.27693e+08 0.0169015
1.27727e+08 0.0177903
1.27783e+08 0.0177074
1.39126e+08 0.0174466
1.39294e+08 0.0174787
1.39294e+08 0.0174787
1.39294e+08 0.0175109
1.39294e+08 0.017527
1.39294e+08 0.0175432
1.39294e+08 0.0175432
1.39294e+08 0.0175757
1.39294e+08 0.0175757
1.39294e+08 0.0175757
1.39338e+08 0.0175433
1.39551e+08 0.0174307
1.39551e+08 0.0174307
1.39886e+08 0.0173828
1.39897e+08 0.0173669
1.39897e+08 0.0173987
1.39897e+08 0.0173987
1.39897e+08 0.0174467
1.39897e+08 0.0183649
1.39897e+08 0.0184497
1.52129e+08 0.0171896
1.5233e+08 0.0171454
1.5233e+08 0.0171454
1.5233e+08 0.0171454
1.52375e+08 0.0170868
1.52431e+08 0.0170141
1.52464e+08 0.0169708
1.52487e+08 0.016942
1.52487e+08 0.016942
1.52487e+08 0.016942
1.52498e+08 0.0169852
1.52666e+08 0.0170429
1.52666e+08 0.0170429
1.52744e+08 0.0173837
1.52744e+08 0.0173989
1.52744e+08 0.0173989
1.52744e+08 0.0173989
1.52744e+08 0.0173989
1.52744e+08 0.0173989
1.52744e+08 0.0173989
1.52744e+08 0.0182688
1.65476e+08 0.0175834
1.65778e+08 0.0174518
1.65789e+08 0.0174373
1.65789e+08 0.0174373
1.65823e+08 0.0174518
1.65823e+08 0.0175246
1.65823e+08 0.0175686
1.65823e+08 0.017598
1.65823e+08 0.017598
1.65845e+08 0.0175686
1.65845e+08 0.0175833
1.65957e+08 0.0176573
1.65957e+08 0.0176573
1.6608e+08 0.0175982
1.6608e+08 0.0175982
1.66103e+08 0.0175687
1.66103e+08 0.0175687
1.66125e+08 0.0175394
1.66136e+08 0.0175247
1.66136e+08 0.0175247
1.66159e+08 0.0174955
1.66181e+08 0.0182981
1.79036e+08 0.0181324
1.79316e+08 0.0181622
1.79316e+08 0.0181772
1.79316e+08 0.0181772
1.7936e+08 0.0181623
1.7936e+08 0.0181623
1.79371e+08 0.0181473
1.79383e+08 0.0181323
1.79383e+08 0.0181323
1.79405e+08 0.0181323
1.79405e+08 0.0181323
1.79483e+08 0.0181773
1.79483e+08 0.0181773
1.79528e+08 0.0182831
1.79539e+08 0.0182679
1.79551e+08 0.0182831
1.79573e+08 0.0182527
1.79607e+08 0.0182376
1.79618e+08 0.0182376
1.79618e+08 0.0182376
1.79629e+08 0.0182527
1.79629e+08 0.018283
1.93064e+08 0.0175267
1.93075e+08 0.0183087
1.93299e+08 0.0183819
1.93299e+08 0.0183819
1.93299e+08 0.0183819
1.93299e+08 0.0184408
1.93299e+08 0.0184408
1.93299e+08 0.0184556
1.93322e+08 0.0184408
1.93355e+08 0.0183966
1.93478e+08 0.0182651
1.935e+08 0.0182361
1.93601e+08 0.0182072
1.93601e+08 0.0182072
1.93601e+08 0.0182652
1.93601e+08 0.0182797
1.93601e+08 0.0182942
1.93601e+08 0.0183234
1.93601e+08 0.0183673
1.93601e+08 0.018382
1.93601e+08 0.018382
1.93601e+08 0.0183966
1.93624e+08 0.0183672
2.07932e+08 0.017289
2.07932e+08 0.017302
2.07932e+08 0.0180543
2.0839e+08 0.0177734
2.08413e+08 0.0177472
2.08413e+08 0.0177472
2.08424e+08 0.017734
2.08435e+08 0.0177209
2.08435e+08 0.0177209
2.08435e+08 0.0177472
2.08435e+08 0.0177866
2.08446e+08 0.0179194
2.08446e+08 0.0179462
2.08469e+08 0.0180407
2.08469e+08 0.0180407
2.08469e+08 0.0180407
2.08469e+08 0.0180407
2.08469e+08 0.0180407
2.08469e+08 0.0180407
2.08469e+08 0.0180407
2.08469e+08 0.0180407
2.08469e+08 0.0180407
2.08581e+08 0.017906
2.0886e+08 0.0176039
2.2341e+08 0.0173289
2.23432e+08 0.0173039
2.23432e+08 0.0173039
2.23678e+08 0.0175444
2.23678e+08 0.0182754
2.23701e+08 0.0182754
2.23734e+08 0.0182354
2.23734e+08 0.0182487
2.23779e+08 0.0182087
2.23779e+08 0.0182087
2.23802e+08 0.0181822
2.23802e+08 0.0181822
2.23869e+08 0.0181164
2.23869e+08 0.0181164
2.23958e+08 0.0180379
2.24025e+08 0.0179602
2.2407e+08 0.0179087
2.2407e+08 0.0179087
2.24092e+08 0.0178831
2.24115e+08 0.0178575
2.24115e+08 0.0178575
2.24148e+08 0.0178193
2.24148e+08 0.0178193
2.24215e+08 0.0178703
2.2426e+08 0.0181427
2.3958e+08 0.017279
2.39658e+08 0.0172195
2.39658e+08 0.0172195
2.39904e+08 0.0172195
2.39904e+08 0.0172195
2.39926e+08 0.0178836
2.39926e+08 0.0179083
2.39938e+08 0.017933
2.3996e+08 0.0179083
2.40172e+08 0.0177251
2.40172e+08 0.0177251
2.40172e+08 0.0177493
2.40172e+08 0.0177493
2.40172e+08 0.0178223
2.40172e+08 0.0178223
2.40307e+08 0.0177736
2.40307e+08 0.0178468
2.40307e+08 0.0178959
2.40307e+08 0.0178959
2.40307e+08 0.0179206
2.40318e+08 0.017933
2.40318e+08 0.017933
2.40318e+08 0.0179701
2.4034e+08 0.0179453
2.40385e+08 0.0179701
2.4043e+08 0.0179701
2.56289e+08 0.0173902
2.56356e+08 0.0174018
2.56389e+08 0.0173669
2.56703e+08 0.0172975
2.56703e+08 0.0172975
2.56747e+08 0.0172745
2.56758e+08 0.0172631
2.56758e+08 0.017927
2.56781e+08 0.0179151
2.56781e+08 0.0179389
2.56859e+08 0.0180831
2.56859e+08 0.0180831
2.5687e+08 0.018071
2.56882e+08 0.0180589
2.56882e+08 0.0180589
2.56882e+08 0.0180589
2.5696e+08 0.0181195
2.5696e+08 0.0181195
2.5696e+08 0.0181195
2.5696e+08 0.0181195
2.56994e+08 0.0180831
2.57016e+08 0.018071
2.57016e+08 0.018071
2.57016e+08 0.018071
2.57016e+08 0.0180952
2.57094e+08 0.0180589
2.57094e+08 0.0181073
2.73653e+08 0.0173771
2.73732e+08 0.0173658
2.73732e+08 0.0173994
2.73922e+08 0.0175237
2.73922e+08 0.0175237
2.73956e+08 0.0175351
2.73956e+08 0.0175465
2.73978e+08 0.0175237
2.73978e+08 0.0181727
2.74012e+08 0.0181609
2.74012e+08 0.0181609
2.74067e+08 0.0181845
2.74067e+08 0.0181845
2.74079e+08 0.0181845
2.7409e+08 0.0181845
2.74112e+08 0.0181609
2.74112e+08 0.0181609
2.74224e+08 0.0181256
2.74224e+08 0.0181256
2.74224e+08 0.0181256
2.74247e+08 0.0181021
2.74247e+08 0.0181373
2.74247e+08 0.0181609
2.74258e+08 0.0181491
2.74258e+08 0.0181491
2.74258e+08 0.0181491
2.74325e+08 0.0181609
2.74426e+08 0.0180555
2.91568e+08 0.0174672
2.9168e+08 0.0174345
2.9168e+08 0.0174345
2.91871e+08 0.0174345
2.91871e+08 0.0174345
2.91871e+08 0.0174671
2.91871e+08 0.0174671
2.91893e+08 0.0174671
2.91893e+08 0.0174671
2.91893e+08 0.0174999
2.91893e+08 0.0181249
2.91915e+08 0.0181022
2.91927e+08 0.0181476
2.91927e+08 0.0181476
2.91927e+08 0.0181589
2.91927e+08 0.0181703
2.9196e+08 0.0181589
2.9196e+08 0.0181589
2.92229e+08 0.018001
2.92229e+08 0.018001
2.92229e+08 0.018001
2.92229e+08 0.0180234
2.92229e+08 0.0180234
2.92229e+08 0.0180234
2.92229e+08 0.0180346
2.92229e+08 0.0180346
2.92262e+08 0.018001
2.92285e+08 0.0180458
2.92341e+08 0.018091
3.10189e+08 0.0174055
3.10357e+08 0.0173534
3.10357e+08 0.0173534
3.10536e+08 0.0173638
3.10536e+08 0.0173638
3.10547e+08 0.0173534
3.10558e+08 0.017343
3.10558e+08 0.0173638
3.10558e+08 0.0173638
3.10558e+08 0.0173638
3.10581e+08 0.017343
3.10581e+08 0.017941
3.10581e+08 0.0179625
3.10603e+08 0.0179518
3.10603e+08 0.0179518
3.10603e+08 0.0179518
3.10603e+08 0.0179518
3.10603e+08 0.0179841
3.10603e+08 0.0179841
3.10715e+08 0.0181363
3.10715e+08 0.0181363
3.10715e+08 0.0181363
3.10726e+08 0.0181253
3.10726e+08 0.0181253
3.10749e+08 0.0181035
3.10749e+08 0.0181035
3.10771e+08 0.0180816
3.10794e+08 0.0180925
3.10917e+08 0.0179948
3.10917e+08 0.0180489
3.29253e+08 0.0175871
3.29376e+08 0.0176284
3.29398e+08 0.0176077
3.29555e+08 0.0176284
3.29555e+08 0.0176284
3.29589e+08 0.0176077
3.29622e+08 0.017587
3.29622e+08 0.017587
3.29622e+08 0.017587
3.29645e+08 0.0175664
3.29645e+08 0.017587
3.29645e+08 0.017587
3.29667e+08 0.0175664
3.29667e+08 0.018152
3.29667e+08 0.0181732
3.29667e+08 0.0181732
3.29667e+08 0.0181732
3.29667e+08 0.0181732
3.29667e+08 0.0181732
3.29667e+08 0.0181732
3.2988e+08 0.0180778
3.2988e+08 0.0180778
3.2988e+08 0.0180778
3.2988e+08 0.0180884
3.2988e+08 0.0180884
3.2988e+08 0.0181095
3.2988e+08 0.0181095
3.2988e+08 0.0181307
3.29891e+08 0.0181414
3.29958e+08 0.0181946
3.29958e+08 0.0181946
3.49028e+08 0.0175194
3.49174e+08 0.0174996
3.49196e+08 0.0174997
3.49408e+08 0.0174505
3.49431e+08 0.0174307
3.49464e+08 0.0174307
3.4952e+08 0.0174111
3.4952e+08 0.0174111
3.4952e+08 0.0174111
3.49521e+08 0.0174307
3.49521e+08 0.0174307
3.49532e+08 0.0174209
3.49532e+08 0.0174405
3.49554e+08 0.0174209
3.49554e+08 0.0179828
3.49565e+08 0.0179728
3.49565e+08 0.0179728
3.49565e+08 0.0179728
3.49565e+08 0.0179728
3.49565e+08 0.0179728
3.49565e+08 0.0179728
3.49689e+08 0.018054
3.49689e+08 0.018054
3.49689e+08 0.018054
3.49689e+08 0.018054
3.49689e+08 0.018054
3.49689e+08 0.018054
3.49711e+08 0.0180336
3.49711e+08 0.0180336
3.49711e+08 0.0180438
3.49767e+08 0.0180539
3.49767e+08 0.0180539
3.68998e+08 0.0179082
3.69367e+08 0.0177099
3.69367e+08 0.0177295
3.69435e+08 0.0178581
3.6949e+08 0.0178283
3.69524e+08 0.0178283
3.6958e+08 0.0178284
3.6958e+08 0.0178283
3.69591e+08 0.0178184
3.69591e+08 0.0178184
3.69591e+08 0.0178184
3.69591e+08 0.0178283
3.69614e+08 0.0178085
3.6967e+08 0.0177788
3.6967e+08 0.0177787
3.69681e+08 0.0177787
3.69703e+08 0.018314
3.69703e+08 0.018314
3.69703e+08 0.0183139
3.69703e+08 0.0183139
3.69703e+08 0.0183139
3.69703e+08 0.0183139
3.69793e+08 0.0183446
3.69793e+08 0.0183446
3.69793e+08 0.0183446
3.69793e+08 0.0183446
3.69793e+08 0.0183446
3.69793e+08 0.0183446
3.69793e+08 0.018365
3.69793e+08 0.018365
3.69793e+08 0.018365
3.69882e+08 0.0183344
3.69882e+08 0.0183344
3.89726e+08 0.017793
3.89905e+08 0.0179576
3.89905e+08 0.0179576
3.90061e+08 0.0178798
3.90073e+08 0.0179187
3.90095e+08 0.0179284
3.90151e+08 0.0179283
3.90162e+08 0.0179186
3.90162e+08 0.0179284
3.90173e+08 0.0179186
3.90173e+08 0.0179186
3.90218e+08 0.0178797
3.90252e+08 0.0178701
3.90274e+08 0.0178992
3.90274e+08 0.0178992
3.90274e+08 0.0179089
3.90274e+08 0.0179284
3.90285e+08 0.0184616
3.90319e+08 0.0184316
3.90319e+08 0.0184316
3.9033e+08 0.0184216
3.9033e+08 0.0184216
3.9033e+08 0.0184216
3.90464e+08 0.0183818
3.90487e+08 0.0183619
3.90487e+08 0.0183619
3.90498e+08 0.018352
3.90498e+08 0.018352
3.90498e+08 0.018352
3.90498e+08 0.018352
3.90509e+08 0.0183421
3.90509e+08 0.0183421
3.90599e+08 0.0183421
3.90599e+08 0.0183421
4.1067e+08 0.0181425
4.10905e+08 0.0180942
4.10905e+08 0.0180942
4.10972e+08 0.0181716
4.10972e+08 0.0181813
4.11084e+08 0.0181038
4.11106e+08 0.0181328
4.11106e+08 0.0181425
4.11106e+08 0.0181425
4.11106e+08 0.0181522
4.11106e+08 0.0181522
4.1114e+08 0.0181619
4.1114e+08 0.0181911
4.11151e+08 0.0182008
4.11151e+08 0.0182008
4.11151e+08 0.0182008
4.11151e+08 0.0182008
4.11151e+08 0.0182105
4.11151e+08 0.0182398
4.11151e+08 0.0187763
4.11151e+08 0.0187763
4.11174e+08 0.0187662
4.11174e+08 0.0187662
4.11174e+08 0.0187662
4.11308e+08 0.0187662
4.11308e+08 0.0187864
4.11308e+08 0.0187864
4.11308e+08 0.0187965
4.11308e+08 0.0187965
4.11308e+08 0.0187965
4.11308e+08 0.0187965
4.11319e+08 0.0187965
4.1133e+08 0.0187864
4.11521e+08 0.0186961
4.11554e+08 0.0186662
4.32508e+08 0.0179114
4.32687e+08 0.0179576
4.32743e+08 0.0179116
4.32743e+08 0.0179668
4.32765e+08 0.0179483
4.32877e+08 0.0179483
4.32889e+08 0.0179576
4.32889e+08 0.0179576
4.32889e+08 0.0179576
4.32889e+08 0.0179576
4.32889e+08 0.0179576
4.329e+08 0.017976
4.329e+08 0.017976
4.32911e+08 0.017976
4.32911e+08 0.017976
4.32911e+08 0.017976
4.32911e+08 0.017976
4.32911e+08 0.017976
4.32911e+08 0.017976
4.32922e+08 0.0179668
4.32922e+08 0.0184801
4.32922e+08 0.0184801
4.32933e+08 0.0184896
4.32933e+08 0.0184896
4.32933e+08 0.0184896
4.33012e+08 0.0185372
4.33012e+08 0.0185372
4.33023e+08 0.0185277
4.33023e+08 0.0185277
4.33034e+08 0.0185181
4.33034e+08 0.0185181
4.33034e+08 0.0185181
4.33034e+08 0.0185277
4.33034e+08 0.0185372
4.33124e+08 0.0186235
4.33124e+08 0.0186525
4.54723e+08 0.0181106
4.54802e+08 0.018193
4.5488e+08 0.0181746
4.5488e+08 0.0181746
4.54891e+08 0.0181837
4.5497e+08 0.0182113
4.5497e+08 0.0182206
4.5497e+08 0.0182206
4.54981e+08 0.0182113
4.55003e+08 0.0181929
4.55026e+08 0.0181746
4.55048e+08 0.0181654
4.55048e+08 0.0181654
4.55082e+08 0.018147
4.55082e+08 0.0181471
4.55082e+08 0.0181471
4.55082e+08 0.0181471
4.55082e+08 0.0181471
4.55082e+08 0.0181471
4.55082e+08 0.0181562
4.55093e+08 0.0181471
4.55093e+08 0.0181471
4.55093e+08 0.0186511
4.55093e+08 0.0186605
4.55093e+08 0.0186605
4.55093e+08 0.0186605
4.55182e+08 0.0186511
4.55182e+08 0.0186511
4.55182e+08 0.0186605
4.55182e+08 0.0186605
4.55182e+08 0.01867
4.55182e+08 0.01867
4.55182e+08 0.01867
4.55183e+08 0.01867
4.55183e+08 0.01867
4.55216e+08 0.0187172
4.55228e+08 0.0187077
4.77689e+08 0.0180058
4.77778e+08 0.0179971
4.77845e+08 0.0180059
4.77879e+08 0.0179796
4.77879e+08 0.0179884
4.77935e+08 0.0180059
4.77935e+08 0.0180059
4.77935e+08 0.0180059
4.77935e+08 0.0180146
4.77935e+08 0.0180322
4.77935e+08 0.0180498
4.77957e+08 0.0180498
4.77991e+08 0.0180234
4.78058e+08 0.0179971
4.78069e+08 0.0179883
4.7808e+08 0.0179796
4.78092e+08 0.0179709
4.78092e+08 0.0179709
4.78092e+08 0.0179708
4.78092e+08 0.0179708
4.78092e+08 0.0179796
4.78092e+08 0.0179796
4.78092e+08 0.0179796
4.78092e+08 0.0184655
4.78092e+08 0.0184655
4.78103e+08 0.0184565
4.78103e+08 0.0184565
4.78148e+08 0.0184925
4.78181e+08 0.0184655
4.78181e+08 0.0184655
4.78181e+08 0.0184655
4.78192e+08 0.0184565
4.78192e+08 0.0184565
4.78192e+08 0.0184565
4.78204e+08 0.0184476
4.78204e+08 0.0184476
4.78226e+08 0.0184566
4.78226e+08 0.0184655
5.01184e+08 0.018075
5.01263e+08 0.0180835
5.01307e+08 0.0181008
5.01319e+08 0.0181181
5.01319e+08 0.0181181
5.01431e+08 0.0180749
5.01431e+08 0.0180749
5.01431e+08 0.0180749
5.01431e+08 0.0180749
5.01431e+08 0.0180749
5.01431e+08 0.0180749
5.01475e+08 0.0180577
5.01475e+08 0.0180835
5.01531e+08 0.0180921
5.01531e+08 0.0181007
5.01531e+08 0.0181093
5.01531e+08 0.018118
5.01554e+08 0.0181007
5.01576e+08 0.0180835
5.01587e+08 0.0180749
5.01599e+08 0.0180663
5.01621e+08 0.0180491
5.01621e+08 0.0180491
5.01621e+08 0.0180491
5.01621e+08 0.0185241
5.01621e+08 0.0185241
5.01621e+08 0.0185329
5.01621e+08 0.0185329
5.01699e+08 0.0185065
5.01699e+08 0.0185329
5.01699e+08 0.0185329
5.01699e+08 0.0185329
5.01699e+08 0.0185417
5.01699e+08 0.0185417
5.01699e+08 0.0185417
5.01699e+08 0.0185505
5.01699e+08 0.0185506
5.01733e+08 0.0185417
5.01733e+08 0.0185417
5.25322e+08 0.0180571
5.25423e+08 0.0180404
5.25456e+08 0.0180488
5.25501e+08 0.0180237
5.25501e+08 0.0180237
5.25613e+08 0.0180238
5.25613e+08 0.0180238
5.25613e+08 0.0180238
5.25635e+08 0.0180071
5.25647e+08 0.0179988
5.25647e+08 0.0179988
5.25714e+08 0.0179822
5.25725e+08 0.0179739
5.2577e+08 0.0179822
5.2577e+08 0.0179822
5.25781e+08 0.0179739
5.25781e+08 0.0179739
5.25781e+08 0.0179905
5.25781e+08 0.0180071
5.25781e+08 0.0180154
5.25781e+08 0.0180237
5.25781e+08 0.0180404
5.25781e+08 0.0180404
5.25781e+08 0.0180404
5.25781e+08 0.0180404
5.25781e+08 0.0180404
5.25781e+08 0.0185029
5.25792e+08 0.0184944
5.25792e+08 0.0184944
5.25871e+08 0.0184944
5.25871e+08 0.0184944
5.25882e+08 0.0184858
5.25893e+08 0.0184773
5.25893e+08 0.0184773
5.25927e+08 0.0184517
5.25927e+08 0.0184517
5.25927e+08 0.0184517
5.25927e+08 0.0184517
5.25972e+08 0.0184433
5.25972e+08 0.0184433
5.49969e+08 0.0181377
5.5007e+08 0.0181377
5.5007e+08 0.0181624
5.50159e+08 0.0181295
5.50159e+08 0.0181295
5.50316e+08 0.0180966
5.50327e+08 0.0180884
5.5036e+08 0.0180639
5.50372e+08 0.0180721
5.50372e+08 0.0180802
5.50372e+08 0.0180802
5.5045e+08 0.0180721
5.50472e+08 0.0180639
5.50517e+08 0.0180639
5.50517e+08 0.0180639
5.50517e+08 0.0180721
5.50517e+08 0.0180721
5.50517e+08 0.0180721
5.50517e+08 0.0180721
5.50528e+08 0.0180639
5.50528e+08 0.0180639
5.50528e+08 0.0180639
5.50528e+08 0.0180639
5.50528e+08 0.0180639
5.50528e+08 0.0180639
5.50528e+08 0.0180639
5.50528e+08 0.0180639
5.50528e+08 0.0185155
5.5054e+08 0.0185155
5.5054e+08 0.0185155
5.50584e+08 0.0185406
5.50585e+08 0.0185406
5.50585e+08 0.018549
5.50585e+08 0.0185574
5.50585e+08 0.0185574
5.50585e+08 0.0185827
5.50585e+08 0.0185826
5.50596e+08 0.0185742
5.50596e+08 0.0185742
5.50697e+08 0.0185323
5.50697e+08 0.0185323
5.75076e+08 0.0182505
5.75154e+08 0.0182667
5.75154e+08 0.0182667
5.75188e+08 0.0183075
5.75188e+08 0.0183075
5.75501e+08 0.0181938
5.75501e+08 0.0182018
5.75579e+08 0.0181695
5.75601e+08 0.0181615
5.75635e+08 0.0181374
5.75646e+08 0.0181294
5.75691e+08 0.0181535
5.75713e+08 0.0181534
5.75758e+08 0.0181534
5.75758e+08 0.0181534
5.75758e+08 0.0181534
5.75758e+08 0.0181534
5.75758e+08 0.0181534
5.75758e+08 0.0181534
5.75758e+08 0.0181615
5.75758e+08 0.0181615
5.75758e+08 0.0181615
5.75758e+08 0.0181615
5.75758e+08 0.0181615
5.75758e+08 0.0181615
5.75781e+08 0.0181454
5.75781e+08 0.0181454
5.75781e+08 0.0181454
5.75781e+08 0.0181535
5.75781e+08 0.0185962
5.75781e+08 0.0185962
5.75837e+08 0.018588
5.75837e+08 0.018588
5.75837e+08 0.018588
5.75837e+08 0.018588
5.75837e+08 0.018588
5.75837e+08 0.018588
5.75837e+08 0.018588
5.75837e+08 0.0185962
5.75848e+08 0.018588
5.75882e+08 0.0186375
5.75882e+08 0.0186375
6.01009e+08 0.0180994
6.01009e+08 0.0181542
6.01009e+08 0.0181542
6.01021e+08 0.0181699
6.01021e+08 0.0181699
6.01278e+08 0.0182093
6.01289e+08 0.0182014
6.01423e+08 0.0181621
6.01423e+08 0.0181778
6.01446e+08 0.0181857
6.01446e+08 0.0181936
6.01502e+08 0.0181856
6.01535e+08 0.0181778
6.01591e+08 0.0181699
6.01603e+08 0.018162
6.01603e+08 0.018162
6.01603e+08 0.018162
6.01603e+08 0.018162
6.01603e+08 0.018162
6.01603e+08 0.018162
6.01625e+08 0.0181464
6.01625e+08 0.0181464
6.01625e+08 0.0181464
6.01625e+08 0.0181464
6.01625e+08 0.0181464
6.01625e+08 0.018162
6.01625e+08 0.018162
6.01625e+08 0.018162
6.01625e+08 0.018162
6.01625e+08 0.018162
6.01625e+08 0.0185945
6.01625e+08 0.0185944
6.0167e+08 0.0186025
6.0167e+08 0.0186025
6.0167e+08 0.0186025
6.0167e+08 0.0186025
6.0167e+08 0.0186025
6.0167e+08 0.0186025
6.0167e+08 0.0186025
6.0167e+08 0.0186025
6.0167e+08 0.0186105
6.01715e+08 0.0186025
6.01715e+08 0.0186025
6.25742e+08 0.0194305
6.25742e+08 0.0194305
6.25842e+08 0.0193518
6.25842e+08 0.0193605
6.25842e+08 0.0193605
6.26223e+08 0.0192652
6.26223e+08 0.0192738
6.2629e+08 0.0193258
6.2629e+08 0.0193258
6.2639e+08 0.0192651
6.26491e+08 0.0191877
6.26491e+08 0.0192307
6.26525e+08 0.0192307
6.26525e+08 0.0192739
6.26525e+08 0.0192825
6.26525e+08 0.0192825
6.26525e+08 0.0192825
6.26525e+08 0.0192825
6.26525e+08 0.0192825
6.26648e+08 0.0191878
6.26648e+08 0.019205
6.26648e+08 0.019205
6.26648e+08 0.019205
6.26648e+08 0.019205
6.26648e+08 0.019205
6.26648e+08 0.019205
6.26648e+08 0.019205
6.26648e+08 0.019205
6.26648e+08 0.019205
6.26648e+08 0.019205
6.26648e+08 0.019205
6.26648e+08 0.019205
6.26648e+08 0.0196516
6.26659e+08 0.019678
6.26659e+08 0.019678
6.26659e+08 0.019678
6.26659e+08 0.019678
6.26659e+08 0.019678
6.26659e+08 0.019678
6.26659e+08 0.019678
6.26682e+08 0.0196603
6.26682e+08 0.0196603
6.26738e+08 0.0196515
6.26738e+08 0.0196515
6.33456e+08 0.0637434
6.33456e+08 0.0637434
6.33456e+08 0.0645854
