4.21091e+06 0.00265429
8.36298e+06 0.00269164
8.36299e+06 0.00538327
9.56545e+06 0.0185882
9.59898e+06 0.0180841
1.21366e+07 0.00869322
1.21366e+07 0.0130398
1.21366e+07 0.013212
1.4496e+07 0.0142106
1.4496e+07 0.0142106
1.4496e+07 0.0189472
1.4496e+07 0.0189472
1.7666e+07 0.014102
1.7666e+07 0.014102
1.7666e+07 0.0141021
1.7666e+07 0.0141021
1.7666e+07 0.0176275
2.11729e+07 0.015934
2.12512e+07 0.0155862
2.12512e+07 0.0155862
2.12512e+07 0.0155862
2.12512e+07 0.0155862
2.12512e+07 0.0187034
2.50712e+07 0.017201
2.51383e+07 0.0172505
2.51383e+07 0.0172505
2.51495e+07 0.0172011
2.51607e+07 0.0171519
2.51607e+07 0.0171519
2.51831e+07 0.0198965
2.91309e+07 0.0192705
2.91532e+07 0.0194851
2.91532e+07 0.0194851
2.91532e+07 0.0195395
2.91532e+07 0.0195942
2.91532e+07 0.0195942
2.91868e+07 0.0195394
3.36465e+07 0.0173244
3.36465e+07 0.0197992
3.36577e+07 0.0198483
3.36689e+07 0.0197991
3.36913e+07 0.0197016
3.3736e+07 0.0195093
3.37696e+07 0.0193675
3.3859e+07 0.019136
3.90158e+07 0.0166515
3.90158e+07 0.0166515
3.90159e+07 0.0187329
3.9027e+07 0.018733
3.90271e+07 0.018772
3.90383e+07 0.0188112
3.91501e+07 0.0185781
3.92283e+07 0.0184259
3.92954e+07 0.0185018
4.49458e+07 0.0169618
4.49458e+07 0.0169618
4.49458e+07 0.0169618
4.49682e+07 0.0169299
4.49682e+07 0.0188109
4.50018e+07 0.0187054
4.50018e+07 0.0187404
4.51024e+07 0.0187756
4.5136e+07 0.0189177
4.5136e+07 0.019135
5.17154e+07 0.0165091
5.17154e+07 0.0165091
5.17265e+07 0.0164818
5.17377e+07 0.0165091
5.17377e+07 0.0165091
5.17377e+07 0.01816
5.17377e+07 0.0182504
5.17378e+07 0.0182504
5.17378e+07 0.0185271
5.17602e+07 0.0185582
5.17602e+07 0.0185582
5.87382e+07 0.0175048
5.87718e+07 0.0174217
5.87718e+07 0.0174493
5.87718e+07 0.017477
5.87718e+07 0.017477
5.88165e+07 0.0173667
5.88277e+07 0.0173393
5.88277e+07 0.0189156
5.88277e+07 0.0189156
5.88389e+07 0.0188858
5.89396e+07 0.01868
5.89396e+07 0.0186799
6.63789e+07 0.0175522
6.63901e+07 0.0176036
6.63901e+07 0.0176036
6.63901e+07 0.0176036
6.63902e+07 0.0176036
6.63902e+07 0.0177075
6.64013e+07 0.0177075
6.64014e+07 0.0177075
6.64014e+07 0.0191831
6.64237e+07 0.0191266
6.64237e+07 0.0191548
6.66027e+07 0.0189592
6.66363e+07 0.0188765
7.4576e+07 0.0177241
7.45872e+07 0.0177241
7.45872e+07 0.0177241
7.45984e+07 0.0177
7.46096e+07 0.0176759
7.46096e+07 0.0176759
7.4632e+07 0.0176519
7.4632e+07 0.0176519
7.4632e+07 0.0176518
7.4632e+07 0.0190096
7.4632e+07 0.0190614
7.46544e+07 0.0190096
7.50011e+07 0.0186301
7.50236e+07 0.0186548
8.34415e+07 0.0176486
8.3531e+07 0.0174941
8.35421e+07 0.0174722
8.35645e+07 0.0174504
8.35757e+07 0.0174504
8.35757e+07 0.0174504
8.35757e+07 0.017494
8.35757e+07 0.017494
8.35869e+07 0.0174723
8.35869e+07 0.0174723
8.35869e+07 0.0174723
8.35869e+07 0.0187203
8.36093e+07 0.0187203
8.37884e+07 0.0190772
8.39002e+07 0.0188852
9.27793e+07 0.0179526
9.28353e+07 0.0180172
9.28465e+07 0.0180172
9.29136e+07 0.017931
9.29583e+07 0.0178669
9.30142e+07 0.0177612
9.30701e+07 0.0176566
9.31372e+07 0.0175327
9.31372e+07 0.0175532
9.31372e+07 0.0175532
9.31372e+07 0.0175532
9.31372e+07 0.0175532
9.31372e+07 0.0187234
9.31708e+07 0.0187015
9.34393e+07 0.0185283
9.35064e+07 0.0186146
1.02866e+08 0.0177275
1.02877e+08 0.0178064
1.02877e+08 0.0178263
1.02877e+08 0.0179463
1.02889e+08 0.0180069
1.02889e+08 0.0181087
1.02889e+08 0.0182118
1.02889e+08 0.0183371
1.02889e+08 0.0183371
1.02889e+08 0.0183371
1.02889e+08 0.0183371
1.02889e+08 0.0183371
1.02889e+08 0.0183371
1.02956e+08 0.0182741
1.02956e+08 0.0194163
1.03459e+08 0.0189614
1.03571e+08 0.0188772
1.13415e+08 0.0180111
1.13459e+08 0.017954
1.13459e+08 0.017954
1.13471e+08 0.017935
1.13482e+08 0.017935
1.13515e+08 0.0178783
1.13515e+08 0.0178783
1.13515e+08 0.0178783
1.13549e+08 0.0178222
1.13583e+08 0.0177663
1.13594e+08 0.0177477
1.13594e+08 0.0177477
1.13594e+08 0.0177477
1.13706e+08 0.017674
1.13706e+08 0.017674
1.13706e+08 0.0187137
1.14052e+08 0.01899
1.14209e+08 0.0189101
1.24902e+08 0.0175123
1.25081e+08 0.0173101
1.25081e+08 0.0173101
1.25125e+08 0.0172604
1.25125e+08 0.0172769
1.25137e+08 0.0173102
1.25137e+08 0.0173102
1.25148e+08 0.0172935
1.25148e+08 0.0173435
1.25148e+08 0.0173938
1.25159e+08 0.0173938
1.25159e+08 0.0173938
1.25159e+08 0.0173938
1.25159e+08 0.0175635
1.25159e+08 0.0175635
1.25159e+08 0.0175635
1.25416e+08 0.0177019
1.25416e+08 0.0186853
1.2554e+08 0.0187404
1.36783e+08 0.0178712
1.36929e+08 0.0179217
1.3694e+08 0.0179048
1.36951e+08 0.0179555
1.36951e+08 0.0179555
1.36951e+08 0.0179725
1.36951e+08 0.0179725
1.36951e+08 0.0179896
1.36951e+08 0.0179896
1.36951e+08 0.0179896
1.36952e+08 0.0180066
1.36952e+08 0.0180066
1.36963e+08 0.0179895
1.36963e+08 0.0179895
1.36963e+08 0.0179895
1.36963e+08 0.0179896
1.37108e+08 0.0181616
1.37142e+08 0.0181096
1.37142e+08 0.0190628
1.37332e+08 0.0189543
1.49301e+08 0.0178566
1.49368e+08 0.0179687
1.49368e+08 0.0179848
1.49391e+08 0.0179687
1.49391e+08 0.0179687
1.49424e+08 0.0179204
1.49424e+08 0.0179204
1.49435e+08 0.0179044
1.49447e+08 0.0178884
1.49447e+08 0.0178884
1.49447e+08 0.0178884
1.49447e+08 0.0178884
1.49469e+08 0.0178724
1.49469e+08 0.0178724
1.49469e+08 0.0178724
1.49469e+08 0.0178724
1.4967e+08 0.0177929
1.4967e+08 0.0178405
1.4967e+08 0.0178405
1.49738e+08 0.0180174
1.49738e+08 0.0189183
1.6228e+08 0.0180823
1.62325e+08 0.0181135
1.62325e+08 0.0181135
1.62325e+08 0.0181448
1.62325e+08 0.0181448
1.62336e+08 0.0181762
1.62336e+08 0.0181762
1.62359e+08 0.0181605
1.62359e+08 0.0181762
1.62359e+08 0.0181762
1.62426e+08 0.0180822
1.62459e+08 0.0180356
1.62459e+08 0.0180667
1.62471e+08 0.0180511
1.62504e+08 0.0180047
1.62515e+08 0.0179893
1.62627e+08 0.0181136
1.62627e+08 0.0181136
1.62627e+08 0.0181136
1.62717e+08 0.0180823
1.62728e+08 0.0180667
1.62739e+08 0.0189108
1.75376e+08 0.0187742
1.75376e+08 0.0188387
1.75376e+08 0.0188387
1.75376e+08 0.0188387
1.75376e+08 0.0188387
1.75376e+08 0.0188548
1.75376e+08 0.0188548
1.75376e+08 0.0188872
1.75376e+08 0.0188872
1.75376e+08 0.0188872
1.75444e+08 0.0188871
1.75455e+08 0.0189196
1.75455e+08 0.0189196
1.75477e+08 0.0189033
1.75488e+08 0.0189359
1.75533e+08 0.018887
1.756e+08 0.0189521
1.756e+08 0.0189521
1.75623e+08 0.0189195
1.75746e+08 0.0188709
1.75757e+08 0.0188708
1.75757e+08 0.018887
1.88942e+08 0.0181239
1.88942e+08 0.0189477
1.88965e+08 0.0189166
1.88965e+08 0.0189166
1.88965e+08 0.0189166
1.88965e+08 0.0189166
1.88965e+08 0.0189165
1.88965e+08 0.0189165
1.88965e+08 0.0189165
1.88965e+08 0.0189165
1.88965e+08 0.0189165
1.89021e+08 0.0189322
1.89066e+08 0.0188854
1.89088e+08 0.0188545
1.89088e+08 0.0188854
1.89099e+08 0.0188854
1.89133e+08 0.018901
1.89289e+08 0.0187775
1.89312e+08 0.0187469
1.89334e+08 0.0187469
1.89357e+08 0.0188855
1.89379e+08 0.01887
1.89502e+08 0.0187012
2.03156e+08 0.0180841
2.03156e+08 0.0180841
2.03156e+08 0.0188704
2.03212e+08 0.0188261
2.03212e+08 0.0188261
2.03223e+08 0.0188113
2.03223e+08 0.0188113
2.03223e+08 0.0188113
2.03223e+08 0.0188113
2.03223e+08 0.0188113
2.03223e+08 0.0188112
2.03223e+08 0.0188112
2.03268e+08 0.018826
2.03402e+08 0.0187086
2.03525e+08 0.0185783
2.03548e+08 0.0185495
2.0357e+08 0.0185352
2.03671e+08 0.0184497
2.03693e+08 0.0186214
2.03693e+08 0.0186504
2.03693e+08 0.0186795
2.03749e+08 0.018636
2.03772e+08 0.0186359
2.03794e+08 0.018767
2.18007e+08 0.0180605
2.18007e+08 0.0180605
2.18018e+08 0.0180469
2.18097e+08 0.0180198
2.18097e+08 0.0187706
2.18097e+08 0.0187706
2.18097e+08 0.0187848
2.18097e+08 0.0187848
2.18097e+08 0.0187848
2.18097e+08 0.0187848
2.18097e+08 0.0187848
2.18097e+08 0.0187848
2.18097e+08 0.0187848
2.18108e+08 0.0188272
2.18108e+08 0.0189989
2.18354e+08 0.0188413
2.18377e+08 0.0188414
2.18388e+08 0.0188556
2.18511e+08 0.0188272
2.18656e+08 0.0186726
2.18656e+08 0.0186725
2.18656e+08 0.0186725
2.18656e+08 0.0187425
2.18679e+08 0.0187425
2.18768e+08 0.0186585
2.33499e+08 0.0180351
2.3351e+08 0.018022
2.33522e+08 0.018022
2.33566e+08 0.0180611
2.33566e+08 0.0180611
2.33566e+08 0.0187835
2.33566e+08 0.0187835
2.33566e+08 0.0187835
2.33566e+08 0.0187835
2.33566e+08 0.0187835
2.33566e+08 0.0187835
2.33567e+08 0.0187835
2.33567e+08 0.0187835
2.33578e+08 0.01877
2.33768e+08 0.0185556
2.33902e+08 0.0183981
2.33958e+08 0.0186221
2.3398e+08 0.0186221
2.3398e+08 0.0186354
2.34036e+08 0.0187159
2.34159e+08 0.0187429
2.34182e+08 0.0187159
2.34204e+08 0.018689
2.34215e+08 0.0186756
2.34215e+08 0.0187024
2.34271e+08 0.0187428
2.49547e+08 0.0181067
2.49547e+08 0.0181192
2.49558e+08 0.0181192
2.49581e+08 0.0181446
2.49581e+08 0.0181446
2.49581e+08 0.0181446
2.49581e+08 0.0181446
2.49581e+08 0.0188425
2.49581e+08 0.0188425
2.49581e+08 0.0188425
2.49581e+08 0.0188425
2.49581e+08 0.0188425
2.49592e+08 0.0188294
2.49592e+08 0.0188294
2.49603e+08 0.0188294
2.49681e+08 0.0189616
2.49793e+08 0.0189882
2.49827e+08 0.019015
2.49939e+08 0.0189084
2.49983e+08 0.0188556
2.5014e+08 0.0187378
2.50241e+08 0.0187639
2.50241e+08 0.01879
2.50241e+08 0.0188162
2.50241e+08 0.0188293
2.50274e+08 0.0187901
2.50342e+08 0.0187769
2.66275e+08 0.0180387
2.66375e+08 0.0179309
2.66375e+08 0.0179428
2.66375e+08 0.0179667
2.66376e+08 0.0179667
2.66387e+08 0.0179548
2.66387e+08 0.0179548
2.66387e+08 0.0179548
2.66387e+08 0.0186197
2.66387e+08 0.0186197
2.66398e+08 0.0186074
2.66398e+08 0.0186074
2.66398e+08 0.0186074
2.66398e+08 0.0186198
2.66398e+08 0.0186198
2.66409e+08 0.0186198
2.66488e+08 0.0186198
2.66655e+08 0.018558
2.66667e+08 0.0185825
2.66756e+08 0.0186072
2.66778e+08 0.018632
2.66946e+08 0.0186196
2.67013e+08 0.0186568
2.67013e+08 0.0186569
2.67013e+08 0.0186568
2.67013e+08 0.0186568
2.67013e+08 0.0186942
2.67137e+08 0.0186321
2.83608e+08 0.0180529
2.83698e+08 0.0180646
2.83709e+08 0.0180529
2.83709e+08 0.0180529
2.83709e+08 0.0180529
2.83709e+08 0.0180646
2.83709e+08 0.0180646
2.83709e+08 0.0180646
2.83709e+08 0.0180646
2.83709e+08 0.0180646
2.83709e+08 0.0187097
2.83709e+08 0.0187218
2.83709e+08 0.0187218
2.83709e+08 0.0187218
2.83709e+08 0.0187218
2.83721e+08 0.0187097
2.83732e+08 0.0187097
2.83776e+08 0.0187462
2.83888e+08 0.0188068
2.83967e+08 0.0187339
2.83989e+08 0.0188067
2.84e+08 0.0188189
2.84168e+08 0.0188189
2.84358e+08 0.0186855
2.84358e+08 0.0186854
2.8437e+08 0.0186734
2.84392e+08 0.0186494
2.84414e+08 0.0186254
2.8466e+08 0.0184948
3.01513e+08 0.018102
3.01613e+08 0.0180907
3.01636e+08 0.0180795
3.01636e+08 0.0180795
3.01636e+08 0.0180795
3.01636e+08 0.0180795
3.01658e+08 0.0180569
3.01658e+08 0.018057
3.01658e+08 0.018057
3.01658e+08 0.018057
3.01669e+08 0.0180457
3.0168e+08 0.0186564
3.0168e+08 0.0186564
3.0168e+08 0.0186564
3.0168e+08 0.0186564
3.0168e+08 0.0186564
3.0168e+08 0.018668
3.0168e+08 0.0186796
3.0168e+08 0.0187262
3.01714e+08 0.0188085
3.01782e+08 0.0188203
3.01804e+08 0.0188202
3.01815e+08 0.0188202
3.02028e+08 0.0187731
3.02251e+08 0.0187379
3.02296e+08 0.0186911
3.02318e+08 0.0186795
3.02374e+08 0.0186447
3.02419e+08 0.0186214
3.02509e+08 0.0187848
3.20109e+08 0.0180288
3.20143e+08 0.0180942
3.20154e+08 0.0181051
3.20154e+08 0.0181051
3.20154e+08 0.0181051
3.20154e+08 0.0181051
3.20154e+08 0.018127
3.20154e+08 0.018127
3.20154e+08 0.018127
3.20154e+08 0.018127
3.20165e+08 0.018127
3.20165e+08 0.0181379
3.20165e+08 0.0181379
3.20176e+08 0.0187312
3.20188e+08 0.0187199
3.20188e+08 0.0187199
3.20199e+08 0.0187086
3.20199e+08 0.0187086
3.20199e+08 0.0187086
3.20199e+08 0.0187086
3.20199e+08 0.0187425
3.20255e+08 0.0187539
3.20289e+08 0.0187426
3.203e+08 0.0187425
3.20591e+08 0.0186634
3.20826e+08 0.0186521
3.20826e+08 0.0186972
3.20837e+08 0.0187085
3.20837e+08 0.0187652
3.20982e+08 0.0186635
3.21038e+08 0.0186972
3.39109e+08 0.0182343
3.39109e+08 0.0182666
3.39109e+08 0.0182774
3.39109e+08 0.0182774
3.39109e+08 0.0182774
3.39109e+08 0.0182774
3.39109e+08 0.0182774
3.39109e+08 0.0182774
3.3912e+08 0.0182666
3.39132e+08 0.0182558
3.39132e+08 0.0182666
3.39132e+08 0.0182666
3.39132e+08 0.0182666
3.39132e+08 0.0182774
3.39132e+08 0.018867
3.39132e+08 0.0188781
3.39132e+08 0.0188781
3.39132e+08 0.0188892
3.39132e+08 0.0188892
3.39132e+08 0.0188892
3.39132e+08 0.0188892
3.39143e+08 0.018878
3.39255e+08 0.0188225
3.39278e+08 0.0188336
3.39278e+08 0.0188447
3.39434e+08 0.0189789
3.39759e+08 0.0188892
3.39759e+08 0.0188892
3.39815e+08 0.0188447
3.39815e+08 0.0188447
3.39982e+08 0.0188224
3.40061e+08 0.0188003
3.58736e+08 0.0182219
3.58736e+08 0.0182219
3.58736e+08 0.0182219
3.58736e+08 0.0182219
3.58736e+08 0.0182218
3.58736e+08 0.0182218
3.58736e+08 0.0182218
3.58736e+08 0.0182218
3.58736e+08 0.0182322
3.58736e+08 0.0182426
3.58736e+08 0.0182426
3.58736e+08 0.0182426
3.58736e+08 0.0182426
3.58736e+08 0.0182426
3.58736e+08 0.0182426
3.58736e+08 0.0182426
3.58736e+08 0.0188127
3.58736e+08 0.0188127
3.58736e+08 0.0188127
3.58736e+08 0.0188127
3.58736e+08 0.0188127
3.58736e+08 0.0188127
3.58792e+08 0.0187699
3.58893e+08 0.0187806
3.58893e+08 0.018802
3.58893e+08 0.018802
3.59038e+08 0.0188128
3.59284e+08 0.0188882
3.59318e+08 0.0188558
3.5934e+08 0.0188881
3.59452e+08 0.0187805
3.59653e+08 0.0187485
3.59698e+08 0.0187805
3.78965e+08 0.0182309
3.78965e+08 0.0182309
3.78965e+08 0.0182309
3.78965e+08 0.0182309
3.78976e+08 0.0182208
3.78999e+08 0.0182007
3.78999e+08 0.0182007
3.78999e+08 0.0182007
3.78999e+08 0.0182007
3.78999e+08 0.0182007
3.78999e+08 0.0182007
3.78999e+08 0.0182007
3.78999e+08 0.0182007
3.78999e+08 0.0182007
3.78999e+08 0.0182007
3.78999e+08 0.0182007
3.78999e+08 0.0182007
3.78999e+08 0.0187522
3.78999e+08 0.0187522
3.78999e+08 0.0187522
3.78999e+08 0.0187522
3.79032e+08 0.0187213
3.79032e+08 0.0187212
3.79044e+08 0.0187626
3.79133e+08 0.018773
3.79133e+08 0.018773
3.79145e+08 0.0187626
3.79156e+08 0.0188878
3.79458e+08 0.0188352
3.79458e+08 0.0188666
3.79592e+08 0.0187625
3.79715e+08 0.0187521
3.79816e+08 0.0188458
3.79861e+08 0.0188458
3.99811e+08 0.0182285
3.99822e+08 0.0182186
3.99822e+08 0.0182186
3.99822e+08 0.0182187
3.99822e+08 0.0182284
3.99822e+08 0.018248
3.99822e+08 0.018248
3.99822e+08 0.018248
3.99822e+08 0.018248
3.99822e+08 0.018248
3.99822e+08 0.018248
3.99833e+08 0.0182382
3.99833e+08 0.0182382
3.99833e+08 0.0182382
3.99833e+08 0.0182382
3.99833e+08 0.0182382
3.99833e+08 0.0182382
3.99833e+08 0.0182382
3.99833e+08 0.0182382
3.99833e+08 0.0187746
3.99844e+08 0.0187646
3.99844e+08 0.0187646
3.99867e+08 0.0187746
3.99867e+08 0.0187746
3.99878e+08 0.0187746
3.9999e+08 0.0187545
3.9999e+08 0.0187545
3.9999e+08 0.0187645
3.9999e+08 0.0187746
4.00292e+08 0.0187746
4.00292e+08 0.0187746
4.00382e+08 0.0188149
4.00494e+08 0.0188251
4.00572e+08 0.0188454
4.00595e+08 0.0188657
4.2126e+08 0.0182362
4.21271e+08 0.0182362
4.21271e+08 0.0182362
4.21271e+08 0.0182362
4.21271e+08 0.0182362
4.21271e+08 0.0182362
4.21271e+08 0.0182362
4.21271e+08 0.0182362
4.21271e+08 0.0182362
4.21271e+08 0.0182362
4.21271e+08 0.0182362
4.21271e+08 0.0182457
4.21271e+08 0.0182457
4.21271e+08 0.0182457
4.21271e+08 0.0182457
4.21271e+08 0.0182457
4.21271e+08 0.0182457
4.21271e+08 0.0182457
4.21271e+08 0.0182457
4.21271e+08 0.0182457
4.21271e+08 0.018767
4.21271e+08 0.0187768
4.21271e+08 0.0187768
4.21271e+08 0.0187965
4.21271e+08 0.0187964
4.21294e+08 0.0187866
4.21428e+08 0.018767
4.21451e+08 0.0187475
4.21451e+08 0.0187475
4.21484e+08 0.0187182
4.21664e+08 0.0188259
4.21664e+08 0.0188259
4.2182e+08 0.018767
4.2182e+08 0.0188653
4.21865e+08 0.0188951
4.21899e+08 0.0188852
4.43249e+08 0.0182965
4.43261e+08 0.0182965
4.43272e+08 0.0182872
4.43272e+08 0.0182872
4.43272e+08 0.0182872
4.43283e+08 0.0182779
4.43283e+08 0.0182779
4.43283e+08 0.0182779
4.43283e+08 0.0182779
4.43283e+08 0.0182779
4.43283e+08 0.0182779
4.43294e+08 0.0182687
4.43294e+08 0.0182687
4.43294e+08 0.0182687
4.43294e+08 0.0182687
4.43294e+08 0.0182687
4.43294e+08 0.0182687
4.43294e+08 0.0182687
4.43294e+08 0.0182687
4.43294e+08 0.0182687
4.43294e+08 0.0182687
4.43294e+08 0.0182687
4.43294e+08 0.0187761
4.43294e+08 0.0187761
4.43294e+08 0.0187761
4.43294e+08 0.0187762
4.43295e+08 0.0187952
4.4344e+08 0.0187857
4.43463e+08 0.0187857
4.43463e+08 0.0187857
4.43463e+08 0.0188143
4.43642e+08 0.0188143
4.43653e+08 0.0188047
4.43788e+08 0.0188239
4.43821e+08 0.0187952
4.43821e+08 0.0188334
4.43877e+08 0.0188143
4.65806e+08 0.0183323
4.65817e+08 0.0183324
4.65828e+08 0.0183324
4.65828e+08 0.0183324
4.65828e+08 0.0183324
4.65828e+08 0.0183415
4.65828e+08 0.0183415
4.65828e+08 0.0183415
4.65828e+08 0.0183415
4.65828e+08 0.0183415
4.65828e+08 0.0183415
4.65828e+08 0.0183506
4.65828e+08 0.0183506
4.65828e+08 0.0183506
4.65828e+08 0.0183506
4.65828e+08 0.0183506
4.65828e+08 0.0183506
4.65828e+08 0.0183505
4.65828e+08 0.0183505
4.65828e+08 0.0183505
4.65828e+08 0.0183505
4.65828e+08 0.0183505
4.65828e+08 0.0183505
4.65828e+08 0.0188465
4.65828e+08 0.0188465
4.65828e+08 0.0188465
4.65839e+08 0.0188371
4.65862e+08 0.0188184
4.66019e+08 0.0188092
4.66019e+08 0.0188278
4.66019e+08 0.0188278
4.66019e+08 0.0188278
4.66243e+08 0.0187906
4.66243e+08 0.0187999
4.66332e+08 0.0188372
4.66333e+08 0.0188652
4.66344e+08 0.0188559
4.664e+08 0.0188558
4.889e+08 0.0183887
4.88912e+08 0.0183887
4.88912e+08 0.0183976
4.88912e+08 0.0183976
4.88912e+08 0.0183976
4.88934e+08 0.0183798
4.88934e+08 0.0183798
4.88934e+08 0.0183798
4.88934e+08 0.0183798
4.88934e+08 0.0183798
4.88934e+08 0.0183798
4.88934e+08 0.0183798
4.88934e+08 0.0183798
4.88934e+08 0.0183798
4.88934e+08 0.0183798
4.88934e+08 0.0183798
4.88934e+08 0.0183798
4.88934e+08 0.0183798
4.88934e+08 0.0183797
4.88934e+08 0.0183797
4.88934e+08 0.0183797
4.88957e+08 0.0183619
4.88957e+08 0.0183619
4.88957e+08 0.0183619
4.88957e+08 0.0188451
4.88957e+08 0.0188451
4.88957e+08 0.0188451
4.88968e+08 0.0188451
4.88979e+08 0.0188544
4.89113e+08 0.0188726
4.89114e+08 0.0188726
4.89114e+08 0.0188726
4.89114e+08 0.0188726
4.8936e+08 0.0188543
4.8936e+08 0.0188544
4.89416e+08 0.0188818
4.89416e+08 0.0188817
4.89416e+08 0.0188909
4.89483e+08 0.0188818
5.12793e+08 0.0182427
5.12815e+08 0.0182342
5.12815e+08 0.0182342
5.12815e+08 0.0182342
5.12826e+08 0.0182257
5.12849e+08 0.0182257
5.12849e+08 0.0182257
5.12849e+08 0.0182256
5.12849e+08 0.0182256
5.12849e+08 0.0182256
5.12849e+08 0.0182256
5.12849e+08 0.0182256
5.12849e+08 0.0182256
5.12849e+08 0.0182256
5.12849e+08 0.0182256
5.12849e+08 0.0182256
5.12849e+08 0.0182256
5.12849e+08 0.0182256
5.1286e+08 0.0182172
5.12871e+08 0.0182087
5.12871e+08 0.0182087
5.12871e+08 0.0182258
5.12871e+08 0.0182258
5.12871e+08 0.0182258
5.12871e+08 0.0182258
5.12871e+08 0.0182258
5.12871e+08 0.0186931
5.12871e+08 0.0186931
5.12871e+08 0.0187018
5.1295e+08 0.0186495
5.1305e+08 0.0186756
5.1305e+08 0.0186756
5.1305e+08 0.0186756
5.1305e+08 0.0186756
5.13241e+08 0.0187194
5.13241e+08 0.0187194
5.13386e+08 0.0186495
5.1342e+08 0.0186235
5.1342e+08 0.0186235
5.13431e+08 0.0186669
5.37454e+08 0.0181267
5.37454e+08 0.0181431
5.37454e+08 0.0181431
5.37454e+08 0.0181431
5.37454e+08 0.0181514
5.37466e+08 0.0181596
5.37466e+08 0.0181596
5.37466e+08 0.0181597
5.37466e+08 0.0181597
5.37466e+08 0.0181597
5.37466e+08 0.0181597
5.37466e+08 0.0181597
5.37466e+08 0.0181597
5.37466e+08 0.0181597
5.37466e+08 0.0181597
5.37466e+08 0.0181597
5.37466e+08 0.0181597
5.37466e+08 0.0181597
5.37466e+08 0.0181679
5.37488e+08 0.0181597
5.37488e+08 0.0181597
5.37488e+08 0.0181597
5.37499e+08 0.0181514
5.37499e+08 0.0181514
5.37499e+08 0.0181514
5.37499e+08 0.0181514
5.37499e+08 0.0181514
5.37499e+08 0.0186052
5.37499e+08 0.0186052
5.37499e+08 0.0186052
5.37522e+08 0.0186475
5.37656e+08 0.0186221
5.37656e+08 0.0186221
5.37656e+08 0.0186221
5.37656e+08 0.0186221
5.37835e+08 0.0186306
5.37835e+08 0.0186306
5.37981e+08 0.0186306
5.38026e+08 0.0186221
5.38037e+08 0.0186136
5.38037e+08 0.0186221
5.62489e+08 0.0183029
5.62489e+08 0.018303
5.62489e+08 0.018303
5.62489e+08 0.018303
5.62489e+08 0.018303
5.62489e+08 0.0183111
5.62489e+08 0.0183111
5.62489e+08 0.0183111
5.62489e+08 0.0183111
5.62489e+08 0.0183111
5.62489e+08 0.0183111
5.62489e+08 0.0183111
5.62489e+08 0.0183111
5.62489e+08 0.0183111
5.62489e+08 0.0183111
5.62489e+08 0.0183111
5.62489e+08 0.0183111
5.62489e+08 0.0183111
5.62489e+08 0.0183111
5.625e+08 0.0183193
5.625e+08 0.0183193
5.625e+08 0.0183193
5.625e+08 0.0183275
5.62512e+08 0.0183193
5.62512e+08 0.0183193
5.62523e+08 0.0183111
5.62556e+08 0.0182866
5.62556e+08 0.0182866
5.62556e+08 0.0182866
5.62556e+08 0.0187326
5.62556e+08 0.0187326
5.62624e+08 0.0186992
5.62713e+08 0.0187326
5.62713e+08 0.0187326
5.62713e+08 0.0187326
5.62713e+08 0.0187326
5.62848e+08 0.0187661
5.62848e+08 0.0187661
5.63061e+08 0.0187159
5.63094e+08 0.0187243
5.63094e+08 0.0187326
5.63094e+08 0.0187326
5.88191e+08 0.0182624
5.88191e+08 0.0182624
5.88191e+08 0.0182624
5.88191e+08 0.0182624
5.88191e+08 0.0182624
5.88191e+08 0.0182624
5.88192e+08 0.0182624
5.88192e+08 0.0182624
5.88192e+08 0.0182624
5.88192e+08 0.0182624
5.88203e+08 0.0182545
5.88203e+08 0.0182545
5.88203e+08 0.0182545
5.88203e+08 0.0182545
5.88203e+08 0.0182545
5.88203e+08 0.0182545
5.88203e+08 0.0182545
5.88203e+08 0.0182545
5.88203e+08 0.0182545
5.88203e+08 0.0182624
5.88203e+08 0.0182624
5.88203e+08 0.0182624
5.88203e+08 0.0182624
5.88203e+08 0.0182703
5.88203e+08 0.0182703
5.88214e+08 0.0182703
5.88214e+08 0.0182942
5.88214e+08 0.0182942
5.88236e+08 0.0182783
5.88236e+08 0.0182783
5.88237e+08 0.0187135
5.88237e+08 0.0187135
5.88304e+08 0.0187135
5.8846e+08 0.0186648
5.8846e+08 0.0186648
5.8846e+08 0.0186648
5.8846e+08 0.0186648
5.88584e+08 0.0186728
5.88584e+08 0.0186728
5.88618e+08 0.0188036
5.88785e+08 0.0187053
5.88785e+08 0.0187053
5.88785e+08 0.0187053
6.14427e+08 0.0183171
6.14438e+08 0.0183093
6.14438e+08 0.0183093
6.14438e+08 0.0183093
6.14438e+08 0.0183093
6.14438e+08 0.0183093
6.14438e+08 0.0183093
6.14438e+08 0.0183093
6.14438e+08 0.0183093
6.14438e+08 0.0183093
6.14438e+08 0.0183171
6.14438e+08 0.0183171
6.14438e+08 0.0183171
6.14438e+08 0.0183171
6.14438e+08 0.0183171
6.14438e+08 0.0183171
6.14438e+08 0.0183171
6.14438e+08 0.0183171
6.14438e+08 0.0183171
6.1445e+08 0.0183093
6.1445e+08 0.0183093
6.1445e+08 0.0183093
6.1445e+08 0.0183093
6.1445e+08 0.0183093
6.1445e+08 0.0183093
6.14461e+08 0.0183093
6.14539e+08 0.0182549
6.1455e+08 0.0182472
6.14562e+08 0.0182549
6.14562e+08 0.0182549
6.14573e+08 0.0182471
6.14573e+08 0.0182471
6.14595e+08 0.0186556
6.14651e+08 0.0186635
6.14718e+08 0.0187271
6.14718e+08 0.0187271
6.14718e+08 0.0187271
6.14718e+08 0.0187271
6.14831e+08 0.0187351
6.14831e+08 0.0187351
6.1492e+08 0.0186954
6.1501e+08 0.0187511
6.15021e+08 0.0187431
6.15032e+08 0.0187351
6.1894e+08 0.108968
6.18951e+08 0.108968
6.18951e+08 0.108968
