5.4738e+06 0.00204203
8.38547e+06 0.0038383
8.38548e+06 0.00767658
9.82118e+06 0.0155684
9.82124e+06 0.0155678
1.2347e+07 0.00884914
1.2347e+07 0.0132737
1.23471e+07 0.013274
1.47066e+07 0.0142091
1.47066e+07 0.0142091
1.47178e+07 0.0188561
1.47178e+07 0.0188561
1.86129e+07 0.0114441
1.86129e+07 0.0114441
1.86576e+07 0.0113467
1.86576e+07 0.0113467
1.86576e+07 0.0141833
2.14986e+07 0.0193639
2.14986e+07 0.0193639
2.15323e+07 0.0194387
2.15323e+07 0.0194387
2.15323e+07 0.0194385
2.16888e+07 0.0221218
2.72474e+07 0.0116643
2.72474e+07 0.0116643
2.73592e+07 0.0115078
2.73592e+07 0.0115078
2.73592e+07 0.0115079
2.7404e+07 0.0117328
2.7404e+07 0.0136883
3.13628e+07 0.0190094
3.14075e+07 0.0188051
3.15864e+07 0.0185067
3.15864e+07 0.0185067
3.16311e+07 0.018313
3.17765e+07 0.0178917
3.17876e+07 0.0178461
3.68121e+07 0.0143561
3.68121e+07 0.0164069
3.68234e+07 0.0165083
3.6924e+07 0.0167504
3.6924e+07 0.0167504
3.69911e+07 0.0166805
3.70694e+07 0.0168916
3.70695e+07 0.0169274
4.25205e+07 0.0156625
4.25205e+07 0.0156625
4.25205e+07 0.0176203
4.26435e+07 0.017282
4.26547e+07 0.0175516
4.26547e+07 0.0175516
4.26659e+07 0.0177244
4.2856e+07 0.0173822
4.2856e+07 0.0173822
4.89181e+07 0.0157219
4.89405e+07 0.0156671
4.89405e+07 0.0156671
4.90523e+07 0.0156944
4.90523e+07 0.0174382
4.90523e+07 0.0174687
4.90523e+07 0.0174687
4.90971e+07 0.0173776
4.92201e+07 0.0175609
4.92201e+07 0.0175609
5.59174e+07 0.0159672
5.59174e+07 0.0160184
5.59174e+07 0.0160184
5.59845e+07 0.0161217
5.59845e+07 0.0161217
5.59845e+07 0.0177339
5.59845e+07 0.0177339
5.59845e+07 0.0177339
5.61187e+07 0.0175081
5.61857e+07 0.0176486
5.61969e+07 0.0176203
6.30947e+07 0.0171281
6.30947e+07 0.0171281
6.31394e+07 0.0170221
6.34525e+07 0.0164615
6.34525e+07 0.0164615
6.34526e+07 0.0164614
6.3475e+07 0.0164122
6.35085e+07 0.0178244
6.35532e+07 0.017719
6.36203e+07 0.0178774
6.36427e+07 0.0179846
6.36427e+07 0.0180116
6.99299e+07 0.0196205
7.00529e+07 0.0192739
7.01646e+07 0.0190899
7.10587e+07 0.0176316
7.10588e+07 0.0176316
7.15282e+07 0.0166068
7.16065e+07 0.0164927
7.1696e+07 0.01638
7.17183e+07 0.0176966
7.17184e+07 0.0177935
7.17743e+07 0.0178178
7.17855e+07 0.0178423
7.17967e+07 0.0178178
7.70991e+07 0.0202655
7.71326e+07 0.0205214
7.71326e+07 0.0208506
7.7155e+07 0.0238321
7.7155e+07 0.0238321
7.85855e+07 0.0205866
7.86861e+07 0.0205216
7.95802e+07 0.0184274
7.96361e+07 0.0183494
7.96361e+07 0.0197608
7.98932e+07 0.0191396
8.01726e+07 0.0186302
8.01838e+07 0.0186302
8.01838e+07 0.018655
8.62012e+07 0.0171896
8.63139e+07 0.0170414
8.6895e+07 0.016027
8.74427e+07 0.0152087
8.74427e+07 0.0152087
8.81133e+07 0.0164218
8.83033e+07 0.0162691
8.88286e+07 0.0169179
8.89068e+07 0.0168771
8.89068e+07 0.0168771
8.89068e+07 0.0173584
8.89068e+07 0.0185983
8.92309e+07 0.0185065
8.93762e+07 0.0182365
8.94098e+07 0.0181703
9.77589e+07 0.0145044
9.81725e+07 0.0141364
9.82731e+07 0.0147335
9.86195e+07 0.0149987
9.86195e+07 0.0149987
9.87313e+07 0.015788
9.87314e+07 0.0160756
9.9022e+07 0.0164457
9.93685e+07 0.0160239
9.93685e+07 0.0160239
9.93685e+07 0.0160239
9.93909e+07 0.0159898
9.94357e+07 0.0169833
9.94469e+07 0.0175034
9.94581e+07 0.0177363
9.94804e+07 0.0177559
1.08895e+08 0.0160571
1.09309e+08 0.0160571
1.09353e+08 0.0161381
1.09532e+08 0.0163859
1.09532e+08 0.0163859
1.09599e+08 0.0164533
1.09599e+08 0.0164533
1.09733e+08 0.0166937
1.10046e+08 0.0167461
1.10046e+08 0.0167461
1.10047e+08 0.0167461
1.10058e+08 0.0167636
1.10069e+08 0.0168164
1.10114e+08 0.0167636
1.10114e+08 0.0178113
1.10114e+08 0.0178299
1.10136e+08 0.0178299
1.20622e+08 0.0162011
1.207e+08 0.016678
1.207e+08 0.0167437
1.207e+08 0.0170118
1.207e+08 0.0170118
1.207e+08 0.0171147
1.207e+08 0.0171147
1.20767e+08 0.0172187
1.21114e+08 0.017166
1.21114e+08 0.017166
1.21114e+08 0.017166
1.21193e+08 0.0170627
1.21237e+08 0.0170115
1.2126e+08 0.0170457
1.2126e+08 0.0170457
1.2126e+08 0.0180484
1.2126e+08 0.0180484
1.21349e+08 0.0179405
1.32236e+08 0.0173208
1.32382e+08 0.0172212
1.32393e+08 0.0172048
1.32404e+08 0.0171883
1.32404e+08 0.0171883
1.32404e+08 0.0171883
1.32404e+08 0.0171883
1.32404e+08 0.0172874
1.32818e+08 0.0171884
1.3293e+08 0.0170258
1.3293e+08 0.0170258
1.32952e+08 0.0171067
1.32986e+08 0.017123
1.32986e+08 0.0171556
1.33008e+08 0.017123
1.33008e+08 0.017123
1.33053e+08 0.0170581
1.33075e+08 0.0179717
1.33086e+08 0.0180915
1.44403e+08 0.0174521
1.44627e+08 0.0173406
1.44627e+08 0.0173564
1.44672e+08 0.0173089
1.44672e+08 0.017309
1.44728e+08 0.0172305
1.44728e+08 0.0172305
1.44728e+08 0.0172305
1.44985e+08 0.0174523
1.45153e+08 0.0173724
1.45164e+08 0.0173566
1.4522e+08 0.0173092
1.45287e+08 0.017262
1.4532e+08 0.0172151
1.45365e+08 0.0171839
1.45365e+08 0.0171839
1.45365e+08 0.0172463
1.45398e+08 0.0172307
1.45421e+08 0.0181047
1.45421e+08 0.0181211
1.57133e+08 0.0175589
1.57211e+08 0.0177617
1.57211e+08 0.0177617
1.57211e+08 0.0178251
1.57211e+08 0.0178251
1.57211e+08 0.0179049
1.57211e+08 0.0179049
1.57211e+08 0.0179049
1.57535e+08 0.0178093
1.57658e+08 0.0178729
1.57681e+08 0.017857
1.57726e+08 0.0178729
1.57826e+08 0.0178251
1.5786e+08 0.0178251
1.5786e+08 0.0178889
1.5786e+08 0.0178889
1.5786e+08 0.0178889
1.5786e+08 0.017937
1.5786e+08 0.0179692
1.5786e+08 0.0179692
1.57882e+08 0.0188338
1.70307e+08 0.0178151
1.7034e+08 0.0178758
1.7034e+08 0.0178758
1.70363e+08 0.0178454
1.70363e+08 0.0178454
1.70385e+08 0.0178151
1.70441e+08 0.0177398
1.70474e+08 0.017695
1.70888e+08 0.0175766
1.70989e+08 0.0176061
1.71e+08 0.0176208
1.71e+08 0.0176802
1.711e+08 0.0176802
1.71134e+08 0.0176802
1.71134e+08 0.0176802
1.71134e+08 0.0176802
1.71134e+08 0.0176802
1.71145e+08 0.0176653
1.71156e+08 0.0176505
1.71201e+08 0.0175913
1.71235e+08 0.0175766
1.71235e+08 0.0184135
1.82957e+08 0.019435
1.83147e+08 0.0191976
1.83147e+08 0.0191976
1.83405e+08 0.0188522
1.83472e+08 0.0187557
1.83528e+08 0.0187079
1.83628e+08 0.0186444
1.83662e+08 0.0186444
1.83774e+08 0.0190811
1.83852e+08 0.0191142
1.83863e+08 0.0191143
1.83863e+08 0.0191143
1.83964e+08 0.0191143
1.84008e+08 0.0190977
1.84075e+08 0.0189987
1.84087e+08 0.0189823
1.84087e+08 0.0189823
1.84176e+08 0.0188684
1.84187e+08 0.0188684
1.8421e+08 0.0189008
1.84243e+08 0.0189008
1.84243e+08 0.0189008
1.97656e+08 0.0167274
1.97656e+08 0.0174877
1.97768e+08 0.0175813
1.97868e+08 0.0174611
1.97869e+08 0.0177714
1.97869e+08 0.0178542
1.97869e+08 0.0179238
1.97947e+08 0.0179517
1.97947e+08 0.0179938
1.98238e+08 0.0177713
1.9826e+08 0.0178403
1.98271e+08 0.0178403
1.98271e+08 0.0178403
1.98327e+08 0.0178959
1.98349e+08 0.0179238
1.98394e+08 0.0179517
1.9845e+08 0.0178959
1.9845e+08 0.0178959
1.98483e+08 0.0179658
1.98483e+08 0.0179798
1.98484e+08 0.018008
1.98484e+08 0.0180504
1.98484e+08 0.0180504
2.11405e+08 0.0186958
2.11416e+08 0.0186806
2.11438e+08 0.0194612
2.11438e+08 0.0196203
2.11494e+08 0.0196846
2.11696e+08 0.0193982
2.11696e+08 0.0193982
2.11751e+08 0.0193202
2.12087e+08 0.018969
2.12087e+08 0.018969
2.12635e+08 0.0186302
2.12679e+08 0.0186014
2.12713e+08 0.0185726
2.12735e+08 0.0185439
2.12735e+08 0.0186158
2.12735e+08 0.0186447
2.12735e+08 0.0187028
2.12735e+08 0.018776
2.1278e+08 0.0187174
2.1278e+08 0.0187613
2.12814e+08 0.0187174
2.12814e+08 0.0187174
2.12814e+08 0.0187174
2.12836e+08 0.0186882
2.26726e+08 0.0175066
2.26726e+08 0.0175194
2.26726e+08 0.017545
2.26771e+08 0.0174938
2.26804e+08 0.018183
2.26983e+08 0.0180387
2.27084e+08 0.0181566
2.27084e+08 0.0181566
2.27084e+08 0.0182228
2.27274e+08 0.0183971
2.27274e+08 0.0183971
2.27777e+08 0.0184515
2.2781e+08 0.0184651
2.27822e+08 0.0184925
2.27877e+08 0.0184515
2.279e+08 0.0184243
2.27911e+08 0.0184107
2.27922e+08 0.0183972
2.27922e+08 0.0183972
2.27922e+08 0.0184515
2.27922e+08 0.0184515
2.27922e+08 0.0184924
2.27945e+08 0.0184651
2.27945e+08 0.0184651
2.27989e+08 0.0184379
2.42192e+08 0.0180647
2.42215e+08 0.0180386
2.4226e+08 0.0179867
2.42494e+08 0.0177694
2.42517e+08 0.017782
2.4255e+08 0.0184539
2.4255e+08 0.0186659
2.42561e+08 0.0187737
2.42573e+08 0.0187601
2.42573e+08 0.0187601
2.4264e+08 0.0189102
2.4264e+08 0.0189102
2.43288e+08 0.0187331
2.43322e+08 0.0187331
2.43322e+08 0.0187466
2.43333e+08 0.0188008
2.43378e+08 0.0187736
2.434e+08 0.0187601
2.43433e+08 0.018733
2.43433e+08 0.018733
2.43467e+08 0.0186926
2.43501e+08 0.0186524
2.4359e+08 0.018546
2.43892e+08 0.018221
2.43892e+08 0.018221
2.43903e+08 0.0182594
2.57961e+08 0.0184275
2.58084e+08 0.0183107
2.5814e+08 0.0182978
2.58632e+08 0.0180063
2.58676e+08 0.0179813
2.58676e+08 0.0180187
2.5871e+08 0.0179813
2.58721e+08 0.0186599
2.58755e+08 0.0186342
2.58788e+08 0.0186085
2.58799e+08 0.0185956
2.58889e+08 0.01857
2.58889e+08 0.01857
2.59515e+08 0.0185956
2.59526e+08 0.0186212
2.59526e+08 0.0186212
2.59571e+08 0.0185828
2.59604e+08 0.0185956
2.59638e+08 0.0185827
2.59638e+08 0.0186212
2.59638e+08 0.0186212
2.59772e+08 0.0185063
2.59884e+08 0.0184179
2.59929e+08 0.0184683
2.60163e+08 0.0185444
2.60163e+08 0.0185444
2.60163e+08 0.0185572
2.71731e+08 0.0219132
2.71765e+08 0.0220565
2.71832e+08 0.0220385
2.74223e+08 0.0193532
2.74805e+08 0.0187094
2.74805e+08 0.0187094
2.7505e+08 0.0184663
2.75106e+08 0.0184159
2.75185e+08 0.0190072
2.75386e+08 0.0188156
2.75442e+08 0.0187903
2.75509e+08 0.0187275
2.75565e+08 0.0187651
2.75565e+08 0.0187651
2.75755e+08 0.0192687
2.75755e+08 0.019282
2.75755e+08 0.019282
2.75755e+08 0.0193352
2.76046e+08 0.0190328
2.76314e+08 0.018765
2.76336e+08 0.0187398
2.76348e+08 0.0187273
2.76348e+08 0.0188788
2.76348e+08 0.019007
2.76437e+08 0.0189554
2.76974e+08 0.0186152
2.77007e+08 0.0185781
2.77018e+08 0.0185658
2.89261e+08 0.0178513
2.89361e+08 0.0177832
2.8954e+08 0.017671
2.90568e+08 0.0191451
2.92178e+08 0.0180121
2.92211e+08 0.0179774
2.9258e+08 0.0178512
2.92636e+08 0.0178512
2.92636e+08 0.0179313
2.92893e+08 0.0178741
2.92927e+08 0.018477
2.92994e+08 0.0184653
2.93027e+08 0.0185006
2.93128e+08 0.0184535
2.93128e+08 0.0184534
2.93229e+08 0.0185479
2.93229e+08 0.0185479
2.93229e+08 0.0185479
2.93229e+08 0.0185479
2.93352e+08 0.0187277
2.93508e+08 0.0188494
2.93899e+08 0.0184535
2.93922e+08 0.0184418
2.93922e+08 0.0184418
2.93944e+08 0.0184183
2.94e+08 0.0184535
2.94514e+08 0.018477
2.94514e+08 0.0185123
2.94514e+08 0.0185242
3.06774e+08 0.0185061
3.06818e+08 0.0185653
3.06818e+08 0.0187575
3.07109e+08 0.0195939
3.08171e+08 0.0202649
3.08908e+08 0.0194104
3.1006e+08 0.0185415
3.10082e+08 0.0185772
3.10082e+08 0.0185772
3.10082e+08 0.018855
3.10082e+08 0.0188919
3.10082e+08 0.0195433
3.10183e+08 0.0195052
3.10607e+08 0.0190712
3.10954e+08 0.0188082
3.11043e+08 0.0187144
3.112e+08 0.0186563
3.112e+08 0.0186563
3.11211e+08 0.0186447
3.11211e+08 0.0186447
3.11256e+08 0.0187262
3.11278e+08 0.0188675
3.11558e+08 0.018987
3.11681e+08 0.0188795
3.11681e+08 0.0188795
3.11725e+08 0.0188557
3.11882e+08 0.0187496
3.1243e+08 0.0187143
3.12441e+08 0.0187026
3.12452e+08 0.0186909
3.26444e+08 0.0170449
3.26578e+08 0.0169678
3.26656e+08 0.0169009
3.26656e+08 0.0171521
3.27606e+08 0.0172507
3.28299e+08 0.0172905
3.28646e+08 0.0180392
3.28757e+08 0.0179528
3.28825e+08 0.0178886
3.28825e+08 0.0178886
3.2888e+08 0.0178354
3.28959e+08 0.0177615
3.28992e+08 0.0178248
3.28992e+08 0.018419
3.29003e+08 0.018833
3.29372e+08 0.0188102
3.29529e+08 0.018742
3.29696e+08 0.0187306
3.29696e+08 0.0187306
3.29696e+08 0.0187419
3.29741e+08 0.0186967
3.29808e+08 0.0186742
3.29808e+08 0.0186967
3.30121e+08 0.0186629
3.30166e+08 0.0187419
3.30233e+08 0.0186741
3.30311e+08 0.0186405
3.30412e+08 0.0186967
3.31128e+08 0.0185292
3.31195e+08 0.0184739
3.31195e+08 0.0184849
3.45761e+08 0.0179351
3.45772e+08 0.01805
3.45772e+08 0.0181239
3.45839e+08 0.0180605
3.46498e+08 0.0183383
3.46666e+08 0.0188628
3.4803e+08 0.0178731
3.48086e+08 0.0179248
3.48141e+08 0.0179351
3.48175e+08 0.017904
3.48209e+08 0.0179247
3.48231e+08 0.0179767
3.48231e+08 0.018008
3.48287e+08 0.0179559
3.48287e+08 0.0185351
3.48399e+08 0.018439
3.48432e+08 0.0187633
3.48466e+08 0.0188851
3.4898e+08 0.0185458
3.4898e+08 0.0185458
3.49058e+08 0.0184708
3.49058e+08 0.0185136
3.49058e+08 0.0185781
3.49069e+08 0.0185673
3.49293e+08 0.0186539
3.49327e+08 0.0186648
3.49327e+08 0.0187303
3.49416e+08 0.0187194
3.49483e+08 0.0187523
3.50579e+08 0.0183861
3.50646e+08 0.0183861
3.50668e+08 0.018365
3.65262e+08 0.0183385
3.65262e+08 0.018349
3.65329e+08 0.0182861
3.6543e+08 0.0182548
3.66156e+08 0.0181925
3.66402e+08 0.0181204
3.67721e+08 0.0181614
3.67844e+08 0.0180998
3.67934e+08 0.0180691
3.6799e+08 0.0180488
3.68012e+08 0.0180589
3.68023e+08 0.0180691
3.6809e+08 0.0180081
3.68157e+08 0.017998
3.68168e+08 0.0179879
3.68202e+08 0.018059
3.68224e+08 0.0186023
3.68303e+08 0.0185604
3.68414e+08 0.0184876
3.68638e+08 0.018761
3.68683e+08 0.0187184
3.68873e+08 0.0186128
3.68873e+08 0.0186128
3.68906e+08 0.0185814
3.68951e+08 0.01855
3.69119e+08 0.0186023
3.69119e+08 0.0186339
3.69119e+08 0.0186339
3.69219e+08 0.0186234
3.69219e+08 0.0186866
3.70114e+08 0.0188791
3.70114e+08 0.0189441
3.70292e+08 0.0187931
3.85495e+08 0.0182281
3.85495e+08 0.0182281
3.85685e+08 0.018118
3.85864e+08 0.0180486
3.86456e+08 0.0181678
3.86814e+08 0.0180684
3.88356e+08 0.0178726
3.88446e+08 0.0179017
3.88468e+08 0.0179601
3.88569e+08 0.0179211
3.88614e+08 0.0179016
3.88625e+08 0.0179016
3.88725e+08 0.0178726
3.88759e+08 0.0179016
3.8877e+08 0.0179016
3.88792e+08 0.0179114
3.88927e+08 0.0178147
3.88949e+08 0.0183347
3.89139e+08 0.0182364
3.89195e+08 0.0182854
3.8934e+08 0.0183545
3.89418e+08 0.0183248
3.89474e+08 0.0184441
3.89474e+08 0.0184441
3.89508e+08 0.0184441
3.89553e+08 0.0184442
3.89676e+08 0.0184843
3.89687e+08 0.0184743
3.89687e+08 0.0184743
3.89698e+08 0.0185549
3.89698e+08 0.0185549
3.90715e+08 0.0184442
3.9076e+08 0.0184043
3.90916e+08 0.0184242
4.06414e+08 0.0181646
4.06481e+08 0.0181065
4.06715e+08 0.018068
4.07017e+08 0.0179631
4.07599e+08 0.0179725
4.07856e+08 0.0180584
4.09499e+08 0.0179725
4.0951e+08 0.0180393
4.09555e+08 0.0180202
4.09733e+08 0.0179536
4.09756e+08 0.0179725
4.09756e+08 0.017982
4.09789e+08 0.0180393
4.09991e+08 0.0178968
4.10058e+08 0.0178499
4.10158e+08 0.0177845
4.10292e+08 0.0177845
4.10292e+08 0.0178031
4.10337e+08 0.0179251
4.10337e+08 0.0184523
4.10404e+08 0.0184426
4.10415e+08 0.01856
4.10427e+08 0.0186192
4.10471e+08 0.0186292
4.10471e+08 0.0186292
4.10482e+08 0.018649
4.10527e+08 0.018649
4.10751e+08 0.0185601
4.10751e+08 0.0185699
4.10874e+08 0.0184621
4.10885e+08 0.0184621
4.10885e+08 0.0184621
4.11489e+08 0.0188296
4.11779e+08 0.0186094
4.11947e+08 0.0185995
4.27662e+08 0.0184092
4.27829e+08 0.0183224
4.28075e+08 0.0183128
4.2831e+08 0.0183705
4.2898e+08 0.0182937
4.29003e+08 0.0184968
4.31104e+08 0.0181044
4.31194e+08 0.0180391
4.31194e+08 0.0180764
4.31194e+08 0.018227
4.31305e+08 0.0181514
4.31305e+08 0.0181514
4.31328e+08 0.0181608
4.31428e+08 0.018246
4.31473e+08 0.0182651
4.3173e+08 0.0181326
4.31764e+08 0.0182175
4.31764e+08 0.0182175
4.31808e+08 0.0182175
4.31831e+08 0.0181986
4.31842e+08 0.0187088
4.31842e+08 0.0187673
4.31876e+08 0.0187478
4.31931e+08 0.0187088
4.31976e+08 0.0187088
4.31976e+08 0.0187088
4.32032e+08 0.01867
4.32133e+08 0.0186217
4.32189e+08 0.0187673
4.32189e+08 0.0187673
4.32479e+08 0.0186217
4.32524e+08 0.0185929
4.32524e+08 0.0185929
4.33273e+08 0.0184689
4.33351e+08 0.0186506
4.33351e+08 0.0187967
4.48877e+08 0.0189638
4.48877e+08 0.0191148
4.49079e+08 0.0191555
4.49146e+08 0.0193096
4.50375e+08 0.0188053
4.50498e+08 0.0187173
4.52689e+08 0.0186398
4.52689e+08 0.0187173
4.52689e+08 0.0187173
4.52801e+08 0.0186205
4.53024e+08 0.0185247
4.53024e+08 0.0185247
4.53102e+08 0.0184772
4.53102e+08 0.0185629
4.53136e+08 0.0185725
4.53158e+08 0.0187759
4.53192e+08 0.0187759
4.53192e+08 0.0187759
4.53214e+08 0.0187955
4.53304e+08 0.0187368
4.53304e+08 0.0187465
4.53415e+08 0.0186494
4.53494e+08 0.0190982
4.5355e+08 0.0190785
4.53706e+08 0.0189904
4.53706e+08 0.0190294
4.53762e+08 0.0189806
4.53762e+08 0.0190294
4.53829e+08 0.0190589
4.53885e+08 0.0190589
4.5393e+08 0.0190197
4.54276e+08 0.0189709
4.54298e+08 0.0189904
4.54298e+08 0.0189904
4.55349e+08 0.0187308
4.55383e+08 0.0187688
4.55394e+08 0.0187593
4.71276e+08 0.0184616
4.71443e+08 0.0183244
4.71846e+08 0.0181625
4.72159e+08 0.0179685
4.73366e+08 0.0179859
4.73522e+08 0.0179597
4.74349e+08 0.0190904
4.74606e+08 0.0188665
4.74696e+08 0.0187898
4.74897e+08 0.0187138
4.75053e+08 0.0187707
4.75221e+08 0.0186289
4.75221e+08 0.0186948
4.75277e+08 0.0186477
4.75389e+08 0.0185822
4.75456e+08 0.0185449
4.75624e+08 0.0184341
4.75657e+08 0.0184066
4.75769e+08 0.0183336
4.7597e+08 0.0182432
4.76026e+08 0.0181983
4.76171e+08 0.0181715
4.76216e+08 0.0181983
4.76216e+08 0.0186902
4.76283e+08 0.018681
4.76305e+08 0.0187918
4.76305e+08 0.0187918
4.76305e+08 0.0188384
4.76305e+08 0.0188384
4.76473e+08 0.0187547
4.7654e+08 0.0187455
4.7654e+08 0.0187825
4.7673e+08 0.0189134
4.77088e+08 0.0186352
4.772e+08 0.0185442
4.78228e+08 0.0185624
4.78284e+08 0.0185443
4.78284e+08 0.0185533
4.94539e+08 0.0182554
4.94584e+08 0.0183524
4.95098e+08 0.0182642
4.95377e+08 0.0182905
4.96059e+08 0.0187139
4.96104e+08 0.0188066
4.97009e+08 0.0187417
4.97121e+08 0.0188626
4.9721e+08 0.0188626
4.97523e+08 0.0187694
4.97646e+08 0.0187973
4.97646e+08 0.0189378
4.9768e+08 0.0189095
4.97725e+08 0.0189189
4.97725e+08 0.0190136
4.97758e+08 0.0190422
4.97758e+08 0.0191864
4.97758e+08 0.0192155
4.9778e+08 0.0192935
4.97926e+08 0.0193427
4.98049e+08 0.0192838
4.98272e+08 0.0192155
4.98585e+08 0.0189851
4.98708e+08 0.0188813
4.98921e+08 0.0191969
4.99032e+08 0.0191592
4.99032e+08 0.0191781
4.99144e+08 0.0190842
4.99144e+08 0.0190842
4.99144e+08 0.0190842
4.99245e+08 0.0191404
4.99312e+08 0.0191404
4.99368e+08 0.0190936
4.99412e+08 0.0192159
4.99468e+08 0.019475
4.99513e+08 0.0195335
5.00273e+08 0.0197712
5.00742e+08 0.0194072
5.01167e+08 0.019047
5.18552e+08 0.018151
5.18641e+08 0.0181173
5.18831e+08 0.0183647
5.19323e+08 0.0182018
5.19725e+08 0.0184167
5.19971e+08 0.0182615
5.2034e+08 0.0186815
5.21e+08 0.0182531
5.21111e+08 0.018236
5.21167e+08 0.0184343
5.21234e+08 0.0184779
5.21324e+08 0.0184081
5.21402e+08 0.0183734
5.21693e+08 0.0181849
5.21737e+08 0.018151
5.21771e+08 0.018151
5.21771e+08 0.018151
5.21771e+08 0.018151
5.21771e+08 0.0181679
5.21782e+08 0.0182701
5.21983e+08 0.0182104
5.22028e+08 0.0183475
5.22319e+08 0.0183647
5.22598e+08 0.0182445
5.2271e+08 0.0183216
5.22833e+08 0.018313
5.22844e+08 0.0187737
5.22844e+08 0.0187737
5.23291e+08 0.018513
5.23291e+08 0.018513
5.23291e+08 0.018513
5.23381e+08 0.0185216
5.23381e+08 0.0185732
5.23381e+08 0.0186164
5.23403e+08 0.0186338
5.23403e+08 0.0186773
5.23403e+08 0.0187122
5.23671e+08 0.0191055
5.24129e+08 0.0191146
5.24197e+08 0.0194115
5.42963e+08 0.0183132
5.43052e+08 0.0183131
5.43164e+08 0.018372
5.43175e+08 0.0187421
5.43309e+08 0.0189553
5.43466e+08 0.0190274
5.4351e+08 0.0192936
5.4389e+08 0.0195291
5.44226e+08 0.0193402
5.44628e+08 0.0190546
5.44628e+08 0.0191093
5.44784e+08 0.0190547
5.45086e+08 0.0188748
5.45623e+08 0.0186809
5.45634e+08 0.0187071
5.45679e+08 0.0186984
5.45701e+08 0.0186809
5.45701e+08 0.0186809
5.45723e+08 0.0186634
5.45746e+08 0.0186547
5.45835e+08 0.0187421
5.45914e+08 0.0187158
5.4607e+08 0.0188215
5.46104e+08 0.0190184
5.46104e+08 0.0191092
5.46227e+08 0.0191092
5.46227e+08 0.0191184
5.46417e+08 0.0194384
5.46484e+08 0.0193832
5.46718e+08 0.0195589
5.46774e+08 0.0195124
5.46875e+08 0.0194292
5.46875e+08 0.0195031
5.47143e+08 0.0192829
5.47143e+08 0.0192829
5.4721e+08 0.0192467
5.4721e+08 0.0192467
5.4721e+08 0.0192467
5.473e+08 0.0193924
5.47747e+08 0.0194016
5.47747e+08 0.0194568
5.67687e+08 0.0185323
5.67844e+08 0.0184823
5.67866e+08 0.0185492
5.67889e+08 0.0185408
5.6809e+08 0.0184906
5.68179e+08 0.0185407
5.68258e+08 0.0185156
5.6828e+08 0.0187871
5.68604e+08 0.0187957
5.69018e+08 0.0187871
5.69018e+08 0.0187871
5.69185e+08 0.0187785
5.69409e+08 0.0188389
5.69722e+08 0.0190137
5.69722e+08 0.0190225
5.69845e+08 0.0189609
5.70068e+08 0.0188044
5.70068e+08 0.0188044
5.70113e+08 0.0187872
5.70191e+08 0.0187442
5.70862e+08 0.018309
5.70884e+08 0.0183499
5.70884e+08 0.0184656
5.71085e+08 0.0183417
5.71108e+08 0.0183253
5.71108e+08 0.0184159
5.71119e+08 0.0184076
5.71119e+08 0.0185492
5.71197e+08 0.0185408
5.71197e+08 0.018993
5.71298e+08 0.0190967
5.71343e+08 0.0191053
5.71432e+08 0.019114
5.71432e+08 0.019114
5.71499e+08 0.0192719
5.71499e+08 0.0192719
5.71499e+08 0.0193251
5.71499e+08 0.0193251
5.71499e+08 0.0193251
5.71633e+08 0.0192896
5.71633e+08 0.0196506
5.71633e+08 0.0196506
5.93143e+08 0.0184391
5.93177e+08 0.0185286
5.93188e+08 0.0185368
5.93199e+08 0.018545
5.93266e+08 0.0186438
5.93278e+08 0.0187019
5.93311e+08 0.0187353
5.93322e+08 0.0187437
5.93401e+08 0.0189295
5.93423e+08 0.0192329
5.93445e+08 0.0192153
5.9377e+08 0.019093
5.93803e+08 0.0192417
5.94161e+08 0.0192065
5.94161e+08 0.0192065
5.94284e+08 0.0192065
5.9434e+08 0.0193392
5.94395e+08 0.0192948
5.94395e+08 0.0193303
5.94474e+08 0.0193303
5.9482e+08 0.0195918
5.94887e+08 0.0195553
5.94887e+08 0.0195553
5.95435e+08 0.0192771
5.95468e+08 0.0192682
5.95591e+08 0.0191715
5.95591e+08 0.0191802
5.95591e+08 0.0191802
5.95737e+08 0.0191278
5.95737e+08 0.0191278
5.95916e+08 0.0194415
5.95916e+08 0.0195209
5.95938e+08 0.0195387
5.96072e+08 0.0195032
5.96139e+08 0.0194503
5.96139e+08 0.0195032
5.96139e+08 0.0195032
5.96229e+08 0.0194327
5.96229e+08 0.0194327
5.96408e+08 0.0192932
5.96463e+08 0.019354
5.96519e+08 0.0193105
5.96519e+08 0.0193105
6.18775e+08 0.0187485
6.1883e+08 0.0187329
6.1883e+08 0.018741
6.1883e+08 0.0187492
6.18888e+08 0.0187565
6.18899e+08 0.0187565
6.18931e+08 0.0187572
6.18931e+08 0.0187654
6.19022e+08 0.0187562
6.19108e+08 0.0187097
6.19142e+08 0.0187016
6.19279e+08 0.0188385
6.19324e+08 0.0188301
6.19358e+08 0.019072
6.19393e+08 0.0190458
6.19393e+08 0.019139
6.19403e+08 0.0191738
6.19403e+08 0.0192166
6.19426e+08 0.0191994
6.19459e+08 0.0192336
6.19528e+08 0.0194502
6.19549e+08 0.019486
6.19549e+08 0.0194859
6.19606e+08 0.019882
6.19631e+08 0.0198884
6.19643e+08 0.0199808
6.19662e+08 0.0199646
6.19662e+08 0.0199645
6.19731e+08 0.0200283
6.19753e+08 0.0200096
6.19814e+08 0.0201083
6.19837e+08 0.0200895
6.19837e+08 0.0205567
6.19837e+08 0.0205759
6.19837e+08 0.0206921
6.19848e+08 0.0207408
6.19859e+08 0.0207311
6.19859e+08 0.0207311
6.19859e+08 0.0208095
6.19859e+08 0.0208095
6.19859e+08 0.0209682
6.19904e+08 0.0209782
6.19915e+08 0.0210183
6.19926e+08 0.0210083
6.2908e+08 0.047719
6.2917e+08 0.04756
6.29214e+08 0.0473554
