5.41574e+06 0.00206389
8.35067e+06 0.00380789
8.35069e+06 0.00761572
9.57503e+06 0.0182558
9.5751e+06 0.0182551
1.19788e+07 0.00929854
1.19788e+07 0.0139478
1.19788e+07 0.0139481
1.4338e+07 0.0142118
1.43605e+07 0.0140776
1.43605e+07 0.0187701
1.43605e+07 0.0187701
1.7367e+07 0.0147582
1.75013e+07 0.0142332
1.75013e+07 0.0142332
1.75013e+07 0.0142332
1.75013e+07 0.0177914
2.08336e+07 0.0161193
2.10572e+07 0.0157141
2.10573e+07 0.0157141
2.10573e+07 0.0157141
2.10573e+07 0.0157141
2.10573e+07 0.0188569
2.49042e+07 0.0164732
2.49826e+07 0.0170828
2.49826e+07 0.0170828
2.49826e+07 0.0170828
2.49826e+07 0.0170828
2.49826e+07 0.0170828
2.49826e+07 0.0199299
2.89303e+07 0.0194309
2.9031e+07 0.0193239
2.9031e+07 0.0193239
2.9031e+07 0.0193238
2.9031e+07 0.0193238
2.90422e+07 0.0192706
2.90422e+07 0.0192706
3.37947e+07 0.0160825
3.38059e+07 0.0183379
3.38171e+07 0.0186804
3.38171e+07 0.0186803
3.38172e+07 0.0186803
3.38283e+07 0.0186368
3.38507e+07 0.0185934
3.38619e+07 0.0185502
3.89165e+07 0.0174561
3.89165e+07 0.0174942
3.89165e+07 0.0196809
3.89836e+07 0.0194681
3.90284e+07 0.0193012
3.90284e+07 0.0193012
3.90284e+07 0.0193427
3.90284e+07 0.0194263
3.90284e+07 0.0194683
4.47861e+07 0.0171362
4.47861e+07 0.0171362
4.47861e+07 0.0171363
4.48308e+07 0.0172019
4.48421e+07 0.0190766
4.48421e+07 0.0192233
4.48421e+07 0.0192233
4.48421e+07 0.0192233
4.48421e+07 0.0192233
4.48421e+07 0.0192234
5.13729e+07 0.0169672
5.13729e+07 0.0169672
5.13952e+07 0.0169098
5.14064e+07 0.0169961
5.144e+07 0.0169385
5.144e+07 0.0186323
5.144e+07 0.0186323
5.144e+07 0.0186323
5.144e+07 0.0186323
5.144e+07 0.0186323
5.144e+07 0.0186323
5.83879e+07 0.0175244
5.83879e+07 0.0175244
5.84103e+07 0.0175244
5.84215e+07 0.0175244
5.84215e+07 0.0176086
5.84215e+07 0.0176086
5.84215e+07 0.0176086
5.84215e+07 0.0192094
5.84215e+07 0.0192093
5.84215e+07 0.0192093
5.84215e+07 0.0192093
5.84215e+07 0.0192093
6.62291e+07 0.0171034
6.62291e+07 0.0171034
6.62403e+07 0.0171278
6.62403e+07 0.0171523
6.62403e+07 0.0171523
6.62403e+07 0.0171523
6.62403e+07 0.0171523
6.62403e+07 0.0171523
6.62403e+07 0.0185816
6.62403e+07 0.0185817
6.62403e+07 0.0185817
6.62403e+07 0.0185816
6.62404e+07 0.0185816
7.43907e+07 0.0178011
7.44019e+07 0.0177768
7.44131e+07 0.0177768
7.44131e+07 0.0177768
7.44131e+07 0.0177768
7.44131e+07 0.0177768
7.44131e+07 0.0177768
7.44131e+07 0.0177767
7.44131e+07 0.0177767
7.44132e+07 0.0191442
7.44132e+07 0.0191442
7.44132e+07 0.0191442
7.44132e+07 0.0191442
7.44132e+07 0.0191442
8.33146e+07 0.0175329
8.33259e+07 0.0175328
8.33371e+07 0.0175327
8.33371e+07 0.0175327
8.33371e+07 0.0175327
8.33371e+07 0.0175327
8.33371e+07 0.0175327
8.33371e+07 0.0175327
8.33372e+07 0.0175327
8.33372e+07 0.0175327
8.33372e+07 0.0175327
8.33372e+07 0.018785
8.33372e+07 0.018785
8.33372e+07 0.018785
8.33372e+07 0.018785
9.28727e+07 0.0175389
9.28839e+07 0.0175389
9.28952e+07 0.0175389
9.28952e+07 0.0175389
9.28952e+07 0.0175389
9.28952e+07 0.0175389
9.28952e+07 0.0175389
9.28952e+07 0.0175389
9.28952e+07 0.017539
9.28952e+07 0.017539
9.28952e+07 0.017539
9.28952e+07 0.017539
9.28952e+07 0.0187082
9.28953e+07 0.0187082
9.28953e+07 0.0187082
9.28953e+07 0.0187082
1.0287e+08 0.0178855
1.02926e+08 0.017806
1.02926e+08 0.017826
1.02949e+08 0.0177863
1.02949e+08 0.0177863
1.0296e+08 0.0177665
1.0296e+08 0.0177665
1.0296e+08 0.0177665
1.0296e+08 0.0177665
1.0296e+08 0.0177665
1.0296e+08 0.0177665
1.0296e+08 0.0177665
1.0296e+08 0.0177665
1.0296e+08 0.0177665
1.0296e+08 0.0188768
1.0296e+08 0.0188767
1.0296e+08 0.0188767
1.13475e+08 0.0179153
1.13475e+08 0.0180102
1.13486e+08 0.0179911
1.13498e+08 0.0180101
1.13498e+08 0.0180101
1.13498e+08 0.0180292
1.13498e+08 0.0180292
1.13498e+08 0.0180292
1.13498e+08 0.0180292
1.13498e+08 0.0180292
1.13498e+08 0.0180292
1.13498e+08 0.0180292
1.13498e+08 0.0180292
1.13498e+08 0.0180292
1.13509e+08 0.0180102
1.13509e+08 0.0190696
1.13509e+08 0.0190696
1.1352e+08 0.0190494
1.2458e+08 0.0181152
1.24591e+08 0.018097
1.24591e+08 0.0181152
1.24625e+08 0.0180788
1.24625e+08 0.0180788
1.24625e+08 0.0180789
1.24625e+08 0.0180789
1.24625e+08 0.0180789
1.24625e+08 0.0180789
1.24625e+08 0.0180789
1.24625e+08 0.0180789
1.24625e+08 0.0180789
1.24625e+08 0.0180789
1.24625e+08 0.0180789
1.24625e+08 0.018097
1.24625e+08 0.018097
1.24625e+08 0.018097
1.24625e+08 0.0191024
1.24625e+08 0.0191217
1.36289e+08 0.0181354
1.363e+08 0.0181354
1.363e+08 0.0181353
1.36345e+08 0.0181181
1.36345e+08 0.0181181
1.36345e+08 0.018118
1.36345e+08 0.018118
1.36345e+08 0.018118
1.36345e+08 0.018118
1.36345e+08 0.018118
1.36345e+08 0.018118
1.36345e+08 0.018118
1.36345e+08 0.018118
1.36345e+08 0.018118
1.36345e+08 0.018118
1.36345e+08 0.018118
1.36345e+08 0.018118
1.36345e+08 0.018118
1.36345e+08 0.0190716
1.36345e+08 0.0190716
1.48634e+08 0.0181059
1.48656e+08 0.0180895
1.48667e+08 0.0180732
1.48701e+08 0.0180895
1.48712e+08 0.0180732
1.48712e+08 0.0180732
1.48712e+08 0.0180732
1.48712e+08 0.0180731
1.48712e+08 0.0180731
1.48712e+08 0.0180731
1.48712e+08 0.018073
1.48712e+08 0.018073
1.48712e+08 0.018073
1.48712e+08 0.018073
1.48712e+08 0.0180729
1.48712e+08 0.0180729
1.48712e+08 0.0180729
1.48712e+08 0.0180729
1.48712e+08 0.0180729
1.48712e+08 0.0180729
1.48724e+08 0.0189594
1.61594e+08 0.0181089
1.61605e+08 0.0181246
1.61627e+08 0.018109
1.61661e+08 0.0181089
1.61672e+08 0.0181089
1.61672e+08 0.0181089
1.61672e+08 0.018109
1.61695e+08 0.0180778
1.61695e+08 0.0180778
1.61706e+08 0.0180623
1.61706e+08 0.0180623
1.61706e+08 0.0180623
1.61706e+08 0.0180623
1.61706e+08 0.0180623
1.6174e+08 0.0180157
1.6174e+08 0.0180157
1.6174e+08 0.0180157
1.6174e+08 0.0180157
1.6174e+08 0.0180157
1.61751e+08 0.0180002
1.61784e+08 0.0179694
1.61784e+08 0.0188251
1.74567e+08 0.0189528
1.74567e+08 0.0189691
1.746e+08 0.0189528
1.74678e+08 0.0188877
1.74678e+08 0.0189039
1.74678e+08 0.0189039
1.74678e+08 0.0189039
1.7469e+08 0.0189202
1.7469e+08 0.0189202
1.7469e+08 0.0189365
1.7469e+08 0.0189365
1.7469e+08 0.0189365
1.7469e+08 0.0189365
1.7469e+08 0.0189365
1.74712e+08 0.0189529
1.74712e+08 0.0189529
1.74712e+08 0.0189529
1.74712e+08 0.0189529
1.74735e+08 0.0189202
1.74746e+08 0.0189203
1.74813e+08 0.0188715
1.74824e+08 0.0188553
1.88066e+08 0.0182127
1.88066e+08 0.0190406
1.88066e+08 0.0190406
1.88078e+08 0.0190722
1.88122e+08 0.0191197
1.88122e+08 0.0191197
1.88122e+08 0.0191196
1.88122e+08 0.0191196
1.88156e+08 0.0190879
1.88212e+08 0.019009
1.88212e+08 0.019009
1.88212e+08 0.019009
1.88223e+08 0.0189933
1.88223e+08 0.0189932
1.88234e+08 0.0189776
1.88302e+08 0.0189152
1.88302e+08 0.0189152
1.88302e+08 0.0189152
1.88313e+08 0.0188996
1.88324e+08 0.0189152
1.88324e+08 0.0189308
1.88481e+08 0.018807
1.88481e+08 0.0188223
2.02267e+08 0.0181008
2.02267e+08 0.0181008
2.02267e+08 0.0188878
2.02267e+08 0.0188878
2.02278e+08 0.0188878
2.02323e+08 0.0188878
2.02323e+08 0.0188877
2.02323e+08 0.0188878
2.02323e+08 0.0188878
2.02323e+08 0.0189324
2.02335e+08 0.0189924
2.02335e+08 0.0189924
2.02335e+08 0.0189924
2.02402e+08 0.0189175
2.02458e+08 0.0188432
2.02469e+08 0.0188433
2.02502e+08 0.0188878
2.02514e+08 0.0188729
2.02569e+08 0.018799
2.02569e+08 0.0188137
2.02581e+08 0.0188137
2.02625e+08 0.0187549
2.02726e+08 0.0188285
2.0276e+08 0.0187843
2.1704e+08 0.0181561
2.1704e+08 0.0181561
2.1704e+08 0.0181561
2.1704e+08 0.0181561
2.1704e+08 0.0189126
2.17051e+08 0.0189126
2.17085e+08 0.0189269
2.17096e+08 0.0189127
2.17096e+08 0.0189127
2.17096e+08 0.0189127
2.1713e+08 0.0188698
2.1713e+08 0.018884
2.1713e+08 0.018884
2.1713e+08 0.018884
2.17152e+08 0.0189413
2.17164e+08 0.0189988
2.17175e+08 0.0189988
2.17186e+08 0.0190277
2.17208e+08 0.0190133
2.17275e+08 0.0189988
2.17275e+08 0.0189988
2.1732e+08 0.0189556
2.1732e+08 0.0190132
2.17477e+08 0.0189412
2.17533e+08 0.0189126
2.32353e+08 0.018246
2.32364e+08 0.0182327
2.32364e+08 0.0182327
2.32364e+08 0.0182327
2.32364e+08 0.0182327
2.32364e+08 0.018962
2.32364e+08 0.0189758
2.3242e+08 0.0189482
2.3242e+08 0.018962
2.3242e+08 0.018962
2.32431e+08 0.0189482
2.32454e+08 0.0189621
2.3251e+08 0.0188932
2.3251e+08 0.0188932
2.3251e+08 0.0188932
2.3251e+08 0.0189207
2.32521e+08 0.0189207
2.32554e+08 0.0188932
2.32599e+08 0.0188521
2.32599e+08 0.0188795
2.327e+08 0.0188384
2.32778e+08 0.0187433
2.32789e+08 0.0187839
2.32801e+08 0.0187704
2.32901e+08 0.0188384
2.32912e+08 0.0188931
2.48353e+08 0.0181605
2.48364e+08 0.0181605
2.48376e+08 0.0181478
2.48387e+08 0.0181351
2.48398e+08 0.0181225
2.48398e+08 0.0181225
2.48409e+08 0.0181099
2.48409e+08 0.0188064
2.48454e+08 0.0188196
2.48454e+08 0.0188196
2.48476e+08 0.0187934
2.48476e+08 0.0188065
2.48487e+08 0.0188196
2.48532e+08 0.0188327
2.48544e+08 0.0188195
2.48544e+08 0.0188195
2.48577e+08 0.0187802
2.48599e+08 0.0187672
2.486e+08 0.0188064
2.48611e+08 0.0188458
2.48611e+08 0.0188458
2.48723e+08 0.0188327
2.48767e+08 0.0188722
2.48778e+08 0.0188722
2.48778e+08 0.0188854
2.48857e+08 0.0189118
2.48969e+08 0.0187934
2.64919e+08 0.0182156
2.64974e+08 0.0181666
2.64975e+08 0.0181788
2.64986e+08 0.0181787
2.64986e+08 0.018191
2.64986e+08 0.018191
2.64986e+08 0.0182032
2.64986e+08 0.0182033
2.65008e+08 0.018852
2.65031e+08 0.0188775
2.65075e+08 0.0188267
2.65075e+08 0.018852
2.65086e+08 0.0188394
2.65086e+08 0.018852
2.6521e+08 0.0187634
2.65232e+08 0.0187508
2.65232e+08 0.0187508
2.65232e+08 0.0187886
2.65232e+08 0.0188139
2.65232e+08 0.0188139
2.65232e+08 0.0188266
2.65232e+08 0.0188266
2.65288e+08 0.0188901
2.65288e+08 0.0189413
2.65299e+08 0.0189412
2.65322e+08 0.0189156
2.65445e+08 0.0188646
2.65501e+08 0.0189284
2.8217e+08 0.0181395
2.82203e+08 0.018163
2.82203e+08 0.018163
2.82203e+08 0.0181748
2.82203e+08 0.0181748
2.82203e+08 0.0181748
2.82237e+08 0.0181395
2.8227e+08 0.0181043
2.82304e+08 0.0180926
2.82304e+08 0.018116
2.82304e+08 0.018763
2.82304e+08 0.0188117
2.82326e+08 0.0187873
2.82338e+08 0.0187873
2.82338e+08 0.0187873
2.82561e+08 0.0186783
2.82561e+08 0.0187024
2.82561e+08 0.0187024
2.82561e+08 0.0187024
2.82561e+08 0.0187024
2.82561e+08 0.0187024
2.82573e+08 0.0186903
2.82573e+08 0.0186903
2.82629e+08 0.0186903
2.82651e+08 0.0186663
2.82673e+08 0.0186542
2.82673e+08 0.0186783
2.8274e+08 0.0187387
2.82886e+08 0.0186422
3.0001e+08 0.0181663
3.00167e+08 0.018042
3.00167e+08 0.018042
3.00167e+08 0.018042
3.00167e+08 0.018042
3.00178e+08 0.0180308
3.00178e+08 0.0180644
3.00178e+08 0.0180982
3.00201e+08 0.0181095
3.00201e+08 0.0181095
3.00201e+08 0.0181095
3.00212e+08 0.0187222
3.00223e+08 0.0187105
3.00234e+08 0.0187222
3.00312e+08 0.0186524
3.00312e+08 0.0186524
3.00436e+08 0.0187576
3.00447e+08 0.0187458
3.00469e+08 0.0187224
3.00469e+08 0.0187224
3.00469e+08 0.0187224
3.00469e+08 0.0187224
3.00469e+08 0.0187341
3.00469e+08 0.0187341
3.00492e+08 0.0187693
3.00492e+08 0.0187928
3.00592e+08 0.0187107
3.00604e+08 0.018699
3.00648e+08 0.0187224
3.00771e+08 0.0187458
3.18593e+08 0.0180425
3.1866e+08 0.0181298
3.1866e+08 0.0181298
3.1866e+08 0.0181298
3.1866e+08 0.0181298
3.1866e+08 0.0181407
3.18705e+08 0.0180968
3.18705e+08 0.0180968
3.18828e+08 0.0179991
3.18828e+08 0.0179991
3.18828e+08 0.0179991
3.1885e+08 0.0179883
3.18862e+08 0.0179883
3.18884e+08 0.0185657
3.18895e+08 0.0185657
3.18951e+08 0.0185879
3.18951e+08 0.0185879
3.18973e+08 0.0186888
3.18973e+08 0.0187002
3.18996e+08 0.0187002
3.18996e+08 0.0187002
3.19007e+08 0.0186889
3.19007e+08 0.0186889
3.19007e+08 0.0186889
3.19007e+08 0.0186889
3.1903e+08 0.0186888
3.1903e+08 0.0186888
3.19354e+08 0.018466
3.19354e+08 0.018477
3.19365e+08 0.0185101
3.1941e+08 0.0185878
3.37552e+08 0.0182738
3.37608e+08 0.0182846
3.37619e+08 0.0182738
3.37619e+08 0.0182738
3.37619e+08 0.0182738
3.37664e+08 0.0182307
3.37832e+08 0.0181134
3.37843e+08 0.0181028
3.37899e+08 0.0181665
3.37899e+08 0.0181665
3.3791e+08 0.0181558
3.37921e+08 0.0181665
3.37932e+08 0.0181665
3.37932e+08 0.0181878
3.37933e+08 0.0187745
3.37944e+08 0.0187745
3.37955e+08 0.0188187
3.37955e+08 0.0188187
3.38022e+08 0.0187745
3.38033e+08 0.0187635
3.38067e+08 0.0187525
3.38067e+08 0.0187525
3.38167e+08 0.0186649
3.38168e+08 0.0186649
3.38168e+08 0.0186649
3.3819e+08 0.0186432
3.38201e+08 0.0186541
3.38212e+08 0.0186432
3.38369e+08 0.0188076
3.38369e+08 0.0188076
3.38414e+08 0.0187745
3.38526e+08 0.0187086
3.57122e+08 0.0182738
3.57167e+08 0.0182843
3.57178e+08 0.0182843
3.57212e+08 0.018253
3.57245e+08 0.0182218
3.57268e+08 0.0182426
3.57492e+08 0.0181906
3.57492e+08 0.0182009
3.57525e+08 0.0182217
3.57525e+08 0.0182217
3.57537e+08 0.0182217
3.57537e+08 0.018232
3.57548e+08 0.018232
3.57548e+08 0.018232
3.57548e+08 0.018232
3.57548e+08 0.0182424
3.57548e+08 0.0188125
3.57559e+08 0.0188125
3.5757e+08 0.0188018
3.57794e+08 0.018653
3.57794e+08 0.0186636
3.57839e+08 0.018653
3.57839e+08 0.018653
3.57895e+08 0.0186953
3.57895e+08 0.0186953
3.57895e+08 0.0186953
3.57895e+08 0.0187165
3.57895e+08 0.0187271
3.57895e+08 0.0187378
3.58085e+08 0.0187059
3.58096e+08 0.0186953
3.58163e+08 0.0186741
3.58275e+08 0.018674
3.77314e+08 0.0182647
3.7737e+08 0.0182547
3.7737e+08 0.0182648
3.77404e+08 0.0182648
3.77404e+08 0.0182952
3.77415e+08 0.0183053
3.77606e+08 0.0183358
3.77606e+08 0.0183358
3.77639e+08 0.0183358
3.77639e+08 0.0183358
3.77673e+08 0.0183155
3.77706e+08 0.018285
3.77706e+08 0.0182952
3.77706e+08 0.0182952
3.77706e+08 0.0182952
3.77774e+08 0.0182345
3.77774e+08 0.0182345
3.77807e+08 0.0187559
3.77852e+08 0.0187249
3.77885e+08 0.0187043
3.77997e+08 0.0188078
3.77997e+08 0.0188078
3.78064e+08 0.018787
3.78087e+08 0.0187662
3.78165e+08 0.0187456
3.78176e+08 0.0187352
3.78176e+08 0.0187352
3.78187e+08 0.0187249
3.78187e+08 0.0187249
3.78199e+08 0.0187146
3.78378e+08 0.0187249
3.78378e+08 0.0187352
3.78389e+08 0.0187869
3.78546e+08 0.0187454
3.98139e+08 0.018247
3.98172e+08 0.0182667
3.98172e+08 0.0182667
3.98172e+08 0.0182962
3.98172e+08 0.0182962
3.98183e+08 0.0182962
3.98374e+08 0.0182962
3.98385e+08 0.0182863
3.98385e+08 0.0183159
3.98419e+08 0.0182863
3.98441e+08 0.0182962
3.98441e+08 0.0183257
3.98441e+08 0.0183258
3.98441e+08 0.0183258
3.98441e+08 0.0183258
3.98486e+08 0.0183456
3.98497e+08 0.0183357
3.98586e+08 0.0182864
3.98586e+08 0.0183258
3.98609e+08 0.0188445
3.98631e+08 0.0188546
3.9881e+08 0.0187938
3.9881e+08 0.0187938
3.98922e+08 0.0187535
3.98933e+08 0.0187636
3.99056e+08 0.0187234
3.99056e+08 0.0187334
3.99067e+08 0.0187234
3.99079e+08 0.0187234
3.99079e+08 0.0187234
3.99079e+08 0.0187334
3.99213e+08 0.0187736
3.99213e+08 0.0187736
3.99224e+08 0.0187736
3.99426e+08 0.0187334
4.19577e+08 0.0182453
4.196e+08 0.0182549
4.196e+08 0.0182549
4.196e+08 0.0182549
4.196e+08 0.0182549
4.19633e+08 0.0182358
4.19913e+08 0.0181601
4.19958e+08 0.0181319
4.1998e+08 0.0181131
4.20003e+08 0.0181225
4.20003e+08 0.0181413
4.20003e+08 0.0181413
4.20014e+08 0.0181319
4.20014e+08 0.0181319
4.20036e+08 0.0181132
4.20047e+08 0.0181413
4.20059e+08 0.0181413
4.20103e+08 0.018179
4.20103e+08 0.018179
4.20148e+08 0.0181602
4.20148e+08 0.018679
4.2017e+08 0.018679
4.2026e+08 0.0187569
4.2026e+08 0.0187569
4.2045e+08 0.0186886
4.2045e+08 0.0186984
4.20484e+08 0.0187764
4.20495e+08 0.0187666
4.20495e+08 0.0187764
4.20506e+08 0.0187764
4.20506e+08 0.0187764
4.20529e+08 0.0187568
4.20596e+08 0.0188157
4.20652e+08 0.0187666
4.20708e+08 0.0187275
4.20831e+08 0.0187959
4.41619e+08 0.0182532
4.41619e+08 0.0182717
4.41619e+08 0.0182717
4.41619e+08 0.0182717
4.41619e+08 0.0182717
4.41619e+08 0.0182996
4.421e+08 0.0181336
4.42145e+08 0.0181337
4.42145e+08 0.018152
4.42145e+08 0.0181703
4.42145e+08 0.0181703
4.42167e+08 0.018152
4.42167e+08 0.0181611
4.42167e+08 0.0181611
4.42179e+08 0.0181703
4.42179e+08 0.0181794
4.42179e+08 0.0181886
4.42179e+08 0.0182255
4.42179e+08 0.0182255
4.4219e+08 0.0182532
4.4219e+08 0.0182532
4.4219e+08 0.0182718
4.42201e+08 0.0187698
4.42212e+08 0.0188367
4.42212e+08 0.0188367
4.42414e+08 0.018827
4.42414e+08 0.018827
4.42436e+08 0.0188366
4.42436e+08 0.0188462
4.42436e+08 0.0188462
4.42447e+08 0.0188462
4.42514e+08 0.0187888
4.42514e+08 0.0188079
4.42559e+08 0.0188271
4.42682e+08 0.0187698
4.42738e+08 0.0187697
4.42817e+08 0.0188079
4.6423e+08 0.0182878
4.6423e+08 0.0182878
4.6423e+08 0.0182878
4.6423e+08 0.0182878
4.6423e+08 0.0182878
4.64252e+08 0.0182698
4.64711e+08 0.0182878
4.64711e+08 0.018324
4.64711e+08 0.018324
4.64711e+08 0.018324
4.64711e+08 0.018324
4.64745e+08 0.0183149
4.64745e+08 0.0183149
4.64756e+08 0.0183059
4.64778e+08 0.0182968
4.64778e+08 0.0182968
4.6479e+08 0.0182878
4.6479e+08 0.0182878
4.6479e+08 0.0182878
4.64801e+08 0.0182878
4.64801e+08 0.0182878
4.64823e+08 0.0182697
4.64823e+08 0.0182788
4.64823e+08 0.0187728
4.64857e+08 0.0187542
4.64868e+08 0.018745
4.64947e+08 0.0188472
4.65002e+08 0.0188006
4.65014e+08 0.0188099
4.65036e+08 0.0187913
4.65036e+08 0.0187913
4.65047e+08 0.0187913
4.65047e+08 0.0188472
4.65081e+08 0.0188192
4.65215e+08 0.018745
4.65215e+08 0.0188473
4.6526e+08 0.0188566
4.65339e+08 0.0188566
4.87636e+08 0.0181441
4.87636e+08 0.0181441
4.87636e+08 0.0181441
4.87658e+08 0.0181268
4.87658e+08 0.0181268
4.8767e+08 0.0181355
4.87994e+08 0.0182399
4.87994e+08 0.0182399
4.87994e+08 0.0182399
4.87994e+08 0.0182399
4.88006e+08 0.0182312
4.88028e+08 0.0182399
4.88028e+08 0.0182399
4.88028e+08 0.0182487
4.8805e+08 0.0182486
4.8805e+08 0.0182486
4.88051e+08 0.0182574
4.88051e+08 0.0182574
4.88051e+08 0.0182574
4.88051e+08 0.0182662
4.88051e+08 0.0182662
4.88062e+08 0.018275
4.88062e+08 0.018275
4.88062e+08 0.018275
4.88062e+08 0.0187559
4.88106e+08 0.0187469
4.88129e+08 0.0187379
4.88274e+08 0.0186841
4.88375e+08 0.0186483
4.88375e+08 0.0186572
4.88386e+08 0.0186662
4.88397e+08 0.0186572
4.88397e+08 0.0186662
4.88397e+08 0.0186662
4.88397e+08 0.018693
4.88498e+08 0.0187199
4.88509e+08 0.0187109
4.88543e+08 0.01872
4.88599e+08 0.0187379
5.1147e+08 0.0182877
5.11492e+08 0.0182705
5.11525e+08 0.0182449
5.11525e+08 0.018262
5.11525e+08 0.018262
5.11548e+08 0.0182534
5.11817e+08 0.0182962
5.11839e+08 0.018279
5.11839e+08 0.018279
5.11839e+08 0.018279
5.11839e+08 0.0182876
5.1185e+08 0.0182962
5.1185e+08 0.0182962
5.1185e+08 0.0182962
5.11862e+08 0.0183048
5.11862e+08 0.0183048
5.11862e+08 0.0183048
5.11862e+08 0.0183048
5.11862e+08 0.0183048
5.11862e+08 0.0183048
5.11873e+08 0.0182962
5.11906e+08 0.0182791
5.11906e+08 0.0182791
5.11906e+08 0.0182791
5.11906e+08 0.0182791
5.11918e+08 0.0183048
5.11918e+08 0.0187742
5.11929e+08 0.018783
5.1213e+08 0.018739
5.1213e+08 0.0188183
5.12141e+08 0.0188095
5.12164e+08 0.0188006
5.12175e+08 0.0188006
5.12186e+08 0.0187918
5.12197e+08 0.018783
5.12197e+08 0.018783
5.12242e+08 0.0188272
5.12242e+08 0.0188361
5.12265e+08 0.018845
5.12399e+08 0.0187831
5.35785e+08 0.0183851
5.35807e+08 0.0183851
5.35807e+08 0.0184105
5.35852e+08 0.0183766
5.35908e+08 0.0183345
5.3593e+08 0.0183345
5.36098e+08 0.0184105
5.36098e+08 0.0184274
5.36098e+08 0.0184274
5.36098e+08 0.0184274
5.3611e+08 0.0184189
5.3611e+08 0.0184274
5.3611e+08 0.0184274
5.36121e+08 0.018419
5.36121e+08 0.0184275
5.36121e+08 0.0184275
5.36121e+08 0.0184275
5.36132e+08 0.018419
5.36132e+08 0.018419
5.36132e+08 0.018419
5.36154e+08 0.0184105
5.36154e+08 0.0184359
5.36154e+08 0.0184359
5.36154e+08 0.0184359
5.36154e+08 0.0184359
5.36177e+08 0.0184275
5.36177e+08 0.0184275
5.36177e+08 0.0188881
5.36188e+08 0.0188881
5.36434e+08 0.0188534
5.36434e+08 0.0188534
5.36434e+08 0.0188621
5.36434e+08 0.0188794
5.36434e+08 0.0188881
5.36457e+08 0.0188794
5.36457e+08 0.0188881
5.36457e+08 0.0188881
5.36613e+08 0.0188015
5.36613e+08 0.0188015
5.36647e+08 0.0187929
5.36725e+08 0.0188361
5.60746e+08 0.018357
5.60835e+08 0.0183078
5.60857e+08 0.0182915
5.60891e+08 0.0182997
5.60891e+08 0.0183406
5.60925e+08 0.0183323
5.61082e+08 0.0183406
5.61082e+08 0.0183406
5.61082e+08 0.0183406
5.61082e+08 0.0183406
5.61082e+08 0.0183488
5.61093e+08 0.0183406
5.61093e+08 0.0183406
5.61093e+08 0.0183488
5.61127e+08 0.0183242
5.61138e+08 0.018316
5.61138e+08 0.018316
5.6116e+08 0.0183079
5.61182e+08 0.0182915
5.61183e+08 0.0182915
5.61183e+08 0.0183078
5.61205e+08 0.0182915
5.61216e+08 0.0182833
5.61227e+08 0.0182752
5.61227e+08 0.0182752
5.6125e+08 0.0182752
5.6125e+08 0.0182752
5.61261e+08 0.018267
5.61261e+08 0.0182752
5.61261e+08 0.0187209
5.61451e+08 0.0187627
5.61451e+08 0.0187627
5.61451e+08 0.0187627
5.61451e+08 0.0187627
5.61451e+08 0.0187627
5.61451e+08 0.0187795
5.61451e+08 0.0187795
5.61496e+08 0.0187459
5.61552e+08 0.0188217
5.61552e+08 0.0188217
5.61552e+08 0.018847
5.61653e+08 0.0188301
5.86251e+08 0.0184036
5.86273e+08 0.0184521
5.86296e+08 0.0184521
5.86329e+08 0.0184521
5.86329e+08 0.0184521
5.86452e+08 0.0183875
5.86486e+08 0.0184765
5.86486e+08 0.0184765
5.86486e+08 0.0184765
5.86486e+08 0.0184765
5.86486e+08 0.0184765
5.86486e+08 0.0184846
5.86498e+08 0.0184765
5.86498e+08 0.0184765
5.86509e+08 0.0184927
5.86509e+08 0.0185009
5.86509e+08 0.0185009
5.86509e+08 0.0185172
5.86542e+08 0.0185091
5.86542e+08 0.0185091
5.86542e+08 0.018509
5.86587e+08 0.0184927
5.86632e+08 0.0184684
5.86665e+08 0.0184521
5.86677e+08 0.018444
5.86677e+08 0.0184603
5.86688e+08 0.0184521
5.86688e+08 0.0184603
5.86688e+08 0.0184603
5.86688e+08 0.0184603
5.86688e+08 0.0188998
5.87012e+08 0.0188006
5.87012e+08 0.0188006
5.87012e+08 0.0188006
5.87012e+08 0.0188006
5.87012e+08 0.0188006
5.87012e+08 0.0188006
5.87012e+08 0.0188006
5.87012e+08 0.0188336
5.87024e+08 0.0188666
5.87024e+08 0.0188666
5.87035e+08 0.0188584
5.87068e+08 0.0189081
6.12368e+08 0.0184006
6.12368e+08 0.0184163
6.12379e+08 0.0184242
6.12424e+08 0.0184163
6.12424e+08 0.0184163
6.12502e+08 0.018448
6.12648e+08 0.0183692
6.12692e+08 0.0183378
6.12692e+08 0.0183378
6.12692e+08 0.0183378
6.12692e+08 0.0183378
6.12692e+08 0.0183378
6.12704e+08 0.0183378
6.12726e+08 0.0183222
6.12726e+08 0.01833
6.12726e+08 0.01833
6.12726e+08 0.01833
6.12737e+08 0.0183222
6.12737e+08 0.0183456
6.12737e+08 0.0183456
6.12748e+08 0.0183378
6.12748e+08 0.0183692
6.1276e+08 0.0183927
6.12793e+08 0.0183927
6.12793e+08 0.0184006
6.12838e+08 0.0183691
6.12849e+08 0.0183691
6.1286e+08 0.0183613
6.1286e+08 0.0183613
6.1286e+08 0.0183613
6.12916e+08 0.0183221
6.13129e+08 0.0184006
6.13129e+08 0.0188285
6.13129e+08 0.0188285
6.13129e+08 0.0188285
6.13129e+08 0.0188285
6.13129e+08 0.0188285
6.1314e+08 0.0188204
6.1314e+08 0.0188204
6.1314e+08 0.0188204
6.1314e+08 0.0188285
6.1314e+08 0.0188285
6.1314e+08 0.0188365
6.13163e+08 0.0188446
6.16557e+08 0.117373
6.16557e+08 0.117373
6.16623e+08 0.11587
