3.596e+06 0.00310795
8.32778e+06 0.00236187
8.32779e+06 0.00472374
9.8085e+06 0.0150952
9.80851e+06 0.0150952
1.19513e+07 0.0104312
1.19513e+07 0.0156468
1.19513e+07 0.0156468
1.47605e+07 0.0119348
1.47605e+07 0.0119348
1.47605e+07 0.015913
1.47606e+07 0.0159124
1.77688e+07 0.0148599
1.77688e+07 0.0148599
1.77689e+07 0.0148599
1.79143e+07 0.014175
1.79143e+07 0.0177187
2.17484e+07 0.0140417
2.17596e+07 0.0140022
2.17596e+07 0.0140022
2.18827e+07 0.014081
2.18827e+07 0.014081
2.18828e+07 0.0168971
2.59756e+07 0.0158627
2.59868e+07 0.0158627
2.59868e+07 0.0158628
2.60987e+07 0.0159049
2.60988e+07 0.0159049
2.611e+07 0.0158629
2.61212e+07 0.0184578
3.01695e+07 0.0186537
3.02142e+07 0.0185058
3.02142e+07 0.0185058
3.02925e+07 0.0186541
3.02925e+07 0.0186541
3.02925e+07 0.0187041
3.03037e+07 0.018704
3.50001e+07 0.0161947
3.50001e+07 0.0185082
3.50226e+07 0.0185941
3.50226e+07 0.0185941
3.50226e+07 0.0189018
3.50449e+07 0.0188129
3.5045e+07 0.0188129
3.50562e+07 0.0188129
4.06181e+07 0.0159144
4.06629e+07 0.0157886
4.06629e+07 0.0177622
4.06741e+07 0.0177973
4.06741e+07 0.0177973
4.06853e+07 0.0177622
4.06854e+07 0.0178326
4.06854e+07 0.0178326
4.07301e+07 0.0177273
4.67429e+07 0.0164222
4.67429e+07 0.016543
4.67541e+07 0.0165127
4.67653e+07 0.0165128
4.67653e+07 0.0183475
4.67653e+07 0.0183475
4.67989e+07 0.0182805
4.67989e+07 0.0182805
4.67989e+07 0.0182805
4.67989e+07 0.0184151
5.34894e+07 0.0165655
5.34894e+07 0.0165655
5.35453e+07 0.0164563
5.35565e+07 0.0164564
5.35565e+07 0.0164564
5.35565e+07 0.018102
5.35789e+07 0.0180426
5.36461e+07 0.017954
5.36461e+07 0.017954
5.36797e+07 0.0178664
5.36797e+07 0.0178664
6.08842e+07 0.0166244
6.08842e+07 0.0166244
6.08843e+07 0.016751
6.08843e+07 0.0167765
6.08843e+07 0.0167765
6.08955e+07 0.0167509
6.08955e+07 0.0168021
6.08955e+07 0.0183295
6.09627e+07 0.0183295
6.09627e+07 0.0183295
6.09628e+07 0.0184138
6.09628e+07 0.0184138
6.86607e+07 0.0172455
6.86607e+07 0.0172455
6.86831e+07 0.0171963
6.86831e+07 0.0171962
6.86831e+07 0.0171962
6.86831e+07 0.0172209
6.86943e+07 0.0171963
6.86944e+07 0.0171963
6.86944e+07 0.0186293
6.87839e+07 0.0185761
6.87839e+07 0.0185761
6.88063e+07 0.0185231
6.88064e+07 0.0185231
7.71025e+07 0.0172105
7.71025e+07 0.0172105
7.71025e+07 0.0172562
7.71025e+07 0.0172562
7.71025e+07 0.0172562
7.71025e+07 0.0172562
7.71249e+07 0.0172334
7.71249e+07 0.0172334
7.71249e+07 0.0172334
7.71249e+07 0.018559
7.71474e+07 0.0187078
7.71474e+07 0.0187076
7.72147e+07 0.0186078
7.72148e+07 0.0186078
8.62221e+07 0.0171566
8.62221e+07 0.0171566
8.62221e+07 0.0171566
8.62221e+07 0.0171566
8.62221e+07 0.0171566
8.62222e+07 0.0171566
8.62334e+07 0.0171776
8.62334e+07 0.0171776
8.62334e+07 0.0171776
8.62334e+07 0.0171776
8.62335e+07 0.0172199
8.62335e+07 0.0184498
8.62335e+07 0.0184499
8.63454e+07 0.0183599
8.63566e+07 0.0183375
9.5946e+07 0.0172399
9.5946e+07 0.0172399
9.5946e+07 0.0172399
9.5946e+07 0.0172398
9.5946e+07 0.0172398
9.59461e+07 0.0172398
9.59461e+07 0.0172596
9.59461e+07 0.0172596
9.59461e+07 0.0172596
9.59461e+07 0.0172596
9.59462e+07 0.0172597
9.59462e+07 0.0172597
9.59462e+07 0.0184103
9.59463e+07 0.0184103
9.59689e+07 0.018581
9.59913e+07 0.0185594
1.06192e+08 0.0174527
1.06192e+08 0.0174527
1.06192e+08 0.0174527
1.06192e+08 0.0174528
1.06192e+08 0.0174527
1.06192e+08 0.0174528
1.06192e+08 0.0174527
1.06192e+08 0.0174527
1.06192e+08 0.0174527
1.06192e+08 0.0174527
1.06192e+08 0.0174527
1.06192e+08 0.0174527
1.06192e+08 0.0174527
1.06192e+08 0.0174528
1.06192e+08 0.0185436
1.06203e+08 0.0185639
1.06203e+08 0.0186045
1.16978e+08 0.0176139
1.16978e+08 0.0176138
1.16978e+08 0.0176137
1.16978e+08 0.0176135
1.16978e+08 0.0176135
1.16978e+08 0.0176135
1.16978e+08 0.0176136
1.16978e+08 0.0176136
1.16978e+08 0.0176136
1.16978e+08 0.0176136
1.16978e+08 0.0176136
1.16978e+08 0.0176136
1.16978e+08 0.0176136
1.16978e+08 0.0176136
1.16978e+08 0.0176136
1.16978e+08 0.0186497
1.17023e+08 0.0185916
1.17024e+08 0.0185916
1.2845e+08 0.0175348
1.2845e+08 0.0175349
1.2845e+08 0.0175349
1.2845e+08 0.017535
1.2845e+08 0.017535
1.2845e+08 0.017535
1.28451e+08 0.017535
1.28451e+08 0.0175349
1.28451e+08 0.0175349
1.28451e+08 0.0175349
1.28451e+08 0.0175349
1.28451e+08 0.0175349
1.28451e+08 0.0175349
1.28451e+08 0.0175349
1.28451e+08 0.0175349
1.28451e+08 0.0175349
1.28473e+08 0.0175695
1.28473e+08 0.0185455
1.28473e+08 0.0185455
1.40398e+08 0.0177725
1.40398e+08 0.0177725
1.40398e+08 0.0177726
1.40398e+08 0.0177723
1.40398e+08 0.0177723
1.40398e+08 0.0177723
1.40398e+08 0.0177723
1.40398e+08 0.0177723
1.40398e+08 0.0177723
1.40398e+08 0.0177723
1.40399e+08 0.0177723
1.40399e+08 0.0177723
1.40399e+08 0.0177723
1.40399e+08 0.0177723
1.40399e+08 0.0177723
1.40399e+08 0.0177723
1.40421e+08 0.0177724
1.40421e+08 0.0177724
1.40421e+08 0.0187077
1.40421e+08 0.0187077
1.52979e+08 0.0177666
1.52979e+08 0.0177666
1.52979e+08 0.0177666
1.52979e+08 0.0177667
1.52979e+08 0.0177667
1.52979e+08 0.0177667
1.52979e+08 0.0177664
1.52979e+08 0.0177665
1.52979e+08 0.0177665
1.52979e+08 0.0177664
1.52979e+08 0.0177665
1.52979e+08 0.0177665
1.52991e+08 0.0177507
1.52991e+08 0.0177507
1.52991e+08 0.0177507
1.53002e+08 0.0177349
1.53024e+08 0.0177351
1.53024e+08 0.0177351
1.53035e+08 0.0177194
1.53035e+08 0.0177194
1.53035e+08 0.0186054
1.66044e+08 0.0179638
1.66044e+08 0.0179638
1.66044e+08 0.0179638
1.66044e+08 0.017964
1.66044e+08 0.017964
1.66044e+08 0.017964
1.66089e+08 0.0179026
1.66089e+08 0.0179026
1.66089e+08 0.0179025
1.66089e+08 0.0179026
1.66089e+08 0.0179025
1.66089e+08 0.0179025
1.66089e+08 0.0179178
1.66089e+08 0.0179178
1.66089e+08 0.0179178
1.66089e+08 0.0179331
1.66123e+08 0.0179178
1.66123e+08 0.0179178
1.66123e+08 0.0179331
1.66123e+08 0.0179331
1.66123e+08 0.0179331
1.66123e+08 0.018787
1.79206e+08 0.0186793
1.79206e+08 0.0186793
1.79206e+08 0.0186793
1.7924e+08 0.0186314
1.79251e+08 0.0186156
1.79251e+08 0.0186156
1.79307e+08 0.0186002
1.79307e+08 0.0186002
1.79307e+08 0.0186002
1.7933e+08 0.0185688
1.7933e+08 0.0185689
1.7933e+08 0.0185689
1.7933e+08 0.0185689
1.7933e+08 0.0185689
1.7933e+08 0.0185688
1.79341e+08 0.0185532
1.79341e+08 0.0186003
1.79341e+08 0.0186003
1.79341e+08 0.0186003
1.79375e+08 0.0185532
1.79386e+08 0.0185375
1.79431e+08 0.0184753
1.92935e+08 0.0179093
1.92935e+08 0.0187234
1.92935e+08 0.0187234
1.92935e+08 0.0187234
1.9298e+08 0.0187083
1.9298e+08 0.0187235
1.9298e+08 0.0187234
1.93047e+08 0.0187081
1.93058e+08 0.0186929
1.93092e+08 0.0186474
1.93092e+08 0.0186777
1.93092e+08 0.0186777
1.93092e+08 0.0186777
1.93092e+08 0.0186777
1.93092e+08 0.0186777
1.93092e+08 0.0186777
1.93103e+08 0.0186777
1.93103e+08 0.0186776
1.93103e+08 0.0186776
1.93103e+08 0.0186776
1.93103e+08 0.0187233
1.93103e+08 0.0187386
1.93159e+08 0.0187234
2.0736e+08 0.0178189
2.0736e+08 0.0178189
2.0736e+08 0.0185937
2.0736e+08 0.0185936
2.0736e+08 0.0185936
2.07416e+08 0.0185792
2.07484e+08 0.0184932
2.07517e+08 0.0184506
2.07618e+08 0.0184082
2.07618e+08 0.0184223
2.07629e+08 0.0184506
2.0764e+08 0.0184364
2.0764e+08 0.0184364
2.0764e+08 0.0184364
2.07652e+08 0.0184223
2.07652e+08 0.0184223
2.07652e+08 0.0184223
2.07674e+08 0.0184082
2.07685e+08 0.0183941
2.07685e+08 0.0183941
2.07696e+08 0.01838
2.07696e+08 0.0183801
2.07696e+08 0.0183801
2.07696e+08 0.0184507
2.22308e+08 0.0179444
2.22308e+08 0.0179444
2.22308e+08 0.0179444
2.22308e+08 0.0179444
2.22308e+08 0.018692
2.22308e+08 0.0186921
2.22509e+08 0.0185122
2.22543e+08 0.0185535
2.22543e+08 0.0185949
2.22588e+08 0.0186642
2.22599e+08 0.0186503
2.22599e+08 0.0186642
2.22599e+08 0.0186782
2.22599e+08 0.0186782
2.22621e+08 0.0186503
2.22655e+08 0.0186225
2.22677e+08 0.0185948
2.22688e+08 0.018581
2.227e+08 0.0185948
2.227e+08 0.0186086
2.22711e+08 0.0185948
2.22755e+08 0.0185534
2.22755e+08 0.0185534
2.22767e+08 0.0185396
2.22778e+08 0.0185258
2.38054e+08 0.0177441
2.38054e+08 0.0177441
2.38054e+08 0.0177441
2.38109e+08 0.0176813
2.38109e+08 0.0176813
2.38109e+08 0.0183885
2.38109e+08 0.0183885
2.38244e+08 0.0184669
2.38277e+08 0.018467
2.38289e+08 0.0184539
2.38524e+08 0.0182338
2.38524e+08 0.0182466
2.38524e+08 0.0182466
2.38524e+08 0.0182466
2.38524e+08 0.0182466
2.38535e+08 0.0182595
2.38568e+08 0.0182595
2.38602e+08 0.0182465
2.38602e+08 0.0182593
2.38602e+08 0.0182722
2.38602e+08 0.0182722
2.38624e+08 0.0182593
2.38725e+08 0.0181954
2.38759e+08 0.0181573
2.38781e+08 0.0181446
2.38792e+08 0.0181446
2.54453e+08 0.0177181
2.54453e+08 0.0177181
2.54453e+08 0.0177181
2.54509e+08 0.0177181
2.54509e+08 0.0177181
2.54509e+08 0.0177181
2.54509e+08 0.0177181
2.54509e+08 0.0183996
2.54576e+08 0.0184752
2.5461e+08 0.0184751
2.54666e+08 0.0184247
2.54856e+08 0.0184754
2.54856e+08 0.0184754
2.54856e+08 0.0184754
2.54856e+08 0.0184754
2.54878e+08 0.0184501
2.54878e+08 0.0184627
2.5489e+08 0.0184879
2.55057e+08 0.0183372
2.55057e+08 0.0183372
2.55113e+08 0.0182751
2.55113e+08 0.0182751
2.55113e+08 0.0182999
2.55147e+08 0.0183746
2.55203e+08 0.0183496
2.55225e+08 0.0183496
2.55225e+08 0.0183621
2.71456e+08 0.0177474
2.71456e+08 0.0177474
2.71456e+08 0.0177474
2.71456e+08 0.0178059
2.71456e+08 0.0178059
2.71456e+08 0.0178059
2.71456e+08 0.0178059
2.71456e+08 0.0178059
2.71456e+08 0.0184654
2.71556e+08 0.0184289
2.71679e+08 0.0183324
2.71735e+08 0.0183324
2.71881e+08 0.0183805
2.71881e+08 0.0183805
2.71881e+08 0.0183805
2.71903e+08 0.0183564
2.71914e+08 0.0183684
2.71926e+08 0.0183563
2.71982e+08 0.0183083
2.72105e+08 0.0183564
2.72116e+08 0.0183443
2.72228e+08 0.0182843
2.72239e+08 0.0182724
2.7225e+08 0.0182605
2.72261e+08 0.0182844
2.72273e+08 0.0183323
2.72273e+08 0.0183563
2.72284e+08 0.0183442
2.88897e+08 0.0179411
2.88897e+08 0.0179411
2.88897e+08 0.0179411
2.88897e+08 0.0179411
2.88897e+08 0.0179411
2.8892e+08 0.0179182
2.88931e+08 0.0179067
2.88942e+08 0.0178952
2.88942e+08 0.0178952
2.89099e+08 0.0178383
2.8911e+08 0.0184636
2.89311e+08 0.0183816
2.89311e+08 0.0184401
2.89423e+08 0.0184753
2.89423e+08 0.0184753
2.89423e+08 0.0184753
2.89468e+08 0.0184517
2.89468e+08 0.0184635
2.89468e+08 0.0184752
2.89546e+08 0.0184517
2.89692e+08 0.0184281
2.89703e+08 0.0184281
2.89748e+08 0.0184986
2.89748e+08 0.0185104
2.89759e+08 0.0185104
2.89759e+08 0.0185222
2.8977e+08 0.0185222
2.89804e+08 0.0184868
2.89815e+08 0.0184869
3.06908e+08 0.0179949
3.06908e+08 0.0179949
3.06908e+08 0.0179949
3.06908e+08 0.0179949
3.06908e+08 0.0179949
3.06908e+08 0.0180173
3.06986e+08 0.0179503
3.07009e+08 0.0179393
3.0702e+08 0.0179282
3.07098e+08 0.0180061
3.07109e+08 0.0180061
3.07121e+08 0.0186154
3.07232e+08 0.0187083
3.07277e+08 0.0186617
3.07468e+08 0.0185807
3.07468e+08 0.0185806
3.07468e+08 0.0185806
3.07501e+08 0.0185922
3.07546e+08 0.0185461
3.07546e+08 0.0185461
3.07658e+08 0.0185118
3.07725e+08 0.0185921
3.07748e+08 0.0185807
3.07792e+08 0.0185807
3.07803e+08 0.0185692
3.07837e+08 0.0185463
3.07837e+08 0.0185463
3.07837e+08 0.0185578
3.07837e+08 0.0185923
3.07848e+08 0.0185922
3.25449e+08 0.0180833
3.25449e+08 0.0180833
3.25471e+08 0.0180615
3.25549e+08 0.0179856
3.25549e+08 0.0179856
3.25549e+08 0.0179856
3.25617e+08 0.0179965
3.25628e+08 0.0180073
3.2565e+08 0.0179965
3.25661e+08 0.0180615
3.25661e+08 0.0180724
3.25684e+08 0.0180615
3.25874e+08 0.0179856
3.25896e+08 0.0185628
3.25907e+08 0.0185963
3.26042e+08 0.0186522
3.26053e+08 0.018641
3.26053e+08 0.018641
3.2612e+08 0.0186074
3.26243e+08 0.0185296
3.26243e+08 0.0185296
3.26288e+08 0.0185962
3.264e+08 0.0185516
3.264e+08 0.0185739
3.26412e+08 0.0186067
3.26434e+08 0.0185963
3.26446e+08 0.0186176
3.26457e+08 0.0186064
3.26469e+08 0.0185941
3.26469e+08 0.0185941
3.26547e+08 0.018528
3.44703e+08 0.0179936
3.44703e+08 0.0179936
3.44703e+08 0.0180145
3.44748e+08 0.018046
3.44759e+08 0.0180355
3.4477e+08 0.018025
3.4477e+08 0.0180881
3.44781e+08 0.0180881
3.44804e+08 0.0180881
3.44837e+08 0.018067
3.44904e+08 0.018004
3.44904e+08 0.018025
3.45039e+08 0.0180776
3.45106e+08 0.0180355
3.45139e+08 0.0185848
3.4515e+08 0.0185848
3.45352e+08 0.0185202
3.45352e+08 0.0185309
3.45352e+08 0.0185309
3.45397e+08 0.0185524
3.4552e+08 0.0185523
3.4552e+08 0.0185523
3.45598e+08 0.0185201
3.45654e+08 0.018574
3.45654e+08 0.018574
3.45677e+08 0.0185638
3.45677e+08 0.0185846
3.45677e+08 0.0185965
3.45677e+08 0.0186073
3.45688e+08 0.0186084
3.45688e+08 0.0186084
3.45713e+08 0.0186595
3.64553e+08 0.0180164
3.64553e+08 0.0180164
3.64576e+08 0.0179961
3.64676e+08 0.0179456
3.64743e+08 0.0178954
3.64754e+08 0.0178954
3.64754e+08 0.0178954
3.64766e+08 0.0178954
3.64777e+08 0.0179054
3.64788e+08 0.0179255
3.64799e+08 0.0179759
3.64799e+08 0.0179759
3.64889e+08 0.0180164
3.649e+08 0.0180673
3.64945e+08 0.0180571
3.64967e+08 0.0180469
3.65023e+08 0.0185585
3.65337e+08 0.0184544
3.65348e+08 0.0184441
3.65348e+08 0.0184441
3.65359e+08 0.018475
3.65449e+08 0.0185063
3.65449e+08 0.0185063
3.65505e+08 0.0185271
3.65527e+08 0.0185584
3.65539e+08 0.0185472
3.65562e+08 0.0185468
3.65591e+08 0.0185192
3.65596e+08 0.0185152
3.65608e+08 0.0185037
3.65692e+08 0.0184364
3.65703e+08 0.0184261
3.65811e+08 0.0183507
3.84954e+08 0.0180774
3.84988e+08 0.0180478
3.85078e+08 0.0179887
3.85223e+08 0.0179496
3.85223e+08 0.0180084
3.85223e+08 0.0180182
3.85245e+08 0.0179985
3.85279e+08 0.0179789
3.85279e+08 0.0179887
3.85312e+08 0.0179691
3.85312e+08 0.0179789
3.85312e+08 0.0179789
3.85357e+08 0.0180183
3.85368e+08 0.0180182
3.85379e+08 0.0180478
3.85435e+08 0.0180182
3.85491e+08 0.0180182
3.85525e+08 0.0185339
3.85883e+08 0.0184935
3.85917e+08 0.0184733
3.85917e+08 0.0184733
3.85962e+08 0.0184432
3.85995e+08 0.0184934
3.85995e+08 0.0184934
3.86018e+08 0.0185237
3.86051e+08 0.0185136
3.86051e+08 0.0185245
3.86051e+08 0.0185451
3.86051e+08 0.0185719
3.86051e+08 0.0185758
3.86051e+08 0.0185871
3.86074e+08 0.0186433
3.86096e+08 0.0186331
3.86411e+08 0.0184452
4.06059e+08 0.0180046
4.06104e+08 0.017995
4.06249e+08 0.0179475
4.06294e+08 0.0180332
4.06305e+08 0.0180236
4.06339e+08 0.017995
4.06339e+08 0.0180141
4.06339e+08 0.0180428
4.0635e+08 0.0180332
4.0635e+08 0.0180619
4.06395e+08 0.0180236
4.06395e+08 0.0180236
4.06428e+08 0.0180332
4.06574e+08 0.017919
4.06585e+08 0.017919
4.06585e+08 0.0179664
4.06585e+08 0.018014
4.06585e+08 0.0180426
4.06999e+08 0.0179949
4.06999e+08 0.0185241
4.06999e+08 0.0185536
4.07011e+08 0.0185438
4.07118e+08 0.0184892
4.07128e+08 0.0185096
4.07139e+08 0.0184997
4.07151e+08 0.0185092
4.07293e+08 0.0184142
4.07305e+08 0.0184045
4.07366e+08 0.0183516
4.07387e+08 0.0183333
4.07401e+08 0.0183217
4.07411e+08 0.0183131
4.07488e+08 0.0182661
4.07607e+08 0.0181838
4.07864e+08 0.018233
4.27725e+08 0.018054
4.27837e+08 0.0179983
4.27893e+08 0.0180727
4.2796e+08 0.018054
4.2796e+08 0.0180633
4.28027e+08 0.0180354
4.28027e+08 0.0180354
4.28049e+08 0.0180168
4.28072e+08 0.0180075
4.28072e+08 0.0180075
4.28161e+08 0.0179705
4.28161e+08 0.0179705
4.28273e+08 0.0179061
4.28318e+08 0.017989
4.28329e+08 0.017989
4.2834e+08 0.0179798
4.2834e+08 0.0179798
4.28351e+08 0.0179706
4.28788e+08 0.0179521
4.28788e+08 0.0179521
4.28799e+08 0.0184555
4.28799e+08 0.0184555
4.28799e+08 0.018465
4.28899e+08 0.0184711
4.28915e+08 0.0184668
4.28994e+08 0.0184091
4.29084e+08 0.0183436
4.29292e+08 0.0182893
4.29292e+08 0.0182986
4.29392e+08 0.0182659
4.29415e+08 0.018265
4.29415e+08 0.0182762
4.29448e+08 0.0182567
4.29571e+08 0.018219
4.29783e+08 0.0181426
4.30119e+08 0.0180787
4.49991e+08 0.0180694
4.50147e+08 0.0180332
4.50159e+08 0.0180694
4.50159e+08 0.018124
4.50192e+08 0.0180966
4.50215e+08 0.0181331
4.50248e+08 0.0181057
4.50282e+08 0.0180966
4.50315e+08 0.0180875
4.50326e+08 0.0180785
4.50505e+08 0.0180061
4.50505e+08 0.0180061
4.50517e+08 0.0180875
4.50561e+08 0.0180875
4.50584e+08 0.0180784
4.50606e+08 0.0180693
4.50606e+08 0.0180693
4.50606e+08 0.0180783
4.51009e+08 0.0181057
4.51009e+08 0.0181057
4.51009e+08 0.0181148
4.51069e+08 0.0180668
4.51069e+08 0.0185686
4.51125e+08 0.0185216
4.51468e+08 0.0183222
4.51496e+08 0.0183116
4.5154e+08 0.0183406
4.51625e+08 0.0183448
4.51647e+08 0.018497
4.51647e+08 0.018497
4.51692e+08 0.0185434
4.51815e+08 0.0184601
4.51915e+08 0.0183776
4.52139e+08 0.0182237
4.52284e+08 0.0182057
4.52541e+08 0.01817
4.52955e+08 0.0181077
4.7295e+08 0.0180104
4.73028e+08 0.018072
4.73028e+08 0.0180809
4.7304e+08 0.018072
4.73129e+08 0.018028
4.73207e+08 0.0179842
4.73207e+08 0.0180104
4.73207e+08 0.0180368
4.73263e+08 0.0180192
4.73286e+08 0.0180104
4.73442e+08 0.0180279
4.73442e+08 0.0180279
4.73476e+08 0.0180104
4.73487e+08 0.0180367
4.73499e+08 0.0180455
4.73499e+08 0.0180631
4.73543e+08 0.0180279
4.73554e+08 0.0180191
4.74005e+08 0.0179824
4.74061e+08 0.0179387
4.7408e+08 0.0179238
4.7423e+08 0.0178535
4.74252e+08 0.0178362
4.74272e+08 0.018303
4.74342e+08 0.0182918
4.74695e+08 0.0182843
4.74806e+08 0.018219
4.74907e+08 0.0181747
4.74907e+08 0.0182406
4.74952e+08 0.0182231
4.74985e+08 0.0181969
4.74985e+08 0.0182318
4.75231e+08 0.0181361
4.75231e+08 0.0182143
4.75298e+08 0.0183374
4.7541e+08 0.018364
4.75622e+08 0.0183995
4.75902e+08 0.0185071
4.96401e+08 0.0181099
4.96568e+08 0.0180411
4.96568e+08 0.0180411
4.96579e+08 0.0180411
4.96591e+08 0.0181012
4.96658e+08 0.0181099
4.96758e+08 0.0180325
4.96803e+08 0.0179983
4.96837e+08 0.0180154
4.96837e+08 0.0180325
4.96882e+08 0.0181185
4.96882e+08 0.0181185
4.96882e+08 0.0181445
4.96915e+08 0.0181272
4.96971e+08 0.0180926
4.97016e+08 0.0180582
4.97027e+08 0.018084
4.97027e+08 0.0180926
4.97933e+08 0.0177478
4.97989e+08 0.0177478
4.98012e+08 0.0177455
4.98068e+08 0.0178154
4.98135e+08 0.0177823
4.98146e+08 0.0177883
4.98157e+08 0.0182478
4.98191e+08 0.0182762
4.98291e+08 0.0184711
4.98403e+08 0.0184712
4.98716e+08 0.0183064
4.98761e+08 0.0182721
4.98783e+08 0.0182892
4.99018e+08 0.0181362
4.99174e+08 0.0180188
4.99688e+08 0.0178212
4.99688e+08 0.0178212
4.99688e+08 0.0178702
4.99688e+08 0.0179525
4.99722e+08 0.0180857
4.99968e+08 0.0181109
5.20523e+08 0.0180686
5.20679e+08 0.018077
5.20679e+08 0.018077
5.20702e+08 0.0180687
5.20735e+08 0.018052
5.20747e+08 0.0180938
5.20803e+08 0.0181275
5.20814e+08 0.0181528
5.20814e+08 0.0181782
5.20814e+08 0.0181781
5.20848e+08 0.0181866
5.20848e+08 0.0181866
5.20904e+08 0.0181442
5.20971e+08 0.018119
5.20971e+08 0.0181612
5.20971e+08 0.0181951
5.20982e+08 0.0181951
5.20982e+08 0.0181951
5.22039e+08 0.0180815
5.22039e+08 0.0181235
5.22039e+08 0.0181404
5.22095e+08 0.0181404
5.22106e+08 0.0181826
5.22152e+08 0.0181558
5.22275e+08 0.0180719
5.22476e+08 0.0179472
5.22476e+08 0.0184074
5.22666e+08 0.0183398
5.22767e+08 0.0183482
5.23002e+08 0.0184074
5.23013e+08 0.0184328
5.23136e+08 0.0183567
5.23505e+08 0.0182561
5.23639e+08 0.0182728
5.23751e+08 0.0185784
5.23773e+08 0.0185611
5.23773e+08 0.0185611
5.23773e+08 0.0185611
5.23851e+08 0.0185267
5.23941e+08 0.0186477
5.4529e+08 0.0180498
5.4529e+08 0.0181646
5.4529e+08 0.0181646
5.4529e+08 0.0181811
5.4529e+08 0.0182059
5.45301e+08 0.0182059
5.45301e+08 0.0182474
5.45312e+08 0.0182474
5.45312e+08 0.0182474
5.45312e+08 0.0182474
5.45402e+08 0.018206
5.45435e+08 0.0181811
5.45458e+08 0.0182059
5.45469e+08 0.0182475
5.45469e+08 0.0182475
5.45469e+08 0.0182475
5.4548e+08 0.0182475
5.4548e+08 0.0182475
5.46851e+08 0.0180164
5.46885e+08 0.017992
5.46952e+08 0.0179436
5.46997e+08 0.0179517
5.46997e+08 0.0179598
5.47075e+08 0.017937
5.4712e+08 0.0179933
5.47377e+08 0.0179529
5.47433e+08 0.0179127
5.47477e+08 0.0183277
5.47846e+08 0.0181975
5.47913e+08 0.0182218
5.4807e+08 0.0182787
5.48114e+08 0.0182543
5.48338e+08 0.0181814
5.48394e+08 0.01841
5.48517e+08 0.0184183
5.48517e+08 0.0185014
5.48517e+08 0.0185181
5.48584e+08 0.018468
5.48606e+08 0.0184514
5.48685e+08 0.0184514
5.4874e+08 0.0184763
5.70381e+08 0.0182621
5.70392e+08 0.018254
5.70392e+08 0.018254
5.70392e+08 0.018254
5.70392e+08 0.018254
5.70403e+08 0.018254
5.70414e+08 0.0182458
5.70437e+08 0.0182377
5.70448e+08 0.0182296
5.70448e+08 0.0182296
5.70537e+08 0.0182296
5.70537e+08 0.0182539
5.70772e+08 0.0181008
5.70792e+08 0.0180948
5.70816e+08 0.0180779
5.70816e+08 0.0180779
5.71161e+08 0.0178425
5.71207e+08 0.0178111
5.72571e+08 0.0178159
5.72694e+08 0.0177542
5.72727e+08 0.0177773
5.72895e+08 0.0176929
5.72995e+08 0.0176244
5.73096e+08 0.0176093
5.73096e+08 0.0176396
5.73375e+08 0.0176245
5.73375e+08 0.0176624
5.73375e+08 0.0176929
5.73711e+08 0.0177159
5.73711e+08 0.0181479
5.73722e+08 0.0181872
5.73722e+08 0.0182982
5.73722e+08 0.0183301
5.73845e+08 0.0184024
5.73845e+08 0.0184428
5.74035e+08 0.0183943
5.74057e+08 0.0183782
5.74124e+08 0.0183301
5.74147e+08 0.0183622
5.7437e+08 0.0182188
5.74538e+08 0.0181557
5.7484e+08 0.0179846
5.96257e+08 0.0181398
5.96268e+08 0.0181398
5.96268e+08 0.0181398
5.96268e+08 0.0181398
5.96268e+08 0.0181399
5.96268e+08 0.0181477
5.9629e+08 0.0181399
5.96391e+08 0.0180852
5.96402e+08 0.0180851
5.96413e+08 0.0180774
5.96503e+08 0.0180773
5.96559e+08 0.0180386
5.9676e+08 0.0180616
5.96827e+08 0.0180291
5.9686e+08 0.0180223
5.9686e+08 0.0180223
5.97364e+08 0.017914
5.97375e+08 0.0179373
5.99253e+08 0.0175915
5.99275e+08 0.0176581
5.99275e+08 0.0176804
5.99298e+08 0.0177777
5.99343e+08 0.0178154
5.99343e+08 0.0178837
5.99343e+08 0.0178837
5.99354e+08 0.0180683
5.99376e+08 0.0180528
5.99443e+08 0.0180063
5.99499e+08 0.0182014
5.99521e+08 0.0181856
5.99589e+08 0.0185704
5.99633e+08 0.0185463
5.99745e+08 0.0184667
5.99745e+08 0.0184667
5.99779e+08 0.0185303
5.99835e+08 0.0184905
6.00125e+08 0.0184192
6.00125e+08 0.018435
6.00237e+08 0.0184035
6.0027e+08 0.0183956
6.00483e+08 0.0184035
6.00841e+08 0.0182705
6.01523e+08 0.0180102
6.22673e+08 0.0181918
6.22673e+08 0.0181994
6.22673e+08 0.0181994
6.22673e+08 0.0181994
6.22673e+08 0.0181994
6.22775e+08 0.0181292
6.22921e+08 0.0180455
6.23011e+08 0.0180524
6.23044e+08 0.0180377
6.23044e+08 0.0180453
6.23346e+08 0.0179024
6.23413e+08 0.0178949
6.23964e+08 0.0176654
6.24065e+08 0.0176432
6.24086e+08 0.0176511
6.24147e+08 0.0176115
6.24603e+08 0.0176419
6.24603e+08 0.0176491
6.25434e+08 0.0183553
6.25457e+08 0.0183553
6.25468e+08 0.0183475
6.2549e+08 0.0183475
6.25524e+08 0.0183553
6.25546e+08 0.0183396
6.25591e+08 0.0183084
6.25624e+08 0.0182928
6.25647e+08 0.0182928
6.25658e+08 0.0183318
6.25758e+08 0.0183006
6.25758e+08 0.0183162
6.25759e+08 0.0183631
6.25848e+08 0.0183318
6.25904e+08 0.0187183
6.25937e+08 0.0187741
6.25993e+08 0.0187342
6.26048e+08 0.0187191
6.26127e+08 0.0187024
6.2615e+08 0.0188951
6.26161e+08 0.018887
6.26183e+08 0.0189521
6.26206e+08 0.0189603
6.26239e+08 0.0190919
6.2653e+08 0.0191415
6.27303e+08 0.0190737
6.30899e+08 0.0597759
6.30911e+08 0.0596955
6.30944e+08 0.0594534
