5.38456e+06 0.00207593
8.32854e+06 0.00379617
8.32855e+06 0.00759232
9.51472e+06 0.0188435
9.51473e+06 0.0188435
1.17709e+07 0.00990702
1.17709e+07 0.0148605
1.17709e+07 0.0148605
1.42645e+07 0.0134452
1.42645e+07 0.0134452
1.42645e+07 0.0179269
1.42645e+07 0.0179269
1.72503e+07 0.014972
1.72503e+07 0.014972
1.72504e+07 0.0149719
1.72504e+07 0.0149719
1.72504e+07 0.0187148
2.0784e+07 0.0158135
2.0784e+07 0.0158135
2.0784e+07 0.0158134
2.0784e+07 0.0158134
2.07841e+07 0.0158134
2.07841e+07 0.018976
2.48656e+07 0.0164285
2.48656e+07 0.0164285
2.48657e+07 0.0164284
2.48657e+07 0.0164284
2.48769e+07 0.0163834
2.48881e+07 0.0163388
2.48881e+07 0.0190619
2.89587e+07 0.0191129
2.89587e+07 0.0191129
2.89923e+07 0.0189576
2.89923e+07 0.0189576
2.90259e+07 0.0188556
2.90259e+07 0.0189065
2.90259e+07 0.0189065
3.37001e+07 0.0164994
3.37001e+07 0.0188565
3.37449e+07 0.0186803
3.3745e+07 0.0188121
3.3745e+07 0.0188121
3.37562e+07 0.0189009
3.37562e+07 0.0189009
3.37562e+07 0.0189009
3.91015e+07 0.0165527
3.91015e+07 0.0165527
3.91015e+07 0.0186217
3.91016e+07 0.0187771
3.91016e+07 0.0187772
3.91016e+07 0.0187772
3.91017e+07 0.0188164
3.91017e+07 0.0188165
3.91017e+07 0.0188165
4.49806e+07 0.0171084
4.49806e+07 0.0171084
4.49807e+07 0.0171084
4.49807e+07 0.0171084
4.49807e+07 0.0190093
4.50255e+07 0.018866
4.50255e+07 0.018866
4.50255e+07 0.0188659
4.50255e+07 0.0188659
4.50255e+07 0.0188659
5.16071e+07 0.0168655
5.16071e+07 0.0168655
5.16183e+07 0.0168371
5.16295e+07 0.0168089
5.16295e+07 0.0168089
5.16295e+07 0.0184897
5.16408e+07 0.0185833
5.16408e+07 0.0185833
5.16408e+07 0.0185833
5.16408e+07 0.0185833
5.16408e+07 0.0185833
5.86426e+07 0.0174734
5.86427e+07 0.0174734
5.86427e+07 0.0175012
5.86539e+07 0.0175011
5.86539e+07 0.0175011
5.86539e+07 0.0175011
5.86539e+07 0.0175292
5.86539e+07 0.0191228
5.86539e+07 0.0191228
5.86539e+07 0.0191228
5.86539e+07 0.0191228
5.8654e+07 0.0191228
6.63595e+07 0.0173788
6.63595e+07 0.0173788
6.63595e+07 0.0173789
6.63595e+07 0.0174041
6.63596e+07 0.0174041
6.63708e+07 0.0173789
6.63708e+07 0.0173789
6.63708e+07 0.0173787
6.63708e+07 0.0188269
6.63709e+07 0.0188269
6.63709e+07 0.0188269
6.63709e+07 0.0188269
6.63709e+07 0.0188269
7.47202e+07 0.0173774
7.47202e+07 0.0173774
7.47202e+07 0.0173774
7.47202e+07 0.0173774
7.47202e+07 0.0173774
7.47202e+07 0.0174008
7.47202e+07 0.0174008
7.47538e+07 0.0173311
7.47539e+07 0.017331
7.47539e+07 0.0186642
7.47539e+07 0.0186642
7.47539e+07 0.0186642
7.47539e+07 0.0186642
7.47539e+07 0.0186642
8.37042e+07 0.0174155
8.37043e+07 0.0174155
8.37043e+07 0.0174155
8.37043e+07 0.0174155
8.37043e+07 0.0174154
8.37043e+07 0.0174154
8.37043e+07 0.0174154
8.37044e+07 0.0174808
8.37044e+07 0.0174808
8.37044e+07 0.0174808
8.37044e+07 0.0174808
8.37044e+07 0.0187294
8.37044e+07 0.0187294
8.37044e+07 0.0187294
8.37044e+07 0.0187294
9.31492e+07 0.0177489
9.31492e+07 0.0177489
9.31492e+07 0.0177489
9.31492e+07 0.0177489
9.31494e+07 0.0177488
9.31494e+07 0.0177488
9.31494e+07 0.0177488
9.31494e+07 0.0177488
9.31494e+07 0.0177488
9.31494e+07 0.0177488
9.31494e+07 0.0177488
9.31494e+07 0.0177488
9.31495e+07 0.018932
9.31495e+07 0.018932
9.31495e+07 0.018932
9.31495e+07 0.018932
1.0324e+08 0.0177208
1.0324e+08 0.0177208
1.0324e+08 0.0177208
1.0324e+08 0.0177208
1.0324e+08 0.0177209
1.0324e+08 0.0177209
1.0324e+08 0.0177209
1.0324e+08 0.0177209
1.0324e+08 0.0177209
1.0324e+08 0.0177209
1.0324e+08 0.0177209
1.0324e+08 0.017721
1.0324e+08 0.017721
1.0324e+08 0.017721
1.0324e+08 0.0188285
1.0324e+08 0.0188285
1.0324e+08 0.0188285
1.14009e+08 0.0176419
1.14009e+08 0.0176419
1.14009e+08 0.0176419
1.14009e+08 0.0176419
1.14009e+08 0.017642
1.1402e+08 0.0176237
1.1402e+08 0.0176237
1.14043e+08 0.0175872
1.14043e+08 0.0175872
1.14054e+08 0.017569
1.14054e+08 0.017569
1.14054e+08 0.017569
1.14054e+08 0.017569
1.14054e+08 0.017569
1.14065e+08 0.0175509
1.14065e+08 0.0185833
1.14065e+08 0.0185833
1.14065e+08 0.0185833
1.25325e+08 0.0177775
1.25336e+08 0.0177599
1.25336e+08 0.0177599
1.25336e+08 0.0177599
1.25336e+08 0.0177599
1.25347e+08 0.01776
1.25347e+08 0.01776
1.25347e+08 0.0177951
1.25347e+08 0.0177951
1.25347e+08 0.0178127
1.25347e+08 0.0178127
1.25347e+08 0.0178127
1.25347e+08 0.0178127
1.25347e+08 0.0178127
1.25347e+08 0.0178303
1.25347e+08 0.0178303
1.25347e+08 0.0178303
1.25347e+08 0.0188208
1.25347e+08 0.0188208
1.37235e+08 0.017828
1.37235e+08 0.0178447
1.3728e+08 0.0177779
1.3728e+08 0.0177779
1.3728e+08 0.0177779
1.3728e+08 0.0177945
1.3728e+08 0.0177945
1.3728e+08 0.0177945
1.3728e+08 0.0177945
1.3728e+08 0.0177945
1.37291e+08 0.0177779
1.37303e+08 0.0177612
1.37325e+08 0.0177281
1.37325e+08 0.0177281
1.37325e+08 0.0177281
1.37325e+08 0.0177281
1.37325e+08 0.0177281
1.37325e+08 0.0177281
1.37325e+08 0.0186612
1.37325e+08 0.0186612
1.49778e+08 0.0178204
1.49789e+08 0.0178045
1.49801e+08 0.0178522
1.49801e+08 0.0178522
1.49834e+08 0.0178045
1.49924e+08 0.0176785
1.49924e+08 0.0176785
1.49924e+08 0.0176785
1.49924e+08 0.0176785
1.49924e+08 0.0176785
1.49946e+08 0.0176629
1.49957e+08 0.017663
1.49957e+08 0.0176942
1.49957e+08 0.0176942
1.49957e+08 0.0176942
1.49957e+08 0.0176942
1.49957e+08 0.0176942
1.49957e+08 0.0176942
1.49957e+08 0.0176942
1.49957e+08 0.0176942
1.49957e+08 0.0185789
1.62643e+08 0.0182423
1.62644e+08 0.0182582
1.62688e+08 0.0182107
1.62688e+08 0.0182107
1.628e+08 0.0181008
1.62968e+08 0.0179922
1.62968e+08 0.0179922
1.62968e+08 0.0179922
1.62968e+08 0.0179921
1.62968e+08 0.0179921
1.62968e+08 0.018023
1.62968e+08 0.0180385
1.62968e+08 0.0180385
1.62968e+08 0.0180385
1.62968e+08 0.0180385
1.62968e+08 0.0180385
1.62968e+08 0.0180385
1.62968e+08 0.0180385
1.62968e+08 0.0180385
1.62968e+08 0.0180385
1.62968e+08 0.0180385
1.62968e+08 0.0188974
1.75674e+08 0.0188692
1.75674e+08 0.0188692
1.75674e+08 0.0189342
1.75674e+08 0.0189342
1.75674e+08 0.0190986
1.7573e+08 0.0192659
1.7573e+08 0.0192659
1.75741e+08 0.019249
1.75774e+08 0.0191986
1.75786e+08 0.0191819
1.7583e+08 0.0191152
1.75886e+08 0.0190325
1.7592e+08 0.0189832
1.75942e+08 0.0189505
1.75953e+08 0.0189342
1.75953e+08 0.0189342
1.75953e+08 0.0189342
1.75953e+08 0.0189342
1.75976e+08 0.0189016
1.75987e+08 0.0188854
1.75987e+08 0.0188854
1.75987e+08 0.0188854
1.8925e+08 0.0181102
1.8925e+08 0.0189334
1.8925e+08 0.0189334
1.89261e+08 0.0189178
1.89261e+08 0.0189178
1.8934e+08 0.0188094
1.89563e+08 0.0185814
1.89563e+08 0.0185814
1.89563e+08 0.0185964
1.89574e+08 0.0186266
1.89597e+08 0.0186115
1.8963e+08 0.0186266
1.8963e+08 0.0187023
1.8963e+08 0.018748
1.8963e+08 0.0187787
1.8963e+08 0.0187941
1.8963e+08 0.0187941
1.8963e+08 0.0187941
1.8963e+08 0.0187941
1.89642e+08 0.0188095
1.89653e+08 0.0188094
1.89653e+08 0.0188094
1.89653e+08 0.0188094
2.03661e+08 0.017837
2.03661e+08 0.017837
2.03661e+08 0.0186125
2.03694e+08 0.0185692
2.03706e+08 0.0185692
2.03717e+08 0.0185549
2.03773e+08 0.0185836
2.03873e+08 0.0187433
2.03873e+08 0.0187433
2.03918e+08 0.0186848
2.03918e+08 0.0186994
2.03918e+08 0.0187286
2.03929e+08 0.0187579
2.03929e+08 0.0187579
2.03929e+08 0.0187579
2.03929e+08 0.0187579
2.03929e+08 0.0187579
2.03929e+08 0.0187579
2.03929e+08 0.0187579
2.03929e+08 0.0187579
2.0393e+08 0.0187726
2.0393e+08 0.0187873
2.0393e+08 0.0187873
2.0393e+08 0.0187873
2.18486e+08 0.0180917
2.18486e+08 0.0180917
2.18498e+08 0.0180781
2.18609e+08 0.0179832
2.18621e+08 0.0187185
2.18632e+08 0.0187185
2.18643e+08 0.0187184
2.1871e+08 0.0187044
2.18822e+08 0.0186904
2.18822e+08 0.0186904
2.18822e+08 0.0187465
2.18822e+08 0.0187465
2.18822e+08 0.0187465
2.18822e+08 0.0187606
2.18822e+08 0.0187606
2.18822e+08 0.0187606
2.18822e+08 0.0187606
2.18833e+08 0.0187465
2.18833e+08 0.0187465
2.18833e+08 0.0187465
2.18833e+08 0.0187465
2.18833e+08 0.0187465
2.18833e+08 0.0187465
2.18833e+08 0.0187465
2.18833e+08 0.0187465
2.33954e+08 0.0180638
2.33954e+08 0.0180638
2.33965e+08 0.0180638
2.33998e+08 0.0181557
2.34066e+08 0.0180899
2.34077e+08 0.0187999
2.34077e+08 0.0188135
2.34088e+08 0.0188135
2.34189e+08 0.0187728
2.34233e+08 0.0188545
2.34233e+08 0.0188545
2.34233e+08 0.0188546
2.34233e+08 0.0188546
2.34233e+08 0.0188546
2.34233e+08 0.0188546
2.34233e+08 0.0188546
2.34233e+08 0.0188546
2.34233e+08 0.0188546
2.34245e+08 0.0188545
2.34245e+08 0.0188545
2.34245e+08 0.0188545
2.34245e+08 0.0188545
2.34245e+08 0.0188545
2.34245e+08 0.0188545
2.34245e+08 0.0188545
2.34256e+08 0.0188408
2.49885e+08 0.0182387
2.49908e+08 0.0182131
2.4993e+08 0.0182004
2.4993e+08 0.0182387
2.50075e+08 0.0181496
2.50075e+08 0.0181622
2.50098e+08 0.0181369
2.50098e+08 0.0188345
2.50098e+08 0.0188476
2.5021e+08 0.0188344
2.50266e+08 0.0188213
2.50266e+08 0.0188213
2.50266e+08 0.0188213
2.50266e+08 0.0188213
2.50266e+08 0.0188213
2.50266e+08 0.0188213
2.50266e+08 0.0188213
2.50266e+08 0.0188213
2.50288e+08 0.018795
2.50288e+08 0.0188082
2.50288e+08 0.0188082
2.50288e+08 0.0188082
2.50288e+08 0.0188082
2.50288e+08 0.0188082
2.50288e+08 0.0188082
2.50288e+08 0.0188082
2.50299e+08 0.0188082
2.66481e+08 0.0181823
2.66481e+08 0.0182068
2.66481e+08 0.0182314
2.66492e+08 0.0182191
2.66548e+08 0.0183179
2.66571e+08 0.0182931
2.66571e+08 0.0183179
2.66571e+08 0.0183179
2.66593e+08 0.0189706
2.66593e+08 0.0189706
2.66716e+08 0.0189578
2.66783e+08 0.0189449
2.66794e+08 0.0189321
2.66794e+08 0.0189321
2.66794e+08 0.0189321
2.66806e+08 0.0189193
2.66806e+08 0.0189193
2.66873e+08 0.0188429
2.66873e+08 0.0188429
2.66884e+08 0.0188556
2.66895e+08 0.0188429
2.66906e+08 0.0188302
2.66906e+08 0.0188302
2.66918e+08 0.0188175
2.66918e+08 0.0188175
2.66918e+08 0.0188175
2.66918e+08 0.0188175
2.66918e+08 0.0188302
2.83606e+08 0.0182733
2.83606e+08 0.0182733
2.83606e+08 0.0182733
2.83606e+08 0.0182853
2.8365e+08 0.0182974
2.8365e+08 0.0183214
2.8365e+08 0.0183214
2.8365e+08 0.0183214
2.8365e+08 0.0183454
2.8365e+08 0.0183454
2.83651e+08 0.0190006
2.83673e+08 0.0191131
2.83818e+08 0.0190253
2.83886e+08 0.0189631
2.83886e+08 0.0189631
2.83886e+08 0.0189631
2.8393e+08 0.0189259
2.8393e+08 0.0189259
2.83953e+08 0.0189755
2.83953e+08 0.0189755
2.83953e+08 0.0189879
2.83986e+08 0.0189631
2.84031e+08 0.0189259
2.84053e+08 0.0189013
2.84065e+08 0.0189013
2.84065e+08 0.0189013
2.84065e+08 0.0189013
2.84087e+08 0.0188767
2.84087e+08 0.0188767
3.01297e+08 0.0183193
3.01297e+08 0.0183193
3.01297e+08 0.0183193
3.01309e+08 0.0183077
3.01331e+08 0.0183308
3.01353e+08 0.0183077
3.01353e+08 0.0183077
3.01365e+08 0.0182961
3.01365e+08 0.0182961
3.01376e+08 0.0182845
3.01387e+08 0.018273
3.01387e+08 0.0189031
3.01421e+08 0.0188913
3.01544e+08 0.0189151
3.016e+08 0.018927
3.01633e+08 0.0188913
3.01656e+08 0.0188675
3.01678e+08 0.0188913
3.01678e+08 0.0188913
3.01678e+08 0.0189151
3.01678e+08 0.0189151
3.01734e+08 0.0188556
3.01734e+08 0.0188913
3.01756e+08 0.0189151
3.01835e+08 0.0188556
3.01835e+08 0.0188675
3.01835e+08 0.0188675
3.01835e+08 0.0188675
3.01857e+08 0.0188675
3.01857e+08 0.0188675
3.19615e+08 0.018303
3.19615e+08 0.018303
3.19615e+08 0.018303
3.19638e+08 0.0182919
3.19783e+08 0.0181699
3.19783e+08 0.018192
3.19783e+08 0.018192
3.19783e+08 0.018203
3.19806e+08 0.018181
3.19817e+08 0.0181809
3.19817e+08 0.018192
3.19817e+08 0.018192
3.19817e+08 0.0182251
3.19817e+08 0.0188326
3.19817e+08 0.0189595
3.19817e+08 0.0190176
3.19817e+08 0.0190527
3.19817e+08 0.0190762
3.19817e+08 0.0190997
3.19817e+08 0.0190997
3.19817e+08 0.0190997
3.19817e+08 0.0190997
3.19951e+08 0.0190176
3.20041e+08 0.0189247
3.20041e+08 0.0189479
3.20063e+08 0.019006
3.20063e+08 0.019006
3.20108e+08 0.0189594
3.20119e+08 0.0189478
3.20119e+08 0.018971
3.20119e+08 0.018971
3.38516e+08 0.0183302
3.38516e+08 0.0183302
3.38539e+08 0.0183085
3.38539e+08 0.0183302
3.38751e+08 0.0182653
3.38751e+08 0.0182653
3.38751e+08 0.0182653
3.38751e+08 0.0182653
3.38751e+08 0.0182869
3.38751e+08 0.0182977
3.38751e+08 0.0182976
3.38751e+08 0.0182976
3.38751e+08 0.0182977
3.38751e+08 0.0182977
3.38751e+08 0.0188879
3.38751e+08 0.0188879
3.38751e+08 0.0188879
3.38751e+08 0.0188879
3.38751e+08 0.0188879
3.38751e+08 0.0188879
3.38751e+08 0.0188879
3.38751e+08 0.0188879
3.38751e+08 0.0188879
3.3883e+08 0.0189438
3.38863e+08 0.0190001
3.38874e+08 0.0189888
3.38908e+08 0.0189775
3.3893e+08 0.0189551
3.39042e+08 0.018888
3.39042e+08 0.0188991
3.39042e+08 0.0188991
3.39065e+08 0.0188768
3.5799e+08 0.0183642
3.5799e+08 0.0183642
3.5799e+08 0.0183853
3.5799e+08 0.0183853
3.58382e+08 0.0182178
3.58382e+08 0.0182178
3.58382e+08 0.0182178
3.58393e+08 0.0182074
3.58393e+08 0.0182074
3.58404e+08 0.0181971
3.58415e+08 0.0181868
3.58415e+08 0.0181868
3.58415e+08 0.0181868
3.58415e+08 0.0181867
3.58427e+08 0.0181764
3.58438e+08 0.0181661
3.58438e+08 0.0187338
3.58438e+08 0.0187338
3.58438e+08 0.0187338
3.58438e+08 0.0187338
3.58438e+08 0.0187338
3.58438e+08 0.0187338
3.5846e+08 0.0187125
3.5846e+08 0.0187125
3.58572e+08 0.0186807
3.58583e+08 0.0187019
3.58583e+08 0.0187125
3.58628e+08 0.0187019
3.5865e+08 0.018702
3.58706e+08 0.0187551
3.58706e+08 0.0187551
3.58706e+08 0.0187551
3.58729e+08 0.0187551
3.78218e+08 0.0182324
3.78218e+08 0.0182324
3.78218e+08 0.0182324
3.78218e+08 0.0182324
3.78643e+08 0.0182022
3.78655e+08 0.0181922
3.78655e+08 0.0181922
3.78666e+08 0.0181922
3.78677e+08 0.0181821
3.78677e+08 0.0181922
3.78677e+08 0.0182022
3.78699e+08 0.0181821
3.78733e+08 0.0181521
3.78744e+08 0.0181421
3.78744e+08 0.0181521
3.78755e+08 0.0181521
3.78766e+08 0.0181421
3.78766e+08 0.0186919
3.78766e+08 0.0186919
3.78778e+08 0.0186816
3.78778e+08 0.0186816
3.78778e+08 0.0186816
3.788e+08 0.0186611
3.78845e+08 0.0186407
3.78845e+08 0.0186407
3.78878e+08 0.0187125
3.78878e+08 0.0187228
3.78878e+08 0.0187228
3.78878e+08 0.0187641
3.78901e+08 0.0187641
3.78968e+08 0.0187538
3.78968e+08 0.0187538
3.78979e+08 0.0187434
3.78979e+08 0.0187641
3.99028e+08 0.0182594
3.99028e+08 0.0182594
3.99028e+08 0.0182594
3.99028e+08 0.0182594
3.9923e+08 0.0184576
3.99241e+08 0.0184576
3.99286e+08 0.0184176
3.99331e+08 0.0183877
3.99342e+08 0.0183877
3.99375e+08 0.0183579
3.99375e+08 0.0183579
3.99386e+08 0.0183678
3.99487e+08 0.0183085
3.99554e+08 0.0182594
3.99577e+08 0.0182398
3.99599e+08 0.01823
3.99632e+08 0.0182105
3.99655e+08 0.018191
3.99655e+08 0.018191
3.99655e+08 0.018726
3.99666e+08 0.018726
3.99666e+08 0.018726
3.99666e+08 0.018726
3.99677e+08 0.018736
3.997e+08 0.0187561
3.997e+08 0.018756
3.99733e+08 0.018756
3.99756e+08 0.018736
3.99756e+08 0.018736
3.99756e+08 0.0187359
3.99767e+08 0.018746
3.99767e+08 0.0188064
3.99767e+08 0.0188064
3.99767e+08 0.0188166
3.99767e+08 0.0188166
4.20407e+08 0.0182967
4.20407e+08 0.0182967
4.20407e+08 0.0182968
4.20407e+08 0.0182968
4.20597e+08 0.0183064
4.20608e+08 0.0183064
4.20642e+08 0.0183159
4.20642e+08 0.0183544
4.20642e+08 0.018364
4.20642e+08 0.0183929
4.20642e+08 0.0183929
4.20642e+08 0.0184026
4.20653e+08 0.0184804
4.20687e+08 0.0185097
4.20698e+08 0.0185195
4.20698e+08 0.0185391
4.20698e+08 0.0185686
4.2072e+08 0.0185686
4.2072e+08 0.0185686
4.20731e+08 0.0185587
4.20731e+08 0.019089
4.20731e+08 0.0190991
4.20731e+08 0.0190991
4.20731e+08 0.0190991
4.20776e+08 0.0190687
4.20933e+08 0.0189483
4.20933e+08 0.0189483
4.21022e+08 0.0188986
4.21022e+08 0.0189185
4.21022e+08 0.0189185
4.21089e+08 0.0188589
4.21089e+08 0.0188688
4.21089e+08 0.0188688
4.21089e+08 0.0188688
4.21089e+08 0.0188688
4.21101e+08 0.0188589
4.42511e+08 0.0182015
4.42522e+08 0.0181923
4.42522e+08 0.0181923
4.42522e+08 0.0181923
4.42612e+08 0.0182755
4.42612e+08 0.0182847
4.42612e+08 0.0183126
4.42612e+08 0.0183126
4.42612e+08 0.0183126
4.42646e+08 0.0182846
4.42646e+08 0.0182846
4.42668e+08 0.0182661
4.42668e+08 0.0182754
4.4269e+08 0.0182846
4.4269e+08 0.0182939
4.4269e+08 0.0182939
4.4269e+08 0.0182939
4.4269e+08 0.0183126
4.4269e+08 0.0183126
4.42702e+08 0.0183126
4.42702e+08 0.0183126
4.42702e+08 0.0183126
4.42702e+08 0.0188212
4.42702e+08 0.0188212
4.42724e+08 0.0188021
4.42791e+08 0.0187829
4.42937e+08 0.0187925
4.42948e+08 0.018783
4.42993e+08 0.0188212
4.43004e+08 0.0188116
4.43004e+08 0.0188116
4.43071e+08 0.0188117
4.43071e+08 0.0188117
4.43071e+08 0.0188117
4.43071e+08 0.0188117
4.43082e+08 0.0188021
4.43127e+08 0.0187735
4.65151e+08 0.0182642
4.65152e+08 0.0182732
4.65152e+08 0.0182732
4.65152e+08 0.0182732
4.65152e+08 0.0183457
4.65152e+08 0.0183457
4.65174e+08 0.0183274
4.65174e+08 0.0183274
4.6523e+08 0.0182822
4.65342e+08 0.0182192
4.65353e+08 0.0182102
4.65353e+08 0.0182282
4.65353e+08 0.0182282
4.65364e+08 0.0182371
4.65364e+08 0.0182371
4.65364e+08 0.0182371
4.65387e+08 0.0182192
4.65387e+08 0.0182192
4.65387e+08 0.0182192
4.65409e+08 0.0182102
4.65409e+08 0.0182102
4.65409e+08 0.0182102
4.65409e+08 0.0182102
4.65409e+08 0.0187024
4.65409e+08 0.0187024
4.65409e+08 0.0187208
4.65476e+08 0.0187208
4.65555e+08 0.0187763
4.65555e+08 0.0187856
4.65622e+08 0.0187671
4.65622e+08 0.0187763
4.65633e+08 0.0187671
4.65633e+08 0.0188228
4.65633e+08 0.0188228
4.65644e+08 0.0188135
4.65644e+08 0.0188135
4.65678e+08 0.0187949
4.657e+08 0.0188135
4.88252e+08 0.0183842
4.88252e+08 0.0183842
4.88252e+08 0.0183842
4.88252e+08 0.0183842
4.88297e+08 0.0183486
4.88319e+08 0.0183309
4.88442e+08 0.0182517
4.88454e+08 0.0182429
4.88454e+08 0.0182868
4.88498e+08 0.0183398
4.8851e+08 0.0183398
4.8851e+08 0.0183398
4.8851e+08 0.0183398
4.88521e+08 0.0183398
4.88521e+08 0.0183398
4.88521e+08 0.0183398
4.88521e+08 0.0183575
4.88521e+08 0.0183575
4.88532e+08 0.0183487
4.88566e+08 0.0183398
4.88566e+08 0.0183398
4.88566e+08 0.0183398
4.88566e+08 0.0183398
4.88566e+08 0.0183398
4.88566e+08 0.0188224
4.88566e+08 0.0188224
4.88577e+08 0.0188133
4.88622e+08 0.0188315
4.88689e+08 0.0188406
4.88689e+08 0.0188406
4.88745e+08 0.0188497
4.88745e+08 0.0188497
4.88745e+08 0.0188588
4.88778e+08 0.0188315
4.88778e+08 0.0188315
4.88778e+08 0.0188406
4.88778e+08 0.0188406
4.88812e+08 0.0188406
4.88834e+08 0.0188406
5.12031e+08 0.0183293
5.12043e+08 0.0183206
5.12054e+08 0.018312
5.12054e+08 0.018312
5.12076e+08 0.0183293
5.12121e+08 0.018312
5.12166e+08 0.0183724
5.12177e+08 0.0183724
5.12188e+08 0.0183638
5.12188e+08 0.0183984
5.12211e+08 0.0183898
5.12211e+08 0.0183898
5.12222e+08 0.0183811
5.12233e+08 0.0183811
5.12233e+08 0.0183811
5.12233e+08 0.0183811
5.12233e+08 0.0183811
5.12233e+08 0.0183811
5.12244e+08 0.0183811
5.12244e+08 0.0184072
5.12244e+08 0.0184072
5.12244e+08 0.0184072
5.12244e+08 0.0184072
5.12244e+08 0.0184072
5.12244e+08 0.0184072
5.12244e+08 0.0184072
5.12244e+08 0.0188791
5.12256e+08 0.0188791
5.12256e+08 0.0189149
5.12479e+08 0.0187904
5.12479e+08 0.0187904
5.12513e+08 0.0188081
5.12535e+08 0.0187904
5.12569e+08 0.018764
5.12591e+08 0.0187728
5.12602e+08 0.018764
5.12613e+08 0.0187552
5.12636e+08 0.0187376
5.12636e+08 0.018764
5.12681e+08 0.0187463
5.3641e+08 0.0183368
5.36411e+08 0.0183452
5.36411e+08 0.0183536
5.36411e+08 0.0183536
5.36433e+08 0.0183536
5.36511e+08 0.0183283
5.36567e+08 0.01832
5.36623e+08 0.0182865
5.36623e+08 0.0182949
5.36623e+08 0.0182949
5.36623e+08 0.0183116
5.36623e+08 0.0183116
5.36623e+08 0.01832
5.36623e+08 0.0183284
5.36635e+08 0.01832
5.36635e+08 0.01832
5.36635e+08 0.01832
5.36635e+08 0.01832
5.36657e+08 0.0183116
5.36657e+08 0.0183116
5.36657e+08 0.0183116
5.36657e+08 0.0183116
5.36657e+08 0.0183116
5.36657e+08 0.0183116
5.36657e+08 0.0183116
5.36657e+08 0.0183116
5.36657e+08 0.0183116
5.36657e+08 0.0187694
5.36691e+08 0.0187522
5.36702e+08 0.0187436
5.36914e+08 0.0187521
5.36914e+08 0.0187521
5.36993e+08 0.0187179
5.36993e+08 0.018735
5.37049e+08 0.0187179
5.37049e+08 0.018735
5.37049e+08 0.0187435
5.37049e+08 0.0187521
5.37049e+08 0.0187693
5.37049e+08 0.0187693
5.37049e+08 0.0188038
5.61427e+08 0.0183167
5.61438e+08 0.0183085
5.6146e+08 0.0182921
5.61471e+08 0.0182839
5.61494e+08 0.0182839
5.61539e+08 0.0183085
5.61539e+08 0.0183495
5.61539e+08 0.0183906
5.61539e+08 0.0183906
5.61539e+08 0.0183906
5.61539e+08 0.0183906
5.61539e+08 0.0183906
5.61539e+08 0.0183906
5.61539e+08 0.0183906
5.61539e+08 0.0183989
5.6155e+08 0.0183906
5.61561e+08 0.0183823
5.61561e+08 0.0183823
5.61561e+08 0.0183988
5.61561e+08 0.0183988
5.61561e+08 0.0183988
5.61561e+08 0.0183988
5.61561e+08 0.0183988
5.61561e+08 0.0183988
5.61561e+08 0.0183988
5.61561e+08 0.0183988
5.61572e+08 0.0183906
5.61572e+08 0.0183906
5.61584e+08 0.0184071
5.61584e+08 0.0188561
5.61595e+08 0.0188561
5.6174e+08 0.018907
5.6174e+08 0.018907
5.61752e+08 0.0189582
5.61752e+08 0.0189582
5.61808e+08 0.0189582
5.61808e+08 0.0189582
5.61819e+08 0.0189496
5.61819e+08 0.0189496
5.61819e+08 0.0189496
5.61819e+08 0.0189496
5.61852e+08 0.018924
5.86924e+08 0.0184089
5.86936e+08 0.0184089
5.86936e+08 0.018425
5.86936e+08 0.0184332
5.86936e+08 0.0184493
5.86936e+08 0.0184818
5.86936e+08 0.0184818
5.86936e+08 0.0184818
5.86936e+08 0.0184818
5.86936e+08 0.0184818
5.86936e+08 0.0184818
5.86936e+08 0.0184818
5.86947e+08 0.0184737
5.86947e+08 0.0184737
5.86947e+08 0.0184737
5.8697e+08 0.0184656
5.86981e+08 0.0184656
5.86981e+08 0.0184656
5.86981e+08 0.0184656
5.86981e+08 0.0184656
5.86981e+08 0.0184656
5.86981e+08 0.0184656
5.86981e+08 0.0184656
5.86981e+08 0.0184656
5.86981e+08 0.0184656
5.86981e+08 0.0184656
5.86981e+08 0.0184737
5.86981e+08 0.0184737
5.86981e+08 0.0184818
5.86981e+08 0.0184818
5.86981e+08 0.0189218
5.87014e+08 0.0189052
5.87126e+08 0.0189302
5.87149e+08 0.0189135
5.87194e+08 0.0188886
5.87194e+08 0.0188886
5.87227e+08 0.0189052
5.87227e+08 0.0189052
5.8725e+08 0.0188969
5.8725e+08 0.0188969
5.8725e+08 0.0188969
5.8725e+08 0.0188969
5.8725e+08 0.0189219
6.13004e+08 0.0184269
6.13004e+08 0.0184348
6.13004e+08 0.0184348
6.13004e+08 0.0184348
6.13004e+08 0.0184348
6.13004e+08 0.0184349
6.13004e+08 0.0184349
6.13004e+08 0.0184349
6.13004e+08 0.0184349
6.13004e+08 0.0184349
6.13004e+08 0.0184348
6.13004e+08 0.0184348
6.13004e+08 0.0184427
6.13004e+08 0.0184427
6.13004e+08 0.0184427
6.13004e+08 0.0184586
6.13004e+08 0.0184665
6.13004e+08 0.0184665
6.13004e+08 0.0184665
6.13004e+08 0.0184665
6.13004e+08 0.0184665
6.13004e+08 0.0184665
6.13004e+08 0.0184665
6.13004e+08 0.0184665
6.13004e+08 0.0184665
6.13004e+08 0.0184665
6.13004e+08 0.0184665
6.13004e+08 0.0184665
6.13016e+08 0.0184585
6.13016e+08 0.0184585
6.13016e+08 0.0184585
6.13038e+08 0.0184665
6.13038e+08 0.018896
6.13161e+08 0.0188879
6.13195e+08 0.0188798
6.13195e+08 0.0189123
6.13195e+08 0.0189123
6.13195e+08 0.0189367
6.13195e+08 0.0189367
6.13195e+08 0.018953
6.13195e+08 0.018953
6.13195e+08 0.018953
6.13195e+08 0.018953
6.13195e+08 0.018953
6.14575e+08 0.31285
6.14575e+08 0.312897
6.14587e+08 0.310705
