4.78205e+06 0.00233718
8.3069e+06 0.00317059
8.30691e+06 0.00634117
9.52019e+06 0.0184224
9.5202e+06 0.0184224
1.18574e+07 0.00956364
1.1891e+07 0.014142
1.1891e+07 0.014142
1.41719e+07 0.0144856
1.48428e+07 0.0113581
1.49099e+07 0.0148077
1.49211e+07 0.014753
1.78396e+07 0.0121885
1.8298e+07 0.0129382
1.8298e+07 0.0131943
1.8298e+07 0.0132379
1.8298e+07 0.0165474
2.08926e+07 0.0183027
2.19211e+07 0.0154232
2.19211e+07 0.0154232
2.19994e+07 0.0150969
2.19994e+07 0.0150969
2.19994e+07 0.0181162
2.54551e+07 0.014697
2.62601e+07 0.0154541
2.62601e+07 0.0154541
2.64167e+07 0.0151803
2.64167e+07 0.0151803
2.64167e+07 0.0151803
2.64167e+07 0.0177103
2.9604e+07 0.0188559
3.06214e+07 0.0179376
3.06214e+07 0.0179376
3.08563e+07 0.0176212
3.08563e+07 0.0176212
3.08563e+07 0.0176212
3.08787e+07 0.0175328
3.42561e+07 0.0168163
3.43456e+07 0.018856
3.51171e+07 0.0198873
3.51171e+07 0.0198873
3.57766e+07 0.0181708
3.57766e+07 0.0181708
3.57767e+07 0.0181708
3.58214e+07 0.0180887
3.99705e+07 0.0156461
4.00152e+07 0.0157695
4.00152e+07 0.0177406
4.08985e+07 0.0173974
4.09544e+07 0.0172308
4.14128e+07 0.0178461
4.14128e+07 0.0178461
4.14463e+07 0.0177405
4.14687e+07 0.0178108
4.60763e+07 0.0164731
4.60764e+07 0.0165947
4.60764e+07 0.0165947
4.68703e+07 0.0168432
4.69374e+07 0.0185067
4.70045e+07 0.0184724
4.74739e+07 0.0184385
4.74739e+07 0.0184385
4.76751e+07 0.0179424
4.76751e+07 0.018007
5.26742e+07 0.0169387
5.27078e+07 0.0168528
5.27078e+07 0.0168529
5.35129e+07 0.0168244
5.36807e+07 0.0165733
5.36807e+07 0.0182306
5.38484e+07 0.0179627
5.41837e+07 0.0183216
5.41837e+07 0.0183216
5.41837e+07 0.0188879
5.41837e+07 0.0188879
5.99096e+07 0.0169906
5.99658e+07 0.016938
5.99881e+07 0.016886
6.08714e+07 0.0167067
6.10391e+07 0.0167067
6.10391e+07 0.0167067
6.11732e+07 0.0167833
6.12291e+07 0.0181703
6.17433e+07 0.0177405
6.17433e+07 0.0177405
6.17433e+07 0.0177405
6.17433e+07 0.0177405
6.757e+07 0.017507
6.77602e+07 0.0172059
6.77602e+07 0.0172554
6.86099e+07 0.0173302
6.88447e+07 0.0171811
6.88447e+07 0.0171811
6.90013e+07 0.0171319
6.90013e+07 0.0172551
6.90013e+07 0.018693
6.93031e+07 0.0192181
6.93926e+07 0.0189934
6.94261e+07 0.0189105
6.95714e+07 0.0185595
7.61252e+07 0.0169823
7.65836e+07 0.016466
7.65836e+07 0.016466
7.70755e+07 0.017162
7.76344e+07 0.0165292
7.76344e+07 0.0165292
7.78245e+07 0.0164664
7.78245e+07 0.0164664
7.78245e+07 0.0164664
7.78357e+07 0.0177106
7.80147e+07 0.0179603
7.81712e+07 0.0178231
7.81712e+07 0.0178914
7.81712e+07 0.0181938
8.50828e+07 0.0174668
8.55077e+07 0.0175326
8.55077e+07 0.0175326
8.58207e+07 0.0178911
8.65697e+07 0.0175106
8.65697e+07 0.0175106
8.66256e+07 0.0177776
8.66256e+07 0.0177776
8.66815e+07 0.0176653
8.66816e+07 0.0176876
8.73971e+07 0.0166762
8.74306e+07 0.0178037
8.76542e+07 0.0176778
8.76542e+07 0.0176778
8.76654e+07 0.017657
9.55947e+07 0.0159476
9.5863e+07 0.0161887
9.58853e+07 0.0161538
9.61313e+07 0.0162589
9.65896e+07 0.0167305
9.66008e+07 0.0167118
9.67126e+07 0.0166192
9.67126e+07 0.0166192
9.69921e+07 0.0162588
9.70257e+07 0.0162061
9.72828e+07 0.0169576
9.73051e+07 0.0169768
9.73051e+07 0.0181086
9.77187e+07 0.0177667
9.77187e+07 0.0177667
9.77187e+07 0.0177865
1.05671e+08 0.0177465
1.05771e+08 0.0180468
1.05861e+08 0.0179255
1.06476e+08 0.0172863
1.0661e+08 0.0178456
1.06654e+08 0.0177861
1.06777e+08 0.0177663
1.06777e+08 0.0177663
1.06889e+08 0.0180674
1.06889e+08 0.0181288
1.07202e+08 0.0180267
1.07437e+08 0.0176488
1.07549e+08 0.0174562
1.08041e+08 0.0173239
1.08074e+08 0.018347
1.08074e+08 0.018347
1.08074e+08 0.0183469
1.17111e+08 0.0166073
1.17245e+08 0.0165588
1.17312e+08 0.0165911
1.17849e+08 0.0167053
1.17972e+08 0.0167218
1.17972e+08 0.0167878
1.18318e+08 0.0164627
1.18318e+08 0.0164627
1.18318e+08 0.0166237
1.18318e+08 0.0166237
1.18441e+08 0.0169048
1.18553e+08 0.0170918
1.18843e+08 0.0168212
1.18933e+08 0.0174426
1.18933e+08 0.0174965
1.18944e+08 0.0185066
1.18966e+08 0.0184686
1.19011e+08 0.018393
1.28551e+08 0.017584
1.28819e+08 0.0173802
1.28864e+08 0.0174138
1.29345e+08 0.0174985
1.29345e+08 0.0176877
1.29345e+08 0.0176877
1.29345e+08 0.0182434
1.29345e+08 0.0182434
1.29345e+08 0.0182434
1.29345e+08 0.0182434
1.29345e+08 0.0184491
1.29892e+08 0.01774
1.30228e+08 0.0176703
1.30462e+08 0.0174477
1.30462e+08 0.0174477
1.30485e+08 0.0174307
1.30496e+08 0.0174476
1.30507e+08 0.0183991
1.30865e+08 0.0179131
1.41735e+08 0.0161056
1.41937e+08 0.016188
1.41937e+08 0.0162434
1.42451e+08 0.0162019
1.42451e+08 0.0162019
1.42451e+08 0.0162019
1.42451e+08 0.0162019
1.42451e+08 0.0162019
1.42451e+08 0.0162019
1.42451e+08 0.0162019
1.42451e+08 0.0162019
1.42451e+08 0.0169084
1.42462e+08 0.0173564
1.42462e+08 0.0176959
1.42462e+08 0.0176959
1.42462e+08 0.017729
1.42462e+08 0.0177455
1.42563e+08 0.0176139
1.42563e+08 0.0185409
1.43021e+08 0.0183873
1.55065e+08 0.0167682
1.55065e+08 0.0170251
1.55088e+08 0.0169962
1.55244e+08 0.0174713
1.55244e+08 0.0174713
1.55244e+08 0.0174713
1.55244e+08 0.0174713
1.55244e+08 0.0174713
1.55244e+08 0.0174713
1.55244e+08 0.0174713
1.55244e+08 0.0174713
1.55244e+08 0.0174713
1.55244e+08 0.0174866
1.55244e+08 0.0174866
1.55244e+08 0.0174866
1.55244e+08 0.0174866
1.55244e+08 0.0174866
1.55244e+08 0.0176253
1.55267e+08 0.0175943
1.56329e+08 0.0167962
1.56351e+08 0.0176064
1.68474e+08 0.0175032
1.68474e+08 0.0175032
1.68474e+08 0.0175325
1.68474e+08 0.0177398
1.68474e+08 0.0177398
1.68474e+08 0.0177398
1.68474e+08 0.0177398
1.68474e+08 0.0177398
1.68474e+08 0.0177398
1.68474e+08 0.0177398
1.68474e+08 0.0177398
1.68474e+08 0.0177398
1.68474e+08 0.0177398
1.68474e+08 0.0177398
1.68474e+08 0.0177398
1.68474e+08 0.0177398
1.68474e+08 0.0177398
1.68474e+08 0.0177398
1.68474e+08 0.0177698
1.69905e+08 0.0172871
1.69939e+08 0.0172729
1.6995e+08 0.0180805
1.81871e+08 0.0183519
1.81871e+08 0.0183519
1.81871e+08 0.0183519
1.81871e+08 0.018352
1.81871e+08 0.018352
1.81871e+08 0.018352
1.81871e+08 0.018352
1.81871e+08 0.018352
1.81871e+08 0.018352
1.81871e+08 0.018352
1.81871e+08 0.018352
1.81871e+08 0.018352
1.81871e+08 0.018352
1.81871e+08 0.018352
1.81871e+08 0.018352
1.81871e+08 0.018352
1.81871e+08 0.018352
1.81871e+08 0.018352
1.81871e+08 0.018352
1.83828e+08 0.0176594
1.83839e+08 0.0176877
1.8385e+08 0.0176877
1.95895e+08 0.0175324
1.95895e+08 0.0183293
1.95895e+08 0.0183293
1.95895e+08 0.0183293
1.95895e+08 0.0183293
1.95895e+08 0.0183293
1.95906e+08 0.0183147
1.95906e+08 0.0183147
1.95906e+08 0.0183147
1.95906e+08 0.0183147
1.9594e+08 0.0182711
1.9594e+08 0.0182711
1.9594e+08 0.0182711
1.9594e+08 0.0182711
1.9594e+08 0.0182711
1.9594e+08 0.0182711
1.9594e+08 0.0182711
1.95951e+08 0.0182566
1.95951e+08 0.0182566
1.95985e+08 0.0182132
1.98042e+08 0.0180844
1.98075e+08 0.018056
1.98086e+08 0.018056
2.10534e+08 0.0175593
2.10534e+08 0.0175593
2.10534e+08 0.0183227
2.10534e+08 0.0183227
2.10534e+08 0.0183227
2.10534e+08 0.0183227
2.10534e+08 0.0183227
2.10534e+08 0.0183367
2.10545e+08 0.0183227
2.10545e+08 0.0183227
2.10612e+08 0.0182391
2.10634e+08 0.018253
2.10634e+08 0.018253
2.10634e+08 0.018253
2.10634e+08 0.018253
2.10657e+08 0.0182253
2.10657e+08 0.0182253
2.10679e+08 0.0181977
2.1069e+08 0.0181977
2.1069e+08 0.0181977
2.10724e+08 0.0181977
2.13128e+08 0.0177795
2.13306e+08 0.0176099
2.1334e+08 0.017584
2.26145e+08 0.0171809
2.26145e+08 0.0171809
2.26145e+08 0.0171809
2.26235e+08 0.0170831
2.26279e+08 0.0177444
2.26313e+08 0.0177067
2.26313e+08 0.0177067
2.26313e+08 0.0177067
2.26313e+08 0.0177067
2.26313e+08 0.0177192
2.26313e+08 0.0177192
2.26324e+08 0.0177823
2.26335e+08 0.0177949
2.26335e+08 0.0177949
2.26335e+08 0.0177949
2.26335e+08 0.0177949
2.26335e+08 0.0178203
2.26369e+08 0.0177823
2.2638e+08 0.0177949
2.26391e+08 0.0177949
2.26391e+08 0.0177949
2.26391e+08 0.017833
2.28784e+08 0.0178456
2.28873e+08 0.0179481
2.28907e+08 0.0179481
2.42551e+08 0.0170307
2.42551e+08 0.0170307
2.42551e+08 0.0170307
2.42562e+08 0.0171123
2.42584e+08 0.0171358
2.42607e+08 0.0177968
2.42618e+08 0.0178212
2.42618e+08 0.0178212
2.42618e+08 0.0178212
2.42685e+08 0.0177483
2.42685e+08 0.0177483
2.42685e+08 0.0177483
2.42685e+08 0.0177604
2.42685e+08 0.0177725
2.42707e+08 0.0177483
2.42707e+08 0.0177483
2.42707e+08 0.0177483
2.42707e+08 0.0177483
2.42707e+08 0.0177847
2.42819e+08 0.0176759
2.42853e+08 0.0176518
2.42953e+08 0.0175446
2.42953e+08 0.0175446
2.45312e+08 0.0175802
2.45447e+08 0.0175327
2.46017e+08 0.016983
2.60186e+08 0.0164768
2.60186e+08 0.0164768
2.60186e+08 0.0164768
2.60197e+08 0.0164768
2.60197e+08 0.0164977
2.60208e+08 0.0165081
2.6022e+08 0.0165081
2.6022e+08 0.017143
2.6022e+08 0.017143
2.60231e+08 0.0171322
2.60231e+08 0.0171976
2.60242e+08 0.0171867
2.60242e+08 0.0171867
2.60242e+08 0.0171867
2.60242e+08 0.0171867
2.60242e+08 0.0172086
2.60264e+08 0.0171867
2.60264e+08 0.0171867
2.60264e+08 0.0171867
2.60264e+08 0.0171867
2.60264e+08 0.0172968
2.6032e+08 0.0172746
2.60365e+08 0.0173301
2.60365e+08 0.0173301
2.62914e+08 0.0171431
2.63182e+08 0.0170135
2.6354e+08 0.0172196
2.77732e+08 0.0171971
2.77732e+08 0.0171971
2.77732e+08 0.0171971
2.77732e+08 0.0172081
2.77732e+08 0.0172081
2.77732e+08 0.0172191
2.77744e+08 0.017219
2.77744e+08 0.017219
2.77755e+08 0.0178454
2.77755e+08 0.0178454
2.77766e+08 0.0178454
2.77766e+08 0.0178454
2.77766e+08 0.0178567
2.77766e+08 0.0178567
2.77766e+08 0.0178567
2.77766e+08 0.0178567
2.77766e+08 0.0178567
2.77788e+08 0.0178567
2.77788e+08 0.0178567
2.77788e+08 0.0178567
2.77788e+08 0.0178567
2.778e+08 0.0178454
2.778e+08 0.0179024
2.77822e+08 0.0179254
2.77822e+08 0.0179254
2.80885e+08 0.0174128
2.80919e+08 0.0176432
2.80975e+08 0.0179485
2.95905e+08 0.0172196
2.95905e+08 0.0172196
2.95905e+08 0.0172196
2.95916e+08 0.0172091
2.95916e+08 0.0172091
2.9595e+08 0.0171774
2.95961e+08 0.0171774
2.95961e+08 0.0171774
2.95972e+08 0.0171775
2.95972e+08 0.0171775
2.95983e+08 0.01778
2.95994e+08 0.01778
2.95994e+08 0.01778
2.95994e+08 0.01778
2.95994e+08 0.01778
2.95994e+08 0.01778
2.95994e+08 0.01778
2.95994e+08 0.01778
2.95994e+08 0.0178019
2.95994e+08 0.0178019
2.95994e+08 0.0178019
2.96006e+08 0.0177909
2.96084e+08 0.0177257
2.9614e+08 0.0176716
2.96274e+08 0.0175646
2.96341e+08 0.017501
2.98666e+08 0.018227
2.98733e+08 0.0181927
2.98856e+08 0.0181246
3.14547e+08 0.0173854
3.14547e+08 0.0173854
3.14547e+08 0.0173854
3.14547e+08 0.0173958
3.14581e+08 0.0173645
3.14581e+08 0.0173958
3.14581e+08 0.0174062
3.14581e+08 0.0174062
3.14581e+08 0.0174167
3.14581e+08 0.0174167
3.14636e+08 0.017375
3.14636e+08 0.0179741
3.14637e+08 0.0179849
3.1467e+08 0.0179526
3.1467e+08 0.0179526
3.14681e+08 0.0179418
3.14681e+08 0.0179418
3.14681e+08 0.0179418
3.14715e+08 0.0179097
3.14715e+08 0.0179097
3.14715e+08 0.0179097
3.14715e+08 0.0179097
3.14715e+08 0.0179204
3.14771e+08 0.0179418
3.15564e+08 0.0172605
3.15866e+08 0.0171128
3.16548e+08 0.0165923
3.17186e+08 0.0181042
3.17275e+08 0.0180824
3.17633e+08 0.0178564
3.34374e+08 0.01691
3.34374e+08 0.01691
3.34374e+08 0.01691
3.34385e+08 0.0169005
3.34385e+08 0.0169291
3.34497e+08 0.0168341
3.34519e+08 0.0168152
3.34531e+08 0.0168058
3.34553e+08 0.016787
3.34553e+08 0.016787
3.34609e+08 0.016787
3.34609e+08 0.016787
3.34642e+08 0.0167588
3.34642e+08 0.0173174
3.34754e+08 0.01725
3.34832e+08 0.0171831
3.34832e+08 0.0171926
3.34832e+08 0.0171926
3.34888e+08 0.0171451
3.35112e+08 0.0169854
3.35112e+08 0.0169854
3.35224e+08 0.0168928
3.35224e+08 0.0168928
3.35224e+08 0.0168928
3.35224e+08 0.016939
3.35682e+08 0.0172213
3.35738e+08 0.0174343
3.35772e+08 0.0180222
3.3642e+08 0.0180117
3.36577e+08 0.0179491
3.36778e+08 0.0180958
3.55017e+08 0.0167827
3.55051e+08 0.0167555
3.55051e+08 0.0167555
3.55051e+08 0.0167646
3.55073e+08 0.0167465
3.55073e+08 0.0168374
3.55073e+08 0.0168557
3.55073e+08 0.0168649
3.55085e+08 0.0168741
3.55107e+08 0.0168557
3.55141e+08 0.0168741
3.55163e+08 0.0168557
3.55196e+08 0.0168557
3.55196e+08 0.0168557
3.55196e+08 0.0173994
3.55196e+08 0.0174946
3.55196e+08 0.0175618
3.55196e+08 0.0175618
3.55219e+08 0.0175425
3.5523e+08 0.0175811
3.55241e+08 0.0177665
3.55252e+08 0.0177567
3.55252e+08 0.0178558
3.55252e+08 0.0178558
3.55252e+08 0.0178558
3.55252e+08 0.0178557
3.55252e+08 0.0182738
3.55253e+08 0.0183261
3.55364e+08 0.0182529
3.56304e+08 0.0179862
3.56304e+08 0.0181289
3.5636e+08 0.0182634
3.75281e+08 0.0176485
3.75281e+08 0.0176777
3.75281e+08 0.0176777
3.75293e+08 0.0176679
3.75304e+08 0.0176777
3.75304e+08 0.0176777
3.75304e+08 0.0176777
3.75304e+08 0.0176777
3.75315e+08 0.0176777
3.75315e+08 0.0176973
3.75326e+08 0.0177169
3.75326e+08 0.0177365
3.75326e+08 0.0177661
3.75326e+08 0.0177661
3.75337e+08 0.0177562
3.75337e+08 0.0177562
3.75349e+08 0.0183009
3.75349e+08 0.0183009
3.75349e+08 0.0183009
3.75349e+08 0.0183213
3.75349e+08 0.0183314
3.75349e+08 0.0183416
3.75349e+08 0.0183518
3.75349e+08 0.0183518
3.75349e+08 0.0183518
3.75349e+08 0.0183518
3.7536e+08 0.0183416
3.75371e+08 0.0183315
3.75382e+08 0.0183214
3.75461e+08 0.018352
3.764e+08 0.018352
3.76456e+08 0.0183011
3.76456e+08 0.018352
3.95892e+08 0.017894
3.95903e+08 0.0178843
3.95914e+08 0.0178746
3.95937e+08 0.0178649
3.95948e+08 0.0178649
3.9597e+08 0.0178456
3.95993e+08 0.0178263
3.95993e+08 0.0178263
3.95993e+08 0.0178359
3.95993e+08 0.0178359
3.95993e+08 0.0178456
3.96015e+08 0.0178263
3.96015e+08 0.0178263
3.96026e+08 0.0178167
3.96026e+08 0.0178263
3.96026e+08 0.0178263
3.96037e+08 0.0178263
3.96037e+08 0.0183665
3.96037e+08 0.0183665
3.96037e+08 0.0183665
3.96049e+08 0.0183566
3.9606e+08 0.0183466
3.9606e+08 0.0183466
3.9606e+08 0.0183467
3.9606e+08 0.0183467
3.9606e+08 0.0183467
3.9606e+08 0.0183467
3.9606e+08 0.0183566
3.9606e+08 0.0183665
3.9606e+08 0.0183764
3.96138e+08 0.0183764
3.97145e+08 0.018317
3.97167e+08 0.0183466
3.97167e+08 0.0183466
4.17073e+08 0.0179397
4.17073e+08 0.0179492
4.17118e+08 0.0179208
4.17118e+08 0.0179397
4.17118e+08 0.0179492
4.17118e+08 0.0179682
4.17118e+08 0.0179872
4.17118e+08 0.0179872
4.17162e+08 0.0179492
4.17162e+08 0.0179492
4.17207e+08 0.0179113
4.17319e+08 0.0178361
4.17352e+08 0.0178081
4.17375e+08 0.0177988
4.17397e+08 0.0177802
4.17397e+08 0.0177802
4.17397e+08 0.0177895
4.17408e+08 0.0177802
4.17408e+08 0.0177802
4.17408e+08 0.0183031
4.17408e+08 0.0183031
4.17453e+08 0.0182744
4.17464e+08 0.0182744
4.17464e+08 0.0182744
4.17464e+08 0.0182744
4.17476e+08 0.0182649
4.17476e+08 0.0182649
4.17487e+08 0.0182554
4.17487e+08 0.0182554
4.17487e+08 0.0182554
4.17498e+08 0.0182458
4.17509e+08 0.0183031
4.18359e+08 0.0184382
4.18448e+08 0.0183801
4.18482e+08 0.0183512
4.38835e+08 0.0179739
4.38858e+08 0.0179555
4.38858e+08 0.0179924
4.38858e+08 0.0179924
4.38858e+08 0.0179924
4.38914e+08 0.0179463
4.38936e+08 0.0179279
4.38958e+08 0.0179095
4.38958e+08 0.0179463
4.38969e+08 0.0179371
4.39081e+08 0.0178821
4.39137e+08 0.0179279
4.39137e+08 0.0179555
4.39137e+08 0.0179739
4.39137e+08 0.0179924
4.39171e+08 0.0179647
4.39171e+08 0.0179647
4.39182e+08 0.0179647
4.39193e+08 0.0179554
4.39216e+08 0.0179371
4.39294e+08 0.0183836
4.39294e+08 0.0183836
4.39327e+08 0.018393
4.39339e+08 0.018393
4.3935e+08 0.0183836
4.3935e+08 0.0183836
4.39372e+08 0.0183742
4.39406e+08 0.0183461
4.39417e+08 0.0183461
4.39417e+08 0.0183461
4.39417e+08 0.0183461
4.39439e+08 0.0183368
4.39462e+08 0.0183274
4.40356e+08 0.0182901
4.40356e+08 0.0183648
4.4039e+08 0.0183648
4.61213e+08 0.0179793
4.61235e+08 0.0179793
4.61235e+08 0.0179793
4.61235e+08 0.0179793
4.61235e+08 0.0179793
4.61436e+08 0.0178633
4.61436e+08 0.017881
4.6147e+08 0.0178721
4.61515e+08 0.0178367
4.61559e+08 0.0178102
4.61626e+08 0.0178455
4.61716e+08 0.017819
4.61727e+08 0.0178102
4.61749e+08 0.0177926
4.6175e+08 0.0177926
4.61794e+08 0.0177838
4.61794e+08 0.0177838
4.61794e+08 0.0177926
4.61794e+08 0.0178014
4.61794e+08 0.017819
4.61839e+08 0.0178455
4.6185e+08 0.0178367
4.6185e+08 0.0183321
4.6185e+08 0.0183594
4.6185e+08 0.0183685
4.6185e+08 0.0183777
4.61861e+08 0.0183685
4.61873e+08 0.0183777
4.61884e+08 0.0183959
4.61906e+08 0.0183868
4.61906e+08 0.0183868
4.6194e+08 0.0183594
4.61962e+08 0.0183594
4.61984e+08 0.0183594
4.62745e+08 0.0184695
4.6279e+08 0.0184327
4.62857e+08 0.0184052
4.84093e+08 0.0180724
4.84228e+08 0.0179845
4.84261e+08 0.0179583
4.84261e+08 0.0179583
4.84261e+08 0.0179583
4.84317e+08 0.0180723
4.84317e+08 0.0180723
4.84339e+08 0.0180811
4.8444e+08 0.018037
4.84597e+08 0.0179495
4.84809e+08 0.017837
4.8482e+08 0.0178974
4.8482e+08 0.017906
4.8482e+08 0.0179234
4.8482e+08 0.0179234
4.84865e+08 0.0179234
4.84876e+08 0.0179147
4.84876e+08 0.0179147
4.84876e+08 0.0179147
4.84876e+08 0.0179147
4.84876e+08 0.0179494
4.84876e+08 0.0179582
4.84876e+08 0.0179582
4.84876e+08 0.0184435
4.84876e+08 0.0184435
4.84921e+08 0.0184078
4.84921e+08 0.0184078
4.84932e+08 0.0184078
4.84943e+08 0.0184078
4.84943e+08 0.0184167
4.84943e+08 0.0184346
4.84955e+08 0.0184256
4.84955e+08 0.0184525
4.84955e+08 0.0184704
4.84966e+08 0.0184794
4.85816e+08 0.0184078
4.85916e+08 0.0183633
4.8595e+08 0.01839
5.07835e+08 0.0178877
5.0788e+08 0.0179553
5.07925e+08 0.0179468
5.07969e+08 0.0179129
5.08025e+08 0.0178708
5.08037e+08 0.0179044
5.08037e+08 0.0179044
5.08104e+08 0.0178708
5.08193e+08 0.0178792
5.08372e+08 0.0178623
5.08473e+08 0.0179467
5.08495e+08 0.0179382
5.0854e+08 0.0179044
5.0854e+08 0.0179044
5.0854e+08 0.0179044
5.08562e+08 0.0179213
5.08596e+08 0.0179044
5.08629e+08 0.0178792
5.0864e+08 0.0178708
5.0864e+08 0.0178708
5.0864e+08 0.0178708
5.0864e+08 0.0178708
5.0864e+08 0.0178708
5.0864e+08 0.0178708
5.0864e+08 0.018341
5.0864e+08 0.018341
5.08652e+08 0.018367
5.08674e+08 0.0183497
5.08674e+08 0.0183583
5.08674e+08 0.018367
5.08685e+08 0.0183583
5.0873e+08 0.0183238
5.08741e+08 0.0183238
5.08741e+08 0.0183238
5.08741e+08 0.0183238
5.08775e+08 0.0183066
5.09267e+08 0.0185858
5.09267e+08 0.0186659
5.09367e+08 0.0186124
5.31879e+08 0.0181277
5.31968e+08 0.018094
5.32058e+08 0.0180605
5.32181e+08 0.0180022
5.32214e+08 0.0180189
5.32226e+08 0.0180189
5.32226e+08 0.0180189
5.32304e+08 0.0180105
5.32404e+08 0.0180022
5.32617e+08 0.0179773
5.32662e+08 0.0180188
5.32662e+08 0.0180355
5.32662e+08 0.0180689
5.32662e+08 0.0180689
5.32662e+08 0.0180689
5.32673e+08 0.0180773
5.32673e+08 0.0181025
5.32695e+08 0.0181109
5.32707e+08 0.0181109
5.32707e+08 0.0181109
5.32707e+08 0.0181109
5.32718e+08 0.0181025
5.32751e+08 0.0180773
5.32751e+08 0.0180773
5.32751e+08 0.0180773
5.32763e+08 0.0180689
5.32774e+08 0.0185236
5.32774e+08 0.0185322
5.32774e+08 0.0185494
5.32774e+08 0.0185494
5.32774e+08 0.0185494
5.32796e+08 0.0185408
5.32807e+08 0.0185666
5.3283e+08 0.018558
5.3283e+08 0.018558
5.32841e+08 0.0185494
5.32852e+08 0.0185666
5.33523e+08 0.0184297
5.33545e+08 0.0184127
5.3359e+08 0.0184552
5.56493e+08 0.0181616
5.56549e+08 0.0181864
5.5675e+08 0.018104
5.5675e+08 0.0181946
5.56773e+08 0.0182029
5.56773e+08 0.0182112
5.56773e+08 0.0182112
5.57075e+08 0.0180469
5.57186e+08 0.0180387
5.57499e+08 0.0179659
5.57578e+08 0.0179418
5.576e+08 0.0179257
5.576e+08 0.0179257
5.576e+08 0.0179257
5.576e+08 0.0179257
5.57611e+08 0.0179257
5.57611e+08 0.0179257
5.57634e+08 0.0179257
5.57634e+08 0.0179338
5.57645e+08 0.0179257
5.57645e+08 0.0179257
5.57645e+08 0.0179338
5.57645e+08 0.0179579
5.57656e+08 0.0179498
5.57656e+08 0.0179498
5.57656e+08 0.0179579
5.57656e+08 0.0179659
5.57656e+08 0.0184151
5.57656e+08 0.0184151
5.57667e+08 0.0184068
5.57667e+08 0.0184068
5.57667e+08 0.0184068
5.57712e+08 0.0183902
5.57734e+08 0.018382
5.57746e+08 0.0183902
5.57746e+08 0.0183902
5.57746e+08 0.0183985
5.57802e+08 0.0183655
5.58227e+08 0.0185483
5.58272e+08 0.0185315
5.58339e+08 0.0185148
5.81879e+08 0.0180499
5.81946e+08 0.0180419
5.82024e+08 0.0181296
5.82047e+08 0.0181136
5.8208e+08 0.0181056
5.82125e+08 0.0180737
5.82147e+08 0.0180578
5.82315e+08 0.0181538
5.82382e+08 0.018186
5.82572e+08 0.0182752
5.82729e+08 0.0182184
5.82751e+08 0.0182184
5.82773e+08 0.0182022
5.83019e+08 0.0180261
5.83019e+08 0.0180261
5.83042e+08 0.0180182
5.83042e+08 0.0180182
5.83042e+08 0.018034
5.83086e+08 0.0180023
5.83086e+08 0.0180103
5.83086e+08 0.0180103
5.83086e+08 0.0180103
5.83086e+08 0.0180103
5.83086e+08 0.0180182
5.83086e+08 0.0180182
5.83086e+08 0.0180182
5.83098e+08 0.0180103
5.83098e+08 0.0180103
5.83098e+08 0.0180103
5.83098e+08 0.0184496
5.83098e+08 0.0184577
5.83098e+08 0.0184577
5.83098e+08 0.0184577
5.83098e+08 0.0184902
5.83098e+08 0.0185065
5.83098e+08 0.0185147
5.83098e+08 0.0185147
5.8312e+08 0.0184984
5.83142e+08 0.0185229
5.8349e+08 0.0185801
5.83546e+08 0.0185719
5.8359e+08 0.0185883
6.07757e+08 0.0181385
6.0788e+08 0.0180994
6.07902e+08 0.0181385
6.07902e+08 0.0181542
6.07914e+08 0.0181699
6.07925e+08 0.0181935
6.07958e+08 0.0181856
6.07992e+08 0.0182806
6.08137e+08 0.0182251
6.08137e+08 0.0183605
6.08372e+08 0.0183045
6.0845e+08 0.0182647
6.0854e+08 0.0182172
6.08819e+08 0.0181935
6.08908e+08 0.0181307
6.09076e+08 0.0180295
6.09076e+08 0.0180295
6.09076e+08 0.0180295
6.09076e+08 0.0180605
6.09076e+08 0.0180605
6.09076e+08 0.0180605
6.09087e+08 0.0180527
6.09087e+08 0.0180527
6.09087e+08 0.0180527
6.09087e+08 0.0180527
6.09087e+08 0.0180527
6.09087e+08 0.0180605
6.09087e+08 0.0180605
6.09099e+08 0.0180527
6.09099e+08 0.0180527
6.09099e+08 0.0184825
6.09099e+08 0.0184825
6.09099e+08 0.0184825
6.09099e+08 0.0184825
6.09099e+08 0.0184826
6.0911e+08 0.0184746
6.0911e+08 0.0184746
6.09121e+08 0.0184667
6.09166e+08 0.0184508
6.09177e+08 0.0184588
6.09468e+08 0.0184984
6.09546e+08 0.0184825
6.09569e+08 0.0184984
6.24538e+08 0.0286374
6.24996e+08 0.028077
6.25097e+08 0.0279487
6.25108e+08 0.0279305
6.25108e+08 0.0279484
6.25121e+08 0.0279465
6.25153e+08 0.0279479
6.25165e+08 0.0279842
6.25198e+08 0.0281673
6.25198e+08 0.0281672
6.25323e+08 0.0283507
6.25334e+08 0.028463
6.25344e+08 0.0285972
6.25344e+08 0.0290806
6.25457e+08 0.0290388
6.25613e+08 0.0290594
6.25658e+08 0.0289808
6.25692e+08 0.0289222
6.25692e+08 0.0289219
6.25692e+08 0.0289218
6.25692e+08 0.0289216
6.25715e+08 0.0289015
6.25715e+08 0.0289013
6.25749e+08 0.0288429
6.2576e+08 0.0288234
6.25794e+08 0.0287654
6.25828e+08 0.0287071
6.25861e+08 0.02865
6.25895e+08 0.0286114
6.25906e+08 0.0285922
6.25917e+08 0.028573
6.25917e+08 0.0285728
6.25929e+08 0.0292177
6.25952e+08 0.0291769
6.25952e+08 0.0291769
6.25974e+08 0.0291397
6.25985e+08 0.0291396
6.25985e+08 0.0291394
6.25996e+08 0.0291392
6.26008e+08 0.029197
6.26041e+08 0.0291582
6.27046e+08 0.0279744
6.27103e+08 0.0280096
6.27125e+08 0.0280096
6.3231e+08 0.0632698
6.32578e+08 0.0648511
6.32679e+08 0.064854
