4.83786e+06 0.00231046
8.29514e+06 0.00323257
8.29514e+06 0.00646512
1.01917e+07 0.0117854
1.01917e+07 0.0117854
1.15001e+07 0.0170836
1.15001e+07 0.0256253
1.15001e+07 0.0256253
1.49504e+07 0.00971719
1.49504e+07 0.00971719
1.49504e+07 0.0129562
1.49504e+07 0.0129562
1.83315e+07 0.0132216
1.83315e+07 0.0132216
1.83651e+07 0.0130917
1.83651e+07 0.0130917
1.83763e+07 0.0163108
2.21106e+07 0.0147864
2.21106e+07 0.0147864
2.21218e+07 0.0148744
2.2133e+07 0.0148303
2.23343e+07 0.0141183
2.23343e+07 0.0169419
2.64008e+07 0.0156299
2.64008e+07 0.0156299
2.64456e+07 0.0155087
2.64679e+07 0.0154686
2.66133e+07 0.0156708
2.66133e+07 0.0156708
2.66133e+07 0.0182826
3.06615e+07 0.0183608
3.06616e+07 0.0183608
3.07623e+07 0.0181229
3.07958e+07 0.0180761
3.09076e+07 0.0182173
3.09076e+07 0.0182173
3.09076e+07 0.0182173
3.54221e+07 0.0164331
3.54221e+07 0.0187807
3.54221e+07 0.0187807
3.57577e+07 0.0178979
3.57577e+07 0.0180188
3.58024e+07 0.0182657
3.58024e+07 0.0182657
3.58024e+07 0.0182657
4.07369e+07 0.0168224
4.07369e+07 0.0168224
4.07369e+07 0.0189251
4.07817e+07 0.0187671
4.1229e+07 0.0183837
4.12402e+07 0.0183461
4.12402e+07 0.018497
4.12514e+07 0.0184591
4.12626e+07 0.0184213
4.6728e+07 0.0167887
4.6728e+07 0.0167887
4.6728e+07 0.0167887
4.68175e+07 0.0166643
4.68175e+07 0.0185158
4.70748e+07 0.0191175
4.72314e+07 0.0186538
4.72426e+07 0.0186191
4.72649e+07 0.0185845
4.72649e+07 0.0186191
5.31294e+07 0.0174585
5.31629e+07 0.0173675
5.31629e+07 0.0173675
5.32301e+07 0.017428
5.32301e+07 0.017428
5.32413e+07 0.0191375
5.35433e+07 0.0190051
5.35993e+07 0.0193054
5.35993e+07 0.0193393
5.35993e+07 0.0194076
5.35993e+07 0.0194076
6.05301e+07 0.0166112
6.05301e+07 0.0166868
6.05301e+07 0.0166868
6.05413e+07 0.0168144
6.05413e+07 0.0168144
6.05414e+07 0.0168401
6.07988e+07 0.0169437
6.07988e+07 0.018484
6.08547e+07 0.0184841
6.08659e+07 0.0184556
6.0866e+07 0.0184556
6.0866e+07 0.0184556
6.8146e+07 0.0176093
6.8146e+07 0.0176093
6.8146e+07 0.0176093
6.8146e+07 0.0176352
6.8146e+07 0.0176352
6.81572e+07 0.0176094
6.85712e+07 0.0172547
6.85712e+07 0.0172547
6.85712e+07 0.0186926
6.8616e+07 0.0187195
6.86495e+07 0.0186658
6.86495e+07 0.0186658
6.86719e+07 0.0186123
7.64757e+07 0.017442
7.64757e+07 0.017442
7.64757e+07 0.017442
7.64869e+07 0.0174186
7.64981e+07 0.0173953
7.64981e+07 0.0174186
7.69121e+07 0.0174186
7.69344e+07 0.0173721
7.69344e+07 0.0173721
7.69344e+07 0.0187084
7.69792e+07 0.0187083
7.70016e+07 0.0187333
7.70016e+07 0.0187333
7.70016e+07 0.0187836
8.53579e+07 0.0176152
8.53579e+07 0.0176152
8.53579e+07 0.0176152
8.53579e+07 0.0176374
8.5358e+07 0.0176596
8.5358e+07 0.0176596
8.58837e+07 0.0174396
8.58837e+07 0.0174832
8.58837e+07 0.0174832
8.58837e+07 0.0174832
8.59844e+07 0.0173747
8.59844e+07 0.0186157
8.59956e+07 0.0186389
8.59956e+07 0.0186389
8.59956e+07 0.0186389
9.48882e+07 0.0175901
9.48882e+07 0.0175901
9.48882e+07 0.0175901
9.48994e+07 0.0175695
9.48994e+07 0.0175695
9.48994e+07 0.0175695
9.52574e+07 0.0178838
9.52575e+07 0.0178838
9.52687e+07 0.0178625
9.53022e+07 0.0177989
9.53581e+07 0.0178838
9.53581e+07 0.0178838
9.53693e+07 0.0190532
9.54141e+07 0.0189855
9.54141e+07 0.0189855
9.54253e+07 0.0189629
1.0504e+08 0.0176142
1.0504e+08 0.0176142
1.0504e+08 0.0176142
1.0504e+08 0.0176336
1.0504e+08 0.0176336
1.05051e+08 0.0176142
1.05454e+08 0.017537
1.05454e+08 0.017537
1.05622e+08 0.0172718
1.05644e+08 0.0172905
1.05655e+08 0.0173655
1.05678e+08 0.0173279
1.05689e+08 0.0173279
1.057e+08 0.0173844
1.057e+08 0.0184709
1.057e+08 0.0184709
1.05711e+08 0.0184709
1.15773e+08 0.0177013
1.15784e+08 0.0176828
1.15784e+08 0.0176828
1.15784e+08 0.0176828
1.15784e+08 0.0176828
1.15784e+08 0.0177011
1.16075e+08 0.0178877
1.16086e+08 0.0178689
1.16221e+08 0.0179254
1.16254e+08 0.0179065
1.16444e+08 0.0176097
1.16444e+08 0.0176462
1.16489e+08 0.0175914
1.165e+08 0.0175914
1.165e+08 0.0175914
1.165e+08 0.0186262
1.165e+08 0.0186262
1.165e+08 0.0186455
1.27096e+08 0.0177654
1.27164e+08 0.0176778
1.27164e+08 0.0176778
1.27175e+08 0.0176605
1.27175e+08 0.0176605
1.27208e+08 0.0176087
1.27645e+08 0.0173877
1.27645e+08 0.0174045
1.27835e+08 0.0173208
1.27846e+08 0.0173542
1.27846e+08 0.0176435
1.27846e+08 0.0176435
1.27958e+08 0.0175402
1.28014e+08 0.0174721
1.28014e+08 0.0174721
1.28014e+08 0.0174721
1.28025e+08 0.0174551
1.28036e+08 0.0184068
1.28036e+08 0.0184069
1.39047e+08 0.0177682
1.39226e+08 0.0176036
1.39237e+08 0.0175873
1.39237e+08 0.0176036
1.39237e+08 0.0176036
1.39271e+08 0.0176036
1.39606e+08 0.0177516
1.39618e+08 0.017735
1.39763e+08 0.0178014
1.39763e+08 0.0178181
1.39763e+08 0.0178182
1.39763e+08 0.0178181
1.39931e+08 0.0177349
1.39976e+08 0.0177515
1.39976e+08 0.0177515
1.39976e+08 0.0177516
1.39976e+08 0.0177682
1.40043e+08 0.0176855
1.40043e+08 0.0186163
1.40043e+08 0.0186163
1.51552e+08 0.017874
1.51787e+08 0.0177946
1.51787e+08 0.0178104
1.51854e+08 0.0177158
1.51854e+08 0.0177158
1.51877e+08 0.0177315
1.52257e+08 0.0176686
1.52268e+08 0.0176686
1.52346e+08 0.0177629
1.52346e+08 0.0177629
1.52346e+08 0.0177629
1.52369e+08 0.0177313
1.52514e+08 0.0177629
1.52514e+08 0.0178262
1.52514e+08 0.0178262
1.52525e+08 0.0178103
1.52525e+08 0.0178103
1.52738e+08 0.0176063
1.52738e+08 0.0176063
1.52738e+08 0.0176063
1.52738e+08 0.0184866
1.64892e+08 0.0175931
1.65273e+08 0.0174035
1.65273e+08 0.0174035
1.65273e+08 0.0174905
1.65273e+08 0.0174905
1.65273e+08 0.0175197
1.65519e+08 0.0176968
1.65519e+08 0.0177117
1.6553e+08 0.0178018
1.6553e+08 0.0178018
1.65541e+08 0.0177867
1.65675e+08 0.0176374
1.65687e+08 0.0178169
1.65776e+08 0.0176968
1.65787e+08 0.0176819
1.65877e+08 0.0175781
1.65877e+08 0.0175781
1.65978e+08 0.0177266
1.65978e+08 0.0177266
1.65978e+08 0.0177266
1.65978e+08 0.0177266
1.65978e+08 0.0185708
1.7771e+08 0.0191826
1.78034e+08 0.0192665
1.78034e+08 0.0192665
1.78045e+08 0.0192496
1.78045e+08 0.0192497
1.78045e+08 0.0192497
1.78437e+08 0.0190331
1.78459e+08 0.0190002
1.7847e+08 0.0190002
1.78482e+08 0.0189838
1.78526e+08 0.0189347
1.78593e+08 0.0190331
1.78593e+08 0.0190496
1.78638e+08 0.0191159
1.78638e+08 0.0191325
1.78739e+08 0.0191159
1.78739e+08 0.0191159
1.78907e+08 0.0190167
1.7894e+08 0.0189674
1.78974e+08 0.0189185
1.78974e+08 0.0189185
1.78974e+08 0.0189185
1.91565e+08 0.017746
1.91576e+08 0.0185377
1.91967e+08 0.0184485
1.91967e+08 0.0184485
1.91967e+08 0.0184633
1.91967e+08 0.0184633
1.92001e+08 0.0184189
1.9228e+08 0.0185677
1.92359e+08 0.018493
1.9237e+08 0.018493
1.92526e+08 0.0183017
1.92526e+08 0.0183601
1.92616e+08 0.0183308
1.92616e+08 0.0183308
1.92627e+08 0.0183748
1.92672e+08 0.0183162
1.92806e+08 0.0182724
1.92806e+08 0.0182724
1.92918e+08 0.0183454
1.92974e+08 0.0183162
1.92974e+08 0.0183601
1.92974e+08 0.0183601
1.92974e+08 0.0183601
2.06076e+08 0.0177138
2.06087e+08 0.0177138
2.06087e+08 0.018484
2.064e+08 0.0185842
2.064e+08 0.0185842
2.064e+08 0.0185842
2.064e+08 0.0185842
2.06411e+08 0.018613
2.0678e+08 0.0184982
2.06814e+08 0.0185554
2.06859e+08 0.0185125
2.06948e+08 0.0185986
2.06948e+08 0.0185987
2.07026e+08 0.018613
2.07026e+08 0.018613
2.07026e+08 0.0186274
2.07093e+08 0.0185986
2.07407e+08 0.0183707
2.07418e+08 0.0183567
2.07519e+08 0.0183707
2.07519e+08 0.0184413
2.07519e+08 0.0184413
2.07519e+08 0.0184413
2.07519e+08 0.0184413
2.2111e+08 0.01784
2.21121e+08 0.01784
2.21121e+08 0.01784
2.21233e+08 0.0180821
2.21256e+08 0.0188071
2.21256e+08 0.0188071
2.21256e+08 0.0188071
2.21256e+08 0.0188071
2.21323e+08 0.0187366
2.2186e+08 0.0185283
2.2186e+08 0.0185696
2.21882e+08 0.0185972
2.21983e+08 0.0185834
2.21983e+08 0.0185834
2.22184e+08 0.0184327
2.22218e+08 0.018392
2.22218e+08 0.018392
2.22318e+08 0.0183515
2.22486e+08 0.0185283
2.22497e+08 0.0185283
2.22587e+08 0.0185419
2.22587e+08 0.0185419
2.22609e+08 0.0185145
2.22609e+08 0.0185145
2.22609e+08 0.0185145
2.36733e+08 0.0178836
2.36756e+08 0.0178708
2.36756e+08 0.0178708
2.36901e+08 0.0178325
2.36901e+08 0.017858
2.36901e+08 0.0185723
2.36912e+08 0.0185591
2.36912e+08 0.0185591
2.36912e+08 0.0185591
2.36946e+08 0.0185989
2.37405e+08 0.0186925
2.37427e+08 0.0186656
2.37427e+08 0.0186925
2.3755e+08 0.0186656
2.3755e+08 0.0186656
2.37874e+08 0.0185194
2.37885e+08 0.0185458
2.37885e+08 0.0185458
2.37953e+08 0.0185856
2.38109e+08 0.0185989
2.38109e+08 0.0186122
2.38221e+08 0.0185856
2.38299e+08 0.018493
2.383e+08 0.0185193
2.38355e+08 0.0184536
2.38367e+08 0.0184405
2.52995e+08 0.0178688
2.53017e+08 0.0178688
2.53017e+08 0.0178688
2.53084e+08 0.0179553
2.53084e+08 0.0179553
2.53084e+08 0.0179553
2.53084e+08 0.0179677
2.53084e+08 0.0186587
2.53084e+08 0.0186587
2.53084e+08 0.0186587
2.53084e+08 0.0186975
2.53688e+08 0.0185307
2.53711e+08 0.0185307
2.53711e+08 0.0185307
2.53767e+08 0.0186073
2.53767e+08 0.0186073
2.54035e+08 0.0186717
2.54046e+08 0.0186717
2.54057e+08 0.0186588
2.54113e+08 0.0186717
2.54337e+08 0.0185946
2.54337e+08 0.0185946
2.54415e+08 0.018633
2.54539e+08 0.0185817
2.54561e+08 0.0185561
2.54606e+08 0.0185689
2.54606e+08 0.0185816
2.69904e+08 0.0178457
2.69937e+08 0.0178339
2.69937e+08 0.0178339
2.6996e+08 0.0178811
2.6996e+08 0.0178811
2.6996e+08 0.0178811
2.6996e+08 0.0178811
2.6996e+08 0.0178811
2.6996e+08 0.0185434
2.6996e+08 0.0185433
2.6996e+08 0.0185433
2.6996e+08 0.0185433
2.70474e+08 0.0186423
2.70485e+08 0.0186547
2.70485e+08 0.0186547
2.70485e+08 0.018717
2.70519e+08 0.0186796
2.70765e+08 0.0187046
2.7081e+08 0.0186671
2.70899e+08 0.0185804
2.70966e+08 0.0185681
2.71201e+08 0.0185559
2.71201e+08 0.0185559
2.71369e+08 0.0184579
2.71604e+08 0.0183369
2.71604e+08 0.018361
2.71671e+08 0.0183369
2.71693e+08 0.0183129
2.87325e+08 0.0179625
2.87347e+08 0.017974
2.87347e+08 0.017974
2.87358e+08 0.0179856
2.87358e+08 0.0179856
2.87358e+08 0.0179856
2.87358e+08 0.0179856
2.87358e+08 0.0179856
2.87358e+08 0.0179856
2.87358e+08 0.0179857
2.87369e+08 0.0186161
2.87403e+08 0.0185803
2.87425e+08 0.0185565
2.8785e+08 0.0186519
2.87973e+08 0.0185327
2.87973e+08 0.0185327
2.87973e+08 0.0185327
2.87996e+08 0.0185446
2.88264e+08 0.0185209
2.88309e+08 0.0185209
2.88309e+08 0.0186161
2.88309e+08 0.018688
2.88566e+08 0.018664
2.88566e+08 0.018664
2.88901e+08 0.0184856
2.89237e+08 0.0183799
2.8926e+08 0.0183566
2.89293e+08 0.0183915
2.89304e+08 0.0184032
3.05387e+08 0.0179428
3.05544e+08 0.0178106
3.05544e+08 0.0178106
3.05544e+08 0.0178216
3.05555e+08 0.0178106
3.05566e+08 0.0177997
3.05566e+08 0.0177997
3.05566e+08 0.0177997
3.05566e+08 0.0177997
3.05566e+08 0.0177997
3.05566e+08 0.0178106
3.05566e+08 0.0184248
3.05566e+08 0.0184588
3.05566e+08 0.0184815
3.05913e+08 0.0185616
3.06036e+08 0.0185616
3.06036e+08 0.0185616
3.06036e+08 0.0185616
3.06047e+08 0.0185731
3.06182e+08 0.0187122
3.06237e+08 0.0187006
3.06338e+08 0.0185962
3.06338e+08 0.0185962
3.06428e+08 0.0187707
3.06439e+08 0.018759
3.07076e+08 0.0184474
3.07379e+08 0.0184814
3.07434e+08 0.0184472
3.07446e+08 0.01847
3.07446e+08 0.0184814
3.2422e+08 0.0178031
3.24231e+08 0.0179415
3.24231e+08 0.0179415
3.24231e+08 0.0179415
3.24231e+08 0.0179523
3.24231e+08 0.017963
3.24231e+08 0.017963
3.24231e+08 0.017963
3.24231e+08 0.017963
3.24242e+08 0.0179522
3.24242e+08 0.0179522
3.24242e+08 0.0179522
3.24242e+08 0.0179522
3.24243e+08 0.0185506
3.24299e+08 0.0184952
3.24544e+08 0.0185951
3.24578e+08 0.0186848
3.24578e+08 0.0186848
3.24578e+08 0.0186848
3.246e+08 0.0186736
3.24645e+08 0.0187641
3.2469e+08 0.0187754
3.24992e+08 0.0185729
3.25025e+08 0.0185396
3.25271e+08 0.0183857
3.25282e+08 0.0183857
3.25629e+08 0.0186734
3.26222e+08 0.0183855
3.26234e+08 0.0184293
3.26245e+08 0.0184292
3.26256e+08 0.0184183
3.43698e+08 0.0177867
3.43709e+08 0.0177867
3.43709e+08 0.0177867
3.43709e+08 0.0177867
3.43709e+08 0.0177867
3.43709e+08 0.0177867
3.43709e+08 0.0177867
3.43709e+08 0.0177867
3.43709e+08 0.0177867
3.43709e+08 0.0177969
3.43709e+08 0.0177969
3.43709e+08 0.0177969
3.43709e+08 0.0177969
3.43721e+08 0.0177867
3.43732e+08 0.0183499
3.43967e+08 0.0181831
3.44034e+08 0.0183499
3.44034e+08 0.0183815
3.44067e+08 0.0183499
3.44079e+08 0.0183394
3.44202e+08 0.0182453
3.44224e+08 0.0182661
3.44257e+08 0.0182765
3.44503e+08 0.0183289
3.44503e+08 0.0183605
3.44649e+08 0.0184558
3.44671e+08 0.0184451
3.45052e+08 0.0184132
3.45768e+08 0.0182974
3.45768e+08 0.0183079
3.45779e+08 0.0183079
3.45779e+08 0.0183183
3.63705e+08 0.0178756
3.63716e+08 0.0178756
3.63716e+08 0.0178756
3.63716e+08 0.0178756
3.63727e+08 0.0178656
3.63738e+08 0.0178556
3.63749e+08 0.0178456
3.63749e+08 0.0178457
3.63749e+08 0.0178457
3.63749e+08 0.0178457
3.63749e+08 0.0178457
3.63761e+08 0.0178357
3.6385e+08 0.0177565
3.6385e+08 0.0177664
3.63861e+08 0.0177664
3.6413e+08 0.0177368
3.6413e+08 0.0182911
3.64309e+08 0.0181903
3.64309e+08 0.0181903
3.64309e+08 0.0182204
3.64309e+08 0.0182305
3.64309e+08 0.0183419
3.64309e+08 0.0183623
3.64309e+08 0.0183931
3.64421e+08 0.0185169
3.64421e+08 0.0185169
3.64544e+08 0.0185377
3.64588e+08 0.0185169
3.64947e+08 0.0185377
3.6583e+08 0.0183829
3.65852e+08 0.0183624
3.65931e+08 0.0183013
3.65931e+08 0.0183013
3.84535e+08 0.0177049
3.84546e+08 0.0177049
3.84546e+08 0.0177049
3.84546e+08 0.0177049
3.84558e+08 0.0177049
3.84658e+08 0.0176293
3.84748e+08 0.0175635
3.84804e+08 0.0175169
3.84815e+08 0.0175076
3.84815e+08 0.0175076
3.84815e+08 0.0175076
3.84826e+08 0.0175075
3.84882e+08 0.0175355
3.84882e+08 0.0175355
3.84882e+08 0.0175448
3.85061e+08 0.0176198
3.85072e+08 0.0176104
3.85072e+08 0.0181441
3.85173e+08 0.0182121
3.85173e+08 0.0182121
3.85173e+08 0.0182121
3.85173e+08 0.0182121
3.85195e+08 0.0181926
3.85218e+08 0.0181732
3.85229e+08 0.0181634
3.85262e+08 0.0182317
3.85273e+08 0.0182219
3.85374e+08 0.0182414
3.85374e+08 0.0182806
3.85554e+08 0.0184393
3.86672e+08 0.0182316
3.86705e+08 0.0182218
3.8684e+08 0.0181731
3.8684e+08 0.0181731
4.06055e+08 0.0176574
4.06055e+08 0.0176665
4.06055e+08 0.0176665
4.06066e+08 0.0176574
4.06066e+08 0.0176665
4.06066e+08 0.0177496
4.06133e+08 0.0177681
4.06223e+08 0.0177404
4.06234e+08 0.0177404
4.06245e+08 0.0177311
4.06245e+08 0.0177311
4.06256e+08 0.0177311
4.06256e+08 0.0177775
4.06267e+08 0.0177682
4.06267e+08 0.0177682
4.06267e+08 0.0179181
4.06267e+08 0.0179275
4.06267e+08 0.0179275
4.06458e+08 0.0178522
4.06458e+08 0.0183772
4.06458e+08 0.0183772
4.06458e+08 0.0183772
4.06513e+08 0.0183291
4.06513e+08 0.0183483
4.06525e+08 0.0183579
4.06525e+08 0.0183675
4.06525e+08 0.0183965
4.06525e+08 0.0184062
4.06603e+08 0.0184256
4.06637e+08 0.0183965
4.06939e+08 0.0182907
4.08225e+08 0.0181484
4.08225e+08 0.0181766
4.08292e+08 0.0182335
4.08359e+08 0.0181767
4.28207e+08 0.017658
4.28207e+08 0.017658
4.28229e+08 0.0176402
4.28251e+08 0.0176314
4.28251e+08 0.0176314
4.28251e+08 0.0176314
4.28341e+08 0.0176136
4.28374e+08 0.017658
4.28374e+08 0.017667
4.28374e+08 0.0176759
4.28374e+08 0.0176759
4.28374e+08 0.0176848
4.28374e+08 0.0176848
4.28374e+08 0.0176937
4.28386e+08 0.0176848
4.28386e+08 0.0176848
4.28397e+08 0.0176759
4.28397e+08 0.0176759
4.28587e+08 0.0176759
4.28587e+08 0.0176759
4.28587e+08 0.0181809
4.28632e+08 0.0181442
4.28632e+08 0.0181442
4.28643e+08 0.0181809
4.28643e+08 0.0181809
4.28643e+08 0.0181901
4.28643e+08 0.0181901
4.28643e+08 0.0181901
4.28654e+08 0.0181809
4.28665e+08 0.0182362
4.28744e+08 0.0181993
4.2946e+08 0.0178651
4.30444e+08 0.0181075
4.30455e+08 0.0180984
4.30455e+08 0.0181532
4.30466e+08 0.0181991
4.50683e+08 0.0179
4.50683e+08 0.0179
4.50706e+08 0.0178999
4.50717e+08 0.0179088
4.50717e+08 0.0179088
4.50728e+08 0.0178999
4.5075e+08 0.0179535
4.50817e+08 0.0179267
4.50829e+08 0.0179177
4.50829e+08 0.0179177
4.5084e+08 0.0179088
4.5084e+08 0.0179088
4.5084e+08 0.0179088
4.50873e+08 0.0178821
4.50873e+08 0.017891
4.50873e+08 0.017891
4.50874e+08 0.0178999
4.50885e+08 0.017891
4.51019e+08 0.0179356
4.5103e+08 0.0179267
4.5103e+08 0.0179267
4.5103e+08 0.0179625
4.5103e+08 0.0184614
4.51041e+08 0.0184522
4.51053e+08 0.0184522
4.51053e+08 0.0184522
4.51053e+08 0.0184522
4.51064e+08 0.018443
4.51086e+08 0.0184246
4.5112e+08 0.0184062
4.51131e+08 0.0184062
4.51198e+08 0.0184154
4.52462e+08 0.0179768
4.52887e+08 0.0184245
4.52887e+08 0.0184337
4.52887e+08 0.0184337
4.52887e+08 0.0184429
4.73816e+08 0.0178753
4.73816e+08 0.0178753
4.73839e+08 0.0178753
4.7395e+08 0.0177978
4.73973e+08 0.0177807
4.73973e+08 0.0177893
4.73973e+08 0.0178064
4.73995e+08 0.0178408
4.74006e+08 0.0178408
4.74006e+08 0.0178408
4.74006e+08 0.0178494
4.74006e+08 0.0178494
4.74006e+08 0.0178494
4.74051e+08 0.0178408
4.74051e+08 0.0178408
4.74062e+08 0.0178322
4.74062e+08 0.0178322
4.74118e+08 0.0177979
4.74185e+08 0.0178494
4.74197e+08 0.0178494
4.74197e+08 0.0178494
4.74197e+08 0.0178494
4.74197e+08 0.0178494
4.74197e+08 0.0183318
4.74208e+08 0.0183318
4.74208e+08 0.0183407
4.74208e+08 0.0183407
4.74208e+08 0.0183407
4.74208e+08 0.0183495
4.74208e+08 0.0183673
4.74208e+08 0.0183939
4.74376e+08 0.0182701
4.747e+08 0.0180703
4.75673e+08 0.0182963
4.76009e+08 0.0183672
4.76009e+08 0.0183672
4.7602e+08 0.0183583
4.7602e+08 0.0183583
4.97631e+08 0.0178324
4.97643e+08 0.0178241
4.97654e+08 0.0178325
4.97676e+08 0.0178997
4.97676e+08 0.0179166
4.97676e+08 0.0179166
4.97676e+08 0.0179166
4.97676e+08 0.0179335
4.97676e+08 0.0179419
4.97676e+08 0.0179419
4.97732e+08 0.0178996
4.97732e+08 0.0178996
4.97732e+08 0.0178996
4.97799e+08 0.0178828
4.97799e+08 0.0178828
4.97799e+08 0.0178912
4.97833e+08 0.017866
4.98157e+08 0.0176666
4.98302e+08 0.0176093
4.98302e+08 0.0176175
4.98336e+08 0.017593
4.98336e+08 0.017593
4.98336e+08 0.017593
4.98336e+08 0.017593
4.98336e+08 0.018056
4.98336e+08 0.0180643
4.98336e+08 0.0180643
4.98336e+08 0.0180643
4.98347e+08 0.0180559
4.98392e+08 0.0180226
4.98414e+08 0.0180059
4.98414e+08 0.0180059
4.98493e+08 0.0180727
4.98638e+08 0.0182077
4.99433e+08 0.0183446
4.99635e+08 0.0184488
4.99657e+08 0.0184313
4.99657e+08 0.01844
4.99657e+08 0.01844
5.21847e+08 0.0179988
5.21847e+08 0.0180071
5.2187e+08 0.0179988
5.21914e+08 0.0179822
5.21914e+08 0.0179822
5.21914e+08 0.0179822
5.21914e+08 0.0179822
5.21914e+08 0.0179822
5.21937e+08 0.0179656
5.21959e+08 0.0179491
5.22105e+08 0.0178833
5.22138e+08 0.0178587
5.22205e+08 0.0178098
5.22507e+08 0.0176406
5.22507e+08 0.0176406
5.22529e+08 0.0176246
5.22619e+08 0.0175849
5.22697e+08 0.0177611
5.22697e+08 0.0178669
5.22708e+08 0.0178587
5.22708e+08 0.0178833
5.2272e+08 0.0178751
5.2272e+08 0.0178751
5.2272e+08 0.0178751
5.2272e+08 0.0178751
5.2272e+08 0.0178751
5.2272e+08 0.0183334
5.22764e+08 0.0182998
5.22764e+08 0.0182998
5.22809e+08 0.0182747
5.22876e+08 0.018258
5.22921e+08 0.0182413
5.22921e+08 0.0182413
5.23033e+08 0.0182164
5.23134e+08 0.0182496
5.23649e+08 0.0184603
5.23873e+08 0.0184432
5.23873e+08 0.0184603
5.23873e+08 0.0184603
5.23873e+08 0.0184603
5.46636e+08 0.0180339
5.46636e+08 0.0180339
5.46893e+08 0.0178648
5.47239e+08 0.0176519
5.47239e+08 0.0176519
5.47251e+08 0.0176441
5.47251e+08 0.0176441
5.47273e+08 0.0176286
5.47362e+08 0.0175821
5.47385e+08 0.0175821
5.47519e+08 0.0175898
5.47519e+08 0.017613
5.47553e+08 0.0176363
5.47575e+08 0.0178329
5.47586e+08 0.017825
5.47597e+08 0.0178329
5.47597e+08 0.0178967
5.47597e+08 0.017953
5.47609e+08 0.0179449
5.47631e+08 0.0179368
5.47631e+08 0.0179368
5.47642e+08 0.0179368
5.47642e+08 0.0179368
5.47642e+08 0.0179368
5.47653e+08 0.0179288
5.47676e+08 0.0179127
5.47676e+08 0.0179127
5.47676e+08 0.0183605
5.47687e+08 0.0183852
5.47687e+08 0.0183852
5.47721e+08 0.0183934
5.47721e+08 0.018443
5.47721e+08 0.0184763
5.47721e+08 0.0184763
5.47755e+08 0.0185348
5.48001e+08 0.0184263
5.48437e+08 0.0184847
5.48662e+08 0.0184847
5.48662e+08 0.0184847
5.48662e+08 0.0184847
5.48662e+08 0.0184847
5.72671e+08 0.0175998
5.72671e+08 0.0175998
5.72727e+08 0.0177369
5.72771e+08 0.0179466
5.72771e+08 0.0179466
5.7285e+08 0.0178995
5.7285e+08 0.0178995
5.7285e+08 0.0179152
5.72939e+08 0.0179152
5.72939e+08 0.0179308
5.72973e+08 0.0180016
5.72973e+08 0.0180016
5.72995e+08 0.0180095
5.73007e+08 0.0180174
5.73007e+08 0.0180253
5.73018e+08 0.0180253
5.73018e+08 0.0180253
5.73018e+08 0.0180253
5.73029e+08 0.0180253
5.73029e+08 0.0180412
5.73074e+08 0.0180094
5.73119e+08 0.0179857
5.73119e+08 0.0179857
5.73119e+08 0.0179857
5.7313e+08 0.0179857
5.73175e+08 0.0179699
5.73208e+08 0.0179462
5.73208e+08 0.0179462
5.73264e+08 0.0179148
5.73287e+08 0.0183358
5.73287e+08 0.0183358
5.73298e+08 0.0183518
5.73298e+08 0.0183518
5.73298e+08 0.0183518
5.73298e+08 0.0183518
5.73298e+08 0.018376
5.73432e+08 0.0184569
5.73746e+08 0.0185466
5.73948e+08 0.018563
5.73948e+08 0.018563
5.73948e+08 0.018563
5.73948e+08 0.018563
5.98593e+08 0.0181072
5.98638e+08 0.018076
5.98694e+08 0.0180761
5.98772e+08 0.0180527
5.98795e+08 0.0180372
5.9894e+08 0.0179908
5.9894e+08 0.0179908
5.9894e+08 0.0179908
5.98951e+08 0.0180449
5.98963e+08 0.0180372
5.99086e+08 0.0179753
5.99097e+08 0.0179676
5.99108e+08 0.0179753
5.99142e+08 0.0179598
5.99142e+08 0.0179598
5.99176e+08 0.0179444
5.99176e+08 0.0179443
5.99176e+08 0.0179443
5.99176e+08 0.0179521
5.99176e+08 0.0179521
5.99209e+08 0.0179598
5.99221e+08 0.0179829
5.99221e+08 0.0179829
5.99221e+08 0.0179829
5.99243e+08 0.0179752
5.99243e+08 0.0180061
5.99243e+08 0.0180294
5.99243e+08 0.0180294
5.99243e+08 0.0180682
5.99243e+08 0.0180838
5.99243e+08 0.0185143
5.99243e+08 0.0185143
5.99265e+08 0.0185064
5.99265e+08 0.0185064
5.99277e+08 0.0184984
5.99288e+08 0.0184904
5.99288e+08 0.0184904
5.99422e+08 0.0184905
5.9978e+08 0.0184587
5.9996e+08 0.0184746
5.9996e+08 0.0184746
5.9996e+08 0.0184746
5.99971e+08 0.0184666
6.23365e+08 0.0193995
6.23365e+08 0.0194345
6.23365e+08 0.0194786
6.23388e+08 0.0195227
6.23388e+08 0.0195405
6.23477e+08 0.019585
6.23489e+08 0.019576
6.23489e+08 0.019576
6.23567e+08 0.0195227
6.23589e+08 0.0195139
6.23869e+08 0.0193907
6.23869e+08 0.0193994
6.23869e+08 0.0194082
6.2388e+08 0.0194258
6.2388e+08 0.0194258
6.2388e+08 0.0194523
6.23903e+08 0.0194348
6.23903e+08 0.0194348
6.23914e+08 0.019426
6.23914e+08 0.019426
6.23936e+08 0.0194348
6.23947e+08 0.0194348
6.23959e+08 0.0194261
6.23959e+08 0.0194261
6.23959e+08 0.0194436
6.23959e+08 0.0194436
6.23959e+08 0.0194436
6.2397e+08 0.0194348
6.2397e+08 0.0194348
6.23981e+08 0.0194261
6.23981e+08 0.0194261
6.23981e+08 0.0194261
6.23981e+08 0.0198778
6.23992e+08 0.0198868
6.23992e+08 0.0198868
6.23992e+08 0.0198958
6.24003e+08 0.0198958
6.24003e+08 0.0198958
6.24015e+08 0.0199954
6.24149e+08 0.0201794
6.24339e+08 0.0201703
6.24339e+08 0.0201703
6.24339e+08 0.0201703
6.24395e+08 0.0201334
6.29356e+08 0.0820828
6.29356e+08 0.0820828
6.29356e+08 0.0820827
