3.6105e+06 0.00309543
8.28293e+06 0.00239187
8.28294e+06 0.00478373
1.00569e+07 0.0125999
1.00569e+07 0.0125999
1.1656e+07 0.013978
1.1656e+07 0.0209669
1.1656e+07 0.0209668
1.52423e+07 0.00934868
1.52535e+07 0.00931956
1.52535e+07 0.0124261
1.52759e+07 0.0123492
1.82714e+07 0.0147579
1.82938e+07 0.0147038
1.82938e+07 0.0147038
1.82938e+07 0.0148129
1.82938e+07 0.0185161
2.27601e+07 0.012449
2.27602e+07 0.0125111
2.27602e+07 0.0125111
2.27602e+07 0.0125111
2.27602e+07 0.0125111
2.27714e+07 0.0149757
2.69023e+07 0.0161881
2.69248e+07 0.0161013
2.69248e+07 0.0161013
2.69248e+07 0.0161013
2.69248e+07 0.0161013
2.6936e+07 0.0161014
2.6936e+07 0.0187849
3.16489e+07 0.0164814
3.17385e+07 0.0162515
3.17385e+07 0.0162515
3.17385e+07 0.0162515
3.17497e+07 0.0162139
3.1761e+07 0.0162138
3.1761e+07 0.0162138
3.66231e+07 0.0157276
3.66231e+07 0.0179744
3.67238e+07 0.0179343
3.67238e+07 0.0179343
3.67238e+07 0.0179343
3.67574e+07 0.0178541
3.67686e+07 0.0178541
3.67686e+07 0.0178541
4.2677e+07 0.0147683
4.2677e+07 0.0147683
4.26771e+07 0.0166143
4.26995e+07 0.0168318
4.27107e+07 0.0168003
4.27219e+07 0.016769
4.27779e+07 0.0167067
4.28115e+07 0.0166449
4.28115e+07 0.0166449
4.87224e+07 0.0166379
4.8756e+07 0.0165462
4.8756e+07 0.0165462
4.87784e+07 0.0165462
4.87785e+07 0.0183846
4.87896e+07 0.0183846
4.87897e+07 0.0184185
4.89016e+07 0.0182501
4.89129e+07 0.0183169
4.89129e+07 0.0183169
5.56135e+07 0.0162179
5.56135e+07 0.0162972
5.56135e+07 0.0162972
5.57031e+07 0.0161391
5.57032e+07 0.0161391
5.57032e+07 0.017753
5.57032e+07 0.0177817
5.57032e+07 0.0177817
5.58823e+07 0.0176107
5.59158e+07 0.0175547
5.5927e+07 0.0175267
6.30696e+07 0.0164879
6.30919e+07 0.0164386
6.31143e+07 0.0163896
6.31704e+07 0.0164631
6.31705e+07 0.0164631
6.31817e+07 0.0164385
6.31817e+07 0.0164385
6.31817e+07 0.0179328
6.31817e+07 0.0179329
6.32826e+07 0.0181222
6.32826e+07 0.0182047
6.32826e+07 0.0182324
7.08891e+07 0.0171507
7.09115e+07 0.0171506
7.09339e+07 0.0171506
7.11242e+07 0.0168613
7.11689e+07 0.016767
7.1169e+07 0.0167905
7.1169e+07 0.0167905
7.1169e+07 0.0167905
7.1169e+07 0.0181897
7.1169e+07 0.0181897
7.1337e+07 0.0180381
7.13482e+07 0.0180131
7.13482e+07 0.0180131
7.91422e+07 0.0176038
7.91758e+07 0.0175801
7.92428e+07 0.0174855
7.96231e+07 0.0170947
7.97126e+07 0.0170052
7.97126e+07 0.0170052
7.97126e+07 0.0170052
7.97126e+07 0.0170052
7.97126e+07 0.0170052
7.97126e+07 0.0183133
7.97238e+07 0.0182894
7.99702e+07 0.0181235
7.99702e+07 0.018147
7.99702e+07 0.018147
8.79206e+07 0.0178235
8.79206e+07 0.0178918
8.79207e+07 0.0180301
8.83905e+07 0.0178459
8.85358e+07 0.017733
8.8547e+07 0.0177105
8.8547e+07 0.0177105
8.8547e+07 0.0177105
8.85694e+07 0.0176657
8.85806e+07 0.0176435
8.85806e+07 0.0176657
8.85806e+07 0.0189276
8.90505e+07 0.0184616
8.90617e+07 0.0184389
8.90729e+07 0.0184162
9.77473e+07 0.0170595
9.77473e+07 0.0170596
9.77473e+07 0.0170595
9.8139e+07 0.0171963
9.81949e+07 0.0173554
9.81949e+07 0.0173755
9.82173e+07 0.0173354
9.82173e+07 0.0173354
9.82173e+07 0.0173756
9.82173e+07 0.0173958
9.82173e+07 0.0173958
9.82173e+07 0.0173958
9.82173e+07 0.0185555
9.87208e+07 0.0184912
9.87432e+07 0.0184696
9.88103e+07 0.0183637
1.07924e+08 0.0175714
1.07924e+08 0.0175714
1.0798e+08 0.0174753
1.0836e+08 0.0174944
1.08416e+08 0.0174943
1.08416e+08 0.0174943
1.08427e+08 0.0175134
1.08427e+08 0.0175134
1.08427e+08 0.0175134
1.08427e+08 0.0175134
1.08427e+08 0.0175134
1.08439e+08 0.0174943
1.08439e+08 0.0174943
1.08909e+08 0.0175519
1.08964e+08 0.0185471
1.09076e+08 0.0183867
1.09088e+08 0.0184865
1.18939e+08 0.0172481
1.1895e+08 0.0172307
1.18972e+08 0.0172833
1.19364e+08 0.0172655
1.19375e+08 0.0173361
1.19387e+08 0.0173184
1.19387e+08 0.0173361
1.19387e+08 0.0173361
1.19398e+08 0.0173184
1.19409e+08 0.0173008
1.19409e+08 0.0173008
1.1942e+08 0.0173008
1.1942e+08 0.0173008
1.19756e+08 0.0175147
1.19756e+08 0.0176054
1.19756e+08 0.018641
1.19846e+08 0.0186796
1.19969e+08 0.0184877
1.30412e+08 0.017533
1.30424e+08 0.017533
1.30424e+08 0.0175672
1.3076e+08 0.0176533
1.30771e+08 0.0176533
1.30782e+08 0.0176533
1.30782e+08 0.0176533
1.30782e+08 0.0176533
1.30816e+08 0.0176188
1.30816e+08 0.0176361
1.30827e+08 0.0176188
1.30827e+08 0.017636
1.30827e+08 0.017636
1.31163e+08 0.017636
1.31174e+08 0.0176188
1.3123e+08 0.0175329
1.31341e+08 0.0174989
1.31341e+08 0.018471
1.31487e+08 0.018435
1.42579e+08 0.0174529
1.42601e+08 0.0174369
1.42601e+08 0.0174369
1.4296e+08 0.0174049
1.4296e+08 0.0174209
1.42982e+08 0.0174049
1.42982e+08 0.0174049
1.42982e+08 0.0174049
1.42982e+08 0.0174529
1.42982e+08 0.0174529
1.42982e+08 0.0174689
1.42982e+08 0.0174689
1.43004e+08 0.0174369
1.43418e+08 0.0173256
1.4343e+08 0.0173256
1.43474e+08 0.0173414
1.43508e+08 0.0174529
1.43519e+08 0.0174369
1.43519e+08 0.0183545
1.43698e+08 0.0183042
1.55261e+08 0.0176251
1.55294e+08 0.0176096
1.55294e+08 0.0176096
1.55697e+08 0.0175478
1.55697e+08 0.0175478
1.55709e+08 0.0175632
1.55709e+08 0.0175632
1.5572e+08 0.0175478
1.5572e+08 0.0175477
1.55731e+08 0.0175323
1.55731e+08 0.0175323
1.55731e+08 0.0175323
1.55753e+08 0.0175323
1.561e+08 0.0176252
1.56111e+08 0.0176252
1.56123e+08 0.0176719
1.56235e+08 0.0175632
1.56235e+08 0.0175786
1.56302e+08 0.0174864
1.56559e+08 0.01738
1.56559e+08 0.018249
1.68535e+08 0.0176799
1.68591e+08 0.0176502
1.68591e+08 0.0176502
1.69028e+08 0.0176057
1.69028e+08 0.0176057
1.69028e+08 0.0176205
1.69028e+08 0.0176205
1.69028e+08 0.0176353
1.6905e+08 0.0176057
1.6905e+08 0.0176205
1.6905e+08 0.0176205
1.6905e+08 0.0176205
1.6905e+08 0.0176501
1.6942e+08 0.0176205
1.69442e+08 0.0176057
1.69442e+08 0.0176205
1.69543e+08 0.0176354
1.69543e+08 0.0176354
1.69666e+08 0.0175616
1.69822e+08 0.0176947
1.69856e+08 0.0176501
1.69867e+08 0.018475
1.81893e+08 0.0184064
1.81938e+08 0.0184218
1.81938e+08 0.0184218
1.82363e+08 0.0184373
1.82363e+08 0.0184373
1.82363e+08 0.0184373
1.82363e+08 0.0184372
1.82375e+08 0.0184217
1.82408e+08 0.0184063
1.82408e+08 0.0184064
1.82408e+08 0.0184064
1.82408e+08 0.0184064
1.82408e+08 0.0184064
1.82621e+08 0.0186245
1.82666e+08 0.018593
1.82699e+08 0.018546
1.82766e+08 0.018593
1.82766e+08 0.018593
1.82956e+08 0.0184992
1.83359e+08 0.0181631
1.83393e+08 0.0181631
1.83415e+08 0.0181481
1.95491e+08 0.0180811
1.95491e+08 0.018903
1.95502e+08 0.0189497
1.95514e+08 0.0189341
1.9614e+08 0.0186577
1.96151e+08 0.0186425
1.96151e+08 0.0186425
1.96151e+08 0.0186426
1.96151e+08 0.0186577
1.96207e+08 0.0186275
1.96207e+08 0.0186275
1.96207e+08 0.0186275
1.96207e+08 0.0186275
1.96207e+08 0.0186275
1.96442e+08 0.0185973
1.96498e+08 0.0185823
1.96498e+08 0.0186275
1.96566e+08 0.0186275
1.96588e+08 0.0185973
1.96756e+08 0.0186275
1.97237e+08 0.0185224
1.97237e+08 0.0185673
1.97259e+08 0.0185673
2.10094e+08 0.0176025
2.10116e+08 0.0175756
2.10116e+08 0.0183397
2.10116e+08 0.0183537
2.10195e+08 0.0182698
2.10765e+08 0.0183399
2.10877e+08 0.0182145
2.10877e+08 0.0182145
2.10877e+08 0.0182145
2.10877e+08 0.0182144
2.10877e+08 0.0182838
2.10877e+08 0.0182838
2.10877e+08 0.0182838
2.10877e+08 0.0182838
2.10877e+08 0.0182838
2.1109e+08 0.0183118
2.11157e+08 0.0182978
2.11168e+08 0.0182839
2.11269e+08 0.0182421
2.11291e+08 0.0182422
2.11314e+08 0.0184242
2.11895e+08 0.0182978
2.11951e+08 0.0182283
2.12018e+08 0.018173
2.25049e+08 0.0179351
2.25049e+08 0.017962
2.25049e+08 0.0179619
2.25083e+08 0.0179217
2.25105e+08 0.0186406
2.25172e+08 0.0186544
2.25552e+08 0.0188943
2.25732e+08 0.018809
2.25732e+08 0.018809
2.25743e+08 0.0187948
2.25776e+08 0.0187524
2.25821e+08 0.0186963
2.25832e+08 0.0186824
2.25832e+08 0.0186824
2.25832e+08 0.0186824
2.25832e+08 0.0186824
2.26112e+08 0.018599
2.26168e+08 0.0186128
2.2619e+08 0.018599
2.26302e+08 0.0185851
2.26302e+08 0.0186128
2.26314e+08 0.0186267
2.26884e+08 0.0186406
2.2694e+08 0.0186406
2.27074e+08 0.0185575
2.40761e+08 0.0177822
2.40761e+08 0.0177822
2.40761e+08 0.0177822
2.40761e+08 0.0178202
2.40761e+08 0.0178457
2.40761e+08 0.0185595
2.40873e+08 0.0185066
2.41309e+08 0.018441
2.41343e+08 0.0186127
2.41343e+08 0.0186127
2.41377e+08 0.0185861
2.41388e+08 0.0186126
2.41444e+08 0.0185993
2.41455e+08 0.0185993
2.41466e+08 0.0185859
2.41466e+08 0.0185859
2.41489e+08 0.0185594
2.4178e+08 0.0185462
2.41836e+08 0.0185462
2.41836e+08 0.0185727
2.4207e+08 0.0184279
2.4207e+08 0.0184279
2.42082e+08 0.0184279
2.42473e+08 0.0186393
2.42563e+08 0.0185992
2.42708e+08 0.0185859
2.56832e+08 0.0180803
2.56844e+08 0.0180677
2.56844e+08 0.0180677
2.56844e+08 0.0180677
2.56855e+08 0.0180551
2.56855e+08 0.0180551
2.57067e+08 0.017943
2.57067e+08 0.0186331
2.57369e+08 0.0187888
2.57403e+08 0.0187888
2.57426e+08 0.0187627
2.57459e+08 0.0187627
2.5747e+08 0.0187627
2.57526e+08 0.0187626
2.57526e+08 0.0187756
2.57538e+08 0.0187756
2.57549e+08 0.0187626
2.57582e+08 0.0187495
2.57773e+08 0.0188675
2.57784e+08 0.0189203
2.57784e+08 0.0189203
2.57941e+08 0.0190136
2.57941e+08 0.0190136
2.57985e+08 0.0189735
2.58611e+08 0.0186976
2.5869e+08 0.0187105
2.58779e+08 0.0187756
2.73751e+08 0.0178356
2.73751e+08 0.0178474
2.73751e+08 0.0178474
2.73762e+08 0.0178356
2.73762e+08 0.0178474
2.73762e+08 0.0178474
2.73975e+08 0.0178473
2.73975e+08 0.0178473
2.73997e+08 0.0184839
2.74277e+08 0.0185084
2.74377e+08 0.0184352
2.74377e+08 0.0184595
2.74411e+08 0.0184595
2.74411e+08 0.0184717
2.74467e+08 0.0184718
2.74467e+08 0.0184718
2.74467e+08 0.0184839
2.74467e+08 0.0184961
2.74501e+08 0.0184961
2.7468e+08 0.0185083
2.74702e+08 0.018496
2.74702e+08 0.018496
2.74792e+08 0.0185697
2.74792e+08 0.0185697
2.7487e+08 0.0185328
2.75217e+08 0.0188446
2.75452e+08 0.0186687
2.7553e+08 0.0186811
2.91004e+08 0.0181368
2.91049e+08 0.01809
2.91049e+08 0.01809
2.9106e+08 0.01809
2.91071e+08 0.0180783
2.91071e+08 0.0180783
2.91273e+08 0.01809
2.91306e+08 0.0180549
2.91306e+08 0.0180783
2.91575e+08 0.0180899
2.91597e+08 0.0187118
2.9172e+08 0.0186877
2.9172e+08 0.0186877
2.91732e+08 0.0187118
2.91732e+08 0.0187118
2.91754e+08 0.0187482
2.91765e+08 0.0187361
2.91765e+08 0.0187361
2.91788e+08 0.0187118
2.9181e+08 0.0187239
2.91978e+08 0.018736
2.92001e+08 0.018736
2.92012e+08 0.0187239
2.92068e+08 0.0187602
2.92068e+08 0.0187602
2.92169e+08 0.018736
2.92493e+08 0.0187602
2.92582e+08 0.0189193
2.9275e+08 0.018821
3.09011e+08 0.0179987
3.09011e+08 0.0180435
3.09022e+08 0.0180323
3.09056e+08 0.0180099
3.09123e+08 0.0179541
3.09123e+08 0.0179541
3.09291e+08 0.0179875
3.09324e+08 0.0179875
3.09336e+08 0.0179764
3.09593e+08 0.0179875
3.09593e+08 0.0180098
3.09593e+08 0.0186308
3.09806e+08 0.0185387
3.09817e+08 0.0185272
3.09817e+08 0.0185387
3.09817e+08 0.0185387
3.09828e+08 0.0185502
3.09828e+08 0.0185616
3.09839e+08 0.0185502
3.09862e+08 0.0185503
3.09906e+08 0.0185274
3.1003e+08 0.0185731
3.10052e+08 0.0185731
3.10052e+08 0.0185847
3.10164e+08 0.0185272
3.10175e+08 0.0185158
3.10265e+08 0.0185272
3.10556e+08 0.0185615
3.10567e+08 0.0186423
3.10802e+08 0.0185731
3.27564e+08 0.0180718
3.27564e+08 0.0180718
3.27575e+08 0.0180718
3.27586e+08 0.0180936
3.27642e+08 0.0181046
3.27642e+08 0.0181046
3.27843e+08 0.0180718
3.27866e+08 0.0180827
3.27899e+08 0.0180609
3.28212e+08 0.0180067
3.28212e+08 0.0180067
3.28212e+08 0.0180067
3.28403e+08 0.0180284
3.28414e+08 0.0186181
3.28414e+08 0.0186293
3.28425e+08 0.0186181
3.28425e+08 0.0186181
3.28459e+08 0.0185958
3.28459e+08 0.0185958
3.28515e+08 0.0185513
3.28526e+08 0.0185624
3.28526e+08 0.018607
3.28571e+08 0.0186855
3.28605e+08 0.0186742
3.28605e+08 0.0186742
3.28762e+08 0.0186292
3.28762e+08 0.0186404
3.28896e+08 0.0185958
3.29198e+08 0.0185846
3.29198e+08 0.0185957
3.29366e+08 0.0186629
3.46731e+08 0.0180746
3.46731e+08 0.0180746
3.46731e+08 0.0180852
3.46754e+08 0.0180746
3.46754e+08 0.0181274
3.46754e+08 0.0181274
3.47034e+08 0.0180535
3.47112e+08 0.0180011
3.47157e+08 0.0179906
3.47358e+08 0.0180956
3.47358e+08 0.0180956
3.47358e+08 0.0180956
3.47649e+08 0.0180011
3.47649e+08 0.0180115
3.47649e+08 0.0185926
3.47649e+08 0.0185925
3.47649e+08 0.0186034
3.47649e+08 0.0186034
3.47671e+08 0.0186142
3.47671e+08 0.0186142
3.47727e+08 0.0186142
3.47739e+08 0.0186142
3.47739e+08 0.0186142
3.47795e+08 0.0186033
3.47795e+08 0.0186358
3.47795e+08 0.0186358
3.47952e+08 0.0186358
3.47952e+08 0.0186358
3.48008e+08 0.0187121
3.48377e+08 0.0186467
3.48433e+08 0.0185925
3.48556e+08 0.0186358
3.66411e+08 0.018173
3.66411e+08 0.018173
3.66411e+08 0.018173
3.66455e+08 0.0181523
3.66455e+08 0.0181524
3.66455e+08 0.0181524
3.66802e+08 0.0180907
3.66903e+08 0.0180702
3.66914e+08 0.0181009
3.67127e+08 0.0180907
3.67127e+08 0.0180907
3.67138e+08 0.0180805
3.67406e+08 0.0181009
3.67406e+08 0.0181009
3.67418e+08 0.0180906
3.67418e+08 0.0180906
3.67429e+08 0.0186454
3.67429e+08 0.0186454
3.67429e+08 0.0186454
3.6744e+08 0.018656
3.6744e+08 0.018656
3.67507e+08 0.0186455
3.67507e+08 0.018656
3.67518e+08 0.0186455
3.67553e+08 0.0186665
3.67597e+08 0.0186243
3.67609e+08 0.0186138
3.67732e+08 0.0186454
3.67732e+08 0.0186454
3.67844e+08 0.0185928
3.68123e+08 0.0186771
3.68135e+08 0.0187194
3.68302e+08 0.0186771
3.8678e+08 0.0181056
3.8678e+08 0.0181056
3.8678e+08 0.0181056
3.86825e+08 0.0181056
3.86825e+08 0.0181056
3.86825e+08 0.0181056
3.87105e+08 0.0181654
3.8725e+08 0.0181255
3.87261e+08 0.0181255
3.87507e+08 0.0180956
3.87507e+08 0.0180956
3.87507e+08 0.0181056
3.87821e+08 0.0180659
3.87821e+08 0.0180659
3.87821e+08 0.0180758
3.87832e+08 0.018066
3.87843e+08 0.0180659
3.87843e+08 0.0186134
3.87843e+08 0.0186134
3.87843e+08 0.0186134
3.87843e+08 0.0186236
3.87843e+08 0.0186236
3.87843e+08 0.018685
3.87855e+08 0.0186747
3.87855e+08 0.0186849
3.87956e+08 0.0186235
3.88034e+08 0.0185929
3.88045e+08 0.0185929
3.8818e+08 0.0185827
3.8818e+08 0.0185827
3.88202e+08 0.0186643
3.88404e+08 0.0187364
3.88448e+08 0.0187055
3.8865e+08 0.0186746
4.07695e+08 0.0181679
4.07717e+08 0.0181485
4.07729e+08 0.0181388
4.07818e+08 0.0181002
4.07818e+08 0.0181002
4.07818e+08 0.0181002
4.08187e+08 0.0180234
4.08232e+08 0.0181098
4.08232e+08 0.0181195
4.08489e+08 0.0181099
4.08501e+08 0.0181002
4.08523e+08 0.018081
4.08803e+08 0.0181098
4.08803e+08 0.0181098
4.08825e+08 0.0180905
4.08836e+08 0.0180905
4.08836e+08 0.0181002
4.08836e+08 0.0181002
4.08836e+08 0.0181002
4.08836e+08 0.0186325
4.08859e+08 0.0186127
4.08859e+08 0.0186127
4.08859e+08 0.0186127
4.08859e+08 0.0186128
4.0887e+08 0.0186128
4.0887e+08 0.0186128
4.08982e+08 0.018603
4.09061e+08 0.0186028
4.09061e+08 0.0186126
4.09184e+08 0.0186226
4.09195e+08 0.0186126
4.09307e+08 0.0185338
4.09464e+08 0.0185732
4.09464e+08 0.0186127
4.09576e+08 0.0186923
4.29178e+08 0.0182079
4.29256e+08 0.0181606
4.29278e+08 0.0181512
4.29379e+08 0.0181418
4.29379e+08 0.0181418
4.29402e+08 0.018123
4.29816e+08 0.0180855
4.29827e+08 0.0181136
4.29827e+08 0.0181136
4.30017e+08 0.0181701
4.30017e+08 0.0181795
4.30017e+08 0.0181984
4.30487e+08 0.0180389
4.30487e+08 0.0180389
4.30487e+08 0.0180575
4.30498e+08 0.0180576
4.30498e+08 0.0180576
4.30498e+08 0.0180576
4.30498e+08 0.0180575
4.30498e+08 0.0180575
4.30498e+08 0.0185735
4.30498e+08 0.0185927
4.30498e+08 0.0185927
4.30509e+08 0.0185831
4.3052e+08 0.0185735
4.3052e+08 0.0185831
4.3052e+08 0.0185831
4.3061e+08 0.0186024
4.30678e+08 0.018612
4.30689e+08 0.0186022
4.30835e+08 0.0185829
4.30902e+08 0.0185351
4.30935e+08 0.0186022
4.3107e+08 0.0186214
4.3107e+08 0.0186214
4.31159e+08 0.0186407
4.5103e+08 0.0184117
4.51097e+08 0.0184211
4.51097e+08 0.01844
4.51097e+08 0.0185254
4.51097e+08 0.0185254
4.51108e+08 0.018535
4.5207e+08 0.0180787
4.5207e+08 0.0180878
4.52081e+08 0.0180787
4.52171e+08 0.0181608
4.52171e+08 0.0181608
4.52193e+08 0.0181425
4.52663e+08 0.0181425
4.52663e+08 0.0181425
4.52685e+08 0.0181242
4.52696e+08 0.0181242
4.52696e+08 0.0181242
4.52708e+08 0.0181151
4.52708e+08 0.0181151
4.52708e+08 0.0181151
4.52708e+08 0.0181151
4.52708e+08 0.0181151
4.52708e+08 0.0186183
4.5273e+08 0.0185996
4.5273e+08 0.0186089
4.5273e+08 0.0186183
4.5273e+08 0.0186183
4.5273e+08 0.0186183
4.52831e+08 0.018609
4.52876e+08 0.0186277
4.52899e+08 0.0186185
4.53123e+08 0.0185529
4.53123e+08 0.0186089
4.53123e+08 0.018637
4.53291e+08 0.0186089
4.53291e+08 0.0186089
4.5338e+08 0.0186089
4.73698e+08 0.0182418
4.73754e+08 0.0182508
4.73754e+08 0.0182508
4.73754e+08 0.0182508
4.73754e+08 0.0182508
4.73754e+08 0.0182599
4.74749e+08 0.0182328
4.74749e+08 0.0182328
4.74749e+08 0.0182418
4.74883e+08 0.0182059
4.74895e+08 0.0181969
4.74939e+08 0.018179
4.75409e+08 0.018179
4.7542e+08 0.0181701
4.7542e+08 0.018188
4.75421e+08 0.0181969
4.75432e+08 0.018188
4.75454e+08 0.018179
4.75488e+08 0.0181522
4.75488e+08 0.0181522
4.75488e+08 0.0181522
4.75488e+08 0.0181522
4.75488e+08 0.0181522
4.75488e+08 0.0186428
4.75488e+08 0.0186611
4.75488e+08 0.0186611
4.75488e+08 0.0186611
4.75488e+08 0.0186611
4.75488e+08 0.0186611
4.75577e+08 0.0186704
4.75645e+08 0.0186521
4.75645e+08 0.0186704
4.75892e+08 0.018652
4.75892e+08 0.018652
4.75903e+08 0.0186429
4.76015e+08 0.0186887
4.76015e+08 0.0186887
4.76183e+08 0.0186246
4.96858e+08 0.0183368
4.9697e+08 0.0182927
4.96981e+08 0.0182838
4.96981e+08 0.0182838
4.96981e+08 0.0182838
4.97059e+08 0.0182225
4.97999e+08 0.0182662
4.97999e+08 0.0182662
4.97999e+08 0.0182662
4.98066e+08 0.018319
4.98111e+08 0.0182925
4.98211e+08 0.0182486
4.98793e+08 0.0181614
4.98815e+08 0.0181527
4.98815e+08 0.0181527
4.98827e+08 0.0181441
4.98827e+08 0.0181527
4.98871e+08 0.0181354
4.98872e+08 0.0181614
4.98883e+08 0.0181527
4.98883e+08 0.0181527
4.98883e+08 0.0181527
4.98883e+08 0.0181527
4.98883e+08 0.0181527
4.98894e+08 0.0186215
4.98905e+08 0.0186126
4.98916e+08 0.0186037
4.98939e+08 0.018586
4.9895e+08 0.0185771
4.9895e+08 0.0185771
4.98972e+08 0.0186304
4.99051e+08 0.0186216
4.99062e+08 0.0186128
4.99231e+08 0.0186751
4.99242e+08 0.0186661
4.99253e+08 0.0186661
4.99399e+08 0.0186393
4.99399e+08 0.0186393
4.99533e+08 0.0186661
5.20135e+08 0.0187252
5.20191e+08 0.0187702
5.20202e+08 0.0187702
5.20202e+08 0.0187702
5.2028e+08 0.0187072
5.20347e+08 0.0187162
5.21578e+08 0.0184854
5.21578e+08 0.0184854
5.216e+08 0.0184679
5.21634e+08 0.0184941
5.21645e+08 0.0185205
5.21689e+08 0.0185646
5.22472e+08 0.0184068
5.22483e+08 0.0184155
5.22506e+08 0.0183982
5.22528e+08 0.0183895
5.22539e+08 0.0183808
5.2264e+08 0.0183376
5.22651e+08 0.018329
5.22651e+08 0.0183376
5.22651e+08 0.0183376
5.22662e+08 0.018329
5.22662e+08 0.018329
5.22662e+08 0.018329
5.22663e+08 0.0183376
5.22663e+08 0.0183463
5.22663e+08 0.0188167
5.22696e+08 0.018799
5.22741e+08 0.0187813
5.22763e+08 0.0187725
5.22763e+08 0.0187725
5.22808e+08 0.0187549
5.22842e+08 0.0187902
5.22853e+08 0.0187902
5.2301e+08 0.0187992
5.23021e+08 0.0187991
5.23044e+08 0.0187902
5.23145e+08 0.0188255
5.23145e+08 0.0188255
5.23324e+08 0.0187901
5.44428e+08 0.0184018
5.44528e+08 0.0183681
5.44551e+08 0.0183597
5.44551e+08 0.0183597
5.44595e+08 0.018385
5.44595e+08 0.0184358
5.45982e+08 0.0183177
5.45982e+08 0.0183177
5.45993e+08 0.0183261
5.46005e+08 0.0183429
5.46038e+08 0.018326
5.4615e+08 0.0182758
5.46765e+08 0.0184019
5.46765e+08 0.0184104
5.46765e+08 0.0184274
5.46843e+08 0.018385
5.46855e+08 0.018385
5.46978e+08 0.0183681
5.46978e+08 0.0183765
5.47e+08 0.0183597
5.47022e+08 0.0183428
5.47022e+08 0.0183512
5.47022e+08 0.0183512
5.47022e+08 0.0183512
5.47022e+08 0.0183512
5.47034e+08 0.0183428
5.47045e+08 0.0183344
5.47067e+08 0.0187755
5.47168e+08 0.0187241
5.47213e+08 0.0187241
5.47213e+08 0.0187412
5.47213e+08 0.0187412
5.47235e+08 0.0187584
5.47257e+08 0.018767
5.47258e+08 0.0187756
5.47437e+08 0.0187584
5.47437e+08 0.0187671
5.47448e+08 0.0187757
5.47549e+08 0.0187756
5.47549e+08 0.0187756
5.47773e+08 0.0187412
5.69388e+08 0.0183573
5.69444e+08 0.0183903
5.69455e+08 0.0183985
5.69455e+08 0.0183985
5.69467e+08 0.0184233
5.69511e+08 0.0183903
5.70965e+08 0.0183409
5.70965e+08 0.0183409
5.70976e+08 0.0183409
5.71099e+08 0.0182592
5.71178e+08 0.0182267
5.71267e+08 0.0182429
5.71625e+08 0.0184317
5.71636e+08 0.0184234
5.71647e+08 0.0184151
5.71715e+08 0.0184233
5.71715e+08 0.0184316
5.71838e+08 0.0184316
5.71838e+08 0.0184316
5.71838e+08 0.0184481
5.71838e+08 0.0184648
5.71838e+08 0.0184648
5.71838e+08 0.0184648
5.71894e+08 0.0184233
5.71905e+08 0.018415
5.71905e+08 0.0184233
5.71905e+08 0.0184315
5.71916e+08 0.0184398
5.71927e+08 0.0185064
5.71927e+08 0.0189578
5.71927e+08 0.0189921
5.71939e+08 0.0189835
5.71961e+08 0.0189664
5.72118e+08 0.0188642
5.72207e+08 0.0188135
5.72207e+08 0.0188135
5.72442e+08 0.0187715
5.72442e+08 0.0187716
5.72442e+08 0.0187799
5.72554e+08 0.0187716
5.72566e+08 0.0187633
5.72723e+08 0.0188134
5.94526e+08 0.0186723
5.94616e+08 0.0186474
5.94616e+08 0.0186557
5.94616e+08 0.0186557
5.94661e+08 0.0186308
5.94672e+08 0.0186557
5.96506e+08 0.0183782
5.96517e+08 0.0183701
5.96528e+08 0.0183701
5.9664e+08 0.0183781
5.96718e+08 0.0183781
5.96752e+08 0.0184184
5.97233e+08 0.0183299
5.97266e+08 0.0183139
5.97278e+08 0.0183139
5.97345e+08 0.018314
5.97345e+08 0.018314
5.97378e+08 0.0183781
5.97378e+08 0.0183781
5.97401e+08 0.018362
5.97412e+08 0.018354
5.97412e+08 0.018354
5.97446e+08 0.0183299
5.97446e+08 0.01837
5.97457e+08 0.01837
5.97457e+08 0.01837
5.97457e+08 0.01837
5.97457e+08 0.0183781
5.97468e+08 0.0183781
5.97468e+08 0.0183781
5.97468e+08 0.0188157
5.97468e+08 0.0188157
5.9749e+08 0.0188074
5.97502e+08 0.0188157
5.97513e+08 0.0189234
5.97535e+08 0.0189735
5.97591e+08 0.0189317
5.97983e+08 0.0188156
5.97983e+08 0.0188156
5.9805e+08 0.0187664
5.98084e+08 0.0188239
5.98084e+08 0.0188322
5.98275e+08 0.0188073
6.21108e+08 0.0180786
6.21187e+08 0.0180862
6.21187e+08 0.0180862
6.21187e+08 0.0180862
6.21187e+08 0.0181167
6.21198e+08 0.0181167
6.22551e+08 0.0184508
6.22585e+08 0.018435
6.22618e+08 0.0184192
6.22719e+08 0.0184273
6.22764e+08 0.018451
6.22797e+08 0.018451
6.23245e+08 0.0184747
6.23245e+08 0.0184986
6.23267e+08 0.0184906
6.23289e+08 0.0185225
6.23289e+08 0.0185225
6.23323e+08 0.0185225
6.23345e+08 0.0185066
6.23345e+08 0.0185225
6.23368e+08 0.0185146
6.23368e+08 0.0185145
6.2339e+08 0.0185225
6.2339e+08 0.0185225
6.23402e+08 0.0185225
6.23402e+08 0.0185225
6.23402e+08 0.0185225
6.23402e+08 0.0185225
6.23413e+08 0.0185225
6.23413e+08 0.0185225
6.23413e+08 0.0185225
6.23413e+08 0.0185225
6.23413e+08 0.0189532
6.23413e+08 0.0189696
6.23413e+08 0.0189777
6.23413e+08 0.018986
6.23413e+08 0.0190024
6.23413e+08 0.0190435
6.23805e+08 0.0190435
6.23816e+08 0.0190352
6.23883e+08 0.0190352
6.24074e+08 0.0189205
6.24074e+08 0.0189205
6.24141e+08 0.0190109
6.30341e+08 0.0532578
6.30375e+08 0.0535168
6.30386e+08 0.0534517
