5.34195e+06 0.00209242
8.27283e+06 0.00381314
8.27284e+06 0.00762626
9.80105e+06 0.014626
9.80125e+06 0.0146242
1.19529e+07 0.0103873
1.19529e+07 0.0155808
1.22326e+07 0.0137897
1.47996e+07 0.0117776
1.47996e+07 0.0117777
1.47997e+07 0.0157033
1.48222e+07 0.0172629
1.78301e+07 0.0147512
1.78301e+07 0.0147511
1.8125e+07 0.0134434
1.9633e+07 0.00929216
1.97672e+07 0.0113002
2.22389e+07 0.0126745
2.22389e+07 0.0126746
2.2239e+07 0.0135826
2.2717e+07 0.0181192
2.27617e+07 0.0186602
2.28288e+07 0.0219015
2.64182e+07 0.0160444
2.64184e+07 0.016044
2.64748e+07 0.0158306
2.86125e+07 0.011374
2.86237e+07 0.0114391
2.88025e+07 0.0112251
2.89255e+07 0.0128318
3.10172e+07 0.0170107
3.10174e+07 0.0170104
3.10176e+07 0.017221
3.14091e+07 0.0279732
3.15209e+07 0.0270018
3.21468e+07 0.0233923
3.24934e+07 0.0219266
3.58704e+07 0.0161194
3.58704e+07 0.0184221
3.59266e+07 0.0182121
3.59939e+07 0.0179666
3.65082e+07 0.0175339
3.65865e+07 0.0176499
3.72236e+07 0.0176111
3.76372e+07 0.0173814
4.15285e+07 0.0158015
4.15286e+07 0.0158015
4.15286e+07 0.0177766
4.17301e+07 0.0173314
4.17639e+07 0.0174318
4.19284e+07 0.0185573
4.19507e+07 0.0187507
4.20885e+07 0.0206751
4.29716e+07 0.0188556
4.76901e+07 0.0163241
4.76902e+07 0.0163241
4.76902e+07 0.0163241
4.7847e+07 0.0164435
4.7847e+07 0.0182705
4.79592e+07 0.0180395
4.83994e+07 0.0172705
4.8433e+07 0.0172408
4.85448e+07 0.0173102
4.95042e+07 0.0171077
5.48937e+07 0.0155144
5.48937e+07 0.0155144
5.48937e+07 0.0155144
5.49276e+07 0.0157837
5.49276e+07 0.0157837
5.49276e+07 0.017362
5.51739e+07 0.0170393
5.51744e+07 0.0181454
5.51744e+07 0.0182357
5.51857e+07 0.0185117
5.57099e+07 0.01981
6.2206e+07 0.0168119
6.22061e+07 0.0168118
6.22061e+07 0.0168118
6.22622e+07 0.0167608
6.22623e+07 0.0167608
6.22623e+07 0.0167608
6.24976e+07 0.016786
6.24976e+07 0.0183119
6.28812e+07 0.0174016
6.28812e+07 0.0174016
6.31954e+07 0.0167436
6.34911e+07 0.0172353
7.08923e+07 0.0154394
7.09147e+07 0.0153998
7.09147e+07 0.0153998
7.09262e+07 0.0154791
7.09263e+07 0.015479
7.09263e+07 0.015479
7.12064e+07 0.0153995
7.12064e+07 0.0153994
7.12064e+07 0.0166827
7.12179e+07 0.0174273
7.12179e+07 0.0174273
7.1293e+07 0.0179418
7.1701e+07 0.0176963
7.95166e+07 0.0168462
7.96172e+07 0.0166948
7.96508e+07 0.0166307
7.96846e+07 0.0165882
7.96846e+07 0.0165882
7.96847e+07 0.0165882
7.99648e+07 0.0165881
7.99649e+07 0.0165881
7.99649e+07 0.0165881
7.99649e+07 0.0178641
8.0048e+07 0.0177192
8.01598e+07 0.0174977
8.05286e+07 0.0169412
8.07634e+07 0.017265
8.93461e+07 0.0159175
8.93574e+07 0.0160636
8.93686e+07 0.0161006
8.94917e+07 0.015954
8.94917e+07 0.015954
8.94918e+07 0.015954
8.97609e+07 0.0159719
8.97609e+07 0.0159719
8.97609e+07 0.0159719
8.97721e+07 0.0159537
8.98282e+07 0.0159977
8.98283e+07 0.0171403
8.98284e+07 0.0173383
9.01448e+07 0.0174328
9.03796e+07 0.017433
9.92424e+07 0.0169395
9.92984e+07 0.0168632
9.93096e+07 0.0168632
9.94887e+07 0.0167689
9.94999e+07 0.0167501
9.95223e+07 0.0167128
9.99144e+07 0.0165104
9.99144e+07 0.0165104
9.99144e+07 0.0165104
9.99144e+07 0.0165286
9.99257e+07 0.0166019
9.99482e+07 0.0165652
9.99482e+07 0.0176695
1.0021e+08 0.0172233
1.00456e+08 0.0173409
1.00489e+08 0.0176881
1.09895e+08 0.0167855
1.09907e+08 0.0168563
1.09929e+08 0.0168385
1.10153e+08 0.0167678
1.10153e+08 0.0167854
1.10153e+08 0.0168207
1.10567e+08 0.0167854
1.10567e+08 0.0167854
1.10567e+08 0.0167854
1.10567e+08 0.0167854
1.10568e+08 0.016803
1.10601e+08 0.0167854
1.10612e+08 0.0167678
1.10689e+08 0.0170649
1.10689e+08 0.0181314
1.10991e+08 0.0180352
1.10991e+08 0.0180908
1.20832e+08 0.0173713
1.20888e+08 0.0173006
1.20899e+08 0.0173182
1.21168e+08 0.0172479
1.21168e+08 0.0172479
1.21168e+08 0.0172479
1.21549e+08 0.0173005
1.21549e+08 0.0173005
1.21549e+08 0.0173005
1.21549e+08 0.0173005
1.21594e+08 0.0172304
1.21628e+08 0.0172304
1.21628e+08 0.0172479
1.21749e+08 0.0171781
1.21749e+08 0.0171781
1.21749e+08 0.0181885
1.21927e+08 0.0183948
1.21927e+08 0.0183948
1.32512e+08 0.017223
1.32512e+08 0.0173059
1.32512e+08 0.0173225
1.32792e+08 0.0173058
1.32792e+08 0.0173058
1.32815e+08 0.0172727
1.33196e+08 0.0172726
1.33196e+08 0.0172726
1.33196e+08 0.0172726
1.33207e+08 0.017256
1.33241e+08 0.0172726
1.33241e+08 0.0173224
1.33241e+08 0.0173225
1.33335e+08 0.0173632
1.33335e+08 0.0173632
1.33335e+08 0.0173632
1.33536e+08 0.0173283
1.33536e+08 0.018291
1.33536e+08 0.018291
1.44608e+08 0.0175556
1.44608e+08 0.0175556
1.44608e+08 0.0175556
1.44921e+08 0.017507
1.44932e+08 0.0174909
1.44932e+08 0.0175232
1.45336e+08 0.0174908
1.45336e+08 0.0174908
1.45336e+08 0.0174908
1.45336e+08 0.0175069
1.45381e+08 0.0174909
1.45381e+08 0.0174909
1.45381e+08 0.0174909
1.45583e+08 0.0173367
1.45583e+08 0.0173367
1.45583e+08 0.0173367
1.4567e+08 0.0175
1.4567e+08 0.0175
1.4568e+08 0.0184059
1.45691e+08 0.018389
1.57401e+08 0.0174718
1.57401e+08 0.0174718
1.57434e+08 0.0174262
1.57725e+08 0.0174566
1.57725e+08 0.0174719
1.5777e+08 0.017411
1.58218e+08 0.0173506
1.58218e+08 0.0173506
1.58218e+08 0.0173506
1.58218e+08 0.0173506
1.58218e+08 0.017411
1.58219e+08 0.0174109
1.58219e+08 0.0174109
1.58329e+08 0.0175361
1.5834e+08 0.0175208
1.5834e+08 0.0175207
1.58408e+08 0.0175467
1.58433e+08 0.0175127
1.58433e+08 0.0175264
1.58475e+08 0.0174837
1.58509e+08 0.0183092
1.70724e+08 0.0176152
1.70724e+08 0.0176152
1.70758e+08 0.0176151
1.70937e+08 0.0177641
1.70937e+08 0.0177641
1.70993e+08 0.0177491
1.71586e+08 0.0175562
1.71586e+08 0.0175562
1.71609e+08 0.0175269
1.71609e+08 0.0175269
1.71609e+08 0.0175268
1.71609e+08 0.0175269
1.71609e+08 0.0175269
1.71676e+08 0.0175835
1.71676e+08 0.0175982
1.71676e+08 0.0175983
1.7171e+08 0.0176438
1.7171e+08 0.0176767
1.71721e+08 0.0176618
1.71732e+08 0.0177033
1.71732e+08 0.0177488
1.71732e+08 0.0185939
1.83879e+08 0.0186904
1.83879e+08 0.0186904
1.8389e+08 0.0187222
1.84248e+08 0.0184707
1.84248e+08 0.0184707
1.84271e+08 0.0185173
1.84741e+08 0.0186906
1.84741e+08 0.0186905
1.84741e+08 0.0187224
1.84741e+08 0.0187224
1.84741e+08 0.0187224
1.84741e+08 0.0187223
1.84753e+08 0.0187063
1.84853e+08 0.0186587
1.84853e+08 0.0186587
1.84853e+08 0.0186587
1.84854e+08 0.0187063
1.84854e+08 0.0187063
1.84854e+08 0.0187222
1.84866e+08 0.0187209
1.84866e+08 0.0187209
1.84902e+08 0.0186698
1.97745e+08 0.0177315
1.97756e+08 0.0185225
1.97756e+08 0.0185225
1.97801e+08 0.0184778
1.9817e+08 0.0184631
1.9817e+08 0.0184631
1.98249e+08 0.0183892
1.98686e+08 0.0184333
1.98686e+08 0.0184332
1.98686e+08 0.0184332
1.98686e+08 0.0184332
1.98697e+08 0.0184185
1.98787e+08 0.0183013
1.98787e+08 0.0183159
1.98865e+08 0.018345
1.98865e+08 0.018345
1.98865e+08 0.018345
1.98876e+08 0.0183305
1.98876e+08 0.0183305
1.98876e+08 0.0183305
1.98902e+08 0.0183134
1.98934e+08 0.0182712
1.98981e+08 0.0182567
2.12312e+08 0.0176462
2.12312e+08 0.0176597
2.12312e+08 0.0184275
2.12312e+08 0.0184276
2.12413e+08 0.018357
2.12771e+08 0.0183711
2.12782e+08 0.0183571
2.12827e+08 0.0183993
2.13286e+08 0.018371
2.13297e+08 0.018357
2.13308e+08 0.0183429
2.13308e+08 0.0183429
2.13375e+08 0.0182731
2.13376e+08 0.0183852
2.13376e+08 0.0183851
2.13421e+08 0.0184276
2.13421e+08 0.0184276
2.13421e+08 0.0184276
2.13421e+08 0.0184417
2.13421e+08 0.0184417
2.13421e+08 0.0184417
2.13421e+08 0.0184736
2.13483e+08 0.0184353
2.13553e+08 0.018407
2.27511e+08 0.017647
2.27545e+08 0.0176081
2.27545e+08 0.0176081
2.27545e+08 0.0176081
2.27545e+08 0.0183418
2.27612e+08 0.0183822
2.27959e+08 0.0183957
2.27959e+08 0.0184093
2.28071e+08 0.0183283
2.28642e+08 0.0181948
2.28642e+08 0.018208
2.28642e+08 0.0182213
2.28642e+08 0.0182213
2.28642e+08 0.0183013
2.28642e+08 0.0183014
2.28642e+08 0.0183014
2.28698e+08 0.0182881
2.28698e+08 0.0182881
2.28709e+08 0.0182747
2.28709e+08 0.0182747
2.28709e+08 0.0182747
2.28721e+08 0.0182613
2.28721e+08 0.0182613
2.28743e+08 0.0183094
2.28766e+08 0.018366
2.43268e+08 0.0177316
2.43302e+08 0.0177316
2.43302e+08 0.0177316
2.43302e+08 0.0177316
2.43302e+08 0.0177316
2.43302e+08 0.0184409
2.43414e+08 0.0183887
2.43705e+08 0.018454
2.43705e+08 0.018454
2.43828e+08 0.0184409
2.44432e+08 0.0184016
2.44433e+08 0.0184016
2.44433e+08 0.0184016
2.44433e+08 0.0184016
2.44433e+08 0.0184016
2.44433e+08 0.0184016
2.44433e+08 0.0184017
2.44444e+08 0.0184539
2.44455e+08 0.0184408
2.44478e+08 0.0184278
2.44489e+08 0.0184147
2.44489e+08 0.0184147
2.445e+08 0.0184147
2.445e+08 0.0184147
2.44522e+08 0.0184147
2.4459e+08 0.0183627
2.59584e+08 0.0178085
2.59585e+08 0.0178452
2.59585e+08 0.0178451
2.59596e+08 0.0178329
2.59596e+08 0.0178329
2.59596e+08 0.0178329
2.59719e+08 0.0178207
2.59719e+08 0.0185061
2.59965e+08 0.018557
2.59988e+08 0.0185315
2.60088e+08 0.018557
2.6076e+08 0.0184806
2.6076e+08 0.0184806
2.6076e+08 0.0184806
2.6076e+08 0.0184806
2.6076e+08 0.0184806
2.60772e+08 0.018468
2.60772e+08 0.018468
2.60816e+08 0.0184303
2.60828e+08 0.0184303
2.60828e+08 0.0184554
2.60839e+08 0.0184554
2.6085e+08 0.0184428
2.60861e+08 0.0184428
2.60861e+08 0.0184428
2.60884e+08 0.0184428
2.61018e+08 0.0183674
2.76606e+08 0.0177273
2.76629e+08 0.017704
2.7664e+08 0.0176924
2.76696e+08 0.0176462
2.76696e+08 0.0176462
2.76696e+08 0.0176462
2.76774e+08 0.0176924
2.76797e+08 0.0176692
2.76808e+08 0.0183116
2.76976e+08 0.0183959
2.76998e+08 0.0183959
2.7711e+08 0.0183838
2.77805e+08 0.0183595
2.77805e+08 0.0183596
2.77805e+08 0.0183596
2.77805e+08 0.0183596
2.77805e+08 0.0183596
2.77805e+08 0.0183717
2.77805e+08 0.0183717
2.77861e+08 0.0183597
2.77861e+08 0.0183717
2.77861e+08 0.0183717
2.77872e+08 0.0183717
2.77872e+08 0.0183838
2.77894e+08 0.0183717
2.77894e+08 0.0183717
2.77917e+08 0.0183717
2.78074e+08 0.0183475
2.94314e+08 0.0176719
2.94347e+08 0.0176608
2.94358e+08 0.0176608
2.94437e+08 0.0176385
2.94437e+08 0.0176385
2.94437e+08 0.0176385
2.94538e+08 0.0176163
2.94549e+08 0.0176274
2.94549e+08 0.0176385
2.94672e+08 0.0176831
2.94672e+08 0.0183146
2.94683e+08 0.0183262
2.94817e+08 0.018303
2.95501e+08 0.0183145
2.95501e+08 0.0183145
2.95501e+08 0.0183145
2.95512e+08 0.0183029
2.95512e+08 0.0183029
2.95512e+08 0.0183029
2.95512e+08 0.0183029
2.95535e+08 0.0183376
2.95535e+08 0.0183376
2.95535e+08 0.0183376
2.95535e+08 0.0183492
2.95535e+08 0.0183492
2.95535e+08 0.0183725
2.95546e+08 0.0183608
2.95568e+08 0.0183609
2.95725e+08 0.018361
3.1271e+08 0.0176174
3.12733e+08 0.0176281
3.12733e+08 0.0176388
3.12766e+08 0.0176818
3.12766e+08 0.0176818
3.12766e+08 0.0176818
3.12934e+08 0.0176173
3.12934e+08 0.017628
3.12946e+08 0.0176173
3.13091e+08 0.017596
3.13102e+08 0.0175853
3.13113e+08 0.0181806
3.13136e+08 0.0181696
3.13158e+08 0.0182803
3.13797e+08 0.0183249
3.13808e+08 0.0183137
3.13808e+08 0.0183137
3.13808e+08 0.0183249
3.13808e+08 0.0183249
3.13808e+08 0.0183249
3.13808e+08 0.0183249
3.13809e+08 0.0183473
3.13831e+08 0.0183249
3.13864e+08 0.0182914
3.13876e+08 0.0182803
3.13898e+08 0.018258
3.13932e+08 0.0182248
3.13943e+08 0.0182248
3.13954e+08 0.0182359
3.14021e+08 0.018325
3.31733e+08 0.0176253
3.31766e+08 0.0176149
3.31766e+08 0.0176149
3.318e+08 0.0176148
3.318e+08 0.0176148
3.318e+08 0.0176148
3.31923e+08 0.0176564
3.31923e+08 0.0176564
3.31934e+08 0.0176564
3.31968e+08 0.017761
3.31991e+08 0.0177504
3.32024e+08 0.0177293
3.32024e+08 0.0177504
3.32024e+08 0.018342
3.32114e+08 0.0182772
3.32719e+08 0.0183096
3.32753e+08 0.018288
3.32797e+08 0.0182449
3.32809e+08 0.0182341
3.32809e+08 0.0182341
3.32809e+08 0.0182341
3.32809e+08 0.0182341
3.32854e+08 0.0181912
3.32865e+08 0.0182019
3.32865e+08 0.018234
3.32865e+08 0.0182447
3.32865e+08 0.0182663
3.32898e+08 0.0182662
3.3291e+08 0.0182662
3.3291e+08 0.018277
3.32958e+08 0.0182949
3.51273e+08 0.0177301
3.5134e+08 0.0176997
3.5134e+08 0.0176997
3.51385e+08 0.0176897
3.51385e+08 0.0176897
3.51385e+08 0.0176897
3.5143e+08 0.0177607
3.5143e+08 0.0177607
3.5143e+08 0.0177709
3.51643e+08 0.0176092
3.51721e+08 0.0175594
3.51754e+08 0.0175594
3.51754e+08 0.0175594
3.51754e+08 0.0175594
3.51754e+08 0.0181259
3.51799e+08 0.018167
3.52349e+08 0.0182185
3.52349e+08 0.0182496
3.52383e+08 0.01826
3.52383e+08 0.0182705
3.52383e+08 0.0182705
3.52389e+08 0.0182646
3.52457e+08 0.0182013
3.52579e+08 0.0181302
3.52613e+08 0.0181097
3.52646e+08 0.018079
3.52646e+08 0.018079
3.52646e+08 0.018079
3.52758e+08 0.0180078
3.52814e+08 0.0179674
3.52814e+08 0.0179674
3.52926e+08 0.0179106
3.71448e+08 0.0177266
3.71526e+08 0.0177169
3.71526e+08 0.0177169
3.71548e+08 0.0177365
3.71548e+08 0.0177365
3.71548e+08 0.0177365
3.71772e+08 0.0175803
3.71795e+08 0.017561
3.71806e+08 0.0175514
3.7194e+08 0.0176191
3.71985e+08 0.0176484
3.71985e+08 0.0176776
3.71985e+08 0.0176776
3.71985e+08 0.0176776
3.71985e+08 0.0176776
3.71985e+08 0.0177168
3.71985e+08 0.0182704
3.72719e+08 0.0181048
3.72754e+08 0.0180741
3.72842e+08 0.0180258
3.72899e+08 0.0179757
3.72899e+08 0.0179757
3.72921e+08 0.0179626
3.72988e+08 0.0179636
3.73088e+08 0.0179822
3.73168e+08 0.0179421
3.73197e+08 0.0179463
3.732e+08 0.0179431
3.732e+08 0.0179431
3.73376e+08 0.0178878
3.73503e+08 0.0178257
3.73503e+08 0.0178257
3.73581e+08 0.0178548
3.924e+08 0.0176022
3.92489e+08 0.0175927
3.92501e+08 0.0175833
3.92624e+08 0.0174994
3.92635e+08 0.0174901
3.92635e+08 0.0174901
3.92769e+08 0.0175647
3.92769e+08 0.0175835
3.92769e+08 0.0175929
3.9287e+08 0.0176211
3.92892e+08 0.01764
3.92915e+08 0.0176211
3.92915e+08 0.0176211
3.92915e+08 0.0176211
3.92915e+08 0.0176211
3.92915e+08 0.0176211
3.92915e+08 0.0176211
3.92915e+08 0.0181551
3.94222e+08 0.0176716
3.94286e+08 0.0176476
3.94476e+08 0.0175646
3.94565e+08 0.0175383
3.9461e+08 0.0175022
3.94856e+08 0.0173229
3.95091e+08 0.0171912
3.95158e+08 0.0172173
3.95248e+08 0.0172095
3.95248e+08 0.0172319
3.95248e+08 0.0172348
3.95248e+08 0.0172348
3.95292e+08 0.0173374
3.95359e+08 0.0173855
3.95382e+08 0.0173678
3.95404e+08 0.0174121
4.13965e+08 0.0176198
4.14044e+08 0.0176289
4.14055e+08 0.0176289
4.14133e+08 0.0176656
4.14178e+08 0.0176381
4.14178e+08 0.0176381
4.14279e+08 0.0176656
4.14279e+08 0.0176656
4.14279e+08 0.0176656
4.14301e+08 0.0177302
4.14301e+08 0.0177486
4.14301e+08 0.0177672
4.14301e+08 0.0177671
4.14301e+08 0.0177671
4.14301e+08 0.0177671
4.14301e+08 0.0177671
4.14302e+08 0.0177671
4.14302e+08 0.0177671
4.16342e+08 0.0171781
4.16342e+08 0.0176833
4.16342e+08 0.0177345
4.16353e+08 0.0178795
4.16353e+08 0.0179529
4.16353e+08 0.0179898
4.16443e+08 0.0181203
4.16655e+08 0.0181392
4.16666e+08 0.0181864
4.16867e+08 0.0180924
4.16879e+08 0.018083
4.16879e+08 0.018083
4.17002e+08 0.0179808
4.17192e+08 0.0178615
4.17516e+08 0.0176543
4.17639e+08 0.0175745
4.18175e+08 0.0171776
4.35943e+08 0.0177977
4.36066e+08 0.0177616
4.36077e+08 0.0177616
4.361e+08 0.0178068
4.36122e+08 0.0178249
4.36122e+08 0.0178249
4.36123e+08 0.0179068
4.36123e+08 0.0179068
4.36123e+08 0.0179068
4.36123e+08 0.0179251
4.36134e+08 0.0179159
4.36134e+08 0.017916
4.36134e+08 0.0179159
4.36134e+08 0.0179159
4.36145e+08 0.0179067
4.36145e+08 0.0179067
4.36146e+08 0.0179067
4.36146e+08 0.0179067
4.38909e+08 0.0173327
4.39021e+08 0.0172473
4.39088e+08 0.0176878
4.39189e+08 0.0176099
4.39368e+08 0.0174816
4.39636e+08 0.0172802
4.39658e+08 0.0172636
4.39826e+08 0.0172059
4.41536e+08 0.0161703
4.41603e+08 0.016134
4.42888e+08 0.0154618
4.43224e+08 0.0152716
4.43224e+08 0.0152716
4.43559e+08 0.0151494
4.43973e+08 0.015023
4.4442e+08 0.0149544
4.44945e+08 0.014734
4.45806e+08 0.0145612
4.58578e+08 0.0177752
4.58578e+08 0.0178722
4.586e+08 0.0178634
4.586e+08 0.0178811
4.586e+08 0.0178988
4.58601e+08 0.0178987
4.58601e+08 0.0178988
4.58601e+08 0.0178988
4.58601e+08 0.0178988
4.58612e+08 0.0178899
4.58612e+08 0.0178988
4.58612e+08 0.0178988
4.58691e+08 0.0178366
4.58691e+08 0.0178366
4.58691e+08 0.0178455
4.58702e+08 0.0178366
4.58713e+08 0.0178278
4.58736e+08 0.0178102
4.61846e+08 0.0175411
4.61924e+08 0.0175668
4.62058e+08 0.0175155
4.62751e+08 0.0170752
4.62829e+08 0.0174914
4.63176e+08 0.0173682
4.64014e+08 0.0169621
4.64472e+08 0.0166641
4.65031e+08 0.0164055
4.65657e+08 0.0171429
4.66004e+08 0.0169466
4.66697e+08 0.0173682
4.67837e+08 0.0168004
4.67837e+08 0.0168004
4.68608e+08 0.0165081
4.69916e+08 0.0159392
4.70273e+08 0.0159943
4.70541e+08 0.0161549
4.71737e+08 0.015946
4.81637e+08 0.017932
4.81638e+08 0.017932
4.81638e+08 0.0179494
4.81638e+08 0.0179491
4.81649e+08 0.0179405
4.81649e+08 0.0179405
4.81728e+08 0.0178798
4.81739e+08 0.0178711
4.81739e+08 0.0178711
4.81784e+08 0.0178452
4.81795e+08 0.0178366
4.81795e+08 0.0178366
4.81795e+08 0.017897
4.81796e+08 0.017897
4.81796e+08 0.017897
4.81818e+08 0.0178883
4.81818e+08 0.017897
4.8184e+08 0.0178971
4.90136e+08 0.0146167
4.90136e+08 0.0146573
4.90449e+08 0.0145649
4.91466e+08 0.0144006
4.91868e+08 0.0142399
4.91868e+08 0.0146247
4.92617e+08 0.0144249
4.92997e+08 0.014653
4.93802e+08 0.0144799
4.94551e+08 0.0143867
4.95299e+08 0.014327
4.95624e+08 0.0143378
4.95914e+08 0.0145352
4.95993e+08 0.0150833
4.95993e+08 0.0150833
4.95993e+08 0.0155081
4.95993e+08 0.0162857
4.96093e+08 0.0164478
4.96272e+08 0.0165049
4.96831e+08 0.0169239
5.05256e+08 0.0179811
5.05256e+08 0.017981
5.05256e+08 0.0179809
5.05268e+08 0.0179724
5.05301e+08 0.0179555
5.05369e+08 0.0179046
5.05414e+08 0.0179299
5.05414e+08 0.0179384
5.05414e+08 0.0179384
5.05414e+08 0.0179724
5.05425e+08 0.0179724
5.05425e+08 0.0179724
5.05582e+08 0.0178542
5.05582e+08 0.0178541
5.05593e+08 0.0178457
5.05593e+08 0.0178625
5.05593e+08 0.0178625
5.05593e+08 0.0178793
5.18896e+08 0.0147662
5.18896e+08 0.0147662
5.18963e+08 0.0148935
5.18963e+08 0.0154444
5.18963e+08 0.0156737
5.1903e+08 0.015635
5.1903e+08 0.0160465
5.19612e+08 0.0161461
5.19612e+08 0.0163766
5.19746e+08 0.0167999
5.20126e+08 0.0170421
5.20439e+08 0.0173375
5.20752e+08 0.0173453
5.21344e+08 0.0171394
5.2149e+08 0.0170944
5.2149e+08 0.0170944
5.2149e+08 0.0170944
5.21512e+08 0.0170794
5.21646e+08 0.0170571
5.21736e+08 0.017117
5.21859e+08 0.0174151
5.29479e+08 0.0179933
5.29491e+08 0.017985
5.29491e+08 0.017985
5.29636e+08 0.017886
5.29637e+08 0.0179106
5.29637e+08 0.0179601
5.2976e+08 0.0179024
5.29771e+08 0.0178942
5.29771e+08 0.0178942
5.29805e+08 0.0178696
5.29805e+08 0.0178778
5.29816e+08 0.0178696
5.29827e+08 0.0179767
5.29828e+08 0.0179767
5.29839e+08 0.0179767
5.29839e+08 0.0179766
5.29839e+08 0.0179766
5.29839e+08 0.0179766
5.44829e+08 0.0168074
5.44829e+08 0.0168074
5.44851e+08 0.0168364
5.44851e+08 0.0168364
5.44851e+08 0.0168364
5.44874e+08 0.0168655
5.44874e+08 0.0168655
5.45153e+08 0.0170648
5.45153e+08 0.0175024
5.45153e+08 0.0175024
5.45198e+08 0.0175639
5.45511e+08 0.0176103
5.46371e+08 0.0172385
5.46461e+08 0.0173884
5.46517e+08 0.0177589
5.46517e+08 0.017862
5.46517e+08 0.017862
5.46528e+08 0.0178541
5.46584e+08 0.0178302
5.46606e+08 0.01791
5.46774e+08 0.0178541
5.46964e+08 0.0178063
5.54406e+08 0.0179338
5.54451e+08 0.0179097
5.54462e+08 0.0179016
5.54575e+08 0.0179256
5.54631e+08 0.0178856
5.54676e+08 0.0178536
5.54687e+08 0.0179337
5.54709e+08 0.0179257
5.54709e+08 0.0179257
5.54721e+08 0.0179417
5.54721e+08 0.0179417
5.54721e+08 0.0179497
5.54743e+08 0.0179417
5.54743e+08 0.0179417
5.54766e+08 0.0179337
5.54777e+08 0.0179257
5.54777e+08 0.0179257
5.54777e+08 0.0179257
5.70818e+08 0.0172006
5.70818e+08 0.0172006
5.70841e+08 0.0172006
5.70897e+08 0.0171637
5.70919e+08 0.0171489
5.71042e+08 0.017083
5.71042e+08 0.017083
5.71556e+08 0.0169312
5.71556e+08 0.0169312
5.71556e+08 0.0173545
5.71601e+08 0.0173252
5.71601e+08 0.0173545
5.71735e+08 0.0174728
5.72093e+08 0.0178145
5.72137e+08 0.0178455
5.72137e+08 0.0178844
5.72149e+08 0.0178766
5.72149e+08 0.0178766
5.72149e+08 0.0178844
5.72171e+08 0.0179079
5.72182e+08 0.0179157
5.72249e+08 0.0179864
5.72417e+08 0.0180021
5.79792e+08 0.0180496
5.79815e+08 0.0180654
5.79837e+08 0.0180574
5.79995e+08 0.0180257
5.80006e+08 0.0180574
5.8004e+08 0.0180654
5.80051e+08 0.0180654
5.80051e+08 0.0180812
5.80051e+08 0.0180812
5.80074e+08 0.0180734
5.80074e+08 0.0180734
5.80074e+08 0.0180734
5.80096e+08 0.0180734
5.80107e+08 0.0180654
5.80107e+08 0.0180814
5.80222e+08 0.0180079
5.80222e+08 0.0180079
5.80222e+08 0.0180079
5.97208e+08 0.0173635
5.97208e+08 0.0173635
5.97331e+08 0.0172976
5.97364e+08 0.0173122
5.97364e+08 0.0173268
5.97386e+08 0.017393
5.9742e+08 0.0173709
5.97688e+08 0.0175343
5.977e+08 0.0175268
5.977e+08 0.0175268
5.97711e+08 0.0175493
5.97733e+08 0.0179619
5.978e+08 0.0179159
5.97979e+08 0.0178854
5.98136e+08 0.0180236
5.98158e+08 0.018039
5.98158e+08 0.018039
5.98158e+08 0.0180468
5.98158e+08 0.0180468
5.98158e+08 0.0180468
5.98169e+08 0.0180546
5.98225e+08 0.0180236
5.98225e+08 0.0180701
5.98382e+08 0.0180779
6.05858e+08 0.0180077
6.05937e+08 0.0179692
6.05948e+08 0.017977
6.06071e+08 0.0180001
6.06094e+08 0.0179923
6.06105e+08 0.0180078
6.06128e+08 0.0180001
6.06128e+08 0.0180001
6.06139e+08 0.0179924
6.06151e+08 0.0180001
6.06151e+08 0.0180001
6.06162e+08 0.0179924
6.06173e+08 0.0180002
6.06267e+08 0.0179435
6.06335e+08 0.0178969
6.06533e+08 0.0178397
6.06533e+08 0.0178397
6.06534e+08 0.0178397
6.24027e+08 0.0175021
6.24071e+08 0.0174729
6.24239e+08 0.0174439
6.2434e+08 0.0174005
6.24384e+08 0.0173717
6.24384e+08 0.0173861
6.24474e+08 0.0173502
6.2463e+08 0.0174221
6.2463e+08 0.0174293
6.2463e+08 0.0174293
6.2463e+08 0.0174365
6.24686e+08 0.0174148
6.24686e+08 0.0178294
6.24687e+08 0.0178738
6.24765e+08 0.017941
6.24821e+08 0.0180085
6.24832e+08 0.018016
6.24832e+08 0.018016
6.24832e+08 0.018016
6.24832e+08 0.018016
6.24832e+08 0.018016
6.24843e+08 0.018016
6.24877e+08 0.0180311
6.24877e+08 0.0180311
6.25067e+08 0.0180085
6.33654e+08 0.0172892
6.33665e+08 0.0173312
6.33676e+08 0.0173312
6.33732e+08 0.0173735
6.33788e+08 0.0173526
6.33788e+08 0.0173597
6.33788e+08 0.0173738
6.33788e+08 0.0173738
6.33788e+08 0.0173808
6.33788e+08 0.0173878
6.33788e+08 0.0173878
6.33788e+08 0.0173949
6.33788e+08 0.0174019
6.33822e+08 0.0174399
6.33822e+08 0.0174831
6.33822e+08 0.0176104
6.33822e+08 0.0176104
6.33822e+08 0.0176104
6.33901e+08 0.0486673
6.33901e+08 0.0488886
6.33901e+08 0.0497366
6.33901e+08 0.0502598
6.33901e+08 0.050496
6.33901e+08 0.050496
6.33901e+08 0.0509747
6.33901e+08 0.0518359
6.33901e+08 0.0518358
6.33901e+08 0.051836
6.33901e+08 0.0518359
6.33901e+08 0.0521505
6.33901e+08 0.0521505
6.33901e+08 0.0521508
6.33901e+08 0.0533636
6.33901e+08 0.0538209
6.33901e+08 0.0541534
6.33901e+08 0.0542202
6.33901e+08 0.0542201
6.33901e+08 0.0542201
6.33901e+08 0.05422
6.33901e+08 0.05422
6.33902e+08 0.0542868
6.33913e+08 0.0544218
6.33913e+08 0.0544219
6.33924e+08 0.0555209
6.34138e+08 1.01635
6.34138e+08 1.04044
6.34138e+08 1.06565
