4.76954e+06 0.00234339
8.30687e+06 0.00315941
8.30687e+06 0.00631881
9.82666e+06 0.0147071
9.82666e+06 0.0147071
1.1762e+07 0.0115493
1.1762e+07 0.017324
1.1762e+07 0.017324
1.4604e+07 0.0117972
1.4604e+07 0.0117971
1.4604e+07 0.0157294
1.4604e+07 0.0157294
1.81698e+07 0.0125368
1.81698e+07 0.0125367
1.81699e+07 0.0125364
1.817e+07 0.0125362
1.817e+07 0.0156702
2.19606e+07 0.0147409
2.19606e+07 0.0147408
2.19831e+07 0.014654
2.19944e+07 0.0146113
2.19944e+07 0.0146113
2.19944e+07 0.0175336
2.74858e+07 0.0121361
2.75194e+07 0.0120629
2.75197e+07 0.0121115
2.75197e+07 0.012136
2.75197e+07 0.012136
2.75197e+07 0.012136
2.75197e+07 0.0141587
3.16683e+07 0.0187045
3.16685e+07 0.0188552
3.16687e+07 0.0188553
3.16687e+07 0.0188553
3.16687e+07 0.0188553
3.16687e+07 0.0188552
3.16687e+07 0.0188552
3.7224e+07 0.0140811
3.72352e+07 0.0160604
3.73808e+07 0.0156517
3.74927e+07 0.0153513
3.74928e+07 0.0153512
3.7504e+07 0.0153218
3.7504e+07 0.0153218
3.7504e+07 0.0153218
4.26027e+07 0.0166227
4.26138e+07 0.0166227
4.26138e+07 0.0187005
4.27818e+07 0.0186229
4.2905e+07 0.0185843
4.29274e+07 0.0185077
4.29274e+07 0.018546
4.29274e+07 0.0185461
4.29274e+07 0.0185461
4.9365e+07 0.0148739
4.93874e+07 0.0148494
4.93874e+07 0.0148494
4.95777e+07 0.0148005
4.95777e+07 0.016445
4.98463e+07 0.0161006
4.98463e+07 0.0161527
4.98463e+07 0.0161527
4.98463e+07 0.0161527
4.98464e+07 0.0161526
5.59641e+07 0.0169355
5.59753e+07 0.0169642
5.59753e+07 0.0169642
5.60874e+07 0.0171681
5.61097e+07 0.0171093
5.61209e+07 0.018788
5.63113e+07 0.0190152
5.63337e+07 0.0189498
5.63337e+07 0.0189498
5.64008e+07 0.018756
5.64008e+07 0.0187559
6.38523e+07 0.0155845
6.38524e+07 0.0156066
6.38524e+07 0.0156066
6.39757e+07 0.0155844
6.39869e+07 0.0156065
6.39869e+07 0.0156287
6.42444e+07 0.0154965
6.42444e+07 0.0169053
6.42444e+07 0.016953
6.42444e+07 0.016953
6.42444e+07 0.017098
6.42444e+07 0.0170981
7.1792e+07 0.0168911
7.18032e+07 0.0168674
7.18032e+07 0.0168674
7.18931e+07 0.0169387
7.18931e+07 0.0169627
7.18931e+07 0.0169627
7.21282e+07 0.0170108
7.21282e+07 0.0170108
7.21394e+07 0.0184022
7.21394e+07 0.0184023
7.21395e+07 0.0184022
7.21395e+07 0.0184022
7.21395e+07 0.0184022
8.06545e+07 0.0163934
8.06546e+07 0.016414
8.06546e+07 0.016414
8.07779e+07 0.0163521
8.08227e+07 0.0162702
8.08451e+07 0.0162296
8.10466e+07 0.0162907
8.10466e+07 0.0162907
8.10466e+07 0.0163111
8.10578e+07 0.0175437
8.10578e+07 0.0175437
8.10579e+07 0.0175437
8.10579e+07 0.0175437
8.10579e+07 0.0175437
8.97404e+07 0.0172204
8.97516e+07 0.0171993
8.97516e+07 0.0171993
8.99308e+07 0.0170943
9.00091e+07 0.0170318
9.01209e+07 0.0168676
9.01995e+07 0.0170942
9.01995e+07 0.0170942
9.02331e+07 0.0170318
9.02443e+07 0.0170317
9.02443e+07 0.0170318
9.02444e+07 0.0182483
9.02556e+07 0.0182262
9.02556e+07 0.0182261
9.02556e+07 0.0182261
9.98794e+07 0.0165339
9.99241e+07 0.0164795
9.99242e+07 0.0164794
1.00103e+08 0.0164794
1.00126e+08 0.0165704
1.00171e+08 0.016681
1.00417e+08 0.0164073
1.00417e+08 0.0164073
1.00428e+08 0.0164433
1.00428e+08 0.0164614
1.00439e+08 0.0164433
1.00451e+08 0.0164252
1.00462e+08 0.017501
1.00462e+08 0.0175201
1.00484e+08 0.0174818
1.00484e+08 0.0174818
1.09976e+08 0.0177104
1.10032e+08 0.0176907
1.10032e+08 0.0176908
1.10491e+08 0.0172149
1.10558e+08 0.0171411
1.10625e+08 0.0171044
1.10748e+08 0.0173079
1.10748e+08 0.0173079
1.10771e+08 0.0172892
1.10782e+08 0.0172706
1.10793e+08 0.0172706
1.10793e+08 0.0172893
1.10827e+08 0.0172519
1.10827e+08 0.0172519
1.10827e+08 0.0183302
1.10849e+08 0.0183302
1.10871e+08 0.0182907
1.21103e+08 0.0170747
1.2117e+08 0.0170577
1.2117e+08 0.0170576
1.21707e+08 0.0169386
1.21819e+08 0.0168713
1.21852e+08 0.0169217
1.2202e+08 0.0168545
1.2202e+08 0.0168545
1.2202e+08 0.0168881
1.2202e+08 0.0169049
1.2202e+08 0.0169217
1.22065e+08 0.0168546
1.2211e+08 0.0168378
1.2211e+08 0.0168378
1.2211e+08 0.0168378
1.2211e+08 0.0178283
1.2211e+08 0.0178637
1.2211e+08 0.0178992
1.32612e+08 0.0174788
1.32668e+08 0.0174958
1.3269e+08 0.0174618
1.33149e+08 0.0175813
1.3325e+08 0.0175984
1.33373e+08 0.0174618
1.3363e+08 0.0173273
1.3363e+08 0.0173273
1.3363e+08 0.0173273
1.3363e+08 0.0173273
1.3363e+08 0.0173273
1.33641e+08 0.0173775
1.33653e+08 0.017428
1.33653e+08 0.017428
1.33653e+08 0.017428
1.33653e+08 0.017428
1.33653e+08 0.017428
1.33653e+08 0.0183962
1.33653e+08 0.0183962
1.44928e+08 0.0172405
1.44928e+08 0.0173191
1.4494e+08 0.0173349
1.45454e+08 0.0172561
1.45577e+08 0.0172249
1.45589e+08 0.0173824
1.46014e+08 0.017147
1.46014e+08 0.017147
1.46014e+08 0.017147
1.46014e+08 0.017147
1.46014e+08 0.017147
1.46014e+08 0.0171625
1.46025e+08 0.0171625
1.46025e+08 0.0171625
1.46025e+08 0.0171625
1.46025e+08 0.0171625
1.46025e+08 0.0171625
1.46025e+08 0.0171625
1.46025e+08 0.0180658
1.46025e+08 0.0180658
1.57461e+08 0.0178351
1.57461e+08 0.0178351
1.57472e+08 0.0178351
1.58009e+08 0.0178033
1.58121e+08 0.0178192
1.58166e+08 0.0177717
1.5858e+08 0.0177874
1.5858e+08 0.0177874
1.5858e+08 0.0177874
1.5858e+08 0.0177874
1.5858e+08 0.0177874
1.5858e+08 0.0177874
1.5858e+08 0.0178032
1.5858e+08 0.0178032
1.5858e+08 0.0178032
1.5858e+08 0.0178032
1.5858e+08 0.0178032
1.58602e+08 0.0177716
1.58603e+08 0.0177716
1.58603e+08 0.0177716
1.58603e+08 0.0186602
1.70965e+08 0.01738
1.70965e+08 0.01738
1.70976e+08 0.01738
1.71356e+08 0.0175836
1.71502e+08 0.0175396
1.71647e+08 0.0174087
1.72095e+08 0.0173655
1.72117e+08 0.0173368
1.72117e+08 0.0173368
1.72128e+08 0.0173225
1.72128e+08 0.0173225
1.72128e+08 0.0173225
1.72128e+08 0.0173226
1.72129e+08 0.0173225
1.72129e+08 0.0173225
1.72129e+08 0.0173225
1.72129e+08 0.0173225
1.72129e+08 0.0173512
1.72129e+08 0.0173512
1.72129e+08 0.0173512
1.72129e+08 0.0173512
1.72129e+08 0.0181774
1.83982e+08 0.0188878
1.84015e+08 0.0188393
1.84016e+08 0.0188554
1.84586e+08 0.0185847
1.84609e+08 0.018759
1.84698e+08 0.0188392
1.85168e+08 0.0188071
1.85168e+08 0.0188393
1.85168e+08 0.0188392
1.85168e+08 0.0188554
1.85168e+08 0.0188554
1.85168e+08 0.0188554
1.85168e+08 0.0188554
1.85168e+08 0.0188554
1.85168e+08 0.0188554
1.85191e+08 0.0188232
1.85202e+08 0.018807
1.85202e+08 0.018807
1.85202e+08 0.018807
1.85202e+08 0.018807
1.85202e+08 0.018807
1.85202e+08 0.018807
1.97759e+08 0.0178468
1.9777e+08 0.0186429
1.97803e+08 0.0186428
1.97803e+08 0.0186429
1.98408e+08 0.0185976
1.98441e+08 0.0185826
1.98531e+08 0.0185825
1.9899e+08 0.0185975
1.9899e+08 0.0185975
1.9899e+08 0.0185975
1.9899e+08 0.0185975
1.9899e+08 0.0185975
1.99001e+08 0.0185825
1.99023e+08 0.0185525
1.99023e+08 0.0185525
1.99023e+08 0.0185525
1.99023e+08 0.0185825
1.99023e+08 0.0185975
1.99023e+08 0.0185975
1.99023e+08 0.0185975
1.99046e+08 0.0185675
1.99057e+08 0.0185525
1.99057e+08 0.0185525
2.11989e+08 0.018063
2.11989e+08 0.0180772
2.11989e+08 0.0188632
2.12045e+08 0.0188336
2.12045e+08 0.0188336
2.12705e+08 0.0187599
2.12727e+08 0.0187746
2.12974e+08 0.0185712
2.13254e+08 0.0188039
2.13287e+08 0.0187599
2.13287e+08 0.0187599
2.13287e+08 0.0187599
2.13287e+08 0.0187599
2.13287e+08 0.0187746
2.13287e+08 0.018804
2.13321e+08 0.0187599
2.13321e+08 0.0187599
2.13332e+08 0.0187452
2.13332e+08 0.0187452
2.13332e+08 0.0187452
2.13332e+08 0.0187452
2.13332e+08 0.0187745
2.13332e+08 0.0187892
2.13332e+08 0.0187892
2.26921e+08 0.017963
2.26921e+08 0.017963
2.26921e+08 0.017963
2.26943e+08 0.0180034
2.26943e+08 0.0187535
2.26943e+08 0.0187535
2.27671e+08 0.0186694
2.27704e+08 0.0186555
2.27905e+08 0.0187114
2.28219e+08 0.0186694
2.28219e+08 0.0187113
2.28219e+08 0.0187113
2.28219e+08 0.0187113
2.28219e+08 0.0187113
2.28253e+08 0.0186694
2.28286e+08 0.0186276
2.28309e+08 0.0186415
2.28309e+08 0.0186415
2.28309e+08 0.0186554
2.28309e+08 0.0186554
2.28309e+08 0.0186555
2.28309e+08 0.0186555
2.28309e+08 0.0186554
2.28309e+08 0.0186554
2.28309e+08 0.0186554
2.42356e+08 0.0181009
2.42356e+08 0.0181009
2.42379e+08 0.0180747
2.42412e+08 0.0180616
2.42424e+08 0.0180486
2.42468e+08 0.0187165
2.42468e+08 0.0187165
2.43285e+08 0.0186093
2.43341e+08 0.0185827
2.4343e+08 0.0187165
2.43744e+08 0.0187164
2.43744e+08 0.0187164
2.43744e+08 0.0187164
2.43744e+08 0.0187164
2.43744e+08 0.0187164
2.43744e+08 0.0187569
2.43845e+08 0.0186761
2.43845e+08 0.0187029
2.43845e+08 0.0187029
2.43845e+08 0.0187029
2.43845e+08 0.0187029
2.43845e+08 0.0187029
2.43845e+08 0.0187029
2.43845e+08 0.0187029
2.43845e+08 0.0187029
2.43856e+08 0.0186895
2.58177e+08 0.0183671
2.58177e+08 0.0183672
2.58221e+08 0.0183412
2.58333e+08 0.0182511
2.58378e+08 0.0182127
2.58411e+08 0.0182255
2.58467e+08 0.0181618
2.58479e+08 0.0188472
2.59373e+08 0.0187555
2.59418e+08 0.0187686
2.59564e+08 0.0187035
2.59844e+08 0.0187424
2.59855e+08 0.0187294
2.59877e+08 0.0187035
2.59877e+08 0.0187035
2.59922e+08 0.0186517
2.59945e+08 0.018626
2.59945e+08 0.0187424
2.59978e+08 0.0187035
2.59978e+08 0.0187035
2.59978e+08 0.0187035
2.60001e+08 0.0186776
2.60001e+08 0.0186776
2.60001e+08 0.0186776
2.60001e+08 0.0186776
2.60001e+08 0.0186776
2.60001e+08 0.0186906
2.74802e+08 0.01815
2.74802e+08 0.01815
2.74869e+08 0.0181256
2.74903e+08 0.0182112
2.74914e+08 0.0182482
2.74925e+08 0.0182729
2.74925e+08 0.0183349
2.74925e+08 0.0183474
2.74936e+08 0.019014
2.75987e+08 0.0188349
2.76021e+08 0.0188476
2.76234e+08 0.0187717
2.76547e+08 0.018734
2.76559e+08 0.018734
2.76559e+08 0.0187591
2.76559e+08 0.0187591
2.76559e+08 0.0188095
2.76559e+08 0.0188348
2.76559e+08 0.0188348
2.76626e+08 0.0187969
2.76626e+08 0.0187969
2.76626e+08 0.0187968
2.76671e+08 0.0187716
2.76671e+08 0.0187716
2.76671e+08 0.0187716
2.76671e+08 0.0187716
2.76671e+08 0.0187716
2.76671e+08 0.0187716
2.91896e+08 0.0183055
2.91896e+08 0.0183055
2.91964e+08 0.0183055
2.91997e+08 0.0183055
2.92064e+08 0.0182459
2.92075e+08 0.0182459
2.92131e+08 0.0181866
2.92143e+08 0.0181748
2.92176e+08 0.0181512
2.93127e+08 0.0182577
2.93138e+08 0.0188974
2.9316e+08 0.0189097
2.93395e+08 0.0188851
2.93843e+08 0.0187388
2.93843e+08 0.0187509
2.93854e+08 0.0187387
2.93866e+08 0.0187265
2.93877e+08 0.0187144
2.93877e+08 0.0187144
2.93877e+08 0.0187144
2.93888e+08 0.018775
2.93888e+08 0.018775
2.93888e+08 0.018775
2.939e+08 0.0188116
2.939e+08 0.0188116
2.939e+08 0.0188116
2.939e+08 0.0188115
2.939e+08 0.0188115
2.939e+08 0.0188115
3.0977e+08 0.0181325
3.0977e+08 0.0181325
3.0977e+08 0.0182008
3.09815e+08 0.0181893
3.0986e+08 0.0182122
3.0986e+08 0.0182236
3.09927e+08 0.0182122
3.09961e+08 0.0181894
3.09961e+08 0.0182237
3.10733e+08 0.0184087
3.10822e+08 0.0183272
3.10822e+08 0.0189592
3.11012e+08 0.0187812
3.11214e+08 0.0188165
3.11773e+08 0.0186992
3.11773e+08 0.0186992
3.11818e+08 0.0186643
3.11818e+08 0.0186759
3.11818e+08 0.0186876
3.11829e+08 0.0186759
3.11829e+08 0.0186759
3.11841e+08 0.0186759
3.11841e+08 0.0186759
3.11841e+08 0.0186759
3.11852e+08 0.0186759
3.11852e+08 0.0186759
3.11852e+08 0.0186759
3.11852e+08 0.0186759
3.11852e+08 0.0186759
3.11852e+08 0.0186759
3.2834e+08 0.0180553
3.28351e+08 0.0180444
3.28351e+08 0.0180444
3.28373e+08 0.0180662
3.28373e+08 0.0181098
3.28373e+08 0.0181098
3.28396e+08 0.0181536
3.28396e+08 0.0181867
3.28396e+08 0.0181867
3.29224e+08 0.0181317
3.29269e+08 0.0181756
3.29269e+08 0.0181756
3.29347e+08 0.0182864
3.29358e+08 0.0188845
3.29582e+08 0.0188615
3.30365e+08 0.0186347
3.30365e+08 0.0186346
3.30387e+08 0.0186571
3.30399e+08 0.0186459
3.3041e+08 0.0186347
3.30421e+08 0.0186347
3.30421e+08 0.0186347
3.30432e+08 0.0186347
3.30432e+08 0.0186347
3.30432e+08 0.0186347
3.30432e+08 0.0186459
3.30433e+08 0.0186459
3.30433e+08 0.0186459
3.30444e+08 0.0186347
3.30444e+08 0.0186347
3.30444e+08 0.0186347
3.47539e+08 0.0180455
3.47539e+08 0.018056
3.47539e+08 0.018056
3.47561e+08 0.018056
3.47561e+08 0.018056
3.47572e+08 0.0180455
3.47572e+08 0.0180666
3.47572e+08 0.0180666
3.47572e+08 0.0180666
3.48423e+08 0.0180456
3.48467e+08 0.0180456
3.48467e+08 0.0180456
3.48523e+08 0.0180666
3.48546e+08 0.0180561
3.48557e+08 0.0186277
3.48713e+08 0.018693
3.49497e+08 0.0186929
3.49564e+08 0.0186276
3.49564e+08 0.0186493
3.49597e+08 0.0186276
3.49609e+08 0.0186276
3.49642e+08 0.0186059
3.49642e+08 0.0186059
3.49654e+08 0.0186059
3.49654e+08 0.0186059
3.49654e+08 0.0186059
3.49654e+08 0.0186059
3.49654e+08 0.0186059
3.49654e+08 0.0186059
3.49654e+08 0.0186168
3.49654e+08 0.0186168
3.49654e+08 0.0186168
3.67445e+08 0.0179659
3.67456e+08 0.0179558
3.67467e+08 0.0179458
3.67478e+08 0.0179559
3.67478e+08 0.0179559
3.67478e+08 0.017966
3.67478e+08 0.017966
3.67478e+08 0.017966
3.67478e+08 0.017966
3.68317e+08 0.017976
3.68395e+08 0.0179458
3.68407e+08 0.0179358
3.6844e+08 0.0179559
3.6844e+08 0.0179761
3.68463e+08 0.017966
3.68619e+08 0.017966
3.68619e+08 0.0185274
3.69302e+08 0.0186214
3.69336e+08 0.018653
3.69436e+08 0.0185586
3.69481e+08 0.0185482
3.69537e+08 0.0185065
3.69593e+08 0.0184858
3.69593e+08 0.0184858
3.69615e+08 0.0184754
3.69615e+08 0.0184754
3.69615e+08 0.0184754
3.69615e+08 0.0184754
3.69616e+08 0.0184754
3.69616e+08 0.0184754
3.69627e+08 0.0184651
3.69627e+08 0.0184651
3.69638e+08 0.0184548
3.8801e+08 0.017933
3.8801e+08 0.0179428
3.8801e+08 0.0179526
3.8801e+08 0.0179623
3.8801e+08 0.0179623
3.88021e+08 0.0179525
3.88033e+08 0.0179428
3.88033e+08 0.0179428
3.88033e+08 0.0179427
3.88861e+08 0.0179524
3.88961e+08 0.0179329
3.88984e+08 0.0179232
3.89095e+08 0.0178553
3.89095e+08 0.0178553
3.89095e+08 0.0178747
3.89241e+08 0.0178844
3.89241e+08 0.0178844
3.89241e+08 0.0184263
3.90002e+08 0.0183566
3.90047e+08 0.0183467
3.90125e+08 0.0183665
3.90136e+08 0.0183964
3.90214e+08 0.0183765
3.90248e+08 0.0183964
3.90248e+08 0.0183963
3.90315e+08 0.0183566
3.90315e+08 0.0183566
3.90315e+08 0.0183566
3.90315e+08 0.0183566
3.90315e+08 0.0183566
3.90315e+08 0.0183566
3.90315e+08 0.0183665
3.90315e+08 0.0183665
3.90315e+08 0.0183765
4.09113e+08 0.0180064
4.09113e+08 0.0180064
4.09169e+08 0.0179589
4.09202e+08 0.0179304
4.09202e+08 0.0179304
4.09213e+08 0.0179304
4.09213e+08 0.0179399
4.09213e+08 0.0179399
4.09213e+08 0.0179399
4.10041e+08 0.0179398
4.10064e+08 0.0180063
4.10064e+08 0.0180254
4.10108e+08 0.018083
4.10153e+08 0.0180446
4.10153e+08 0.0180446
4.10366e+08 0.0179873
4.10366e+08 0.0179873
4.10422e+08 0.0179398
4.11339e+08 0.0178083
4.11339e+08 0.018332
4.11339e+08 0.0183705
4.11395e+08 0.0183898
4.11395e+08 0.0183995
4.1144e+08 0.0184286
4.11496e+08 0.0184091
4.11518e+08 0.0183898
4.11552e+08 0.0184188
4.11552e+08 0.0184188
4.11552e+08 0.0184188
4.11552e+08 0.0184188
4.11552e+08 0.0184188
4.11563e+08 0.0184092
4.11563e+08 0.0184091
4.11563e+08 0.0184091
4.11563e+08 0.0184091
4.30791e+08 0.0180438
4.30791e+08 0.0180438
4.30847e+08 0.0180438
4.30903e+08 0.0180253
4.30903e+08 0.0180253
4.30903e+08 0.0180345
4.30903e+08 0.0180345
4.30903e+08 0.0180345
4.30914e+08 0.0180252
4.31764e+08 0.0180067
4.31764e+08 0.0180252
4.31764e+08 0.0180252
4.31764e+08 0.0180624
4.31764e+08 0.0180998
4.31764e+08 0.0180998
4.32144e+08 0.0179605
4.32178e+08 0.0179329
4.32178e+08 0.0179789
4.33062e+08 0.0180067
4.33062e+08 0.0180067
4.33062e+08 0.0185211
4.33062e+08 0.0185211
4.33107e+08 0.0185307
4.33118e+08 0.0185211
4.33252e+08 0.0184452
4.33264e+08 0.0184831
4.33264e+08 0.0185021
4.33308e+08 0.0184926
4.33308e+08 0.0184926
4.33308e+08 0.0184926
4.33308e+08 0.0184926
4.33308e+08 0.0184926
4.3332e+08 0.0184926
4.33331e+08 0.0184831
4.33331e+08 0.0184831
4.33331e+08 0.0184831
4.53111e+08 0.0180255
4.53111e+08 0.0180255
4.53111e+08 0.0180708
4.53223e+08 0.0180256
4.53223e+08 0.0180256
4.53245e+08 0.0180075
4.53245e+08 0.0180075
4.53267e+08 0.0179895
4.53267e+08 0.0179985
4.54028e+08 0.0180708
4.5404e+08 0.0180617
4.5404e+08 0.0180617
4.54073e+08 0.0180345
4.54073e+08 0.0180345
4.54073e+08 0.0180345
4.54487e+08 0.0180075
4.54498e+08 0.0180255
4.54509e+08 0.0180165
4.55326e+08 0.0180707
4.55326e+08 0.0180707
4.55382e+08 0.0180255
4.55405e+08 0.0180074
4.5546e+08 0.0184615
4.55494e+08 0.0184707
4.55539e+08 0.0184431
4.55595e+08 0.0185077
4.55651e+08 0.0184707
4.55662e+08 0.0184615
4.55684e+08 0.0184799
4.55684e+08 0.0184799
4.55684e+08 0.0184799
4.55707e+08 0.0184614
4.55707e+08 0.0184614
4.55707e+08 0.0184706
4.55718e+08 0.0184707
4.55718e+08 0.0184707
4.55718e+08 0.0184707
4.75844e+08 0.0181896
4.75844e+08 0.0181896
4.75844e+08 0.0181896
4.75855e+08 0.0182704
4.75855e+08 0.0182704
4.75934e+08 0.0182254
4.75934e+08 0.0182254
4.75967e+08 0.0182164
4.75967e+08 0.0182164
4.76605e+08 0.0183155
4.76605e+08 0.0183246
4.76639e+08 0.0182974
4.76639e+08 0.0183246
4.7665e+08 0.0183156
4.76672e+08 0.0182975
4.77198e+08 0.0182074
4.77209e+08 0.0182074
4.77265e+08 0.0181716
4.78093e+08 0.0181627
4.78115e+08 0.0181449
4.78183e+08 0.018136
4.78205e+08 0.018136
4.78306e+08 0.0181005
4.78306e+08 0.0185897
4.78317e+08 0.0186079
4.78339e+08 0.0186261
4.7835e+08 0.0186627
4.78418e+08 0.0186536
4.78429e+08 0.0186536
4.78462e+08 0.0186444
4.78462e+08 0.0186444
4.78463e+08 0.0186444
4.78463e+08 0.0186627
4.78463e+08 0.0186627
4.78474e+08 0.0186535
4.78485e+08 0.0186535
4.78485e+08 0.0186535
4.78485e+08 0.0186535
4.99243e+08 0.0181499
4.99254e+08 0.0181412
4.99265e+08 0.0181326
4.99276e+08 0.0181326
4.99276e+08 0.0181326
4.99276e+08 0.0181934
4.99276e+08 0.0181934
4.99276e+08 0.0182196
4.99299e+08 0.0182021
4.99881e+08 0.0182457
4.99881e+08 0.0182457
4.99915e+08 0.0182457
4.99926e+08 0.0182369
4.99926e+08 0.0182456
4.99937e+08 0.0182544
5.00552e+08 0.0181845
5.00641e+08 0.0181238
5.00675e+08 0.0181411
5.01503e+08 0.0181411
5.01503e+08 0.0181584
5.01514e+08 0.0182019
5.01514e+08 0.0182194
5.01526e+08 0.0182895
5.01537e+08 0.0182807
5.01559e+08 0.0187438
5.0157e+08 0.0187438
5.01593e+08 0.0187438
5.01727e+08 0.0186452
5.01872e+08 0.018583
5.01872e+08 0.0185919
5.01917e+08 0.018583
5.01917e+08 0.018583
5.01917e+08 0.018583
5.0194e+08 0.0185653
5.0194e+08 0.0185653
5.0194e+08 0.0185742
5.0194e+08 0.018583
5.0194e+08 0.018583
5.0194e+08 0.018583
5.23182e+08 0.0182068
5.23193e+08 0.0182068
5.23193e+08 0.0182154
5.23204e+08 0.0182153
5.23216e+08 0.0182068
5.23216e+08 0.0182068
5.23216e+08 0.0182068
5.23216e+08 0.0182068
5.23216e+08 0.0182239
5.23765e+08 0.0182493
5.23765e+08 0.0182493
5.23821e+08 0.0182323
5.23854e+08 0.0182152
5.23865e+08 0.0182067
5.23932e+08 0.0181643
5.2438e+08 0.0182922
5.24469e+08 0.0182921
5.24469e+08 0.0183179
5.25487e+08 0.0181728
5.25487e+08 0.0181728
5.25532e+08 0.0181474
5.25543e+08 0.018139
5.25543e+08 0.0181474
5.25543e+08 0.0181559
5.25554e+08 0.0181643
5.25554e+08 0.0181728
5.25554e+08 0.0186388
5.25554e+08 0.0186562
5.25666e+08 0.0186736
5.25845e+08 0.0186475
5.25868e+08 0.0186301
5.2589e+08 0.0186476
5.25901e+08 0.0186388
5.25901e+08 0.0186388
5.25957e+08 0.0186127
5.25957e+08 0.0186127
5.25957e+08 0.0186127
5.25957e+08 0.0186127
5.25957e+08 0.0186127
5.25957e+08 0.0186127
5.47939e+08 0.0180565
5.47962e+08 0.0180483
5.47962e+08 0.0180483
5.47962e+08 0.0180566
5.47962e+08 0.0180647
5.47962e+08 0.0180647
5.47962e+08 0.0180647
5.47962e+08 0.0180647
5.47973e+08 0.0180565
5.48545e+08 0.0180401
5.48556e+08 0.018032
5.48601e+08 0.0180401
5.48645e+08 0.018032
5.48724e+08 0.0179833
5.48735e+08 0.0180238
5.48903e+08 0.0182292
5.49014e+08 0.0182126
5.49037e+08 0.018196
5.50245e+08 0.0180564
5.50245e+08 0.0180564
5.50267e+08 0.0180727
5.50267e+08 0.0180809
5.50267e+08 0.0180809
5.50279e+08 0.0180727
5.50279e+08 0.0180809
5.50279e+08 0.0180809
5.5029e+08 0.0180727
5.5029e+08 0.0185245
5.50312e+08 0.0185078
5.50458e+08 0.0184827
5.50514e+08 0.0185749
5.50547e+08 0.0185665
5.50704e+08 0.0184661
5.50737e+08 0.0184495
5.50737e+08 0.0184495
5.50771e+08 0.0184661
5.50771e+08 0.0184661
5.50771e+08 0.0184661
5.50771e+08 0.0184661
5.50771e+08 0.0184661
5.50771e+08 0.0184661
5.73101e+08 0.0182106
5.73101e+08 0.0182268
5.73101e+08 0.0182268
5.73101e+08 0.0182268
5.73101e+08 0.0182268
5.73101e+08 0.0182268
5.73101e+08 0.0182268
5.73101e+08 0.0182268
5.73101e+08 0.0182349
5.73707e+08 0.0182105
5.7374e+08 0.0181943
5.73818e+08 0.0181701
5.73852e+08 0.0181782
5.73874e+08 0.0182186
5.7393e+08 0.0181862
5.73964e+08 0.0182836
5.74009e+08 0.0183326
5.7402e+08 0.0183408
5.75351e+08 0.018251
5.75373e+08 0.0182348
5.75396e+08 0.0182348
5.75441e+08 0.0182024
5.75452e+08 0.0181943
5.7553e+08 0.018146
5.7553e+08 0.018146
5.7553e+08 0.018146
5.7553e+08 0.018154
5.7553e+08 0.018154
5.7553e+08 0.0181701
5.7553e+08 0.0186133
5.75653e+08 0.0186298
5.75653e+08 0.0186712
5.75709e+08 0.0186546
5.75888e+08 0.0186381
5.75922e+08 0.018638
5.75922e+08 0.018638
5.75944e+08 0.0186463
5.75944e+08 0.0186463
5.75944e+08 0.0186463
5.75944e+08 0.0186463
5.75967e+08 0.0186298
5.75967e+08 0.0186298
5.99027e+08 0.0181049
5.99027e+08 0.0181049
5.99027e+08 0.0181049
5.99027e+08 0.0181049
5.99027e+08 0.0181049
5.99027e+08 0.0181049
5.99027e+08 0.0181049
5.99027e+08 0.0181049
5.99027e+08 0.0181049
5.99644e+08 0.0180971
5.997e+08 0.0180815
5.99767e+08 0.0180893
5.99778e+08 0.0181049
5.99811e+08 0.0180971
5.9989e+08 0.0180815
5.99946e+08 0.0180659
5.99946e+08 0.0180971
5.99946e+08 0.0181049
6.01344e+08 0.0180581
6.01344e+08 0.0180737
6.01344e+08 0.0180893
6.01355e+08 0.0181127
6.01355e+08 0.0181205
6.01434e+08 0.0181205
6.01434e+08 0.0181205
6.01478e+08 0.0180893
6.01512e+08 0.0180659
6.01512e+08 0.0180659
6.01523e+08 0.0180581
6.01523e+08 0.0180581
6.01534e+08 0.0184801
6.01624e+08 0.018504
6.01624e+08 0.018504
6.01657e+08 0.01852
6.01848e+08 0.018512
6.01948e+08 0.0184642
6.01948e+08 0.0184642
6.01948e+08 0.0184802
6.01948e+08 0.0184802
6.01948e+08 0.0184802
6.01949e+08 0.0184801
6.01949e+08 0.018496
6.01949e+08 0.018496
6.25342e+08 0.018262
6.25342e+08 0.018262
6.25342e+08 0.018262
6.25342e+08 0.018262
6.25342e+08 0.018262
6.25342e+08 0.018262
6.25342e+08 0.018262
6.25342e+08 0.018262
6.25342e+08 0.018262
6.25354e+08 0.0186912
6.25354e+08 0.0187319
6.25377e+08 0.0187645
6.25377e+08 0.0187727
6.25377e+08 0.0187973
6.25377e+08 0.0188551
6.25377e+08 0.0188966
6.25377e+08 0.0188967
6.25377e+08 0.0188967
6.25513e+08 0.0198835
6.25513e+08 0.0198835
6.25524e+08 0.0198743
6.25535e+08 0.0198743
6.25535e+08 0.0198743
6.25536e+08 0.0199388
6.25536e+08 0.0199388
6.25536e+08 0.0199758
6.25547e+08 0.0199944
6.25547e+08 0.0199944
6.25547e+08 0.0200037
6.25547e+08 0.0200037
6.25547e+08 0.020013
6.25569e+08 0.0200691
6.2558e+08 0.0205262
6.2558e+08 0.0205262
6.2558e+08 0.020555
6.25603e+08 0.0207002
6.2567e+08 0.0207296
6.2567e+08 0.0207296
6.25681e+08 0.0207199
6.25681e+08 0.0207199
6.25692e+08 0.0207101
6.25692e+08 0.0207102
6.25692e+08 0.0207102
6.25692e+08 0.0207102
6.30259e+08 0.100003
6.30259e+08 0.100003
6.30259e+08 0.100003
