5.37322e+06 0.00208025
8.2689e+06 0.00385949
8.26891e+06 0.00771895
1.00323e+07 0.0126757
1.00323e+07 0.0126752
1.14634e+07 0.0156184
1.14634e+07 0.0234275
1.16199e+07 0.0211191
1.51766e+07 0.00902925
1.51766e+07 0.00902925
1.51766e+07 0.012039
1.51766e+07 0.0125687
1.79569e+07 0.0160786
1.79681e+07 0.0160142
1.79681e+07 0.0160142
1.79681e+07 0.0160142
1.79681e+07 0.0200177
2.21351e+07 0.0133742
2.21351e+07 0.0134101
2.21574e+07 0.0133385
2.21574e+07 0.0133385
2.21574e+07 0.0133385
2.21575e+07 0.0160062
2.65334e+07 0.0152454
2.65558e+07 0.0151683
2.65782e+07 0.0151681
2.65782e+07 0.0151681
2.65782e+07 0.0151681
2.65783e+07 0.015168
2.65783e+07 0.017696
3.09627e+07 0.0176623
3.09627e+07 0.0177519
3.1041e+07 0.0175298
3.1041e+07 0.0175297
3.1041e+07 0.0175297
3.10634e+07 0.0174424
3.10634e+07 0.0174424
3.60729e+07 0.0153088
3.60729e+07 0.0174958
3.60729e+07 0.0174958
3.60729e+07 0.0177679
3.60841e+07 0.0177286
3.61065e+07 0.0176502
3.61177e+07 0.0176893
3.61177e+07 0.0176893
4.19798e+07 0.0151361
4.19798e+07 0.015136
4.19798e+07 0.017028
4.19798e+07 0.017028
4.20022e+07 0.0169637
4.20246e+07 0.0169318
4.20358e+07 0.0169638
4.20358e+07 0.0169959
4.20358e+07 0.0169959
4.82398e+07 0.0160676
4.82621e+07 0.0160104
4.82622e+07 0.0160104
4.82622e+07 0.0160104
4.82622e+07 0.0177893
4.82846e+07 0.0177892
4.82846e+07 0.0178528
4.82846e+07 0.0178847
4.82846e+07 0.0178846
4.82846e+07 0.0178846
5.52397e+07 0.0159657
5.52844e+07 0.0159149
5.52844e+07 0.0159149
5.52844e+07 0.0159149
5.52844e+07 0.0159149
5.52845e+07 0.0175063
5.53068e+07 0.0175064
5.53069e+07 0.0175063
5.53069e+07 0.0175063
5.53069e+07 0.0175063
5.5307e+07 0.0175063
6.24886e+07 0.016959
6.24886e+07 0.0170643
6.24886e+07 0.0170643
6.24886e+07 0.0170643
6.24886e+07 0.0170643
6.25781e+07 0.0168551
6.25893e+07 0.016881
6.25893e+07 0.0184157
6.26117e+07 0.0183593
6.26117e+07 0.0183593
6.26229e+07 0.0183313
6.26229e+07 0.0183313
7.04576e+07 0.0168291
7.04576e+07 0.0168291
7.04576e+07 0.0168291
7.04576e+07 0.016829
7.04576e+07 0.016829
7.04688e+07 0.0169959
7.048e+07 0.0169959
7.048e+07 0.0169959
7.04801e+07 0.0184121
7.04913e+07 0.0184382
7.05025e+07 0.0184121
7.05584e+07 0.0183084
7.05584e+07 0.0183084
7.88937e+07 0.017222
7.88937e+07 0.017222
7.89496e+07 0.0171086
7.8972e+07 0.0170637
7.8972e+07 0.0170637
7.89944e+07 0.0170413
7.89944e+07 0.0170637
7.89944e+07 0.0170637
7.90056e+07 0.0170414
7.90056e+07 0.0183522
7.90056e+07 0.0183764
7.90056e+07 0.0184005
7.90056e+07 0.0185222
7.90057e+07 0.0185222
8.7726e+07 0.0177148
8.77372e+07 0.0176924
8.78043e+07 0.01767
8.78043e+07 0.0177147
8.78043e+07 0.0177147
8.78602e+07 0.0176477
8.78602e+07 0.0176478
8.78602e+07 0.0176478
8.78602e+07 0.01767
8.78602e+07 0.01767
8.78603e+07 0.01767
8.78714e+07 0.0189083
8.78938e+07 0.0188608
8.79385e+07 0.0187664
8.79497e+07 0.0187429
9.71869e+07 0.017719
9.71869e+07 0.01774
9.71981e+07 0.0178456
9.71982e+07 0.0178455
9.71982e+07 0.0178455
9.72764e+07 0.0178032
9.72876e+07 0.017782
9.72876e+07 0.017782
9.72876e+07 0.017782
9.73324e+07 0.0176981
9.73324e+07 0.0176981
9.73324e+07 0.017719
9.73324e+07 0.0189002
9.73324e+07 0.018945
9.73324e+07 0.0190352
9.73548e+07 0.0190126
1.07114e+08 0.0180121
1.07114e+08 0.0180121
1.07114e+08 0.0180324
1.07137e+08 0.0179918
1.07137e+08 0.0179917
1.0717e+08 0.0180729
1.07215e+08 0.0180119
1.07249e+08 0.0179513
1.07293e+08 0.0178711
1.07405e+08 0.0177521
1.07439e+08 0.0176932
1.07461e+08 0.0176541
1.07461e+08 0.0176541
1.07461e+08 0.0176541
1.07461e+08 0.0187575
1.07472e+08 0.0187368
1.07472e+08 0.0187782
1.18e+08 0.0174535
1.18e+08 0.0174535
1.18e+08 0.0174535
1.18e+08 0.0174895
1.18e+08 0.0174895
1.18034e+08 0.0174893
1.18056e+08 0.0175254
1.18067e+08 0.0175616
1.18067e+08 0.0176345
1.1809e+08 0.0177821
1.1809e+08 0.0178381
1.18101e+08 0.0178568
1.18101e+08 0.0178568
1.18101e+08 0.0178568
1.18101e+08 0.0178568
1.18101e+08 0.0189072
1.18123e+08 0.0188873
1.18123e+08 0.0188873
1.29222e+08 0.017925
1.29222e+08 0.017925
1.29222e+08 0.017925
1.29234e+08 0.0179072
1.29234e+08 0.0179071
1.29245e+08 0.0179429
1.29245e+08 0.0179787
1.29245e+08 0.0179967
1.29245e+08 0.0179966
1.29245e+08 0.0180327
1.29245e+08 0.0180327
1.29256e+08 0.0180327
1.29256e+08 0.0180327
1.29256e+08 0.0180327
1.29268e+08 0.0180146
1.2929e+08 0.0179786
1.29323e+08 0.0179607
1.29357e+08 0.0189019
1.29357e+08 0.0189019
1.41054e+08 0.0179468
1.41054e+08 0.0179468
1.41054e+08 0.0179468
1.41054e+08 0.0179639
1.41054e+08 0.0179639
1.41088e+08 0.0179301
1.41088e+08 0.0179301
1.41088e+08 0.0179301
1.41099e+08 0.0179132
1.4111e+08 0.0178962
1.4111e+08 0.0178962
1.41122e+08 0.0178962
1.41122e+08 0.0178962
1.41122e+08 0.0178962
1.41122e+08 0.0179131
1.41155e+08 0.0178961
1.41189e+08 0.0178961
1.41233e+08 0.0178793
1.41233e+08 0.0188203
1.41233e+08 0.0188203
1.53626e+08 0.0177792
1.53626e+08 0.0177792
1.53626e+08 0.0177792
1.53626e+08 0.0177792
1.53626e+08 0.0177792
1.53682e+08 0.0177476
1.53682e+08 0.0177476
1.53682e+08 0.0177476
1.53682e+08 0.0177634
1.53682e+08 0.0177792
1.53682e+08 0.0177792
1.53693e+08 0.0177791
1.53693e+08 0.0177791
1.53693e+08 0.0177791
1.53705e+08 0.0177633
1.53738e+08 0.0177634
1.53749e+08 0.017795
1.53772e+08 0.0178267
1.53772e+08 0.0178267
1.53772e+08 0.0178267
1.53772e+08 0.018718
1.66652e+08 0.0180179
1.66652e+08 0.0180179
1.66696e+08 0.0179562
1.66696e+08 0.0179562
1.66696e+08 0.0179562
1.6673e+08 0.0179871
1.6673e+08 0.0179871
1.6673e+08 0.0179871
1.6673e+08 0.0179871
1.66741e+08 0.0179717
1.66752e+08 0.0179563
1.66808e+08 0.017895
1.66808e+08 0.017895
1.66808e+08 0.017895
1.6682e+08 0.0178949
1.66831e+08 0.0179256
1.66842e+08 0.0179256
1.66842e+08 0.0179563
1.66842e+08 0.0179562
1.66842e+08 0.0179562
1.66842e+08 0.0179562
1.66842e+08 0.0188113
1.79468e+08 0.0191844
1.79468e+08 0.0191844
1.79468e+08 0.0192515
1.79468e+08 0.0192515
1.79468e+08 0.0192515
1.79557e+08 0.0191675
1.79557e+08 0.0191675
1.79557e+08 0.0191675
1.7958e+08 0.0191342
1.79613e+08 0.0191009
1.79725e+08 0.0189529
1.79804e+08 0.0189202
1.79815e+08 0.0189039
1.79826e+08 0.0188877
1.79848e+08 0.0188715
1.79848e+08 0.0188877
1.79848e+08 0.018904
1.79848e+08 0.018904
1.79848e+08 0.018904
1.79848e+08 0.018904
1.79848e+08 0.018904
1.79848e+08 0.018904
1.93136e+08 0.0179887
1.93136e+08 0.0188063
1.93169e+08 0.0187603
1.93192e+08 0.0187297
1.93192e+08 0.0187297
1.93192e+08 0.0187297
1.93348e+08 0.0186386
1.93348e+08 0.0186386
1.93348e+08 0.0186386
1.93371e+08 0.0186385
1.93393e+08 0.0186536
1.93427e+08 0.0187602
1.93516e+08 0.0187449
1.93527e+08 0.018745
1.93527e+08 0.0187603
1.93527e+08 0.0187909
1.93528e+08 0.018791
1.93539e+08 0.0187756
1.93539e+08 0.0187756
1.93539e+08 0.0187756
1.93539e+08 0.0187756
1.93539e+08 0.0187756
1.93539e+08 0.0187756
2.07524e+08 0.0178644
2.07524e+08 0.0178644
2.07524e+08 0.0186411
2.07524e+08 0.0186847
2.07547e+08 0.0186846
2.07547e+08 0.0186846
2.07547e+08 0.0186846
2.07737e+08 0.0186411
2.07737e+08 0.0186411
2.07737e+08 0.0186411
2.07737e+08 0.0186702
2.07737e+08 0.0186993
2.07737e+08 0.0187431
2.07849e+08 0.0187138
2.07849e+08 0.0187285
2.07849e+08 0.0187285
2.07849e+08 0.0187285
2.07849e+08 0.0187285
2.07849e+08 0.0187431
2.07849e+08 0.0187431
2.07849e+08 0.0187431
2.07849e+08 0.0187431
2.07849e+08 0.0187431
2.07849e+08 0.0187431
2.22458e+08 0.0179606
2.22458e+08 0.0179606
2.22458e+08 0.0179606
2.22469e+08 0.0179472
2.22469e+08 0.018695
2.22481e+08 0.018709
2.22481e+08 0.018709
2.22481e+08 0.018709
2.22593e+08 0.0188075
2.22626e+08 0.0187651
2.22649e+08 0.018737
2.22649e+08 0.018737
2.22649e+08 0.018737
2.22649e+08 0.018737
2.22794e+08 0.018695
2.22794e+08 0.018695
2.22794e+08 0.018695
2.22794e+08 0.018695
2.22794e+08 0.018695
2.22794e+08 0.018695
2.22794e+08 0.018695
2.22794e+08 0.018695
2.22805e+08 0.018681
2.22816e+08 0.0186671
2.22816e+08 0.0186671
2.37975e+08 0.018006
2.37975e+08 0.018006
2.37975e+08 0.018006
2.37975e+08 0.018019
2.37997e+08 0.017993
2.37997e+08 0.0187127
2.37998e+08 0.0187262
2.38009e+08 0.0187128
2.38009e+08 0.0187128
2.38188e+08 0.0186322
2.3821e+08 0.0186456
2.3821e+08 0.0186724
2.38233e+08 0.0186456
2.38233e+08 0.0186456
2.38255e+08 0.0186189
2.38333e+08 0.0186993
2.38344e+08 0.0186859
2.38356e+08 0.0186724
2.38356e+08 0.0186724
2.38389e+08 0.0186323
2.38389e+08 0.0186323
2.38412e+08 0.0186056
2.38412e+08 0.0186056
2.38434e+08 0.0185922
2.38434e+08 0.0186055
2.38434e+08 0.0186055
2.54159e+08 0.0179548
2.54159e+08 0.0179548
2.54159e+08 0.0179548
2.54159e+08 0.0179548
2.54159e+08 0.0179796
2.54159e+08 0.0179796
2.54159e+08 0.0179796
2.54159e+08 0.0186711
2.54181e+08 0.0186582
2.54192e+08 0.0186453
2.5426e+08 0.018775
2.54316e+08 0.0187359
2.54327e+08 0.0187229
2.54383e+08 0.018684
2.54383e+08 0.018684
2.54416e+08 0.0186711
2.54562e+08 0.018594
2.54562e+08 0.0186068
2.54562e+08 0.0186196
2.54595e+08 0.0185812
2.54606e+08 0.0186068
2.54606e+08 0.0186067
2.54629e+08 0.0186067
2.5464e+08 0.018594
2.5464e+08 0.0186196
2.5464e+08 0.0186196
2.5464e+08 0.0186196
2.70794e+08 0.0181392
2.70794e+08 0.0181392
2.70794e+08 0.0181392
2.70794e+08 0.0181392
2.70794e+08 0.0181392
2.70794e+08 0.0181392
2.70794e+08 0.0181392
2.70794e+08 0.0181392
2.70805e+08 0.0187984
2.70816e+08 0.018811
2.70816e+08 0.0188237
2.70962e+08 0.0187355
2.70984e+08 0.0187732
2.71007e+08 0.0187606
2.71018e+08 0.018811
2.71029e+08 0.0187984
2.71074e+08 0.0187858
2.71186e+08 0.0188237
2.71186e+08 0.0188237
2.71186e+08 0.0188237
2.71197e+08 0.018849
2.71208e+08 0.018849
2.7123e+08 0.0188236
2.7123e+08 0.018849
2.71242e+08 0.018849
2.71242e+08 0.018849
2.71242e+08 0.018849
2.71242e+08 0.018849
2.88036e+08 0.018149
2.88036e+08 0.018149
2.88036e+08 0.018149
2.88036e+08 0.018149
2.88058e+08 0.0181255
2.88058e+08 0.0181255
2.88058e+08 0.0181255
2.88058e+08 0.0181255
2.88058e+08 0.0181373
2.88058e+08 0.018149
2.88058e+08 0.0187972
2.88092e+08 0.0187608
2.88226e+08 0.0187727
2.88271e+08 0.0187484
2.88282e+08 0.0187606
2.88305e+08 0.0187484
2.88349e+08 0.0187121
2.88394e+08 0.0187121
2.88495e+08 0.0187242
2.88539e+08 0.018676
2.88539e+08 0.018676
2.88551e+08 0.018676
2.88562e+08 0.018676
2.88618e+08 0.01864
2.88629e+08 0.018628
2.88629e+08 0.0186399
2.8864e+08 0.018628
2.88651e+08 0.018616
2.88651e+08 0.018616
3.05903e+08 0.0181392
3.05903e+08 0.0181392
3.05903e+08 0.0181392
3.05903e+08 0.0181392
3.05903e+08 0.0181619
3.05926e+08 0.0181392
3.05926e+08 0.0181392
3.05926e+08 0.0181392
3.05926e+08 0.0181392
3.05937e+08 0.0181278
3.05937e+08 0.0181278
3.05937e+08 0.0187529
3.05937e+08 0.0187882
3.06138e+08 0.0187179
3.06138e+08 0.0187647
3.06138e+08 0.0187765
3.0615e+08 0.0187882
3.06194e+08 0.0187882
3.06194e+08 0.0188354
3.06239e+08 0.0188947
3.06295e+08 0.0188829
3.06317e+08 0.0188591
3.06385e+08 0.0187999
3.06385e+08 0.0188117
3.06407e+08 0.0188472
3.06418e+08 0.0188472
3.06429e+08 0.0188354
3.06463e+08 0.0188117
3.06564e+08 0.0187178
3.06608e+08 0.0186712
3.24336e+08 0.0181892
3.24336e+08 0.0181892
3.24347e+08 0.0181782
3.24358e+08 0.0181672
3.24358e+08 0.0181672
3.24369e+08 0.0181782
3.24414e+08 0.0181342
3.24459e+08 0.0180904
3.24459e+08 0.0180904
3.24459e+08 0.0181014
3.24459e+08 0.0181014
3.24459e+08 0.0181013
3.24459e+08 0.0181013
3.24459e+08 0.0187047
3.24627e+08 0.0187387
3.24627e+08 0.0187387
3.24627e+08 0.0187387
3.24638e+08 0.0187387
3.24638e+08 0.0187841
3.24661e+08 0.0187614
3.24661e+08 0.0188069
3.24661e+08 0.0188641
3.24828e+08 0.018716
3.24974e+08 0.0186373
3.24985e+08 0.0186261
3.2503e+08 0.0186037
3.25052e+08 0.0185926
3.25074e+08 0.0185814
3.25142e+08 0.018548
3.25276e+08 0.0185148
3.25287e+08 0.018548
3.43299e+08 0.0182699
3.4331e+08 0.0182592
3.43355e+08 0.0182269
3.43377e+08 0.0182162
3.43411e+08 0.0181841
3.43411e+08 0.0181948
3.43444e+08 0.0182055
3.43523e+08 0.0181735
3.43523e+08 0.0181735
3.43523e+08 0.0181735
3.43523e+08 0.0181735
3.43534e+08 0.0181628
3.43534e+08 0.0181628
3.43534e+08 0.0181628
3.43534e+08 0.0187487
3.43657e+08 0.0187927
3.43657e+08 0.0187927
3.43724e+08 0.0187267
3.43735e+08 0.0187267
3.43735e+08 0.0187268
3.43735e+08 0.0187487
3.43747e+08 0.0187377
3.43747e+08 0.0187377
3.44004e+08 0.0186504
3.44093e+08 0.0187049
3.44104e+08 0.0187049
3.44116e+08 0.0187377
3.44205e+08 0.0186721
3.44205e+08 0.0186939
3.44317e+08 0.0186503
3.44362e+08 0.0187378
3.44384e+08 0.0187268
3.62982e+08 0.0181695
3.62993e+08 0.0181695
3.63071e+08 0.0181386
3.63071e+08 0.0181592
3.63071e+08 0.0181902
3.63071e+08 0.0181902
3.63071e+08 0.0182212
3.63116e+08 0.0182524
3.63138e+08 0.0182316
3.6315e+08 0.0182212
3.63161e+08 0.0182109
3.63205e+08 0.0181798
3.63205e+08 0.0181798
3.63239e+08 0.0181489
3.63239e+08 0.0181489
3.63452e+08 0.0180669
3.63452e+08 0.0186315
3.63463e+08 0.018621
3.63586e+08 0.0185686
3.63642e+08 0.0185269
3.63698e+08 0.018475
3.63709e+08 0.0184647
3.63709e+08 0.018475
3.63709e+08 0.018475
3.63843e+08 0.0185895
3.63966e+08 0.0185582
3.63977e+08 0.0185582
3.64078e+08 0.018475
3.64078e+08 0.0185582
3.64123e+08 0.0185165
3.64145e+08 0.0186
3.64168e+08 0.018621
3.6419e+08 0.018621
3.832e+08 0.0182409
3.83234e+08 0.0182207
3.83267e+08 0.0182611
3.83267e+08 0.0182611
3.83267e+08 0.0182611
3.83267e+08 0.0182611
3.8329e+08 0.0182409
3.83323e+08 0.018251
3.83334e+08 0.0182611
3.83357e+08 0.018251
3.83402e+08 0.0182207
3.83402e+08 0.0182611
3.83413e+08 0.018251
3.83413e+08 0.0182813
3.83413e+08 0.0182813
3.83916e+08 0.0180217
3.8395e+08 0.0179922
3.8395e+08 0.0185374
3.8395e+08 0.0185476
3.83961e+08 0.0186493
3.83961e+08 0.0187006
3.84028e+08 0.0186903
3.84039e+08 0.0186903
3.84062e+08 0.0186698
3.84073e+08 0.0186595
3.84274e+08 0.0185983
3.84308e+08 0.0186801
3.84308e+08 0.0186903
3.84364e+08 0.0187315
3.84375e+08 0.0187212
3.84397e+08 0.0187418
3.84431e+08 0.0187315
3.84431e+08 0.0187522
3.84442e+08 0.0187625
4.04059e+08 0.0182172
4.0407e+08 0.0182367
4.0407e+08 0.0182661
4.04092e+08 0.0182465
4.04092e+08 0.0182465
4.04092e+08 0.0182465
4.04092e+08 0.0182661
4.04103e+08 0.0182857
4.04159e+08 0.0182465
4.04182e+08 0.0182465
4.04226e+08 0.0182465
4.04226e+08 0.0182465
4.04238e+08 0.0182465
4.0426e+08 0.0182269
4.0426e+08 0.0182269
4.0473e+08 0.0182563
4.04774e+08 0.0182465
4.04808e+08 0.0182172
4.04819e+08 0.0182074
4.0483e+08 0.0187329
4.04853e+08 0.0187229
4.04853e+08 0.0187229
4.04942e+08 0.0187028
4.04942e+08 0.0187128
4.04942e+08 0.0187329
4.04942e+08 0.0187429
4.05099e+08 0.0187832
4.05132e+08 0.0187832
4.05132e+08 0.0187832
4.05144e+08 0.0188236
4.05166e+08 0.0188134
4.05166e+08 0.0188337
4.05188e+08 0.0188438
4.05222e+08 0.0188135
4.05233e+08 0.0188134
4.25546e+08 0.0182042
4.25602e+08 0.0181664
4.25602e+08 0.0181664
4.25602e+08 0.0181853
4.25602e+08 0.0181853
4.25602e+08 0.0181853
4.25602e+08 0.0181853
4.25602e+08 0.0181947
4.25646e+08 0.0182042
4.25658e+08 0.0182137
4.25669e+08 0.0182422
4.25792e+08 0.0181381
4.25814e+08 0.0181287
4.25825e+08 0.0181381
4.25837e+08 0.0181287
4.26183e+08 0.0182327
4.26261e+08 0.0182043
4.26261e+08 0.0182327
4.26262e+08 0.0182422
4.26262e+08 0.0182517
4.26262e+08 0.0187732
4.26329e+08 0.0187341
4.26329e+08 0.0187341
4.26396e+08 0.0187536
4.26396e+08 0.0187536
4.26396e+08 0.0187536
4.26396e+08 0.0187536
4.26429e+08 0.0188617
4.2653e+08 0.0188026
4.2653e+08 0.0188026
4.26575e+08 0.0187731
4.26575e+08 0.0187927
4.26575e+08 0.0187927
4.26575e+08 0.0188124
4.26597e+08 0.0188222
4.26597e+08 0.0188321
4.47594e+08 0.0182475
4.47773e+08 0.0181462
4.47773e+08 0.0181462
4.47773e+08 0.0181462
4.47773e+08 0.0181462
4.47773e+08 0.0181462
4.47773e+08 0.0181462
4.47773e+08 0.0181462
4.47785e+08 0.0181737
4.47796e+08 0.0181737
4.47796e+08 0.0181828
4.47941e+08 0.0181645
4.47952e+08 0.0181737
4.47986e+08 0.0181554
4.47997e+08 0.0181554
4.48165e+08 0.0183031
4.48254e+08 0.0182938
4.48254e+08 0.0182938
4.48254e+08 0.0182938
4.48254e+08 0.0182938
4.48254e+08 0.0182938
4.48277e+08 0.0183311
4.48277e+08 0.0188403
4.48277e+08 0.0188403
4.48299e+08 0.0188788
4.48299e+08 0.0188788
4.48321e+08 0.0188595
4.48321e+08 0.0188595
4.48422e+08 0.018802
4.48523e+08 0.0188019
4.48523e+08 0.0188019
4.48635e+08 0.0187447
4.48635e+08 0.0187447
4.48646e+08 0.0187352
4.48646e+08 0.0187352
4.4868e+08 0.0187257
4.4868e+08 0.0187257
4.70328e+08 0.0181894
4.7054e+08 0.0181626
4.7054e+08 0.0181626
4.7054e+08 0.0181626
4.7054e+08 0.0181626
4.70552e+08 0.0181536
4.70552e+08 0.0181536
4.70552e+08 0.0181536
4.70552e+08 0.0181626
4.70563e+08 0.0181626
4.70585e+08 0.0181448
4.70708e+08 0.0181625
4.70708e+08 0.0181715
4.70708e+08 0.0181983
4.70719e+08 0.0181983
4.70853e+08 0.0182252
4.70909e+08 0.0182522
4.70909e+08 0.0182522
4.70909e+08 0.0182522
4.70909e+08 0.0182522
4.70909e+08 0.0182522
4.70909e+08 0.0182703
4.70909e+08 0.0182703
4.70932e+08 0.0187455
4.70932e+08 0.0187455
4.70977e+08 0.018727
4.70988e+08 0.0187178
4.70999e+08 0.018727
4.70999e+08 0.018727
4.71133e+08 0.0186994
4.71223e+08 0.0187085
4.71301e+08 0.0186442
4.71357e+08 0.01869
4.71357e+08 0.01869
4.71357e+08 0.0186992
4.71357e+08 0.0186992
4.71369e+08 0.0187177
4.71369e+08 0.0187177
4.93572e+08 0.0182706
4.93717e+08 0.0183235
4.93717e+08 0.0183235
4.93717e+08 0.0183235
4.93717e+08 0.0183235
4.93762e+08 0.018297
4.93762e+08 0.018297
4.93773e+08 0.0182882
4.93796e+08 0.0182706
4.93796e+08 0.0182794
4.93796e+08 0.018297
4.93818e+08 0.0183766
4.93818e+08 0.0183766
4.93863e+08 0.0183412
4.93874e+08 0.0183412
4.93908e+08 0.0184212
4.93908e+08 0.018466
4.93908e+08 0.018466
4.93908e+08 0.018466
4.93919e+08 0.018457
4.93919e+08 0.018457
4.93952e+08 0.0184301
4.93952e+08 0.0184301
4.94031e+08 0.0183855
4.94042e+08 0.0188602
4.94053e+08 0.0188511
4.94176e+08 0.0187876
4.94176e+08 0.0187966
4.94198e+08 0.0187876
4.9421e+08 0.0187785
4.94333e+08 0.0187876
4.94433e+08 0.0187785
4.94534e+08 0.0187603
4.94534e+08 0.0188057
4.94534e+08 0.0188057
4.94534e+08 0.0188057
4.94534e+08 0.0188057
4.94534e+08 0.0188148
4.94534e+08 0.0188148
5.17654e+08 0.0180985
5.17755e+08 0.0181322
5.17755e+08 0.0181322
5.17755e+08 0.0181322
5.17755e+08 0.0181322
5.17755e+08 0.018166
5.17755e+08 0.018166
5.17766e+08 0.018166
5.17766e+08 0.018183
5.17766e+08 0.018183
5.17789e+08 0.018166
5.17822e+08 0.0181575
5.17845e+08 0.0181406
5.17878e+08 0.0181491
5.17878e+08 0.0181575
5.17945e+08 0.0181322
5.17945e+08 0.0181322
5.17945e+08 0.0181322
5.17979e+08 0.0181069
5.18001e+08 0.0180985
5.18024e+08 0.0180818
5.1808e+08 0.018065
5.18091e+08 0.0180566
5.18091e+08 0.0181153
5.18091e+08 0.0181238
5.18091e+08 0.0181322
5.18091e+08 0.0185971
5.1827e+08 0.018554
5.18281e+08 0.0185454
5.18292e+08 0.018554
5.18314e+08 0.0185454
5.18359e+08 0.0186057
5.1846e+08 0.0186056
5.18561e+08 0.0186057
5.18595e+08 0.0185798
5.18595e+08 0.0185798
5.18617e+08 0.0185626
5.18617e+08 0.0185626
5.18617e+08 0.0185626
5.18628e+08 0.0185539
5.42106e+08 0.018282
5.42185e+08 0.0182988
5.42185e+08 0.0182988
5.42185e+08 0.0182988
5.42185e+08 0.0182988
5.42185e+08 0.0182988
5.42185e+08 0.0182988
5.4223e+08 0.0182736
5.4223e+08 0.0182736
5.4223e+08 0.0182736
5.42252e+08 0.0182736
5.42263e+08 0.0182904
5.42297e+08 0.018282
5.42297e+08 0.0183071
5.4233e+08 0.018282
5.42398e+08 0.018282
5.42409e+08 0.0182736
5.42409e+08 0.0182736
5.42409e+08 0.0182987
5.4242e+08 0.0183071
5.42465e+08 0.0182904
5.42532e+08 0.018282
5.42532e+08 0.0182904
5.42543e+08 0.018282
5.42543e+08 0.018282
5.42543e+08 0.018282
5.42543e+08 0.018282
5.42543e+08 0.018739
5.42767e+08 0.0187048
5.42789e+08 0.0186963
5.42789e+08 0.0187048
5.428e+08 0.0187134
5.42823e+08 0.0187305
5.4298e+08 0.0186878
5.43125e+08 0.0186538
5.43159e+08 0.0186538
5.43159e+08 0.0186538
5.43159e+08 0.0186708
5.43159e+08 0.0186708
5.43159e+08 0.0186708
5.43159e+08 0.0186793
5.67265e+08 0.0182132
5.67332e+08 0.0182213
5.67343e+08 0.0182132
5.67343e+08 0.0182132
5.67343e+08 0.0182132
5.67343e+08 0.0182132
5.67365e+08 0.018197
5.67433e+08 0.0181809
5.67433e+08 0.0181809
5.67444e+08 0.0181728
5.67556e+08 0.0181086
5.67567e+08 0.0181086
5.67656e+08 0.0180687
5.67656e+08 0.0180687
5.67701e+08 0.0180607
5.67768e+08 0.0180607
5.67768e+08 0.0180687
5.67779e+08 0.0180607
5.67779e+08 0.0180607
5.67802e+08 0.0180528
5.67802e+08 0.0180846
5.67824e+08 0.0181166
5.67824e+08 0.0181166
5.67824e+08 0.0181246
5.67846e+08 0.0181086
5.67858e+08 0.0181006
5.6788e+08 0.0180846
5.67891e+08 0.0180766
5.67958e+08 0.0181889
5.67958e+08 0.0186325
5.67958e+08 0.0186491
5.67958e+08 0.0186491
5.6797e+08 0.0186491
5.68059e+08 0.0185995
5.68149e+08 0.0186492
5.68361e+08 0.0185995
5.68395e+08 0.0185996
5.68406e+08 0.0185913
5.68406e+08 0.0185913
5.68406e+08 0.0185913
5.68406e+08 0.0185913
5.68406e+08 0.0185913
5.92851e+08 0.0183451
5.92941e+08 0.0183291
5.92941e+08 0.0183371
5.92941e+08 0.0183371
5.92952e+08 0.0183291
5.92952e+08 0.0183291
5.92985e+08 0.0183211
5.93075e+08 0.0183051
5.93075e+08 0.0183051
5.93097e+08 0.0182971
5.93153e+08 0.0183371
5.93153e+08 0.0183451
5.93276e+08 0.0183211
5.93287e+08 0.0183131
5.93399e+08 0.0182653
5.93399e+08 0.0183131
5.93422e+08 0.0182971
5.93444e+08 0.0182892
5.93444e+08 0.0182892
5.93455e+08 0.0182971
5.93478e+08 0.0182812
5.93489e+08 0.0182892
5.93489e+08 0.0182892
5.93489e+08 0.0182892
5.93489e+08 0.0183051
5.93489e+08 0.0183131
5.935e+08 0.0183211
5.935e+08 0.018329
5.93567e+08 0.018329
5.93601e+08 0.0183051
5.93601e+08 0.0187409
5.93601e+08 0.0187409
5.93601e+08 0.0187409
5.93612e+08 0.0187409
5.93679e+08 0.0187573
5.93758e+08 0.0187655
5.93948e+08 0.018782
5.94015e+08 0.0187573
5.94026e+08 0.0187573
5.94026e+08 0.0187573
5.94026e+08 0.0187573
5.94026e+08 0.0187573
5.94026e+08 0.0187573
6.19292e+08 0.0181752
6.19325e+08 0.0182137
6.19325e+08 0.0182137
6.19325e+08 0.0182137
6.19336e+08 0.0182138
6.19348e+08 0.0182061
6.19404e+08 0.0181906
6.19817e+08 0.0179701
6.1984e+08 0.017955
6.1984e+08 0.01797
6.19873e+08 0.0179851
6.19873e+08 0.0179851
6.19873e+08 0.0180682
6.19873e+08 0.0180758
6.19885e+08 0.0181444
6.19885e+08 0.0181444
6.19885e+08 0.0181598
6.19907e+08 0.0181598
6.19918e+08 0.0181521
6.19918e+08 0.0181598
6.19929e+08 0.0181674
6.19941e+08 0.0181674
6.19952e+08 0.0181597
6.19952e+08 0.0181597
6.19952e+08 0.0181597
6.19974e+08 0.0181444
6.19986e+08 0.0181444
6.19986e+08 0.0181444
6.19997e+08 0.0181828
6.19997e+08 0.0182059
6.19997e+08 0.0182059
6.19997e+08 0.0182059
6.19997e+08 0.0186293
6.19997e+08 0.0186293
6.19997e+08 0.0186372
6.2003e+08 0.018661
6.20053e+08 0.0187007
6.20142e+08 0.0187724
6.20322e+08 0.0186927
6.20366e+08 0.0186688
6.20366e+08 0.0186688
6.20377e+08 0.0186609
6.20377e+08 0.0186609
6.204e+08 0.0186451
6.27251e+08 0.0617775
6.27251e+08 0.0620396
6.27251e+08 0.0620396
