5.36224e+06 0.00208453
8.82593e+06 0.00322658
9.77589e+06 0.00506424
1.01678e+07 0.0166577
1.12742e+07 0.0149175
1.29712e+07 0.00797291
1.31054e+07 0.0114133
1.3653e+07 0.0140944
1.46937e+07 0.0194643
1.50403e+07 0.0173278
1.51297e+07 0.0220833
1.61021e+07 0.0182533
1.74783e+07 0.0160542
1.79478e+07 0.0153752
1.79478e+07 0.0158629
1.93003e+07 0.0139776
1.93786e+07 0.0170548
2.11555e+07 0.0151959
2.14019e+07 0.0161773
2.1402e+07 0.0161773
2.28775e+07 0.0156212
2.29557e+07 0.0156211
2.29557e+07 0.0187453
2.53211e+07 0.0160975
2.56236e+07 0.0158837
2.56236e+07 0.0158837
2.70994e+07 0.0158827
2.71106e+07 0.016139
2.71217e+07 0.0160957
2.71441e+07 0.0186781
2.96048e+07 0.0182625
2.99067e+07 0.0182647
2.99068e+07 0.0182647
3.16954e+07 0.0170213
3.1729e+07 0.016939
3.18072e+07 0.0166964
3.18632e+07 0.0165778
3.44805e+07 0.016045
3.44806e+07 0.018337
3.47825e+07 0.0183369
3.49949e+07 0.0175715
3.70183e+07 0.0167968
3.70407e+07 0.0168321
3.71636e+07 0.0166917
3.72196e+07 0.0166916
3.98932e+07 0.0165183
3.99267e+07 0.0164166
3.99267e+07 0.0184686
4.05193e+07 0.017533
4.06199e+07 0.0178814
4.2375e+07 0.0187769
4.24645e+07 0.0185447
4.26545e+07 0.0183183
4.28446e+07 0.0178813
4.60369e+07 0.0163717
4.60369e+07 0.0164615
4.60481e+07 0.0164314
4.65065e+07 0.0167995
4.66855e+07 0.0181246
4.67414e+07 0.0182569
4.88318e+07 0.0173088
4.88877e+07 0.0173992
4.89771e+07 0.017676
4.9469e+07 0.0168709
5.26908e+07 0.0167959
5.26908e+07 0.0167959
5.27356e+07 0.0167116
5.29817e+07 0.0172597
5.35741e+07 0.0162235
5.35741e+07 0.0178459
5.36412e+07 0.017817
5.55863e+07 0.0182003
5.55863e+07 0.0183522
5.5754e+07 0.0181403
5.60447e+07 0.0186953
5.99445e+07 0.0169477
5.99446e+07 0.0169477
5.99781e+07 0.0169739
6.03249e+07 0.0167412
6.0772e+07 0.0170793
6.09285e+07 0.0167159
6.09844e+07 0.0167414
6.09844e+07 0.0182633
6.30861e+07 0.017882
6.31308e+07 0.017776
6.32761e+07 0.0178288
6.41144e+07 0.0166188
6.7672e+07 0.0173551
6.7672e+07 0.0173551
6.77391e+07 0.0172801
6.85555e+07 0.0162942
6.8902e+07 0.0164958
6.8902e+07 0.0168195
6.89243e+07 0.0168905
6.89243e+07 0.0168905
6.89244e+07 0.018298
7.10596e+07 0.0182211
7.1339e+07 0.0177
7.15403e+07 0.0175804
7.20991e+07 0.0181957
7.58804e+07 0.0176997
7.58804e+07 0.0176997
7.59028e+07 0.0177966
7.72334e+07 0.0167421
7.73228e+07 0.0172531
7.73564e+07 0.0171847
7.73564e+07 0.0172302
7.73899e+07 0.017162
7.74459e+07 0.0170494
7.74906e+07 0.018265
7.98157e+07 0.0178689
8.01065e+07 0.0178459
8.052e+07 0.0174239
8.05759e+07 0.0184576
8.48491e+07 0.0174453
8.48491e+07 0.0174453
8.48491e+07 0.017489
8.61911e+07 0.0174668
8.63588e+07 0.0173156
8.63588e+07 0.0173801
8.63699e+07 0.0173585
8.64259e+07 0.0173156
8.65041e+07 0.0172728
8.6616e+07 0.0171458
8.89858e+07 0.0170622
8.89858e+07 0.0182809
8.95112e+07 0.0178249
8.96677e+07 0.0183257
8.97683e+07 0.0182366
9.43212e+07 0.0176982
9.43212e+07 0.0176982
9.43547e+07 0.0176357
9.58084e+07 0.0174308
9.58644e+07 0.0176357
9.59203e+07 0.0175326
9.59203e+07 0.0175531
9.60992e+07 0.0173299
9.61328e+07 0.0174103
9.62446e+07 0.0174104
9.8827e+07 0.0170344
9.8827e+07 0.0170344
9.8827e+07 0.01817
9.90617e+07 0.018723
9.93187e+07 0.018528
9.9464e+07 0.0184425
1.04431e+08 0.0176878
1.04431e+08 0.0176878
1.04475e+08 0.0176682
1.05896e+08 0.0177268
1.06231e+08 0.0172489
1.06242e+08 0.0173236
1.06276e+08 0.0172675
1.06298e+08 0.0175326
1.06298e+08 0.0175903
1.06567e+08 0.0173236
1.09305e+08 0.0170649
1.09384e+08 0.0169384
1.09518e+08 0.0167259
1.09551e+08 0.0170467
1.09585e+08 0.0180544
1.09607e+08 0.0184663
1.09674e+08 0.0186077
1.1511e+08 0.0177895
1.15111e+08 0.0177895
1.15155e+08 0.0177895
1.16654e+08 0.0176601
1.17045e+08 0.0175688
1.17045e+08 0.017587
1.17045e+08 0.0176417
1.17056e+08 0.0176601
1.17179e+08 0.0174604
1.17448e+08 0.0174606
1.20433e+08 0.0170746
1.20444e+08 0.0171781
1.205e+08 0.0173005
1.20522e+08 0.0173181
1.20555e+08 0.0173181
1.206e+08 0.0182624
1.20678e+08 0.0181702
1.20913e+08 0.0178992
1.26316e+08 0.0179524
1.26316e+08 0.0179524
1.26405e+08 0.017881
1.28005e+08 0.0177225
1.28452e+08 0.0176355
1.28452e+08 0.0176355
1.28452e+08 0.0176355
1.28452e+08 0.0176527
1.28653e+08 0.0175325
1.28866e+08 0.0176182
1.31906e+08 0.0175325
1.32018e+08 0.0173801
1.32018e+08 0.0174645
1.32074e+08 0.0174138
1.32119e+08 0.0173969
1.32208e+08 0.0173299
1.32208e+08 0.0174475
1.32298e+08 0.0182751
1.32409e+08 0.0184705
1.38137e+08 0.0179636
1.38137e+08 0.0179636
1.38193e+08 0.0180147
1.39904e+08 0.0178454
1.40396e+08 0.0177786
1.40418e+08 0.0177454
1.40429e+08 0.0177288
1.4044e+08 0.0177122
1.40653e+08 0.0176958
1.411e+08 0.0173563
1.44085e+08 0.017436
1.44085e+08 0.0175975
1.44085e+08 0.0175975
1.44096e+08 0.0176629
1.44096e+08 0.0177289
1.44241e+08 0.0176465
1.44241e+08 0.0176465
1.4451e+08 0.0173881
1.44532e+08 0.0182698
1.44565e+08 0.0183874
1.50539e+08 0.0180226
1.50561e+08 0.0179901
1.50606e+08 0.0180063
1.52418e+08 0.0178615
1.52954e+08 0.0177978
1.53033e+08 0.0177189
1.53055e+08 0.0177032
1.53267e+08 0.0174255
1.53647e+08 0.0172007
1.54363e+08 0.0168528
1.56778e+08 0.0176097
1.56811e+08 0.0175634
1.56822e+08 0.0175479
1.56822e+08 0.0175634
1.57091e+08 0.0172008
1.57202e+08 0.0172454
1.57202e+08 0.0172454
1.57314e+08 0.0174561
1.57381e+08 0.0173953
1.57381e+08 0.0174408
1.57404e+08 0.018281
1.63556e+08 0.0180295
1.63556e+08 0.0180605
1.63578e+08 0.0180917
1.6539e+08 0.0180916
1.66117e+08 0.0178303
1.66229e+08 0.0177849
1.66251e+08 0.0177849
1.66542e+08 0.0176802
1.66721e+08 0.0179522
1.67447e+08 0.0179369
1.69828e+08 0.017983
1.69828e+08 0.0180293
1.69828e+08 0.0180448
1.69828e+08 0.0180448
1.70108e+08 0.0180293
1.70108e+08 0.0181854
1.70108e+08 0.0181854
1.70298e+08 0.0180759
1.70298e+08 0.0181697
1.70354e+08 0.0180915
1.70376e+08 0.0180915
1.70376e+08 0.018953
1.76707e+08 0.0186952
1.76707e+08 0.0186951
1.7673e+08 0.0186951
1.78843e+08 0.0182757
1.79447e+08 0.0184443
1.79984e+08 0.0178746
1.79995e+08 0.0178892
1.80163e+08 0.0180507
1.80297e+08 0.0181102
1.80744e+08 0.0184908
1.83282e+08 0.0182758
1.83282e+08 0.0182758
1.83282e+08 0.0182758
1.83382e+08 0.0181402
1.83718e+08 0.0180657
1.83773e+08 0.0179918
1.83773e+08 0.0179918
1.83796e+08 0.0182153
1.83829e+08 0.0181701
1.83829e+08 0.0182455
1.83841e+08 0.0182606
1.83919e+08 0.0181551
1.90507e+08 0.0178166
1.90507e+08 0.0186264
1.90507e+08 0.0186264
1.9053e+08 0.0186264
1.92677e+08 0.0185812
1.93516e+08 0.0182711
1.94187e+08 0.0180986
1.94187e+08 0.0181129
1.94198e+08 0.0183148
1.94276e+08 0.018388
1.94757e+08 0.018344
1.97339e+08 0.0182857
1.97339e+08 0.0182857
1.97339e+08 0.0182857
1.97439e+08 0.0182858
1.97808e+08 0.0182421
1.97808e+08 0.0183148
1.9782e+08 0.0183002
1.97842e+08 0.0183002
1.9792e+08 0.0182422
1.97931e+08 0.0182277
1.97931e+08 0.0182421
1.97943e+08 0.0183294
2.04744e+08 0.0180557
2.04744e+08 0.0180557
2.04744e+08 0.0188407
2.04777e+08 0.0187965
2.048e+08 0.0187965
2.0717e+08 0.0185064
2.08132e+08 0.0183508
2.08736e+08 0.0184353
2.08747e+08 0.0184212
2.08747e+08 0.0184353
2.08859e+08 0.0183929
2.09395e+08 0.0183227
2.1191e+08 0.018407
2.11989e+08 0.0183087
2.12e+08 0.0182948
2.12e+08 0.0184211
2.12369e+08 0.0184211
2.12402e+08 0.0183788
2.12436e+08 0.0183507
2.12436e+08 0.0183788
2.12548e+08 0.0183366
2.12559e+08 0.0183366
2.1257e+08 0.0183226
2.1257e+08 0.0183366
2.19561e+08 0.0181013
2.19595e+08 0.0180605
2.19617e+08 0.0180333
2.19617e+08 0.018074
2.19617e+08 0.0188271
2.19617e+08 0.0188555
2.22268e+08 0.0185064
2.23285e+08 0.018438
2.23867e+08 0.0184654
2.23878e+08 0.0184654
2.2399e+08 0.01833
2.2428e+08 0.0181174
2.24604e+08 0.0183704
2.27153e+08 0.01833
2.27242e+08 0.0183166
2.27242e+08 0.01833
2.27243e+08 0.01833
2.27511e+08 0.0184517
2.27589e+08 0.0183973
2.27589e+08 0.018438
2.27612e+08 0.0184109
2.27679e+08 0.0184653
2.27735e+08 0.0184109
2.27735e+08 0.0184245
2.27735e+08 0.0184245
2.34838e+08 0.0182895
2.34871e+08 0.0182895
2.34871e+08 0.0183163
2.34871e+08 0.0183163
2.34871e+08 0.0183163
2.34905e+08 0.0190071
2.34905e+08 0.0190071
2.37924e+08 0.0185593
2.39054e+08 0.0184277
2.39713e+08 0.0183368
2.39836e+08 0.0182084
2.39914e+08 0.0182467
2.40205e+08 0.0182466
2.40909e+08 0.0178213
2.42776e+08 0.018599
2.42944e+08 0.0185064
2.42966e+08 0.01848
2.42977e+08 0.0184669
2.43469e+08 0.0182082
2.43514e+08 0.0182466
2.43536e+08 0.018221
2.43536e+08 0.0182466
2.4357e+08 0.0182851
2.43671e+08 0.0182338
2.43671e+08 0.0182338
2.43704e+08 0.0181955
2.50841e+08 0.0181572
2.50841e+08 0.0181953
2.50841e+08 0.0181953
2.50841e+08 0.0181953
2.50875e+08 0.0181572
2.50875e+08 0.0181953
2.50897e+08 0.0181699
2.50919e+08 0.0188424
2.54151e+08 0.0185958
2.55493e+08 0.0183555
2.55929e+08 0.0186085
2.56074e+08 0.018583
2.56152e+08 0.018583
2.56532e+08 0.0184812
2.57259e+08 0.0184559
2.59159e+08 0.018418
2.59238e+08 0.0185191
2.59361e+08 0.0184055
2.59361e+08 0.0184181
2.59953e+08 0.0183056
2.60043e+08 0.0182561
2.60065e+08 0.0182561
2.60099e+08 0.0182191
2.60121e+08 0.0182315
2.60221e+08 0.0182315
2.60233e+08 0.0182192
2.60389e+08 0.0180849
2.67392e+08 0.0182312
2.67392e+08 0.0182312
2.67392e+08 0.0182312
2.67392e+08 0.0182312
2.67392e+08 0.0182682
2.67392e+08 0.0182682
2.67403e+08 0.0182806
2.67459e+08 0.0182435
2.6747e+08 0.0189064
2.71004e+08 0.0185679
2.72838e+08 0.0180414
2.73095e+08 0.0182293
2.73095e+08 0.0183849
2.73117e+08 0.0184455
2.73631e+08 0.0183008
2.74112e+08 0.0185678
2.7608e+08 0.0184942
2.76113e+08 0.0185431
2.76258e+08 0.0185186
2.76314e+08 0.0184575
2.77253e+08 0.018088
2.7732e+08 0.0181114
2.7732e+08 0.0181349
2.77343e+08 0.0181466
2.77399e+08 0.0181114
2.77399e+08 0.0182174
2.7741e+08 0.0182174
2.77589e+08 0.0181937
2.84592e+08 0.0181935
2.84592e+08 0.0181935
2.84592e+08 0.0181935
2.84592e+08 0.0181935
2.84592e+08 0.0181935
2.84592e+08 0.0181935
2.84592e+08 0.0182054
2.84592e+08 0.0182648
2.84592e+08 0.0182767
2.88461e+08 0.0179255
2.88461e+08 0.0185657
2.90339e+08 0.0185183
2.90518e+08 0.0186015
2.90552e+08 0.0185657
2.90585e+08 0.0185538
2.91245e+08 0.0184007
2.91524e+08 0.0186133
2.93537e+08 0.0185656
2.93592e+08 0.0185419
2.93727e+08 0.0185537
2.93827e+08 0.0185063
2.95001e+08 0.0182617
2.95034e+08 0.0182963
2.95101e+08 0.0182273
2.95101e+08 0.0182502
2.95135e+08 0.0182732
2.95169e+08 0.0182387
2.9518e+08 0.0182387
2.9537e+08 0.0182273
3.0234e+08 0.0182615
3.0234e+08 0.0182615
3.0234e+08 0.0182615
3.0234e+08 0.0182615
3.0234e+08 0.0182615
3.02373e+08 0.018227
3.02373e+08 0.018227
3.02373e+08 0.018227
3.02384e+08 0.0182156
3.06432e+08 0.0180342
3.06454e+08 0.0180119
3.06466e+08 0.0186214
3.08344e+08 0.0186212
3.08612e+08 0.0185292
3.08612e+08 0.0185636
3.08758e+08 0.0184494
3.0925e+08 0.0186213
3.09619e+08 0.0185293
3.11776e+08 0.0183816
3.11776e+08 0.0184381
3.11933e+08 0.0184155
3.12525e+08 0.0179312
3.13173e+08 0.0184495
3.13185e+08 0.0184723
3.13352e+08 0.0183704
3.13375e+08 0.018348
3.13375e+08 0.0183817
3.13431e+08 0.0183592
3.13464e+08 0.0183368
3.13554e+08 0.0184382
3.20736e+08 0.0182251
3.20736e+08 0.0182251
3.20736e+08 0.0182251
3.20736e+08 0.0182251
3.20747e+08 0.0182141
3.20781e+08 0.0182141
3.20781e+08 0.0182141
3.20781e+08 0.0182141
3.20792e+08 0.0182141
3.25007e+08 0.0180496
3.25041e+08 0.0180387
3.25052e+08 0.0180387
3.27378e+08 0.017615
3.27378e+08 0.0182021
3.27613e+08 0.0182342
3.27613e+08 0.0182342
3.27736e+08 0.0182557
3.28004e+08 0.0184733
3.28283e+08 0.0185618
3.30787e+08 0.0182236
3.30888e+08 0.0181277
3.31112e+08 0.0180643
3.3138e+08 0.0183749
3.3195e+08 0.0184514
3.32028e+08 0.0183857
3.32118e+08 0.0184624
3.3214e+08 0.0184623
3.32151e+08 0.0184513
3.32241e+08 0.0184185
3.32274e+08 0.0184185
3.32386e+08 0.0183966
3.39736e+08 0.0182341
3.39736e+08 0.0182341
3.39736e+08 0.0182341
3.39736e+08 0.0182341
3.3977e+08 0.0182126
3.3977e+08 0.0182448
3.3977e+08 0.0182448
3.3977e+08 0.0182448
3.39803e+08 0.0182233
3.44041e+08 0.0182019
3.4422e+08 0.0180639
3.44243e+08 0.0180534
3.4668e+08 0.0179488
3.46792e+08 0.0178454
3.46848e+08 0.0183682
3.47127e+08 0.0183261
3.47172e+08 0.0182842
3.47172e+08 0.0183999
3.47261e+08 0.0185708
3.47507e+08 0.0186032
3.5057e+08 0.0180778
3.5057e+08 0.0181702
3.50615e+08 0.0183368
3.50671e+08 0.0185387
3.51375e+08 0.0184107
3.51397e+08 0.0184638
3.5142e+08 0.018528
3.51442e+08 0.018528
3.51476e+08 0.0185065
3.51498e+08 0.0185709
3.51532e+08 0.0185709
3.51789e+08 0.0184319
3.5934e+08 0.0182425
3.5934e+08 0.0182425
3.5934e+08 0.0182425
3.5934e+08 0.0182425
3.5934e+08 0.0182737
3.5934e+08 0.0182737
3.59341e+08 0.0182737
3.59341e+08 0.0182737
3.59363e+08 0.0182841
3.63724e+08 0.0181699
3.64014e+08 0.0180672
3.64026e+08 0.0180775
3.6634e+08 0.0181905
3.66541e+08 0.0181081
3.66698e+08 0.0180163
3.66899e+08 0.0180876
3.6691e+08 0.0186423
3.671e+08 0.0185063
3.671e+08 0.0185063
3.67145e+08 0.018548
3.67268e+08 0.0186635
3.7042e+08 0.0185794
3.7051e+08 0.0184961
3.7051e+08 0.0185376
3.707e+08 0.0184135
3.71091e+08 0.0187058
3.71147e+08 0.018674
3.71326e+08 0.0185273
3.71415e+08 0.0184651
3.71415e+08 0.0184961
3.7146e+08 0.0184754
3.71482e+08 0.0184858
3.71818e+08 0.0184135
3.79504e+08 0.0182908
3.79504e+08 0.0182908
3.79504e+08 0.0182908
3.79504e+08 0.0182908
3.79504e+08 0.0182908
3.79504e+08 0.0182908
3.79515e+08 0.0182807
3.79515e+08 0.0182807
3.79526e+08 0.0182908
3.84044e+08 0.0181499
3.84368e+08 0.01812
3.84379e+08 0.01812
3.86682e+08 0.0181299
3.86917e+08 0.0181001
3.87174e+08 0.0180112
3.87331e+08 0.0180505
3.87353e+08 0.0180407
3.87353e+08 0.0185873
3.87476e+08 0.0186485
3.87499e+08 0.0186281
3.87499e+08 0.018669
3.8761e+08 0.0186793
3.90371e+08 0.0190455
3.91075e+08 0.0184763
3.91131e+08 0.0184262
3.91266e+08 0.0184763
3.91668e+08 0.0184662
3.91713e+08 0.0184763
3.91735e+08 0.0186179
3.91914e+08 0.0185367
3.91981e+08 0.0184763
3.91981e+08 0.0185165
3.91981e+08 0.0185367
3.92328e+08 0.0185266
4.00271e+08 0.0182971
4.00271e+08 0.0182971
4.00271e+08 0.0182971
4.00271e+08 0.0182971
4.00271e+08 0.0182971
4.00271e+08 0.0182971
4.00271e+08 0.0183069
4.00293e+08 0.0182873
4.00305e+08 0.0182873
4.04979e+08 0.0181505
4.05314e+08 0.0181409
4.05325e+08 0.0181409
4.07685e+08 0.0180925
4.07919e+08 0.0180925
4.08288e+08 0.0179967
4.08367e+08 0.0180637
4.08367e+08 0.0180829
4.08411e+08 0.0180445
4.08467e+08 0.0181021
4.08467e+08 0.0186345
4.08501e+08 0.0186246
4.08501e+08 0.0186246
4.08579e+08 0.0186544
4.11485e+08 0.018526
4.12167e+08 0.0185457
4.12256e+08 0.0185162
4.12491e+08 0.0184285
4.12782e+08 0.018526
4.12793e+08 0.0185555
4.1286e+08 0.0185162
4.13039e+08 0.0185162
4.13106e+08 0.0185161
4.13117e+08 0.0185063
4.13162e+08 0.0184673
4.13497e+08 0.0184771
4.21631e+08 0.0183126
4.21631e+08 0.0183126
4.21631e+08 0.0183125
4.21631e+08 0.0183125
4.21631e+08 0.0183125
4.21631e+08 0.0183125
4.21631e+08 0.0183125
4.21631e+08 0.0183317
4.21631e+08 0.0183413
4.26484e+08 0.0181887
4.26685e+08 0.0183029
4.26707e+08 0.0182933
4.29268e+08 0.0181228
4.29548e+08 0.0180853
4.29917e+08 0.0180853
4.30028e+08 0.0180574
4.30028e+08 0.0180574
4.30028e+08 0.0180947
4.3004e+08 0.0181322
4.3004e+08 0.0181322
4.30051e+08 0.0186406
4.30084e+08 0.0186406
4.30107e+08 0.0186213
4.30151e+08 0.0186503
4.33471e+08 0.0182995
4.33851e+08 0.0185541
4.33963e+08 0.018535
4.34209e+08 0.0185255
4.34623e+08 0.0184211
4.34723e+08 0.018346
4.34734e+08 0.0183929
4.34734e+08 0.0185445
4.34913e+08 0.0184495
4.34958e+08 0.0184212
4.35047e+08 0.0183835
4.35282e+08 0.0184684
4.43584e+08 0.0183272
4.43584e+08 0.0183272
4.43606e+08 0.0183085
4.43606e+08 0.0183085
4.43606e+08 0.0183085
4.43617e+08 0.0182992
4.43617e+08 0.0182992
4.43617e+08 0.0182992
4.43651e+08 0.0182713
4.48582e+08 0.0182067
4.48828e+08 0.0181699
4.4885e+08 0.0181699
4.51467e+08 0.0181241
4.52004e+08 0.0179166
4.52227e+08 0.0180333
4.52227e+08 0.0181241
4.52249e+08 0.0181059
4.52249e+08 0.0181059
4.52249e+08 0.018115
4.52249e+08 0.018115
4.52261e+08 0.018115
4.52261e+08 0.0181423
4.52272e+08 0.0186369
4.52272e+08 0.0186557
4.52328e+08 0.0186463
4.5615e+08 0.0182328
4.56318e+08 0.0184051
4.56329e+08 0.0184879
4.56553e+08 0.0185063
4.57101e+08 0.018396
4.57134e+08 0.018451
4.57134e+08 0.0184602
4.57157e+08 0.0184418
4.57291e+08 0.0184787
4.57347e+08 0.0184695
4.57425e+08 0.0184787
4.57861e+08 0.018314
4.6614e+08 0.018332
4.6614e+08 0.018332
4.66151e+08 0.0183411
4.66163e+08 0.018332
4.66163e+08 0.018332
4.66163e+08 0.0183411
4.66163e+08 0.0183411
4.66163e+08 0.0183411
4.66196e+08 0.0183411
4.71295e+08 0.0182057
4.71451e+08 0.0182776
4.71507e+08 0.0182505
4.74236e+08 0.018161
4.74851e+08 0.0180988
4.75018e+08 0.0181431
4.75018e+08 0.0181431
4.75018e+08 0.0181609
4.75052e+08 0.0181342
4.75052e+08 0.0181342
4.75052e+08 0.0181342
4.75052e+08 0.0181431
4.75074e+08 0.0181253
4.75074e+08 0.0181342
4.75086e+08 0.0186152
4.75086e+08 0.0186152
4.75197e+08 0.0185697
4.79121e+08 0.0184883
4.79244e+08 0.0185244
4.79288e+08 0.0184973
4.79411e+08 0.0185788
4.80004e+08 0.0185425
4.80037e+08 0.0185425
4.80049e+08 0.0185334
4.80071e+08 0.0185334
4.80261e+08 0.0184883
4.80272e+08 0.0185244
4.80362e+08 0.0185154
4.81021e+08 0.0183367
4.8929e+08 0.0183454
4.8929e+08 0.0183454
4.89301e+08 0.0183454
4.89301e+08 0.0183543
4.89301e+08 0.0183543
4.89301e+08 0.0183543
4.89301e+08 0.0183543
4.89301e+08 0.0183543
4.89301e+08 0.0183809
4.94534e+08 0.0182748
4.94713e+08 0.0182572
4.94802e+08 0.0182309
4.97575e+08 0.018196
4.98235e+08 0.0181612
4.98414e+08 0.0181525
4.98414e+08 0.0181525
4.98425e+08 0.0181438
4.9847e+08 0.0181352
4.98481e+08 0.0181265
4.98514e+08 0.0181006
4.98514e+08 0.0181006
4.98548e+08 0.018092
4.98548e+08 0.018092
4.98559e+08 0.018092
4.98559e+08 0.0185681
4.98559e+08 0.0185681
4.98704e+08 0.0185417
5.02952e+08 0.0182894
5.02997e+08 0.0183496
5.03019e+08 0.0183669
5.03041e+08 0.0184451
5.03466e+08 0.0185769
5.03511e+08 0.0185681
5.03511e+08 0.0185769
5.03533e+08 0.0185769
5.03813e+08 0.0185064
5.03835e+08 0.0184976
5.04003e+08 0.0184364
5.04551e+08 0.018524
5.13009e+08 0.0183754
5.13009e+08 0.0183754
5.1302e+08 0.0183755
5.1302e+08 0.0183755
5.1302e+08 0.0183755
5.1302e+08 0.0183755
5.1302e+08 0.0183755
5.1302e+08 0.0183755
5.13021e+08 0.0183754
5.18365e+08 0.0182892
5.18544e+08 0.0182892
5.18846e+08 0.0181277
5.21407e+08 0.0182892
5.21932e+08 0.0183927
5.22413e+08 0.0181615
5.22458e+08 0.0181277
5.2248e+08 0.0181193
5.22536e+08 0.0181109
5.22536e+08 0.0181193
5.22547e+08 0.0181362
5.22547e+08 0.0181362
5.22547e+08 0.0181615
5.22547e+08 0.0181615
5.22547e+08 0.01817
5.22547e+08 0.01817
5.22592e+08 0.0181362
5.22603e+08 0.0185925
5.22782e+08 0.0185666
5.26996e+08 0.0185925
5.27007e+08 0.0186184
5.27007e+08 0.0186358
5.27074e+08 0.018601
5.27555e+08 0.0185579
5.27756e+08 0.0184381
5.27846e+08 0.0183703
5.27913e+08 0.0183366
5.28069e+08 0.0184296
5.28114e+08 0.0184126
5.28472e+08 0.0182697
5.28695e+08 0.018515
5.3731e+08 0.0183956
5.37322e+08 0.0183872
5.37333e+08 0.0183871
5.37333e+08 0.0183871
5.37333e+08 0.0183871
5.37333e+08 0.0183871
5.37333e+08 0.0183871
5.37333e+08 0.0183871
5.37355e+08 0.0183702
5.42834e+08 0.0182695
5.42856e+08 0.0183871
5.43483e+08 0.0181452
5.45865e+08 0.0182778
5.46625e+08 0.0181041
5.46725e+08 0.0183871
5.46792e+08 0.0183702
5.46859e+08 0.0183365
5.46859e+08 0.0183786
5.47105e+08 0.0181947
5.47105e+08 0.018203
5.47105e+08 0.018203
5.47105e+08 0.018203
5.47105e+08 0.018203
5.47117e+08 0.0181947
5.47128e+08 0.0181864
5.47172e+08 0.0181864
5.47184e+08 0.0181864
5.47284e+08 0.0185651
5.47452e+08 0.0185735
5.5161e+08 0.0186157
5.51711e+08 0.0185483
5.51744e+08 0.0185231
5.51901e+08 0.0184565
5.52616e+08 0.0182835
5.52672e+08 0.0183902
5.52762e+08 0.0183902
5.52773e+08 0.0184315
5.5303e+08 0.0183572
5.53086e+08 0.018349
5.53309e+08 0.0184481
5.53466e+08 0.0184981
5.62227e+08 0.01839
5.62227e+08 0.0183983
5.62249e+08 0.01839
5.62249e+08 0.01839
5.62249e+08 0.01839
5.62249e+08 0.01839
5.62249e+08 0.01839
5.62249e+08 0.01839
5.62305e+08 0.0183653
5.67896e+08 0.0182833
5.67896e+08 0.0182997
5.68611e+08 0.0182345
5.7115e+08 0.0181217
5.71843e+08 0.0181699
5.71876e+08 0.0182184
5.71943e+08 0.0182184
5.71977e+08 0.0182427
5.71977e+08 0.0182427
5.72055e+08 0.0183653
5.72189e+08 0.0182671
5.72234e+08 0.0182346
5.72379e+08 0.0181298
5.72379e+08 0.0181298
5.7239e+08 0.0181298
5.72391e+08 0.0181378
5.72402e+08 0.0181619
5.72413e+08 0.0181619
5.72603e+08 0.0180977
5.72804e+08 0.0180738
5.72972e+08 0.018393
5.76683e+08 0.0187209
5.77041e+08 0.0185309
5.77052e+08 0.0185472
5.77097e+08 0.0186295
5.77913e+08 0.0185554
5.77958e+08 0.0185636
5.78259e+08 0.0184091
5.78259e+08 0.0184171
5.78483e+08 0.0184414
5.78572e+08 0.0184171
5.78606e+08 0.0185555
5.78628e+08 0.0186544
5.87724e+08 0.0184089
5.87724e+08 0.0184089
5.87758e+08 0.0184009
5.87758e+08 0.0184009
5.87758e+08 0.0184008
5.87758e+08 0.0184008
5.87758e+08 0.0184008
5.87758e+08 0.0184008
5.87803e+08 0.0184089
5.93528e+08 0.0183126
5.93539e+08 0.0183046
5.94299e+08 0.0182727
5.96938e+08 0.0182014
5.97687e+08 0.0181621
5.97698e+08 0.0181778
5.97754e+08 0.0181857
5.97799e+08 0.0181778
5.97844e+08 0.0181464
5.97967e+08 0.0181151
5.98123e+08 0.0180994
5.98168e+08 0.0180994
5.98201e+08 0.0181778
5.98201e+08 0.0181778
5.98235e+08 0.0181621
5.98235e+08 0.0181621
5.98291e+08 0.0181307
5.98302e+08 0.0181307
5.98481e+08 0.0181385
5.98637e+08 0.0181699
5.98827e+08 0.0181542
5.98827e+08 0.0185864
6.0246e+08 0.0186429
6.02852e+08 0.0186186
6.02885e+08 0.0186025
6.02919e+08 0.0186106
6.03735e+08 0.0186106
6.03735e+08 0.0186428
6.03813e+08 0.0188059
6.03903e+08 0.0187403
6.04115e+08 0.0187485
6.04406e+08 0.0186025
6.04473e+08 0.0185783
6.04506e+08 0.0185703
6.12562e+08 0.0193483
6.12562e+08 0.0193483
6.12562e+08 0.0193744
6.12562e+08 0.0193744
6.12562e+08 0.0193744
6.12562e+08 0.0193744
6.12562e+08 0.0193744
6.12562e+08 0.0193744
6.12562e+08 0.0194095
6.12753e+08 0.024996
6.12753e+08 0.0250105
6.12764e+08 0.0260251
6.13056e+08 0.0298157
6.13056e+08 0.0312686
6.13056e+08 0.0312913
6.13056e+08 0.0314056
6.13056e+08 0.0314976
6.13056e+08 0.0315902
6.13056e+08 0.0318476
6.13056e+08 0.0321812
6.13056e+08 0.0322779
6.13056e+08 0.0323507
6.13056e+08 0.0323507
6.13067e+08 0.0323995
6.13067e+08 0.0323995
6.13067e+08 0.0325222
6.13067e+08 0.0325468
6.13101e+08 0.0328702
6.13157e+08 0.0330978
6.13157e+08 0.0335367
6.13157e+08 0.0335367
6.13235e+08 0.0445997
6.13235e+08 0.0456368
6.13247e+08 0.0473058
6.13247e+08 0.0474589
6.13247e+08 0.047613
6.1328e+08 0.0515167
6.1328e+08 0.0515168
6.1328e+08 0.0519425
6.1328e+08 0.0524378
6.1328e+08 0.0536529
6.1328e+08 0.05541
6.1328e+08 0.0558323
6.1328e+08 0.0560458
6.13947e+08 0.355115
6.13958e+08 0.352336
6.1398e+08 0.346757
