156106 0
771787 0
1.37528e+06 0
1.9676e+06 0
2.55993e+06 0
3.16345e+06 0
3.73345e+06 0
4.34821e+06 0
4.91835e+06 0
5.511e+06 0
6.10401e+06 0
6.80945e+06 0
7.3236e+06 0
7.35713e+06 0
9.09553e+06 0
9.12905e+06 0
1.10186e+07 0
1.10297e+07 0
1.10409e+07 0
1.35432e+07 0
1.35544e+07 0
1.35768e+07 0
1.36215e+07 0
1.64494e+07 0
1.64717e+07 0
1.65276e+07 0
1.65835e+07 0
1.66282e+07 0
2.0178e+07 0
2.0245e+07 0
2.03233e+07 0
2.03791e+07 0
2.09603e+07 0
2.10721e+07 0
2.47896e+07 0
2.48454e+07 0
2.49013e+07 0
2.4946e+07 0
2.49684e+07 0
2.5069e+07 0
2.51137e+07 0
2.93909e+07 0
2.9458e+07 0
2.95474e+07 0
2.95809e+07 0
2.96591e+07 0
2.9715e+07 0
2.99385e+07 0
3.32807e+07 0
3.33142e+07 0
3.3426e+07 0
3.34707e+07 0
3.35154e+07 0
3.3616e+07 0
3.36831e+07 0
3.43872e+07 0
3.89546e+07 0
3.9167e+07 0
3.92229e+07 0
3.95135e+07 0
3.96253e+07 0
3.97482e+07 0
3.98488e+07 0
3.99494e+07 0
4.03182e+07 0
4.45417e+07 0
4.47429e+07 0
4.47988e+07 0
4.49553e+07 0
4.50224e+07 0
4.50671e+07 0
4.51341e+07 0
4.52012e+07 0
4.52906e+07 0
4.60171e+07 0
5.09298e+07 0
5.11198e+07 0
5.11534e+07 0
5.12092e+07 0
5.12763e+07 0
5.13322e+07 0
5.13881e+07 0
5.14328e+07 0
5.14998e+07 0
5.15669e+07 0
5.29082e+07 0
5.82852e+07 0
5.83746e+07 0
5.84529e+07 0
5.85535e+07 0
5.86429e+07 0
5.87212e+07 0
5.88106e+07 0
5.88888e+07 0
5.89783e+07 0
5.91124e+07 0
5.92353e+07 0
6.07889e+07 0
6.54228e+07 0
6.5624e+07 0
6.57805e+07 0
6.58252e+07 0
6.61718e+07 0
6.62277e+07 0
6.6373e+07 0
6.64848e+07 0
6.65295e+07 0
6.68984e+07 0
6.70437e+07 0
6.71555e+07 0
6.75578e+07 0
7.42124e+07 0
7.44807e+07 0
7.45142e+07 0
7.45477e+07 0
7.46595e+07 0
7.46819e+07 0
7.49166e+07 0
7.57997e+07 0
7.59785e+07 0
7.61461e+07 0
7.7342e+07 0
7.74762e+07 0
7.75991e+07 0
7.77109e+07 0
8.23314e+07 0
8.24543e+07 0
8.25214e+07 0
8.25549e+07 0
8.2745e+07 0
8.28009e+07 0
8.35163e+07 0
8.41198e+07 0
8.42205e+07 0
8.44887e+07 0
8.65228e+07 0
8.6601e+07 0
8.66569e+07 0
8.67463e+07 0
8.67798e+07 0
9.21807e+07 0
9.23707e+07 0
9.2449e+07 0
9.26055e+07 0
9.43155e+07 0
9.44831e+07 0
9.52096e+07 0
9.59249e+07 0
9.66625e+07 0
9.67184e+07 0
9.68078e+07 0
9.68301e+07 0
9.68413e+07 0
9.68637e+07 0
9.6886e+07 0
9.69084e+07 0
1.01876e+08 0
1.02078e+08 0
1.02268e+08 0
1.0267e+08 0
1.03218e+08 0
1.03285e+08 0
1.04078e+08 0
1.04201e+08 0
1.04425e+08 0
1.04626e+08 0
1.05956e+08 0
1.06314e+08 0
1.06548e+08 0
1.06805e+08 0
1.06906e+08 0
1.06962e+08 0
1.07085e+08 0
1.13138e+08 0
1.14266e+08 0
1.14401e+08 0
1.15563e+08 0
1.1677e+08 0
1.17195e+08 0
1.17396e+08 0
1.17452e+08 0
1.17496e+08 0
1.17519e+08 0
1.17865e+08 0
1.17999e+08 0
1.18245e+08 0
1.18301e+08 0
1.18379e+08 0
1.18424e+08 0
1.18458e+08 0
1.18536e+08 0
1.23706e+08 0
1.24432e+08 0
1.24466e+08 0
1.25896e+08 0
1.26008e+08 0
1.26131e+08 0
1.265e+08 0
1.26746e+08 0
1.26914e+08 0
1.27081e+08 0
1.2726e+08 0
1.27897e+08 0
1.29383e+08 0
1.29417e+08 0
1.2954e+08 0
1.29596e+08 0
1.29652e+08 0
1.29708e+08 0
1.29853e+08 0
1.35973e+08 0
1.38119e+08 0
1.38309e+08 0
1.40935e+08 0
1.41181e+08 0
1.41382e+08 0
1.41438e+08 0
1.4155e+08 0
1.41684e+08 0
1.41718e+08 0
1.41751e+08 0
1.41818e+08 0
1.42008e+08 0
1.42064e+08 0
1.42098e+08 0
1.42131e+08 0
1.42377e+08 0
1.42389e+08 0
1.424e+08 0
1.42456e+08 0
1.4852e+08 0
1.50499e+08 0
1.50622e+08 0
1.53606e+08 0
1.53706e+08 0
1.53785e+08 0
1.54075e+08 0
1.54265e+08 0
1.54355e+08 0
1.54444e+08 0
1.54533e+08 0
1.54846e+08 0
1.54891e+08 0
1.54914e+08 0
1.54925e+08 0
1.54936e+08 0
1.55115e+08 0
1.55182e+08 0
1.55193e+08 0
1.55205e+08 0
1.55227e+08 0
1.64299e+08 0
1.67775e+08 0
1.67808e+08 0
1.68065e+08 0
1.68076e+08 0
1.68088e+08 0
1.6811e+08 0
1.68132e+08 0
1.68188e+08 0
1.68222e+08 0
1.68233e+08 0
1.68267e+08 0
1.683e+08 0
1.68334e+08 0
1.68356e+08 0
1.68379e+08 0
1.68502e+08 0
1.68524e+08 0
1.68569e+08 0
1.68602e+08 0
1.68625e+08 0
1.68636e+08 0
1.81065e+08 0
1.8149e+08 0
1.81502e+08 0
1.81546e+08 0
1.81557e+08 0
1.81591e+08 0
1.81625e+08 0
1.81647e+08 0
1.8168e+08 0
1.81692e+08 0
1.81703e+08 0
1.81781e+08 0
1.81804e+08 0
1.81826e+08 0
1.81848e+08 0
1.81859e+08 0
1.81904e+08 0
1.81949e+08 0
1.8196e+08 0
1.81971e+08 0
1.82072e+08 0
1.82106e+08 0
1.95155e+08 0
1.95178e+08 0
1.95401e+08 0
1.95413e+08 0
1.95435e+08 0
1.9548e+08 0
1.95491e+08 0
1.95502e+08 0
1.95514e+08 0
1.95569e+08 0
1.95603e+08 0
1.95625e+08 0
1.95815e+08 0
1.95838e+08 0
1.95871e+08 0
1.95905e+08 0
1.95927e+08 0
1.95961e+08 0
1.95994e+08 0
1.96028e+08 0
1.96039e+08 0
1.96084e+08 0
1.96095e+08 0
2.09892e+08 0
2.09904e+08 0
2.09915e+08 0
2.10072e+08 0
2.10161e+08 0
2.10329e+08 0
2.1034e+08 0
2.10351e+08 0
2.10407e+08 0
2.10441e+08 0
2.10508e+08 0
2.10519e+08 0
2.10541e+08 0
2.10597e+08 0
2.10608e+08 0
2.10631e+08 0
2.10653e+08 0
2.10664e+08 0
2.10687e+08 0
2.10709e+08 0
2.10743e+08 0
2.10765e+08 0
2.10776e+08 0
2.10788e+08 0
2.25049e+08 0
2.2506e+08 0
2.25083e+08 0
2.25508e+08 0
2.25519e+08 0
2.25541e+08 0
2.25564e+08 0
2.25597e+08 0
2.25631e+08 0
2.25676e+08 0
2.25698e+08 0
2.25709e+08 0
2.2572e+08 0
2.25732e+08 0
2.25799e+08 0
2.2581e+08 0
2.25821e+08 0
2.25832e+08 0
2.25844e+08 0
2.25866e+08 0
2.25911e+08 0
2.25967e+08 0
2.25989e+08 0
2.26034e+08 0
2.26045e+08 0
2.41164e+08 0
2.41242e+08 0
2.41253e+08 0
2.41455e+08 0
2.41511e+08 0
2.41533e+08 0
2.41589e+08 0
2.41601e+08 0
2.41634e+08 0
2.41657e+08 0
2.41713e+08 0
2.4178e+08 0
2.41791e+08 0
2.41802e+08 0
2.41836e+08 0
2.41847e+08 0
2.41858e+08 0
2.41869e+08 0
2.4188e+08 0
2.41891e+08 0
2.41903e+08 0
2.41936e+08 0
2.4197e+08 0
2.41981e+08 0
2.42048e+08 0
2.42082e+08 0
2.57571e+08 0
2.57627e+08 0
2.57638e+08 0
2.57851e+08 0
2.57907e+08 0
2.57929e+08 0
2.57952e+08 0
2.57963e+08 0
2.57985e+08 0
2.58019e+08 0
2.58052e+08 0
2.58153e+08 0
2.5822e+08 0
2.58243e+08 0
2.58321e+08 0
2.58343e+08 0
2.58377e+08 0
2.58399e+08 0
2.5841e+08 0
2.58433e+08 0
2.58455e+08 0
2.58477e+08 0
2.58511e+08 0
2.58556e+08 0
2.58589e+08 0
2.58645e+08 0
2.58746e+08 0
2.74781e+08 0
2.74792e+08 0
2.74803e+08 0
2.75083e+08 0
2.75329e+08 0
2.75362e+08 0
2.75407e+08 0
2.75418e+08 0
2.75441e+08 0
2.75519e+08 0
2.75541e+08 0
2.75553e+08 0
2.75575e+08 0
2.75586e+08 0
2.75597e+08 0
2.75609e+08 0
2.75631e+08 0
2.75653e+08 0
2.75664e+08 0
2.75687e+08 0
2.75731e+08 0
2.75743e+08 0
2.75754e+08 0
2.75821e+08 0
2.75832e+08 0
2.75854e+08 0
2.75899e+08 0
2.76078e+08 0
2.92392e+08 0
2.92404e+08 0
2.92526e+08 0
2.92739e+08 0
2.92829e+08 0
2.9284e+08 0
2.92862e+08 0
2.92885e+08 0
2.92918e+08 0
2.93019e+08 0
2.93052e+08 0
2.93332e+08 0
2.93354e+08 0
2.93388e+08 0
2.93421e+08 0
2.93433e+08 0
2.93455e+08 0
2.93466e+08 0
2.93488e+08 0
2.93511e+08 0
2.93522e+08 0
2.93544e+08 0
2.93611e+08 0
2.93645e+08 0
2.9369e+08 0
2.93701e+08 0
2.93712e+08 0
2.93734e+08 0
2.93801e+08 0
3.10679e+08 0
3.10713e+08 0
3.10735e+08 0
3.10936e+08 0
3.11194e+08 0
3.11205e+08 0
3.11261e+08 0
3.11283e+08 0
3.11294e+08 0
3.11473e+08 0
3.11518e+08 0
3.11551e+08 0
3.11865e+08 0
3.11932e+08 0
3.11943e+08 0
3.11954e+08 0
3.1201e+08 0
3.12032e+08 0
3.12055e+08 0
3.12066e+08 0
3.12099e+08 0
3.12122e+08 0
3.12133e+08 0
3.12155e+08 0
3.12166e+08 0
3.12178e+08 0
3.12189e+08 0
3.122e+08 0
3.12211e+08 0
3.12245e+08 0
3.29522e+08 0
3.29534e+08 0
3.29545e+08 0
3.29757e+08 0
3.30149e+08 0
3.3016e+08 0
3.30171e+08 0
3.30305e+08 0
3.30316e+08 0
3.30529e+08 0
3.30551e+08 0
3.30574e+08 0
3.30753e+08 0
3.30775e+08 0
3.3082e+08 0
3.30864e+08 0
3.30887e+08 0
3.30898e+08 0
3.30932e+08 0
3.30943e+08 0
3.31077e+08 0
3.31289e+08 0
3.313e+08 0
3.31323e+08 0
3.31356e+08 0
3.31379e+08 0
3.31412e+08 0
3.31435e+08 0
3.31446e+08 0
3.31468e+08 0
3.31513e+08 0
3.48992e+08 0
3.49015e+08 0
3.49037e+08 0
3.49261e+08 0
3.49663e+08 0
3.49675e+08 0
3.49697e+08 0
3.49719e+08 0
3.49753e+08 0
3.49842e+08 0
3.49932e+08 0
3.49954e+08 0
3.50647e+08 0
3.50692e+08 0
3.50703e+08 0
3.50737e+08 0
3.50781e+08 0
3.50793e+08 0
3.50804e+08 0
3.50815e+08 0
3.50826e+08 0
3.50893e+08 0
3.51016e+08 0
3.51039e+08 0
3.5105e+08 0
3.51061e+08 0
3.51072e+08 0
3.51095e+08 0
3.51106e+08 0
3.51128e+08 0
3.51139e+08 0
3.51151e+08 0
3.69052e+08 0
3.69063e+08 0
3.69074e+08 0
3.69387e+08 0
3.69544e+08 0
3.69555e+08 0
3.69578e+08 0
3.69667e+08 0
3.69712e+08 0
3.70014e+08 0
3.70126e+08 0
3.70248e+08 0
3.70763e+08 0
3.70774e+08 0
3.70785e+08 0
3.70807e+08 0
3.70819e+08 0
3.70863e+08 0
3.70886e+08 0
3.70908e+08 0
3.70931e+08 0
3.70953e+08 0
3.70975e+08 0
3.71009e+08 0
3.71031e+08 0
3.71042e+08 0
3.71054e+08 0
3.7111e+08 0
3.71121e+08 0
3.71132e+08 0
3.71143e+08 0
3.71165e+08 0
3.71188e+08 0
3.89455e+08 0
3.89578e+08 0
3.896e+08 0
3.89802e+08 0
3.89869e+08 0
3.89891e+08 0
3.89914e+08 0
3.90048e+08 0
3.90082e+08 0
3.90484e+08 0
3.90808e+08 0
3.90898e+08 0
3.91155e+08 0
3.91166e+08 0
3.91177e+08 0
3.91267e+08 0
3.913e+08 0
3.91323e+08 0
3.91401e+08 0
3.91412e+08 0
3.91434e+08 0
3.91457e+08 0
3.91502e+08 0
3.91558e+08 0
3.91602e+08 0
3.91613e+08 0
3.91647e+08 0
3.91658e+08 0
3.91669e+08 0
3.91703e+08 0
3.91714e+08 0
3.91725e+08 0
3.91737e+08 0
3.91748e+08 0
4.1056e+08 0
4.10627e+08 0
4.1065e+08 0
4.10896e+08 0
4.10929e+08 0
4.10952e+08 0
4.10963e+08 0
4.1112e+08 0
4.11276e+08 0
4.11623e+08 0
4.1188e+08 0
4.11902e+08 0
4.12059e+08 0
4.12081e+08 0
4.12092e+08 0
4.12327e+08 0
4.12394e+08 0
4.12405e+08 0
4.12439e+08 0
4.12472e+08 0
4.12517e+08 0
4.12607e+08 0
4.12618e+08 0
4.12629e+08 0
4.12685e+08 0
4.12763e+08 0
4.12819e+08 0
4.12842e+08 0
4.12853e+08 0
4.12864e+08 0
4.12875e+08 0
4.12909e+08 0
4.1292e+08 0
4.12942e+08 0
4.12976e+08 0
4.3211e+08 0
4.32121e+08 0
4.32144e+08 0
4.3258e+08 0
4.32613e+08 0
4.32625e+08 0
4.32636e+08 0
4.32882e+08 0
4.33106e+08 0
4.33184e+08 0
4.3334e+08 0
4.33363e+08 0
4.33374e+08 0
4.33385e+08 0
4.33396e+08 0
4.33743e+08 0
4.33799e+08 0
4.33888e+08 0
4.34067e+08 0
4.34145e+08 0
4.34168e+08 0
4.34179e+08 0
4.34246e+08 0
4.34268e+08 0
4.34313e+08 0
4.3438e+08 0
4.34481e+08 0
4.34492e+08 0
4.34503e+08 0
4.34526e+08 0
4.34548e+08 0
4.34559e+08 0
4.34626e+08 0
4.34638e+08 0
4.3466e+08 0
4.34682e+08 0
4.54331e+08 0
4.54342e+08 0
4.54387e+08 0
4.54857e+08 0
4.54868e+08 0
4.54946e+08 0
4.54969e+08 0
4.55684e+08 0
4.55796e+08 0
4.55818e+08 0
4.55886e+08 0
4.55908e+08 0
4.55964e+08 0
4.55986e+08 0
4.5602e+08 0
4.56131e+08 0
4.56154e+08 0
4.56187e+08 0
4.56433e+08 0
4.56478e+08 0
4.565e+08 0
4.56512e+08 0
4.56523e+08 0
4.56579e+08 0
4.56601e+08 0
4.56668e+08 0
4.56691e+08 0
4.56858e+08 0
4.56892e+08 0
4.56926e+08 0
4.56948e+08 0
4.56959e+08 0
4.56993e+08 0
4.57071e+08 0
4.57082e+08 0
4.57093e+08 0
4.57172e+08 0
4.77066e+08 0
4.77111e+08 0
4.77145e+08 0
4.77559e+08 0
4.77637e+08 0
4.7767e+08 0
4.77715e+08 0
4.78453e+08 0
4.78565e+08 0
4.78598e+08 0
4.78643e+08 0
4.78677e+08 0
4.78699e+08 0
4.78721e+08 0
4.78744e+08 0
4.78777e+08 0
4.78833e+08 0
4.78856e+08 0
4.79213e+08 0
4.79269e+08 0
4.79292e+08 0
4.79303e+08 0
4.79314e+08 0
4.79325e+08 0
4.79426e+08 0
4.79437e+08 0
4.79471e+08 0
4.79482e+08 0
4.79672e+08 0
4.79806e+08 0
4.79817e+08 0
4.79862e+08 0
4.79884e+08 0
4.79996e+08 0
4.8003e+08 0
4.80052e+08 0
4.80063e+08 0
4.80097e+08 0
5.00395e+08 0
5.00495e+08 0
5.00529e+08 0
5.01054e+08 0
5.01188e+08 0
5.01244e+08 0
5.01267e+08 0
5.02307e+08 0
5.02374e+08 0
5.02441e+08 0
5.02463e+08 0
5.02474e+08 0
5.02497e+08 0
5.02519e+08 0
5.02541e+08 0
5.02575e+08 0
5.02608e+08 0
5.02631e+08 0
5.02743e+08 0
5.02776e+08 0
5.0281e+08 0
5.02832e+08 0
5.02843e+08 0
5.02933e+08 0
5.02944e+08 0
5.03045e+08 0
5.03056e+08 0
5.03067e+08 0
5.03078e+08 0
5.03324e+08 0
5.0347e+08 0
5.03537e+08 0
5.03559e+08 0
5.0357e+08 0
5.03615e+08 0
5.03649e+08 0
5.03671e+08 0
5.03682e+08 0
5.03705e+08 0
5.24074e+08 0
5.24141e+08 0
5.24219e+08 0
5.24756e+08 0
5.24801e+08 0
5.24857e+08 0
5.24912e+08 0
5.26075e+08 0
5.2612e+08 0
5.26142e+08 0
5.26176e+08 0
5.26209e+08 0
5.26243e+08 0
5.26277e+08 0
5.26299e+08 0
5.26366e+08 0
5.26388e+08 0
5.26399e+08 0
5.26411e+08 0
5.26422e+08 0
5.26478e+08 0
5.265e+08 0
5.26534e+08 0
5.26623e+08 0
5.26657e+08 0
5.2678e+08 0
5.26802e+08 0
5.26824e+08 0
5.26847e+08 0
5.2688e+08 0
5.27272e+08 0
5.27305e+08 0
5.27317e+08 0
5.27339e+08 0
5.2735e+08 0
5.27373e+08 0
5.27406e+08 0
5.27417e+08 0
5.27473e+08 0
5.2754e+08 0
5.48613e+08 0
5.48657e+08 0
5.48702e+08 0
5.49284e+08 0
5.49295e+08 0
5.49306e+08 0
5.4934e+08 0
5.50815e+08 0
5.50838e+08 0
5.50894e+08 0
5.50905e+08 0
5.50916e+08 0
5.50938e+08 0
5.50972e+08 0
5.50994e+08 0
5.51017e+08 0
5.51028e+08 0
5.51061e+08 0
5.51151e+08 0
5.51173e+08 0
5.51252e+08 0
5.51263e+08 0
5.51307e+08 0
5.51453e+08 0
5.51475e+08 0
5.51509e+08 0
5.51542e+08 0
5.51565e+08 0
5.51576e+08 0
5.51587e+08 0
5.51621e+08 0
5.51867e+08 0
5.51878e+08 0
5.51889e+08 0
5.519e+08 0
5.51911e+08 0
5.5199e+08 0
5.52046e+08 0
5.52057e+08 0
5.52068e+08 0
5.52079e+08 0
5.73652e+08 0
5.73696e+08 0
5.73752e+08 0
5.74289e+08 0
5.74323e+08 0
5.74334e+08 0
5.74356e+08 0
5.7572e+08 0
5.75821e+08 0
5.76067e+08 0
5.761e+08 0
5.76123e+08 0
5.76134e+08 0
5.76179e+08 0
5.7619e+08 0
5.76201e+08 0
5.76246e+08 0
5.76257e+08 0
5.76291e+08 0
5.76302e+08 0
5.76313e+08 0
5.76335e+08 0
5.76347e+08 0
5.76402e+08 0
5.76414e+08 0
5.76425e+08 0
5.76436e+08 0
5.76458e+08 0
5.7647e+08 0
5.76492e+08 0
5.76503e+08 0
5.76526e+08 0
5.76839e+08 0
5.76917e+08 0
5.76939e+08 0
5.7695e+08 0
5.76995e+08 0
5.7704e+08 0
5.77062e+08 0
5.77074e+08 0
5.77085e+08 0
5.77096e+08 0
5.99371e+08 0
5.99394e+08 0
5.99461e+08 0
5.99785e+08 0
5.99796e+08 0
5.99819e+08 0
5.99863e+08 0
6.01529e+08 0
6.01574e+08 0
6.01607e+08 0
6.01619e+08 0
6.0163e+08 0
6.01641e+08 0
6.01652e+08 0
6.01686e+08 0
6.0172e+08 0
6.01798e+08 0
6.01831e+08 0
6.01887e+08 0
6.0191e+08 0
6.01965e+08 0
6.01988e+08 0
6.01999e+08 0
6.02044e+08 0
6.02066e+08 0
6.021e+08 0
6.02111e+08 0
6.02144e+08 0
6.02167e+08 0
6.02178e+08 0
6.02212e+08 0
6.02234e+08 0
6.02256e+08 0
6.02502e+08 0
6.02569e+08 0
6.02648e+08 0
6.02659e+08 0
6.02681e+08 0
6.02782e+08 0
6.02793e+08 0
6.02804e+08 0
6.02815e+08 0
6.02827e+08 0
6.26504e+08 0
6.26538e+08 0
6.2656e+08 0
6.26907e+08 0
6.2694e+08 0
6.26985e+08 0
6.2703e+08 0
6.27712e+08 0
6.27734e+08 0
6.27746e+08 0
6.27813e+08 0
6.2788e+08 0
6.27913e+08 0
6.28003e+08 0
6.28114e+08 0
6.28182e+08 0
6.28293e+08 0
6.28305e+08 0
6.28327e+08 0
6.28372e+08 0
6.28383e+08 0
6.28394e+08 0
6.28416e+08 0
6.2845e+08 0
6.28461e+08 0
6.28472e+08 0
6.28483e+08 0
6.28629e+08 0
6.28662e+08 0
6.28718e+08 0
6.2873e+08 0
6.28752e+08 0
6.28763e+08 0
6.28786e+08 0
6.28987e+08 0
6.29009e+08 0
6.2902e+08 0
6.29043e+08 0
6.29054e+08 0
6.29848e+08 0
6.2987e+08 0
6.29904e+08 0
6.29915e+08 0
6.29926e+08 0
6.337e+08 0
6.33722e+08 0
6.33755e+08 0
