191997 0
788574 0
1.38311e+06 0
1.97659e+06 0
2.56891e+06 0
3.16124e+06 0
3.74242e+06 0
4.34601e+06 0
4.93848e+06 0
5.53115e+06 0
6.12417e+06 0
6.81842e+06 0
7.42199e+06 0
7.4667e+06 0
9.18609e+06 0
9.21962e+06 0
1.04386e+07 0
1.04609e+07 0
1.04833e+07 0
1.38425e+07 0
1.38984e+07 0
1.39208e+07 0
1.39543e+07 0
1.73643e+07 0
1.73866e+07 0
1.73978e+07 0
1.74202e+07 0
1.74537e+07 0
1.98583e+07 0
1.98695e+07 0
1.98919e+07 0
1.99142e+07 0
1.99478e+07 0
1.99701e+07 0
2.49517e+07 0
2.503e+07 0
2.50747e+07 0
2.51194e+07 0
2.51865e+07 0
2.52312e+07 0
2.52759e+07 0
2.90896e+07 0
2.93131e+07 0
2.93579e+07 0
2.9369e+07 0
2.93914e+07 0
2.94249e+07 0
2.94808e+07 0
3.36222e+07 0
3.36558e+07 0
3.39911e+07 0
3.40134e+07 0
3.41029e+07 0
3.41588e+07 0
3.4237e+07 0
3.43264e+07 0
3.87509e+07 0
3.88291e+07 0
3.89185e+07 0
3.93321e+07 0
3.93991e+07 0
3.94439e+07 0
3.95668e+07 0
3.96115e+07 0
3.96786e+07 0
4.52203e+07 0
4.5265e+07 0
4.53097e+07 0
4.5455e+07 0
4.55221e+07 0
4.56227e+07 0
4.57345e+07 0
4.5768e+07 0
4.59357e+07 0
4.59692e+07 0
5.07454e+07 0
5.07901e+07 0
5.08683e+07 0
5.11031e+07 0
5.13489e+07 0
5.14048e+07 0
5.1483e+07 0
5.15389e+07 0
5.16954e+07 0
5.19973e+07 0
5.2042e+07 0
5.88611e+07 0
5.88835e+07 0
5.89059e+07 0
5.91966e+07 0
5.92636e+07 0
5.93195e+07 0
5.93419e+07 0
5.93866e+07 0
5.9409e+07 0
5.95319e+07 0
5.99011e+07 0
5.99123e+07 0
6.68381e+07 0
6.69163e+07 0
6.69833e+07 0
6.71063e+07 0
6.71846e+07 0
6.71957e+07 0
6.72293e+07 0
6.72628e+07 0
6.72964e+07 0
6.73523e+07 0
6.7397e+07 0
6.7934e+07 0
6.79451e+07 0
7.58196e+07 0
7.58644e+07 0
7.58867e+07 0
7.59873e+07 0
7.60209e+07 0
7.60545e+07 0
7.61216e+07 0
7.61775e+07 0
7.62334e+07 0
7.62669e+07 0
7.63675e+07 0
7.64346e+07 0
7.69042e+07 0
7.69266e+07 0
8.54033e+07 0
8.54256e+07 0
8.54368e+07 0
8.54815e+07 0
8.55822e+07 0
8.55934e+07 0
8.56269e+07 0
8.56381e+07 0
8.56605e+07 0
8.57052e+07 0
8.57387e+07 0
8.57723e+07 0
8.57834e+07 0
8.60072e+07 0
8.60184e+07 0
9.53978e+07 0
9.5409e+07 0
9.54202e+07 0
9.54426e+07 0
9.54762e+07 0
9.54874e+07 0
9.5521e+07 0
9.55321e+07 0
9.55545e+07 0
9.55769e+07 0
9.55993e+07 0
9.56104e+07 0
9.56328e+07 0
9.5644e+07 0
9.58343e+07 0
9.58455e+07 0
1.05647e+08 0
1.05669e+08 0
1.0568e+08 0
1.05691e+08 0
1.05714e+08 0
1.05736e+08 0
1.05759e+08 0
1.0577e+08 0
1.05781e+08 0
1.05804e+08 0
1.05837e+08 0
1.05848e+08 0
1.05859e+08 0
1.05871e+08 0
1.05893e+08 0
1.0615e+08 0
1.06162e+08 0
1.16405e+08 0
1.16439e+08 0
1.16461e+08 0
1.16472e+08 0
1.16539e+08 0
1.16651e+08 0
1.16673e+08 0
1.16685e+08 0
1.16707e+08 0
1.16752e+08 0
1.16774e+08 0
1.16785e+08 0
1.16808e+08 0
1.1683e+08 0
1.16852e+08 0
1.16886e+08 0
1.17166e+08 0
1.17177e+08 0
1.27678e+08 0
1.27767e+08 0
1.27778e+08 0
1.27812e+08 0
1.27846e+08 0
1.27902e+08 0
1.27924e+08 0
1.27946e+08 0
1.28013e+08 0
1.28114e+08 0
1.28136e+08 0
1.28147e+08 0
1.28159e+08 0
1.2817e+08 0
1.28192e+08 0
1.28203e+08 0
1.28483e+08 0
1.28494e+08 0
1.28562e+08 0
1.39672e+08 0
1.39739e+08 0
1.39784e+08 0
1.39806e+08 0
1.39851e+08 0
1.39896e+08 0
1.39929e+08 0
1.39963e+08 0
1.39974e+08 0
1.40007e+08 0
1.40019e+08 0
1.40063e+08 0
1.40075e+08 0
1.40086e+08 0
1.40108e+08 0
1.40119e+08 0
1.40589e+08 0
1.406e+08 0
1.40612e+08 0
1.40679e+08 0
1.52152e+08 0
1.52219e+08 0
1.52241e+08 0
1.52275e+08 0
1.52331e+08 0
1.52398e+08 0
1.52409e+08 0
1.5242e+08 0
1.52432e+08 0
1.52454e+08 0
1.52476e+08 0
1.52488e+08 0
1.5251e+08 0
1.52544e+08 0
1.52633e+08 0
1.52655e+08 0
1.5317e+08 0
1.53192e+08 0
1.53215e+08 0
1.53248e+08 0
1.53259e+08 0
1.6537e+08 0
1.65471e+08 0
1.65482e+08 0
1.65505e+08 0
1.65572e+08 0
1.65594e+08 0
1.65661e+08 0
1.65695e+08 0
1.65706e+08 0
1.65728e+08 0
1.65751e+08 0
1.65784e+08 0
1.65807e+08 0
1.65829e+08 0
1.65862e+08 0
1.65885e+08 0
1.66332e+08 0
1.66366e+08 0
1.66388e+08 0
1.66422e+08 0
1.66444e+08 0
1.66455e+08 0
1.78455e+08 0
1.78567e+08 0
1.786e+08 0
1.78634e+08 0
1.78656e+08 0
1.78667e+08 0
1.7869e+08 0
1.78723e+08 0
1.78757e+08 0
1.78768e+08 0
1.7879e+08 0
1.78813e+08 0
1.78902e+08 0
1.78947e+08 0
1.78981e+08 0
1.79003e+08 0
1.79361e+08 0
1.79383e+08 0
1.79395e+08 0
1.79451e+08 0
1.79473e+08 0
1.79484e+08 0
1.92162e+08 0
1.92173e+08 0
1.92319e+08 0
1.92386e+08 0
1.92419e+08 0
1.92442e+08 0
1.92509e+08 0
1.92531e+08 0
1.92542e+08 0
1.92576e+08 0
1.92587e+08 0
1.92599e+08 0
1.92621e+08 0
1.92688e+08 0
1.9271e+08 0
1.92766e+08 0
1.92822e+08 0
1.93236e+08 0
1.93247e+08 0
1.9327e+08 0
1.93337e+08 0
1.93348e+08 0
1.93359e+08 0
2.06479e+08 0
2.0649e+08 0
2.06524e+08 0
2.06602e+08 0
2.06613e+08 0
2.06625e+08 0
2.06647e+08 0
2.06714e+08 0
2.06793e+08 0
2.06815e+08 0
2.06871e+08 0
2.06938e+08 0
2.0696e+08 0
2.06994e+08 0
2.07072e+08 0
2.07106e+08 0
2.07229e+08 0
2.07273e+08 0
2.07632e+08 0
2.07643e+08 0
2.07665e+08 0
2.07732e+08 0
2.07744e+08 0
2.07755e+08 0
2.2142e+08 0
2.21431e+08 0
2.21442e+08 0
2.21476e+08 0
2.21487e+08 0
2.21498e+08 0
2.21509e+08 0
2.21532e+08 0
2.21621e+08 0
2.21699e+08 0
2.2171e+08 0
2.218e+08 0
2.21901e+08 0
2.21923e+08 0
2.21957e+08 0
2.21979e+08 0
2.2199e+08 0
2.2218e+08 0
2.22214e+08 0
2.22561e+08 0
2.22594e+08 0
2.22662e+08 0
2.22695e+08 0
2.22706e+08 0
2.22718e+08 0
2.36931e+08 0
2.36953e+08 0
2.36964e+08 0
2.36998e+08 0
2.37009e+08 0
2.3702e+08 0
2.37054e+08 0
2.37087e+08 0
2.37099e+08 0
2.37255e+08 0
2.37356e+08 0
2.37378e+08 0
2.37445e+08 0
2.37501e+08 0
2.37624e+08 0
2.37658e+08 0
2.37691e+08 0
2.37703e+08 0
2.37815e+08 0
2.37826e+08 0
2.38195e+08 0
2.38217e+08 0
2.38274e+08 0
2.38307e+08 0
2.38318e+08 0
2.3833e+08 0
2.53073e+08 0
2.53095e+08 0
2.53151e+08 0
2.53174e+08 0
2.53196e+08 0
2.5323e+08 0
2.53241e+08 0
2.53263e+08 0
2.53308e+08 0
2.53341e+08 0
2.53476e+08 0
2.53498e+08 0
2.53509e+08 0
2.53565e+08 0
2.53666e+08 0
2.53778e+08 0
2.53822e+08 0
2.53878e+08 0
2.5389e+08 0
2.53923e+08 0
2.53934e+08 0
2.5436e+08 0
2.54416e+08 0
2.54438e+08 0
2.54505e+08 0
2.54595e+08 0
2.54606e+08 0
2.69694e+08 0
2.69705e+08 0
2.69739e+08 0
2.6975e+08 0
2.69772e+08 0
2.69862e+08 0
2.69873e+08 0
2.69884e+08 0
2.69906e+08 0
2.70018e+08 0
2.70052e+08 0
2.70152e+08 0
2.70208e+08 0
2.70219e+08 0
2.70231e+08 0
2.7041e+08 0
2.70455e+08 0
2.70466e+08 0
2.70522e+08 0
2.70544e+08 0
2.70567e+08 0
2.70589e+08 0
2.70992e+08 0
2.71059e+08 0
2.71216e+08 0
2.71294e+08 0
2.71327e+08 0
2.7135e+08 0
2.86885e+08 0
2.86975e+08 0
2.87008e+08 0
2.87053e+08 0
2.8712e+08 0
2.87243e+08 0
2.87321e+08 0
2.87411e+08 0
2.87456e+08 0
2.87556e+08 0
2.87567e+08 0
2.87579e+08 0
2.87601e+08 0
2.87623e+08 0
2.87646e+08 0
2.87668e+08 0
2.87735e+08 0
2.87769e+08 0
2.87803e+08 0
2.87847e+08 0
2.87881e+08 0
2.87892e+08 0
2.87903e+08 0
2.88552e+08 0
2.88586e+08 0
2.88765e+08 0
2.8881e+08 0
2.88832e+08 0
2.88877e+08 0
3.05047e+08 0
3.05136e+08 0
3.0517e+08 0
3.05181e+08 0
3.05203e+08 0
3.05214e+08 0
3.05259e+08 0
3.05293e+08 0
3.05315e+08 0
3.0536e+08 0
3.05382e+08 0
3.05405e+08 0
3.05438e+08 0
3.05461e+08 0
3.05483e+08 0
3.05505e+08 0
3.05572e+08 0
3.05662e+08 0
3.05729e+08 0
3.05741e+08 0
3.05763e+08 0
3.05819e+08 0
3.05886e+08 0
3.05897e+08 0
3.06725e+08 0
3.06781e+08 0
3.06837e+08 0
3.06859e+08 0
3.06915e+08 0
3.06938e+08 0
3.23638e+08 0
3.23649e+08 0
3.23661e+08 0
3.23683e+08 0
3.23705e+08 0
3.23761e+08 0
3.23784e+08 0
3.23795e+08 0
3.23817e+08 0
3.23829e+08 0
3.2384e+08 0
3.23851e+08 0
3.23873e+08 0
3.23885e+08 0
3.23896e+08 0
3.23907e+08 0
3.23918e+08 0
3.23952e+08 0
3.23974e+08 0
3.24209e+08 0
3.24232e+08 0
3.24321e+08 0
3.24388e+08 0
3.24489e+08 0
3.24511e+08 0
3.25205e+08 0
3.25317e+08 0
3.25451e+08 0
3.25485e+08 0
3.25518e+08 0
3.25552e+08 0
3.42795e+08 0
3.42817e+08 0
3.42829e+08 0
3.4284e+08 0
3.42851e+08 0
3.42873e+08 0
3.42907e+08 0
3.42918e+08 0
3.4293e+08 0
3.42941e+08 0
3.42952e+08 0
3.42963e+08 0
3.42974e+08 0
3.42997e+08 0
3.43019e+08 0
3.4303e+08 0
3.43041e+08 0
3.43064e+08 0
3.43075e+08 0
3.43187e+08 0
3.43344e+08 0
3.43399e+08 0
3.43422e+08 0
3.435e+08 0
3.43645e+08 0
3.43668e+08 0
3.44283e+08 0
3.44417e+08 0
3.44608e+08 0
3.44686e+08 0
3.44798e+08 0
3.44854e+08 0
3.62511e+08 0
3.62523e+08 0
3.62545e+08 0
3.62567e+08 0
3.62579e+08 0
3.62601e+08 0
3.62668e+08 0
3.62713e+08 0
3.62724e+08 0
3.62769e+08 0
3.6278e+08 0
3.62802e+08 0
3.62892e+08 0
3.62903e+08 0
3.62914e+08 0
3.62937e+08 0
3.62948e+08 0
3.62992e+08 0
3.63015e+08 0
3.63026e+08 0
3.63194e+08 0
3.6325e+08 0
3.63283e+08 0
3.63306e+08 0
3.63339e+08 0
3.63384e+08 0
3.63407e+08 0
3.64112e+08 0
3.6419e+08 0
3.64503e+08 0
3.64548e+08 0
3.64649e+08 0
3.64693e+08 0
3.83229e+08 0
3.83274e+08 0
3.83307e+08 0
3.83352e+08 0
3.83375e+08 0
3.83464e+08 0
3.83498e+08 0
3.83509e+08 0
3.8352e+08 0
3.83531e+08 0
3.83553e+08 0
3.83565e+08 0
3.83576e+08 0
3.83598e+08 0
3.83609e+08 0
3.83632e+08 0
3.83654e+08 0
3.83665e+08 0
3.83688e+08 0
3.8371e+08 0
3.83732e+08 0
3.83777e+08 0
3.83789e+08 0
3.838e+08 0
3.83811e+08 0
3.83822e+08 0
3.83934e+08 0
3.84024e+08 0
3.84919e+08 0
3.8493e+08 0
3.85288e+08 0
3.85366e+08 0
3.85422e+08 0
3.85433e+08 0
4.04373e+08 0
4.04418e+08 0
4.04429e+08 0
4.0444e+08 0
4.04451e+08 0
4.04474e+08 0
4.04485e+08 0
4.04507e+08 0
4.04519e+08 0
4.0453e+08 0
4.04552e+08 0
4.04563e+08 0
4.04575e+08 0
4.04586e+08 0
4.04597e+08 0
4.04619e+08 0
4.04642e+08 0
4.04653e+08 0
4.04664e+08 0
4.04675e+08 0
4.0472e+08 0
4.04754e+08 0
4.04798e+08 0
4.04877e+08 0
4.04888e+08 0
4.04899e+08 0
4.0491e+08 0
4.04944e+08 0
4.05011e+08 0
4.05974e+08 0
4.05985e+08 0
4.0641e+08 0
4.06454e+08 0
4.06522e+08 0
4.06533e+08 0
4.25918e+08 0
4.25985e+08 0
4.25996e+08 0
4.26007e+08 0
4.26018e+08 0
4.26041e+08 0
4.26052e+08 0
4.26074e+08 0
4.26097e+08 0
4.26119e+08 0
4.26142e+08 0
4.26197e+08 0
4.26209e+08 0
4.2622e+08 0
4.26265e+08 0
4.26287e+08 0
4.26321e+08 0
4.26332e+08 0
4.26343e+08 0
4.26354e+08 0
4.26365e+08 0
4.26376e+08 0
4.26388e+08 0
4.2641e+08 0
4.26489e+08 0
4.26578e+08 0
4.266e+08 0
4.26623e+08 0
4.26701e+08 0
4.26914e+08 0
4.2782e+08 0
4.27842e+08 0
4.28144e+08 0
4.28156e+08 0
4.28178e+08 0
4.282e+08 0
4.47948e+08 0
4.48004e+08 0
4.48015e+08 0
4.48026e+08 0
4.48049e+08 0
4.48082e+08 0
4.48105e+08 0
4.48127e+08 0
4.4815e+08 0
4.48172e+08 0
4.48217e+08 0
4.48239e+08 0
4.48284e+08 0
4.48306e+08 0
4.48317e+08 0
4.48329e+08 0
4.4834e+08 0
4.48351e+08 0
4.48362e+08 0
4.48373e+08 0
4.48396e+08 0
4.48407e+08 0
4.48418e+08 0
4.48429e+08 0
4.48452e+08 0
4.48553e+08 0
4.48608e+08 0
4.48631e+08 0
4.48676e+08 0
4.48765e+08 0
4.48911e+08 0
4.49817e+08 0
4.49839e+08 0
4.50276e+08 0
4.50287e+08 0
4.5032e+08 0
4.50332e+08 0
4.70639e+08 0
4.70717e+08 0
4.70728e+08 0
4.70751e+08 0
4.70762e+08 0
4.70773e+08 0
4.70784e+08 0
4.70818e+08 0
4.70852e+08 0
4.70863e+08 0
4.70975e+08 0
4.70997e+08 0
4.71019e+08 0
4.7103e+08 0
4.71053e+08 0
4.71075e+08 0
4.71086e+08 0
4.71098e+08 0
4.71109e+08 0
4.7112e+08 0
4.71131e+08 0
4.71142e+08 0
4.71153e+08 0
4.71165e+08 0
4.71187e+08 0
4.71209e+08 0
4.71445e+08 0
4.71489e+08 0
4.71512e+08 0
4.71545e+08 0
4.71612e+08 0
4.71859e+08 0
4.72597e+08 0
4.7262e+08 0
4.73056e+08 0
4.73067e+08 0
4.73101e+08 0
4.73157e+08 0
4.93881e+08 0
4.9396e+08 0
4.93971e+08 0
4.93982e+08 0
4.93993e+08 0
4.94004e+08 0
4.94027e+08 0
4.94049e+08 0
4.94161e+08 0
4.94183e+08 0
4.94195e+08 0
4.94206e+08 0
4.94251e+08 0
4.94273e+08 0
4.94295e+08 0
4.9434e+08 0
4.94374e+08 0
4.94396e+08 0
4.94407e+08 0
4.94418e+08 0
4.94441e+08 0
4.94452e+08 0
4.94463e+08 0
4.94474e+08 0
4.94485e+08 0
4.94497e+08 0
4.94508e+08 0
4.94754e+08 0
4.94777e+08 0
4.94788e+08 0
4.94821e+08 0
4.94866e+08 0
4.95101e+08 0
4.95873e+08 0
4.95895e+08 0
4.96298e+08 0
4.9631e+08 0
4.96354e+08 0
4.96522e+08 0
5.17643e+08 0
5.17777e+08 0
5.17788e+08 0
5.178e+08 0
5.17844e+08 0
5.17867e+08 0
5.17878e+08 0
5.17911e+08 0
5.1799e+08 0
5.18046e+08 0
5.18102e+08 0
5.18135e+08 0
5.18169e+08 0
5.18191e+08 0
5.18202e+08 0
5.18225e+08 0
5.18247e+08 0
5.18258e+08 0
5.18269e+08 0
5.18281e+08 0
5.18303e+08 0
5.18314e+08 0
5.18325e+08 0
5.18348e+08 0
5.1837e+08 0
5.18392e+08 0
5.18404e+08 0
5.18437e+08 0
5.18695e+08 0
5.18729e+08 0
5.18762e+08 0
5.18796e+08 0
5.18829e+08 0
5.1902e+08 0
5.19858e+08 0
5.19881e+08 0
5.20105e+08 0
5.20127e+08 0
5.20239e+08 0
5.20362e+08 0
5.42229e+08 0
5.42352e+08 0
5.42363e+08 0
5.42374e+08 0
5.42385e+08 0
5.42397e+08 0
5.42408e+08 0
5.42419e+08 0
5.4262e+08 0
5.42632e+08 0
5.42665e+08 0
5.42699e+08 0
5.42721e+08 0
5.42754e+08 0
5.42777e+08 0
5.4281e+08 0
5.42844e+08 0
5.42878e+08 0
5.42922e+08 0
5.42934e+08 0
5.42967e+08 0
5.42989e+08 0
5.43012e+08 0
5.43023e+08 0
5.43034e+08 0
5.43045e+08 0
5.43057e+08 0
5.43068e+08 0
5.43079e+08 0
5.43292e+08 0
5.43337e+08 0
5.43359e+08 0
5.43404e+08 0
5.43438e+08 0
5.43639e+08 0
5.44388e+08 0
5.44399e+08 0
5.44735e+08 0
5.44791e+08 0
5.44814e+08 0
5.44881e+08 0
5.67444e+08 0
5.67634e+08 0
5.67656e+08 0
5.67667e+08 0
5.67679e+08 0
5.67701e+08 0
5.67712e+08 0
5.67735e+08 0
5.67903e+08 0
5.67914e+08 0
5.67925e+08 0
5.67958e+08 0
5.67992e+08 0
5.68026e+08 0
5.68037e+08 0
5.68048e+08 0
5.68081e+08 0
5.68115e+08 0
5.68149e+08 0
5.6816e+08 0
5.68171e+08 0
5.68182e+08 0
5.68193e+08 0
5.68205e+08 0
5.68216e+08 0
5.68227e+08 0
5.68238e+08 0
5.6825e+08 0
5.68261e+08 0
5.68272e+08 0
5.68518e+08 0
5.68574e+08 0
5.68608e+08 0
5.68653e+08 0
5.68787e+08 0
5.69066e+08 0
5.69581e+08 0
5.69592e+08 0
5.69883e+08 0
5.69894e+08 0
5.69928e+08 0
5.6995e+08 0
5.93197e+08 0
5.93353e+08 0
5.93398e+08 0
5.9342e+08 0
5.93443e+08 0
5.93476e+08 0
5.93499e+08 0
5.9351e+08 0
5.93577e+08 0
5.93588e+08 0
5.93611e+08 0
5.93622e+08 0
5.93644e+08 0
5.93667e+08 0
5.93689e+08 0
5.937e+08 0
5.93723e+08 0
5.93767e+08 0
5.93779e+08 0
5.93801e+08 0
5.93812e+08 0
5.93824e+08 0
5.93835e+08 0
5.93857e+08 0
5.93868e+08 0
5.93891e+08 0
5.93913e+08 0
5.93936e+08 0
5.93947e+08 0
5.93969e+08 0
5.9398e+08 0
5.94428e+08 0
5.94461e+08 0
5.9454e+08 0
5.9464e+08 0
5.94696e+08 0
5.94931e+08 0
5.95255e+08 0
5.95267e+08 0
5.95547e+08 0
5.95558e+08 0
5.95569e+08 0
5.95614e+08 0
6.19592e+08 0
6.19649e+08 0
6.1966e+08 0
6.19671e+08 0
6.19683e+08 0
6.19694e+08 0
6.19727e+08 0
6.1975e+08 0
6.19851e+08 0
6.19863e+08 0
6.19885e+08 0
6.19907e+08 0
6.19919e+08 0
6.1993e+08 0
6.19941e+08 0
6.19952e+08 0
6.19975e+08 0
6.19986e+08 0
6.20019e+08 0
6.20053e+08 0
6.20064e+08 0
6.2012e+08 0
6.20131e+08 0
6.20143e+08 0
6.20176e+08 0
6.20221e+08 0
6.20288e+08 0
6.20299e+08 0
6.20321e+08 0
6.204e+08 0
6.20433e+08 0
6.21238e+08 0
6.21283e+08 0
6.21317e+08 0
6.2135e+08 0
6.21507e+08 0
6.21663e+08 0
6.21853e+08 0
6.22189e+08 0
6.2229e+08 0
6.22727e+08 0
6.22738e+08 0
6.22749e+08 0
6.22772e+08 0
6.29421e+08 0
6.29477e+08 0
6.29488e+08 0
