444350 0
1.03667e+06 0
1.62899e+06 0
2.22131e+06 0
2.81364e+06 0
3.40599e+06 0
3.99833e+06 0
4.59074e+06 0
5.18323e+06 0
5.77589e+06 0
6.36889e+06 0
7.0631e+06 0
7.85705e+06 0
7.8794e+06 0
9.56262e+06 0
9.6185e+06 0
1.07549e+07 0
1.07773e+07 0
1.09784e+07 0
1.4425e+07 0
1.44362e+07 0
1.44474e+07 0
1.44586e+07 0
1.72541e+07 0
1.72764e+07 0
1.72988e+07 0
1.73211e+07 0
1.73323e+07 0
2.08982e+07 0
2.09205e+07 0
2.09429e+07 0
2.09652e+07 0
2.09988e+07 0
2.10323e+07 0
2.44881e+07 0
2.45104e+07 0
2.45439e+07 0
2.45663e+07 0
2.45998e+07 0
2.47228e+07 0
2.47563e+07 0
2.85252e+07 0
2.85587e+07 0
2.86146e+07 0
2.86481e+07 0
2.86817e+07 0
2.89053e+07 0
2.895e+07 0
3.31546e+07 0
3.31657e+07 0
3.31881e+07 0
3.32887e+07 0
3.33446e+07 0
3.33893e+07 0
3.37134e+07 0
3.3747e+07 0
3.84816e+07 0
3.85039e+07 0
3.85263e+07 0
3.85822e+07 0
3.87163e+07 0
3.87387e+07 0
3.90181e+07 0
3.91523e+07 0
3.91634e+07 0
4.44831e+07 0
4.45055e+07 0
4.45167e+07 0
4.45279e+07 0
4.45614e+07 0
4.46061e+07 0
4.46732e+07 0
4.4975e+07 0
4.50085e+07 0
4.5042e+07 0
5.0894e+07 0
5.09499e+07 0
5.10281e+07 0
5.11175e+07 0
5.11622e+07 0
5.12181e+07 0
5.12963e+07 0
5.14305e+07 0
5.15869e+07 0
5.15981e+07 0
5.16316e+07 0
5.79645e+07 0
5.7998e+07 0
5.80315e+07 0
5.8065e+07 0
5.81433e+07 0
5.81992e+07 0
5.82886e+07 0
5.8311e+07 0
5.85122e+07 0
5.85793e+07 0
5.85905e+07 0
5.87693e+07 0
6.51816e+07 0
6.52151e+07 0
6.5271e+07 0
6.5338e+07 0
6.55616e+07 0
6.55728e+07 0
6.57181e+07 0
6.57293e+07 0
6.57629e+07 0
6.5964e+07 0
6.60982e+07 0
6.61652e+07 0
6.63665e+07 0
7.32544e+07 0
7.32991e+07 0
7.33438e+07 0
7.33661e+07 0
7.3735e+07 0
7.37462e+07 0
7.40257e+07 0
7.40815e+07 0
7.41486e+07 0
7.42045e+07 0
7.43051e+07 0
7.43275e+07 0
7.43498e+07 0
7.45958e+07 0
8.139e+07 0
8.15129e+07 0
8.16247e+07 0
8.17365e+07 0
8.23959e+07 0
8.2463e+07 0
8.27312e+07 0
8.27759e+07 0
8.28765e+07 0
8.29772e+07 0
8.30219e+07 0
8.30331e+07 0
8.30554e+07 0
8.31113e+07 0
8.34802e+07 0
9.05102e+07 0
9.06108e+07 0
9.0689e+07 0
9.09237e+07 0
9.17173e+07 0
9.18626e+07 0
9.22984e+07 0
9.23208e+07 0
9.23879e+07 0
9.24996e+07 0
9.25779e+07 0
9.26114e+07 0
9.26338e+07 0
9.26561e+07 0
9.28909e+07 0
9.30363e+07 0
1.00241e+08 0
1.00543e+08 0
1.00655e+08 0
1.00767e+08 0
1.01459e+08 0
1.01538e+08 0
1.01951e+08 0
1.02029e+08 0
1.02175e+08 0
1.02409e+08 0
1.02488e+08 0
1.02555e+08 0
1.02577e+08 0
1.02588e+08 0
1.026e+08 0
1.02745e+08 0
1.03103e+08 0
1.10614e+08 0
1.10715e+08 0
1.10826e+08 0
1.10938e+08 0
1.11408e+08 0
1.1153e+08 0
1.11676e+08 0
1.12391e+08 0
1.12469e+08 0
1.12782e+08 0
1.12905e+08 0
1.13039e+08 0
1.13118e+08 0
1.13162e+08 0
1.13185e+08 0
1.13207e+08 0
1.13542e+08 0
1.13811e+08 0
1.21471e+08 0
1.21561e+08 0
1.21952e+08 0
1.22075e+08 0
1.22343e+08 0
1.22466e+08 0
1.22578e+08 0
1.22712e+08 0
1.2279e+08 0
1.23349e+08 0
1.24042e+08 0
1.24221e+08 0
1.24288e+08 0
1.24399e+08 0
1.24478e+08 0
1.24545e+08 0
1.24724e+08 0
1.24746e+08 0
1.25025e+08 0
1.33072e+08 0
1.33307e+08 0
1.33419e+08 0
1.33519e+08 0
1.33642e+08 0
1.33732e+08 0
1.33843e+08 0
1.34123e+08 0
1.34223e+08 0
1.34861e+08 0
1.35509e+08 0
1.359e+08 0
1.36012e+08 0
1.36045e+08 0
1.36101e+08 0
1.36112e+08 0
1.3647e+08 0
1.36481e+08 0
1.36504e+08 0
1.36884e+08 0
1.45049e+08 0
1.45206e+08 0
1.45295e+08 0
1.45362e+08 0
1.45675e+08 0
1.45753e+08 0
1.4582e+08 0
1.46077e+08 0
1.46189e+08 0
1.4743e+08 0
1.47575e+08 0
1.4791e+08 0
1.48324e+08 0
1.48357e+08 0
1.48402e+08 0
1.48436e+08 0
1.4886e+08 0
1.48916e+08 0
1.48961e+08 0
1.49364e+08 0
1.49375e+08 0
1.57398e+08 0
1.57823e+08 0
1.57879e+08 0
1.57924e+08 0
1.58259e+08 0
1.58527e+08 0
1.58617e+08 0
1.58941e+08 0
1.59053e+08 0
1.59433e+08 0
1.59567e+08 0
1.60863e+08 0
1.61098e+08 0
1.61154e+08 0
1.6121e+08 0
1.61254e+08 0
1.61724e+08 0
1.61769e+08 0
1.61802e+08 0
1.62417e+08 0
1.62428e+08 0
1.6245e+08 0
1.70617e+08 0
1.70852e+08 0
1.70986e+08 0
1.71053e+08 0
1.7131e+08 0
1.716e+08 0
1.71936e+08 0
1.72461e+08 0
1.72584e+08 0
1.72841e+08 0
1.73154e+08 0
1.73914e+08 0
1.74115e+08 0
1.74182e+08 0
1.74361e+08 0
1.74417e+08 0
1.74831e+08 0
1.74875e+08 0
1.74898e+08 0
1.75479e+08 0
1.75524e+08 0
1.75546e+08 0
1.83753e+08 0
1.8382e+08 0
1.84222e+08 0
1.84301e+08 0
1.84591e+08 0
1.85061e+08 0
1.85262e+08 0
1.85418e+08 0
1.8553e+08 0
1.85575e+08 0
1.85798e+08 0
1.86078e+08 0
1.87184e+08 0
1.87441e+08 0
1.87866e+08 0
1.88179e+08 0
1.88246e+08 0
1.88782e+08 0
1.88827e+08 0
1.8895e+08 0
1.89073e+08 0
1.89107e+08 0
1.89151e+08 0
1.97451e+08 0
1.97708e+08 0
1.97787e+08 0
1.98055e+08 0
1.98122e+08 0
1.98826e+08 0
1.9924e+08 0
1.9953e+08 0
2.00089e+08 0
2.0019e+08 0
2.00547e+08 0
2.00704e+08 0
2.01028e+08 0
2.01207e+08 0
2.01352e+08 0
2.01922e+08 0
2.02291e+08 0
2.02369e+08 0
2.03006e+08 0
2.03029e+08 0
2.03342e+08 0
2.03431e+08 0
2.03442e+08 0
2.03454e+08 0
2.12153e+08 0
2.12331e+08 0
2.12376e+08 0
2.12689e+08 0
2.12756e+08 0
2.1279e+08 0
2.13561e+08 0
2.14164e+08 0
2.14332e+08 0
2.14991e+08 0
2.15081e+08 0
2.15494e+08 0
2.1564e+08 0
2.15874e+08 0
2.16064e+08 0
2.1621e+08 0
2.16444e+08 0
2.16914e+08 0
2.17037e+08 0
2.17842e+08 0
2.1802e+08 0
2.18222e+08 0
2.18278e+08 0
2.18289e+08 0
2.183e+08 0
2.2763e+08 0
2.27786e+08 0
2.27853e+08 0
2.2839e+08 0
2.28479e+08 0
2.28613e+08 0
2.28703e+08 0
2.2906e+08 0
2.29127e+08 0
2.29496e+08 0
2.30424e+08 0
2.30558e+08 0
2.30692e+08 0
2.30815e+08 0
2.3105e+08 0
2.31162e+08 0
2.31631e+08 0
2.31977e+08 0
2.32469e+08 0
2.32547e+08 0
2.33375e+08 0
2.33486e+08 0
2.3371e+08 0
2.33889e+08 0
2.33911e+08 0
2.33923e+08 0
2.4375e+08 0
2.43917e+08 0
2.44007e+08 0
2.44152e+08 0
2.44208e+08 0
2.4432e+08 0
2.44432e+08 0
2.44599e+08 0
2.44923e+08 0
2.45437e+08 0
2.4556e+08 0
2.46421e+08 0
2.46488e+08 0
2.46522e+08 0
2.46589e+08 0
2.46723e+08 0
2.46834e+08 0
2.47047e+08 0
2.48075e+08 0
2.48712e+08 0
2.48757e+08 0
2.49483e+08 0
2.49662e+08 0
2.49841e+08 0
2.49908e+08 0
2.49931e+08 0
2.5002e+08 0
2.60282e+08 0
2.60461e+08 0
2.60718e+08 0
2.61177e+08 0
2.61244e+08 0
2.61333e+08 0
2.61422e+08 0
2.61914e+08 0
2.62004e+08 0
2.62529e+08 0
2.62607e+08 0
2.62719e+08 0
2.63043e+08 0
2.63099e+08 0
2.63289e+08 0
2.63322e+08 0
2.63401e+08 0
2.63512e+08 0
2.6377e+08 0
2.64641e+08 0
2.65658e+08 0
2.65681e+08 0
2.6634e+08 0
2.66396e+08 0
2.66642e+08 0
2.66653e+08 0
2.66687e+08 0
2.66721e+08 0
2.77411e+08 0
2.77947e+08 0
2.78104e+08 0
2.78517e+08 0
2.78618e+08 0
2.7873e+08 0
2.7883e+08 0
2.79221e+08 0
2.79434e+08 0
2.79523e+08 0
2.7959e+08 0
2.79646e+08 0
2.79758e+08 0
2.80227e+08 0
2.80328e+08 0
2.8054e+08 0
2.8073e+08 0
2.80809e+08 0
2.80909e+08 0
2.81144e+08 0
2.82049e+08 0
2.82731e+08 0
2.82776e+08 0
2.83547e+08 0
2.83804e+08 0
2.83905e+08 0
2.83927e+08 0
2.8395e+08 0
2.83961e+08 0
2.95231e+08 0
2.95701e+08 0
2.96014e+08 0
2.96181e+08 0
2.96315e+08 0
2.96394e+08 0
2.96729e+08 0
2.96818e+08 0
2.96863e+08 0
2.96952e+08 0
2.97031e+08 0
2.97165e+08 0
2.97243e+08 0
2.97344e+08 0
2.97578e+08 0
2.97947e+08 0
2.98148e+08 0
2.98551e+08 0
2.98629e+08 0
2.98674e+08 0
2.98875e+08 0
2.99903e+08 0
3.00574e+08 0
3.0063e+08 0
3.01569e+08 0
3.01613e+08 0
3.01759e+08 0
3.0177e+08 0
3.01815e+08 0
3.01826e+08 0
3.13492e+08 0
3.1395e+08 0
3.14129e+08 0
3.1442e+08 0
3.14509e+08 0
3.14588e+08 0
3.14666e+08 0
3.14755e+08 0
3.14856e+08 0
3.14945e+08 0
3.15079e+08 0
3.15202e+08 0
3.15258e+08 0
3.15325e+08 0
3.15415e+08 0
3.15571e+08 0
3.16219e+08 0
3.16476e+08 0
3.1689e+08 0
3.16957e+08 0
3.17002e+08 0
3.17292e+08 0
3.186e+08 0
3.18958e+08 0
3.19002e+08 0
3.19975e+08 0
3.20031e+08 0
3.20165e+08 0
3.20187e+08 0
3.2021e+08 0
3.20255e+08 0
3.32321e+08 0
3.32657e+08 0
3.32914e+08 0
3.33126e+08 0
3.33216e+08 0
3.33316e+08 0
3.33372e+08 0
3.3345e+08 0
3.33707e+08 0
3.33752e+08 0
3.33808e+08 0
3.33897e+08 0
3.33976e+08 0
3.34233e+08 0
3.34367e+08 0
3.34456e+08 0
3.34601e+08 0
3.35261e+08 0
3.35484e+08 0
3.35809e+08 0
3.35887e+08 0
3.35943e+08 0
3.363e+08 0
3.37608e+08 0
3.38022e+08 0
3.38055e+08 0
3.39162e+08 0
3.39184e+08 0
3.39274e+08 0
3.39296e+08 0
3.3933e+08 0
3.39374e+08 0
3.51802e+08 0
3.51925e+08 0
3.52048e+08 0
3.52138e+08 0
3.52316e+08 0
3.52417e+08 0
3.52506e+08 0
3.52596e+08 0
3.52663e+08 0
3.52965e+08 0
3.5311e+08 0
3.53199e+08 0
3.53267e+08 0
3.53702e+08 0
3.53781e+08 0
3.5396e+08 0
3.53993e+08 0
3.54138e+08 0
3.54641e+08 0
3.5501e+08 0
3.55334e+08 0
3.55379e+08 0
3.55915e+08 0
3.56128e+08 0
3.57067e+08 0
3.57693e+08 0
3.57704e+08 0
3.58799e+08 0
3.58833e+08 0
3.58967e+08 0
3.58978e+08 0
3.59012e+08 0
3.59034e+08 0
3.70918e+08 0
3.71488e+08 0
3.71589e+08 0
3.71935e+08 0
3.72024e+08 0
3.72125e+08 0
3.72539e+08 0
3.72639e+08 0
3.72773e+08 0
3.73042e+08 0
3.73109e+08 0
3.73131e+08 0
3.73153e+08 0
3.73824e+08 0
3.73992e+08 0
3.74104e+08 0
3.74171e+08 0
3.74204e+08 0
3.74372e+08 0
3.75221e+08 0
3.75311e+08 0
3.75646e+08 0
3.75713e+08 0
3.75914e+08 0
3.76283e+08 0
3.77423e+08 0
3.78116e+08 0
3.78149e+08 0
3.79133e+08 0
3.79167e+08 0
3.79324e+08 0
3.79346e+08 0
3.79368e+08 0
3.79413e+08 0
3.91475e+08 0
3.92201e+08 0
3.92358e+08 0
3.92883e+08 0
3.92928e+08 0
3.92972e+08 0
3.93241e+08 0
3.93319e+08 0
3.93408e+08 0
3.93632e+08 0
3.93688e+08 0
3.93744e+08 0
3.93766e+08 0
3.94325e+08 0
3.94548e+08 0
3.94839e+08 0
3.9494e+08 0
3.95163e+08 0
3.9523e+08 0
3.95342e+08 0
3.95946e+08 0
3.96102e+08 0
3.96348e+08 0
3.96415e+08 0
3.9684e+08 0
3.96907e+08 0
3.98259e+08 0
3.99109e+08 0
3.99131e+08 0
3.99947e+08 0
3.99981e+08 0
4.00216e+08 0
4.00227e+08 0
4.00238e+08 0
4.00249e+08 0
4.12324e+08 0
4.13665e+08 0
4.13788e+08 0
4.14213e+08 0
4.14302e+08 0
4.14336e+08 0
4.14526e+08 0
4.14537e+08 0
4.14616e+08 0
4.14973e+08 0
4.15107e+08 0
4.15186e+08 0
4.15208e+08 0
4.15476e+08 0
4.15901e+08 0
4.16359e+08 0
4.16393e+08 0
4.16605e+08 0
4.16695e+08 0
4.16773e+08 0
4.16829e+08 0
4.17656e+08 0
4.17779e+08 0
4.1798e+08 0
4.18192e+08 0
4.18539e+08 0
4.18606e+08 0
4.19791e+08 0
4.20897e+08 0
4.20919e+08 0
4.21501e+08 0
4.21557e+08 0
4.21781e+08 0
4.21825e+08 0
4.21859e+08 0
4.21892e+08 0
4.34333e+08 0
4.35607e+08 0
4.35707e+08 0
4.36054e+08 0
4.36121e+08 0
4.36222e+08 0
4.36311e+08 0
4.36322e+08 0
4.36389e+08 0
4.36736e+08 0
4.36848e+08 0
4.36904e+08 0
4.3696e+08 0
4.3734e+08 0
4.37708e+08 0
4.37966e+08 0
4.37999e+08 0
4.38044e+08 0
4.38088e+08 0
4.38234e+08 0
4.38301e+08 0
4.39709e+08 0
4.39765e+08 0
4.39821e+08 0
4.39866e+08 0
4.4e+08 0
4.40592e+08 0
4.40748e+08 0
4.42045e+08 0
4.42973e+08 0
4.42984e+08 0
4.43644e+08 0
4.43688e+08 0
4.43744e+08 0
4.43778e+08 0
4.43811e+08 0
4.43856e+08 0
4.57023e+08 0
4.57962e+08 0
4.58074e+08 0
4.58365e+08 0
4.58465e+08 0
4.58499e+08 0
4.58801e+08 0
4.58812e+08 0
4.58879e+08 0
4.59103e+08 0
4.59281e+08 0
4.59337e+08 0
4.59438e+08 0
4.59896e+08 0
4.60142e+08 0
4.60231e+08 0
4.60287e+08 0
4.60489e+08 0
4.60511e+08 0
4.60813e+08 0
4.60869e+08 0
4.62377e+08 0
4.62422e+08 0
4.62489e+08 0
4.62567e+08 0
4.62646e+08 0
4.62679e+08 0
4.63517e+08 0
4.63562e+08 0
4.64836e+08 0
4.65585e+08 0
4.65641e+08 0
4.66446e+08 0
4.6648e+08 0
4.66513e+08 0
4.66536e+08 0
4.66569e+08 0
4.66636e+08 0
4.80239e+08 0
4.80686e+08 0
4.80876e+08 0
4.81256e+08 0
4.81323e+08 0
4.81356e+08 0
4.81792e+08 0
4.81815e+08 0
4.81871e+08 0
4.82106e+08 0
4.82486e+08 0
4.82497e+08 0
4.82519e+08 0
4.82743e+08 0
4.83134e+08 0
4.83424e+08 0
4.83436e+08 0
4.83503e+08 0
4.83793e+08 0
4.83871e+08 0
4.83905e+08 0
4.8566e+08 0
4.85727e+08 0
4.85805e+08 0
4.85872e+08 0
4.85928e+08 0
4.85995e+08 0
4.86051e+08 0
4.8718e+08 0
4.87426e+08 0
4.88331e+08 0
4.88867e+08 0
4.89046e+08 0
4.89695e+08 0
4.89706e+08 0
4.89818e+08 0
4.89829e+08 0
4.8984e+08 0
4.89896e+08 0
5.03232e+08 0
5.03657e+08 0
5.03947e+08 0
5.04573e+08 0
5.04707e+08 0
5.04786e+08 0
5.05333e+08 0
5.05356e+08 0
5.05412e+08 0
5.05658e+08 0
5.06049e+08 0
5.06082e+08 0
5.06161e+08 0
5.06418e+08 0
5.06775e+08 0
5.07166e+08 0
5.07211e+08 0
5.07502e+08 0
5.07613e+08 0
5.07658e+08 0
5.07725e+08 0
5.09357e+08 0
5.09491e+08 0
5.09636e+08 0
5.09704e+08 0
5.09771e+08 0
5.0986e+08 0
5.09938e+08 0
5.09994e+08 0
5.11346e+08 0
5.11894e+08 0
5.12341e+08 0
5.12822e+08 0
5.12867e+08 0
5.13426e+08 0
5.1347e+08 0
5.13582e+08 0
5.13627e+08 0
5.1366e+08 0
5.1375e+08 0
5.26914e+08 0
5.27238e+08 0
5.27797e+08 0
5.28613e+08 0
5.28736e+08 0
5.28769e+08 0
5.29418e+08 0
5.29429e+08 0
5.29887e+08 0
5.29943e+08 0
5.30424e+08 0
5.30491e+08 0
5.30558e+08 0
5.30659e+08 0
5.3096e+08 0
5.31083e+08 0
5.31776e+08 0
5.31821e+08 0
5.31854e+08 0
5.31921e+08 0
5.31977e+08 0
5.33017e+08 0
5.33341e+08 0
5.33453e+08 0
5.33855e+08 0
5.339e+08 0
5.34067e+08 0
5.34123e+08 0
5.34436e+08 0
5.34548e+08 0
5.35845e+08 0
5.36694e+08 0
5.36884e+08 0
5.37253e+08 0
5.37264e+08 0
5.3779e+08 0
5.37812e+08 0
5.37901e+08 0
5.37957e+08 0
5.38013e+08 0
5.38147e+08 0
5.50697e+08 0
5.51144e+08 0
5.51446e+08 0
5.53267e+08 0
5.5348e+08 0
5.53491e+08 0
5.54464e+08 0
5.5452e+08 0
5.54609e+08 0
5.54642e+08 0
5.55324e+08 0
5.55414e+08 0
5.55503e+08 0
5.55626e+08 0
5.5585e+08 0
5.55984e+08 0
5.56118e+08 0
5.56185e+08 0
5.56263e+08 0
5.56352e+08 0
5.56487e+08 0
5.57727e+08 0
5.58118e+08 0
5.58197e+08 0
5.58476e+08 0
5.58968e+08 0
5.5927e+08 0
5.59415e+08 0
5.60074e+08 0
5.60164e+08 0
5.60276e+08 0
5.61449e+08 0
5.61919e+08 0
5.62008e+08 0
5.62187e+08 0
5.62198e+08 0
5.62779e+08 0
5.62813e+08 0
5.62914e+08 0
5.62947e+08 0
5.63003e+08 0
5.63059e+08 0
5.75667e+08 0
5.76092e+08 0
5.76259e+08 0
5.78584e+08 0
5.78875e+08 0
5.78908e+08 0
5.79993e+08 0
5.80037e+08 0
5.80082e+08 0
5.80183e+08 0
5.8035e+08 0
5.80451e+08 0
5.80518e+08 0
5.8063e+08 0
5.80764e+08 0
5.80887e+08 0
5.81043e+08 0
5.81177e+08 0
5.81312e+08 0
5.81468e+08 0
5.81624e+08 0
5.83312e+08 0
5.83715e+08 0
5.8386e+08 0
5.84039e+08 0
5.85402e+08 0
5.85536e+08 0
5.85615e+08 0
5.85983e+08 0
5.86274e+08 0
5.86442e+08 0
5.86576e+08 0
5.87101e+08 0
5.87448e+08 0
5.87492e+08 0
5.87783e+08 0
5.87839e+08 0
5.88409e+08 0
5.88454e+08 0
5.88498e+08 0
5.88588e+08 0
5.8861e+08 0
5.88677e+08 0
6.01187e+08 0
6.01545e+08 0
6.02148e+08 0
6.04305e+08 0
6.04686e+08 0
6.04708e+08 0
6.05602e+08 0
6.05647e+08 0
6.05703e+08 0
6.05748e+08 0
6.05837e+08 0
6.05915e+08 0
6.06016e+08 0
6.06105e+08 0
6.06161e+08 0
6.06262e+08 0
6.06362e+08 0
6.06496e+08 0
6.06619e+08 0
6.06787e+08 0
6.06944e+08 0
6.08989e+08 0
6.09771e+08 0
6.09905e+08 0
6.10084e+08 0
6.11727e+08 0
6.11817e+08 0
6.11951e+08 0
6.12074e+08 0
6.12185e+08 0
6.12264e+08 0
6.12387e+08 0
6.12498e+08 0
6.13191e+08 0
6.13571e+08 0
6.13605e+08 0
6.13828e+08 0
6.13963e+08 0
6.14466e+08 0
6.1451e+08 0
6.14555e+08 0
6.14589e+08 0
6.14622e+08 0
6.14712e+08 0
6.20959e+08 0
6.2097e+08 0
6.21004e+08 0
