634321 0
1.22664e+06 0
1.81896e+06 0
2.41128e+06 0
3.00361e+06 0
3.59594e+06 0
4.18831e+06 0
4.78073e+06 0
5.37322e+06 0
5.96586e+06 0
6.55886e+06 0
7.24305e+06 0
8.18159e+06 0
8.20394e+06 0
9.60285e+06 0
9.71461e+06 0
1.12843e+07 0
1.13066e+07 0
1.14408e+07 0
1.43032e+07 0
1.43591e+07 0
1.44038e+07 0
1.44485e+07 0
1.6817e+07 0
1.71188e+07 0
1.75546e+07 0
1.75882e+07 0
1.76329e+07 0
2.07166e+07 0
2.11637e+07 0
2.1432e+07 0
2.14878e+07 0
2.15549e+07 0
2.16331e+07 0
2.45243e+07 0
2.50943e+07 0
2.5139e+07 0
2.53179e+07 0
2.5385e+07 0
2.55415e+07 0
2.56197e+07 0
2.88957e+07 0
2.92757e+07 0
2.93763e+07 0
2.98569e+07 0
2.99016e+07 0
3.01922e+07 0
3.02593e+07 0
3.40945e+07 0
3.41839e+07 0
3.46086e+07 0
3.46645e+07 0
3.47762e+07 0
3.48097e+07 0
3.48656e+07 0
3.49215e+07 0
3.93057e+07 0
3.93951e+07 0
3.94957e+07 0
3.96186e+07 0
3.96857e+07 0
3.97863e+07 0
3.98757e+07 0
4.00546e+07 0
4.01216e+07 0
4.51547e+07 0
4.52442e+07 0
4.53336e+07 0
4.54006e+07 0
4.55236e+07 0
4.57247e+07 0
4.59036e+07 0
4.5993e+07 0
4.63395e+07 0
4.64401e+07 0
5.19256e+07 0
5.20262e+07 0
5.21827e+07 0
5.2328e+07 0
5.24398e+07 0
5.25516e+07 0
5.26633e+07 0
5.26969e+07 0
5.27639e+07 0
5.28086e+07 0
5.29092e+07 0
5.82666e+07 0
5.84342e+07 0
5.85348e+07 0
5.86354e+07 0
5.96301e+07 0
5.96972e+07 0
5.97866e+07 0
5.98649e+07 0
5.99878e+07 0
6.00772e+07 0
6.01443e+07 0
6.02002e+07 0
6.59826e+07 0
6.60385e+07 0
6.60832e+07 0
6.61727e+07 0
6.70333e+07 0
6.7268e+07 0
6.73574e+07 0
6.74468e+07 0
6.74804e+07 0
6.75363e+07 0
6.76033e+07 0
6.77822e+07 0
6.7838e+07 0
7.37835e+07 0
7.38953e+07 0
7.4007e+07 0
7.41076e+07 0
7.48899e+07 0
7.54599e+07 0
7.55717e+07 0
7.56053e+07 0
7.565e+07 0
7.56947e+07 0
7.58177e+07 0
7.59183e+07 0
7.60301e+07 0
7.60972e+07 0
8.34322e+07 0
8.41476e+07 0
8.42482e+07 0
8.42817e+07 0
8.43153e+07 0
8.436e+07 0
8.4427e+07 0
8.44829e+07 0
8.45053e+07 0
8.46171e+07 0
8.48966e+07 0
8.4919e+07 0
8.49637e+07 0
8.49972e+07 0
8.50196e+07 0
9.23231e+07 0
9.33402e+07 0
9.36085e+07 0
9.36644e+07 0
9.36979e+07 0
9.37538e+07 0
9.37986e+07 0
9.38544e+07 0
9.4011e+07 0
9.40445e+07 0
9.41899e+07 0
9.42123e+07 0
9.42458e+07 0
9.4257e+07 0
9.42681e+07 0
9.42905e+07 0
1.02264e+08 0
1.0327e+08 0
1.03594e+08 0
1.03672e+08 0
1.03683e+08 0
1.03829e+08 0
1.03885e+08 0
1.03918e+08 0
1.04097e+08 0
1.04119e+08 0
1.04175e+08 0
1.04198e+08 0
1.04231e+08 0
1.04276e+08 0
1.04287e+08 0
1.04298e+08 0
1.04332e+08 0
1.13004e+08 0
1.13898e+08 0
1.14144e+08 0
1.14233e+08 0
1.14255e+08 0
1.14345e+08 0
1.1439e+08 0
1.14446e+08 0
1.1468e+08 0
1.14736e+08 0
1.1487e+08 0
1.14893e+08 0
1.14926e+08 0
1.1496e+08 0
1.14971e+08 0
1.14982e+08 0
1.14993e+08 0
1.15004e+08 0
1.24343e+08 0
1.25036e+08 0
1.2536e+08 0
1.25371e+08 0
1.25483e+08 0
1.25696e+08 0
1.25774e+08 0
1.25975e+08 0
1.2602e+08 0
1.26064e+08 0
1.26109e+08 0
1.26165e+08 0
1.2621e+08 0
1.26232e+08 0
1.26254e+08 0
1.26288e+08 0
1.26299e+08 0
1.26322e+08 0
1.26333e+08 0
1.36128e+08 0
1.36832e+08 0
1.37246e+08 0
1.3729e+08 0
1.37447e+08 0
1.37592e+08 0
1.37816e+08 0
1.37861e+08 0
1.37905e+08 0
1.37939e+08 0
1.37972e+08 0
1.38017e+08 0
1.38051e+08 0
1.38084e+08 0
1.38107e+08 0
1.38129e+08 0
1.38151e+08 0
1.38174e+08 0
1.38207e+08 0
1.3823e+08 0
1.48159e+08 0
1.49277e+08 0
1.49802e+08 0
1.49814e+08 0
1.49825e+08 0
1.49903e+08 0
1.50205e+08 0
1.50227e+08 0
1.50373e+08 0
1.50417e+08 0
1.5044e+08 0
1.50462e+08 0
1.50496e+08 0
1.50529e+08 0
1.50563e+08 0
1.50585e+08 0
1.50596e+08 0
1.50619e+08 0
1.50641e+08 0
1.50652e+08 0
1.50663e+08 0
1.6091e+08 0
1.62251e+08 0
1.6281e+08 0
1.62821e+08 0
1.62832e+08 0
1.62956e+08 0
1.63034e+08 0
1.6328e+08 0
1.63459e+08 0
1.63503e+08 0
1.63526e+08 0
1.63582e+08 0
1.63615e+08 0
1.63626e+08 0
1.63637e+08 0
1.63649e+08 0
1.6366e+08 0
1.63671e+08 0
1.63693e+08 0
1.63727e+08 0
1.63749e+08 0
1.6376e+08 0
1.73804e+08 0
1.75224e+08 0
1.75794e+08 0
1.75861e+08 0
1.75895e+08 0
1.76107e+08 0
1.76152e+08 0
1.7642e+08 0
1.76521e+08 0
1.76543e+08 0
1.76565e+08 0
1.76588e+08 0
1.76633e+08 0
1.76666e+08 0
1.767e+08 0
1.76711e+08 0
1.76733e+08 0
1.76744e+08 0
1.76767e+08 0
1.76823e+08 0
1.76856e+08 0
1.7689e+08 0
1.8737e+08 0
1.87393e+08 0
1.88801e+08 0
1.89427e+08 0
1.89495e+08 0
1.89528e+08 0
1.89763e+08 0
1.89819e+08 0
1.90054e+08 0
1.90132e+08 0
1.90177e+08 0
1.90199e+08 0
1.90288e+08 0
1.90311e+08 0
1.90322e+08 0
1.90367e+08 0
1.90434e+08 0
1.90445e+08 0
1.90456e+08 0
1.90467e+08 0
1.90534e+08 0
1.90546e+08 0
1.90557e+08 0
2.01426e+08 0
2.01683e+08 0
2.01717e+08 0
2.02969e+08 0
2.03696e+08 0
2.03752e+08 0
2.03763e+08 0
2.04065e+08 0
2.04176e+08 0
2.04244e+08 0
2.04299e+08 0
2.04344e+08 0
2.04378e+08 0
2.04512e+08 0
2.04523e+08 0
2.04579e+08 0
2.04612e+08 0
2.04657e+08 0
2.04702e+08 0
2.04724e+08 0
2.04747e+08 0
2.04791e+08 0
2.04814e+08 0
2.04825e+08 0
2.15976e+08 0
2.16088e+08 0
2.16479e+08 0
2.17821e+08 0
2.17843e+08 0
2.18503e+08 0
2.18536e+08 0
2.1857e+08 0
2.1876e+08 0
2.18872e+08 0
2.19051e+08 0
2.19118e+08 0
2.19163e+08 0
2.19218e+08 0
2.19297e+08 0
2.19319e+08 0
2.19386e+08 0
2.19409e+08 0
2.19442e+08 0
2.19487e+08 0
2.19498e+08 0
2.1952e+08 0
2.1961e+08 0
2.19621e+08 0
2.19643e+08 0
2.31369e+08 0
2.31458e+08 0
2.31548e+08 0
2.33347e+08 0
2.3337e+08 0
2.33392e+08 0
2.33906e+08 0
2.33951e+08 0
2.34018e+08 0
2.34253e+08 0
2.34354e+08 0
2.3441e+08 0
2.34466e+08 0
2.3451e+08 0
2.34533e+08 0
2.34555e+08 0
2.346e+08 0
2.347e+08 0
2.34756e+08 0
2.3479e+08 0
2.34801e+08 0
2.34812e+08 0
2.34823e+08 0
2.3498e+08 0
2.35002e+08 0
2.35025e+08 0
2.47441e+08 0
2.47519e+08 0
2.4762e+08 0
2.4933e+08 0
2.49397e+08 0
2.49431e+08 0
2.49878e+08 0
2.499e+08 0
2.50023e+08 0
2.50102e+08 0
2.50348e+08 0
2.50426e+08 0
2.50448e+08 0
2.50493e+08 0
2.50571e+08 0
2.50627e+08 0
2.50661e+08 0
2.50706e+08 0
2.50728e+08 0
2.50806e+08 0
2.50873e+08 0
2.50896e+08 0
2.50929e+08 0
2.5094e+08 0
2.51041e+08 0
2.51052e+08 0
2.51063e+08 0
2.63835e+08 0
2.63981e+08 0
2.6407e+08 0
2.65971e+08 0
2.65993e+08 0
2.66015e+08 0
2.66552e+08 0
2.66597e+08 0
2.66608e+08 0
2.6672e+08 0
2.66753e+08 0
2.6691e+08 0
2.67089e+08 0
2.67111e+08 0
2.67145e+08 0
2.67268e+08 0
2.67324e+08 0
2.67346e+08 0
2.67391e+08 0
2.67435e+08 0
2.67491e+08 0
2.67525e+08 0
2.67581e+08 0
2.67614e+08 0
2.67626e+08 0
2.67816e+08 0
2.67849e+08 0
2.67872e+08 0
2.80789e+08 0
2.80979e+08 0
2.81169e+08 0
2.83327e+08 0
2.8336e+08 0
2.83394e+08 0
2.83796e+08 0
2.83874e+08 0
2.83897e+08 0
2.83941e+08 0
2.83964e+08 0
2.83975e+08 0
2.84333e+08 0
2.84478e+08 0
2.84501e+08 0
2.84512e+08 0
2.8459e+08 0
2.84601e+08 0
2.84657e+08 0
2.84713e+08 0
2.84769e+08 0
2.84791e+08 0
2.84836e+08 0
2.84858e+08 0
2.84926e+08 0
2.84959e+08 0
2.85138e+08 0
2.85172e+08 0
2.85183e+08 0
2.98404e+08 0
2.98583e+08 0
2.98728e+08 0
3.01199e+08 0
3.01266e+08 0
3.01322e+08 0
3.01557e+08 0
3.01669e+08 0
3.01702e+08 0
3.01736e+08 0
3.01747e+08 0
3.01758e+08 0
3.01792e+08 0
3.02183e+08 0
3.02306e+08 0
3.02329e+08 0
3.02351e+08 0
3.02429e+08 0
3.02474e+08 0
3.02507e+08 0
3.02597e+08 0
3.02675e+08 0
3.0272e+08 0
3.02731e+08 0
3.02753e+08 0
3.02843e+08 0
3.02854e+08 0
3.02955e+08 0
3.03044e+08 0
3.03056e+08 0
3.16396e+08 0
3.16541e+08 0
3.16709e+08 0
3.19649e+08 0
3.19738e+08 0
3.19749e+08 0
3.20029e+08 0
3.20074e+08 0
3.20107e+08 0
3.20118e+08 0
3.20174e+08 0
3.20197e+08 0
3.20219e+08 0
3.2023e+08 0
3.20633e+08 0
3.20678e+08 0
3.20722e+08 0
3.20767e+08 0
3.20879e+08 0
3.20935e+08 0
3.21002e+08 0
3.2108e+08 0
3.21136e+08 0
3.21181e+08 0
3.21214e+08 0
3.21259e+08 0
3.21315e+08 0
3.21337e+08 0
3.21449e+08 0
3.21528e+08 0
3.2155e+08 0
3.35234e+08 0
3.35312e+08 0
3.35368e+08 0
3.38598e+08 0
3.38766e+08 0
3.38855e+08 0
3.3899e+08 0
3.39023e+08 0
3.39046e+08 0
3.39057e+08 0
3.39101e+08 0
3.39113e+08 0
3.39146e+08 0
3.39157e+08 0
3.39169e+08 0
3.39594e+08 0
3.39627e+08 0
3.3965e+08 0
3.39694e+08 0
3.39762e+08 0
3.39817e+08 0
3.39873e+08 0
3.39963e+08 0
3.40019e+08 0
3.40075e+08 0
3.40119e+08 0
3.40175e+08 0
3.40253e+08 0
3.40287e+08 0
3.40388e+08 0
3.40477e+08 0
3.405e+08 0
3.54545e+08 0
3.54668e+08 0
3.54769e+08 0
3.582e+08 0
3.58256e+08 0
3.58458e+08 0
3.58569e+08 0
3.58614e+08 0
3.58625e+08 0
3.58636e+08 0
3.5867e+08 0
3.58704e+08 0
3.58726e+08 0
3.58737e+08 0
3.58759e+08 0
3.59151e+08 0
3.59174e+08 0
3.59263e+08 0
3.5933e+08 0
3.59341e+08 0
3.59375e+08 0
3.5942e+08 0
3.59498e+08 0
3.59543e+08 0
3.59565e+08 0
3.59598e+08 0
3.59654e+08 0
3.5971e+08 0
3.59811e+08 0
3.59833e+08 0
3.599e+08 0
3.60023e+08 0
3.60057e+08 0
3.74574e+08 0
3.74853e+08 0
3.74954e+08 0
3.78173e+08 0
3.78251e+08 0
3.7852e+08 0
3.78676e+08 0
3.78766e+08 0
3.78788e+08 0
3.78799e+08 0
3.78822e+08 0
3.78833e+08 0
3.78866e+08 0
3.78889e+08 0
3.78922e+08 0
3.79303e+08 0
3.79348e+08 0
3.79381e+08 0
3.79459e+08 0
3.79493e+08 0
3.79538e+08 0
3.79571e+08 0
3.79627e+08 0
3.79661e+08 0
3.79694e+08 0
3.79716e+08 0
3.79761e+08 0
3.79817e+08 0
3.79862e+08 0
3.7994e+08 0
3.79962e+08 0
3.80041e+08 0
3.80153e+08 0
3.80242e+08 0
3.95332e+08 0
3.95667e+08 0
3.95734e+08 0
3.98886e+08 0
3.9892e+08 0
3.98976e+08 0
3.99367e+08 0
3.99468e+08 0
3.9949e+08 0
3.99501e+08 0
3.99568e+08 0
3.99591e+08 0
3.99602e+08 0
3.99613e+08 0
3.99636e+08 0
4.00173e+08 0
4.0024e+08 0
4.00262e+08 0
4.00307e+08 0
4.0034e+08 0
4.00385e+08 0
4.0043e+08 0
4.00553e+08 0
4.00575e+08 0
4.0062e+08 0
4.00653e+08 0
4.00664e+08 0
4.00687e+08 0
4.00709e+08 0
4.0072e+08 0
4.00743e+08 0
4.00788e+08 0
4.00877e+08 0
4.00967e+08 0
4.01056e+08 0
4.16466e+08 0
4.16902e+08 0
4.16969e+08 0
4.20143e+08 0
4.20222e+08 0
4.20278e+08 0
4.20468e+08 0
4.20479e+08 0
4.20512e+08 0
4.20546e+08 0
4.20613e+08 0
4.20646e+08 0
4.2068e+08 0
4.20714e+08 0
4.20747e+08 0
4.21385e+08 0
4.21474e+08 0
4.21575e+08 0
4.21631e+08 0
4.21709e+08 0
4.21743e+08 0
4.21776e+08 0
4.2181e+08 0
4.21921e+08 0
4.21955e+08 0
4.22e+08 0
4.22011e+08 0
4.22022e+08 0
4.22033e+08 0
4.22044e+08 0
4.22056e+08 0
4.22067e+08 0
4.22089e+08 0
4.2219e+08 0
4.22335e+08 0
4.22369e+08 0
4.38329e+08 0
4.38665e+08 0
4.38765e+08 0
4.42074e+08 0
4.42141e+08 0
4.42197e+08 0
4.42298e+08 0
4.42376e+08 0
4.42443e+08 0
4.42465e+08 0
4.42521e+08 0
4.42588e+08 0
4.42611e+08 0
4.42644e+08 0
4.42689e+08 0
4.43226e+08 0
4.43282e+08 0
4.43304e+08 0
4.43405e+08 0
4.43573e+08 0
4.43673e+08 0
4.43718e+08 0
4.43763e+08 0
4.43796e+08 0
4.43852e+08 0
4.43875e+08 0
4.43942e+08 0
4.43953e+08 0
4.43975e+08 0
4.43998e+08 0
4.44031e+08 0
4.44065e+08 0
4.44076e+08 0
4.44098e+08 0
4.44143e+08 0
4.443e+08 0
4.44345e+08 0
4.60664e+08 0
4.60943e+08 0
4.61155e+08 0
4.64319e+08 0
4.64643e+08 0
4.64699e+08 0
4.64744e+08 0
4.64811e+08 0
4.64833e+08 0
4.64889e+08 0
4.64934e+08 0
4.64945e+08 0
4.64979e+08 0
4.65023e+08 0
4.65046e+08 0
4.65683e+08 0
4.65706e+08 0
4.65762e+08 0
4.65806e+08 0
4.65818e+08 0
4.6584e+08 0
4.65885e+08 0
4.65918e+08 0
4.65963e+08 0
4.65996e+08 0
4.66075e+08 0
4.66142e+08 0
4.66276e+08 0
4.66399e+08 0
4.6641e+08 0
4.66432e+08 0
4.66477e+08 0
4.66488e+08 0
4.66511e+08 0
4.66522e+08 0
4.66578e+08 0
4.66779e+08 0
4.66958e+08 0
4.83612e+08 0
4.83902e+08 0
4.84014e+08 0
4.873e+08 0
4.87658e+08 0
4.87703e+08 0
4.87748e+08 0
4.87792e+08 0
4.87803e+08 0
4.87871e+08 0
4.8796e+08 0
4.87994e+08 0
4.88027e+08 0
4.88049e+08 0
4.88083e+08 0
4.88777e+08 0
4.88788e+08 0
4.88866e+08 0
4.88889e+08 0
4.88956e+08 0
4.89e+08 0
4.89045e+08 0
4.89112e+08 0
4.89146e+08 0
4.89168e+08 0
4.89213e+08 0
4.89291e+08 0
4.89336e+08 0
4.89436e+08 0
4.89503e+08 0
4.89514e+08 0
4.89548e+08 0
4.89604e+08 0
4.89626e+08 0
4.89649e+08 0
4.89671e+08 0
4.89705e+08 0
4.89985e+08 0
4.90085e+08 0
5.06938e+08 0
5.07273e+08 0
5.07363e+08 0
5.10884e+08 0
5.11253e+08 0
5.11286e+08 0
5.11331e+08 0
5.1142e+08 0
5.11454e+08 0
5.11476e+08 0
5.11543e+08 0
5.11566e+08 0
5.11588e+08 0
5.11655e+08 0
5.11689e+08 0
5.12449e+08 0
5.12517e+08 0
5.12651e+08 0
5.12695e+08 0
5.12807e+08 0
5.12841e+08 0
5.12874e+08 0
5.12919e+08 0
5.12964e+08 0
5.12997e+08 0
5.13031e+08 0
5.13064e+08 0
5.13087e+08 0
5.13131e+08 0
5.13198e+08 0
5.13243e+08 0
5.13254e+08 0
5.13277e+08 0
5.13322e+08 0
5.13333e+08 0
5.13344e+08 0
5.13355e+08 0
5.13366e+08 0
5.13713e+08 0
5.13736e+08 0
5.31245e+08 0
5.31692e+08 0
5.3177e+08 0
5.35224e+08 0
5.35403e+08 0
5.35537e+08 0
5.35638e+08 0
5.35772e+08 0
5.35806e+08 0
5.3585e+08 0
5.35895e+08 0
5.35917e+08 0
5.3594e+08 0
5.35984e+08 0
5.36029e+08 0
5.37036e+08 0
5.37081e+08 0
5.37192e+08 0
5.37293e+08 0
5.37327e+08 0
5.37382e+08 0
5.37416e+08 0
5.37461e+08 0
5.37494e+08 0
5.37505e+08 0
5.37528e+08 0
5.3755e+08 0
5.37561e+08 0
5.37595e+08 0
5.37606e+08 0
5.37629e+08 0
5.3764e+08 0
5.37673e+08 0
5.37684e+08 0
5.37718e+08 0
5.37729e+08 0
5.3774e+08 0
5.37752e+08 0
5.37763e+08 0
5.38154e+08 0
5.38188e+08 0
5.56021e+08 0
5.56423e+08 0
5.56602e+08 0
5.59989e+08 0
5.60212e+08 0
5.60324e+08 0
5.60369e+08 0
5.60559e+08 0
5.60592e+08 0
5.60693e+08 0
5.60771e+08 0
5.60794e+08 0
5.60816e+08 0
5.60838e+08 0
5.60883e+08 0
5.62069e+08 0
5.62102e+08 0
5.62169e+08 0
5.62203e+08 0
5.62248e+08 0
5.62292e+08 0
5.62326e+08 0
5.62348e+08 0
5.62382e+08 0
5.62393e+08 0
5.62404e+08 0
5.62415e+08 0
5.62427e+08 0
5.6246e+08 0
5.62471e+08 0
5.62494e+08 0
5.62516e+08 0
5.62539e+08 0
5.62572e+08 0
5.62583e+08 0
5.62684e+08 0
5.62717e+08 0
5.6274e+08 0
5.62762e+08 0
5.62785e+08 0
5.63098e+08 0
5.63131e+08 0
5.81088e+08 0
5.81893e+08 0
5.82039e+08 0
5.85258e+08 0
5.85615e+08 0
5.85738e+08 0
5.85794e+08 0
5.85884e+08 0
5.85951e+08 0
5.86141e+08 0
5.86152e+08 0
5.86197e+08 0
5.86219e+08 0
5.86275e+08 0
5.86286e+08 0
5.8755e+08 0
5.87606e+08 0
5.87651e+08 0
5.87684e+08 0
5.87729e+08 0
5.87774e+08 0
5.87807e+08 0
5.87841e+08 0
5.87852e+08 0
5.87863e+08 0
5.87875e+08 0
5.87886e+08 0
5.87975e+08 0
5.8802e+08 0
5.88065e+08 0
5.88098e+08 0
5.88109e+08 0
5.88143e+08 0
5.88177e+08 0
5.8821e+08 0
5.88221e+08 0
5.88288e+08 0
5.88311e+08 0
5.88355e+08 0
5.88367e+08 0
5.88378e+08 0
5.88657e+08 0
5.88669e+08 0
6.07313e+08 0
6.08263e+08 0
6.08431e+08 0
6.10554e+08 0
6.11437e+08 0
6.11594e+08 0
6.11806e+08 0
6.1184e+08 0
6.11862e+08 0
6.11963e+08 0
6.11974e+08 0
6.12019e+08 0
6.12063e+08 0
6.12075e+08 0
6.12086e+08 0
6.12891e+08 0
6.12914e+08 0
6.12925e+08 0
6.12936e+08 0
6.12947e+08 0
6.12958e+08 0
6.12981e+08 0
6.13026e+08 0
6.13037e+08 0
6.13048e+08 0
6.13082e+08 0
6.13104e+08 0
6.13339e+08 0
6.13372e+08 0
6.13395e+08 0
6.13439e+08 0
6.13473e+08 0
6.13506e+08 0
6.13551e+08 0
6.13607e+08 0
6.13641e+08 0
6.13663e+08 0
6.13808e+08 0
6.13864e+08 0
6.13954e+08 0
6.13987e+08 0
6.14021e+08 0
6.14245e+08 0
6.14278e+08 0
6.20154e+08 0
6.20288e+08 0
6.20322e+08 0
