511398 0
1.11489e+06 0
1.69604e+06 0
2.28836e+06 0
2.88068e+06 0
3.48419e+06 0
4.06538e+06 0
4.65779e+06 0
5.25027e+06 0
5.84293e+06 0
6.43594e+06 0
7.10898e+06 0
7.95907e+06 0
7.97029e+06 0
9.25072e+06 0
9.27307e+06 0
1.13515e+07 0
1.13627e+07 0
1.13851e+07 0
1.3342e+07 0
1.3398e+07 0
1.34091e+07 0
1.34203e+07 0
1.59699e+07 0
1.60706e+07 0
1.6093e+07 0
1.61042e+07 0
1.61265e+07 0
1.9362e+07 0
1.98093e+07 0
1.98205e+07 0
1.9854e+07 0
1.98876e+07 0
1.99099e+07 0
2.31643e+07 0
2.36226e+07 0
2.36338e+07 0
2.3645e+07 0
2.36697e+07 0
2.3692e+07 0
2.37144e+07 0
2.80528e+07 0
2.8925e+07 0
2.90592e+07 0
2.90816e+07 0
2.91263e+07 0
2.91486e+07 0
2.92269e+07 0
3.24029e+07 0
3.24141e+07 0
3.32932e+07 0
3.33492e+07 0
3.33715e+07 0
3.33827e+07 0
3.34051e+07 0
3.34275e+07 0
3.8048e+07 0
3.80592e+07 0
3.80927e+07 0
3.96135e+07 0
3.96807e+07 0
3.96918e+07 0
3.9703e+07 0
3.97142e+07 0
3.97366e+07 0
4.3628e+07 0
4.36392e+07 0
4.36616e+07 0
4.52719e+07 0
4.52831e+07 0
4.55178e+07 0
4.55514e+07 0
4.55737e+07 0
4.55961e+07 0
4.56297e+07 0
5.11662e+07 0
5.11886e+07 0
5.11998e+07 0
5.24638e+07 0
5.2475e+07 0
5.24862e+07 0
5.24975e+07 0
5.25198e+07 0
5.2531e+07 0
5.25422e+07 0
5.25647e+07 0
5.79642e+07 0
5.79866e+07 0
5.80649e+07 0
5.95859e+07 0
5.96195e+07 0
5.96307e+07 0
5.97091e+07 0
5.97203e+07 0
5.97315e+07 0
5.97762e+07 0
5.98099e+07 0
5.98211e+07 0
6.61482e+07 0
6.61594e+07 0
6.62377e+07 0
6.75576e+07 0
6.758e+07 0
6.75913e+07 0
6.76249e+07 0
6.76361e+07 0
6.76473e+07 0
6.76698e+07 0
6.7681e+07 0
6.77146e+07 0
6.77705e+07 0
7.4481e+07 0
7.4537e+07 0
7.46265e+07 0
7.56111e+07 0
7.57453e+07 0
7.57901e+07 0
7.59021e+07 0
7.59245e+07 0
7.59356e+07 0
7.59468e+07 0
7.61147e+07 0
7.61482e+07 0
7.61818e+07 0
7.62153e+07 0
8.35843e+07 0
8.36513e+07 0
8.36626e+07 0
8.45691e+07 0
8.47257e+07 0
8.4871e+07 0
8.50053e+07 0
8.50276e+07 0
8.50388e+07 0
8.505e+07 0
8.51396e+07 0
8.51509e+07 0
8.51732e+07 0
8.52627e+07 0
8.52739e+07 0
9.31233e+07 0
9.31568e+07 0
9.31904e+07 0
9.39182e+07 0
9.40077e+07 0
9.42314e+07 0
9.42762e+07 0
9.42986e+07 0
9.43098e+07 0
9.43433e+07 0
9.44329e+07 0
9.44776e+07 0
9.45112e+07 0
9.45559e+07 0
9.46118e+07 0
9.46454e+07 0
1.03216e+08 0
1.0325e+08 0
1.03272e+08 0
1.04045e+08 0
1.04135e+08 0
1.04336e+08 0
1.04347e+08 0
1.04381e+08 0
1.04403e+08 0
1.04425e+08 0
1.04616e+08 0
1.04638e+08 0
1.04649e+08 0
1.04683e+08 0
1.04705e+08 0
1.04772e+08 0
1.04783e+08 0
1.14017e+08 0
1.14029e+08 0
1.1404e+08 0
1.14802e+08 0
1.14846e+08 0
1.14969e+08 0
1.15014e+08 0
1.15025e+08 0
1.15059e+08 0
1.15092e+08 0
1.1526e+08 0
1.15338e+08 0
1.15361e+08 0
1.15417e+08 0
1.1545e+08 0
1.15461e+08 0
1.15495e+08 0
1.15517e+08 0
1.25309e+08 0
1.2532e+08 0
1.25331e+08 0
1.26116e+08 0
1.26127e+08 0
1.26316e+08 0
1.26451e+08 0
1.26484e+08 0
1.26551e+08 0
1.26663e+08 0
1.26764e+08 0
1.26786e+08 0
1.26808e+08 0
1.26842e+08 0
1.26875e+08 0
1.26931e+08 0
1.26954e+08 0
1.26976e+08 0
1.26998e+08 0
1.37169e+08 0
1.37191e+08 0
1.37202e+08 0
1.3802e+08 0
1.38032e+08 0
1.38088e+08 0
1.38166e+08 0
1.38199e+08 0
1.38222e+08 0
1.38278e+08 0
1.38378e+08 0
1.38389e+08 0
1.38412e+08 0
1.38434e+08 0
1.38501e+08 0
1.38524e+08 0
1.38535e+08 0
1.38546e+08 0
1.38568e+08 0
1.3858e+08 0
1.49627e+08 0
1.49638e+08 0
1.49649e+08 0
1.50456e+08 0
1.50534e+08 0
1.50747e+08 0
1.50758e+08 0
1.50769e+08 0
1.50792e+08 0
1.50803e+08 0
1.50836e+08 0
1.50859e+08 0
1.5087e+08 0
1.50892e+08 0
1.50903e+08 0
1.50915e+08 0
1.50937e+08 0
1.50959e+08 0
1.50971e+08 0
1.50982e+08 0
1.51004e+08 0
1.62457e+08 0
1.62479e+08 0
1.6249e+08 0
1.63331e+08 0
1.63342e+08 0
1.63353e+08 0
1.63365e+08 0
1.63376e+08 0
1.63387e+08 0
1.63409e+08 0
1.6351e+08 0
1.63521e+08 0
1.63532e+08 0
1.63566e+08 0
1.63644e+08 0
1.63655e+08 0
1.63678e+08 0
1.63689e+08 0
1.637e+08 0
1.63722e+08 0
1.63745e+08 0
1.63767e+08 0
1.75564e+08 0
1.75575e+08 0
1.75597e+08 0
1.76371e+08 0
1.76382e+08 0
1.76538e+08 0
1.76561e+08 0
1.76572e+08 0
1.76583e+08 0
1.76616e+08 0
1.7665e+08 0
1.76672e+08 0
1.76683e+08 0
1.76706e+08 0
1.76717e+08 0
1.76728e+08 0
1.76751e+08 0
1.76773e+08 0
1.76795e+08 0
1.76896e+08 0
1.76907e+08 0
1.76918e+08 0
1.89064e+08 0
1.89075e+08 0
1.89086e+08 0
1.89097e+08 0
1.90016e+08 0
1.90027e+08 0
1.90039e+08 0
1.9005e+08 0
1.90061e+08 0
1.90072e+08 0
1.90084e+08 0
1.90095e+08 0
1.90106e+08 0
1.90117e+08 0
1.90128e+08 0
1.9014e+08 0
1.90162e+08 0
1.90184e+08 0
1.90195e+08 0
1.90207e+08 0
1.90251e+08 0
1.90263e+08 0
1.90296e+08 0
2.0289e+08 0
2.02913e+08 0
2.02957e+08 0
2.03025e+08 0
2.03036e+08 0
2.04312e+08 0
2.04323e+08 0
2.04346e+08 0
2.04357e+08 0
2.04369e+08 0
2.0438e+08 0
2.04391e+08 0
2.04402e+08 0
2.04413e+08 0
2.04425e+08 0
2.04436e+08 0
2.04447e+08 0
2.04458e+08 0
2.04469e+08 0
2.04481e+08 0
2.04492e+08 0
2.04503e+08 0
2.04514e+08 0
2.04548e+08 0
2.17332e+08 0
2.17343e+08 0
2.17354e+08 0
2.17366e+08 0
2.17377e+08 0
2.17399e+08 0
2.19078e+08 0
2.19089e+08 0
2.19134e+08 0
2.19145e+08 0
2.19168e+08 0
2.19179e+08 0
2.1919e+08 0
2.19201e+08 0
2.19213e+08 0
2.19224e+08 0
2.19235e+08 0
2.19246e+08 0
2.19258e+08 0
2.19269e+08 0
2.1928e+08 0
2.19291e+08 0
2.19302e+08 0
2.19314e+08 0
2.19325e+08 0
2.32295e+08 0
2.32329e+08 0
2.32429e+08 0
2.32463e+08 0
2.3253e+08 0
2.32541e+08 0
2.32564e+08 0
2.34354e+08 0
2.34365e+08 0
2.34466e+08 0
2.34477e+08 0
2.34522e+08 0
2.34534e+08 0
2.34556e+08 0
2.34567e+08 0
2.34578e+08 0
2.3459e+08 0
2.34601e+08 0
2.34612e+08 0
2.34623e+08 0
2.34634e+08 0
2.34645e+08 0
2.34657e+08 0
2.34668e+08 0
2.34679e+08 0
2.3469e+08 0
2.48276e+08 0
2.48309e+08 0
2.48332e+08 0
2.48343e+08 0
2.48421e+08 0
2.48455e+08 0
2.48466e+08 0
2.48477e+08 0
2.50357e+08 0
2.50368e+08 0
2.50626e+08 0
2.50659e+08 0
2.50704e+08 0
2.50749e+08 0
2.5076e+08 0
2.50771e+08 0
2.50782e+08 0
2.50794e+08 0
2.50805e+08 0
2.50816e+08 0
2.50827e+08 0
2.5085e+08 0
2.50861e+08 0
2.50872e+08 0
2.50883e+08 0
2.50894e+08 0
2.50906e+08 0
2.64402e+08 0
2.64424e+08 0
2.64446e+08 0
2.6448e+08 0
2.64603e+08 0
2.64637e+08 0
2.64681e+08 0
2.64737e+08 0
2.6476e+08 0
2.66774e+08 0
2.66785e+08 0
2.67031e+08 0
2.67098e+08 0
2.67143e+08 0
2.67154e+08 0
2.67166e+08 0
2.67188e+08 0
2.67244e+08 0
2.67266e+08 0
2.67289e+08 0
2.67311e+08 0
2.67333e+08 0
2.67345e+08 0
2.67356e+08 0
2.67378e+08 0
2.67389e+08 0
2.67401e+08 0
2.67412e+08 0
2.81223e+08 0
2.81245e+08 0
2.81312e+08 0
2.81368e+08 0
2.81581e+08 0
2.81614e+08 0
2.81637e+08 0
2.81726e+08 0
2.81737e+08 0
2.83819e+08 0
2.83841e+08 0
2.83897e+08 0
2.84098e+08 0
2.8411e+08 0
2.84132e+08 0
2.84154e+08 0
2.84177e+08 0
2.84188e+08 0
2.8421e+08 0
2.84277e+08 0
2.84401e+08 0
2.84434e+08 0
2.84456e+08 0
2.84479e+08 0
2.84501e+08 0
2.84512e+08 0
2.84535e+08 0
2.8458e+08 0
2.84602e+08 0
2.98629e+08 0
2.9873e+08 0
2.98853e+08 0
2.98875e+08 0
2.98987e+08 0
2.99021e+08 0
2.99065e+08 0
2.99244e+08 0
2.99267e+08 0
3.01661e+08 0
3.01672e+08 0
3.01683e+08 0
3.01695e+08 0
3.01874e+08 0
3.0193e+08 0
3.01941e+08 0
3.01952e+08 0
3.01963e+08 0
3.01974e+08 0
3.01986e+08 0
3.02008e+08 0
3.02086e+08 0
3.02109e+08 0
3.0212e+08 0
3.02154e+08 0
3.02187e+08 0
3.02265e+08 0
3.02277e+08 0
3.02422e+08 0
3.02445e+08 0
3.16377e+08 0
3.16623e+08 0
3.16724e+08 0
3.16746e+08 0
3.16947e+08 0
3.16958e+08 0
3.17014e+08 0
3.17271e+08 0
3.17294e+08 0
3.19979e+08 0
3.1999e+08 0
3.20013e+08 0
3.20024e+08 0
3.20035e+08 0
3.20136e+08 0
3.20237e+08 0
3.2027e+08 0
3.20281e+08 0
3.20292e+08 0
3.20304e+08 0
3.20315e+08 0
3.20337e+08 0
3.20382e+08 0
3.20416e+08 0
3.20449e+08 0
3.2046e+08 0
3.20483e+08 0
3.20527e+08 0
3.20539e+08 0
3.20639e+08 0
3.20718e+08 0
3.35108e+08 0
3.35287e+08 0
3.35399e+08 0
3.35432e+08 0
3.35567e+08 0
3.35622e+08 0
3.35768e+08 0
3.3607e+08 0
3.36081e+08 0
3.39001e+08 0
3.39012e+08 0
3.39023e+08 0
3.39057e+08 0
3.39068e+08 0
3.39079e+08 0
3.39169e+08 0
3.39203e+08 0
3.39214e+08 0
3.39247e+08 0
3.3927e+08 0
3.39303e+08 0
3.39337e+08 0
3.3937e+08 0
3.3946e+08 0
3.39471e+08 0
3.39505e+08 0
3.39527e+08 0
3.39561e+08 0
3.39594e+08 0
3.39617e+08 0
3.39695e+08 0
3.39717e+08 0
3.54738e+08 0
3.54984e+08 0
3.5504e+08 0
3.55096e+08 0
3.55241e+08 0
3.55286e+08 0
3.55342e+08 0
3.55711e+08 0
3.55733e+08 0
3.58776e+08 0
3.58799e+08 0
3.58821e+08 0
3.58832e+08 0
3.58844e+08 0
3.58866e+08 0
3.59056e+08 0
3.5909e+08 0
3.59101e+08 0
3.59123e+08 0
3.59135e+08 0
3.59191e+08 0
3.59213e+08 0
3.59224e+08 0
3.59235e+08 0
3.59247e+08 0
3.59291e+08 0
3.59347e+08 0
3.59359e+08 0
3.5937e+08 0
3.59448e+08 0
3.59482e+08 0
3.59571e+08 0
3.59627e+08 0
3.74955e+08 0
3.75391e+08 0
3.75425e+08 0
3.75548e+08 0
3.75581e+08 0
3.75604e+08 0
3.75637e+08 0
3.75995e+08 0
3.76028e+08 0
3.79094e+08 0
3.79117e+08 0
3.79128e+08 0
3.79139e+08 0
3.79217e+08 0
3.79228e+08 0
3.79408e+08 0
3.79419e+08 0
3.7943e+08 0
3.79441e+08 0
3.79453e+08 0
3.79486e+08 0
3.79509e+08 0
3.7952e+08 0
3.79531e+08 0
3.79553e+08 0
3.79576e+08 0
3.79643e+08 0
3.79721e+08 0
3.79732e+08 0
3.79744e+08 0
3.79844e+08 0
3.79867e+08 0
3.79889e+08 0
3.79911e+08 0
3.95836e+08 0
3.96295e+08 0
3.96362e+08 0
3.96474e+08 0
3.96585e+08 0
3.96731e+08 0
3.96764e+08 0
3.97055e+08 0
3.97077e+08 0
4.00076e+08 0
4.00099e+08 0
4.0011e+08 0
4.00121e+08 0
4.00132e+08 0
4.00166e+08 0
4.00345e+08 0
4.00356e+08 0
4.00379e+08 0
4.00401e+08 0
4.00412e+08 0
4.00435e+08 0
4.00457e+08 0
4.00491e+08 0
4.00502e+08 0
4.00524e+08 0
4.00547e+08 0
4.0058e+08 0
4.00714e+08 0
4.00737e+08 0
4.00748e+08 0
4.00759e+08 0
4.0077e+08 0
4.00793e+08 0
4.00838e+08 0
4.0086e+08 0
4.17303e+08 0
4.17795e+08 0
4.17828e+08 0
4.17985e+08 0
4.18086e+08 0
4.18142e+08 0
4.18164e+08 0
4.18432e+08 0
4.18522e+08 0
4.2151e+08 0
4.21577e+08 0
4.21666e+08 0
4.21689e+08 0
4.21711e+08 0
4.21722e+08 0
4.21801e+08 0
4.21834e+08 0
4.21868e+08 0
4.21879e+08 0
4.2189e+08 0
4.21901e+08 0
4.21924e+08 0
4.21946e+08 0
4.22002e+08 0
4.22013e+08 0
4.22058e+08 0
4.2208e+08 0
4.22136e+08 0
4.22226e+08 0
4.22282e+08 0
4.22293e+08 0
4.22304e+08 0
4.22315e+08 0
4.22327e+08 0
4.22338e+08 0
4.22349e+08 0
4.39154e+08 0
4.39691e+08 0
4.39713e+08 0
4.39736e+08 0
4.39769e+08 0
4.39859e+08 0
4.39892e+08 0
4.40038e+08 0
4.40161e+08 0
4.43607e+08 0
4.43663e+08 0
4.43674e+08 0
4.43686e+08 0
4.43797e+08 0
4.4382e+08 0
4.43853e+08 0
4.43887e+08 0
4.43898e+08 0
4.43909e+08 0
4.43921e+08 0
4.43954e+08 0
4.43999e+08 0
4.4401e+08 0
4.44044e+08 0
4.44066e+08 0
4.44111e+08 0
4.44155e+08 0
4.44178e+08 0
4.44211e+08 0
4.44346e+08 0
4.44368e+08 0
4.44379e+08 0
4.4439e+08 0
4.44413e+08 0
4.44435e+08 0
4.44447e+08 0
4.44458e+08 0
4.61566e+08 0
4.6208e+08 0
4.62114e+08 0
4.62136e+08 0
4.62281e+08 0
4.62326e+08 0
4.62371e+08 0
4.62528e+08 0
4.62561e+08 0
4.66231e+08 0
4.66254e+08 0
4.66265e+08 0
4.6631e+08 0
4.66354e+08 0
4.66399e+08 0
4.66478e+08 0
4.66489e+08 0
4.665e+08 0
4.66522e+08 0
4.66545e+08 0
4.66578e+08 0
4.66657e+08 0
4.66679e+08 0
4.66724e+08 0
4.66746e+08 0
4.66757e+08 0
4.66791e+08 0
4.66813e+08 0
4.66824e+08 0
4.66869e+08 0
4.6697e+08 0
4.66981e+08 0
4.67015e+08 0
4.67037e+08 0
4.67048e+08 0
4.6707e+08 0
4.67104e+08 0
4.67115e+08 0
4.84445e+08 0
4.8497e+08 0
4.84992e+08 0
4.8506e+08 0
4.85194e+08 0
4.85261e+08 0
4.85294e+08 0
4.85485e+08 0
4.85496e+08 0
4.89401e+08 0
4.89434e+08 0
4.89445e+08 0
4.89468e+08 0
4.89479e+08 0
4.8949e+08 0
4.89524e+08 0
4.89692e+08 0
4.89703e+08 0
4.89725e+08 0
4.89737e+08 0
4.89759e+08 0
4.89793e+08 0
4.89804e+08 0
4.89815e+08 0
4.89826e+08 0
4.89848e+08 0
4.8986e+08 0
4.89893e+08 0
4.89915e+08 0
4.89938e+08 0
4.89949e+08 0
4.90117e+08 0
4.90139e+08 0
4.90151e+08 0
4.90184e+08 0
4.90195e+08 0
4.90218e+08 0
4.90318e+08 0
4.90341e+08 0
5.08368e+08 0
5.0896e+08 0
5.08982e+08 0
5.09005e+08 0
5.09083e+08 0
5.09106e+08 0
5.09128e+08 0
5.09251e+08 0
5.09273e+08 0
5.13212e+08 0
5.13279e+08 0
5.1329e+08 0
5.13324e+08 0
5.13335e+08 0
5.13369e+08 0
5.13436e+08 0
5.13559e+08 0
5.13604e+08 0
5.13671e+08 0
5.13704e+08 0
5.13716e+08 0
5.13727e+08 0
5.13749e+08 0
5.1376e+08 0
5.13783e+08 0
5.13794e+08 0
5.13805e+08 0
5.13816e+08 0
5.13839e+08 0
5.13872e+08 0
5.13895e+08 0
5.13906e+08 0
5.14107e+08 0
5.14141e+08 0
5.14152e+08 0
5.14163e+08 0
5.14174e+08 0
5.14186e+08 0
5.14219e+08 0
5.1423e+08 0
5.32358e+08 0
5.33051e+08 0
5.33085e+08 0
5.33185e+08 0
5.33264e+08 0
5.33275e+08 0
5.33308e+08 0
5.33521e+08 0
5.33543e+08 0
5.37616e+08 0
5.37661e+08 0
5.37672e+08 0
5.37751e+08 0
5.37762e+08 0
5.37784e+08 0
5.37806e+08 0
5.37941e+08 0
5.37974e+08 0
5.3803e+08 0
5.38086e+08 0
5.38109e+08 0
5.3812e+08 0
5.38131e+08 0
5.38142e+08 0
5.38153e+08 0
5.38176e+08 0
5.38187e+08 0
5.38209e+08 0
5.3822e+08 0
5.38232e+08 0
5.38243e+08 0
5.38254e+08 0
5.38276e+08 0
5.38444e+08 0
5.38467e+08 0
5.38489e+08 0
5.38511e+08 0
5.38534e+08 0
5.38567e+08 0
5.38601e+08 0
5.38635e+08 0
5.57697e+08 0
5.58267e+08 0
5.58323e+08 0
5.58401e+08 0
5.58423e+08 0
5.58446e+08 0
5.58457e+08 0
5.58591e+08 0
5.58625e+08 0
5.62698e+08 0
5.62743e+08 0
5.62754e+08 0
5.62944e+08 0
5.62977e+08 0
5.63e+08 0
5.63056e+08 0
5.63145e+08 0
5.63157e+08 0
5.6319e+08 0
5.63201e+08 0
5.63213e+08 0
5.63224e+08 0
5.63235e+08 0
5.63257e+08 0
5.6328e+08 0
5.63302e+08 0
5.63313e+08 0
5.63336e+08 0
5.63347e+08 0
5.63358e+08 0
5.63369e+08 0
5.63392e+08 0
5.63436e+08 0
5.63459e+08 0
5.63604e+08 0
5.63638e+08 0
5.63649e+08 0
5.6366e+08 0
5.63671e+08 0
5.63694e+08 0
5.63727e+08 0
5.6375e+08 0
5.82925e+08 0
5.83573e+08 0
5.83584e+08 0
5.83618e+08 0
5.83752e+08 0
5.83785e+08 0
5.8383e+08 0
5.84054e+08 0
5.84065e+08 0
5.88328e+08 0
5.88339e+08 0
5.88351e+08 0
5.8844e+08 0
5.88463e+08 0
5.88485e+08 0
5.88519e+08 0
5.88731e+08 0
5.88753e+08 0
5.88776e+08 0
5.88821e+08 0
5.88832e+08 0
5.88843e+08 0
5.88854e+08 0
5.88865e+08 0
5.88877e+08 0
5.88899e+08 0
5.88921e+08 0
5.88955e+08 0
5.88966e+08 0
5.88977e+08 0
5.88989e+08 0
5.89e+08 0
5.89011e+08 0
5.89022e+08 0
5.89033e+08 0
5.89123e+08 0
5.89134e+08 0
5.89157e+08 0
5.89179e+08 0
5.8919e+08 0
5.89201e+08 0
5.89235e+08 0
5.89268e+08 0
6.09442e+08 0
6.09923e+08 0
6.09957e+08 0
6.09979e+08 0
6.10069e+08 0
6.1008e+08 0
6.10091e+08 0
6.10304e+08 0
6.10315e+08 0
6.14488e+08 0
6.14533e+08 0
6.14545e+08 0
6.14746e+08 0
6.14769e+08 0
6.1478e+08 0
6.14813e+08 0
6.1497e+08 0
6.14981e+08 0
6.15015e+08 0
6.15093e+08 0
6.15149e+08 0
6.1516e+08 0
6.15183e+08 0
6.15205e+08 0
6.15227e+08 0
6.15272e+08 0
6.15283e+08 0
6.15295e+08 0
6.15306e+08 0
6.15317e+08 0
6.15328e+08 0
6.15339e+08 0
6.1535e+08 0
6.15362e+08 0
6.15373e+08 0
6.15384e+08 0
6.15407e+08 0
6.15418e+08 0
6.15429e+08 0
6.15463e+08 0
6.15474e+08 0
6.15485e+08 0
6.15496e+08 0
6.15518e+08 0
6.25282e+08 0
6.25293e+08 0
6.25315e+08 0
