332683 0
945020 0
1.53735e+06 0
2.12967e+06 0
2.72199e+06 0
3.31433e+06 0
3.9067e+06 0
4.49909e+06 0
5.09157e+06 0
5.68424e+06 0
6.27725e+06 0
6.98267e+06 0
7.55313e+06 0
7.5643e+06 0
8.5321e+06 0
8.58798e+06 0
9.60801e+06 0
9.65273e+06 0
9.70862e+06 0
1.17546e+07 0
1.19448e+07 0
1.20118e+07 0
1.20789e+07 0
1.4201e+07 0
1.43575e+07 0
1.43799e+07 0
1.44358e+07 0
1.44917e+07 0
1.7099e+07 0
1.72108e+07 0
1.72779e+07 0
1.73785e+07 0
1.75127e+07 0
1.75686e+07 0
2.05993e+07 0
2.08341e+07 0
2.08565e+07 0
2.11137e+07 0
2.11695e+07 0
2.12031e+07 0
2.12589e+07 0
2.46699e+07 0
2.49382e+07 0
2.49494e+07 0
2.51953e+07 0
2.52288e+07 0
2.53182e+07 0
2.53518e+07 0
2.88859e+07 0
2.89194e+07 0
2.95007e+07 0
2.95566e+07 0
2.9646e+07 0
2.96908e+07 0
2.97355e+07 0
2.98137e+07 0
3.37392e+07 0
3.37504e+07 0
3.37616e+07 0
3.43876e+07 0
3.44546e+07 0
3.49018e+07 0
3.49465e+07 0
3.50582e+07 0
3.5103e+07 0
3.91181e+07 0
3.91741e+07 0
3.91964e+07 0
3.95989e+07 0
3.96995e+07 0
3.97777e+07 0
4.02583e+07 0
4.03366e+07 0
4.04595e+07 0
4.04931e+07 0
4.50675e+07 0
4.51681e+07 0
4.52463e+07 0
4.53581e+07 0
4.53917e+07 0
4.54252e+07 0
4.55146e+07 0
4.60288e+07 0
4.63083e+07 0
4.63306e+07 0
4.6353e+07 0
5.17772e+07 0
5.19225e+07 0
5.19784e+07 0
5.20678e+07 0
5.21237e+07 0
5.22131e+07 0
5.24143e+07 0
5.25037e+07 0
5.29173e+07 0
5.30402e+07 0
5.30626e+07 0
5.31297e+07 0
5.91355e+07 0
5.92026e+07 0
5.92808e+07 0
5.94149e+07 0
5.95043e+07 0
5.95602e+07 0
5.96273e+07 0
5.97056e+07 0
5.97727e+07 0
5.99068e+07 0
6.00074e+07 0
6.02756e+07 0
6.03875e+07 0
6.68742e+07 0
6.693e+07 0
6.69859e+07 0
6.70642e+07 0
6.71424e+07 0
6.72095e+07 0
6.73436e+07 0
6.74778e+07 0
6.77348e+07 0
6.78243e+07 0
6.78913e+07 0
6.79807e+07 0
6.82155e+07 0
6.86403e+07 0
7.54514e+07 0
7.55408e+07 0
7.55855e+07 0
7.56526e+07 0
7.56862e+07 0
7.56973e+07 0
7.57309e+07 0
7.57979e+07 0
7.61333e+07 0
7.61891e+07 0
7.62674e+07 0
7.6368e+07 0
7.64238e+07 0
7.66362e+07 0
7.69046e+07 0
8.41519e+07 0
8.43196e+07 0
8.43643e+07 0
8.44984e+07 0
8.45543e+07 0
8.45879e+07 0
8.46438e+07 0
8.47556e+07 0
8.49009e+07 0
8.49791e+07 0
8.50462e+07 0
8.51244e+07 0
8.51915e+07 0
8.52585e+07 0
8.55379e+07 0
8.60076e+07 0
9.36575e+07 0
9.39034e+07 0
9.39258e+07 0
9.39593e+07 0
9.40376e+07 0
9.42053e+07 0
9.42165e+07 0
9.43282e+07 0
9.43618e+07 0
9.44065e+07 0
9.45183e+07 0
9.48759e+07 0
9.4943e+07 0
9.49877e+07 0
9.50324e+07 0
9.51106e+07 0
9.57256e+07 0
1.03577e+08 0
1.03655e+08 0
1.03689e+08 0
1.0389e+08 0
1.03991e+08 0
1.0408e+08 0
1.04091e+08 0
1.04102e+08 0
1.04114e+08 0
1.04181e+08 0
1.04337e+08 0
1.04728e+08 0
1.04784e+08 0
1.04829e+08 0
1.04896e+08 0
1.04952e+08 0
1.05175e+08 0
1.05891e+08 0
1.14346e+08 0
1.1438e+08 0
1.14413e+08 0
1.1448e+08 0
1.14581e+08 0
1.14704e+08 0
1.14715e+08 0
1.14805e+08 0
1.14827e+08 0
1.14916e+08 0
1.15017e+08 0
1.15274e+08 0
1.15375e+08 0
1.15431e+08 0
1.1552e+08 0
1.15576e+08 0
1.15699e+08 0
1.15777e+08 0
1.16962e+08 0
1.25529e+08 0
1.25563e+08 0
1.25731e+08 0
1.25775e+08 0
1.25842e+08 0
1.25909e+08 0
1.25999e+08 0
1.26133e+08 0
1.26189e+08 0
1.26222e+08 0
1.26278e+08 0
1.26491e+08 0
1.26524e+08 0
1.26591e+08 0
1.26658e+08 0
1.26748e+08 0
1.26837e+08 0
1.27016e+08 0
1.27094e+08 0
1.28324e+08 0
1.37361e+08 0
1.37484e+08 0
1.37607e+08 0
1.37663e+08 0
1.37942e+08 0
1.37965e+08 0
1.38099e+08 0
1.38132e+08 0
1.38166e+08 0
1.382e+08 0
1.38267e+08 0
1.38401e+08 0
1.38691e+08 0
1.38781e+08 0
1.38825e+08 0
1.38881e+08 0
1.38971e+08 0
1.39004e+08 0
1.39049e+08 0
1.40189e+08 0
1.40257e+08 0
1.4964e+08 0
1.49663e+08 0
1.49976e+08 0
1.50009e+08 0
1.503e+08 0
1.50356e+08 0
1.50467e+08 0
1.50512e+08 0
1.50613e+08 0
1.50702e+08 0
1.50769e+08 0
1.50993e+08 0
1.51082e+08 0
1.51127e+08 0
1.5125e+08 0
1.51317e+08 0
1.51462e+08 0
1.51496e+08 0
1.51597e+08 0
1.52569e+08 0
1.52692e+08 0
1.52793e+08 0
1.62836e+08 0
1.62915e+08 0
1.63015e+08 0
1.63093e+08 0
1.6325e+08 0
1.63328e+08 0
1.63608e+08 0
1.63686e+08 0
1.63719e+08 0
1.63854e+08 0
1.63898e+08 0
1.64133e+08 0
1.64256e+08 0
1.6429e+08 0
1.64345e+08 0
1.64368e+08 0
1.6448e+08 0
1.64524e+08 0
1.64647e+08 0
1.65899e+08 0
1.66011e+08 0
1.66157e+08 0
1.75764e+08 0
1.75809e+08 0
1.75854e+08 0
1.76111e+08 0
1.76133e+08 0
1.76223e+08 0
1.76278e+08 0
1.76435e+08 0
1.76614e+08 0
1.76659e+08 0
1.7686e+08 0
1.76971e+08 0
1.77117e+08 0
1.77273e+08 0
1.77307e+08 0
1.77385e+08 0
1.77564e+08 0
1.77743e+08 0
1.77765e+08 0
1.78101e+08 0
1.79241e+08 0
1.79286e+08 0
1.79465e+08 0
1.89497e+08 0
1.89519e+08 0
1.89564e+08 0
1.8962e+08 0
1.89844e+08 0
1.89899e+08 0
1.89967e+08 0
1.9e+08 0
1.90034e+08 0
1.9047e+08 0
1.90503e+08 0
1.90526e+08 0
1.90604e+08 0
1.90872e+08 0
1.91062e+08 0
1.91084e+08 0
1.91129e+08 0
1.91196e+08 0
1.91565e+08 0
1.91599e+08 0
1.92225e+08 0
1.93399e+08 0
1.93578e+08 0
1.93723e+08 0
2.03677e+08 0
2.03722e+08 0
2.03767e+08 0
2.038e+08 0
2.03834e+08 0
2.04113e+08 0
2.04136e+08 0
2.04203e+08 0
2.04247e+08 0
2.04315e+08 0
2.04806e+08 0
2.04862e+08 0
2.04896e+08 0
2.04941e+08 0
2.05321e+08 0
2.05611e+08 0
2.05667e+08 0
2.05745e+08 0
2.05801e+08 0
2.0617e+08 0
2.06226e+08 0
2.07076e+08 0
2.08138e+08 0
2.08317e+08 0
2.08384e+08 0
2.18461e+08 0
2.18473e+08 0
2.18495e+08 0
2.18517e+08 0
2.18663e+08 0
2.1873e+08 0
2.18931e+08 0
2.18976e+08 0
2.19009e+08 0
2.19099e+08 0
2.19155e+08 0
2.19702e+08 0
2.19904e+08 0
2.19948e+08 0
2.20015e+08 0
2.20462e+08 0
2.20809e+08 0
2.20843e+08 0
2.20865e+08 0
2.20887e+08 0
2.21178e+08 0
2.21323e+08 0
2.22453e+08 0
2.23336e+08 0
2.23492e+08 0
2.23593e+08 0
2.33894e+08 0
2.33905e+08 0
2.33972e+08 0
2.34017e+08 0
2.3404e+08 0
2.34218e+08 0
2.34431e+08 0
2.34498e+08 0
2.34554e+08 0
2.3461e+08 0
2.34677e+08 0
2.34733e+08 0
2.35359e+08 0
2.35482e+08 0
2.35638e+08 0
2.35683e+08 0
2.36074e+08 0
2.36465e+08 0
2.36477e+08 0
2.36499e+08 0
2.36555e+08 0
2.36779e+08 0
2.36812e+08 0
2.38254e+08 0
2.3897e+08 0
2.39272e+08 0
2.39316e+08 0
2.49953e+08 0
2.5002e+08 0
2.50099e+08 0
2.50177e+08 0
2.50289e+08 0
2.50345e+08 0
2.50512e+08 0
2.50646e+08 0
2.5068e+08 0
2.50859e+08 0
2.50892e+08 0
2.50937e+08 0
2.5097e+08 0
2.51518e+08 0
2.51641e+08 0
2.51764e+08 0
2.51854e+08 0
2.52513e+08 0
2.5267e+08 0
2.52748e+08 0
2.52793e+08 0
2.52826e+08 0
2.53072e+08 0
2.53251e+08 0
2.54302e+08 0
2.5523e+08 0
2.55621e+08 0
2.55677e+08 0
2.66515e+08 0
2.66627e+08 0
2.66706e+08 0
2.66761e+08 0
2.66884e+08 0
2.6694e+08 0
2.66996e+08 0
2.67119e+08 0
2.67197e+08 0
2.6751e+08 0
2.67544e+08 0
2.67577e+08 0
2.67656e+08 0
2.67678e+08 0
2.68315e+08 0
2.68561e+08 0
2.68695e+08 0
2.68796e+08 0
2.69254e+08 0
2.69545e+08 0
2.69601e+08 0
2.69635e+08 0
2.69702e+08 0
2.69802e+08 0
2.69881e+08 0
2.70854e+08 0
2.7215e+08 0
2.72419e+08 0
2.72474e+08 0
2.83782e+08 0
2.83961e+08 0
2.84017e+08 0
2.84062e+08 0
2.8414e+08 0
2.84207e+08 0
2.84274e+08 0
2.84464e+08 0
2.84576e+08 0
2.84665e+08 0
2.84721e+08 0
2.84766e+08 0
2.84811e+08 0
2.85001e+08 0
2.85057e+08 0
2.8585e+08 0
2.85884e+08 0
2.86029e+08 0
2.86063e+08 0
2.86678e+08 0
2.86935e+08 0
2.86991e+08 0
2.87058e+08 0
2.87136e+08 0
2.87192e+08 0
2.87315e+08 0
2.88378e+08 0
2.89551e+08 0
2.8992e+08 0
2.89965e+08 0
3.01921e+08 0
3.02111e+08 0
3.02178e+08 0
3.02234e+08 0
3.0229e+08 0
3.02357e+08 0
3.02413e+08 0
3.02436e+08 0
3.02469e+08 0
3.02681e+08 0
3.02726e+08 0
3.0276e+08 0
3.02816e+08 0
3.02883e+08 0
3.0295e+08 0
3.03073e+08 0
3.03699e+08 0
3.03755e+08 0
3.03878e+08 0
3.03945e+08 0
3.04593e+08 0
3.04962e+08 0
3.04996e+08 0
3.05063e+08 0
3.05108e+08 0
3.05219e+08 0
3.05331e+08 0
3.06438e+08 0
3.07534e+08 0
3.08149e+08 0
3.08204e+08 0
3.20877e+08 0
3.2091e+08 0
3.20921e+08 0
3.20955e+08 0
3.21e+08 0
3.21044e+08 0
3.211e+08 0
3.21145e+08 0
3.21223e+08 0
3.21268e+08 0
3.21313e+08 0
3.21335e+08 0
3.21391e+08 0
3.21458e+08 0
3.21491e+08 0
3.21581e+08 0
3.21704e+08 0
3.22162e+08 0
3.22229e+08 0
3.22475e+08 0
3.22565e+08 0
3.2318e+08 0
3.23493e+08 0
3.23593e+08 0
3.23616e+08 0
3.23716e+08 0
3.23761e+08 0
3.23817e+08 0
3.25014e+08 0
3.26143e+08 0
3.26824e+08 0
3.2688e+08 0
3.39877e+08 0
3.39922e+08 0
3.39966e+08 0
3.40011e+08 0
3.40067e+08 0
3.401e+08 0
3.40156e+08 0
3.40201e+08 0
3.40246e+08 0
3.40279e+08 0
3.40313e+08 0
3.40358e+08 0
3.40425e+08 0
3.40492e+08 0
3.40548e+08 0
3.40592e+08 0
3.40615e+08 0
3.40782e+08 0
3.4123e+08 0
3.41297e+08 0
3.41554e+08 0
3.4161e+08 0
3.42258e+08 0
3.42627e+08 0
3.42728e+08 0
3.42795e+08 0
3.42907e+08 0
3.42951e+08 0
3.42974e+08 0
3.44159e+08 0
3.45322e+08 0
3.46048e+08 0
3.46104e+08 0
3.59235e+08 0
3.59269e+08 0
3.59313e+08 0
3.59369e+08 0
3.59403e+08 0
3.59604e+08 0
3.59671e+08 0
3.59749e+08 0
3.59783e+08 0
3.59861e+08 0
3.59895e+08 0
3.59917e+08 0
3.59984e+08 0
3.60062e+08 0
3.60118e+08 0
3.60163e+08 0
3.60196e+08 0
3.60219e+08 0
3.6042e+08 0
3.60823e+08 0
3.60845e+08 0
3.61158e+08 0
3.6118e+08 0
3.62041e+08 0
3.62455e+08 0
3.62511e+08 0
3.62556e+08 0
3.62679e+08 0
3.62734e+08 0
3.62846e+08 0
3.63886e+08 0
3.65328e+08 0
3.65664e+08 0
3.65731e+08 0
3.79365e+08 0
3.79421e+08 0
3.79454e+08 0
3.79499e+08 0
3.79532e+08 0
3.79622e+08 0
3.79689e+08 0
3.79745e+08 0
3.79801e+08 0
3.79857e+08 0
3.79924e+08 0
3.79957e+08 0
3.80035e+08 0
3.80069e+08 0
3.8017e+08 0
3.8027e+08 0
3.80315e+08 0
3.80427e+08 0
3.80617e+08 0
3.80628e+08 0
3.81109e+08 0
3.81143e+08 0
3.81377e+08 0
3.81422e+08 0
3.82518e+08 0
3.83032e+08 0
3.83077e+08 0
3.8311e+08 0
3.83166e+08 0
3.832e+08 0
3.83222e+08 0
3.84262e+08 0
3.85816e+08 0
3.85939e+08 0
3.86017e+08 0
4.0011e+08 0
4.00166e+08 0
4.00199e+08 0
4.00233e+08 0
4.003e+08 0
4.00344e+08 0
4.004e+08 0
4.00501e+08 0
4.0059e+08 0
4.00635e+08 0
4.00691e+08 0
4.00836e+08 0
4.00937e+08 0
4.00982e+08 0
4.01049e+08 0
4.01161e+08 0
4.01228e+08 0
4.01261e+08 0
4.01373e+08 0
4.01395e+08 0
4.01429e+08 0
4.01943e+08 0
4.01988e+08 0
4.02245e+08 0
4.02379e+08 0
4.03564e+08 0
4.03866e+08 0
4.03911e+08 0
4.03967e+08 0
4.04001e+08 0
4.04101e+08 0
4.0418e+08 0
4.05365e+08 0
4.06672e+08 0
4.06907e+08 0
4.06952e+08 0
4.21391e+08 0
4.21414e+08 0
4.21458e+08 0
4.2157e+08 0
4.2166e+08 0
4.21704e+08 0
4.21727e+08 0
4.21816e+08 0
4.21939e+08 0
4.22017e+08 0
4.22096e+08 0
4.22308e+08 0
4.22386e+08 0
4.22431e+08 0
4.22476e+08 0
4.22587e+08 0
4.2261e+08 0
4.22688e+08 0
4.22755e+08 0
4.22822e+08 0
4.22856e+08 0
4.23549e+08 0
4.23583e+08 0
4.23639e+08 0
4.23795e+08 0
4.23985e+08 0
4.25014e+08 0
4.25361e+08 0
4.25461e+08 0
4.25528e+08 0
4.25584e+08 0
4.25651e+08 0
4.25674e+08 0
4.26971e+08 0
4.28256e+08 0
4.28301e+08 0
4.28424e+08 0
4.43321e+08 0
4.43344e+08 0
4.43545e+08 0
4.43612e+08 0
4.43713e+08 0
4.43769e+08 0
4.43813e+08 0
4.43925e+08 0
4.44015e+08 0
4.44071e+08 0
4.44193e+08 0
4.44238e+08 0
4.4435e+08 0
4.44507e+08 0
4.44551e+08 0
4.44618e+08 0
4.44652e+08 0
4.44708e+08 0
4.44741e+08 0
4.44864e+08 0
4.44887e+08 0
4.45569e+08 0
4.45681e+08 0
4.45737e+08 0
4.45949e+08 0
4.46061e+08 0
4.46296e+08 0
4.47101e+08 0
4.47515e+08 0
4.4757e+08 0
4.47604e+08 0
4.47649e+08 0
4.47693e+08 0
4.47772e+08 0
4.49102e+08 0
4.50365e+08 0
4.50443e+08 0
4.50712e+08 0
4.65856e+08 0
4.65889e+08 0
4.6609e+08 0
4.66191e+08 0
4.66213e+08 0
4.66247e+08 0
4.66359e+08 0
4.66392e+08 0
4.66437e+08 0
4.66526e+08 0
4.66594e+08 0
4.66761e+08 0
4.6694e+08 0
4.67018e+08 0
4.67074e+08 0
4.67097e+08 0
4.67153e+08 0
4.67208e+08 0
4.67264e+08 0
4.67387e+08 0
4.67432e+08 0
4.68249e+08 0
4.68427e+08 0
4.68506e+08 0
4.68573e+08 0
4.68908e+08 0
4.68964e+08 0
4.69311e+08 0
4.69903e+08 0
4.70116e+08 0
4.70216e+08 0
4.70272e+08 0
4.70395e+08 0
4.70429e+08 0
4.70518e+08 0
4.71871e+08 0
4.73112e+08 0
4.73201e+08 0
4.73794e+08 0
4.88725e+08 0
4.88736e+08 0
4.88826e+08 0
4.89072e+08 0
4.89374e+08 0
4.89452e+08 0
4.89519e+08 0
4.89553e+08 0
4.89575e+08 0
4.89653e+08 0
4.89698e+08 0
4.89754e+08 0
4.89966e+08 0
4.90112e+08 0
4.90168e+08 0
4.90201e+08 0
4.90246e+08 0
4.90335e+08 0
4.90425e+08 0
4.90548e+08 0
4.90581e+08 0
4.91521e+08 0
4.92046e+08 0
4.92091e+08 0
4.92113e+08 0
4.92773e+08 0
4.92862e+08 0
4.92952e+08 0
4.93019e+08 0
4.93153e+08 0
4.93388e+08 0
4.93522e+08 0
4.936e+08 0
4.93723e+08 0
4.93757e+08 0
4.93813e+08 0
4.95132e+08 0
4.9644e+08 0
4.96719e+08 0
4.97178e+08 0
5.12456e+08 0
5.1249e+08 0
5.12557e+08 0
5.12657e+08 0
5.12702e+08 0
5.12758e+08 0
5.12948e+08 0
5.13104e+08 0
5.13138e+08 0
5.13205e+08 0
5.1325e+08 0
5.13294e+08 0
5.13675e+08 0
5.13742e+08 0
5.13831e+08 0
5.13887e+08 0
5.13999e+08 0
5.14189e+08 0
5.14278e+08 0
5.14312e+08 0
5.14368e+08 0
5.16068e+08 0
5.16236e+08 0
5.1628e+08 0
5.16347e+08 0
5.16459e+08 0
5.16515e+08 0
5.16638e+08 0
5.16694e+08 0
5.16806e+08 0
5.16974e+08 0
5.17164e+08 0
5.17376e+08 0
5.1751e+08 0
5.17555e+08 0
5.17622e+08 0
5.17655e+08 0
5.19008e+08 0
5.20193e+08 0
5.20718e+08 0
5.21121e+08 0
5.36768e+08 0
5.36791e+08 0
5.36914e+08 0
5.37003e+08 0
5.37025e+08 0
5.3707e+08 0
5.37193e+08 0
5.37204e+08 0
5.37249e+08 0
5.37271e+08 0
5.37327e+08 0
5.37383e+08 0
5.37707e+08 0
5.37842e+08 0
5.37875e+08 0
5.38032e+08 0
5.3811e+08 0
5.38289e+08 0
5.38434e+08 0
5.38468e+08 0
5.38512e+08 0
5.40492e+08 0
5.40593e+08 0
5.4066e+08 0
5.40704e+08 0
5.40783e+08 0
5.40839e+08 0
5.40917e+08 0
5.40984e+08 0
5.41073e+08 0
5.41219e+08 0
5.41498e+08 0
5.41588e+08 0
5.4189e+08 0
5.41934e+08 0
5.4199e+08 0
5.42057e+08 0
5.42169e+08 0
5.43421e+08 0
5.44293e+08 0
5.4531e+08 0
5.45679e+08 0
5.61584e+08 0
5.61617e+08 0
5.61707e+08 0
5.61897e+08 0
5.6193e+08 0
5.62053e+08 0
5.62132e+08 0
5.62143e+08 0
5.62232e+08 0
5.62266e+08 0
5.62277e+08 0
5.62322e+08 0
5.62657e+08 0
5.62803e+08 0
5.62847e+08 0
5.62903e+08 0
5.62948e+08 0
5.6297e+08 0
5.6306e+08 0
5.63138e+08 0
5.63216e+08 0
5.65442e+08 0
5.65576e+08 0
5.65654e+08 0
5.65732e+08 0
5.658e+08 0
5.65855e+08 0
5.65911e+08 0
5.66012e+08 0
5.66079e+08 0
5.66146e+08 0
5.66247e+08 0
5.66649e+08 0
5.66694e+08 0
5.66929e+08 0
5.66974e+08 0
5.67063e+08 0
5.67108e+08 0
5.67197e+08 0
5.68494e+08 0
5.68963e+08 0
5.70338e+08 0
5.70696e+08 0
5.87093e+08 0
5.87115e+08 0
5.87249e+08 0
5.87529e+08 0
5.87585e+08 0
5.87629e+08 0
5.87663e+08 0
5.87685e+08 0
5.87752e+08 0
5.87797e+08 0
5.87808e+08 0
5.8782e+08 0
5.88144e+08 0
5.88155e+08 0
5.88233e+08 0
5.88323e+08 0
5.88379e+08 0
5.88412e+08 0
5.8849e+08 0
5.88591e+08 0
5.88625e+08 0
5.9094e+08 0
5.9113e+08 0
5.91208e+08 0
5.91253e+08 0
5.91353e+08 0
5.9142e+08 0
5.91499e+08 0
5.91577e+08 0
5.91633e+08 0
5.917e+08 0
5.91767e+08 0
5.91823e+08 0
5.92259e+08 0
5.92315e+08 0
5.92527e+08 0
5.92572e+08 0
5.92639e+08 0
5.92729e+08 0
5.93444e+08 0
5.94148e+08 0
5.94461e+08 0
5.96239e+08 0
5.96473e+08 0
6.11708e+08 0
6.11719e+08 0
6.11764e+08 0
