634322 0
1.22664e+06 0
1.80779e+06 0
2.40011e+06 0
3.00361e+06 0
3.59595e+06 0
4.17714e+06 0
4.76955e+06 0
5.3732e+06 0
5.95471e+06 0
6.55887e+06 0
7.24305e+06 0
8.09229e+06 0
8.10347e+06 0
8.93895e+06 0
8.99483e+06 0
9.82261e+06 0
9.84496e+06 0
9.87848e+06 0
1.2892e+07 0
1.29367e+07 0
1.29702e+07 0
1.30261e+07 0
1.50841e+07 0
1.51512e+07 0
1.52629e+07 0
1.53523e+07 0
1.54418e+07 0
1.81366e+07 0
1.82372e+07 0
1.82931e+07 0
1.83155e+07 0
1.8349e+07 0
1.83937e+07 0
2.18494e+07 0
2.20618e+07 0
2.21848e+07 0
2.22295e+07 0
2.2263e+07 0
2.23077e+07 0
2.23748e+07 0
2.57857e+07 0
2.60652e+07 0
2.60764e+07 0
2.62553e+07 0
2.62776e+07 0
2.63223e+07 0
2.6367e+07 0
3.02924e+07 0
3.03371e+07 0
3.0572e+07 0
3.06278e+07 0
3.06837e+07 0
3.07284e+07 0
3.0762e+07 0
3.08179e+07 0
3.52352e+07 0
3.5347e+07 0
3.54252e+07 0
3.55705e+07 0
3.55929e+07 0
3.56264e+07 0
3.56488e+07 0
3.59059e+07 0
3.5917e+07 0
4.07593e+07 0
4.0804e+07 0
4.08711e+07 0
4.10724e+07 0
4.10948e+07 0
4.11171e+07 0
4.11842e+07 0
4.12401e+07 0
4.13183e+07 0
4.13854e+07 0
4.68317e+07 0
4.70329e+07 0
4.72005e+07 0
4.73123e+07 0
4.73347e+07 0
4.73459e+07 0
4.7357e+07 0
4.73794e+07 0
4.74353e+07 0
4.748e+07 0
4.75359e+07 0
5.33513e+07 0
5.35749e+07 0
5.36978e+07 0
5.40444e+07 0
5.40891e+07 0
5.41339e+07 0
5.41563e+07 0
5.41898e+07 0
5.42234e+07 0
5.43687e+07 0
5.44357e+07 0
5.44693e+07 0
6.06314e+07 0
6.10338e+07 0
6.10673e+07 0
6.13914e+07 0
6.1425e+07 0
6.14474e+07 0
6.14921e+07 0
6.15592e+07 0
6.16262e+07 0
6.1671e+07 0
6.17828e+07 0
6.18499e+07 0
6.18946e+07 0
6.84819e+07 0
6.88507e+07 0
6.89401e+07 0
6.91413e+07 0
6.9432e+07 0
6.94543e+07 0
6.9499e+07 0
6.95885e+07 0
6.9622e+07 0
6.96444e+07 0
6.96556e+07 0
6.97897e+07 0
6.98233e+07 0
6.98344e+07 0
7.68915e+07 0
7.72156e+07 0
7.74503e+07 0
7.76515e+07 0
7.77857e+07 0
7.78416e+07 0
7.79198e+07 0
7.79981e+07 0
7.81099e+07 0
7.81322e+07 0
7.81658e+07 0
7.82217e+07 0
7.82776e+07 0
7.83335e+07 0
7.83782e+07 0
8.62851e+07 0
8.64304e+07 0
8.65086e+07 0
8.69333e+07 0
8.70563e+07 0
8.70898e+07 0
8.71793e+07 0
8.72799e+07 0
8.73358e+07 0
8.73805e+07 0
8.74699e+07 0
8.75258e+07 0
8.75817e+07 0
8.76711e+07 0
8.77158e+07 0
8.77382e+07 0
9.57124e+07 0
9.61036e+07 0
9.6193e+07 0
9.64389e+07 0
9.64613e+07 0
9.6506e+07 0
9.67743e+07 0
9.69867e+07 0
9.71432e+07 0
9.71768e+07 0
9.72327e+07 0
9.72774e+07 0
9.73333e+07 0
9.7378e+07 0
9.74227e+07 0
9.74786e+07 0
9.75457e+07 0
1.059e+08 0
1.06303e+08 0
1.06414e+08 0
1.06526e+08 0
1.06616e+08 0
1.06716e+08 0
1.07163e+08 0
1.07353e+08 0
1.07398e+08 0
1.0761e+08 0
1.07655e+08 0
1.0789e+08 0
1.07935e+08 0
1.07979e+08 0
1.08013e+08 0
1.08069e+08 0
1.08136e+08 0
1.08169e+08 0
1.16625e+08 0
1.16871e+08 0
1.16938e+08 0
1.17173e+08 0
1.1734e+08 0
1.17441e+08 0
1.1819e+08 0
1.18235e+08 0
1.18313e+08 0
1.18648e+08 0
1.18715e+08 0
1.18872e+08 0
1.18961e+08 0
1.19073e+08 0
1.19106e+08 0
1.19151e+08 0
1.19196e+08 0
1.19229e+08 0
1.19252e+08 0
1.28143e+08 0
1.28289e+08 0
1.28512e+08 0
1.28624e+08 0
1.28758e+08 0
1.28881e+08 0
1.29764e+08 0
1.29865e+08 0
1.29932e+08 0
1.29999e+08 0
1.30345e+08 0
1.30413e+08 0
1.30468e+08 0
1.30647e+08 0
1.30658e+08 0
1.30681e+08 0
1.30737e+08 0
1.30759e+08 0
1.30781e+08 0
1.30804e+08 0
1.40065e+08 0
1.40154e+08 0
1.40243e+08 0
1.40355e+08 0
1.4059e+08 0
1.40691e+08 0
1.41797e+08 0
1.41831e+08 0
1.4192e+08 0
1.41965e+08 0
1.42323e+08 0
1.42401e+08 0
1.42468e+08 0
1.42758e+08 0
1.42781e+08 0
1.42803e+08 0
1.42848e+08 0
1.42882e+08 0
1.42893e+08 0
1.42915e+08 0
1.42926e+08 0
1.52344e+08 0
1.52467e+08 0
1.52724e+08 0
1.52947e+08 0
1.5307e+08 0
1.53205e+08 0
1.54211e+08 0
1.54266e+08 0
1.54445e+08 0
1.54691e+08 0
1.54982e+08 0
1.55049e+08 0
1.55105e+08 0
1.55306e+08 0
1.55474e+08 0
1.5553e+08 0
1.55541e+08 0
1.55586e+08 0
1.55597e+08 0
1.55641e+08 0
1.55653e+08 0
1.55664e+08 0
1.65618e+08 0
1.65708e+08 0
1.65931e+08 0
1.66021e+08 0
1.66088e+08 0
1.66278e+08 0
1.67328e+08 0
1.67418e+08 0
1.67485e+08 0
1.67641e+08 0
1.67887e+08 0
1.67999e+08 0
1.68033e+08 0
1.68301e+08 0
1.6839e+08 0
1.68491e+08 0
1.68513e+08 0
1.68614e+08 0
1.68625e+08 0
1.68692e+08 0
1.68715e+08 0
1.68726e+08 0
1.78669e+08 0
1.78736e+08 0
1.78814e+08 0
1.79262e+08 0
1.7934e+08 0
1.79485e+08 0
1.79821e+08 0
1.80413e+08 0
1.80771e+08 0
1.80916e+08 0
1.80961e+08 0
1.81095e+08 0
1.81374e+08 0
1.81419e+08 0
1.81732e+08 0
1.81777e+08 0
1.81821e+08 0
1.81922e+08 0
1.82e+08 0
1.82011e+08 0
1.82134e+08 0
1.82146e+08 0
1.82157e+08 0
1.92659e+08 0
1.92771e+08 0
1.92872e+08 0
1.93006e+08 0
1.9352e+08 0
1.93721e+08 0
1.93878e+08 0
1.94001e+08 0
1.94537e+08 0
1.94638e+08 0
1.94749e+08 0
1.94805e+08 0
1.94828e+08 0
1.9504e+08 0
1.95331e+08 0
1.95722e+08 0
1.95744e+08 0
1.958e+08 0
1.95834e+08 0
1.95957e+08 0
1.95979e+08 0
1.96124e+08 0
1.96136e+08 0
1.96158e+08 0
2.07711e+08 0
2.0779e+08 0
2.07834e+08 0
2.07924e+08 0
2.07991e+08 0
2.08058e+08 0
2.08147e+08 0
2.08337e+08 0
2.08662e+08 0
2.08986e+08 0
2.09019e+08 0
2.09053e+08 0
2.09097e+08 0
2.09198e+08 0
2.09355e+08 0
2.09813e+08 0
2.10193e+08 0
2.10226e+08 0
2.10361e+08 0
2.10416e+08 0
2.10539e+08 0
2.10551e+08 0
2.10696e+08 0
2.10707e+08 0
2.1073e+08 0
2.22708e+08 0
2.22831e+08 0
2.22898e+08 0
2.22965e+08 0
2.23043e+08 0
2.23077e+08 0
2.2311e+08 0
2.23345e+08 0
2.23569e+08 0
2.23692e+08 0
2.24094e+08 0
2.24139e+08 0
2.24172e+08 0
2.24195e+08 0
2.24217e+08 0
2.24485e+08 0
2.24877e+08 0
2.25234e+08 0
2.2548e+08 0
2.25592e+08 0
2.25614e+08 0
2.2567e+08 0
2.25715e+08 0
2.2586e+08 0
2.25872e+08 0
2.25983e+08 0
2.38308e+08 0
2.38532e+08 0
2.38577e+08 0
2.38621e+08 0
2.38666e+08 0
2.38722e+08 0
2.38778e+08 0
2.38812e+08 0
2.38979e+08 0
2.39259e+08 0
2.39326e+08 0
2.39717e+08 0
2.39784e+08 0
2.39818e+08 0
2.39873e+08 0
2.39896e+08 0
2.4003e+08 0
2.40656e+08 0
2.41058e+08 0
2.41192e+08 0
2.41349e+08 0
2.41371e+08 0
2.41438e+08 0
2.41472e+08 0
2.41617e+08 0
2.41696e+08 0
2.41953e+08 0
2.54736e+08 0
2.54837e+08 0
2.54871e+08 0
2.54915e+08 0
2.5496e+08 0
2.54982e+08 0
2.55016e+08 0
2.55061e+08 0
2.55128e+08 0
2.55206e+08 0
2.55497e+08 0
2.55619e+08 0
2.56011e+08 0
2.56067e+08 0
2.56111e+08 0
2.56134e+08 0
2.56156e+08 0
2.56178e+08 0
2.5705e+08 0
2.5733e+08 0
2.57486e+08 0
2.57699e+08 0
2.57743e+08 0
2.57822e+08 0
2.57833e+08 0
2.58045e+08 0
2.58168e+08 0
2.58537e+08 0
2.71511e+08 0
2.71601e+08 0
2.71701e+08 0
2.71746e+08 0
2.71791e+08 0
2.71847e+08 0
2.71992e+08 0
2.72059e+08 0
2.72137e+08 0
2.72238e+08 0
2.72294e+08 0
2.72405e+08 0
2.72461e+08 0
2.72785e+08 0
2.72819e+08 0
2.72864e+08 0
2.72953e+08 0
2.73009e+08 0
2.73098e+08 0
2.74026e+08 0
2.74216e+08 0
2.7444e+08 0
2.74663e+08 0
2.74675e+08 0
2.7473e+08 0
2.74775e+08 0
2.75088e+08 0
2.752e+08 0
2.75513e+08 0
2.88912e+08 0
2.8908e+08 0
2.89181e+08 0
2.89214e+08 0
2.89303e+08 0
2.89415e+08 0
2.89494e+08 0
2.89572e+08 0
2.89672e+08 0
2.89706e+08 0
2.89784e+08 0
2.89873e+08 0
2.89918e+08 0
2.89985e+08 0
2.90399e+08 0
2.90432e+08 0
2.90466e+08 0
2.90499e+08 0
2.90533e+08 0
2.90678e+08 0
2.91505e+08 0
2.91807e+08 0
2.91953e+08 0
2.92187e+08 0
2.92199e+08 0
2.92266e+08 0
2.92299e+08 0
2.92758e+08 0
2.92825e+08 0
2.93115e+08 0
3.0685e+08 0
3.07018e+08 0
3.07185e+08 0
3.07252e+08 0
3.07297e+08 0
3.07387e+08 0
3.07442e+08 0
3.07543e+08 0
3.07588e+08 0
3.07655e+08 0
3.07744e+08 0
3.07845e+08 0
3.07945e+08 0
3.08035e+08 0
3.08147e+08 0
3.08359e+08 0
3.08493e+08 0
3.08527e+08 0
3.08594e+08 0
3.08638e+08 0
3.08795e+08 0
3.09566e+08 0
3.09969e+08 0
3.10047e+08 0
3.10304e+08 0
3.10315e+08 0
3.10349e+08 0
3.10427e+08 0
3.10975e+08 0
3.11064e+08 0
3.11254e+08 0
3.25403e+08 0
3.25504e+08 0
3.25738e+08 0
3.25817e+08 0
3.25884e+08 0
3.25951e+08 0
3.26062e+08 0
3.26152e+08 0
3.26241e+08 0
3.26353e+08 0
3.26454e+08 0
3.26577e+08 0
3.26655e+08 0
3.26744e+08 0
3.268e+08 0
3.26878e+08 0
3.27068e+08 0
3.27225e+08 0
3.27258e+08 0
3.27292e+08 0
3.27359e+08 0
3.27482e+08 0
3.28298e+08 0
3.28656e+08 0
3.28756e+08 0
3.29036e+08 0
3.29058e+08 0
3.29069e+08 0
3.29181e+08 0
3.29796e+08 0
3.29908e+08 0
3.30165e+08 0
3.44482e+08 0
3.44649e+08 0
3.44705e+08 0
3.44783e+08 0
3.44917e+08 0
3.45208e+08 0
3.4532e+08 0
3.45432e+08 0
3.4551e+08 0
3.4561e+08 0
3.45689e+08 0
3.45756e+08 0
3.45823e+08 0
3.45867e+08 0
3.4599e+08 0
3.46091e+08 0
3.46158e+08 0
3.46214e+08 0
3.46505e+08 0
3.46538e+08 0
3.46594e+08 0
3.46627e+08 0
3.46762e+08 0
3.47488e+08 0
3.47779e+08 0
3.48047e+08 0
3.4836e+08 0
3.48405e+08 0
3.48427e+08 0
3.48595e+08 0
3.49188e+08 0
3.49366e+08 0
3.4959e+08 0
3.63985e+08 0
3.64063e+08 0
3.64287e+08 0
3.64343e+08 0
3.6441e+08 0
3.64566e+08 0
3.64656e+08 0
3.64712e+08 0
3.6498e+08 0
3.65069e+08 0
3.65181e+08 0
3.65282e+08 0
3.65416e+08 0
3.65527e+08 0
3.65751e+08 0
3.65975e+08 0
3.6603e+08 0
3.66086e+08 0
3.66131e+08 0
3.66343e+08 0
3.66422e+08 0
3.66489e+08 0
3.66511e+08 0
3.66612e+08 0
3.67383e+08 0
3.67763e+08 0
3.67976e+08 0
3.68277e+08 0
3.68311e+08 0
3.68333e+08 0
3.68713e+08 0
3.69149e+08 0
3.69451e+08 0
3.69597e+08 0
3.84148e+08 0
3.84227e+08 0
3.84875e+08 0
3.84976e+08 0
3.85054e+08 0
3.85177e+08 0
3.85277e+08 0
3.85356e+08 0
3.85456e+08 0
3.85557e+08 0
3.85736e+08 0
3.85825e+08 0
3.85881e+08 0
3.85959e+08 0
3.86227e+08 0
3.86361e+08 0
3.86417e+08 0
3.86451e+08 0
3.86484e+08 0
3.86563e+08 0
3.86686e+08 0
3.86741e+08 0
3.86786e+08 0
3.8682e+08 0
3.87043e+08 0
3.87748e+08 0
3.88228e+08 0
3.88374e+08 0
3.88765e+08 0
3.88798e+08 0
3.8881e+08 0
3.89111e+08 0
3.89615e+08 0
3.89961e+08 0
3.90196e+08 0
4.05039e+08 0
4.05072e+08 0
4.05899e+08 0
4.06011e+08 0
4.06089e+08 0
4.06268e+08 0
4.06357e+08 0
4.06447e+08 0
4.06547e+08 0
4.06693e+08 0
4.0676e+08 0
4.06838e+08 0
4.06894e+08 0
4.0705e+08 0
4.07319e+08 0
4.07397e+08 0
4.07464e+08 0
4.07509e+08 0
4.07553e+08 0
4.07676e+08 0
4.07721e+08 0
4.07811e+08 0
4.07833e+08 0
4.07855e+08 0
4.079e+08 0
4.08057e+08 0
4.08549e+08 0
4.08806e+08 0
4.08973e+08 0
4.09901e+08 0
4.09935e+08 0
4.09946e+08 0
4.10203e+08 0
4.10706e+08 0
4.11052e+08 0
4.11198e+08 0
4.26577e+08 0
4.26622e+08 0
4.27449e+08 0
4.27561e+08 0
4.2765e+08 0
4.27762e+08 0
4.27896e+08 0
4.27997e+08 0
4.28332e+08 0
4.28399e+08 0
4.28477e+08 0
4.28556e+08 0
4.28589e+08 0
4.28667e+08 0
4.28869e+08 0
4.28936e+08 0
4.28992e+08 0
4.29048e+08 0
4.29137e+08 0
4.29182e+08 0
4.29226e+08 0
4.29305e+08 0
4.29383e+08 0
4.29405e+08 0
4.29439e+08 0
4.29483e+08 0
4.29674e+08 0
4.30233e+08 0
4.30445e+08 0
4.30624e+08 0
4.3182e+08 0
4.31865e+08 0
4.31921e+08 0
4.31988e+08 0
4.32491e+08 0
4.32591e+08 0
4.32681e+08 0
4.48642e+08 0
4.48675e+08 0
4.49715e+08 0
4.49849e+08 0
4.50073e+08 0
4.5014e+08 0
4.5024e+08 0
4.50341e+08 0
4.50453e+08 0
4.5052e+08 0
4.50609e+08 0
4.5071e+08 0
4.50821e+08 0
4.50877e+08 0
4.51078e+08 0
4.51123e+08 0
4.51179e+08 0
4.51246e+08 0
4.51302e+08 0
4.51358e+08 0
4.51425e+08 0
4.51503e+08 0
4.51559e+08 0
4.51604e+08 0
4.51615e+08 0
4.5166e+08 0
4.51671e+08 0
4.51883e+08 0
4.52465e+08 0
4.52554e+08 0
4.52845e+08 0
4.54063e+08 0
4.54108e+08 0
4.54164e+08 0
4.54309e+08 0
4.55002e+08 0
4.55215e+08 0
4.55282e+08 0
4.71198e+08 0
4.71366e+08 0
4.72506e+08 0
4.72596e+08 0
4.72707e+08 0
4.72797e+08 0
4.72897e+08 0
4.72976e+08 0
4.73054e+08 0
4.73121e+08 0
4.73266e+08 0
4.73367e+08 0
4.7349e+08 0
4.73557e+08 0
4.73613e+08 0
4.73691e+08 0
4.73814e+08 0
4.73937e+08 0
4.7406e+08 0
4.74104e+08 0
4.74227e+08 0
4.74306e+08 0
4.7435e+08 0
4.74395e+08 0
4.74417e+08 0
4.74451e+08 0
4.74473e+08 0
4.74485e+08 0
4.74652e+08 0
4.7529e+08 0
4.75346e+08 0
4.75681e+08 0
4.76989e+08 0
4.77033e+08 0
4.77212e+08 0
4.77313e+08 0
4.78118e+08 0
4.78442e+08 0
4.78464e+08 0
4.94381e+08 0
4.94694e+08 0
4.95846e+08 0
4.95913e+08 0
4.9598e+08 0
4.96036e+08 0
4.96103e+08 0
4.96181e+08 0
4.96281e+08 0
4.96371e+08 0
4.96427e+08 0
4.96516e+08 0
4.9665e+08 0
4.9674e+08 0
4.96874e+08 0
4.96963e+08 0
4.97064e+08 0
4.97198e+08 0
4.97421e+08 0
4.97511e+08 0
4.97556e+08 0
4.97634e+08 0
4.9769e+08 0
4.97723e+08 0
4.97757e+08 0
4.97779e+08 0
4.9779e+08 0
4.97835e+08 0
4.97869e+08 0
4.97992e+08 0
4.98573e+08 0
4.98618e+08 0
4.993e+08 0
5.00417e+08 0
5.00529e+08 0
5.00641e+08 0
5.00753e+08 0
5.01669e+08 0
5.01982e+08 0
5.02016e+08 0
5.18269e+08 0
5.18582e+08 0
5.19643e+08 0
5.19666e+08 0
5.19755e+08 0
5.19822e+08 0
5.19867e+08 0
5.19945e+08 0
5.20135e+08 0
5.20213e+08 0
5.20336e+08 0
5.20437e+08 0
5.20582e+08 0
5.20683e+08 0
5.20761e+08 0
5.20862e+08 0
5.21063e+08 0
5.21175e+08 0
5.21264e+08 0
5.21342e+08 0
5.21432e+08 0
5.21499e+08 0
5.21588e+08 0
5.21666e+08 0
5.21711e+08 0
5.21745e+08 0
5.21778e+08 0
5.21801e+08 0
5.21812e+08 0
5.2189e+08 0
5.21991e+08 0
5.22393e+08 0
5.22494e+08 0
5.23589e+08 0
5.24484e+08 0
5.24584e+08 0
5.24651e+08 0
5.24685e+08 0
5.25613e+08 0
5.26127e+08 0
5.26138e+08 0
5.42726e+08 0
5.43117e+08 0
5.44045e+08 0
5.44202e+08 0
5.44269e+08 0
5.44358e+08 0
5.44403e+08 0
5.44515e+08 0
5.44604e+08 0
5.44693e+08 0
5.44805e+08 0
5.44906e+08 0
5.45006e+08 0
5.45129e+08 0
5.45241e+08 0
5.45297e+08 0
5.45386e+08 0
5.45476e+08 0
5.45588e+08 0
5.45733e+08 0
5.45789e+08 0
5.45923e+08 0
5.46068e+08 0
5.46113e+08 0
5.46146e+08 0
5.46225e+08 0
5.46269e+08 0
5.46303e+08 0
5.46325e+08 0
5.46348e+08 0
5.46493e+08 0
5.46583e+08 0
5.46885e+08 0
5.47075e+08 0
5.48259e+08 0
5.49187e+08 0
5.49221e+08 0
5.49299e+08 0
5.49366e+08 0
5.50059e+08 0
5.50752e+08 0
5.50763e+08 0
5.67888e+08 0
5.68157e+08 0
5.6876e+08 0
5.69252e+08 0
5.69308e+08 0
5.69397e+08 0
5.69498e+08 0
5.69621e+08 0
5.69688e+08 0
5.69744e+08 0
5.69867e+08 0
5.69934e+08 0
5.70001e+08 0
5.70102e+08 0
5.70191e+08 0
5.70325e+08 0
5.70403e+08 0
5.7047e+08 0
5.70549e+08 0
5.70627e+08 0
5.70705e+08 0
5.70794e+08 0
5.70917e+08 0
5.71007e+08 0
5.71242e+08 0
5.71286e+08 0
5.71331e+08 0
5.71398e+08 0
5.71454e+08 0
5.71465e+08 0
5.71499e+08 0
5.71655e+08 0
5.71745e+08 0
5.72069e+08 0
5.72136e+08 0
5.73522e+08 0
5.74517e+08 0
5.74539e+08 0
5.74584e+08 0
5.74629e+08 0
5.7502e+08 0
5.75724e+08 0
5.75814e+08 0
5.93554e+08 0
5.93878e+08 0
5.94504e+08 0
5.94973e+08 0
5.95052e+08 0
5.95141e+08 0
5.95208e+08 0
5.95264e+08 0
5.95331e+08 0
5.95365e+08 0
5.95488e+08 0
5.95555e+08 0
5.95622e+08 0
5.95689e+08 0
5.95778e+08 0
5.95868e+08 0
5.95979e+08 0
5.96102e+08 0
5.96192e+08 0
5.96248e+08 0
5.96326e+08 0
5.96415e+08 0
5.96505e+08 0
5.96605e+08 0
5.96683e+08 0
5.96784e+08 0
5.96896e+08 0
5.97041e+08 0
5.97187e+08 0
5.9722e+08 0
5.97254e+08 0
5.97365e+08 0
5.97388e+08 0
5.97556e+08 0
5.97723e+08 0
5.97768e+08 0
5.99288e+08 0
6.00317e+08 0
6.00339e+08 0
6.00384e+08 0
6.00406e+08 0
6.0092e+08 0
6.01289e+08 0
6.0158e+08 0
6.12305e+08 0
6.12327e+08 0
6.1235e+08 0
