110191 0
712571 0
1.30489e+06 0
1.89721e+06 0
2.48954e+06 0
3.08189e+06 0
3.68541e+06 0
4.26663e+06 0
4.85913e+06 0
5.45179e+06 0
6.04479e+06 0
6.63907e+06 0
6.67261e+06 0
9.01501e+06 0
9.05971e+06 0
1.05425e+07 0
1.05761e+07 0
1.05873e+07 0
1.28714e+07 0
1.2905e+07 0
1.29385e+07 0
1.30056e+07 0
1.52199e+07 0
1.52535e+07 0
1.53876e+07 0
1.53988e+07 0
1.54323e+07 0
1.87745e+07 0
1.87969e+07 0
1.91098e+07 0
1.91992e+07 0
1.92886e+07 0
1.93781e+07 0
2.24314e+07 0
2.24426e+07 0
2.24649e+07 0
2.24985e+07 0
2.26326e+07 0
2.28226e+07 0
2.28897e+07 0
2.66697e+07 0
2.67032e+07 0
2.67144e+07 0
2.68039e+07 0
2.72733e+07 0
2.74856e+07 0
2.75527e+07 0
3.11427e+07 0
3.11874e+07 0
3.12656e+07 0
3.14221e+07 0
3.16009e+07 0
3.17015e+07 0
3.20033e+07 0
3.2115e+07 0
3.61121e+07 0
3.6425e+07 0
3.65033e+07 0
3.65927e+07 0
3.66933e+07 0
3.68274e+07 0
3.72633e+07 0
3.73974e+07 0
3.74644e+07 0
4.2013e+07 0
4.23036e+07 0
4.24377e+07 0
4.25271e+07 0
4.26501e+07 0
4.27618e+07 0
4.28624e+07 0
4.30524e+07 0
4.35777e+07 0
4.36336e+07 0
4.81892e+07 0
4.86474e+07 0
4.87704e+07 0
4.88821e+07 0
4.90609e+07 0
4.92174e+07 0
4.93962e+07 0
4.95303e+07 0
4.96644e+07 0
5.01115e+07 0
5.02121e+07 0
5.52261e+07 0
5.59749e+07 0
5.60978e+07 0
5.6232e+07 0
5.6422e+07 0
5.69696e+07 0
5.7182e+07 0
5.72938e+07 0
5.73832e+07 0
5.74838e+07 0
5.75397e+07 0
5.76068e+07 0
6.25774e+07 0
6.30356e+07 0
6.31251e+07 0
6.32256e+07 0
6.3315e+07 0
6.37174e+07 0
6.42204e+07 0
6.43545e+07 0
6.44551e+07 0
6.45445e+07 0
6.46563e+07 0
6.49021e+07 0
6.49692e+07 0
7.07618e+07 0
7.10301e+07 0
7.11195e+07 0
7.12313e+07 0
7.13095e+07 0
7.15555e+07 0
7.23379e+07 0
7.24385e+07 0
7.25503e+07 0
7.26397e+07 0
7.27291e+07 0
7.2852e+07 0
7.29414e+07 0
7.30308e+07 0
7.90091e+07 0
7.95792e+07 0
7.97693e+07 0
7.98252e+07 0
7.98922e+07 0
8.01717e+07 0
8.05182e+07 0
8.08312e+07 0
8.10659e+07 0
8.11553e+07 0
8.12447e+07 0
8.13341e+07 0
8.14682e+07 0
8.158e+07 0
8.16806e+07 0
8.79058e+07 0
8.88111e+07 0
8.91018e+07 0
8.91353e+07 0
8.91465e+07 0
8.93031e+07 0
8.95154e+07 0
9.00967e+07 0
9.03873e+07 0
9.08232e+07 0
9.14602e+07 0
9.15496e+07 0
9.16278e+07 0
9.17061e+07 0
9.1762e+07 0
9.18067e+07 0
9.75698e+07 0
9.83745e+07 0
9.88441e+07 0
9.89335e+07 0
9.89558e+07 0
9.91012e+07 0
9.91235e+07 0
9.99842e+07 0
1.0061e+08 0
1.00901e+08 0
1.01012e+08 0
1.01102e+08 0
1.01191e+08 0
1.01247e+08 0
1.01337e+08 0
1.01683e+08 0
1.01772e+08 0
1.07697e+08 0
1.08758e+08 0
1.09094e+08 0
1.09217e+08 0
1.09239e+08 0
1.09351e+08 0
1.09418e+08 0
1.10413e+08 0
1.11039e+08 0
1.11173e+08 0
1.11329e+08 0
1.11486e+08 0
1.11609e+08 0
1.11732e+08 0
1.11843e+08 0
1.11955e+08 0
1.12045e+08 0
1.12145e+08 0
1.18509e+08 0
1.19727e+08 0
1.20108e+08 0
1.20141e+08 0
1.20175e+08 0
1.20566e+08 0
1.207e+08 0
1.21616e+08 0
1.21885e+08 0
1.2203e+08 0
1.22388e+08 0
1.22544e+08 0
1.22645e+08 0
1.22745e+08 0
1.22879e+08 0
1.23036e+08 0
1.23148e+08 0
1.23282e+08 0
1.23416e+08 0
1.29842e+08 0
1.31273e+08 0
1.31541e+08 0
1.31563e+08 0
1.31586e+08 0
1.31977e+08 0
1.32033e+08 0
1.33061e+08 0
1.33475e+08 0
1.33564e+08 0
1.33676e+08 0
1.33765e+08 0
1.34067e+08 0
1.34179e+08 0
1.34525e+08 0
1.34659e+08 0
1.34771e+08 0
1.34916e+08 0
1.35051e+08 0
1.35162e+08 0
1.41908e+08 0
1.43428e+08 0
1.43674e+08 0
1.4373e+08 0
1.43864e+08 0
1.44133e+08 0
1.44289e+08 0
1.4525e+08 0
1.45563e+08 0
1.4563e+08 0
1.45999e+08 0
1.46055e+08 0
1.46234e+08 0
1.46413e+08 0
1.46815e+08 0
1.47072e+08 0
1.47206e+08 0
1.47329e+08 0
1.47474e+08 0
1.4762e+08 0
1.47732e+08 0
1.54481e+08 0
1.55711e+08 0
1.56113e+08 0
1.56325e+08 0
1.5637e+08 0
1.56962e+08 0
1.57231e+08 0
1.57901e+08 0
1.58136e+08 0
1.58214e+08 0
1.58505e+08 0
1.5855e+08 0
1.58807e+08 0
1.58907e+08 0
1.5912e+08 0
1.60159e+08 0
1.60282e+08 0
1.60394e+08 0
1.6045e+08 0
1.60561e+08 0
1.60684e+08 0
1.60774e+08 0
1.67442e+08 0
1.68828e+08 0
1.69231e+08 0
1.69398e+08 0
1.69465e+08 0
1.70259e+08 0
1.70371e+08 0
1.71042e+08 0
1.71489e+08 0
1.71545e+08 0
1.71835e+08 0
1.7188e+08 0
1.72394e+08 0
1.72539e+08 0
1.72651e+08 0
1.73947e+08 0
1.73992e+08 0
1.74026e+08 0
1.74059e+08 0
1.74093e+08 0
1.7416e+08 0
1.74227e+08 0
1.8088e+08 0
1.80913e+08 0
1.81931e+08 0
1.82311e+08 0
1.82881e+08 0
1.82948e+08 0
1.83719e+08 0
1.83954e+08 0
1.84412e+08 0
1.84792e+08 0
1.84815e+08 0
1.85351e+08 0
1.85441e+08 0
1.85865e+08 0
1.86525e+08 0
1.86916e+08 0
1.87665e+08 0
1.87754e+08 0
1.87832e+08 0
1.87899e+08 0
1.87933e+08 0
1.87966e+08 0
1.88e+08 0
1.94701e+08 0
1.94735e+08 0
1.94768e+08 0
1.95976e+08 0
1.96445e+08 0
1.96926e+08 0
1.9706e+08 0
1.97988e+08 0
1.98659e+08 0
1.98781e+08 0
1.99094e+08 0
1.99229e+08 0
1.9991e+08 0
2.00044e+08 0
2.01408e+08 0
2.01564e+08 0
2.01654e+08 0
2.02056e+08 0
2.02168e+08 0
2.02246e+08 0
2.02324e+08 0
2.02391e+08 0
2.02447e+08 0
2.02481e+08 0
2.09335e+08 0
2.09369e+08 0
2.09403e+08 0
2.10554e+08 0
2.10565e+08 0
2.11024e+08 0
2.1146e+08 0
2.11828e+08 0
2.12991e+08 0
2.13684e+08 0
2.13851e+08 0
2.14053e+08 0
2.14377e+08 0
2.15036e+08 0
2.15271e+08 0
2.15539e+08 0
2.15729e+08 0
2.1593e+08 0
2.16612e+08 0
2.16713e+08 0
2.1697e+08 0
2.17182e+08 0
2.17238e+08 0
2.17294e+08 0
2.17327e+08 0
2.24276e+08 0
2.24433e+08 0
2.245e+08 0
2.25763e+08 0
2.25797e+08 0
2.2583e+08 0
2.26087e+08 0
2.26959e+08 0
2.27328e+08 0
2.29608e+08 0
2.2972e+08 0
2.29932e+08 0
2.30055e+08 0
2.30156e+08 0
2.30748e+08 0
2.31396e+08 0
2.31687e+08 0
2.31787e+08 0
2.32022e+08 0
2.32324e+08 0
2.32436e+08 0
2.32626e+08 0
2.3267e+08 0
2.32726e+08 0
2.32771e+08 0
2.32793e+08 0
2.39893e+08 0
2.39927e+08 0
2.40005e+08 0
2.41604e+08 0
2.41626e+08 0
2.41704e+08 0
2.42777e+08 0
2.428e+08 0
2.43146e+08 0
2.4385e+08 0
2.45359e+08 0
2.46041e+08 0
2.46175e+08 0
2.46253e+08 0
2.46287e+08 0
2.47561e+08 0
2.47762e+08 0
2.47907e+08 0
2.47974e+08 0
2.48086e+08 0
2.48433e+08 0
2.48511e+08 0
2.48578e+08 0
2.48701e+08 0
2.48723e+08 0
2.48779e+08 0
2.48857e+08 0
2.56135e+08 0
2.56202e+08 0
2.56236e+08 0
2.58125e+08 0
2.58148e+08 0
2.58405e+08 0
2.59735e+08 0
2.59813e+08 0
2.59858e+08 0
2.59958e+08 0
2.60517e+08 0
2.62071e+08 0
2.62853e+08 0
2.63222e+08 0
2.63267e+08 0
2.63647e+08 0
2.64384e+08 0
2.64474e+08 0
2.64686e+08 0
2.64753e+08 0
2.64876e+08 0
2.64965e+08 0
2.65032e+08 0
2.65178e+08 0
2.65267e+08 0
2.65368e+08 0
2.65435e+08 0
2.65535e+08 0
2.7285e+08 0
2.72862e+08 0
2.72873e+08 0
2.75365e+08 0
2.755e+08 0
2.75701e+08 0
2.76617e+08 0
2.76695e+08 0
2.76785e+08 0
2.76953e+08 0
2.77042e+08 0
2.77579e+08 0
2.78897e+08 0
2.80261e+08 0
2.80607e+08 0
2.80775e+08 0
2.81054e+08 0
2.81636e+08 0
2.8177e+08 0
2.81881e+08 0
2.81993e+08 0
2.82094e+08 0
2.82228e+08 0
2.82295e+08 0
2.82329e+08 0
2.82373e+08 0
2.8244e+08 0
2.82552e+08 0
2.82709e+08 0
2.90715e+08 0
2.90771e+08 0
2.90783e+08 0
2.92973e+08 0
2.93018e+08 0
2.93275e+08 0
2.94102e+08 0
2.94225e+08 0
2.94337e+08 0
2.94549e+08 0
2.94605e+08 0
2.94695e+08 0
2.95321e+08 0
2.96897e+08 0
2.97835e+08 0
2.98338e+08 0
2.98562e+08 0
2.98864e+08 0
2.99031e+08 0
2.99076e+08 0
2.99143e+08 0
2.994e+08 0
2.99501e+08 0
2.99601e+08 0
2.99713e+08 0
2.99914e+08 0
3.0016e+08 0
3.00238e+08 0
3.00339e+08 0
3.0054e+08 0
3.08753e+08 0
3.08775e+08 0
3.08809e+08 0
3.11033e+08 0
3.11089e+08 0
3.11279e+08 0
3.1195e+08 0
3.12061e+08 0
3.1233e+08 0
3.12676e+08 0
3.1271e+08 0
3.12866e+08 0
3.13917e+08 0
3.14018e+08 0
3.15359e+08 0
3.16197e+08 0
3.16499e+08 0
3.1661e+08 0
3.17024e+08 0
3.1718e+08 0
3.17315e+08 0
3.1746e+08 0
3.17516e+08 0
3.17583e+08 0
3.17639e+08 0
3.1775e+08 0
3.18209e+08 0
3.18298e+08 0
3.18499e+08 0
3.18555e+08 0
3.18891e+08 0
3.27247e+08 0
3.27269e+08 0
3.27303e+08 0
3.29751e+08 0
3.29795e+08 0
3.2984e+08 0
3.3003e+08 0
3.30086e+08 0
3.30432e+08 0
3.30712e+08 0
3.30812e+08 0
3.31416e+08 0
3.32992e+08 0
3.33182e+08 0
3.33271e+08 0
3.34311e+08 0
3.35116e+08 0
3.35283e+08 0
3.35361e+08 0
3.35842e+08 0
3.35965e+08 0
3.36177e+08 0
3.36278e+08 0
3.36457e+08 0
3.36501e+08 0
3.36557e+08 0
3.36613e+08 0
3.36747e+08 0
3.36893e+08 0
3.36993e+08 0
3.37116e+08 0
3.3791e+08 0
3.46448e+08 0
3.46493e+08 0
3.46527e+08 0
3.48997e+08 0
3.49019e+08 0
3.49053e+08 0
3.49422e+08 0
3.495e+08 0
3.49679e+08 0
3.49746e+08 0
3.49824e+08 0
3.50573e+08 0
3.52193e+08 0
3.52272e+08 0
3.52462e+08 0
3.53658e+08 0
3.53747e+08 0
3.54552e+08 0
3.54675e+08 0
3.54764e+08 0
3.55189e+08 0
3.55413e+08 0
3.55502e+08 0
3.55647e+08 0
3.55714e+08 0
3.55793e+08 0
3.55927e+08 0
3.55982e+08 0
3.56105e+08 0
3.56363e+08 0
3.56396e+08 0
3.56564e+08 0
3.57514e+08 0
3.66481e+08 0
3.66548e+08 0
3.66604e+08 0
3.6894e+08 0
3.68973e+08 0
3.69107e+08 0
3.69599e+08 0
3.69688e+08 0
3.69778e+08 0
3.69946e+08 0
3.70057e+08 0
3.70616e+08 0
3.71443e+08 0
3.71544e+08 0
3.71656e+08 0
3.73243e+08 0
3.7331e+08 0
3.73355e+08 0
3.74506e+08 0
3.74539e+08 0
3.74573e+08 0
3.74741e+08 0
3.75054e+08 0
3.75176e+08 0
3.754e+08 0
3.75467e+08 0
3.75758e+08 0
3.75869e+08 0
3.75959e+08 0
3.76015e+08 0
3.76462e+08 0
3.76562e+08 0
3.76708e+08 0
3.77769e+08 0
3.87238e+08 0
3.87294e+08 0
3.87373e+08 0
3.89407e+08 0
3.89541e+08 0
3.89597e+08 0
3.90066e+08 0
3.90167e+08 0
3.90223e+08 0
3.90636e+08 0
3.90737e+08 0
3.90916e+08 0
3.91899e+08 0
3.92257e+08 0
3.92805e+08 0
3.93844e+08 0
3.93889e+08 0
3.93923e+08 0
3.94727e+08 0
3.94761e+08 0
3.94794e+08 0
3.94817e+08 0
3.9485e+08 0
3.95085e+08 0
3.95186e+08 0
3.95286e+08 0
3.95454e+08 0
3.958e+08 0
3.96136e+08 0
3.96236e+08 0
3.96314e+08 0
3.9675e+08 0
3.97141e+08 0
3.97253e+08 0
3.98516e+08 0
4.09016e+08 0
4.09083e+08 0
4.09127e+08 0
4.10704e+08 0
4.10938e+08 0
4.11017e+08 0
4.11732e+08 0
4.11866e+08 0
4.11967e+08 0
4.12447e+08 0
4.12581e+08 0
4.13017e+08 0
4.13297e+08 0
4.13721e+08 0
4.1418e+08 0
4.15286e+08 0
4.15365e+08 0
4.15443e+08 0
4.16058e+08 0
4.16113e+08 0
4.16158e+08 0
4.16203e+08 0
4.16259e+08 0
4.16315e+08 0
4.16337e+08 0
4.16851e+08 0
4.16941e+08 0
4.16996e+08 0
4.17388e+08 0
4.17958e+08 0
4.18025e+08 0
4.18069e+08 0
4.18203e+08 0
4.18371e+08 0
4.18528e+08 0
4.19757e+08 0
4.30722e+08 0
4.30968e+08 0
4.31024e+08 0
4.32802e+08 0
4.32925e+08 0
4.33159e+08 0
4.33338e+08 0
4.33461e+08 0
4.33573e+08 0
4.33908e+08 0
4.33986e+08 0
4.34936e+08 0
4.35439e+08 0
4.35909e+08 0
4.36099e+08 0
4.3744e+08 0
4.37641e+08 0
4.37675e+08 0
4.3791e+08 0
4.37921e+08 0
4.38211e+08 0
4.38468e+08 0
4.38536e+08 0
4.38614e+08 0
4.38681e+08 0
4.38759e+08 0
4.38848e+08 0
4.38916e+08 0
4.39251e+08 0
4.3991e+08 0
4.40033e+08 0
4.40055e+08 0
4.401e+08 0
4.40301e+08 0
4.40447e+08 0
4.40849e+08 0
4.4181e+08 0
4.53089e+08 0
4.53536e+08 0
4.53592e+08 0
4.55716e+08 0
4.55783e+08 0
4.56275e+08 0
4.5642e+08 0
4.56565e+08 0
4.56677e+08 0
4.56912e+08 0
4.57057e+08 0
4.57605e+08 0
4.57795e+08 0
4.58242e+08 0
4.58432e+08 0
4.59963e+08 0
4.60321e+08 0
4.60377e+08 0
4.60421e+08 0
4.60455e+08 0
4.60779e+08 0
4.61092e+08 0
4.61137e+08 0
4.61181e+08 0
4.61204e+08 0
4.61249e+08 0
4.61461e+08 0
4.61517e+08 0
4.61561e+08 0
4.61763e+08 0
4.62724e+08 0
4.62769e+08 0
4.62824e+08 0
4.62847e+08 0
4.63439e+08 0
4.63674e+08 0
4.63864e+08 0
4.6459e+08 0
4.75824e+08 0
4.76181e+08 0
4.76338e+08 0
4.78696e+08 0
4.78808e+08 0
4.78976e+08 0
4.79132e+08 0
4.79278e+08 0
4.79423e+08 0
4.7997e+08 0
4.80127e+08 0
4.80596e+08 0
4.80786e+08 0
4.81122e+08 0
4.81446e+08 0
4.82988e+08 0
4.8319e+08 0
4.83223e+08 0
4.83246e+08 0
4.83301e+08 0
4.8357e+08 0
4.84207e+08 0
4.84251e+08 0
4.84285e+08 0
4.84341e+08 0
4.84408e+08 0
4.84464e+08 0
4.84698e+08 0
4.84721e+08 0
4.84788e+08 0
4.85112e+08 0
4.85626e+08 0
4.85693e+08 0
4.85783e+08 0
4.8585e+08 0
4.86543e+08 0
4.86699e+08 0
4.86979e+08 0
4.87113e+08 0
4.98895e+08 0
4.99409e+08 0
4.99487e+08 0
5.02282e+08 0
5.02405e+08 0
5.02494e+08 0
5.02617e+08 0
5.02818e+08 0
5.0302e+08 0
5.03534e+08 0
5.03847e+08 0
5.0416e+08 0
5.04305e+08 0
5.04819e+08 0
5.05188e+08 0
5.06127e+08 0
5.06485e+08 0
5.06518e+08 0
5.06574e+08 0
5.06596e+08 0
5.06898e+08 0
5.07535e+08 0
5.07636e+08 0
5.07692e+08 0
5.07848e+08 0
5.07915e+08 0
5.07971e+08 0
5.08027e+08 0
5.08239e+08 0
5.08318e+08 0
5.08385e+08 0
5.08742e+08 0
5.08843e+08 0
5.09122e+08 0
5.09279e+08 0
5.09424e+08 0
5.1024e+08 0
5.10866e+08 0
5.11268e+08 0
5.11414e+08 0
5.22979e+08 0
5.23348e+08 0
5.23426e+08 0
5.26053e+08 0
5.26109e+08 0
5.26377e+08 0
5.26534e+08 0
5.26646e+08 0
5.26824e+08 0
5.26981e+08 0
5.27327e+08 0
5.27875e+08 0
5.28277e+08 0
5.28937e+08 0
5.29295e+08 0
5.30357e+08 0
5.30401e+08 0
5.30469e+08 0
5.30547e+08 0
5.30614e+08 0
5.30703e+08 0
5.31307e+08 0
5.31363e+08 0
5.31418e+08 0
5.31586e+08 0
5.31631e+08 0
5.31664e+08 0
5.31698e+08 0
5.31743e+08 0
5.31899e+08 0
5.32313e+08 0
5.3238e+08 0
5.32715e+08 0
5.32793e+08 0
5.33509e+08 0
5.33743e+08 0
5.33822e+08 0
5.34492e+08 0
5.35152e+08 0
5.35409e+08 0
5.35878e+08 0
5.47779e+08 0
5.47902e+08 0
5.47969e+08 0
5.50551e+08 0
5.50641e+08 0
5.50764e+08 0
5.51077e+08 0
5.51323e+08 0
5.51479e+08 0
5.51881e+08 0
5.51993e+08 0
5.5263e+08 0
5.52977e+08 0
5.53547e+08 0
5.54039e+08 0
5.54799e+08 0
5.54832e+08 0
5.54877e+08 0
5.54933e+08 0
5.54989e+08 0
5.55078e+08 0
5.55179e+08 0
5.55235e+08 0
5.55291e+08 0
5.55704e+08 0
5.55805e+08 0
5.55928e+08 0
5.56062e+08 0
5.56162e+08 0
5.56241e+08 0
5.56297e+08 0
5.56766e+08 0
5.56878e+08 0
5.57202e+08 0
5.57537e+08 0
5.57995e+08 0
5.58241e+08 0
5.58331e+08 0
5.59493e+08 0
5.59817e+08 0
5.6003e+08 0
5.60466e+08 0
5.73196e+08 0
5.73454e+08 0
5.73521e+08 0
5.76148e+08 0
5.76203e+08 0
5.76472e+08 0
5.7655e+08 0
5.76695e+08 0
5.76964e+08 0
5.77142e+08 0
5.77299e+08 0
5.78159e+08 0
5.7826e+08 0
5.79009e+08 0
5.79534e+08 0
5.79836e+08 0
5.79859e+08 0
5.79959e+08 0
5.80015e+08 0
5.80149e+08 0
5.80239e+08 0
5.80272e+08 0
5.80328e+08 0
5.80417e+08 0
5.80574e+08 0
5.80686e+08 0
5.8082e+08 0
5.80987e+08 0
5.81122e+08 0
5.81244e+08 0
5.81412e+08 0
5.81557e+08 0
5.81826e+08 0
5.82027e+08 0
5.82608e+08 0
5.83055e+08 0
5.83636e+08 0
5.83949e+08 0
5.84005e+08 0
5.85559e+08 0
5.85771e+08 0
5.86185e+08 0
5.87012e+08 0
5.99018e+08 0
5.99287e+08 0
5.99331e+08 0
6.01858e+08 0
6.01925e+08 0
6.02249e+08 0
6.02383e+08 0
6.02473e+08 0
6.0283e+08 0
6.02897e+08 0
6.03199e+08 0
6.0378e+08 0
6.03903e+08 0
6.04853e+08 0
6.05446e+08 0
6.05725e+08 0
6.05803e+08 0
6.05893e+08 0
6.05982e+08 0
6.06139e+08 0
6.06239e+08 0
6.06329e+08 0
6.06418e+08 0
6.06552e+08 0
6.06698e+08 0
6.06843e+08 0
6.07022e+08 0
6.07223e+08 0
6.07413e+08 0
6.07558e+08 0
6.07681e+08 0
6.07838e+08 0
6.07983e+08 0
6.08139e+08 0
6.08296e+08 0
6.0843e+08 0
6.08832e+08 0
6.09514e+08 0
6.09939e+08 0
6.10051e+08 0
6.11995e+08 0
6.1232e+08 0
6.12442e+08 0
6.13035e+08 0
6.20545e+08 0
6.20556e+08 0
6.20579e+08 0
