332590 0
945023 0
1.53734e+06 0
2.12967e+06 0
2.72199e+06 0
3.31432e+06 0
3.9067e+06 0
4.49909e+06 0
5.09159e+06 0
5.68424e+06 0
6.27725e+06 0
6.92903e+06 0
7.67828e+06 0
7.68945e+06 0
9.14463e+06 0
9.18933e+06 0
1.13571e+07 0
1.13795e+07 0
1.1413e+07 0
1.30011e+07 0
1.30458e+07 0
1.31017e+07 0
1.32023e+07 0
1.63695e+07 0
1.63919e+07 0
1.65484e+07 0
1.71632e+07 0
1.71968e+07 0
1.9456e+07 0
1.94784e+07 0
1.96796e+07 0
2.03727e+07 0
2.04174e+07 0
2.04509e+07 0
2.40071e+07 0
2.40183e+07 0
2.4309e+07 0
2.47005e+07 0
2.4734e+07 0
2.48346e+07 0
2.4857e+07 0
2.81898e+07 0
2.82121e+07 0
2.82792e+07 0
2.87937e+07 0
2.88049e+07 0
2.88273e+07 0
2.88943e+07 0
3.29871e+07 0
3.30094e+07 0
3.3043e+07 0
3.30765e+07 0
3.36136e+07 0
3.36249e+07 0
3.36361e+07 0
3.36472e+07 0
3.82874e+07 0
3.82986e+07 0
3.83321e+07 0
3.83544e+07 0
3.83768e+07 0
3.88917e+07 0
3.897e+07 0
3.89924e+07 0
3.90036e+07 0
4.43267e+07 0
4.43378e+07 0
4.4349e+07 0
4.43714e+07 0
4.43826e+07 0
4.4405e+07 0
4.50319e+07 0
4.50655e+07 0
4.50767e+07 0
4.50991e+07 0
5.08909e+07 0
5.09021e+07 0
5.09244e+07 0
5.09356e+07 0
5.09468e+07 0
5.09692e+07 0
5.10027e+07 0
5.16859e+07 0
5.17418e+07 0
5.17641e+07 0
5.17977e+07 0
5.80705e+07 0
5.80817e+07 0
5.8104e+07 0
5.81152e+07 0
5.81264e+07 0
5.81376e+07 0
5.81935e+07 0
5.82271e+07 0
5.92797e+07 0
5.93357e+07 0
5.93804e+07 0
5.94028e+07 0
6.5832e+07 0
6.58543e+07 0
6.58879e+07 0
6.59439e+07 0
6.59663e+07 0
6.59886e+07 0
6.59999e+07 0
6.60334e+07 0
6.60558e+07 0
6.7126e+07 0
6.72489e+07 0
6.73048e+07 0
6.73607e+07 0
7.42039e+07 0
7.42151e+07 0
7.42263e+07 0
7.42822e+07 0
7.42934e+07 0
7.43046e+07 0
7.43158e+07 0
7.43382e+07 0
7.43494e+07 0
7.43717e+07 0
7.62287e+07 0
7.62957e+07 0
7.63404e+07 0
7.63963e+07 0
8.31168e+07 0
8.31392e+07 0
8.31504e+07 0
8.31616e+07 0
8.31728e+07 0
8.3184e+07 0
8.31952e+07 0
8.32064e+07 0
8.32176e+07 0
8.32288e+07 0
8.52671e+07 0
8.53006e+07 0
8.53229e+07 0
8.54124e+07 0
8.54459e+07 0
9.25241e+07 0
9.25465e+07 0
9.25577e+07 0
9.25801e+07 0
9.26024e+07 0
9.26137e+07 0
9.26361e+07 0
9.26472e+07 0
9.26584e+07 0
9.26696e+07 0
9.40831e+07 0
9.40943e+07 0
9.41167e+07 0
9.41503e+07 0
9.43626e+07 0
9.48544e+07 0
1.02491e+08 0
1.02525e+08 0
1.02536e+08 0
1.02559e+08 0
1.02592e+08 0
1.02603e+08 0
1.02637e+08 0
1.02648e+08 0
1.02659e+08 0
1.02671e+08 0
1.03812e+08 0
1.03857e+08 0
1.03935e+08 0
1.04069e+08 0
1.04125e+08 0
1.04259e+08 0
1.04382e+08 0
1.13036e+08 0
1.13103e+08 0
1.13115e+08 0
1.13159e+08 0
1.13226e+08 0
1.13238e+08 0
1.13282e+08 0
1.13294e+08 0
1.13305e+08 0
1.13316e+08 0
1.14123e+08 0
1.14179e+08 0
1.1419e+08 0
1.14201e+08 0
1.14212e+08 0
1.14224e+08 0
1.14526e+08 0
1.14727e+08 0
1.23928e+08 0
1.24107e+08 0
1.24208e+08 0
1.24242e+08 0
1.24309e+08 0
1.2432e+08 0
1.24387e+08 0
1.24398e+08 0
1.24421e+08 0
1.24443e+08 0
1.25075e+08 0
1.25086e+08 0
1.25097e+08 0
1.25119e+08 0
1.25209e+08 0
1.2522e+08 0
1.25455e+08 0
1.25466e+08 0
1.255e+08 0
1.35629e+08 0
1.35741e+08 0
1.35786e+08 0
1.35853e+08 0
1.35875e+08 0
1.35886e+08 0
1.35965e+08 0
1.35976e+08 0
1.36021e+08 0
1.36032e+08 0
1.36828e+08 0
1.36839e+08 0
1.3685e+08 0
1.36861e+08 0
1.36884e+08 0
1.36895e+08 0
1.37063e+08 0
1.37074e+08 0
1.37096e+08 0
1.37186e+08 0
1.47897e+08 0
1.47908e+08 0
1.47964e+08 0
1.48031e+08 0
1.48054e+08 0
1.48065e+08 0
1.48154e+08 0
1.48199e+08 0
1.48244e+08 0
1.48266e+08 0
1.49207e+08 0
1.49219e+08 0
1.4923e+08 0
1.49241e+08 0
1.49252e+08 0
1.49263e+08 0
1.49308e+08 0
1.4932e+08 0
1.49342e+08 0
1.4942e+08 0
1.49443e+08 0
1.60724e+08 0
1.60769e+08 0
1.60791e+08 0
1.60847e+08 0
1.60881e+08 0
1.60892e+08 0
1.6097e+08 0
1.61037e+08 0
1.61059e+08 0
1.61093e+08 0
1.62068e+08 0
1.62079e+08 0
1.6209e+08 0
1.62113e+08 0
1.62157e+08 0
1.62236e+08 0
1.62359e+08 0
1.6237e+08 0
1.62381e+08 0
1.62404e+08 0
1.62426e+08 0
1.62437e+08 0
1.73697e+08 0
1.73708e+08 0
1.73764e+08 0
1.73831e+08 0
1.73853e+08 0
1.73864e+08 0
1.73909e+08 0
1.7392e+08 0
1.73965e+08 0
1.73976e+08 0
1.75164e+08 0
1.75175e+08 0
1.75197e+08 0
1.75208e+08 0
1.7522e+08 0
1.75231e+08 0
1.75309e+08 0
1.75332e+08 0
1.75376e+08 0
1.75421e+08 0
1.75455e+08 0
1.75466e+08 0
1.87139e+08 0
1.8715e+08 0
1.87195e+08 0
1.87329e+08 0
1.87373e+08 0
1.87396e+08 0
1.87407e+08 0
1.87474e+08 0
1.87497e+08 0
1.8753e+08 0
1.87541e+08 0
1.88729e+08 0
1.8874e+08 0
1.88751e+08 0
1.88762e+08 0
1.88773e+08 0
1.88785e+08 0
1.89053e+08 0
1.89064e+08 0
1.89076e+08 0
1.89087e+08 0
1.89098e+08 0
1.8912e+08 0
2.01207e+08 0
2.01218e+08 0
2.01229e+08 0
2.01375e+08 0
2.01419e+08 0
2.01442e+08 0
2.01475e+08 0
2.01486e+08 0
2.01576e+08 0
2.01598e+08 0
2.01621e+08 0
2.01643e+08 0
2.02886e+08 0
2.02909e+08 0
2.0292e+08 0
2.02931e+08 0
2.02942e+08 0
2.03043e+08 0
2.033e+08 0
2.03312e+08 0
2.03323e+08 0
2.03345e+08 0
2.03379e+08 0
2.0339e+08 0
2.1579e+08 0
2.15812e+08 0
2.15823e+08 0
2.15946e+08 0
2.15969e+08 0
2.16047e+08 0
2.16069e+08 0
2.16136e+08 0
2.16159e+08 0
2.16215e+08 0
2.16237e+08 0
2.16259e+08 0
2.16271e+08 0
2.1776e+08 0
2.17804e+08 0
2.17816e+08 0
2.17838e+08 0
2.17849e+08 0
2.17872e+08 0
2.18096e+08 0
2.18107e+08 0
2.18118e+08 0
2.18152e+08 0
2.18163e+08 0
2.18174e+08 0
2.3101e+08 0
2.31032e+08 0
2.31043e+08 0
2.3111e+08 0
2.31178e+08 0
2.312e+08 0
2.31233e+08 0
2.31245e+08 0
2.31334e+08 0
2.31357e+08 0
2.31446e+08 0
2.3148e+08 0
2.31547e+08 0
2.31569e+08 0
2.3317e+08 0
2.33181e+08 0
2.33192e+08 0
2.33203e+08 0
2.33226e+08 0
2.33271e+08 0
2.33495e+08 0
2.33517e+08 0
2.33528e+08 0
2.33539e+08 0
2.33551e+08 0
2.33562e+08 0
2.46901e+08 0
2.46912e+08 0
2.46923e+08 0
2.46968e+08 0
2.4699e+08 0
2.47002e+08 0
2.47024e+08 0
2.47035e+08 0
2.47057e+08 0
2.47113e+08 0
2.47125e+08 0
2.47147e+08 0
2.47237e+08 0
2.4727e+08 0
2.47337e+08 0
2.49016e+08 0
2.49027e+08 0
2.49039e+08 0
2.49061e+08 0
2.49162e+08 0
2.49206e+08 0
2.49453e+08 0
2.49475e+08 0
2.49498e+08 0
2.4952e+08 0
2.49531e+08 0
2.49543e+08 0
2.63273e+08 0
2.63307e+08 0
2.63318e+08 0
2.63407e+08 0
2.63441e+08 0
2.63474e+08 0
2.63497e+08 0
2.63519e+08 0
2.6353e+08 0
2.63541e+08 0
2.63575e+08 0
2.63586e+08 0
2.63642e+08 0
2.63653e+08 0
2.63743e+08 0
2.63776e+08 0
2.65388e+08 0
2.65411e+08 0
2.65433e+08 0
2.65478e+08 0
2.655e+08 0
2.65556e+08 0
2.66015e+08 0
2.66026e+08 0
2.66049e+08 0
2.6606e+08 0
2.66082e+08 0
2.66094e+08 0
2.80294e+08 0
2.80305e+08 0
2.80316e+08 0
2.80327e+08 0
2.80383e+08 0
2.80406e+08 0
2.80417e+08 0
2.80439e+08 0
2.80473e+08 0
2.80517e+08 0
2.80528e+08 0
2.80551e+08 0
2.80562e+08 0
2.80629e+08 0
2.80663e+08 0
2.8073e+08 0
2.80797e+08 0
2.82376e+08 0
2.82387e+08 0
2.8242e+08 0
2.82443e+08 0
2.82476e+08 0
2.82521e+08 0
2.83092e+08 0
2.83103e+08 0
2.83136e+08 0
2.83159e+08 0
2.83192e+08 0
2.83204e+08 0
2.97899e+08 0
2.9791e+08 0
2.97977e+08 0
2.98011e+08 0
2.98044e+08 0
2.98067e+08 0
2.98078e+08 0
2.98089e+08 0
2.981e+08 0
2.98145e+08 0
2.98156e+08 0
2.98167e+08 0
2.98235e+08 0
2.98246e+08 0
2.98268e+08 0
2.98279e+08 0
2.98313e+08 0
2.98402e+08 0
3.00004e+08 0
3.00037e+08 0
3.00059e+08 0
3.00138e+08 0
3.00171e+08 0
3.00205e+08 0
3.00786e+08 0
3.00798e+08 0
3.00898e+08 0
3.00921e+08 0
3.00932e+08 0
3.00943e+08 0
3.16161e+08 0
3.16195e+08 0
3.16228e+08 0
3.16306e+08 0
3.16318e+08 0
3.1634e+08 0
3.16385e+08 0
3.16407e+08 0
3.16418e+08 0
3.16429e+08 0
3.16441e+08 0
3.16452e+08 0
3.16463e+08 0
3.16474e+08 0
3.16485e+08 0
3.1653e+08 0
3.16553e+08 0
3.16586e+08 0
3.16676e+08 0
3.18176e+08 0
3.18187e+08 0
3.18199e+08 0
3.18254e+08 0
3.18299e+08 0
3.1831e+08 0
3.18993e+08 0
3.19104e+08 0
3.19127e+08 0
3.19149e+08 0
3.1916e+08 0
3.19183e+08 0
3.35031e+08 0
3.35053e+08 0
3.35075e+08 0
3.35165e+08 0
3.35187e+08 0
3.35221e+08 0
3.35254e+08 0
3.35265e+08 0
3.35288e+08 0
3.35321e+08 0
3.35332e+08 0
3.35355e+08 0
3.35366e+08 0
3.35377e+08 0
3.35388e+08 0
3.354e+08 0
3.35422e+08 0
3.35433e+08 0
3.35478e+08 0
3.35523e+08 0
3.369e+08 0
3.36978e+08 0
3.37068e+08 0
3.37079e+08 0
3.3709e+08 0
3.37113e+08 0
3.37773e+08 0
3.37963e+08 0
3.38041e+08 0
3.38064e+08 0
3.38075e+08 0
3.38119e+08 0
3.53975e+08 0
3.53997e+08 0
3.54042e+08 0
3.54601e+08 0
3.54635e+08 0
3.54657e+08 0
3.54702e+08 0
3.54713e+08 0
3.54724e+08 0
3.54735e+08 0
3.54746e+08 0
3.54802e+08 0
3.54825e+08 0
3.54836e+08 0
3.54847e+08 0
3.54858e+08 0
3.54869e+08 0
3.54881e+08 0
3.54892e+08 0
3.54903e+08 0
3.54925e+08 0
3.56269e+08 0
3.56292e+08 0
3.56325e+08 0
3.56381e+08 0
3.56415e+08 0
3.56437e+08 0
3.57075e+08 0
3.57109e+08 0
3.5712e+08 0
3.57131e+08 0
3.57176e+08 0
3.57198e+08 0
3.73915e+08 0
3.73937e+08 0
3.73959e+08 0
3.74205e+08 0
3.74239e+08 0
3.74429e+08 0
3.74686e+08 0
3.74731e+08 0
3.74753e+08 0
3.74775e+08 0
3.74787e+08 0
3.7482e+08 0
3.74831e+08 0
3.74842e+08 0
3.74865e+08 0
3.7491e+08 0
3.74921e+08 0
3.74932e+08 0
3.74943e+08 0
3.74954e+08 0
3.74966e+08 0
3.74988e+08 0
3.76119e+08 0
3.76175e+08 0
3.76298e+08 0
3.76332e+08 0
3.76343e+08 0
3.76366e+08 0
3.77059e+08 0
3.7725e+08 0
3.77272e+08 0
3.77283e+08 0
3.77294e+08 0
3.77306e+08 0
3.94458e+08 0
3.94481e+08 0
3.94492e+08 0
3.94693e+08 0
3.94715e+08 0
3.94726e+08 0
3.95162e+08 0
3.95252e+08 0
3.95319e+08 0
3.95375e+08 0
3.95397e+08 0
3.95453e+08 0
3.95464e+08 0
3.95475e+08 0
3.95498e+08 0
3.95531e+08 0
3.95554e+08 0
3.95565e+08 0
3.95576e+08 0
3.95587e+08 0
3.95598e+08 0
3.9561e+08 0
3.95621e+08 0
3.96674e+08 0
3.96696e+08 0
3.96797e+08 0
3.96875e+08 0
3.96887e+08 0
3.96898e+08 0
3.9748e+08 0
3.97838e+08 0
3.97849e+08 0
3.97872e+08 0
3.97916e+08 0
3.9795e+08 0
4.15516e+08 0
4.15561e+08 0
4.15572e+08 0
4.15717e+08 0
4.15751e+08 0
4.15796e+08 0
4.1641e+08 0
4.16466e+08 0
4.16489e+08 0
4.16522e+08 0
4.16544e+08 0
4.16611e+08 0
4.16645e+08 0
4.1669e+08 0
4.16723e+08 0
4.16735e+08 0
4.16746e+08 0
4.16768e+08 0
4.16779e+08 0
4.1679e+08 0
4.16813e+08 0
4.16835e+08 0
4.16846e+08 0
4.16869e+08 0
4.1791e+08 0
4.17922e+08 0
4.17944e+08 0
4.18123e+08 0
4.18134e+08 0
4.18157e+08 0
4.18694e+08 0
4.19142e+08 0
4.19153e+08 0
4.19176e+08 0
4.19209e+08 0
4.1922e+08 0
4.37167e+08 0
4.37267e+08 0
4.3729e+08 0
4.37413e+08 0
4.37435e+08 0
4.37469e+08 0
4.38206e+08 0
4.38229e+08 0
4.38262e+08 0
4.38363e+08 0
4.38396e+08 0
4.3843e+08 0
4.38452e+08 0
4.38475e+08 0
4.38542e+08 0
4.38553e+08 0
4.38564e+08 0
4.38575e+08 0
4.38586e+08 0
4.38598e+08 0
4.3862e+08 0
4.38631e+08 0
4.38653e+08 0
4.38676e+08 0
4.38698e+08 0
4.39762e+08 0
4.39773e+08 0
4.39796e+08 0
4.39885e+08 0
4.39897e+08 0
4.39941e+08 0
4.40557e+08 0
4.41039e+08 0
4.4105e+08 0
4.41095e+08 0
4.41106e+08 0
4.41117e+08 0
4.59579e+08 0
4.59791e+08 0
4.59814e+08 0
4.59836e+08 0
4.59858e+08 0
4.59892e+08 0
4.60652e+08 0
4.60674e+08 0
4.60708e+08 0
4.60831e+08 0
4.60842e+08 0
4.60853e+08 0
4.60875e+08 0
4.60887e+08 0
4.60976e+08 0
4.6101e+08 0
4.61021e+08 0
4.61032e+08 0
4.61043e+08 0
4.61054e+08 0
4.61066e+08 0
4.61077e+08 0
4.6111e+08 0
4.61121e+08 0
4.61144e+08 0
4.61166e+08 0
4.62253e+08 0
4.62264e+08 0
4.62286e+08 0
4.62331e+08 0
4.62353e+08 0
4.62365e+08 0
4.63048e+08 0
4.63495e+08 0
4.63529e+08 0
4.63551e+08 0
4.63574e+08 0
4.63585e+08 0
4.82596e+08 0
4.82797e+08 0
4.82831e+08 0
4.82842e+08 0
4.82853e+08 0
4.82898e+08 0
4.83446e+08 0
4.8349e+08 0
4.83513e+08 0
4.83736e+08 0
4.83759e+08 0
4.83792e+08 0
4.83882e+08 0
4.83893e+08 0
4.83938e+08 0
4.83982e+08 0
4.84005e+08 0
4.84038e+08 0
4.84049e+08 0
4.84061e+08 0
4.84083e+08 0
4.84105e+08 0
4.84139e+08 0
4.8415e+08 0
4.84161e+08 0
4.84184e+08 0
4.84284e+08 0
4.85359e+08 0
4.85371e+08 0
4.85449e+08 0
4.85494e+08 0
4.85505e+08 0
4.85516e+08 0
4.86266e+08 0
4.86434e+08 0
4.86513e+08 0
4.86535e+08 0
4.8658e+08 0
4.86591e+08 0
5.05855e+08 0
5.06257e+08 0
5.06335e+08 0
5.06369e+08 0
5.06391e+08 0
5.06436e+08 0
5.06894e+08 0
5.06906e+08 0
5.06928e+08 0
5.07196e+08 0
5.0723e+08 0
5.07263e+08 0
5.07464e+08 0
5.07487e+08 0
5.07509e+08 0
5.0752e+08 0
5.07532e+08 0
5.07543e+08 0
5.07554e+08 0
5.07565e+08 0
5.07576e+08 0
5.07587e+08 0
5.07666e+08 0
5.07766e+08 0
5.07777e+08 0
5.078e+08 0
5.07811e+08 0
5.079e+08 0
5.09054e+08 0
5.09065e+08 0
5.09132e+08 0
5.09144e+08 0
5.09166e+08 0
5.09188e+08 0
5.09905e+08 0
5.1005e+08 0
5.10062e+08 0
5.10073e+08 0
5.10095e+08 0
5.10106e+08 0
5.29664e+08 0
5.30089e+08 0
5.30212e+08 0
5.30234e+08 0
5.30268e+08 0
5.30402e+08 0
5.31151e+08 0
5.31162e+08 0
5.31184e+08 0
5.31296e+08 0
5.31307e+08 0
5.31318e+08 0
5.31408e+08 0
5.31453e+08 0
5.31587e+08 0
5.31609e+08 0
5.31631e+08 0
5.31654e+08 0
5.31676e+08 0
5.31687e+08 0
5.3181e+08 0
5.31821e+08 0
5.319e+08 0
5.31956e+08 0
5.31978e+08 0
5.31989e+08 0
5.32e+08 0
5.32011e+08 0
5.32034e+08 0
5.33344e+08 0
5.33389e+08 0
5.33433e+08 0
5.33445e+08 0
5.33456e+08 0
5.33467e+08 0
5.34251e+08 0
5.34284e+08 0
5.34318e+08 0
5.34329e+08 0
5.34352e+08 0
5.34363e+08 0
5.54367e+08 0
5.54759e+08 0
5.54848e+08 0
5.54882e+08 0
5.54904e+08 0
5.55038e+08 0
5.55932e+08 0
5.55955e+08 0
5.55966e+08 0
5.55999e+08 0
5.56022e+08 0
5.56044e+08 0
5.56279e+08 0
5.5629e+08 0
5.56301e+08 0
5.56324e+08 0
5.56346e+08 0
5.56379e+08 0
5.56402e+08 0
5.56458e+08 0
5.56592e+08 0
5.56614e+08 0
5.56793e+08 0
5.56883e+08 0
5.56894e+08 0
5.56916e+08 0
5.56927e+08 0
5.56938e+08 0
5.56972e+08 0
5.56983e+08 0
5.58148e+08 0
5.58237e+08 0
5.58305e+08 0
5.58316e+08 0
5.5836e+08 0
5.58383e+08 0
5.59122e+08 0
5.59155e+08 0
5.5929e+08 0
5.59334e+08 0
5.59346e+08 0
5.59357e+08 0
5.79651e+08 0
5.8002e+08 0
5.80042e+08 0
5.80143e+08 0
5.80165e+08 0
5.80254e+08 0
5.81115e+08 0
5.81138e+08 0
5.8116e+08 0
5.81194e+08 0
5.81216e+08 0
5.81238e+08 0
5.81607e+08 0
5.81618e+08 0
5.81652e+08 0
5.81697e+08 0
5.81708e+08 0
5.81719e+08 0
5.8173e+08 0
5.81752e+08 0
5.81864e+08 0
5.81887e+08 0
5.82155e+08 0
5.82188e+08 0
5.82211e+08 0
5.82233e+08 0
5.82244e+08 0
5.82278e+08 0
5.823e+08 0
5.82311e+08 0
5.82323e+08 0
5.83398e+08 0
5.83487e+08 0
5.8361e+08 0
5.83633e+08 0
5.83655e+08 0
5.83677e+08 0
5.8464e+08 0
5.84674e+08 0
5.84741e+08 0
5.84763e+08 0
5.84797e+08 0
5.84841e+08 0
6.05608e+08 0
6.05832e+08 0
6.05843e+08 0
6.05899e+08 0
6.05921e+08 0
6.06167e+08 0
6.0695e+08 0
6.06961e+08 0
6.06972e+08 0
6.06984e+08 0
6.06995e+08 0
6.07084e+08 0
6.07475e+08 0
6.0752e+08 0
6.07565e+08 0
6.07632e+08 0
6.07643e+08 0
6.07654e+08 0
6.07665e+08 0
6.07677e+08 0
6.07721e+08 0
6.07733e+08 0
6.07956e+08 0
6.07978e+08 0
6.08001e+08 0
6.08012e+08 0
6.08046e+08 0
6.08068e+08 0
6.0809e+08 0
6.08113e+08 0
6.08146e+08 0
6.09277e+08 0
6.09288e+08 0
6.09311e+08 0
6.09512e+08 0
6.09535e+08 0
6.09591e+08 0
6.09602e+08 0
6.10576e+08 0
6.10598e+08 0
6.10687e+08 0
6.10699e+08 0
6.10721e+08 0
6.10755e+08 0
6.21062e+08 0
6.21116e+08 0
6.21127e+08 0
