410796 0
1.00327e+06 0
1.59559e+06 0
2.189e+06 0
2.78133e+06 0
3.37366e+06 0
3.96601e+06 0
4.55841e+06 0
5.15089e+06 0
5.74355e+06 0
6.33656e+06 0
6.9973e+06 0
7.85816e+06 0
7.91404e+06 0
9.4207e+06 0
9.51011e+06 0
1.06229e+07 0
1.06341e+07 0
1.09245e+07 0
1.39091e+07 0
1.39538e+07 0
1.40097e+07 0
1.40656e+07 0
1.64705e+07 0
1.65152e+07 0
1.67387e+07 0
1.67723e+07 0
1.67946e+07 0
2.01842e+07 0
2.02401e+07 0
2.03295e+07 0
2.0419e+07 0
2.04749e+07 0
2.05084e+07 0
2.33028e+07 0
2.33364e+07 0
2.35264e+07 0
2.37499e+07 0
2.37834e+07 0
2.3817e+07 0
2.38952e+07 0
2.77786e+07 0
2.78456e+07 0
2.80021e+07 0
2.84939e+07 0
2.85386e+07 0
2.85833e+07 0
2.86057e+07 0
3.20505e+07 0
3.2084e+07 0
3.20952e+07 0
3.21287e+07 0
3.30788e+07 0
3.31123e+07 0
3.31459e+07 0
3.31682e+07 0
3.75273e+07 0
3.7572e+07 0
3.76056e+07 0
3.76726e+07 0
3.77509e+07 0
3.79632e+07 0
3.80191e+07 0
3.81197e+07 0
3.81644e+07 0
4.33454e+07 0
4.33789e+07 0
4.3446e+07 0
4.35019e+07 0
4.35354e+07 0
4.35689e+07 0
4.37254e+07 0
4.37478e+07 0
4.38931e+07 0
4.39266e+07 0
4.96732e+07 0
4.9718e+07 0
4.9785e+07 0
4.98297e+07 0
4.99415e+07 0
4.99974e+07 0
5.00533e+07 0
5.01539e+07 0
5.02098e+07 0
5.03775e+07 0
5.04445e+07 0
5.65412e+07 0
5.65859e+07 0
5.67424e+07 0
5.67871e+07 0
5.69659e+07 0
5.69883e+07 0
5.70442e+07 0
5.70889e+07 0
5.72677e+07 0
5.72789e+07 0
5.74018e+07 0
5.74465e+07 0
6.36968e+07 0
6.37751e+07 0
6.38421e+07 0
6.3898e+07 0
6.43675e+07 0
6.44345e+07 0
6.45016e+07 0
6.45575e+07 0
6.46357e+07 0
6.47475e+07 0
6.48034e+07 0
6.48369e+07 0
6.48816e+07 0
7.18813e+07 0
7.19819e+07 0
7.20154e+07 0
7.20825e+07 0
7.29542e+07 0
7.2999e+07 0
7.3066e+07 0
7.31331e+07 0
7.3256e+07 0
7.33119e+07 0
7.34125e+07 0
7.34684e+07 0
7.36919e+07 0
7.37813e+07 0
8.01191e+07 0
8.01638e+07 0
8.01862e+07 0
8.01974e+07 0
8.1058e+07 0
8.11251e+07 0
8.1248e+07 0
8.13486e+07 0
8.1628e+07 0
8.17286e+07 0
8.17957e+07 0
8.18515e+07 0
8.19186e+07 0
8.21086e+07 0
8.22092e+07 0
8.91774e+07 0
8.91886e+07 0
8.92445e+07 0
8.93115e+07 0
8.96246e+07 0
8.96469e+07 0
8.9714e+07 0
8.97699e+07 0
8.99152e+07 0
9.00046e+07 0
9.02058e+07 0
9.02952e+07 0
9.04181e+07 0
9.05858e+07 0
9.0731e+07 0
9.08316e+07 0
9.83031e+07 0
9.83478e+07 0
9.83813e+07 0
9.84037e+07 0
9.90073e+07 0
9.9052e+07 0
9.91639e+07 0
9.91974e+07 0
9.92086e+07 0
9.92645e+07 0
9.93875e+07 0
9.94322e+07 0
9.9488e+07 0
9.95439e+07 0
9.95998e+07 0
9.96669e+07 0
9.98457e+07 0
1.08573e+08 0
1.08685e+08 0
1.08696e+08 0
1.08708e+08 0
1.09188e+08 0
1.09211e+08 0
1.09512e+08 0
1.09568e+08 0
1.09635e+08 0
1.09669e+08 0
1.09781e+08 0
1.09792e+08 0
1.09825e+08 0
1.0987e+08 0
1.09904e+08 0
1.09937e+08 0
1.10038e+08 0
1.10094e+08 0
1.19365e+08 0
1.19556e+08 0
1.19578e+08 0
1.19589e+08 0
1.20025e+08 0
1.20115e+08 0
1.20249e+08 0
1.20283e+08 0
1.2035e+08 0
1.20405e+08 0
1.20461e+08 0
1.20517e+08 0
1.20584e+08 0
1.20629e+08 0
1.20674e+08 0
1.20741e+08 0
1.20819e+08 0
1.2092e+08 0
1.21009e+08 0
1.30862e+08 0
1.31052e+08 0
1.31097e+08 0
1.31108e+08 0
1.31539e+08 0
1.31629e+08 0
1.31696e+08 0
1.3183e+08 0
1.31897e+08 0
1.31942e+08 0
1.32009e+08 0
1.32054e+08 0
1.32098e+08 0
1.3221e+08 0
1.32311e+08 0
1.324e+08 0
1.32523e+08 0
1.3259e+08 0
1.32646e+08 0
1.32769e+08 0
1.42906e+08 0
1.4303e+08 0
1.43069e+08 0
1.4314e+08 0
1.43677e+08 0
1.43699e+08 0
1.43722e+08 0
1.43766e+08 0
1.43833e+08 0
1.44113e+08 0
1.44314e+08 0
1.44403e+08 0
1.44493e+08 0
1.44526e+08 0
1.44828e+08 0
1.44884e+08 0
1.44985e+08 0
1.4504e+08 0
1.45119e+08 0
1.45197e+08 0
1.45286e+08 0
1.55706e+08 0
1.5579e+08 0
1.55833e+08 0
1.55867e+08 0
1.56303e+08 0
1.56348e+08 0
1.56661e+08 0
1.56706e+08 0
1.56795e+08 0
1.56918e+08 0
1.56996e+08 0
1.57086e+08 0
1.57175e+08 0
1.57332e+08 0
1.57633e+08 0
1.57689e+08 0
1.57779e+08 0
1.57812e+08 0
1.57902e+08 0
1.58013e+08 0
1.58069e+08 0
1.58159e+08 0
1.68817e+08 0
1.68929e+08 0
1.68952e+08 0
1.69019e+08 0
1.69254e+08 0
1.69265e+08 0
1.69399e+08 0
1.69477e+08 0
1.69533e+08 0
1.69611e+08 0
1.69835e+08 0
1.69879e+08 0
1.69969e+08 0
1.70114e+08 0
1.70159e+08 0
1.7017e+08 0
1.70204e+08 0
1.70282e+08 0
1.70405e+08 0
1.70494e+08 0
1.70673e+08 0
1.71064e+08 0
1.82243e+08 0
1.82255e+08 0
1.82277e+08 0
1.82326e+08 0
1.82371e+08 0
1.82651e+08 0
1.82673e+08 0
1.82762e+08 0
1.82941e+08 0
1.83031e+08 0
1.83187e+08 0
1.83735e+08 0
1.8388e+08 0
1.83936e+08 0
1.84037e+08 0
1.84126e+08 0
1.8426e+08 0
1.84372e+08 0
1.84484e+08 0
1.84607e+08 0
1.84696e+08 0
1.84774e+08 0
1.84908e+08 0
1.96092e+08 0
1.96126e+08 0
1.96148e+08 0
1.96159e+08 0
1.9626e+08 0
1.96282e+08 0
1.96618e+08 0
1.9664e+08 0
1.96953e+08 0
1.96998e+08 0
1.97087e+08 0
1.97176e+08 0
1.97378e+08 0
1.97467e+08 0
1.97579e+08 0
1.97702e+08 0
1.97914e+08 0
1.98004e+08 0
1.98093e+08 0
1.98238e+08 0
1.98361e+08 0
1.98864e+08 0
1.98976e+08 0
1.99054e+08 0
2.10641e+08 0
2.10664e+08 0
2.10697e+08 0
2.10708e+08 0
2.1072e+08 0
2.10865e+08 0
2.10977e+08 0
2.11236e+08 0
2.11303e+08 0
2.11716e+08 0
2.11895e+08 0
2.12029e+08 0
2.1213e+08 0
2.12353e+08 0
2.12532e+08 0
2.12633e+08 0
2.12745e+08 0
2.13002e+08 0
2.13136e+08 0
2.13281e+08 0
2.13393e+08 0
2.13449e+08 0
2.13549e+08 0
2.13616e+08 0
2.13739e+08 0
2.25751e+08 0
2.25795e+08 0
2.25824e+08 0
2.25858e+08 0
2.25903e+08 0
2.25925e+08 0
2.26104e+08 0
2.26142e+08 0
2.26366e+08 0
2.2641e+08 0
2.26824e+08 0
2.27126e+08 0
2.27204e+08 0
2.27226e+08 0
2.27405e+08 0
2.27439e+08 0
2.2755e+08 0
2.27584e+08 0
2.28109e+08 0
2.28199e+08 0
2.28355e+08 0
2.28489e+08 0
2.28567e+08 0
2.28657e+08 0
2.29216e+08 0
2.29272e+08 0
2.4152e+08 0
2.41554e+08 0
2.41587e+08 0
2.4161e+08 0
2.41632e+08 0
2.41643e+08 0
2.41955e+08 0
2.41977e+08 0
2.42033e+08 0
2.42447e+08 0
2.4248e+08 0
2.4286e+08 0
2.42939e+08 0
2.43006e+08 0
2.43117e+08 0
2.43229e+08 0
2.43319e+08 0
2.43375e+08 0
2.4343e+08 0
2.44079e+08 0
2.44146e+08 0
2.44302e+08 0
2.44749e+08 0
2.44883e+08 0
2.45006e+08 0
2.4514e+08 0
2.45252e+08 0
2.5787e+08 0
2.57881e+08 0
2.57915e+08 0
2.58038e+08 0
2.58105e+08 0
2.58116e+08 0
2.58338e+08 0
2.58461e+08 0
2.58495e+08 0
2.58562e+08 0
2.58908e+08 0
2.58942e+08 0
2.59232e+08 0
2.59333e+08 0
2.59445e+08 0
2.59489e+08 0
2.59579e+08 0
2.60127e+08 0
2.60171e+08 0
2.60261e+08 0
2.60764e+08 0
2.60808e+08 0
2.60875e+08 0
2.60942e+08 0
2.61054e+08 0
2.61289e+08 0
2.61412e+08 0
2.61546e+08 0
2.74734e+08 0
2.74784e+08 0
2.74811e+08 0
2.75046e+08 0
2.75068e+08 0
2.75079e+08 0
2.75308e+08 0
2.75364e+08 0
2.7542e+08 0
2.75521e+08 0
2.75566e+08 0
2.75934e+08 0
2.75979e+08 0
2.7618e+08 0
2.76259e+08 0
2.76605e+08 0
2.7675e+08 0
2.76817e+08 0
2.77331e+08 0
2.77376e+08 0
2.77454e+08 0
2.77712e+08 0
2.77745e+08 0
2.77767e+08 0
2.77902e+08 0
2.77935e+08 0
2.7798e+08 0
2.78472e+08 0
2.78863e+08 0
2.92357e+08 0
2.92458e+08 0
2.9248e+08 0
2.9257e+08 0
2.92615e+08 0
2.92648e+08 0
2.9281e+08 0
2.92833e+08 0
2.929e+08 0
2.92967e+08 0
2.93134e+08 0
2.93168e+08 0
2.93738e+08 0
2.93771e+08 0
2.93928e+08 0
2.94006e+08 0
2.94252e+08 0
2.94856e+08 0
2.94889e+08 0
2.95157e+08 0
2.95191e+08 0
2.95236e+08 0
2.95258e+08 0
2.95269e+08 0
2.9556e+08 0
2.95593e+08 0
2.95616e+08 0
2.95627e+08 0
2.96107e+08 0
2.97203e+08 0
3.10552e+08 0
3.10587e+08 0
3.1061e+08 0
3.10653e+08 0
3.1072e+08 0
3.10776e+08 0
3.10871e+08 0
3.10971e+08 0
3.10993e+08 0
3.11161e+08 0
3.11273e+08 0
3.11396e+08 0
3.11988e+08 0
3.12055e+08 0
3.12145e+08 0
3.1229e+08 0
3.12357e+08 0
3.12458e+08 0
3.13173e+08 0
3.13195e+08 0
3.13475e+08 0
3.13497e+08 0
3.13508e+08 0
3.13609e+08 0
3.13631e+08 0
3.13653e+08 0
3.13765e+08 0
3.13877e+08 0
3.13911e+08 0
3.1495e+08 0
3.15341e+08 0
3.29273e+08 0
3.29284e+08 0
3.29295e+08 0
3.29329e+08 0
3.29363e+08 0
3.29441e+08 0
3.29546e+08 0
3.29625e+08 0
3.29692e+08 0
3.29748e+08 0
3.30049e+08 0
3.30161e+08 0
3.30854e+08 0
3.30921e+08 0
3.30988e+08 0
3.31033e+08 0
3.311e+08 0
3.31458e+08 0
3.31759e+08 0
3.31916e+08 0
3.32162e+08 0
3.32352e+08 0
3.32374e+08 0
3.32408e+08 0
3.32452e+08 0
3.32464e+08 0
3.32475e+08 0
3.32519e+08 0
3.32665e+08 0
3.32698e+08 0
3.33536e+08 0
3.34296e+08 0
3.48542e+08 0
3.48553e+08 0
3.48564e+08 0
3.48586e+08 0
3.48609e+08 0
3.48687e+08 0
3.48821e+08 0
3.49045e+08 0
3.49089e+08 0
3.49201e+08 0
3.49335e+08 0
3.49469e+08 0
3.5033e+08 0
3.50419e+08 0
3.50598e+08 0
3.50643e+08 0
3.5071e+08 0
3.50777e+08 0
3.50911e+08 0
3.51314e+08 0
3.51481e+08 0
3.51626e+08 0
3.51816e+08 0
3.51884e+08 0
3.51928e+08 0
3.51973e+08 0
3.52006e+08 0
3.52051e+08 0
3.52085e+08 0
3.52185e+08 0
3.52197e+08 0
3.52632e+08 0
3.53448e+08 0
3.68521e+08 0
3.68533e+08 0
3.68555e+08 0
3.68577e+08 0
3.68588e+08 0
3.68633e+08 0
3.687e+08 0
3.68957e+08 0
3.69058e+08 0
3.69147e+08 0
3.69237e+08 0
3.69472e+08 0
3.70511e+08 0
3.70612e+08 0
3.70712e+08 0
3.70947e+08 0
3.71115e+08 0
3.71249e+08 0
3.71327e+08 0
3.71383e+08 0
3.71461e+08 0
3.71617e+08 0
3.71785e+08 0
3.71897e+08 0
3.71964e+08 0
3.7202e+08 0
3.72087e+08 0
3.72109e+08 0
3.72176e+08 0
3.72199e+08 0
3.72232e+08 0
3.72445e+08 0
3.72623e+08 0
3.73395e+08 0
3.8899e+08 0
3.89024e+08 0
3.89057e+08 0
3.89091e+08 0
3.89124e+08 0
3.89158e+08 0
3.89225e+08 0
3.89661e+08 0
3.89762e+08 0
3.89806e+08 0
3.8984e+08 0
3.9003e+08 0
3.91628e+08 0
3.91773e+08 0
3.91896e+08 0
3.92042e+08 0
3.92086e+08 0
3.92165e+08 0
3.92243e+08 0
3.92343e+08 0
3.92422e+08 0
3.92478e+08 0
3.92522e+08 0
3.92567e+08 0
3.92623e+08 0
3.9269e+08 0
3.92757e+08 0
3.92813e+08 0
3.92891e+08 0
3.92913e+08 0
3.92992e+08 0
3.93204e+08 0
3.93562e+08 0
3.93573e+08 0
3.94176e+08 0
4.09992e+08 0
4.10048e+08 0
4.10104e+08 0
4.10149e+08 0
4.10216e+08 0
4.10305e+08 0
4.10328e+08 0
4.10674e+08 0
4.10831e+08 0
4.10864e+08 0
4.10987e+08 0
4.11289e+08 0
4.12887e+08 0
4.13044e+08 0
4.13077e+08 0
4.13144e+08 0
4.132e+08 0
4.13435e+08 0
4.13468e+08 0
4.13502e+08 0
4.13558e+08 0
4.13737e+08 0
4.1377e+08 0
4.13793e+08 0
4.13826e+08 0
4.13871e+08 0
4.13915e+08 0
4.1396e+08 0
4.14038e+08 0
4.14161e+08 0
4.14251e+08 0
4.14765e+08 0
4.14988e+08 0
4.15044e+08 0
4.15078e+08 0
4.15413e+08 0
4.31531e+08 0
4.31721e+08 0
4.31766e+08 0
4.31878e+08 0
4.31923e+08 0
4.32034e+08 0
4.32101e+08 0
4.32336e+08 0
4.3256e+08 0
4.32571e+08 0
4.32705e+08 0
4.32928e+08 0
4.34717e+08 0
4.34795e+08 0
4.34851e+08 0
4.34918e+08 0
4.34985e+08 0
4.35153e+08 0
4.35197e+08 0
4.35242e+08 0
4.35398e+08 0
4.35633e+08 0
4.35644e+08 0
4.35678e+08 0
4.35723e+08 0
4.35767e+08 0
4.35823e+08 0
4.35924e+08 0
4.35991e+08 0
4.36024e+08 0
4.36103e+08 0
4.36147e+08 0
4.36963e+08 0
4.36997e+08 0
4.3703e+08 0
4.37097e+08 0
4.37332e+08 0
4.5383e+08 0
4.53965e+08 0
4.53987e+08 0
4.54456e+08 0
4.54512e+08 0
4.54646e+08 0
4.54758e+08 0
4.54803e+08 0
4.54904e+08 0
4.55172e+08 0
4.55261e+08 0
4.55328e+08 0
4.56625e+08 0
4.56737e+08 0
4.56938e+08 0
4.57038e+08 0
4.57474e+08 0
4.57754e+08 0
4.57776e+08 0
4.57798e+08 0
4.57821e+08 0
4.5791e+08 0
4.57977e+08 0
4.58011e+08 0
4.58044e+08 0
4.58189e+08 0
4.58223e+08 0
4.58391e+08 0
4.58435e+08 0
4.58458e+08 0
4.58491e+08 0
4.59195e+08 0
4.5924e+08 0
4.59508e+08 0
4.59531e+08 0
4.59587e+08 0
4.59754e+08 0
4.59777e+08 0
4.76703e+08 0
4.76871e+08 0
4.76949e+08 0
4.77586e+08 0
4.77653e+08 0
4.77698e+08 0
4.77732e+08 0
4.77765e+08 0
4.77799e+08 0
4.77855e+08 0
4.77911e+08 0
4.78022e+08 0
4.79218e+08 0
4.79542e+08 0
4.79654e+08 0
4.79743e+08 0
4.80157e+08 0
4.80235e+08 0
4.80302e+08 0
4.80436e+08 0
4.80649e+08 0
4.80828e+08 0
4.81174e+08 0
4.81241e+08 0
4.81286e+08 0
4.81319e+08 0
4.81342e+08 0
4.81364e+08 0
4.81789e+08 0
4.81833e+08 0
4.81856e+08 0
4.81878e+08 0
4.82169e+08 0
4.82191e+08 0
4.82549e+08 0
4.82571e+08 0
4.82594e+08 0
4.8275e+08 0
4.82772e+08 0
5.00088e+08 0
5.00289e+08 0
5.00781e+08 0
5.0096e+08 0
5.00971e+08 0
5.01016e+08 0
5.01027e+08 0
5.01105e+08 0
5.0115e+08 0
5.01284e+08 0
5.01362e+08 0
5.01452e+08 0
5.01955e+08 0
5.02111e+08 0
5.02525e+08 0
5.02994e+08 0
5.03285e+08 0
5.03363e+08 0
5.03475e+08 0
5.03575e+08 0
5.03966e+08 0
5.04134e+08 0
5.04179e+08 0
5.04235e+08 0
5.04335e+08 0
5.04425e+08 0
5.04514e+08 0
5.04603e+08 0
5.04682e+08 0
5.05285e+08 0
5.0533e+08 0
5.05397e+08 0
5.05676e+08 0
5.05945e+08 0
5.05978e+08 0
5.06068e+08 0
5.06101e+08 0
5.06213e+08 0
5.06358e+08 0
5.06414e+08 0
5.24195e+08 0
5.24329e+08 0
5.24821e+08 0
5.25011e+08 0
5.25056e+08 0
5.25101e+08 0
5.25123e+08 0
5.2519e+08 0
5.25324e+08 0
5.25347e+08 0
5.25358e+08 0
5.25458e+08 0
5.25984e+08 0
5.26118e+08 0
5.26218e+08 0
5.26978e+08 0
5.27068e+08 0
5.27124e+08 0
5.27269e+08 0
5.27392e+08 0
5.27995e+08 0
5.28107e+08 0
5.28208e+08 0
5.28319e+08 0
5.28453e+08 0
5.28576e+08 0
5.28722e+08 0
5.28833e+08 0
5.28945e+08 0
5.29057e+08 0
5.29605e+08 0
5.29649e+08 0
5.29694e+08 0
5.29817e+08 0
5.30175e+08 0
5.30208e+08 0
5.30342e+08 0
5.30365e+08 0
5.30454e+08 0
5.30499e+08 0
5.3051e+08 0
5.48888e+08 0
5.4919e+08 0
5.49447e+08 0
5.49603e+08 0
5.49648e+08 0
5.49659e+08 0
5.49726e+08 0
5.49737e+08 0
5.4995e+08 0
5.50017e+08 0
5.50095e+08 0
5.5014e+08 0
5.50352e+08 0
5.50453e+08 0
5.50643e+08 0
5.51268e+08 0
5.51336e+08 0
5.51548e+08 0
5.51872e+08 0
5.51961e+08 0
5.52744e+08 0
5.52911e+08 0
5.53023e+08 0
5.53168e+08 0
5.53314e+08 0
5.53448e+08 0
5.53548e+08 0
5.53638e+08 0
5.53738e+08 0
5.5385e+08 0
5.53928e+08 0
5.54208e+08 0
5.54286e+08 0
5.54543e+08 0
5.5461e+08 0
5.54878e+08 0
5.54934e+08 0
5.55113e+08 0
5.55135e+08 0
5.5518e+08 0
5.55225e+08 0
5.55281e+08 0
5.74501e+08 0
5.74601e+08 0
5.74646e+08 0
5.7468e+08 0
5.74758e+08 0
5.74802e+08 0
5.74836e+08 0
5.74892e+08 0
5.75138e+08 0
5.75205e+08 0
5.7525e+08 0
5.75294e+08 0
5.75406e+08 0
5.75641e+08 0
5.75697e+08 0
5.762e+08 0
5.76278e+08 0
5.76725e+08 0
5.77183e+08 0
5.7734e+08 0
5.77943e+08 0
5.78021e+08 0
5.78133e+08 0
5.78278e+08 0
5.78412e+08 0
5.78569e+08 0
5.78692e+08 0
5.78848e+08 0
5.78982e+08 0
5.79083e+08 0
5.79184e+08 0
5.79273e+08 0
5.79374e+08 0
5.79463e+08 0
5.79921e+08 0
5.79955e+08 0
5.80178e+08 0
5.80357e+08 0
5.8057e+08 0
5.80581e+08 0
5.80592e+08 0
5.80648e+08 0
5.80659e+08 0
6.00269e+08 0
6.00314e+08 0
6.00325e+08 0
6.00392e+08 0
6.00437e+08 0
6.00459e+08 0
6.00515e+08 0
6.00549e+08 0
6.00728e+08 0
6.00795e+08 0
6.00873e+08 0
6.00996e+08 0
6.01074e+08 0
6.01309e+08 0
6.01387e+08 0
6.01935e+08 0
6.02035e+08 0
6.02136e+08 0
6.02873e+08 0
6.02918e+08 0
6.0332e+08 0
6.03466e+08 0
6.03622e+08 0
6.03812e+08 0
6.03935e+08 0
6.04092e+08 0
6.04315e+08 0
6.04438e+08 0
6.04561e+08 0
6.04695e+08 0
6.04818e+08 0
6.0493e+08 0
6.05075e+08 0
6.05176e+08 0
6.05287e+08 0
6.05433e+08 0
6.05489e+08 0
6.05556e+08 0
6.06036e+08 0
6.06416e+08 0
6.06439e+08 0
6.0645e+08 0
6.06517e+08 0
6.06528e+08 0
6.21305e+08 0
6.21316e+08 0
6.21339e+08 0
