310338 0
902659 0
1.49498e+06 0
2.07613e+06 0
2.67963e+06 0
3.27197e+06 0
3.86432e+06 0
4.45672e+06 0
5.04922e+06 0
5.63072e+06 0
6.22372e+06 0
6.89666e+06 0
7.89063e+06 0
7.9018e+06 0
9.77824e+06 0
9.85648e+06 0
1.16159e+07 0
1.16718e+07 0
1.18841e+07 0
1.48028e+07 0
1.49034e+07 0
1.49593e+07 0
1.50041e+07 0
1.79123e+07 0
1.80017e+07 0
1.80913e+07 0
1.8136e+07 0
1.81584e+07 0
2.15798e+07 0
2.16357e+07 0
2.18035e+07 0
2.18371e+07 0
2.18707e+07 0
2.18819e+07 0
2.51636e+07 0
2.53313e+07 0
2.55662e+07 0
2.56334e+07 0
2.57116e+07 0
2.579e+07 0
2.58124e+07 0
2.91338e+07 0
2.93239e+07 0
2.97041e+07 0
2.97376e+07 0
2.97824e+07 0
2.98719e+07 0
2.98943e+07 0
3.37635e+07 0
3.37746e+07 0
3.39311e+07 0
3.42555e+07 0
3.42667e+07 0
3.42779e+07 0
3.43899e+07 0
3.44234e+07 0
3.89296e+07 0
3.8952e+07 0
3.89631e+07 0
3.89855e+07 0
3.95448e+07 0
3.95559e+07 0
3.95783e+07 0
3.97462e+07 0
3.97685e+07 0
4.47512e+07 0
4.47735e+07 0
4.48406e+07 0
4.48853e+07 0
4.49188e+07 0
4.55565e+07 0
4.559e+07 0
4.56124e+07 0
4.57578e+07 0
4.57914e+07 0
5.14062e+07 0
5.14173e+07 0
5.14509e+07 0
5.14844e+07 0
5.15291e+07 0
5.15738e+07 0
5.21556e+07 0
5.21668e+07 0
5.21892e+07 0
5.23123e+07 0
5.23235e+07 0
5.82601e+07 0
5.82713e+07 0
5.82825e+07 0
5.83048e+07 0
5.83272e+07 0
5.83719e+07 0
5.91102e+07 0
5.91325e+07 0
5.91549e+07 0
5.91773e+07 0
5.9211e+07 0
5.92334e+07 0
6.57459e+07 0
6.58018e+07 0
6.58354e+07 0
6.58801e+07 0
6.59024e+07 0
6.59807e+07 0
6.68644e+07 0
6.68868e+07 0
6.69092e+07 0
6.69203e+07 0
6.69315e+07 0
6.69763e+07 0
6.70099e+07 0
7.38386e+07 0
7.38945e+07 0
7.39728e+07 0
7.39951e+07 0
7.40398e+07 0
7.40845e+07 0
7.51025e+07 0
7.51137e+07 0
7.51248e+07 0
7.51361e+07 0
7.51696e+07 0
7.51919e+07 0
7.52703e+07 0
7.53262e+07 0
8.26432e+07 0
8.2688e+07 0
8.29451e+07 0
8.29674e+07 0
8.29898e+07 0
8.30121e+07 0
8.39968e+07 0
8.4008e+07 0
8.40192e+07 0
8.40415e+07 0
8.40527e+07 0
8.40639e+07 0
8.40751e+07 0
8.40975e+07 0
8.41087e+07 0
9.20212e+07 0
9.21106e+07 0
9.21442e+07 0
9.21777e+07 0
9.22113e+07 0
9.2256e+07 0
9.35426e+07 0
9.35649e+07 0
9.35761e+07 0
9.35985e+07 0
9.36096e+07 0
9.3632e+07 0
9.36544e+07 0
9.36656e+07 0
9.36991e+07 0
9.37215e+07 0
1.02052e+08 0
1.02086e+08 0
1.02119e+08 0
1.02142e+08 0
1.02187e+08 0
1.0222e+08 0
1.03607e+08 0
1.03619e+08 0
1.03641e+08 0
1.03753e+08 0
1.03797e+08 0
1.03831e+08 0
1.03898e+08 0
1.03932e+08 0
1.03954e+08 0
1.03965e+08 0
1.04043e+08 0
1.12587e+08 0
1.12631e+08 0
1.12665e+08 0
1.12676e+08 0
1.12698e+08 0
1.12721e+08 0
1.14175e+08 0
1.14198e+08 0
1.14231e+08 0
1.1441e+08 0
1.14432e+08 0
1.14499e+08 0
1.14589e+08 0
1.14611e+08 0
1.14622e+08 0
1.14645e+08 0
1.14656e+08 0
1.14824e+08 0
1.23796e+08 0
1.23841e+08 0
1.23886e+08 0
1.23931e+08 0
1.23975e+08 0
1.24132e+08 0
1.25441e+08 0
1.25452e+08 0
1.25474e+08 0
1.25519e+08 0
1.25541e+08 0
1.25642e+08 0
1.25776e+08 0
1.25821e+08 0
1.25855e+08 0
1.25877e+08 0
1.25899e+08 0
1.25933e+08 0
1.26257e+08 0
1.35438e+08 0
1.35494e+08 0
1.35539e+08 0
1.35594e+08 0
1.35617e+08 0
1.35639e+08 0
1.3734e+08 0
1.37351e+08 0
1.37362e+08 0
1.37373e+08 0
1.37384e+08 0
1.3744e+08 0
1.37597e+08 0
1.37619e+08 0
1.37664e+08 0
1.37686e+08 0
1.37697e+08 0
1.37709e+08 0
1.37731e+08 0
1.37932e+08 0
1.47802e+08 0
1.47847e+08 0
1.4807e+08 0
1.48115e+08 0
1.48249e+08 0
1.48305e+08 0
1.4976e+08 0
1.49793e+08 0
1.4986e+08 0
1.49883e+08 0
1.49916e+08 0
1.50017e+08 0
1.50039e+08 0
1.50084e+08 0
1.50117e+08 0
1.50151e+08 0
1.50173e+08 0
1.50196e+08 0
1.50207e+08 0
1.50308e+08 0
1.5033e+08 0
1.606e+08 0
1.60645e+08 0
1.60913e+08 0
1.60969e+08 0
1.61092e+08 0
1.61114e+08 0
1.62792e+08 0
1.62815e+08 0
1.62882e+08 0
1.62893e+08 0
1.62938e+08 0
1.62949e+08 0
1.62982e+08 0
1.63016e+08 0
1.63061e+08 0
1.63117e+08 0
1.6315e+08 0
1.63161e+08 0
1.6324e+08 0
1.63307e+08 0
1.63329e+08 0
1.63341e+08 0
1.73562e+08 0
1.73629e+08 0
1.7374e+08 0
1.7383e+08 0
1.73997e+08 0
1.74065e+08 0
1.7591e+08 0
1.75933e+08 0
1.75944e+08 0
1.75966e+08 0
1.75978e+08 0
1.75989e+08 0
1.76011e+08 0
1.76045e+08 0
1.76078e+08 0
1.76156e+08 0
1.76168e+08 0
1.76179e+08 0
1.76224e+08 0
1.76313e+08 0
1.76369e+08 0
1.7638e+08 0
1.87126e+08 0
1.8716e+08 0
1.87204e+08 0
1.8735e+08 0
1.87417e+08 0
1.8745e+08 0
1.87461e+08 0
1.89509e+08 0
1.8952e+08 0
1.89553e+08 0
1.89576e+08 0
1.89609e+08 0
1.89632e+08 0
1.89676e+08 0
1.8971e+08 0
1.89732e+08 0
1.89777e+08 0
1.89799e+08 0
1.89822e+08 0
1.899e+08 0
1.8999e+08 0
1.90023e+08 0
1.90034e+08 0
2.01134e+08 0
2.01179e+08 0
2.01224e+08 0
2.01269e+08 0
2.01336e+08 0
2.0138e+08 0
2.01436e+08 0
2.0147e+08 0
2.03785e+08 0
2.03808e+08 0
2.03841e+08 0
2.03875e+08 0
2.0392e+08 0
2.03964e+08 0
2.03975e+08 0
2.03987e+08 0
2.04009e+08 0
2.04031e+08 0
2.04054e+08 0
2.04087e+08 0
2.0411e+08 0
2.04266e+08 0
2.043e+08 0
2.04311e+08 0
2.15923e+08 0
2.15967e+08 0
2.16012e+08 0
2.16034e+08 0
2.16079e+08 0
2.16135e+08 0
2.16168e+08 0
2.16224e+08 0
2.16258e+08 0
2.18652e+08 0
2.18674e+08 0
2.1873e+08 0
2.18764e+08 0
2.18786e+08 0
2.18797e+08 0
2.18831e+08 0
2.18887e+08 0
2.1892e+08 0
2.18942e+08 0
2.18954e+08 0
2.18998e+08 0
2.19043e+08 0
2.19166e+08 0
2.19189e+08 0
2.19234e+08 0
2.31295e+08 0
2.3134e+08 0
2.31351e+08 0
2.31396e+08 0
2.31441e+08 0
2.31485e+08 0
2.31586e+08 0
2.31619e+08 0
2.31653e+08 0
2.31686e+08 0
2.34192e+08 0
2.34215e+08 0
2.34226e+08 0
2.34248e+08 0
2.3427e+08 0
2.34315e+08 0
2.34338e+08 0
2.34349e+08 0
2.3436e+08 0
2.34438e+08 0
2.34461e+08 0
2.34528e+08 0
2.3455e+08 0
2.34707e+08 0
2.34718e+08 0
2.34752e+08 0
2.47224e+08 0
2.47247e+08 0
2.47269e+08 0
2.47303e+08 0
2.47336e+08 0
2.47426e+08 0
2.47493e+08 0
2.47537e+08 0
2.47571e+08 0
2.47605e+08 0
2.47627e+08 0
2.50121e+08 0
2.502e+08 0
2.50211e+08 0
2.50278e+08 0
2.503e+08 0
2.50356e+08 0
2.50368e+08 0
2.50446e+08 0
2.50457e+08 0
2.50491e+08 0
2.50513e+08 0
2.50591e+08 0
2.50625e+08 0
2.5077e+08 0
2.50782e+08 0
2.50793e+08 0
2.63782e+08 0
2.63826e+08 0
2.63849e+08 0
2.63871e+08 0
2.63916e+08 0
2.63938e+08 0
2.63972e+08 0
2.64005e+08 0
2.64039e+08 0
2.64083e+08 0
2.64139e+08 0
2.64173e+08 0
2.66623e+08 0
2.66768e+08 0
2.66779e+08 0
2.66869e+08 0
2.66925e+08 0
2.66992e+08 0
2.67014e+08 0
2.67036e+08 0
2.6707e+08 0
2.67137e+08 0
2.67182e+08 0
2.67271e+08 0
2.67327e+08 0
2.67428e+08 0
2.67462e+08 0
2.67473e+08 0
2.80915e+08 0
2.80959e+08 0
2.80982e+08 0
2.81015e+08 0
2.81038e+08 0
2.81049e+08 0
2.81071e+08 0
2.81093e+08 0
2.81194e+08 0
2.81228e+08 0
2.81272e+08 0
2.81317e+08 0
2.81351e+08 0
2.83678e+08 0
2.84024e+08 0
2.84047e+08 0
2.84069e+08 0
2.84136e+08 0
2.84147e+08 0
2.84259e+08 0
2.84337e+08 0
2.84371e+08 0
2.84483e+08 0
2.84572e+08 0
2.84628e+08 0
2.84639e+08 0
2.84763e+08 0
2.84774e+08 0
2.84785e+08 0
2.98644e+08 0
2.98666e+08 0
2.98689e+08 0
2.98711e+08 0
2.98745e+08 0
2.98767e+08 0
2.98789e+08 0
2.98823e+08 0
2.98845e+08 0
2.98856e+08 0
2.98912e+08 0
2.98957e+08 0
2.99002e+08 0
2.99069e+08 0
3.01239e+08 0
3.01798e+08 0
3.01821e+08 0
3.01854e+08 0
3.01888e+08 0
3.01944e+08 0
3.021e+08 0
3.02179e+08 0
3.02201e+08 0
3.02391e+08 0
3.02469e+08 0
3.02537e+08 0
3.02559e+08 0
3.0266e+08 0
3.02671e+08 0
3.02682e+08 0
3.1685e+08 0
3.16895e+08 0
3.16928e+08 0
3.17007e+08 0
3.17051e+08 0
3.17107e+08 0
3.17118e+08 0
3.17152e+08 0
3.17185e+08 0
3.17208e+08 0
3.1723e+08 0
3.17286e+08 0
3.17342e+08 0
3.17375e+08 0
3.17454e+08 0
3.19658e+08 0
3.20239e+08 0
3.20262e+08 0
3.20295e+08 0
3.20329e+08 0
3.20396e+08 0
3.20474e+08 0
3.20552e+08 0
3.20575e+08 0
3.20642e+08 0
3.20664e+08 0
3.20944e+08 0
3.20966e+08 0
3.21157e+08 0
3.21168e+08 0
3.21179e+08 0
3.35701e+08 0
3.35712e+08 0
3.35746e+08 0
3.3579e+08 0
3.35824e+08 0
3.35857e+08 0
3.35891e+08 0
3.35925e+08 0
3.35969e+08 0
3.36003e+08 0
3.36014e+08 0
3.36115e+08 0
3.36204e+08 0
3.36226e+08 0
3.36282e+08 0
3.36349e+08 0
3.38553e+08 0
3.39169e+08 0
3.39224e+08 0
3.3928e+08 0
3.39347e+08 0
3.39448e+08 0
3.39504e+08 0
3.39538e+08 0
3.39549e+08 0
3.39605e+08 0
3.39627e+08 0
3.39683e+08 0
3.39717e+08 0
3.40243e+08 0
3.40276e+08 0
3.40321e+08 0
3.55175e+08 0
3.5522e+08 0
3.55264e+08 0
3.55309e+08 0
3.55331e+08 0
3.55365e+08 0
3.5541e+08 0
3.55432e+08 0
3.55466e+08 0
3.55488e+08 0
3.55533e+08 0
3.55689e+08 0
3.56036e+08 0
3.56114e+08 0
3.5617e+08 0
3.56237e+08 0
3.56315e+08 0
3.58105e+08 0
3.58732e+08 0
3.58765e+08 0
3.58821e+08 0
3.58833e+08 0
3.58933e+08 0
3.59123e+08 0
3.59168e+08 0
3.59202e+08 0
3.59213e+08 0
3.59235e+08 0
3.59291e+08 0
3.59302e+08 0
3.6013e+08 0
3.60477e+08 0
3.60622e+08 0
3.75383e+08 0
3.75417e+08 0
3.75517e+08 0
3.75573e+08 0
3.75596e+08 0
3.75618e+08 0
3.75696e+08 0
3.75719e+08 0
3.75741e+08 0
3.75786e+08 0
3.75853e+08 0
3.75942e+08 0
3.76579e+08 0
3.76613e+08 0
3.76647e+08 0
3.76702e+08 0
3.76747e+08 0
3.76803e+08 0
3.78359e+08 0
3.78918e+08 0
3.78952e+08 0
3.78985e+08 0
3.79019e+08 0
3.79198e+08 0
3.79399e+08 0
3.79522e+08 0
3.79556e+08 0
3.79567e+08 0
3.79612e+08 0
3.79701e+08 0
3.79735e+08 0
3.80864e+08 0
3.812e+08 0
3.81368e+08 0
3.95711e+08 0
3.95722e+08 0
3.96002e+08 0
3.96125e+08 0
3.96214e+08 0
3.96225e+08 0
3.96326e+08 0
3.96337e+08 0
3.96371e+08 0
3.9646e+08 0
3.96494e+08 0
3.96549e+08 0
3.96997e+08 0
3.97053e+08 0
3.97153e+08 0
3.97455e+08 0
3.97623e+08 0
3.97634e+08 0
3.99044e+08 0
3.99055e+08 0
3.99626e+08 0
3.99659e+08 0
3.99682e+08 0
3.99704e+08 0
3.99906e+08 0
4.00118e+08 0
4.00208e+08 0
4.0023e+08 0
4.00286e+08 0
4.00376e+08 0
4.0042e+08 0
4.00499e+08 0
4.01774e+08 0
4.02042e+08 0
4.02165e+08 0
4.16969e+08 0
4.17002e+08 0
4.17081e+08 0
4.1717e+08 0
4.17203e+08 0
4.17237e+08 0
4.17427e+08 0
4.17449e+08 0
4.17483e+08 0
4.17517e+08 0
4.17572e+08 0
4.17595e+08 0
4.17807e+08 0
4.17841e+08 0
4.18087e+08 0
4.18556e+08 0
4.18668e+08 0
4.1869e+08 0
4.20369e+08 0
4.20402e+08 0
4.20414e+08 0
4.21029e+08 0
4.21062e+08 0
4.21074e+08 0
4.21085e+08 0
4.21219e+08 0
4.21521e+08 0
4.216e+08 0
4.21633e+08 0
4.21667e+08 0
4.21723e+08 0
4.21779e+08 0
4.21846e+08 0
4.23255e+08 0
4.23546e+08 0
4.23736e+08 0
4.38496e+08 0
4.38541e+08 0
4.38742e+08 0
4.38775e+08 0
4.38798e+08 0
4.38865e+08 0
4.3901e+08 0
4.39033e+08 0
4.39122e+08 0
4.39245e+08 0
4.39279e+08 0
4.39334e+08 0
4.39603e+08 0
4.39636e+08 0
4.39726e+08 0
4.39972e+08 0
4.40128e+08 0
4.40217e+08 0
4.42332e+08 0
4.42366e+08 0
4.42388e+08 0
4.4288e+08 0
4.42902e+08 0
4.42914e+08 0
4.42981e+08 0
4.43026e+08 0
4.43205e+08 0
4.43462e+08 0
4.43574e+08 0
4.43619e+08 0
4.43641e+08 0
4.43664e+08 0
4.43686e+08 0
4.43742e+08 0
4.4533e+08 0
4.45599e+08 0
4.45766e+08 0
4.61089e+08 0
4.61134e+08 0
4.61268e+08 0
4.61335e+08 0
4.61357e+08 0
4.61369e+08 0
4.61559e+08 0
4.61581e+08 0
4.61615e+08 0
4.61771e+08 0
4.61805e+08 0
4.61849e+08 0
4.61905e+08 0
4.6195e+08 0
4.62207e+08 0
4.62498e+08 0
4.62531e+08 0
4.62576e+08 0
4.65071e+08 0
4.65093e+08 0
4.65104e+08 0
4.65429e+08 0
4.65451e+08 0
4.65473e+08 0
4.65552e+08 0
4.65563e+08 0
4.65663e+08 0
4.65876e+08 0
4.66134e+08 0
4.66201e+08 0
4.66245e+08 0
4.66301e+08 0
4.66335e+08 0
4.66358e+08 0
4.66425e+08 0
4.68125e+08 0
4.68337e+08 0
4.68594e+08 0
4.84194e+08 0
4.84239e+08 0
4.84395e+08 0
4.84418e+08 0
4.84462e+08 0
4.84473e+08 0
4.84596e+08 0
4.8463e+08 0
4.84697e+08 0
4.84876e+08 0
4.84887e+08 0
4.84898e+08 0
4.85033e+08 0
4.85088e+08 0
4.85178e+08 0
4.85536e+08 0
4.85569e+08 0
4.85603e+08 0
4.8822e+08 0
4.88242e+08 0
4.88265e+08 0
4.88466e+08 0
4.88478e+08 0
4.88533e+08 0
4.88556e+08 0
4.88656e+08 0
4.88679e+08 0
4.8869e+08 0
4.89026e+08 0
4.89306e+08 0
4.8935e+08 0
4.89373e+08 0
4.89462e+08 0
4.8953e+08 0
4.8972e+08 0
4.89731e+08 0
4.90906e+08 0
4.91576e+08 0
4.92046e+08 0
5.07925e+08 0
5.0797e+08 0
5.08137e+08 0
5.0816e+08 0
5.08193e+08 0
5.08216e+08 0
5.08227e+08 0
5.08238e+08 0
5.08305e+08 0
5.08607e+08 0
5.0864e+08 0
5.08652e+08 0
5.08741e+08 0
5.08763e+08 0
5.08808e+08 0
5.09188e+08 0
5.09211e+08 0
5.09278e+08 0
5.12029e+08 0
5.12063e+08 0
5.12085e+08 0
5.12276e+08 0
5.12309e+08 0
5.1232e+08 0
5.12343e+08 0
5.12399e+08 0
5.12421e+08 0
5.12443e+08 0
5.12455e+08 0
5.12701e+08 0
5.13148e+08 0
5.13171e+08 0
5.13182e+08 0
5.13316e+08 0
5.13372e+08 0
5.13641e+08 0
5.13686e+08 0
5.14771e+08 0
5.15285e+08 0
5.16045e+08 0
5.32146e+08 0
5.32202e+08 0
5.3237e+08 0
5.32403e+08 0
5.32426e+08 0
5.32448e+08 0
5.32493e+08 0
5.32526e+08 0
5.32616e+08 0
5.3275e+08 0
5.32772e+08 0
5.32806e+08 0
5.32929e+08 0
5.3294e+08 0
5.32974e+08 0
5.33152e+08 0
5.3322e+08 0
5.3351e+08 0
5.36296e+08 0
5.36318e+08 0
5.36329e+08 0
5.3662e+08 0
5.36642e+08 0
5.36676e+08 0
5.36698e+08 0
5.36721e+08 0
5.36743e+08 0
5.36754e+08 0
5.36765e+08 0
5.3681e+08 0
5.36978e+08 0
5.37549e+08 0
5.37582e+08 0
5.37604e+08 0
5.3775e+08 0
5.37784e+08 0
5.38041e+08 0
5.38097e+08 0
5.39316e+08 0
5.39674e+08 0
5.40401e+08 0
5.5703e+08 0
5.57086e+08 0
5.57242e+08 0
5.57265e+08 0
5.57287e+08 0
5.57343e+08 0
5.57376e+08 0
5.57443e+08 0
5.57488e+08 0
5.57633e+08 0
5.57645e+08 0
5.57667e+08 0
5.57745e+08 0
5.57768e+08 0
5.57835e+08 0
5.58002e+08 0
5.58081e+08 0
5.58237e+08 0
5.61313e+08 0
5.61324e+08 0
5.61336e+08 0
5.6166e+08 0
5.61682e+08 0
5.61694e+08 0
5.61705e+08 0
5.61716e+08 0
5.61727e+08 0
5.61738e+08 0
5.61783e+08 0
5.61794e+08 0
5.61906e+08 0
5.61962e+08 0
5.62633e+08 0
5.62656e+08 0
5.62667e+08 0
5.62779e+08 0
5.62846e+08 0
5.63148e+08 0
5.63204e+08 0
5.64457e+08 0
5.65173e+08 0
5.659e+08 0
5.82496e+08 0
5.82585e+08 0
5.82731e+08 0
5.82776e+08 0
5.82798e+08 0
5.82831e+08 0
5.82865e+08 0
5.82921e+08 0
5.82943e+08 0
5.83133e+08 0
5.83145e+08 0
5.83156e+08 0
5.83223e+08 0
5.83245e+08 0
5.83279e+08 0
5.83502e+08 0
5.83536e+08 0
5.83614e+08 0
5.86847e+08 0
5.86914e+08 0
5.86936e+08 0
5.87272e+08 0
5.87294e+08 0
5.87305e+08 0
5.87328e+08 0
5.8735e+08 0
5.87372e+08 0
5.87406e+08 0
5.87439e+08 0
5.87484e+08 0
5.87507e+08 0
5.8754e+08 0
5.87607e+08 0
5.88223e+08 0
5.88245e+08 0
5.88268e+08 0
5.88447e+08 0
5.8848e+08 0
5.88794e+08 0
5.88861e+08 0
5.90214e+08 0
5.9131e+08 0
5.91847e+08 0
6.08374e+08 0
6.08508e+08 0
6.08586e+08 0
6.0862e+08 0
6.08653e+08 0
6.08698e+08 0
6.08732e+08 0
6.08843e+08 0
6.08911e+08 0
6.09045e+08 0
6.09067e+08 0
6.0909e+08 0
6.09179e+08 0
6.09201e+08 0
6.09224e+08 0
6.09414e+08 0
6.09436e+08 0
6.0947e+08 0
6.12881e+08 0
6.12937e+08 0
6.12959e+08 0
6.13329e+08 0
6.13351e+08 0
6.13385e+08 0
6.13396e+08 0
6.13418e+08 0
6.13485e+08 0
6.13519e+08 0
6.13563e+08 0
6.13586e+08 0
6.13597e+08 0
6.13619e+08 0
6.13631e+08 0
6.13664e+08 0
6.14336e+08 0
6.14347e+08 0
6.14358e+08 0
6.1447e+08 0
6.14515e+08 0
6.14929e+08 0
6.14963e+08 0
6.16405e+08 0
6.17624e+08 0
6.17915e+08 0
6.22189e+08 0
6.22223e+08 0
6.22245e+08 0
