667849 0
1.26017e+06 0
1.85249e+06 0
2.44481e+06 0
3.03713e+06 0
3.62947e+06 0
4.22184e+06 0
4.81426e+06 0
5.40675e+06 0
5.99938e+06 0
6.59239e+06 0
7.2766e+06 0
8.25982e+06 0
8.28217e+06 0
1.00946e+07 0
1.01505e+07 0
1.14966e+07 0
1.15413e+07 0
1.1586e+07 0
1.43256e+07 0
1.43815e+07 0
1.44262e+07 0
1.44709e+07 0
1.68282e+07 0
1.70629e+07 0
1.75211e+07 0
1.75658e+07 0
1.76105e+07 0
2.13761e+07 0
2.17449e+07 0
2.18231e+07 0
2.19237e+07 0
2.20244e+07 0
2.20914e+07 0
2.4949e+07 0
2.5575e+07 0
2.56532e+07 0
2.58656e+07 0
2.59886e+07 0
2.60333e+07 0
2.60668e+07 0
2.98345e+07 0
3.00916e+07 0
3.03375e+07 0
3.05163e+07 0
3.07176e+07 0
3.07511e+07 0
3.0807e+07 0
3.39604e+07 0
3.40386e+07 0
3.44968e+07 0
3.45974e+07 0
3.51675e+07 0
3.5447e+07 0
3.55699e+07 0
3.56258e+07 0
3.91939e+07 0
3.92722e+07 0
3.93504e+07 0
3.94622e+07 0
3.95851e+07 0
4.08594e+07 0
4.11276e+07 0
4.12172e+07 0
4.12843e+07 0
4.52106e+07 0
4.53112e+07 0
4.549e+07 0
4.55571e+07 0
4.56465e+07 0
4.57136e+07 0
4.65966e+07 0
4.68314e+07 0
4.70438e+07 0
4.7122e+07 0
5.21156e+07 0
5.22721e+07 0
5.26186e+07 0
5.27416e+07 0
5.27863e+07 0
5.28533e+07 0
5.29539e+07 0
5.32446e+07 0
5.33117e+07 0
5.35353e+07 0
5.37142e+07 0
5.87025e+07 0
5.89372e+07 0
5.97531e+07 0
5.98425e+07 0
5.99543e+07 0
6.00437e+07 0
6.01108e+07 0
6.01778e+07 0
6.0435e+07 0
6.04462e+07 0
6.05133e+07 0
6.06363e+07 0
6.56697e+07 0
6.58709e+07 0
6.67874e+07 0
6.69327e+07 0
6.70221e+07 0
6.70892e+07 0
6.71898e+07 0
6.72456e+07 0
6.73351e+07 0
6.79611e+07 0
6.8017e+07 0
6.80729e+07 0
6.81401e+07 0
7.42976e+07 0
7.4387e+07 0
7.50799e+07 0
7.51246e+07 0
7.51917e+07 0
7.5404e+07 0
7.54376e+07 0
7.54934e+07 0
7.59518e+07 0
7.60748e+07 0
7.61866e+07 0
7.62202e+07 0
7.63096e+07 0
7.64551e+07 0
8.38682e+07 0
8.39017e+07 0
8.39576e+07 0
8.40582e+07 0
8.41252e+07 0
8.42035e+07 0
8.42706e+07 0
8.43264e+07 0
8.44606e+07 0
8.455e+07 0
8.46507e+07 0
8.4673e+07 0
8.46954e+07 0
8.47512e+07 0
8.51427e+07 0
9.28261e+07 0
9.28932e+07 0
9.2949e+07 0
9.31279e+07 0
9.31614e+07 0
9.3262e+07 0
9.33849e+07 0
9.34409e+07 0
9.34967e+07 0
9.37427e+07 0
9.39663e+07 0
9.39886e+07 0
9.40333e+07 0
9.40557e+07 0
9.41228e+07 0
9.45031e+07 0
1.02733e+08 0
1.02957e+08 0
1.03069e+08 0
1.03203e+08 0
1.03247e+08 0
1.03426e+08 0
1.0356e+08 0
1.03627e+08 0
1.03728e+08 0
1.03851e+08 0
1.03929e+08 0
1.03952e+08 0
1.03974e+08 0
1.0403e+08 0
1.04063e+08 0
1.04108e+08 0
1.04623e+08 0
1.13484e+08 0
1.1354e+08 0
1.13797e+08 0
1.14009e+08 0
1.14043e+08 0
1.14132e+08 0
1.14222e+08 0
1.14468e+08 0
1.1458e+08 0
1.14669e+08 0
1.14691e+08 0
1.14714e+08 0
1.1477e+08 0
1.14814e+08 0
1.14848e+08 0
1.14881e+08 0
1.14915e+08 0
1.15172e+08 0
1.24287e+08 0
1.24321e+08 0
1.24432e+08 0
1.24991e+08 0
1.25002e+08 0
1.25282e+08 0
1.25349e+08 0
1.25897e+08 0
1.25964e+08 0
1.26009e+08 0
1.26053e+08 0
1.26098e+08 0
1.26143e+08 0
1.26199e+08 0
1.26221e+08 0
1.26243e+08 0
1.26266e+08 0
1.26277e+08 0
1.26501e+08 0
1.35904e+08 0
1.36105e+08 0
1.36173e+08 0
1.36731e+08 0
1.36754e+08 0
1.37044e+08 0
1.37134e+08 0
1.37749e+08 0
1.37794e+08 0
1.37849e+08 0
1.37894e+08 0
1.37928e+08 0
1.37961e+08 0
1.38006e+08 0
1.3804e+08 0
1.38073e+08 0
1.38095e+08 0
1.38118e+08 0
1.3814e+08 0
1.38353e+08 0
1.48539e+08 0
1.48718e+08 0
1.48751e+08 0
1.48964e+08 0
1.49009e+08 0
1.49411e+08 0
1.49433e+08 0
1.50026e+08 0
1.50115e+08 0
1.5016e+08 0
1.50216e+08 0
1.50294e+08 0
1.50328e+08 0
1.50361e+08 0
1.50451e+08 0
1.50484e+08 0
1.50518e+08 0
1.50551e+08 0
1.50574e+08 0
1.50775e+08 0
1.50798e+08 0
1.61334e+08 0
1.61513e+08 0
1.61569e+08 0
1.61781e+08 0
1.61804e+08 0
1.62385e+08 0
1.62452e+08 0
1.62978e+08 0
1.63056e+08 0
1.63123e+08 0
1.63235e+08 0
1.63291e+08 0
1.63324e+08 0
1.6338e+08 0
1.63414e+08 0
1.63447e+08 0
1.63492e+08 0
1.63548e+08 0
1.6357e+08 0
1.63772e+08 0
1.63794e+08 0
1.63816e+08 0
1.74229e+08 0
1.74307e+08 0
1.74385e+08 0
1.74709e+08 0
1.74754e+08 0
1.75559e+08 0
1.75592e+08 0
1.76085e+08 0
1.76174e+08 0
1.76196e+08 0
1.76241e+08 0
1.76275e+08 0
1.76319e+08 0
1.76364e+08 0
1.76387e+08 0
1.76409e+08 0
1.76465e+08 0
1.76621e+08 0
1.76655e+08 0
1.76722e+08 0
1.76755e+08 0
1.76778e+08 0
1.87896e+08 0
1.87929e+08 0
1.88131e+08 0
1.88186e+08 0
1.88343e+08 0
1.8841e+08 0
1.88991e+08 0
1.8907e+08 0
1.89707e+08 0
1.89808e+08 0
1.89875e+08 0
1.89942e+08 0
1.89964e+08 0
1.90009e+08 0
1.90031e+08 0
1.90087e+08 0
1.90121e+08 0
1.90165e+08 0
1.90244e+08 0
1.90277e+08 0
1.90355e+08 0
1.90389e+08 0
1.90423e+08 0
2.0222e+08 0
2.02276e+08 0
2.02343e+08 0
2.02443e+08 0
2.02499e+08 0
2.02566e+08 0
2.02633e+08 0
2.03226e+08 0
2.03271e+08 0
2.0402e+08 0
2.04087e+08 0
2.04132e+08 0
2.04165e+08 0
2.04188e+08 0
2.04221e+08 0
2.04277e+08 0
2.04333e+08 0
2.04355e+08 0
2.04389e+08 0
2.04411e+08 0
2.04545e+08 0
2.04713e+08 0
2.04735e+08 0
2.04758e+08 0
2.17061e+08 0
2.17128e+08 0
2.17217e+08 0
2.17273e+08 0
2.17329e+08 0
2.17351e+08 0
2.17396e+08 0
2.17541e+08 0
2.18089e+08 0
2.18179e+08 0
2.18738e+08 0
2.18794e+08 0
2.18861e+08 0
2.18928e+08 0
2.19028e+08 0
2.1914e+08 0
2.19196e+08 0
2.19252e+08 0
2.19274e+08 0
2.19286e+08 0
2.19308e+08 0
2.19464e+08 0
2.19554e+08 0
2.19565e+08 0
2.19576e+08 0
2.3242e+08 0
2.32464e+08 0
2.32487e+08 0
2.3252e+08 0
2.32565e+08 0
2.32654e+08 0
2.32967e+08 0
2.33057e+08 0
2.3309e+08 0
2.33448e+08 0
2.33537e+08 0
2.34264e+08 0
2.34287e+08 0
2.34331e+08 0
2.34443e+08 0
2.34488e+08 0
2.34577e+08 0
2.34633e+08 0
2.34644e+08 0
2.34678e+08 0
2.34734e+08 0
2.34779e+08 0
2.34879e+08 0
2.34891e+08 0
2.34902e+08 0
2.34913e+08 0
2.48481e+08 0
2.48525e+08 0
2.48581e+08 0
2.48693e+08 0
2.48771e+08 0
2.48805e+08 0
2.49017e+08 0
2.49051e+08 0
2.49107e+08 0
2.49174e+08 0
2.49487e+08 0
2.49509e+08 0
2.50281e+08 0
2.50325e+08 0
2.50381e+08 0
2.50516e+08 0
2.50549e+08 0
2.50694e+08 0
2.5075e+08 0
2.50784e+08 0
2.5084e+08 0
2.50862e+08 0
2.50918e+08 0
2.50985e+08 0
2.50996e+08 0
2.51008e+08 0
2.5103e+08 0
2.65076e+08 0
2.65143e+08 0
2.65188e+08 0
2.6521e+08 0
2.65255e+08 0
2.653e+08 0
2.65579e+08 0
2.6568e+08 0
2.65736e+08 0
2.65758e+08 0
2.65792e+08 0
2.66138e+08 0
2.66172e+08 0
2.66943e+08 0
2.66955e+08 0
2.67011e+08 0
2.67178e+08 0
2.67201e+08 0
2.67413e+08 0
2.67458e+08 0
2.67469e+08 0
2.67514e+08 0
2.67536e+08 0
2.67603e+08 0
2.67648e+08 0
2.67693e+08 0
2.67737e+08 0
2.6776e+08 0
2.82365e+08 0
2.82399e+08 0
2.82488e+08 0
2.82555e+08 0
2.82577e+08 0
2.82656e+08 0
2.82846e+08 0
2.82924e+08 0
2.83002e+08 0
2.83036e+08 0
2.83069e+08 0
2.83092e+08 0
2.83472e+08 0
2.83528e+08 0
2.843e+08 0
2.84344e+08 0
2.84378e+08 0
2.8449e+08 0
2.84534e+08 0
2.84758e+08 0
2.8478e+08 0
2.84814e+08 0
2.84847e+08 0
2.8487e+08 0
2.84903e+08 0
2.85082e+08 0
2.85094e+08 0
2.85127e+08 0
2.85149e+08 0
3.00014e+08 0
3.0007e+08 0
3.00226e+08 0
3.00361e+08 0
3.00517e+08 0
3.00551e+08 0
3.00707e+08 0
3.00797e+08 0
3.0102e+08 0
3.01042e+08 0
3.01087e+08 0
3.0111e+08 0
3.01132e+08 0
3.01311e+08 0
3.01367e+08 0
3.02206e+08 0
3.02228e+08 0
3.0234e+08 0
3.02384e+08 0
3.02418e+08 0
3.02575e+08 0
3.02608e+08 0
3.02653e+08 0
3.02697e+08 0
3.02765e+08 0
3.02821e+08 0
3.02977e+08 0
3.02988e+08 0
3.03011e+08 0
3.03022e+08 0
3.18207e+08 0
3.18318e+08 0
3.18453e+08 0
3.18665e+08 0
3.18922e+08 0
3.19e+08 0
3.1938e+08 0
3.19436e+08 0
3.19459e+08 0
3.19492e+08 0
3.19537e+08 0
3.19559e+08 0
3.19604e+08 0
3.19615e+08 0
3.19794e+08 0
3.19884e+08 0
3.20689e+08 0
3.207e+08 0
3.20801e+08 0
3.20823e+08 0
3.20857e+08 0
3.21013e+08 0
3.21058e+08 0
3.21103e+08 0
3.21147e+08 0
3.2127e+08 0
3.21293e+08 0
3.21438e+08 0
3.21483e+08 0
3.21494e+08 0
3.21505e+08 0
3.3729e+08 0
3.37324e+08 0
3.3748e+08 0
3.37536e+08 0
3.37805e+08 0
3.37849e+08 0
3.38252e+08 0
3.38285e+08 0
3.3833e+08 0
3.38352e+08 0
3.38386e+08 0
3.38408e+08 0
3.38453e+08 0
3.38498e+08 0
3.38509e+08 0
3.38665e+08 0
3.38755e+08 0
3.39616e+08 0
3.39639e+08 0
3.39672e+08 0
3.39806e+08 0
3.39851e+08 0
3.3994e+08 0
3.40041e+08 0
3.40086e+08 0
3.40153e+08 0
3.40198e+08 0
3.40242e+08 0
3.40399e+08 0
3.40432e+08 0
3.40455e+08 0
3.40466e+08 0
3.56904e+08 0
3.56937e+08 0
3.5715e+08 0
3.57194e+08 0
3.57306e+08 0
3.57362e+08 0
3.57787e+08 0
3.5782e+08 0
3.57843e+08 0
3.57865e+08 0
3.57876e+08 0
3.5791e+08 0
3.57977e+08 0
3.57999e+08 0
3.58022e+08 0
3.58111e+08 0
3.58133e+08 0
3.58189e+08 0
3.5914e+08 0
3.59162e+08 0
3.59196e+08 0
3.59241e+08 0
3.59297e+08 0
3.59453e+08 0
3.59509e+08 0
3.59632e+08 0
3.59665e+08 0
3.59733e+08 0
3.59788e+08 0
3.59979e+08 0
3.60001e+08 0
3.60012e+08 0
3.60035e+08 0
3.77234e+08 0
3.77312e+08 0
3.77435e+08 0
3.77469e+08 0
3.77581e+08 0
3.77894e+08 0
3.77961e+08 0
3.77972e+08 0
3.78005e+08 0
3.7805e+08 0
3.78061e+08 0
3.78084e+08 0
3.78151e+08 0
3.78162e+08 0
3.78207e+08 0
3.7824e+08 0
3.78296e+08 0
3.78352e+08 0
3.78453e+08 0
3.79247e+08 0
3.79269e+08 0
3.79336e+08 0
3.79403e+08 0
3.79448e+08 0
3.79605e+08 0
3.79739e+08 0
3.79772e+08 0
3.79784e+08 0
3.79895e+08 0
3.79951e+08 0
3.80086e+08 0
3.80108e+08 0
3.80119e+08 0
3.80175e+08 0
3.98249e+08 0
3.98473e+08 0
3.9854e+08 0
3.98573e+08 0
3.98607e+08 0
3.98685e+08 0
3.9883e+08 0
3.98965e+08 0
3.99021e+08 0
3.99054e+08 0
3.99088e+08 0
3.99188e+08 0
3.99222e+08 0
3.99267e+08 0
3.993e+08 0
3.99322e+08 0
3.99356e+08 0
3.9939e+08 0
3.99412e+08 0
3.99423e+08 0
4.00039e+08 0
4.00083e+08 0
4.00106e+08 0
4.00139e+08 0
4.00206e+08 0
4.00363e+08 0
4.00407e+08 0
4.00452e+08 0
4.00519e+08 0
4.00676e+08 0
4.00698e+08 0
4.00844e+08 0
4.00855e+08 0
4.00866e+08 0
4.00955e+08 0
4.19741e+08 0
4.19797e+08 0
4.19942e+08 0
4.19976e+08 0
4.19998e+08 0
4.20065e+08 0
4.20199e+08 0
4.20266e+08 0
4.203e+08 0
4.20322e+08 0
4.20412e+08 0
4.20523e+08 0
4.20557e+08 0
4.20591e+08 0
4.20624e+08 0
4.20658e+08 0
4.20691e+08 0
4.20725e+08 0
4.20758e+08 0
4.20769e+08 0
4.20792e+08 0
4.21284e+08 0
4.21318e+08 0
4.21363e+08 0
4.2143e+08 0
4.21452e+08 0
4.21553e+08 0
4.21664e+08 0
4.21687e+08 0
4.21765e+08 0
4.21787e+08 0
4.21832e+08 0
4.221e+08 0
4.22112e+08 0
4.22134e+08 0
4.22145e+08 0
4.41616e+08 0
4.4166e+08 0
4.41973e+08 0
4.41996e+08 0
4.42007e+08 0
4.42018e+08 0
4.42164e+08 0
4.42231e+08 0
4.42253e+08 0
4.42331e+08 0
4.42365e+08 0
4.42454e+08 0
4.42477e+08 0
4.42499e+08 0
4.42533e+08 0
4.42566e+08 0
4.426e+08 0
4.42622e+08 0
4.42667e+08 0
4.427e+08 0
4.42723e+08 0
4.43215e+08 0
4.43271e+08 0
4.43372e+08 0
4.43439e+08 0
4.43506e+08 0
4.43562e+08 0
4.43595e+08 0
4.4364e+08 0
4.43696e+08 0
4.4374e+08 0
4.43785e+08 0
4.43807e+08 0
4.4402e+08 0
4.44042e+08 0
4.44054e+08 0
4.44087e+08 0
4.63548e+08 0
4.63626e+08 0
4.64386e+08 0
4.64397e+08 0
4.64419e+08 0
4.64453e+08 0
4.64543e+08 0
4.64632e+08 0
4.64666e+08 0
4.64777e+08 0
4.64867e+08 0
4.64911e+08 0
4.64956e+08 0
4.6499e+08 0
4.65034e+08 0
4.65057e+08 0
4.6509e+08 0
4.65113e+08 0
4.65135e+08 0
4.65146e+08 0
4.65169e+08 0
4.65952e+08 0
4.65985e+08 0
4.66019e+08 0
4.66041e+08 0
4.66064e+08 0
4.66119e+08 0
4.66164e+08 0
4.66186e+08 0
4.66209e+08 0
4.66242e+08 0
4.66298e+08 0
4.66332e+08 0
4.66343e+08 0
4.66455e+08 0
4.665e+08 0
4.66533e+08 0
4.66556e+08 0
4.86909e+08 0
4.86987e+08 0
4.87367e+08 0
4.87401e+08 0
4.87423e+08 0
4.87457e+08 0
4.87647e+08 0
4.87692e+08 0
4.87714e+08 0
4.87859e+08 0
4.87893e+08 0
4.87926e+08 0
4.87949e+08 0
4.87971e+08 0
4.88005e+08 0
4.88061e+08 0
4.88117e+08 0
4.8815e+08 0
4.88195e+08 0
4.88217e+08 0
4.88239e+08 0
4.88911e+08 0
4.88944e+08 0
4.88989e+08 0
4.89034e+08 0
4.8909e+08 0
4.89123e+08 0
4.89157e+08 0
4.8919e+08 0
4.89224e+08 0
4.89269e+08 0
4.89313e+08 0
4.89347e+08 0
4.8938e+08 0
4.89414e+08 0
4.89537e+08 0
4.89559e+08 0
4.8957e+08 0
4.89593e+08 0
5.10693e+08 0
5.10761e+08 0
5.10984e+08 0
5.11018e+08 0
5.11051e+08 0
5.11107e+08 0
5.11342e+08 0
5.11353e+08 0
5.11376e+08 0
5.11499e+08 0
5.11532e+08 0
5.11554e+08 0
5.1161e+08 0
5.11666e+08 0
5.117e+08 0
5.11733e+08 0
5.11756e+08 0
5.11789e+08 0
5.11823e+08 0
5.11845e+08 0
5.11856e+08 0
5.12438e+08 0
5.12494e+08 0
5.12561e+08 0
5.12606e+08 0
5.12639e+08 0
5.12684e+08 0
5.12729e+08 0
5.12774e+08 0
5.12796e+08 0
5.12863e+08 0
5.12897e+08 0
5.12941e+08 0
5.12975e+08 0
5.13008e+08 0
5.13042e+08 0
5.1321e+08 0
5.13266e+08 0
5.13299e+08 0
5.1331e+08 0
5.35123e+08 0
5.35135e+08 0
5.35325e+08 0
5.35392e+08 0
5.35425e+08 0
5.35459e+08 0
5.3575e+08 0
5.35817e+08 0
5.35828e+08 0
5.35906e+08 0
5.35929e+08 0
5.35962e+08 0
5.35996e+08 0
5.3604e+08 0
5.36063e+08 0
5.36107e+08 0
5.3613e+08 0
5.36186e+08 0
5.36208e+08 0
5.3623e+08 0
5.36253e+08 0
5.36868e+08 0
5.36891e+08 0
5.36913e+08 0
5.36947e+08 0
5.37002e+08 0
5.37025e+08 0
5.37069e+08 0
5.37114e+08 0
5.37137e+08 0
5.37181e+08 0
5.3726e+08 0
5.37315e+08 0
5.3736e+08 0
5.37394e+08 0
5.37438e+08 0
5.37472e+08 0
5.37584e+08 0
5.37617e+08 0
5.37651e+08 0
5.37696e+08 0
5.6e+08 0
5.60011e+08 0
5.60134e+08 0
5.60268e+08 0
5.60279e+08 0
5.60335e+08 0
5.60648e+08 0
5.60704e+08 0
5.60738e+08 0
5.60805e+08 0
5.60827e+08 0
5.6085e+08 0
5.60928e+08 0
5.60961e+08 0
5.60995e+08 0
5.61017e+08 0
5.61029e+08 0
5.61062e+08 0
5.61107e+08 0
5.61118e+08 0
5.6114e+08 0
5.61678e+08 0
5.61711e+08 0
5.61745e+08 0
5.61812e+08 0
5.61879e+08 0
5.61957e+08 0
5.62002e+08 0
5.62013e+08 0
5.62035e+08 0
5.62058e+08 0
5.62091e+08 0
5.62114e+08 0
5.62147e+08 0
5.62181e+08 0
5.62225e+08 0
5.62304e+08 0
5.62337e+08 0
5.62438e+08 0
5.62449e+08 0
5.62527e+08 0
5.62561e+08 0
5.85537e+08 0
5.85559e+08 0
5.85571e+08 0
5.8566e+08 0
5.85727e+08 0
5.85783e+08 0
5.86119e+08 0
5.86186e+08 0
5.86242e+08 0
5.86298e+08 0
5.86353e+08 0
5.86365e+08 0
5.86398e+08 0
5.86454e+08 0
5.86476e+08 0
5.86499e+08 0
5.86532e+08 0
5.86577e+08 0
5.86588e+08 0
5.86611e+08 0
5.86622e+08 0
5.8717e+08 0
5.87193e+08 0
5.87215e+08 0
5.8726e+08 0
5.87293e+08 0
5.87304e+08 0
5.87338e+08 0
5.87371e+08 0
5.87416e+08 0
5.87472e+08 0
5.87539e+08 0
5.87584e+08 0
5.87629e+08 0
5.87696e+08 0
5.87718e+08 0
5.87752e+08 0
5.87796e+08 0
5.8783e+08 0
5.87931e+08 0
5.88009e+08 0
5.88042e+08 0
5.88121e+08 0
6.11683e+08 0
6.11694e+08 0
6.11706e+08 0
6.11728e+08 0
6.11773e+08 0
6.11873e+08 0
6.12231e+08 0
6.12265e+08 0
6.12298e+08 0
6.1241e+08 0
6.12477e+08 0
6.12489e+08 0
6.12511e+08 0
6.12556e+08 0
6.12578e+08 0
6.126e+08 0
6.12612e+08 0
6.12634e+08 0
6.12656e+08 0
6.12668e+08 0
6.12679e+08 0
6.13182e+08 0
6.13272e+08 0
6.13283e+08 0
6.13316e+08 0
6.13328e+08 0
6.13361e+08 0
6.13383e+08 0
6.13428e+08 0
6.13462e+08 0
6.13484e+08 0
6.13529e+08 0
6.13573e+08 0
6.13596e+08 0
6.13629e+08 0
6.13685e+08 0
6.13708e+08 0
6.13775e+08 0
6.13898e+08 0
6.14054e+08 0
6.14133e+08 0
6.14189e+08 0
6.142e+08 0
6.14222e+08 0
6.20858e+08 0
6.20903e+08 0
6.20914e+08 0
