464461 0
1.05678e+06 0
1.6491e+06 0
2.24142e+06 0
2.83375e+06 0
3.42609e+06 0
4.01846e+06 0
4.61087e+06 0
5.20335e+06 0
5.796e+06 0
6.38901e+06 0
7.06316e+06 0
7.80121e+06 0
7.83474e+06 0
9.24522e+06 0
9.25639e+06 0
1.12565e+07 0
1.12677e+07 0
1.13012e+07 0
1.36941e+07 0
1.37053e+07 0
1.37164e+07 0
1.375e+07 0
1.62801e+07 0
1.62913e+07 0
1.63248e+07 0
1.63583e+07 0
1.63807e+07 0
1.99591e+07 0
2.0015e+07 0
2.00373e+07 0
2.00597e+07 0
2.0082e+07 0
2.01044e+07 0
2.35824e+07 0
2.36383e+07 0
2.36718e+07 0
2.37165e+07 0
2.37388e+07 0
2.37612e+07 0
2.37724e+07 0
2.78433e+07 0
2.78656e+07 0
2.78768e+07 0
2.78991e+07 0
2.79662e+07 0
2.79997e+07 0
2.80221e+07 0
3.24504e+07 0
3.24616e+07 0
3.24952e+07 0
3.25287e+07 0
3.25622e+07 0
3.26181e+07 0
3.26517e+07 0
3.2674e+07 0
3.77395e+07 0
3.77507e+07 0
3.77619e+07 0
3.77843e+07 0
3.78402e+07 0
3.79184e+07 0
3.80638e+07 0
3.80861e+07 0
3.80973e+07 0
4.37116e+07 0
4.37339e+07 0
4.37675e+07 0
4.37898e+07 0
4.38122e+07 0
4.38681e+07 0
4.3924e+07 0
4.39687e+07 0
4.39799e+07 0
4.39911e+07 0
5.02645e+07 0
5.02869e+07 0
5.03092e+07 0
5.03316e+07 0
5.03428e+07 0
5.0354e+07 0
5.04658e+07 0
5.05217e+07 0
5.05776e+07 0
5.05999e+07 0
5.06111e+07 0
5.71643e+07 0
5.72649e+07 0
5.72873e+07 0
5.72985e+07 0
5.73097e+07 0
5.73209e+07 0
5.74215e+07 0
5.74438e+07 0
5.7455e+07 0
5.74997e+07 0
5.75109e+07 0
5.75444e+07 0
6.47132e+07 0
6.48138e+07 0
6.49033e+07 0
6.49257e+07 0
6.4948e+07 0
6.50822e+07 0
6.5127e+07 0
6.51381e+07 0
6.51605e+07 0
6.5194e+07 0
6.52164e+07 0
6.52388e+07 0
6.52499e+07 0
7.26823e+07 0
7.27047e+07 0
7.29619e+07 0
7.30178e+07 0
7.30402e+07 0
7.31185e+07 0
7.3208e+07 0
7.32304e+07 0
7.32416e+07 0
7.32639e+07 0
7.33533e+07 0
7.33757e+07 0
7.3398e+07 0
7.34315e+07 0
8.13603e+07 0
8.15392e+07 0
8.1707e+07 0
8.17741e+07 0
8.17965e+07 0
8.183e+07 0
8.19195e+07 0
8.19978e+07 0
8.20201e+07 0
8.20425e+07 0
8.2076e+07 0
8.20984e+07 0
8.2132e+07 0
8.21655e+07 0
8.21767e+07 0
9.05217e+07 0
9.08012e+07 0
9.09132e+07 0
9.10138e+07 0
9.1092e+07 0
9.11703e+07 0
9.12934e+07 0
9.13046e+07 0
9.13269e+07 0
9.13381e+07 0
9.13493e+07 0
9.13605e+07 0
9.13717e+07 0
9.13829e+07 0
9.13941e+07 0
9.14053e+07 0
1.00243e+08 0
1.00556e+08 0
1.00836e+08 0
1.00936e+08 0
1.00959e+08 0
1.00981e+08 0
1.01149e+08 0
1.0116e+08 0
1.01171e+08 0
1.01183e+08 0
1.01194e+08 0
1.01205e+08 0
1.01216e+08 0
1.01261e+08 0
1.01283e+08 0
1.01294e+08 0
1.01317e+08 0
1.10811e+08 0
1.10978e+08 0
1.11101e+08 0
1.11291e+08 0
1.11359e+08 0
1.11403e+08 0
1.11593e+08 0
1.11605e+08 0
1.11672e+08 0
1.11705e+08 0
1.11716e+08 0
1.11728e+08 0
1.1175e+08 0
1.11817e+08 0
1.11839e+08 0
1.11862e+08 0
1.11884e+08 0
1.11895e+08 0
1.21703e+08 0
1.21837e+08 0
1.22005e+08 0
1.2224e+08 0
1.22351e+08 0
1.22363e+08 0
1.22609e+08 0
1.2262e+08 0
1.22642e+08 0
1.22665e+08 0
1.22687e+08 0
1.22698e+08 0
1.22732e+08 0
1.22832e+08 0
1.22855e+08 0
1.22888e+08 0
1.22933e+08 0
1.22944e+08 0
1.23e+08 0
1.33325e+08 0
1.33482e+08 0
1.33549e+08 0
1.33795e+08 0
1.33963e+08 0
1.34052e+08 0
1.34097e+08 0
1.34119e+08 0
1.34142e+08 0
1.34153e+08 0
1.34164e+08 0
1.34242e+08 0
1.34254e+08 0
1.34377e+08 0
1.3441e+08 0
1.34433e+08 0
1.345e+08 0
1.34533e+08 0
1.34556e+08 0
1.34623e+08 0
1.45515e+08 0
1.45638e+08 0
1.45728e+08 0
1.45895e+08 0
1.46108e+08 0
1.4613e+08 0
1.46343e+08 0
1.46365e+08 0
1.46387e+08 0
1.46398e+08 0
1.4641e+08 0
1.46432e+08 0
1.46443e+08 0
1.46533e+08 0
1.46566e+08 0
1.46689e+08 0
1.4679e+08 0
1.46823e+08 0
1.46868e+08 0
1.46935e+08 0
1.46946e+08 0
1.58141e+08 0
1.58498e+08 0
1.58521e+08 0
1.58879e+08 0
1.58924e+08 0
1.58946e+08 0
1.59058e+08 0
1.59069e+08 0
1.59102e+08 0
1.59114e+08 0
1.59136e+08 0
1.59181e+08 0
1.59214e+08 0
1.5936e+08 0
1.59393e+08 0
1.5946e+08 0
1.59527e+08 0
1.59561e+08 0
1.59617e+08 0
1.59639e+08 0
1.59662e+08 0
1.59673e+08 0
1.71337e+08 0
1.71426e+08 0
1.71516e+08 0
1.71729e+08 0
1.71751e+08 0
1.71773e+08 0
1.71807e+08 0
1.71818e+08 0
1.71829e+08 0
1.7184e+08 0
1.71852e+08 0
1.71908e+08 0
1.7193e+08 0
1.72098e+08 0
1.72221e+08 0
1.72299e+08 0
1.72433e+08 0
1.72455e+08 0
1.72478e+08 0
1.72645e+08 0
1.72679e+08 0
1.72701e+08 0
1.84813e+08 0
1.84846e+08 0
1.84913e+08 0
1.85036e+08 0
1.85249e+08 0
1.85271e+08 0
1.85282e+08 0
1.85517e+08 0
1.85551e+08 0
1.85573e+08 0
1.85607e+08 0
1.85629e+08 0
1.85651e+08 0
1.85685e+08 0
1.8592e+08 0
1.86076e+08 0
1.8611e+08 0
1.86132e+08 0
1.86143e+08 0
1.86188e+08 0
1.86289e+08 0
1.86311e+08 0
1.86367e+08 0
1.98803e+08 0
1.98836e+08 0
1.98848e+08 0
1.99015e+08 0
1.99138e+08 0
1.99418e+08 0
1.9944e+08 0
1.99496e+08 0
1.99697e+08 0
1.99709e+08 0
1.99731e+08 0
1.99753e+08 0
1.99798e+08 0
1.99843e+08 0
1.99876e+08 0
2.00122e+08 0
2.00323e+08 0
2.00379e+08 0
2.00424e+08 0
2.00458e+08 0
2.00491e+08 0
2.00581e+08 0
2.00603e+08 0
2.00614e+08 0
2.13453e+08 0
2.13475e+08 0
2.13486e+08 0
2.13665e+08 0
2.13699e+08 0
2.13945e+08 0
2.14258e+08 0
2.14291e+08 0
2.14336e+08 0
2.1456e+08 0
2.14593e+08 0
2.14627e+08 0
2.14638e+08 0
2.1466e+08 0
2.14705e+08 0
2.14727e+08 0
2.14862e+08 0
2.15141e+08 0
2.15163e+08 0
2.15186e+08 0
2.1523e+08 0
2.15242e+08 0
2.15286e+08 0
2.1532e+08 0
2.15365e+08 0
2.28796e+08 0
2.28818e+08 0
2.2883e+08 0
2.28919e+08 0
2.28975e+08 0
2.29031e+08 0
2.29377e+08 0
2.29578e+08 0
2.29601e+08 0
2.29724e+08 0
2.29892e+08 0
2.29903e+08 0
2.2997e+08 0
2.30026e+08 0
2.30048e+08 0
2.30126e+08 0
2.30149e+08 0
2.3016e+08 0
2.30428e+08 0
2.30451e+08 0
2.30473e+08 0
2.3054e+08 0
2.30574e+08 0
2.30663e+08 0
2.30685e+08 0
2.30719e+08 0
2.44654e+08 0
2.44698e+08 0
2.44743e+08 0
2.44821e+08 0
2.449e+08 0
2.44967e+08 0
2.45336e+08 0
2.45347e+08 0
2.45481e+08 0
2.45537e+08 0
2.45682e+08 0
2.4585e+08 0
2.45861e+08 0
2.45939e+08 0
2.45984e+08 0
2.45995e+08 0
2.46107e+08 0
2.46118e+08 0
2.46129e+08 0
2.46319e+08 0
2.46342e+08 0
2.46353e+08 0
2.46364e+08 0
2.46487e+08 0
2.4651e+08 0
2.46565e+08 0
2.46856e+08 0
2.61003e+08 0
2.61026e+08 0
2.61071e+08 0
2.61126e+08 0
2.61182e+08 0
2.61283e+08 0
2.61786e+08 0
2.61853e+08 0
2.61875e+08 0
2.62054e+08 0
2.62077e+08 0
2.62267e+08 0
2.62412e+08 0
2.62434e+08 0
2.62535e+08 0
2.62569e+08 0
2.6258e+08 0
2.62781e+08 0
2.62803e+08 0
2.62815e+08 0
2.62837e+08 0
2.6287e+08 0
2.62882e+08 0
2.62893e+08 0
2.62949e+08 0
2.63105e+08 0
2.63161e+08 0
2.63329e+08 0
2.77946e+08 0
2.77979e+08 0
2.78035e+08 0
2.78069e+08 0
2.78091e+08 0
2.78248e+08 0
2.78728e+08 0
2.78751e+08 0
2.78795e+08 0
2.79153e+08 0
2.79164e+08 0
2.79209e+08 0
2.79377e+08 0
2.79556e+08 0
2.79567e+08 0
2.79623e+08 0
2.79634e+08 0
2.79645e+08 0
2.79846e+08 0
2.79869e+08 0
2.7988e+08 0
2.79902e+08 0
2.79914e+08 0
2.79925e+08 0
2.79947e+08 0
2.80193e+08 0
2.80249e+08 0
2.80282e+08 0
2.80461e+08 0
2.95574e+08 0
2.95596e+08 0
2.95618e+08 0
2.95641e+08 0
2.95674e+08 0
2.95831e+08 0
2.96267e+08 0
2.96356e+08 0
2.96367e+08 0
2.96904e+08 0
2.96938e+08 0
2.9696e+08 0
2.97016e+08 0
2.97061e+08 0
2.97273e+08 0
2.97284e+08 0
2.97295e+08 0
2.97307e+08 0
2.97407e+08 0
2.9762e+08 0
2.97642e+08 0
2.97664e+08 0
2.97675e+08 0
2.97687e+08 0
2.97698e+08 0
2.97709e+08 0
2.97944e+08 0
2.97989e+08 0
2.98e+08 0
2.98212e+08 0
3.13702e+08 0
3.13746e+08 0
3.1378e+08 0
3.13802e+08 0
3.13813e+08 0
3.14048e+08 0
3.14484e+08 0
3.14585e+08 0
3.14618e+08 0
3.15155e+08 0
3.15188e+08 0
3.15278e+08 0
3.153e+08 0
3.15311e+08 0
3.15457e+08 0
3.15557e+08 0
3.15569e+08 0
3.15591e+08 0
3.15625e+08 0
3.15882e+08 0
3.15949e+08 0
3.1596e+08 0
3.15971e+08 0
3.15982e+08 0
3.16027e+08 0
3.16038e+08 0
3.16049e+08 0
3.16295e+08 0
3.16351e+08 0
3.16396e+08 0
3.16541e+08 0
3.32538e+08 0
3.32549e+08 0
3.3256e+08 0
3.32593e+08 0
3.32616e+08 0
3.32873e+08 0
3.33398e+08 0
3.33521e+08 0
3.33566e+08 0
3.3398e+08 0
3.34024e+08 0
3.34092e+08 0
3.34136e+08 0
3.34192e+08 0
3.34226e+08 0
3.34315e+08 0
3.34427e+08 0
3.34438e+08 0
3.34472e+08 0
3.34528e+08 0
3.34706e+08 0
3.34796e+08 0
3.34818e+08 0
3.34841e+08 0
3.34863e+08 0
3.34885e+08 0
3.34896e+08 0
3.3493e+08 0
3.35232e+08 0
3.35277e+08 0
3.3531e+08 0
3.35467e+08 0
3.5184e+08 0
3.51851e+08 0
3.51862e+08 0
3.51873e+08 0
3.51895e+08 0
3.52197e+08 0
3.52712e+08 0
3.52913e+08 0
3.52935e+08 0
3.53293e+08 0
3.53327e+08 0
3.53405e+08 0
3.53438e+08 0
3.53461e+08 0
3.53472e+08 0
3.53707e+08 0
3.53718e+08 0
3.53852e+08 0
3.53874e+08 0
3.53897e+08 0
3.54087e+08 0
3.54266e+08 0
3.54377e+08 0
3.54411e+08 0
3.54445e+08 0
3.54478e+08 0
3.545e+08 0
3.54534e+08 0
3.54556e+08 0
3.54769e+08 0
3.54791e+08 0
3.54813e+08 0
3.54914e+08 0
3.71779e+08 0
3.71813e+08 0
3.71824e+08 0
3.71835e+08 0
3.71868e+08 0
3.72137e+08 0
3.72875e+08 0
3.72931e+08 0
3.72987e+08 0
3.73221e+08 0
3.73255e+08 0
3.73479e+08 0
3.73501e+08 0
3.73512e+08 0
3.73534e+08 0
3.73613e+08 0
3.73646e+08 0
3.73669e+08 0
3.73881e+08 0
3.73892e+08 0
3.73904e+08 0
3.74272e+08 0
3.74462e+08 0
3.74474e+08 0
3.74641e+08 0
3.74664e+08 0
3.74697e+08 0
3.74719e+08 0
3.74742e+08 0
3.74764e+08 0
3.74854e+08 0
3.74876e+08 0
3.74898e+08 0
3.74977e+08 0
3.92278e+08 0
3.92289e+08 0
3.92311e+08 0
3.92356e+08 0
3.9239e+08 0
3.92803e+08 0
3.93485e+08 0
3.93586e+08 0
3.9362e+08 0
3.93676e+08 0
3.93698e+08 0
3.93944e+08 0
3.93977e+08 0
3.94e+08 0
3.94033e+08 0
3.94056e+08 0
3.941e+08 0
3.94112e+08 0
3.94514e+08 0
3.94536e+08 0
3.94559e+08 0
3.94682e+08 0
3.9514e+08 0
3.95185e+08 0
3.95263e+08 0
3.95274e+08 0
3.95296e+08 0
3.95352e+08 0
3.95419e+08 0
3.95431e+08 0
3.95442e+08 0
3.95509e+08 0
3.9552e+08 0
3.95542e+08 0
3.95632e+08 0
4.13358e+08 0
4.13381e+08 0
4.13403e+08 0
4.13425e+08 0
4.13448e+08 0
4.13973e+08 0
4.147e+08 0
4.14722e+08 0
4.14756e+08 0
4.14845e+08 0
4.1489e+08 0
4.15035e+08 0
4.15047e+08 0
4.15069e+08 0
4.1508e+08 0
4.15091e+08 0
4.15114e+08 0
4.15136e+08 0
4.15639e+08 0
4.15684e+08 0
4.15695e+08 0
4.15818e+08 0
4.16097e+08 0
4.16578e+08 0
4.166e+08 0
4.16623e+08 0
4.16634e+08 0
4.16656e+08 0
4.16667e+08 0
4.16679e+08 0
4.16701e+08 0
4.16712e+08 0
4.16757e+08 0
4.16802e+08 0
4.16824e+08 0
4.16858e+08 0
4.35121e+08 0
4.35143e+08 0
4.35165e+08 0
4.35177e+08 0
4.35199e+08 0
4.35568e+08 0
4.36574e+08 0
4.36619e+08 0
4.36641e+08 0
4.36653e+08 0
4.36675e+08 0
4.3672e+08 0
4.36764e+08 0
4.36798e+08 0
4.36809e+08 0
4.36831e+08 0
4.36843e+08 0
4.36854e+08 0
4.37647e+08 0
4.3767e+08 0
4.37681e+08 0
4.37692e+08 0
4.37703e+08 0
4.37871e+08 0
4.38285e+08 0
4.38307e+08 0
4.38374e+08 0
4.38463e+08 0
4.38486e+08 0
4.38497e+08 0
4.38508e+08 0
4.38519e+08 0
4.3853e+08 0
4.38609e+08 0
4.38642e+08 0
4.38665e+08 0
4.38687e+08 0
4.57533e+08 0
4.57544e+08 0
4.57555e+08 0
4.57566e+08 0
4.576e+08 0
4.57835e+08 0
4.58908e+08 0
4.58975e+08 0
4.5902e+08 0
4.59053e+08 0
4.59087e+08 0
4.59109e+08 0
4.59143e+08 0
4.59154e+08 0
4.59176e+08 0
4.59199e+08 0
4.5921e+08 0
4.59243e+08 0
4.60026e+08 0
4.60037e+08 0
4.60048e+08 0
4.6006e+08 0
4.60082e+08 0
4.60093e+08 0
4.6035e+08 0
4.60495e+08 0
4.60507e+08 0
4.6063e+08 0
4.60864e+08 0
4.60943e+08 0
4.60954e+08 0
4.60965e+08 0
4.60987e+08 0
4.60998e+08 0
4.61088e+08 0
4.61099e+08 0
4.61133e+08 0
4.61155e+08 0
4.80472e+08 0
4.80505e+08 0
4.80539e+08 0
4.80595e+08 0
4.80628e+08 0
4.80964e+08 0
4.81747e+08 0
4.81791e+08 0
4.81836e+08 0
4.81903e+08 0
4.81937e+08 0
4.81981e+08 0
4.82026e+08 0
4.82093e+08 0
4.82149e+08 0
4.8216e+08 0
4.82205e+08 0
4.82272e+08 0
4.83066e+08 0
4.83088e+08 0
4.83122e+08 0
4.83133e+08 0
4.83144e+08 0
4.83166e+08 0
4.83177e+08 0
4.83312e+08 0
4.83558e+08 0
4.83569e+08 0
4.8358e+08 0
4.83915e+08 0
4.8396e+08 0
4.84016e+08 0
4.84027e+08 0
4.84072e+08 0
4.84094e+08 0
4.84116e+08 0
4.84128e+08 0
4.84172e+08 0
4.84262e+08 0
5.04099e+08 0
5.04122e+08 0
5.04133e+08 0
5.04144e+08 0
5.04166e+08 0
5.04658e+08 0
5.05162e+08 0
5.05184e+08 0
5.05218e+08 0
5.05408e+08 0
5.0543e+08 0
5.05452e+08 0
5.05475e+08 0
5.05497e+08 0
5.05553e+08 0
5.05587e+08 0
5.05642e+08 0
5.05732e+08 0
5.06682e+08 0
5.06727e+08 0
5.0676e+08 0
5.06783e+08 0
5.06838e+08 0
5.06861e+08 0
5.06872e+08 0
5.0695e+08 0
5.06973e+08 0
5.07017e+08 0
5.0704e+08 0
5.07062e+08 0
5.07599e+08 0
5.07621e+08 0
5.07632e+08 0
5.07643e+08 0
5.07655e+08 0
5.07677e+08 0
5.07722e+08 0
5.07744e+08 0
5.07822e+08 0
5.07889e+08 0
5.28266e+08 0
5.28277e+08 0
5.28289e+08 0
5.283e+08 0
5.28356e+08 0
5.28948e+08 0
5.29485e+08 0
5.2953e+08 0
5.29541e+08 0
5.29675e+08 0
5.29698e+08 0
5.29709e+08 0
5.29731e+08 0
5.29742e+08 0
5.29753e+08 0
5.29854e+08 0
5.29876e+08 0
5.29899e+08 0
5.30871e+08 0
5.30916e+08 0
5.30927e+08 0
5.3095e+08 0
5.30983e+08 0
5.30994e+08 0
5.31084e+08 0
5.31173e+08 0
5.31195e+08 0
5.31207e+08 0
5.31218e+08 0
5.31229e+08 0
5.31263e+08 0
5.31844e+08 0
5.31866e+08 0
5.31877e+08 0
5.31911e+08 0
5.31922e+08 0
5.31933e+08 0
5.31944e+08 0
5.31967e+08 0
5.32023e+08 0
5.32067e+08 0
5.53294e+08 0
5.53327e+08 0
5.53361e+08 0
5.53383e+08 0
5.5345e+08 0
5.53875e+08 0
5.54423e+08 0
5.54446e+08 0
5.54468e+08 0
5.54513e+08 0
5.54524e+08 0
5.54535e+08 0
5.5458e+08 0
5.54692e+08 0
5.54703e+08 0
5.54736e+08 0
5.54792e+08 0
5.54937e+08 0
5.55563e+08 0
5.55586e+08 0
5.55597e+08 0
5.55608e+08 0
5.55698e+08 0
5.55754e+08 0
5.55765e+08 0
5.56201e+08 0
5.56212e+08 0
5.56223e+08 0
5.56234e+08 0
5.56245e+08 0
5.56257e+08 0
5.56268e+08 0
5.56737e+08 0
5.56748e+08 0
5.56838e+08 0
5.56849e+08 0
5.5686e+08 0
5.56871e+08 0
5.5695e+08 0
5.56961e+08 0
5.56994e+08 0
5.57062e+08 0
5.78935e+08 0
5.7898e+08 0
5.79013e+08 0
5.79036e+08 0
5.7908e+08 0
5.79416e+08 0
5.79729e+08 0
5.7974e+08 0
5.79774e+08 0
5.79841e+08 0
5.79874e+08 0
5.79885e+08 0
5.79897e+08 0
5.80076e+08 0
5.80087e+08 0
5.8012e+08 0
5.80131e+08 0
5.80232e+08 0
5.80802e+08 0
5.80847e+08 0
5.80903e+08 0
5.80948e+08 0
5.80992e+08 0
5.81037e+08 0
5.81048e+08 0
5.81428e+08 0
5.81439e+08 0
5.81462e+08 0
5.81495e+08 0
5.81518e+08 0
5.81529e+08 0
5.81551e+08 0
5.81574e+08 0
5.82043e+08 0
5.82077e+08 0
5.82133e+08 0
5.82166e+08 0
5.822e+08 0
5.82222e+08 0
5.82255e+08 0
5.82289e+08 0
5.82334e+08 0
5.82457e+08 0
6.05049e+08 0
6.05094e+08 0
6.05105e+08 0
6.05139e+08 0
6.05172e+08 0
6.0525e+08 0
6.05642e+08 0
6.05698e+08 0
6.05731e+08 0
6.05754e+08 0
6.05776e+08 0
6.05787e+08 0
6.05798e+08 0
6.05988e+08 0
6.06e+08 0
6.06033e+08 0
6.06067e+08 0
6.06145e+08 0
6.0676e+08 0
6.06771e+08 0
6.06794e+08 0
6.06816e+08 0
6.06905e+08 0
6.06928e+08 0
6.06939e+08 0
6.0733e+08 0
6.07364e+08 0
6.07386e+08 0
6.07408e+08 0
6.07419e+08 0
6.07442e+08 0
6.07453e+08 0
6.07464e+08 0
6.07498e+08 0
6.08124e+08 0
6.08157e+08 0
6.08168e+08 0
6.08191e+08 0
6.08202e+08 0
6.08224e+08 0
6.08236e+08 0
6.08258e+08 0
6.0828e+08 0
6.08493e+08 0
6.16828e+08 0
6.16839e+08 0
6.1685e+08 0
