288985 0
902686 0
1.49501e+06 0
2.08841e+06 0
2.68074e+06 0
3.27308e+06 0
3.86543e+06 0
4.45783e+06 0
5.05031e+06 0
5.64297e+06 0
6.23598e+06 0
6.9079e+06 0
7.72405e+06 0
7.73523e+06 0
9.95716e+06 0
1.00466e+07 0
1.12743e+07 0
1.12855e+07 0
1.1319e+07 0
1.45686e+07 0
1.46021e+07 0
1.46356e+07 0
1.46804e+07 0
1.72306e+07 0
1.73424e+07 0
1.73871e+07 0
1.74877e+07 0
1.75324e+07 0
2.10226e+07 0
2.10785e+07 0
2.11232e+07 0
2.11679e+07 0
2.12126e+07 0
2.12797e+07 0
2.47336e+07 0
2.47783e+07 0
2.49236e+07 0
2.49571e+07 0
2.50018e+07 0
2.50354e+07 0
2.50689e+07 0
2.92205e+07 0
2.93099e+07 0
2.93658e+07 0
2.94105e+07 0
2.95e+07 0
2.96341e+07 0
2.969e+07 0
3.3839e+07 0
3.3906e+07 0
3.39619e+07 0
3.39843e+07 0
3.39954e+07 0
3.4152e+07 0
3.41631e+07 0
3.42749e+07 0
3.89692e+07 0
3.89916e+07 0
3.90251e+07 0
3.90475e+07 0
3.90698e+07 0
3.91593e+07 0
3.94723e+07 0
3.9517e+07 0
3.96511e+07 0
4.4519e+07 0
4.45749e+07 0
4.4709e+07 0
4.47537e+07 0
4.47985e+07 0
4.4832e+07 0
4.50444e+07 0
4.52791e+07 0
4.54021e+07 0
4.55251e+07 0
5.06681e+07 0
5.06792e+07 0
5.0914e+07 0
5.12045e+07 0
5.13387e+07 0
5.1361e+07 0
5.13946e+07 0
5.15734e+07 0
5.16516e+07 0
5.17411e+07 0
5.17746e+07 0
5.75136e+07 0
5.75471e+07 0
5.77706e+07 0
5.78601e+07 0
5.82177e+07 0
5.82736e+07 0
5.8296e+07 0
5.83295e+07 0
5.85083e+07 0
5.85866e+07 0
5.87095e+07 0
5.87654e+07 0
6.43563e+07 0
6.48257e+07 0
6.5094e+07 0
6.51387e+07 0
6.57087e+07 0
6.5731e+07 0
6.57534e+07 0
6.57981e+07 0
6.5854e+07 0
6.60887e+07 0
6.61334e+07 0
6.64352e+07 0
6.648e+07 0
7.16578e+07 0
7.20042e+07 0
7.22501e+07 0
7.2306e+07 0
7.26525e+07 0
7.27642e+07 0
7.28872e+07 0
7.31219e+07 0
7.33454e+07 0
7.3379e+07 0
7.40943e+07 0
7.4139e+07 0
7.45079e+07 0
7.47427e+07 0
8.05439e+07 0
8.07674e+07 0
8.09239e+07 0
8.10469e+07 0
8.11139e+07 0
8.12368e+07 0
8.13598e+07 0
8.15274e+07 0
8.16168e+07 0
8.17174e+07 0
8.20974e+07 0
8.21868e+07 0
8.22762e+07 0
8.30587e+07 0
8.32153e+07 0
8.97587e+07 0
9.01275e+07 0
9.0217e+07 0
9.03958e+07 0
9.04963e+07 0
9.05522e+07 0
9.0664e+07 0
9.09211e+07 0
9.10216e+07 0
9.11222e+07 0
9.13234e+07 0
9.14799e+07 0
9.15357e+07 0
9.16028e+07 0
9.24411e+07 0
9.25082e+07 0
9.95551e+07 0
9.97339e+07 0
9.97898e+07 0
9.98345e+07 0
9.99127e+07 0
9.99798e+07 0
1.00069e+08 0
1.00483e+08 0
1.00639e+08 0
1.00762e+08 0
1.00907e+08 0
1.01053e+08 0
1.01142e+08 0
1.01232e+08 0
1.01343e+08 0
1.02204e+08 0
1.02305e+08 0
1.10161e+08 0
1.10228e+08 0
1.10295e+08 0
1.10384e+08 0
1.10462e+08 0
1.10574e+08 0
1.10675e+08 0
1.10809e+08 0
1.1091e+08 0
1.1101e+08 0
1.11111e+08 0
1.11234e+08 0
1.11379e+08 0
1.11468e+08 0
1.11547e+08 0
1.11658e+08 0
1.12631e+08 0
1.1281e+08 0
1.20808e+08 0
1.20908e+08 0
1.21031e+08 0
1.2121e+08 0
1.213e+08 0
1.21501e+08 0
1.22082e+08 0
1.22171e+08 0
1.22272e+08 0
1.2235e+08 0
1.22462e+08 0
1.22585e+08 0
1.22674e+08 0
1.22741e+08 0
1.2282e+08 0
1.2292e+08 0
1.23077e+08 0
1.23155e+08 0
1.23468e+08 0
1.32512e+08 0
1.32579e+08 0
1.32702e+08 0
1.32758e+08 0
1.32836e+08 0
1.33205e+08 0
1.33685e+08 0
1.33719e+08 0
1.33775e+08 0
1.33853e+08 0
1.33931e+08 0
1.33998e+08 0
1.34088e+08 0
1.34155e+08 0
1.34267e+08 0
1.34345e+08 0
1.34602e+08 0
1.34658e+08 0
1.34714e+08 0
1.34859e+08 0
1.4409e+08 0
1.44169e+08 0
1.44593e+08 0
1.4466e+08 0
1.45029e+08 0
1.45767e+08 0
1.45868e+08 0
1.45946e+08 0
1.45979e+08 0
1.46046e+08 0
1.46113e+08 0
1.46169e+08 0
1.46236e+08 0
1.46337e+08 0
1.46404e+08 0
1.46471e+08 0
1.46795e+08 0
1.46941e+08 0
1.46963e+08 0
1.46996e+08 0
1.4703e+08 0
1.56616e+08 0
1.5665e+08 0
1.56694e+08 0
1.56784e+08 0
1.57868e+08 0
1.58583e+08 0
1.58662e+08 0
1.58818e+08 0
1.58874e+08 0
1.58941e+08 0
1.58997e+08 0
1.59064e+08 0
1.59142e+08 0
1.59176e+08 0
1.59198e+08 0
1.59232e+08 0
1.59679e+08 0
1.59858e+08 0
1.59925e+08 0
1.59981e+08 0
1.60081e+08 0
1.60159e+08 0
1.69455e+08 0
1.69522e+08 0
1.69578e+08 0
1.69622e+08 0
1.70483e+08 0
1.71433e+08 0
1.71846e+08 0
1.71914e+08 0
1.72003e+08 0
1.72081e+08 0
1.72115e+08 0
1.72126e+08 0
1.72159e+08 0
1.72227e+08 0
1.72294e+08 0
1.72361e+08 0
1.7283e+08 0
1.7292e+08 0
1.72976e+08 0
1.7302e+08 0
1.73098e+08 0
1.73199e+08 0
1.82751e+08 0
1.82852e+08 0
1.82874e+08 0
1.8293e+08 0
1.8302e+08 0
1.83835e+08 0
1.84115e+08 0
1.8511e+08 0
1.85355e+08 0
1.85389e+08 0
1.85523e+08 0
1.85668e+08 0
1.85702e+08 0
1.85735e+08 0
1.85747e+08 0
1.85881e+08 0
1.85981e+08 0
1.86373e+08 0
1.86406e+08 0
1.8663e+08 0
1.86719e+08 0
1.87099e+08 0
1.87278e+08 0
1.96662e+08 0
1.96707e+08 0
1.96741e+08 0
1.9683e+08 0
1.97188e+08 0
1.97288e+08 0
1.98149e+08 0
1.98562e+08 0
1.99032e+08 0
1.99378e+08 0
1.99423e+08 0
1.99691e+08 0
1.99714e+08 0
1.99837e+08 0
1.99881e+08 0
1.99892e+08 0
2.00116e+08 0
2.00138e+08 0
2.00485e+08 0
2.00574e+08 0
2.01122e+08 0
2.01178e+08 0
2.01536e+08 0
2.01748e+08 0
2.1118e+08 0
2.11202e+08 0
2.11381e+08 0
2.11862e+08 0
2.11985e+08 0
2.12342e+08 0
2.12521e+08 0
2.13091e+08 0
2.13236e+08 0
2.13359e+08 0
2.13717e+08 0
2.13806e+08 0
2.14421e+08 0
2.14432e+08 0
2.14533e+08 0
2.14555e+08 0
2.14578e+08 0
2.14812e+08 0
2.14846e+08 0
2.15472e+08 0
2.1555e+08 0
2.16154e+08 0
2.16232e+08 0
2.16388e+08 0
2.16701e+08 0
2.26612e+08 0
2.2669e+08 0
2.2688e+08 0
2.27059e+08 0
2.27304e+08 0
2.27394e+08 0
2.27718e+08 0
2.27852e+08 0
2.28187e+08 0
2.28255e+08 0
2.28411e+08 0
2.28646e+08 0
2.28914e+08 0
2.29529e+08 0
2.29808e+08 0
2.29909e+08 0
2.29987e+08 0
2.30054e+08 0
2.30244e+08 0
2.30311e+08 0
2.31004e+08 0
2.31071e+08 0
2.31462e+08 0
2.31563e+08 0
2.31652e+08 0
2.32111e+08 0
2.4229e+08 0
2.42357e+08 0
2.42637e+08 0
2.42704e+08 0
2.43106e+08 0
2.4314e+08 0
2.4352e+08 0
2.43576e+08 0
2.43688e+08 0
2.43989e+08 0
2.44068e+08 0
2.44369e+08 0
2.44861e+08 0
2.44962e+08 0
2.45319e+08 0
2.45867e+08 0
2.459e+08 0
2.46023e+08 0
2.46057e+08 0
2.46605e+08 0
2.46649e+08 0
2.46996e+08 0
2.47286e+08 0
2.47488e+08 0
2.47599e+08 0
2.47678e+08 0
2.48248e+08 0
2.5864e+08 0
2.58729e+08 0
2.59165e+08 0
2.59221e+08 0
2.59322e+08 0
2.59367e+08 0
2.59858e+08 0
2.59914e+08 0
2.59981e+08 0
2.60037e+08 0
2.60406e+08 0
2.6054e+08 0
2.61635e+08 0
2.62027e+08 0
2.62105e+08 0
2.62172e+08 0
2.6244e+08 0
2.62462e+08 0
2.62787e+08 0
2.62965e+08 0
2.63267e+08 0
2.63301e+08 0
2.63725e+08 0
2.64061e+08 0
2.64117e+08 0
2.64295e+08 0
2.6434e+08 0
2.64933e+08 0
2.75297e+08 0
2.75487e+08 0
2.75923e+08 0
2.75968e+08 0
2.76046e+08 0
2.76169e+08 0
2.76504e+08 0
2.76549e+08 0
2.76594e+08 0
2.7665e+08 0
2.76739e+08 0
2.7722e+08 0
2.77287e+08 0
2.78997e+08 0
2.79075e+08 0
2.79164e+08 0
2.79231e+08 0
2.79612e+08 0
2.79835e+08 0
2.79958e+08 0
2.80282e+08 0
2.80707e+08 0
2.80752e+08 0
2.80841e+08 0
2.80908e+08 0
2.80986e+08 0
2.8131e+08 0
2.814e+08 0
2.82205e+08 0
2.92978e+08 0
2.93023e+08 0
2.9338e+08 0
2.93425e+08 0
2.93459e+08 0
2.93693e+08 0
2.93839e+08 0
2.93883e+08 0
2.93917e+08 0
2.94286e+08 0
2.94341e+08 0
2.94397e+08 0
2.94531e+08 0
2.94643e+08 0
2.96644e+08 0
2.96756e+08 0
2.96823e+08 0
2.96912e+08 0
2.97382e+08 0
2.97493e+08 0
2.97549e+08 0
2.9794e+08 0
2.97996e+08 0
2.98052e+08 0
2.9841e+08 0
2.98488e+08 0
2.98566e+08 0
2.98991e+08 0
2.99147e+08 0
3.00098e+08 0
3.10938e+08 0
3.1096e+08 0
3.11508e+08 0
3.1153e+08 0
3.11563e+08 0
3.11653e+08 0
3.11709e+08 0
3.11832e+08 0
3.11899e+08 0
3.12279e+08 0
3.12346e+08 0
3.12525e+08 0
3.12771e+08 0
3.12838e+08 0
3.12927e+08 0
3.14469e+08 0
3.14615e+08 0
3.14738e+08 0
3.15196e+08 0
3.15464e+08 0
3.15621e+08 0
3.15699e+08 0
3.15777e+08 0
3.15822e+08 0
3.159e+08 0
3.15978e+08 0
3.16056e+08 0
3.16146e+08 0
3.17141e+08 0
3.17308e+08 0
3.18392e+08 0
3.29499e+08 0
3.29602e+08 0
3.30105e+08 0
3.3015e+08 0
3.30183e+08 0
3.30195e+08 0
3.30251e+08 0
3.30374e+08 0
3.30631e+08 0
3.30754e+08 0
3.30832e+08 0
3.31022e+08 0
3.31167e+08 0
3.31256e+08 0
3.31357e+08 0
3.31446e+08 0
3.33101e+08 0
3.33224e+08 0
3.33648e+08 0
3.3376e+08 0
3.3414e+08 0
3.34207e+08 0
3.34274e+08 0
3.34386e+08 0
3.34464e+08 0
3.34654e+08 0
3.3471e+08 0
3.34799e+08 0
3.34844e+08 0
3.35246e+08 0
3.35336e+08 0
3.37146e+08 0
3.48664e+08 0
3.48944e+08 0
3.4938e+08 0
3.49402e+08 0
3.49425e+08 0
3.49458e+08 0
3.49525e+08 0
3.49682e+08 0
3.49905e+08 0
3.49984e+08 0
3.50308e+08 0
3.50408e+08 0
3.50587e+08 0
3.50632e+08 0
3.50699e+08 0
3.50833e+08 0
3.509e+08 0
3.52241e+08 0
3.52264e+08 0
3.52565e+08 0
3.52923e+08 0
3.53314e+08 0
3.5337e+08 0
3.53459e+08 0
3.53717e+08 0
3.53907e+08 0
3.53996e+08 0
3.54041e+08 0
3.54219e+08 0
3.54253e+08 0
3.54342e+08 0
3.54409e+08 0
3.56119e+08 0
3.6851e+08 0
3.68711e+08 0
3.69024e+08 0
3.69293e+08 0
3.69382e+08 0
3.69427e+08 0
3.69438e+08 0
3.69527e+08 0
3.69762e+08 0
3.69818e+08 0
3.70232e+08 0
3.7031e+08 0
3.70388e+08 0
3.70522e+08 0
3.706e+08 0
3.7069e+08 0
3.7079e+08 0
3.70913e+08 0
3.72076e+08 0
3.7212e+08 0
3.72433e+08 0
3.72601e+08 0
3.73294e+08 0
3.73439e+08 0
3.73506e+08 0
3.73775e+08 0
3.73842e+08 0
3.73909e+08 0
3.74032e+08 0
3.74099e+08 0
3.74255e+08 0
3.74367e+08 0
3.74445e+08 0
3.76177e+08 0
3.88979e+08 0
3.89102e+08 0
3.89292e+08 0
3.89516e+08 0
3.8956e+08 0
3.89583e+08 0
3.89639e+08 0
3.89829e+08 0
3.9022e+08 0
3.90354e+08 0
3.90488e+08 0
3.90633e+08 0
3.91036e+08 0
3.91103e+08 0
3.91192e+08 0
3.91293e+08 0
3.91539e+08 0
3.91639e+08 0
3.91762e+08 0
3.91874e+08 0
3.92142e+08 0
3.93126e+08 0
3.93171e+08 0
3.93986e+08 0
3.94121e+08 0
3.94165e+08 0
3.944e+08 0
3.94445e+08 0
3.94523e+08 0
3.94769e+08 0
3.94847e+08 0
3.94948e+08 0
3.95015e+08 0
3.95093e+08 0
3.97228e+08 0
4.09869e+08 0
4.10059e+08 0
4.10138e+08 0
4.10384e+08 0
4.10417e+08 0
4.10428e+08 0
4.10451e+08 0
4.10585e+08 0
4.11054e+08 0
4.11233e+08 0
4.11468e+08 0
4.11669e+08 0
4.11971e+08 0
4.12049e+08 0
4.12172e+08 0
4.12273e+08 0
4.12373e+08 0
4.12496e+08 0
4.12641e+08 0
4.12798e+08 0
4.12898e+08 0
4.13211e+08 0
4.14016e+08 0
4.14184e+08 0
4.15201e+08 0
4.15402e+08 0
4.15536e+08 0
4.15771e+08 0
4.15782e+08 0
4.1586e+08 0
4.15927e+08 0
4.15983e+08 0
4.1605e+08 0
4.16151e+08 0
4.16251e+08 0
4.18252e+08 0
4.31453e+08 0
4.31576e+08 0
4.3171e+08 0
4.31867e+08 0
4.319e+08 0
4.31934e+08 0
4.31967e+08 0
4.32001e+08 0
4.32515e+08 0
4.32604e+08 0
4.32805e+08 0
4.32995e+08 0
4.3323e+08 0
4.33286e+08 0
4.33331e+08 0
4.33599e+08 0
4.33789e+08 0
4.33834e+08 0
4.3389e+08 0
4.33946e+08 0
4.34057e+08 0
4.3418e+08 0
4.3427e+08 0
4.35521e+08 0
4.356e+08 0
4.3684e+08 0
4.37354e+08 0
4.37421e+08 0
4.37667e+08 0
4.37712e+08 0
4.37824e+08 0
4.37902e+08 0
4.38316e+08 0
4.38383e+08 0
4.38416e+08 0
4.38461e+08 0
4.40115e+08 0
4.53562e+08 0
4.53674e+08 0
4.53786e+08 0
4.5411e+08 0
4.54132e+08 0
4.54166e+08 0
4.54188e+08 0
4.54211e+08 0
4.54244e+08 0
4.54356e+08 0
4.54568e+08 0
4.54971e+08 0
4.55105e+08 0
4.5525e+08 0
4.55418e+08 0
4.55552e+08 0
4.55641e+08 0
4.55652e+08 0
4.55697e+08 0
4.56021e+08 0
4.56088e+08 0
4.56178e+08 0
4.56289e+08 0
4.56401e+08 0
4.5734e+08 0
4.57698e+08 0
4.58413e+08 0
4.59631e+08 0
4.59698e+08 0
4.60101e+08 0
4.60369e+08 0
4.60503e+08 0
4.60559e+08 0
4.6066e+08 0
4.60693e+08 0
4.60738e+08 0
4.60782e+08 0
4.62839e+08 0
4.76301e+08 0
4.76346e+08 0
4.76536e+08 0
4.76726e+08 0
4.76782e+08 0
4.76826e+08 0
4.76882e+08 0
4.76938e+08 0
4.76972e+08 0
4.77005e+08 0
4.77195e+08 0
4.77285e+08 0
4.77408e+08 0
4.77721e+08 0
4.78212e+08 0
4.78268e+08 0
4.78447e+08 0
4.78503e+08 0
4.78559e+08 0
4.78738e+08 0
4.78816e+08 0
4.79017e+08 0
4.79095e+08 0
4.79196e+08 0
4.79308e+08 0
4.79531e+08 0
4.79844e+08 0
4.80492e+08 0
4.82314e+08 0
4.82348e+08 0
4.83029e+08 0
4.8332e+08 0
4.83454e+08 0
4.83488e+08 0
4.83521e+08 0
4.83756e+08 0
4.83834e+08 0
4.83924e+08 0
4.86148e+08 0
4.99585e+08 0
4.99708e+08 0
4.99853e+08 0
4.9992e+08 0
4.99999e+08 0
5.00032e+08 0
5.00066e+08 0
5.00144e+08 0
5.00278e+08 0
5.003e+08 0
5.00468e+08 0
5.00558e+08 0
5.00636e+08 0
5.0077e+08 0
5.01441e+08 0
5.01474e+08 0
5.0172e+08 0
5.01854e+08 0
5.01966e+08 0
5.021e+08 0
5.02256e+08 0
5.02346e+08 0
5.02424e+08 0
5.02502e+08 0
5.02603e+08 0
5.02681e+08 0
5.02759e+08 0
5.0305e+08 0
5.03251e+08 0
5.05341e+08 0
5.05375e+08 0
5.06135e+08 0
5.06246e+08 0
5.06448e+08 0
5.06459e+08 0
5.06716e+08 0
5.06928e+08 0
5.07074e+08 0
5.07152e+08 0
5.09108e+08 0
5.23529e+08 0
5.23636e+08 0
5.23793e+08 0
5.23916e+08 0
5.2396e+08 0
5.23983e+08 0
5.24016e+08 0
5.24117e+08 0
5.24262e+08 0
5.24285e+08 0
5.24631e+08 0
5.24698e+08 0
5.24721e+08 0
5.24754e+08 0
5.25335e+08 0
5.25447e+08 0
5.25738e+08 0
5.25849e+08 0
5.25972e+08 0
5.26084e+08 0
5.26207e+08 0
5.2633e+08 0
5.26453e+08 0
5.26554e+08 0
5.26632e+08 0
5.26699e+08 0
5.269e+08 0
5.26945e+08 0
5.27381e+08 0
5.27492e+08 0
5.28308e+08 0
5.28409e+08 0
5.30163e+08 0
5.30421e+08 0
5.30544e+08 0
5.30611e+08 0
5.30622e+08 0
5.30633e+08 0
5.30912e+08 0
5.30946e+08 0
5.32578e+08 0
5.48228e+08 0
5.48306e+08 0
5.48385e+08 0
5.48429e+08 0
5.4853e+08 0
5.48597e+08 0
5.48608e+08 0
5.48698e+08 0
5.48854e+08 0
5.49011e+08 0
5.49268e+08 0
5.49324e+08 0
5.49346e+08 0
5.49368e+08 0
5.50006e+08 0
5.50196e+08 0
5.50508e+08 0
5.50631e+08 0
5.5071e+08 0
5.50777e+08 0
5.50877e+08 0
5.50989e+08 0
5.51056e+08 0
5.51257e+08 0
5.51324e+08 0
5.51526e+08 0
5.51637e+08 0
5.51716e+08 0
5.52073e+08 0
5.52151e+08 0
5.52207e+08 0
5.53414e+08 0
5.53515e+08 0
5.54744e+08 0
5.55102e+08 0
5.55247e+08 0
5.55303e+08 0
5.55314e+08 0
5.55326e+08 0
5.55672e+08 0
5.55717e+08 0
5.56354e+08 0
5.73372e+08 0
5.73461e+08 0
5.73483e+08 0
5.73517e+08 0
5.73584e+08 0
5.73617e+08 0
5.73662e+08 0
5.73774e+08 0
5.74154e+08 0
5.74445e+08 0
5.74478e+08 0
5.74557e+08 0
5.74579e+08 0
5.7459e+08 0
5.75104e+08 0
5.75182e+08 0
5.7554e+08 0
5.7563e+08 0
5.7601e+08 0
5.76099e+08 0
5.76188e+08 0
5.76267e+08 0
5.76334e+08 0
5.76445e+08 0
5.76535e+08 0
5.77038e+08 0
5.77138e+08 0
5.77295e+08 0
5.77451e+08 0
5.77574e+08 0
5.77731e+08 0
5.77831e+08 0
5.7801e+08 0
5.78401e+08 0
5.79441e+08 0
5.80402e+08 0
5.80558e+08 0
5.80625e+08 0
5.80637e+08 0
5.80681e+08 0
5.81061e+08 0
5.81162e+08 0
5.8171e+08 0
5.99095e+08 0
5.99207e+08 0
5.99252e+08 0
5.99263e+08 0
5.9933e+08 0
5.99353e+08 0
5.99408e+08 0
5.99464e+08 0
5.99911e+08 0
5.99967e+08 0
6.00012e+08 0
6.0009e+08 0
6.00135e+08 0
6.00157e+08 0
6.00783e+08 0
6.0085e+08 0
6.00985e+08 0
6.01063e+08 0
6.01655e+08 0
6.01722e+08 0
6.01812e+08 0
6.01946e+08 0
6.02147e+08 0
6.02248e+08 0
6.02315e+08 0
6.0303e+08 0
6.03142e+08 0
6.03298e+08 0
6.03667e+08 0
6.03835e+08 0
6.03958e+08 0
6.04114e+08 0
6.04203e+08 0
6.04326e+08 0
6.04449e+08 0
6.04572e+08 0
6.06226e+08 0
6.06372e+08 0
6.06472e+08 0
6.06495e+08 0
6.06551e+08 0
6.06852e+08 0
6.07087e+08 0
6.07601e+08 0
6.21204e+08 0
6.21215e+08 0
6.21238e+08 0
