434276 0
1.0266e+06 0
1.61892e+06 0
2.21124e+06 0
2.80356e+06 0
3.3959e+06 0
3.98827e+06 0
4.58066e+06 0
5.17313e+06 0
5.76581e+06 0
6.3588e+06 0
7.03074e+06 0
7.83472e+06 0
7.86825e+06 0
8.45168e+06 0
8.47404e+06 0
1.09874e+07 0
1.09985e+07 0
1.1535e+07 0
1.26089e+07 0
1.26536e+07 0
1.27095e+07 0
1.3682e+07 0
1.56615e+07 0
1.56727e+07 0
1.56838e+07 0
1.63658e+07 0
1.63881e+07 0
1.87478e+07 0
1.8759e+07 0
1.87701e+07 0
1.94969e+07 0
1.95081e+07 0
1.95193e+07 0
2.24493e+07 0
2.24828e+07 0
2.2494e+07 0
2.33326e+07 0
2.33661e+07 0
2.33773e+07 0
2.33996e+07 0
2.67659e+07 0
2.67994e+07 0
2.68218e+07 0
2.7571e+07 0
2.75933e+07 0
2.76045e+07 0
2.76157e+07 0
3.11496e+07 0
3.1172e+07 0
3.11831e+07 0
3.12726e+07 0
3.21224e+07 0
3.21559e+07 0
3.21671e+07 0
3.21782e+07 0
3.66402e+07 0
3.66737e+07 0
3.66849e+07 0
3.67072e+07 0
3.68973e+07 0
3.73447e+07 0
3.73559e+07 0
3.73671e+07 0
3.73783e+07 0
4.21422e+07 0
4.21869e+07 0
4.22539e+07 0
4.22763e+07 0
4.22986e+07 0
4.23881e+07 0
4.30367e+07 0
4.30479e+07 0
4.30591e+07 0
4.30703e+07 0
4.85945e+07 0
4.86057e+07 0
4.86169e+07 0
4.8628e+07 0
4.86392e+07 0
4.86728e+07 0
4.87175e+07 0
4.93886e+07 0
4.94669e+07 0
4.94781e+07 0
4.94893e+07 0
5.51366e+07 0
5.5159e+07 0
5.51926e+07 0
5.52373e+07 0
5.53714e+07 0
5.53826e+07 0
5.54385e+07 0
5.54497e+07 0
5.61542e+07 0
5.62101e+07 0
5.62996e+07 0
5.63667e+07 0
6.26962e+07 0
6.27074e+07 0
6.2741e+07 0
6.27633e+07 0
6.28304e+07 0
6.28528e+07 0
6.29087e+07 0
6.30094e+07 0
6.30205e+07 0
6.37587e+07 0
6.38594e+07 0
6.38706e+07 0
6.39041e+07 0
7.04238e+07 0
7.06026e+07 0
7.0625e+07 0
7.06473e+07 0
7.07479e+07 0
7.08038e+07 0
7.08262e+07 0
7.09717e+07 0
7.0994e+07 0
7.10388e+07 0
7.17656e+07 0
7.18664e+07 0
7.18776e+07 0
7.19112e+07 0
7.92134e+07 0
7.92693e+07 0
7.92805e+07 0
7.92917e+07 0
7.93029e+07 0
7.93254e+07 0
7.94931e+07 0
7.98509e+07 0
7.98621e+07 0
7.98956e+07 0
8.04549e+07 0
8.04661e+07 0
8.07904e+07 0
8.08016e+07 0
8.0947e+07 0
8.81487e+07 0
8.82046e+07 0
8.82493e+07 0
8.82716e+07 0
8.83164e+07 0
8.86743e+07 0
8.8719e+07 0
8.91439e+07 0
8.9155e+07 0
8.91662e+07 0
8.96473e+07 0
8.96584e+07 0
8.96696e+07 0
8.99717e+07 0
8.99829e+07 0
9.03518e+07 0
9.82021e+07 0
9.82245e+07 0
9.82356e+07 0
9.82468e+07 0
9.8258e+07 0
9.86272e+07 0
9.86495e+07 0
9.92087e+07 0
9.9231e+07 0
9.92534e+07 0
9.9768e+07 0
9.98015e+07 0
9.98239e+07 0
1.00372e+08 0
1.00405e+08 0
1.0045e+08 0
1.00674e+08 0
1.08401e+08 0
1.08446e+08 0
1.0849e+08 0
1.08535e+08 0
1.0858e+08 0
1.08994e+08 0
1.09016e+08 0
1.09464e+08 0
1.09475e+08 0
1.09486e+08 0
1.10179e+08 0
1.10213e+08 0
1.10258e+08 0
1.10805e+08 0
1.10828e+08 0
1.10839e+08 0
1.10895e+08 0
1.11186e+08 0
1.19707e+08 0
1.19729e+08 0
1.19741e+08 0
1.19752e+08 0
1.19763e+08 0
1.20334e+08 0
1.20378e+08 0
1.20904e+08 0
1.20926e+08 0
1.20937e+08 0
1.21843e+08 0
1.21865e+08 0
1.21988e+08 0
1.22391e+08 0
1.22413e+08 0
1.22436e+08 0
1.22458e+08 0
1.22469e+08 0
1.22671e+08 0
1.31259e+08 0
1.3127e+08 0
1.31293e+08 0
1.31315e+08 0
1.31326e+08 0
1.31796e+08 0
1.3183e+08 0
1.325e+08 0
1.32523e+08 0
1.32534e+08 0
1.33395e+08 0
1.33418e+08 0
1.33485e+08 0
1.33988e+08 0
1.33999e+08 0
1.34021e+08 0
1.34088e+08 0
1.34111e+08 0
1.34122e+08 0
1.34446e+08 0
1.43527e+08 0
1.43538e+08 0
1.43549e+08 0
1.43561e+08 0
1.43583e+08 0
1.44209e+08 0
1.44701e+08 0
1.44835e+08 0
1.44847e+08 0
1.44858e+08 0
1.46211e+08 0
1.46278e+08 0
1.46289e+08 0
1.46479e+08 0
1.46502e+08 0
1.46513e+08 0
1.46535e+08 0
1.46557e+08 0
1.4658e+08 0
1.47217e+08 0
1.4724e+08 0
1.56209e+08 0
1.5622e+08 0
1.56253e+08 0
1.56265e+08 0
1.56276e+08 0
1.56913e+08 0
1.57282e+08 0
1.57517e+08 0
1.57551e+08 0
1.57629e+08 0
1.58892e+08 0
1.59161e+08 0
1.59183e+08 0
1.59396e+08 0
1.5944e+08 0
1.59463e+08 0
1.59474e+08 0
1.59485e+08 0
1.59496e+08 0
1.60033e+08 0
1.60055e+08 0
1.60089e+08 0
1.69584e+08 0
1.69595e+08 0
1.69606e+08 0
1.69629e+08 0
1.69651e+08 0
1.70691e+08 0
1.70948e+08 0
1.70959e+08 0
1.70982e+08 0
1.71172e+08 0
1.72324e+08 0
1.72368e+08 0
1.72391e+08 0
1.73017e+08 0
1.73039e+08 0
1.73062e+08 0
1.73207e+08 0
1.73218e+08 0
1.73229e+08 0
1.7352e+08 0
1.73543e+08 0
1.73576e+08 0
1.82925e+08 0
1.82948e+08 0
1.82993e+08 0
1.83026e+08 0
1.83037e+08 0
1.8306e+08 0
1.84122e+08 0
1.8439e+08 0
1.84435e+08 0
1.84469e+08 0
1.84547e+08 0
1.85866e+08 0
1.85956e+08 0
1.86e+08 0
1.86537e+08 0
1.86548e+08 0
1.86559e+08 0
1.86649e+08 0
1.8666e+08 0
1.86671e+08 0
1.86918e+08 0
1.8694e+08 0
1.87052e+08 0
1.96983e+08 0
1.96994e+08 0
1.97005e+08 0
1.97016e+08 0
1.97027e+08 0
1.97039e+08 0
1.9705e+08 0
1.98537e+08 0
1.99163e+08 0
1.99196e+08 0
1.99241e+08 0
1.99465e+08 0
2.00214e+08 0
2.00482e+08 0
2.00594e+08 0
2.00986e+08 0
2.00997e+08 0
2.01008e+08 0
2.01019e+08 0
2.0103e+08 0
2.01042e+08 0
2.0131e+08 0
2.01389e+08 0
2.01534e+08 0
2.11498e+08 0
2.11554e+08 0
2.11566e+08 0
2.11577e+08 0
2.11588e+08 0
2.11599e+08 0
2.1161e+08 0
2.11621e+08 0
2.13656e+08 0
2.1407e+08 0
2.14115e+08 0
2.14171e+08 0
2.14327e+08 0
2.15099e+08 0
2.15389e+08 0
2.15602e+08 0
2.15747e+08 0
2.15759e+08 0
2.1577e+08 0
2.15781e+08 0
2.15803e+08 0
2.15826e+08 0
2.16184e+08 0
2.16318e+08 0
2.16363e+08 0
2.26724e+08 0
2.26769e+08 0
2.26791e+08 0
2.26802e+08 0
2.26813e+08 0
2.26825e+08 0
2.26869e+08 0
2.26925e+08 0
2.26937e+08 0
2.29206e+08 0
2.29608e+08 0
2.29642e+08 0
2.29676e+08 0
2.29799e+08 0
2.30771e+08 0
2.31062e+08 0
2.31096e+08 0
2.31163e+08 0
2.31197e+08 0
2.31241e+08 0
2.31387e+08 0
2.31409e+08 0
2.31454e+08 0
2.31846e+08 0
2.31879e+08 0
2.3189e+08 0
2.42489e+08 0
2.42567e+08 0
2.42668e+08 0
2.4269e+08 0
2.42724e+08 0
2.42757e+08 0
2.42813e+08 0
2.42847e+08 0
2.42869e+08 0
2.42947e+08 0
2.4544e+08 0
2.45664e+08 0
2.45765e+08 0
2.45798e+08 0
2.46011e+08 0
2.46872e+08 0
2.47051e+08 0
2.47062e+08 0
2.47252e+08 0
2.47353e+08 0
2.47398e+08 0
2.47554e+08 0
2.47577e+08 0
2.47633e+08 0
2.47924e+08 0
2.48013e+08 0
2.48103e+08 0
2.59253e+08 0
2.59443e+08 0
2.59577e+08 0
2.59599e+08 0
2.5961e+08 0
2.59644e+08 0
2.59722e+08 0
2.59789e+08 0
2.59812e+08 0
2.59823e+08 0
2.59845e+08 0
2.62092e+08 0
2.62617e+08 0
2.62774e+08 0
2.62796e+08 0
2.62953e+08 0
2.63534e+08 0
2.63646e+08 0
2.63691e+08 0
2.64161e+08 0
2.64184e+08 0
2.64217e+08 0
2.64284e+08 0
2.64296e+08 0
2.64374e+08 0
2.64743e+08 0
2.64855e+08 0
2.65023e+08 0
2.76467e+08 0
2.76679e+08 0
2.7688e+08 0
2.76925e+08 0
2.76981e+08 0
2.77149e+08 0
2.77339e+08 0
2.77596e+08 0
2.77618e+08 0
2.77674e+08 0
2.77718e+08 0
2.77763e+08 0
2.79451e+08 0
2.80111e+08 0
2.80178e+08 0
2.80189e+08 0
2.8029e+08 0
2.80771e+08 0
2.80872e+08 0
2.8114e+08 0
2.8151e+08 0
2.81599e+08 0
2.8161e+08 0
2.81655e+08 0
2.81711e+08 0
2.81767e+08 0
2.82226e+08 0
2.82371e+08 0
2.82438e+08 0
2.94941e+08 0
2.94974e+08 0
2.95198e+08 0
2.9522e+08 0
2.95265e+08 0
2.95298e+08 0
2.95343e+08 0
2.95354e+08 0
2.95388e+08 0
2.95432e+08 0
2.95455e+08 0
2.95477e+08 0
2.956e+08 0
2.97478e+08 0
2.97881e+08 0
2.97948e+08 0
2.9797e+08 0
2.98004e+08 0
2.98552e+08 0
2.98765e+08 0
2.99056e+08 0
2.99414e+08 0
2.99492e+08 0
2.99526e+08 0
2.99626e+08 0
2.99693e+08 0
2.99727e+08 0
3.0004e+08 0
3.0023e+08 0
3.00287e+08 0
3.13322e+08 0
3.13367e+08 0
3.13613e+08 0
3.13635e+08 0
3.13658e+08 0
3.1368e+08 0
3.13702e+08 0
3.13725e+08 0
3.13792e+08 0
3.13937e+08 0
3.13971e+08 0
3.14004e+08 0
3.14049e+08 0
3.14082e+08 0
3.1595e+08 0
3.16218e+08 0
3.16251e+08 0
3.16285e+08 0
3.16341e+08 0
3.16956e+08 0
3.17314e+08 0
3.17583e+08 0
3.18097e+08 0
3.18109e+08 0
3.18142e+08 0
3.18198e+08 0
3.18232e+08 0
3.18243e+08 0
3.18545e+08 0
3.18624e+08 0
3.18691e+08 0
3.31998e+08 0
3.32032e+08 0
3.32099e+08 0
3.32177e+08 0
3.32333e+08 0
3.32367e+08 0
3.32468e+08 0
3.32501e+08 0
3.32613e+08 0
3.32702e+08 0
3.32747e+08 0
3.32758e+08 0
3.32803e+08 0
3.32837e+08 0
3.3287e+08 0
3.34681e+08 0
3.35084e+08 0
3.35095e+08 0
3.35106e+08 0
3.35184e+08 0
3.35856e+08 0
3.36203e+08 0
3.36549e+08 0
3.37031e+08 0
3.37053e+08 0
3.37098e+08 0
3.37187e+08 0
3.37198e+08 0
3.37232e+08 0
3.37445e+08 0
3.37579e+08 0
3.37657e+08 0
3.51672e+08 0
3.51694e+08 0
3.51728e+08 0
3.5175e+08 0
3.51873e+08 0
3.51929e+08 0
3.52219e+08 0
3.52264e+08 0
3.5232e+08 0
3.52331e+08 0
3.52354e+08 0
3.52376e+08 0
3.52387e+08 0
3.5241e+08 0
3.52443e+08 0
3.54322e+08 0
3.54344e+08 0
3.54579e+08 0
3.54612e+08 0
3.54623e+08 0
3.54657e+08 0
3.55485e+08 0
3.55977e+08 0
3.56335e+08 0
3.56816e+08 0
3.56827e+08 0
3.56839e+08 0
3.56917e+08 0
3.56939e+08 0
3.5695e+08 0
3.57152e+08 0
3.57208e+08 0
3.57242e+08 0
3.7156e+08 0
3.71616e+08 0
3.7175e+08 0
3.71762e+08 0
3.71873e+08 0
3.71918e+08 0
3.72075e+08 0
3.72108e+08 0
3.72332e+08 0
3.72343e+08 0
3.72365e+08 0
3.72421e+08 0
3.72432e+08 0
3.72443e+08 0
3.72466e+08 0
3.74333e+08 0
3.74344e+08 0
3.74356e+08 0
3.7459e+08 0
3.74624e+08 0
3.74657e+08 0
3.7468e+08 0
3.75463e+08 0
3.76257e+08 0
3.7647e+08 0
3.7694e+08 0
3.76962e+08 0
3.77018e+08 0
3.77051e+08 0
3.77074e+08 0
3.77107e+08 0
3.77321e+08 0
3.77332e+08 0
3.77354e+08 0
3.92324e+08 0
3.92369e+08 0
3.92536e+08 0
3.92547e+08 0
3.92648e+08 0
3.92693e+08 0
3.92838e+08 0
3.92883e+08 0
3.92961e+08 0
3.9304e+08 0
3.93051e+08 0
3.93073e+08 0
3.93084e+08 0
3.93095e+08 0
3.93118e+08 0
3.94929e+08 0
3.9494e+08 0
3.94952e+08 0
3.95186e+08 0
3.95209e+08 0
3.95231e+08 0
3.95242e+08 0
3.95253e+08 0
3.96204e+08 0
3.97133e+08 0
3.97323e+08 0
3.97771e+08 0
3.97782e+08 0
3.97804e+08 0
3.97815e+08 0
3.97827e+08 0
3.97849e+08 0
3.9804e+08 0
3.98062e+08 0
3.98073e+08 0
4.1363e+08 0
4.13653e+08 0
4.1382e+08 0
4.13831e+08 0
4.13899e+08 0
4.13943e+08 0
4.14077e+08 0
4.14111e+08 0
4.14223e+08 0
4.14335e+08 0
4.14357e+08 0
4.14379e+08 0
4.14391e+08 0
4.14413e+08 0
4.14435e+08 0
4.16101e+08 0
4.16224e+08 0
4.16381e+08 0
4.16459e+08 0
4.16481e+08 0
4.16504e+08 0
4.16526e+08 0
4.16548e+08 0
4.16582e+08 0
4.17612e+08 0
4.18573e+08 0
4.18752e+08 0
4.19167e+08 0
4.19189e+08 0
4.192e+08 0
4.19211e+08 0
4.19234e+08 0
4.19334e+08 0
4.19436e+08 0
4.19447e+08 0
4.19481e+08 0
4.35547e+08 0
4.35558e+08 0
4.35658e+08 0
4.3567e+08 0
4.35916e+08 0
4.35938e+08 0
4.35949e+08 0
4.35972e+08 0
4.3615e+08 0
4.36206e+08 0
4.36218e+08 0
4.36251e+08 0
4.36262e+08 0
4.36274e+08 0
4.36296e+08 0
4.37872e+08 0
4.37917e+08 0
4.37962e+08 0
4.37995e+08 0
4.38029e+08 0
4.38051e+08 0
4.38096e+08 0
4.38118e+08 0
4.38163e+08 0
4.38197e+08 0
4.39629e+08 0
4.40579e+08 0
4.40792e+08 0
4.41139e+08 0
4.41173e+08 0
4.41217e+08 0
4.41251e+08 0
4.41262e+08 0
4.41284e+08 0
4.41375e+08 0
4.41397e+08 0
4.41419e+08 0
4.57925e+08 0
4.57958e+08 0
4.58115e+08 0
4.58126e+08 0
4.58328e+08 0
4.58361e+08 0
4.58372e+08 0
4.58417e+08 0
4.58596e+08 0
4.58641e+08 0
4.58652e+08 0
4.58663e+08 0
4.58685e+08 0
4.58708e+08 0
4.58741e+08 0
4.60296e+08 0
4.6043e+08 0
4.60463e+08 0
4.60497e+08 0
4.60519e+08 0
4.60542e+08 0
4.60575e+08 0
4.60609e+08 0
4.60642e+08 0
4.60676e+08 0
4.60698e+08 0
4.62421e+08 0
4.63103e+08 0
4.63327e+08 0
4.63741e+08 0
4.63763e+08 0
4.63775e+08 0
4.63786e+08 0
4.63808e+08 0
4.6382e+08 0
4.63898e+08 0
4.63921e+08 0
4.63943e+08 0
4.80907e+08 0
4.80918e+08 0
4.81097e+08 0
4.81108e+08 0
4.81253e+08 0
4.81309e+08 0
4.81354e+08 0
4.81432e+08 0
4.81634e+08 0
4.81678e+08 0
4.81701e+08 0
4.81723e+08 0
4.81813e+08 0
4.81857e+08 0
4.81947e+08 0
4.833e+08 0
4.83356e+08 0
4.83367e+08 0
4.83389e+08 0
4.83412e+08 0
4.83434e+08 0
4.83479e+08 0
4.83512e+08 0
4.83702e+08 0
4.83724e+08 0
4.83747e+08 0
4.83769e+08 0
4.85772e+08 0
4.86354e+08 0
4.86488e+08 0
4.8679e+08 0
4.86824e+08 0
4.86835e+08 0
4.86913e+08 0
4.86924e+08 0
4.86947e+08 0
4.87048e+08 0
4.87059e+08 0
4.8707e+08 0
5.04559e+08 0
5.04582e+08 0
5.04761e+08 0
5.04783e+08 0
5.04872e+08 0
5.04928e+08 0
5.04984e+08 0
5.05051e+08 0
5.05353e+08 0
5.0542e+08 0
5.05443e+08 0
5.05465e+08 0
5.05487e+08 0
5.05554e+08 0
5.05622e+08 0
5.06975e+08 0
5.07232e+08 0
5.07254e+08 0
5.07388e+08 0
5.07422e+08 0
5.07466e+08 0
5.07489e+08 0
5.07533e+08 0
5.07556e+08 0
5.07567e+08 0
5.07578e+08 0
5.07612e+08 0
5.07656e+08 0
5.09693e+08 0
5.10073e+08 0
5.10174e+08 0
5.10555e+08 0
5.10577e+08 0
5.10588e+08 0
5.10599e+08 0
5.10611e+08 0
5.10633e+08 0
5.10835e+08 0
5.10846e+08 0
5.10857e+08 0
5.28816e+08 0
5.28871e+08 0
5.29129e+08 0
5.2914e+08 0
5.29162e+08 0
5.29173e+08 0
5.2924e+08 0
5.29274e+08 0
5.29777e+08 0
5.298e+08 0
5.29855e+08 0
5.29867e+08 0
5.29923e+08 0
5.29956e+08 0
5.29979e+08 0
5.31298e+08 0
5.31589e+08 0
5.31745e+08 0
5.3179e+08 0
5.31835e+08 0
5.31857e+08 0
5.31879e+08 0
5.31958e+08 0
5.3198e+08 0
5.32002e+08 0
5.32025e+08 0
5.32036e+08 0
5.32058e+08 0
5.32069e+08 0
5.34139e+08 0
5.34453e+08 0
5.34531e+08 0
5.34945e+08 0
5.34979e+08 0
5.3499e+08 0
5.35001e+08 0
5.35013e+08 0
5.35024e+08 0
5.35214e+08 0
5.35237e+08 0
5.35248e+08 0
5.53719e+08 0
5.5373e+08 0
5.54178e+08 0
5.54189e+08 0
5.54211e+08 0
5.54334e+08 0
5.54368e+08 0
5.5439e+08 0
5.54681e+08 0
5.54692e+08 0
5.54703e+08 0
5.54726e+08 0
5.54826e+08 0
5.5486e+08 0
5.54904e+08 0
5.56436e+08 0
5.56593e+08 0
5.56738e+08 0
5.56749e+08 0
5.56783e+08 0
5.56828e+08 0
5.56839e+08 0
5.5685e+08 0
5.56861e+08 0
5.56884e+08 0
5.56895e+08 0
5.56906e+08 0
5.56917e+08 0
5.56928e+08 0
5.5694e+08 0
5.59222e+08 0
5.59424e+08 0
5.59491e+08 0
5.59939e+08 0
5.5995e+08 0
5.59961e+08 0
5.59984e+08 0
5.59995e+08 0
5.60017e+08 0
5.60186e+08 0
5.60208e+08 0
5.6023e+08 0
5.7943e+08 0
5.79441e+08 0
5.79754e+08 0
5.79765e+08 0
5.79821e+08 0
5.8e+08 0
5.80022e+08 0
5.80033e+08 0
5.80246e+08 0
5.80257e+08 0
5.80268e+08 0
5.80279e+08 0
5.80291e+08 0
5.80302e+08 0
5.80313e+08 0
5.82102e+08 0
5.82113e+08 0
5.82202e+08 0
5.82214e+08 0
5.82225e+08 0
5.82236e+08 0
5.82247e+08 0
5.82258e+08 0
5.82281e+08 0
5.82337e+08 0
5.82348e+08 0
5.82359e+08 0
5.82437e+08 0
5.82449e+08 0
5.8246e+08 0
5.82471e+08 0
5.84854e+08 0
5.84955e+08 0
5.85168e+08 0
5.85459e+08 0
5.85471e+08 0
5.85493e+08 0
5.85538e+08 0
5.85549e+08 0
5.85571e+08 0
5.8574e+08 0
5.85762e+08 0
5.85773e+08 0
6.05718e+08 0
6.0574e+08 0
6.05864e+08 0
6.05875e+08 0
6.05886e+08 0
6.06009e+08 0
6.06042e+08 0
6.06065e+08 0
6.06199e+08 0
6.0621e+08 0
6.06221e+08 0
6.06244e+08 0
6.06255e+08 0
6.06266e+08 0
6.06289e+08 0
6.08133e+08 0
6.08167e+08 0
6.08268e+08 0
6.08279e+08 0
6.0829e+08 0
6.08301e+08 0
6.08312e+08 0
6.08323e+08 0
6.08335e+08 0
6.08379e+08 0
6.08391e+08 0
6.08402e+08 0
6.08547e+08 0
6.08614e+08 0
6.08648e+08 0
6.08659e+08 0
6.1054e+08 0
6.10551e+08 0
6.10831e+08 0
6.10999e+08 0
6.11122e+08 0
6.11133e+08 0
6.11145e+08 0
6.11167e+08 0
6.11189e+08 0
6.11212e+08 0
6.11448e+08 0
6.1147e+08 0
6.11481e+08 0
6.2501e+08 0
6.25021e+08 0
6.251e+08 0
