533744 0
1.12606e+06 0
1.71839e+06 0
2.31071e+06 0
2.90303e+06 0
3.49537e+06 0
4.08772e+06 0
4.68013e+06 0
5.27261e+06 0
5.86529e+06 0
6.45829e+06 0
7.14249e+06 0
8.15706e+06 0
8.20176e+06 0
9.97294e+06 0
9.99529e+06 0
1.14208e+07 0
1.14766e+07 0
1.15325e+07 0
1.40594e+07 0
1.41265e+07 0
1.416e+07 0
1.43165e+07 0
1.68574e+07 0
1.68909e+07 0
1.69915e+07 0
1.73604e+07 0
1.74163e+07 0
1.98769e+07 0
1.99439e+07 0
1.99886e+07 0
2.09163e+07 0
2.09722e+07 0
2.10392e+07 0
2.34364e+07 0
2.34587e+07 0
2.34923e+07 0
2.44646e+07 0
2.45093e+07 0
2.45764e+07 0
2.46434e+07 0
2.81329e+07 0
2.86024e+07 0
2.88148e+07 0
2.89154e+07 0
2.89489e+07 0
2.89824e+07 0
2.90383e+07 0
3.26508e+07 0
3.27067e+07 0
3.32767e+07 0
3.33214e+07 0
3.33884e+07 0
3.34779e+07 0
3.35226e+07 0
3.35673e+07 0
3.73681e+07 0
3.75022e+07 0
3.76699e+07 0
3.84411e+07 0
3.84746e+07 0
3.85305e+07 0
3.85975e+07 0
3.88211e+07 0
3.89217e+07 0
4.30638e+07 0
4.31644e+07 0
4.32427e+07 0
4.4148e+07 0
4.41591e+07 0
4.42821e+07 0
4.44162e+07 0
4.44833e+07 0
4.46845e+07 0
4.47628e+07 0
4.87847e+07 0
4.88406e+07 0
4.90641e+07 0
4.96565e+07 0
5.03048e+07 0
5.03718e+07 0
5.06513e+07 0
5.07631e+07 0
5.08078e+07 0
5.12437e+07 0
5.13332e+07 0
5.57724e+07 0
5.58506e+07 0
5.60294e+07 0
5.63312e+07 0
5.74936e+07 0
5.75272e+07 0
5.76054e+07 0
5.7639e+07 0
5.7706e+07 0
5.78066e+07 0
5.82985e+07 0
5.8332e+07 0
6.27328e+07 0
6.27887e+07 0
6.29228e+07 0
6.29787e+07 0
6.45211e+07 0
6.45546e+07 0
6.46664e+07 0
6.48006e+07 0
6.48564e+07 0
6.49123e+07 0
6.49459e+07 0
6.58625e+07 0
6.58849e+07 0
7.07958e+07 0
7.08517e+07 0
7.08964e+07 0
7.10529e+07 0
7.26959e+07 0
7.27295e+07 0
7.28748e+07 0
7.2953e+07 0
7.30089e+07 0
7.3076e+07 0
7.31542e+07 0
7.32548e+07 0
7.40037e+07 0
7.42049e+07 0
7.92034e+07 0
7.92592e+07 0
7.92928e+07 0
7.96504e+07 0
8.09246e+07 0
8.10475e+07 0
8.11481e+07 0
8.12598e+07 0
8.13269e+07 0
8.14275e+07 0
8.15951e+07 0
8.16622e+07 0
8.17516e+07 0
8.24893e+07 0
8.25565e+07 0
8.85835e+07 0
8.86059e+07 0
8.86618e+07 0
8.94106e+07 0
8.97236e+07 0
8.97906e+07 0
8.98465e+07 0
8.99583e+07 0
9.00477e+07 0
9.02489e+07 0
9.0383e+07 0
9.05283e+07 0
9.06624e+07 0
9.0763e+07 0
9.20483e+07 0
9.22607e+07 0
9.85177e+07 0
9.85624e+07 0
9.89088e+07 0
9.93559e+07 0
9.94118e+07 0
9.94789e+07 0
9.95571e+07 0
9.97471e+07 0
9.987e+07 0
1.00015e+08 0
1.00116e+08 0
1.00239e+08 0
1.00485e+08 0
1.00596e+08 0
1.00719e+08 0
1.01625e+08 0
1.02161e+08 0
1.09106e+08 0
1.09218e+08 0
1.09274e+08 0
1.10034e+08 0
1.10145e+08 0
1.10224e+08 0
1.10447e+08 0
1.1057e+08 0
1.10704e+08 0
1.10816e+08 0
1.10917e+08 0
1.11073e+08 0
1.11218e+08 0
1.11408e+08 0
1.11643e+08 0
1.11744e+08 0
1.12202e+08 0
1.12437e+08 0
1.20302e+08 0
1.20369e+08 0
1.2047e+08 0
1.20939e+08 0
1.21196e+08 0
1.21274e+08 0
1.21531e+08 0
1.21632e+08 0
1.21755e+08 0
1.21844e+08 0
1.2199e+08 0
1.22079e+08 0
1.22135e+08 0
1.22191e+08 0
1.2228e+08 0
1.22314e+08 0
1.22616e+08 0
1.22671e+08 0
1.22873e+08 0
1.31852e+08 0
1.32109e+08 0
1.32188e+08 0
1.32825e+08 0
1.33194e+08 0
1.33272e+08 0
1.33361e+08 0
1.33406e+08 0
1.33473e+08 0
1.33551e+08 0
1.33652e+08 0
1.33764e+08 0
1.33875e+08 0
1.33954e+08 0
1.34065e+08 0
1.3411e+08 0
1.34311e+08 0
1.34356e+08 0
1.34423e+08 0
1.34568e+08 0
1.43857e+08 0
1.44606e+08 0
1.44673e+08 0
1.45008e+08 0
1.45232e+08 0
1.45332e+08 0
1.45399e+08 0
1.45489e+08 0
1.45533e+08 0
1.45578e+08 0
1.45645e+08 0
1.4569e+08 0
1.45779e+08 0
1.45925e+08 0
1.4607e+08 0
1.46148e+08 0
1.46249e+08 0
1.46294e+08 0
1.46338e+08 0
1.46495e+08 0
1.46562e+08 0
1.57204e+08 0
1.57674e+08 0
1.57808e+08 0
1.58054e+08 0
1.58121e+08 0
1.58165e+08 0
1.58244e+08 0
1.58277e+08 0
1.58333e+08 0
1.584e+08 0
1.58478e+08 0
1.58534e+08 0
1.58601e+08 0
1.58713e+08 0
1.58814e+08 0
1.58926e+08 0
1.58993e+08 0
1.59082e+08 0
1.59171e+08 0
1.5925e+08 0
1.59384e+08 0
1.59428e+08 0
1.70367e+08 0
1.70423e+08 0
1.70512e+08 0
1.70702e+08 0
1.70792e+08 0
1.70903e+08 0
1.70993e+08 0
1.71071e+08 0
1.71227e+08 0
1.71306e+08 0
1.7135e+08 0
1.71395e+08 0
1.71507e+08 0
1.71563e+08 0
1.71753e+08 0
1.71842e+08 0
1.71909e+08 0
1.72099e+08 0
1.72155e+08 0
1.72278e+08 0
1.72356e+08 0
1.72446e+08 0
1.83569e+08 0
1.83613e+08 0
1.83658e+08 0
1.8377e+08 0
1.83826e+08 0
1.83859e+08 0
1.83893e+08 0
1.84228e+08 0
1.8434e+08 0
1.84362e+08 0
1.84429e+08 0
1.84507e+08 0
1.84887e+08 0
1.85111e+08 0
1.85346e+08 0
1.85625e+08 0
1.85715e+08 0
1.8586e+08 0
1.86027e+08 0
1.86128e+08 0
1.86262e+08 0
1.86318e+08 0
1.86385e+08 0
1.97368e+08 0
1.97435e+08 0
1.97536e+08 0
1.97726e+08 0
1.97815e+08 0
1.97893e+08 0
1.98028e+08 0
1.98106e+08 0
1.98564e+08 0
1.98631e+08 0
1.98687e+08 0
1.98754e+08 0
1.98855e+08 0
1.99078e+08 0
1.99224e+08 0
1.99525e+08 0
1.99671e+08 0
1.99816e+08 0
1.9995e+08 0
2.00095e+08 0
2.00218e+08 0
2.0033e+08 0
2.00531e+08 0
2.00609e+08 0
2.11723e+08 0
2.11779e+08 0
2.11824e+08 0
2.12003e+08 0
2.12092e+08 0
2.12405e+08 0
2.12561e+08 0
2.12595e+08 0
2.12628e+08 0
2.12874e+08 0
2.13075e+08 0
2.13333e+08 0
2.13433e+08 0
2.13534e+08 0
2.13623e+08 0
2.13724e+08 0
2.13947e+08 0
2.14037e+08 0
2.14316e+08 0
2.14383e+08 0
2.14517e+08 0
2.14662e+08 0
2.14763e+08 0
2.15221e+08 0
2.15322e+08 0
2.26915e+08 0
2.2696e+08 0
2.27004e+08 0
2.27217e+08 0
2.27295e+08 0
2.27384e+08 0
2.27686e+08 0
2.27775e+08 0
2.27854e+08 0
2.27943e+08 0
2.28111e+08 0
2.28412e+08 0
2.28491e+08 0
2.28591e+08 0
2.28826e+08 0
2.28904e+08 0
2.29307e+08 0
2.29407e+08 0
2.29474e+08 0
2.29586e+08 0
2.29798e+08 0
2.29877e+08 0
2.29966e+08 0
2.30078e+08 0
2.30603e+08 0
2.30726e+08 0
2.42645e+08 0
2.4298e+08 0
2.43047e+08 0
2.43136e+08 0
2.43248e+08 0
2.43315e+08 0
2.43472e+08 0
2.43539e+08 0
2.43662e+08 0
2.43751e+08 0
2.44098e+08 0
2.4422e+08 0
2.44321e+08 0
2.44422e+08 0
2.44545e+08 0
2.44735e+08 0
2.44846e+08 0
2.45014e+08 0
2.45126e+08 0
2.45215e+08 0
2.45349e+08 0
2.45483e+08 0
2.45584e+08 0
2.45696e+08 0
2.45953e+08 0
2.46176e+08 0
2.46545e+08 0
2.59239e+08 0
2.59418e+08 0
2.59485e+08 0
2.59564e+08 0
2.59642e+08 0
2.59731e+08 0
2.59854e+08 0
2.59988e+08 0
2.60089e+08 0
2.60324e+08 0
2.60491e+08 0
2.60581e+08 0
2.60681e+08 0
2.60782e+08 0
2.60894e+08 0
2.60938e+08 0
2.61318e+08 0
2.61385e+08 0
2.61486e+08 0
2.61609e+08 0
2.61721e+08 0
2.61922e+08 0
2.62056e+08 0
2.62134e+08 0
2.62246e+08 0
2.62346e+08 0
2.62805e+08 0
2.63106e+08 0
2.7633e+08 0
2.7652e+08 0
2.76598e+08 0
2.7671e+08 0
2.76777e+08 0
2.76978e+08 0
2.77302e+08 0
2.77392e+08 0
2.7747e+08 0
2.77559e+08 0
2.77649e+08 0
2.77716e+08 0
2.77827e+08 0
2.77906e+08 0
2.78006e+08 0
2.78051e+08 0
2.78096e+08 0
2.78375e+08 0
2.78453e+08 0
2.78576e+08 0
2.78722e+08 0
2.78845e+08 0
2.78979e+08 0
2.79124e+08 0
2.79247e+08 0
2.7937e+08 0
2.79515e+08 0
2.79929e+08 0
2.80018e+08 0
2.94057e+08 0
2.94125e+08 0
2.9437e+08 0
2.94493e+08 0
2.94639e+08 0
2.94784e+08 0
2.94896e+08 0
2.95019e+08 0
2.95097e+08 0
2.95175e+08 0
2.95477e+08 0
2.95555e+08 0
2.95633e+08 0
2.95656e+08 0
2.95678e+08 0
2.95734e+08 0
2.95812e+08 0
2.95857e+08 0
2.96136e+08 0
2.96293e+08 0
2.96449e+08 0
2.9655e+08 0
2.9665e+08 0
2.9674e+08 0
2.96963e+08 0
2.97165e+08 0
2.97287e+08 0
2.97422e+08 0
2.97556e+08 0
2.97667e+08 0
3.12214e+08 0
3.12326e+08 0
3.12415e+08 0
3.12527e+08 0
3.12683e+08 0
3.12829e+08 0
3.12873e+08 0
3.13097e+08 0
3.13354e+08 0
3.13466e+08 0
3.13544e+08 0
3.13712e+08 0
3.13846e+08 0
3.13924e+08 0
3.13946e+08 0
3.14013e+08 0
3.14136e+08 0
3.14248e+08 0
3.14338e+08 0
3.14416e+08 0
3.14729e+08 0
3.14829e+08 0
3.14885e+08 0
3.14919e+08 0
3.15075e+08 0
3.15165e+08 0
3.15243e+08 0
3.15332e+08 0
3.15422e+08 0
3.15522e+08 0
3.1569e+08 0
3.31143e+08 0
3.31199e+08 0
3.31356e+08 0
3.31423e+08 0
3.31557e+08 0
3.31736e+08 0
3.31803e+08 0
3.31892e+08 0
3.32093e+08 0
3.32183e+08 0
3.32239e+08 0
3.32574e+08 0
3.3263e+08 0
3.32708e+08 0
3.32786e+08 0
3.33043e+08 0
3.33144e+08 0
3.332e+08 0
3.33256e+08 0
3.333e+08 0
3.33759e+08 0
3.33803e+08 0
3.33859e+08 0
3.33893e+08 0
3.33949e+08 0
3.34004e+08 0
3.34094e+08 0
3.3415e+08 0
3.34228e+08 0
3.34273e+08 0
3.34496e+08 0
3.34619e+08 0
3.50286e+08 0
3.50376e+08 0
3.5051e+08 0
3.50666e+08 0
3.50934e+08 0
3.5108e+08 0
3.51124e+08 0
3.51247e+08 0
3.5137e+08 0
3.51404e+08 0
3.51504e+08 0
3.51862e+08 0
3.51951e+08 0
3.52018e+08 0
3.5213e+08 0
3.52242e+08 0
3.52343e+08 0
3.52544e+08 0
3.52723e+08 0
3.52801e+08 0
3.52901e+08 0
3.5317e+08 0
3.53237e+08 0
3.53293e+08 0
3.53349e+08 0
3.53393e+08 0
3.53471e+08 0
3.53661e+08 0
3.53762e+08 0
3.53919e+08 0
3.54019e+08 0
3.54142e+08 0
3.54243e+08 0
3.69802e+08 0
3.69891e+08 0
3.70137e+08 0
3.70539e+08 0
3.70785e+08 0
3.7102e+08 0
3.71132e+08 0
3.71288e+08 0
3.71322e+08 0
3.71444e+08 0
3.71523e+08 0
3.71959e+08 0
3.72026e+08 0
3.72104e+08 0
3.72149e+08 0
3.72327e+08 0
3.72417e+08 0
3.72495e+08 0
3.72562e+08 0
3.72752e+08 0
3.72864e+08 0
3.72976e+08 0
3.73054e+08 0
3.73121e+08 0
3.73244e+08 0
3.73277e+08 0
3.73367e+08 0
3.73535e+08 0
3.73635e+08 0
3.73724e+08 0
3.73814e+08 0
3.73948e+08 0
3.7406e+08 0
3.74172e+08 0
3.89988e+08 0
3.90111e+08 0
3.90401e+08 0
3.90826e+08 0
3.91239e+08 0
3.91407e+08 0
3.9162e+08 0
3.92067e+08 0
3.92134e+08 0
3.92201e+08 0
3.9229e+08 0
3.92536e+08 0
3.92637e+08 0
3.92748e+08 0
3.9286e+08 0
3.9295e+08 0
3.92972e+08 0
3.93061e+08 0
3.93184e+08 0
3.93218e+08 0
3.93274e+08 0
3.93408e+08 0
3.93497e+08 0
3.93542e+08 0
3.93587e+08 0
3.93687e+08 0
3.93821e+08 0
3.93877e+08 0
3.94134e+08 0
3.94235e+08 0
3.94369e+08 0
3.94458e+08 0
3.94559e+08 0
3.94682e+08 0
3.94805e+08 0
4.11414e+08 0
4.11548e+08 0
4.11648e+08 0
4.11894e+08 0
4.12163e+08 0
4.12274e+08 0
4.12408e+08 0
4.12643e+08 0
4.12777e+08 0
4.12822e+08 0
4.12934e+08 0
4.13314e+08 0
4.13403e+08 0
4.13671e+08 0
4.13738e+08 0
4.13828e+08 0
4.13884e+08 0
4.13962e+08 0
4.14085e+08 0
4.14152e+08 0
4.1423e+08 0
4.14286e+08 0
4.14454e+08 0
4.14543e+08 0
4.14633e+08 0
4.14688e+08 0
4.14733e+08 0
4.14778e+08 0
4.14845e+08 0
4.15571e+08 0
4.1575e+08 0
4.15862e+08 0
4.1594e+08 0
4.16074e+08 0
4.16175e+08 0
4.16242e+08 0
4.32647e+08 0
4.32714e+08 0
4.32804e+08 0
4.32882e+08 0
4.32938e+08 0
4.33306e+08 0
4.33452e+08 0
4.33575e+08 0
4.33653e+08 0
4.33742e+08 0
4.33832e+08 0
4.34502e+08 0
4.34592e+08 0
4.34771e+08 0
4.3486e+08 0
4.34983e+08 0
4.35072e+08 0
4.35173e+08 0
4.35285e+08 0
4.35363e+08 0
4.35463e+08 0
4.35519e+08 0
4.35586e+08 0
4.35687e+08 0
4.35922e+08 0
4.35966e+08 0
4.36011e+08 0
4.36112e+08 0
4.36156e+08 0
4.36447e+08 0
4.36916e+08 0
4.37274e+08 0
4.37375e+08 0
4.37475e+08 0
4.37643e+08 0
4.38012e+08 0
4.38123e+08 0
4.54716e+08 0
4.54761e+08 0
4.54806e+08 0
4.5513e+08 0
4.55163e+08 0
4.55219e+08 0
4.5532e+08 0
4.55454e+08 0
4.55543e+08 0
4.55655e+08 0
4.55778e+08 0
4.56259e+08 0
4.56527e+08 0
4.56616e+08 0
4.56672e+08 0
4.5675e+08 0
4.56795e+08 0
4.56985e+08 0
4.5703e+08 0
4.5713e+08 0
4.57197e+08 0
4.57298e+08 0
4.57421e+08 0
4.57499e+08 0
4.57611e+08 0
4.57924e+08 0
4.58013e+08 0
4.58125e+08 0
4.58192e+08 0
4.58293e+08 0
4.58382e+08 0
4.58684e+08 0
4.59097e+08 0
4.59421e+08 0
4.59488e+08 0
4.59544e+08 0
4.59623e+08 0
4.60394e+08 0
4.77608e+08 0
4.77731e+08 0
4.77809e+08 0
4.77865e+08 0
4.77954e+08 0
4.78066e+08 0
4.781e+08 0
4.78346e+08 0
4.78413e+08 0
4.78524e+08 0
4.78625e+08 0
4.7867e+08 0
4.79206e+08 0
4.79284e+08 0
4.79385e+08 0
4.79452e+08 0
4.79508e+08 0
4.79642e+08 0
4.79709e+08 0
4.79787e+08 0
4.79877e+08 0
4.79955e+08 0
4.80078e+08 0
4.80178e+08 0
4.80257e+08 0
4.80357e+08 0
4.8048e+08 0
4.80883e+08 0
4.81006e+08 0
4.81073e+08 0
4.81151e+08 0
4.81229e+08 0
4.8152e+08 0
4.81676e+08 0
4.8219e+08 0
4.82268e+08 0
4.82447e+08 0
4.82548e+08 0
4.83241e+08 0
5.01093e+08 0
5.01171e+08 0
5.01249e+08 0
5.01339e+08 0
5.01406e+08 0
5.01462e+08 0
5.01473e+08 0
5.01696e+08 0
5.01808e+08 0
5.02199e+08 0
5.02266e+08 0
5.02333e+08 0
5.02568e+08 0
5.02657e+08 0
5.02736e+08 0
5.0287e+08 0
5.02959e+08 0
5.03049e+08 0
5.0316e+08 0
5.0325e+08 0
5.03395e+08 0
5.03529e+08 0
5.03619e+08 0
5.03708e+08 0
5.03853e+08 0
5.03943e+08 0
5.0401e+08 0
5.04144e+08 0
5.04267e+08 0
5.04367e+08 0
5.04624e+08 0
5.04714e+08 0
5.04792e+08 0
5.04982e+08 0
5.05127e+08 0
5.05217e+08 0
5.05373e+08 0
5.05675e+08 0
5.06122e+08 0
5.06569e+08 0
5.25136e+08 0
5.25192e+08 0
5.25203e+08 0
5.25416e+08 0
5.25494e+08 0
5.25528e+08 0
5.25606e+08 0
5.26086e+08 0
5.26154e+08 0
5.26343e+08 0
5.26433e+08 0
5.26511e+08 0
5.26623e+08 0
5.26746e+08 0
5.26891e+08 0
5.27059e+08 0
5.27249e+08 0
5.27394e+08 0
5.27517e+08 0
5.2764e+08 0
5.27763e+08 0
5.27863e+08 0
5.27953e+08 0
5.28031e+08 0
5.28121e+08 0
5.28188e+08 0
5.28255e+08 0
5.28311e+08 0
5.28422e+08 0
5.28523e+08 0
5.28601e+08 0
5.28679e+08 0
5.2878e+08 0
5.28914e+08 0
5.29048e+08 0
5.29205e+08 0
5.29294e+08 0
5.29395e+08 0
5.29506e+08 0
5.29953e+08 0
5.30378e+08 0
5.49896e+08 0
5.49952e+08 0
5.49963e+08 0
5.50019e+08 0
5.50075e+08 0
5.50097e+08 0
5.50232e+08 0
5.50545e+08 0
5.50612e+08 0
5.50768e+08 0
5.50869e+08 0
5.50936e+08 0
5.51025e+08 0
5.51103e+08 0
5.51159e+08 0
5.51215e+08 0
5.51304e+08 0
5.51416e+08 0
5.51528e+08 0
5.5164e+08 0
5.51841e+08 0
5.51953e+08 0
5.52288e+08 0
5.52366e+08 0
5.52422e+08 0
5.525e+08 0
5.52579e+08 0
5.52702e+08 0
5.52802e+08 0
5.5288e+08 0
5.5316e+08 0
5.53249e+08 0
5.5335e+08 0
5.53417e+08 0
5.53484e+08 0
5.53618e+08 0
5.53685e+08 0
5.53786e+08 0
5.53864e+08 0
5.53942e+08 0
5.54289e+08 0
5.54747e+08 0
5.74966e+08 0
5.75022e+08 0
5.75045e+08 0
5.75089e+08 0
5.75156e+08 0
5.75291e+08 0
5.75358e+08 0
5.7557e+08 0
5.75615e+08 0
5.75682e+08 0
5.76207e+08 0
5.7633e+08 0
5.76419e+08 0
5.76554e+08 0
5.76632e+08 0
5.76676e+08 0
5.76777e+08 0
5.76889e+08 0
5.77001e+08 0
5.77056e+08 0
5.77146e+08 0
5.77246e+08 0
5.77325e+08 0
5.77392e+08 0
5.77459e+08 0
5.77526e+08 0
5.77615e+08 0
5.77705e+08 0
5.77805e+08 0
5.77861e+08 0
5.77939e+08 0
5.78029e+08 0
5.78152e+08 0
5.78286e+08 0
5.78386e+08 0
5.78509e+08 0
5.7861e+08 0
5.78643e+08 0
5.78711e+08 0
5.78789e+08 0
5.78889e+08 0
5.79191e+08 0
5.79817e+08 0
6.0068e+08 0
6.00702e+08 0
6.00758e+08 0
6.00803e+08 0
6.00982e+08 0
6.01105e+08 0
6.01149e+08 0
6.01541e+08 0
6.01664e+08 0
6.01764e+08 0
6.0201e+08 0
6.02111e+08 0
6.02211e+08 0
6.02289e+08 0
6.02379e+08 0
6.02446e+08 0
6.02479e+08 0
6.02558e+08 0
6.02625e+08 0
6.02692e+08 0
6.02748e+08 0
6.0277e+08 0
6.02804e+08 0
6.02893e+08 0
6.02982e+08 0
6.03061e+08 0
6.03117e+08 0
6.03195e+08 0
6.03262e+08 0
6.03362e+08 0
6.03452e+08 0
6.03597e+08 0
6.03664e+08 0
6.03731e+08 0
6.03809e+08 0
6.03876e+08 0
6.03977e+08 0
6.04614e+08 0
6.04748e+08 0
6.04849e+08 0
6.04983e+08 0
6.05095e+08 0
6.05195e+08 0
6.05318e+08 0
6.20908e+08 0
6.20931e+08 0
6.20964e+08 0
