466684 0
1.06796e+06 0
1.66028e+06 0
2.2526e+06 0
2.84492e+06 0
3.43726e+06 0
4.02962e+06 0
4.62201e+06 0
5.21453e+06 0
5.80718e+06 0
6.40018e+06 0
7.09446e+06 0
7.8571e+06 0
7.87945e+06 0
9.0708e+06 0
9.13785e+06 0
1.13761e+07 0
1.14319e+07 0
1.14655e+07 0
1.27519e+07 0
1.28972e+07 0
1.29307e+07 0
1.31319e+07 0
1.68132e+07 0
1.68243e+07 0
1.68355e+07 0
1.68467e+07 0
1.68691e+07 0
2.00114e+07 0
2.00337e+07 0
2.00449e+07 0
2.00561e+07 0
2.00673e+07 0
2.00785e+07 0
2.41603e+07 0
2.43726e+07 0
2.44285e+07 0
2.44509e+07 0
2.44844e+07 0
2.45179e+07 0
2.45403e+07 0
2.84547e+07 0
2.85329e+07 0
2.86335e+07 0
2.8667e+07 0
2.87117e+07 0
2.87676e+07 0
2.879e+07 0
3.37774e+07 0
3.37998e+07 0
3.38557e+07 0
3.38669e+07 0
3.38893e+07 0
3.39116e+07 0
3.39228e+07 0
3.3934e+07 0
3.9011e+07 0
3.90334e+07 0
3.90557e+07 0
3.90781e+07 0
3.91005e+07 0
3.91564e+07 0
3.91676e+07 0
3.91788e+07 0
3.919e+07 0
4.50503e+07 0
4.50615e+07 0
4.50951e+07 0
4.5151e+07 0
4.51733e+07 0
4.51957e+07 0
4.52404e+07 0
4.52516e+07 0
4.5274e+07 0
4.52964e+07 0
5.14579e+07 0
5.14691e+07 0
5.14804e+07 0
5.14915e+07 0
5.15027e+07 0
5.15139e+07 0
5.15252e+07 0
5.15364e+07 0
5.15476e+07 0
5.15588e+07 0
5.157e+07 0
5.86977e+07 0
5.87089e+07 0
5.87536e+07 0
5.87648e+07 0
5.8776e+07 0
5.87872e+07 0
5.88096e+07 0
5.88208e+07 0
5.88543e+07 0
5.88655e+07 0
5.88766e+07 0
5.88879e+07 0
6.62797e+07 0
6.62908e+07 0
6.63133e+07 0
6.63245e+07 0
6.63357e+07 0
6.63469e+07 0
6.6414e+07 0
6.64364e+07 0
6.64588e+07 0
6.64923e+07 0
6.65147e+07 0
6.65371e+07 0
6.65706e+07 0
7.48869e+07 0
7.48981e+07 0
7.49541e+07 0
7.49764e+07 0
7.49876e+07 0
7.49988e+07 0
7.50659e+07 0
7.50883e+07 0
7.50995e+07 0
7.51106e+07 0
7.51442e+07 0
7.51554e+07 0
7.51665e+07 0
7.51889e+07 0
8.36846e+07 0
8.36958e+07 0
8.37071e+07 0
8.37182e+07 0
8.37295e+07 0
8.37518e+07 0
8.37742e+07 0
8.37854e+07 0
8.38189e+07 0
8.38301e+07 0
8.38413e+07 0
8.38748e+07 0
8.39084e+07 0
8.39531e+07 0
8.39755e+07 0
9.34292e+07 0
9.34516e+07 0
9.35076e+07 0
9.35188e+07 0
9.35411e+07 0
9.35747e+07 0
9.35859e+07 0
9.35971e+07 0
9.36083e+07 0
9.36194e+07 0
9.36306e+07 0
9.36642e+07 0
9.36753e+07 0
9.36977e+07 0
9.37089e+07 0
9.37201e+07 0
1.03322e+08 0
1.03334e+08 0
1.0339e+08 0
1.03401e+08 0
1.03423e+08 0
1.03446e+08 0
1.03557e+08 0
1.03591e+08 0
1.03613e+08 0
1.03647e+08 0
1.0368e+08 0
1.03714e+08 0
1.03747e+08 0
1.03759e+08 0
1.0377e+08 0
1.03792e+08 0
1.03815e+08 0
1.13881e+08 0
1.13926e+08 0
1.1406e+08 0
1.14105e+08 0
1.14127e+08 0
1.14183e+08 0
1.14217e+08 0
1.14239e+08 0
1.14262e+08 0
1.14273e+08 0
1.14295e+08 0
1.14329e+08 0
1.1434e+08 0
1.14351e+08 0
1.14362e+08 0
1.14373e+08 0
1.14385e+08 0
1.14407e+08 0
1.251e+08 0
1.25111e+08 0
1.25167e+08 0
1.25178e+08 0
1.25223e+08 0
1.25245e+08 0
1.25301e+08 0
1.25312e+08 0
1.25323e+08 0
1.25334e+08 0
1.25346e+08 0
1.25368e+08 0
1.25402e+08 0
1.25424e+08 0
1.25435e+08 0
1.25446e+08 0
1.25525e+08 0
1.25547e+08 0
1.25558e+08 0
1.36842e+08 0
1.36864e+08 0
1.36999e+08 0
1.37054e+08 0
1.37077e+08 0
1.37099e+08 0
1.37166e+08 0
1.372e+08 0
1.37245e+08 0
1.37267e+08 0
1.37278e+08 0
1.373e+08 0
1.37323e+08 0
1.37356e+08 0
1.37368e+08 0
1.37379e+08 0
1.37401e+08 0
1.37412e+08 0
1.37435e+08 0
1.37457e+08 0
1.4928e+08 0
1.49292e+08 0
1.49336e+08 0
1.49359e+08 0
1.4937e+08 0
1.49381e+08 0
1.49415e+08 0
1.49448e+08 0
1.49459e+08 0
1.49493e+08 0
1.49504e+08 0
1.49538e+08 0
1.4956e+08 0
1.49582e+08 0
1.49605e+08 0
1.49649e+08 0
1.49717e+08 0
1.49761e+08 0
1.49784e+08 0
1.49795e+08 0
1.49828e+08 0
1.62345e+08 0
1.62379e+08 0
1.62413e+08 0
1.62469e+08 0
1.62491e+08 0
1.62502e+08 0
1.62536e+08 0
1.62558e+08 0
1.62592e+08 0
1.62603e+08 0
1.62614e+08 0
1.62648e+08 0
1.62681e+08 0
1.62737e+08 0
1.62759e+08 0
1.62771e+08 0
1.62782e+08 0
1.62804e+08 0
1.62827e+08 0
1.62849e+08 0
1.62871e+08 0
1.62882e+08 0
1.75349e+08 0
1.75383e+08 0
1.75483e+08 0
1.75506e+08 0
1.7555e+08 0
1.75562e+08 0
1.75606e+08 0
1.75629e+08 0
1.75662e+08 0
1.75673e+08 0
1.75718e+08 0
1.75752e+08 0
1.75785e+08 0
1.75819e+08 0
1.7583e+08 0
1.75841e+08 0
1.75852e+08 0
1.75864e+08 0
1.75875e+08 0
1.75886e+08 0
1.75897e+08 0
1.75908e+08 0
1.88983e+08 0
1.88994e+08 0
1.89017e+08 0
1.8914e+08 0
1.89196e+08 0
1.89229e+08 0
1.8924e+08 0
1.89252e+08 0
1.89274e+08 0
1.89285e+08 0
1.89296e+08 0
1.8933e+08 0
1.89363e+08 0
1.89375e+08 0
1.89386e+08 0
1.89397e+08 0
1.89419e+08 0
1.89442e+08 0
1.89464e+08 0
1.89475e+08 0
1.89487e+08 0
1.89509e+08 0
1.89542e+08 0
2.03185e+08 0
2.03197e+08 0
2.03219e+08 0
2.03241e+08 0
2.03342e+08 0
2.03353e+08 0
2.03365e+08 0
2.03387e+08 0
2.03409e+08 0
2.03432e+08 0
2.03443e+08 0
2.03465e+08 0
2.03488e+08 0
2.03521e+08 0
2.03544e+08 0
2.03577e+08 0
2.036e+08 0
2.03611e+08 0
2.03655e+08 0
2.03678e+08 0
2.037e+08 0
2.03734e+08 0
2.03756e+08 0
2.03778e+08 0
2.18003e+08 0
2.18025e+08 0
2.18048e+08 0
2.1807e+08 0
2.18081e+08 0
2.18149e+08 0
2.1816e+08 0
2.18182e+08 0
2.18205e+08 0
2.18216e+08 0
2.18227e+08 0
2.18238e+08 0
2.1826e+08 0
2.18283e+08 0
2.18339e+08 0
2.1835e+08 0
2.18372e+08 0
2.18384e+08 0
2.18417e+08 0
2.18451e+08 0
2.18484e+08 0
2.18507e+08 0
2.18518e+08 0
2.18529e+08 0
2.18551e+08 0
2.33369e+08 0
2.33391e+08 0
2.33403e+08 0
2.33414e+08 0
2.33425e+08 0
2.33436e+08 0
2.33481e+08 0
2.33492e+08 0
2.33582e+08 0
2.33615e+08 0
2.33638e+08 0
2.33671e+08 0
2.33705e+08 0
2.33716e+08 0
2.33727e+08 0
2.3375e+08 0
2.33761e+08 0
2.33806e+08 0
2.33817e+08 0
2.33839e+08 0
2.3385e+08 0
2.33884e+08 0
2.33895e+08 0
2.33929e+08 0
2.3394e+08 0
2.33973e+08 0
2.49416e+08 0
2.49427e+08 0
2.49439e+08 0
2.49461e+08 0
2.49472e+08 0
2.49483e+08 0
2.49517e+08 0
2.49528e+08 0
2.49539e+08 0
2.49629e+08 0
2.4964e+08 0
2.49674e+08 0
2.49696e+08 0
2.49718e+08 0
2.49741e+08 0
2.49752e+08 0
2.49797e+08 0
2.4983e+08 0
2.49864e+08 0
2.49875e+08 0
2.49909e+08 0
2.4992e+08 0
2.49954e+08 0
2.49965e+08 0
2.50009e+08 0
2.50032e+08 0
2.50054e+08 0
2.6582e+08 0
2.65831e+08 0
2.65843e+08 0
2.65865e+08 0
2.65898e+08 0
2.65988e+08 0
2.66077e+08 0
2.661e+08 0
2.66122e+08 0
2.66133e+08 0
2.66178e+08 0
2.66189e+08 0
2.662e+08 0
2.66212e+08 0
2.66234e+08 0
2.66256e+08 0
2.66279e+08 0
2.66335e+08 0
2.66413e+08 0
2.66503e+08 0
2.66525e+08 0
2.66603e+08 0
2.66626e+08 0
2.6667e+08 0
2.66682e+08 0
2.66693e+08 0
2.66704e+08 0
2.66726e+08 0
2.829e+08 0
2.82911e+08 0
2.82934e+08 0
2.82945e+08 0
2.82956e+08 0
2.82978e+08 0
2.83012e+08 0
2.83034e+08 0
2.83057e+08 0
2.83102e+08 0
2.83135e+08 0
2.83258e+08 0
2.83292e+08 0
2.83303e+08 0
2.83325e+08 0
2.83336e+08 0
2.83348e+08 0
2.8337e+08 0
2.83437e+08 0
2.83493e+08 0
2.83527e+08 0
2.83538e+08 0
2.83571e+08 0
2.83627e+08 0
2.83695e+08 0
2.83739e+08 0
2.83773e+08 0
2.8384e+08 0
2.83907e+08 0
3.00659e+08 0
3.0067e+08 0
3.00715e+08 0
3.00726e+08 0
3.00749e+08 0
3.0076e+08 0
3.00805e+08 0
3.00816e+08 0
3.00838e+08 0
3.0085e+08 0
3.00872e+08 0
3.00883e+08 0
3.00961e+08 0
3.00973e+08 0
3.00984e+08 0
3.00995e+08 0
3.01006e+08 0
3.01017e+08 0
3.0104e+08 0
3.01051e+08 0
3.01073e+08 0
3.0114e+08 0
3.01185e+08 0
3.01208e+08 0
3.01252e+08 0
3.0132e+08 0
3.01342e+08 0
3.01364e+08 0
3.01398e+08 0
3.01543e+08 0
3.19009e+08 0
3.1902e+08 0
3.19076e+08 0
3.19087e+08 0
3.1911e+08 0
3.19121e+08 0
3.19143e+08 0
3.19166e+08 0
3.19199e+08 0
3.1921e+08 0
3.19222e+08 0
3.19233e+08 0
3.19244e+08 0
3.19255e+08 0
3.19266e+08 0
3.19278e+08 0
3.193e+08 0
3.19311e+08 0
3.19322e+08 0
3.19367e+08 0
3.19401e+08 0
3.19423e+08 0
3.19468e+08 0
3.1949e+08 0
3.19524e+08 0
3.1958e+08 0
3.19591e+08 0
3.19602e+08 0
3.19613e+08 0
3.19625e+08 0
3.19647e+08 0
3.3792e+08 0
3.37931e+08 0
3.37976e+08 0
3.37987e+08 0
3.37998e+08 0
3.38009e+08 0
3.38032e+08 0
3.38065e+08 0
3.38099e+08 0
3.38121e+08 0
3.38155e+08 0
3.38177e+08 0
3.38211e+08 0
3.38222e+08 0
3.38233e+08 0
3.38244e+08 0
3.38255e+08 0
3.38266e+08 0
3.38278e+08 0
3.38289e+08 0
3.383e+08 0
3.38322e+08 0
3.38345e+08 0
3.3839e+08 0
3.38401e+08 0
3.38435e+08 0
3.38457e+08 0
3.38491e+08 0
3.38502e+08 0
3.38513e+08 0
3.38524e+08 0
3.38547e+08 0
3.57211e+08 0
3.57233e+08 0
3.57479e+08 0
3.5749e+08 0
3.57513e+08 0
3.57524e+08 0
3.57535e+08 0
3.57569e+08 0
3.5758e+08 0
3.57602e+08 0
3.57625e+08 0
3.57636e+08 0
3.57658e+08 0
3.5768e+08 0
3.57692e+08 0
3.57703e+08 0
3.57714e+08 0
3.57736e+08 0
3.57759e+08 0
3.5777e+08 0
3.57792e+08 0
3.57803e+08 0
3.57826e+08 0
3.57882e+08 0
3.57904e+08 0
3.57915e+08 0
3.57949e+08 0
3.5796e+08 0
3.57972e+08 0
3.57994e+08 0
3.58017e+08 0
3.5805e+08 0
3.58062e+08 0
3.77184e+08 0
3.77206e+08 0
3.77385e+08 0
3.7743e+08 0
3.77463e+08 0
3.77475e+08 0
3.77497e+08 0
3.77542e+08 0
3.77553e+08 0
3.77564e+08 0
3.77575e+08 0
3.77587e+08 0
3.77598e+08 0
3.77609e+08 0
3.7762e+08 0
3.77631e+08 0
3.77676e+08 0
3.77698e+08 0
3.77732e+08 0
3.77743e+08 0
3.77777e+08 0
3.7781e+08 0
3.77833e+08 0
3.77866e+08 0
3.77922e+08 0
3.77933e+08 0
3.77978e+08 0
3.78023e+08 0
3.78057e+08 0
3.78079e+08 0
3.7809e+08 0
3.78101e+08 0
3.78113e+08 0
3.78135e+08 0
3.97828e+08 0
3.97861e+08 0
3.9804e+08 0
3.98063e+08 0
3.98074e+08 0
3.98107e+08 0
3.98119e+08 0
3.98152e+08 0
3.98164e+08 0
3.98186e+08 0
3.98197e+08 0
3.98208e+08 0
3.98219e+08 0
3.98231e+08 0
3.98253e+08 0
3.98264e+08 0
3.9832e+08 0
3.98331e+08 0
3.98342e+08 0
3.98354e+08 0
3.98365e+08 0
3.98421e+08 0
3.98454e+08 0
3.98466e+08 0
3.98488e+08 0
3.9851e+08 0
3.98611e+08 0
3.98645e+08 0
3.98689e+08 0
3.98734e+08 0
3.98757e+08 0
3.98768e+08 0
3.98779e+08 0
3.9879e+08 0
3.98813e+08 0
4.19004e+08 0
4.1906e+08 0
4.19317e+08 0
4.19339e+08 0
4.19362e+08 0
4.19384e+08 0
4.19395e+08 0
4.19485e+08 0
4.19507e+08 0
4.19518e+08 0
4.1953e+08 0
4.19541e+08 0
4.19552e+08 0
4.19574e+08 0
4.19586e+08 0
4.19597e+08 0
4.19608e+08 0
4.19619e+08 0
4.1963e+08 0
4.19653e+08 0
4.19664e+08 0
4.19675e+08 0
4.19697e+08 0
4.19731e+08 0
4.19742e+08 0
4.19765e+08 0
4.19821e+08 0
4.19899e+08 0
4.1991e+08 0
4.19955e+08 0
4.19966e+08 0
4.19978e+08 0
4.20045e+08 0
4.20056e+08 0
4.20078e+08 0
4.20134e+08 0
4.40776e+08 0
4.40809e+08 0
4.41223e+08 0
4.41234e+08 0
4.41245e+08 0
4.41257e+08 0
4.41268e+08 0
4.4129e+08 0
4.41335e+08 0
4.41346e+08 0
4.41369e+08 0
4.4138e+08 0
4.41402e+08 0
4.41425e+08 0
4.41458e+08 0
4.41469e+08 0
4.4148e+08 0
4.41492e+08 0
4.41525e+08 0
4.41559e+08 0
4.41603e+08 0
4.41615e+08 0
4.41626e+08 0
4.41637e+08 0
4.41659e+08 0
4.4167e+08 0
4.41693e+08 0
4.41738e+08 0
4.41749e+08 0
4.41771e+08 0
4.41805e+08 0
4.4185e+08 0
4.41861e+08 0
4.41906e+08 0
4.41917e+08 0
4.41928e+08 0
4.4194e+08 0
4.63144e+08 0
4.63233e+08 0
4.63479e+08 0
4.63502e+08 0
4.63524e+08 0
4.6358e+08 0
4.63602e+08 0
4.63658e+08 0
4.63714e+08 0
4.63737e+08 0
4.63759e+08 0
4.63781e+08 0
4.63804e+08 0
4.63826e+08 0
4.63848e+08 0
4.63859e+08 0
4.63904e+08 0
4.6396e+08 0
4.63982e+08 0
4.63994e+08 0
4.64005e+08 0
4.64027e+08 0
4.64038e+08 0
4.64061e+08 0
4.64094e+08 0
4.64105e+08 0
4.64117e+08 0
4.64184e+08 0
4.6424e+08 0
4.64273e+08 0
4.64296e+08 0
4.64341e+08 0
4.64352e+08 0
4.64363e+08 0
4.64375e+08 0
4.64386e+08 0
4.64397e+08 0
4.64408e+08 0
4.86158e+08 0
4.86225e+08 0
4.86449e+08 0
4.86494e+08 0
4.86516e+08 0
4.86617e+08 0
4.8665e+08 0
4.86662e+08 0
4.86718e+08 0
4.86729e+08 0
4.86751e+08 0
4.86762e+08 0
4.86807e+08 0
4.8683e+08 0
4.86852e+08 0
4.86874e+08 0
4.86885e+08 0
4.86897e+08 0
4.8693e+08 0
4.86952e+08 0
4.86997e+08 0
4.87053e+08 0
4.87131e+08 0
4.87154e+08 0
4.87165e+08 0
4.87198e+08 0
4.87243e+08 0
4.87277e+08 0
4.87321e+08 0
4.87377e+08 0
4.87389e+08 0
4.874e+08 0
4.87434e+08 0
4.87456e+08 0
4.87467e+08 0
4.87501e+08 0
4.87512e+08 0
4.87524e+08 0
4.87535e+08 0
5.09589e+08 0
5.09768e+08 0
5.0998e+08 0
5.10014e+08 0
5.10036e+08 0
5.10047e+08 0
5.10092e+08 0
5.10126e+08 0
5.10171e+08 0
5.10193e+08 0
5.10226e+08 0
5.10249e+08 0
5.10271e+08 0
5.10294e+08 0
5.10305e+08 0
5.10338e+08 0
5.10349e+08 0
5.10383e+08 0
5.10461e+08 0
5.10484e+08 0
5.10517e+08 0
5.10573e+08 0
5.10584e+08 0
5.10618e+08 0
5.1064e+08 0
5.10707e+08 0
5.10719e+08 0
5.10741e+08 0
5.10775e+08 0
5.10797e+08 0
5.1083e+08 0
5.10942e+08 0
5.11032e+08 0
5.11144e+08 0
5.11177e+08 0
5.11189e+08 0
5.112e+08 0
5.11211e+08 0
5.11222e+08 0
5.11233e+08 0
5.33845e+08 0
5.33935e+08 0
5.34237e+08 0
5.34259e+08 0
5.34281e+08 0
5.34304e+08 0
5.34315e+08 0
5.34326e+08 0
5.3436e+08 0
5.34405e+08 0
5.34427e+08 0
5.34438e+08 0
5.34472e+08 0
5.34483e+08 0
5.34516e+08 0
5.3455e+08 0
5.34606e+08 0
5.34639e+08 0
5.34684e+08 0
5.34718e+08 0
5.34729e+08 0
5.34785e+08 0
5.3483e+08 0
5.34852e+08 0
5.34874e+08 0
5.3493e+08 0
5.34975e+08 0
5.35009e+08 0
5.3502e+08 0
5.35064e+08 0
5.35076e+08 0
5.35143e+08 0
5.35187e+08 0
5.35232e+08 0
5.35333e+08 0
5.35367e+08 0
5.35411e+08 0
5.35423e+08 0
5.35434e+08 0
5.35456e+08 0
5.3549e+08 0
5.58528e+08 0
5.58584e+08 0
5.59065e+08 0
5.59087e+08 0
5.59098e+08 0
5.59121e+08 0
5.59132e+08 0
5.59143e+08 0
5.59244e+08 0
5.59266e+08 0
5.59288e+08 0
5.593e+08 0
5.59322e+08 0
5.59333e+08 0
5.59367e+08 0
5.59389e+08 0
5.594e+08 0
5.59412e+08 0
5.59423e+08 0
5.5949e+08 0
5.59568e+08 0
5.5968e+08 0
5.59702e+08 0
5.59725e+08 0
5.59747e+08 0
5.59769e+08 0
5.59781e+08 0
5.59792e+08 0
5.59803e+08 0
5.59814e+08 0
5.59825e+08 0
5.59848e+08 0
5.59859e+08 0
5.59881e+08 0
5.59971e+08 0
5.60161e+08 0
5.60183e+08 0
5.60206e+08 0
5.60217e+08 0
5.60228e+08 0
5.60251e+08 0
5.60262e+08 0
5.84112e+08 0
5.84358e+08 0
5.84447e+08 0
5.84492e+08 0
5.84503e+08 0
5.84694e+08 0
5.84738e+08 0
5.8475e+08 0
5.84817e+08 0
5.84828e+08 0
5.84839e+08 0
5.84884e+08 0
5.84906e+08 0
5.84917e+08 0
5.84928e+08 0
5.84951e+08 0
5.84984e+08 0
5.84996e+08 0
5.85007e+08 0
5.85029e+08 0
5.85051e+08 0
5.8513e+08 0
5.85186e+08 0
5.85197e+08 0
5.85219e+08 0
5.8523e+08 0
5.85275e+08 0
5.85286e+08 0
5.85298e+08 0
5.85331e+08 0
5.85354e+08 0
5.85387e+08 0
5.85409e+08 0
5.85432e+08 0
5.85443e+08 0
5.85566e+08 0
5.85588e+08 0
5.85678e+08 0
5.85689e+08 0
5.85723e+08 0
5.85734e+08 0
5.85745e+08 0
5.85756e+08 0
6.09977e+08 0
6.10223e+08 0
6.10425e+08 0
6.10525e+08 0
6.10548e+08 0
6.10648e+08 0
6.10659e+08 0
6.10682e+08 0
6.10704e+08 0
6.10715e+08 0
6.10738e+08 0
6.1076e+08 0
6.10771e+08 0
6.10794e+08 0
6.10816e+08 0
6.10838e+08 0
6.1085e+08 0
6.10872e+08 0
6.10973e+08 0
6.10995e+08 0
6.11017e+08 0
6.11051e+08 0
6.11163e+08 0
6.11185e+08 0
6.11207e+08 0
6.11219e+08 0
6.11241e+08 0
6.11252e+08 0
6.11263e+08 0
6.11275e+08 0
6.11286e+08 0
6.11319e+08 0
6.11342e+08 0
6.11398e+08 0
6.1142e+08 0
6.11431e+08 0
6.11487e+08 0
6.11565e+08 0
6.11688e+08 0
6.117e+08 0
6.11711e+08 0
6.11722e+08 0
6.11733e+08 0
6.11744e+08 0
6.27024e+08 0
6.27047e+08 0
6.27058e+08 0
