310221 0
902542 0
1.49486e+06 0
2.08718e+06 0
2.67951e+06 0
3.27184e+06 0
3.86421e+06 0
4.45663e+06 0
5.04912e+06 0
5.64176e+06 0
6.23476e+06 0
6.91895e+06 0
7.42198e+06 0
7.4444e+06 0
9.22287e+06 0
9.2564e+06 0
1.0882e+07 0
1.08931e+07 0
1.09043e+07 0
1.33756e+07 0
1.34203e+07 0
1.35097e+07 0
1.36103e+07 0
1.64705e+07 0
1.65376e+07 0
1.72529e+07 0
1.73311e+07 0
1.74429e+07 0
1.99454e+07 0
1.99566e+07 0
2.02919e+07 0
2.0359e+07 0
2.04484e+07 0
2.05378e+07 0
2.37978e+07 0
2.38314e+07 0
2.39878e+07 0
2.40102e+07 0
2.40996e+07 0
2.41443e+07 0
2.41778e+07 0
2.8538e+07 0
2.85603e+07 0
2.85827e+07 0
2.8605e+07 0
2.86945e+07 0
2.87392e+07 0
2.88398e+07 0
3.24961e+07 0
3.25184e+07 0
3.2619e+07 0
3.27084e+07 0
3.27643e+07 0
3.30102e+07 0
3.30997e+07 0
3.33679e+07 0
3.77519e+07 0
3.77743e+07 0
3.77966e+07 0
3.7819e+07 0
3.78413e+07 0
3.78637e+07 0
3.79644e+07 0
3.79867e+07 0
3.84115e+07 0
4.32599e+07 0
4.32822e+07 0
4.33046e+07 0
4.33269e+07 0
4.33381e+07 0
4.33605e+07 0
4.34052e+07 0
4.38133e+07 0
4.38692e+07 0
4.40145e+07 0
4.93933e+07 0
4.94044e+07 0
4.94156e+07 0
4.9438e+07 0
4.94603e+07 0
4.94715e+07 0
4.94939e+07 0
4.9505e+07 0
4.96788e+07 0
4.99024e+07 0
5.0003e+07 0
5.60808e+07 0
5.6092e+07 0
5.61032e+07 0
5.61144e+07 0
5.6159e+07 0
5.62149e+07 0
5.6288e+07 0
5.63215e+07 0
5.63438e+07 0
5.63774e+07 0
5.6478e+07 0
5.65004e+07 0
6.32327e+07 0
6.32551e+07 0
6.32663e+07 0
6.32775e+07 0
6.32887e+07 0
6.32999e+07 0
6.35235e+07 0
6.3557e+07 0
6.35793e+07 0
6.36017e+07 0
6.37023e+07 0
6.38812e+07 0
6.39147e+07 0
7.10273e+07 0
7.10385e+07 0
7.10497e+07 0
7.10609e+07 0
7.10833e+07 0
7.10997e+07 0
7.13445e+07 0
7.13668e+07 0
7.13892e+07 0
7.14004e+07 0
7.14115e+07 0
7.14898e+07 0
7.16687e+07 0
7.16799e+07 0
7.95325e+07 0
7.95437e+07 0
7.95549e+07 0
7.95661e+07 0
7.95773e+07 0
7.96332e+07 0
7.96669e+07 0
7.9678e+07 0
7.97004e+07 0
7.97339e+07 0
7.9801e+07 0
7.98122e+07 0
7.98794e+07 0
8.00743e+07 0
8.0119e+07 0
8.85892e+07 0
8.86004e+07 0
8.86116e+07 0
8.86228e+07 0
8.8634e+07 0
8.87011e+07 0
8.87683e+07 0
8.88242e+07 0
8.88465e+07 0
8.88577e+07 0
8.88801e+07 0
8.88912e+07 0
8.89024e+07 0
8.89695e+07 0
8.91261e+07 0
8.91372e+07 0
9.81174e+07 0
9.81286e+07 0
9.81398e+07 0
9.81622e+07 0
9.81957e+07 0
9.82069e+07 0
9.83304e+07 0
9.83751e+07 0
9.83863e+07 0
9.83974e+07 0
9.84986e+07 0
9.85098e+07 0
9.8521e+07 0
9.868e+07 0
9.87136e+07 0
9.87807e+07 0
9.87918e+07 0
1.0836e+08 0
1.08371e+08 0
1.08383e+08 0
1.08394e+08 0
1.08416e+08 0
1.08439e+08 0
1.08483e+08 0
1.08495e+08 0
1.08506e+08 0
1.08528e+08 0
1.08629e+08 0
1.08651e+08 0
1.08674e+08 0
1.08939e+08 0
1.08961e+08 0
1.08984e+08 0
1.09006e+08 0
1.09017e+08 0
1.19145e+08 0
1.19156e+08 0
1.19167e+08 0
1.19201e+08 0
1.19223e+08 0
1.19234e+08 0
1.19279e+08 0
1.1929e+08 0
1.19301e+08 0
1.19313e+08 0
1.19425e+08 0
1.19436e+08 0
1.19458e+08 0
1.19629e+08 0
1.19652e+08 0
1.19663e+08 0
1.19786e+08 0
1.19809e+08 0
1.19831e+08 0
1.30618e+08 0
1.3063e+08 0
1.30641e+08 0
1.30663e+08 0
1.30675e+08 0
1.30719e+08 0
1.30775e+08 0
1.30786e+08 0
1.30798e+08 0
1.30809e+08 0
1.30887e+08 0
1.30921e+08 0
1.30932e+08 0
1.30954e+08 0
1.30965e+08 0
1.30988e+08 0
1.3107e+08 0
1.31081e+08 0
1.31103e+08 0
1.31125e+08 0
1.42649e+08 0
1.42661e+08 0
1.42672e+08 0
1.42694e+08 0
1.42706e+08 0
1.42739e+08 0
1.42817e+08 0
1.42829e+08 0
1.42873e+08 0
1.42907e+08 0
1.42941e+08 0
1.42952e+08 0
1.42963e+08 0
1.43019e+08 0
1.43052e+08 0
1.43064e+08 0
1.43097e+08 0
1.43108e+08 0
1.43131e+08 0
1.43153e+08 0
1.43175e+08 0
1.55284e+08 0
1.55296e+08 0
1.55307e+08 0
1.55329e+08 0
1.55341e+08 0
1.55352e+08 0
1.55441e+08 0
1.55464e+08 0
1.55497e+08 0
1.55508e+08 0
1.55553e+08 0
1.55587e+08 0
1.55598e+08 0
1.5562e+08 0
1.55643e+08 0
1.55676e+08 0
1.55721e+08 0
1.55743e+08 0
1.55766e+08 0
1.55777e+08 0
1.55833e+08 0
1.55855e+08 0
1.6856e+08 0
1.68572e+08 0
1.68583e+08 0
1.68606e+08 0
1.68617e+08 0
1.68628e+08 0
1.68695e+08 0
1.68717e+08 0
1.68729e+08 0
1.68751e+08 0
1.68829e+08 0
1.68874e+08 0
1.68885e+08 0
1.68897e+08 0
1.68919e+08 0
1.68941e+08 0
1.68964e+08 0
1.68975e+08 0
1.68997e+08 0
1.69042e+08 0
1.69087e+08 0
1.69131e+08 0
1.81567e+08 0
1.81578e+08 0
1.81611e+08 0
1.81634e+08 0
1.81668e+08 0
1.81701e+08 0
1.81712e+08 0
1.81791e+08 0
1.81802e+08 0
1.81824e+08 0
1.81847e+08 0
1.81925e+08 0
1.81947e+08 0
1.81959e+08 0
1.8197e+08 0
1.81981e+08 0
1.82015e+08 0
1.82048e+08 0
1.82093e+08 0
1.82104e+08 0
1.82138e+08 0
1.82171e+08 0
1.82216e+08 0
1.95346e+08 0
1.95357e+08 0
1.95368e+08 0
1.95391e+08 0
1.95424e+08 0
1.95458e+08 0
1.9548e+08 0
1.95492e+08 0
1.95615e+08 0
1.95626e+08 0
1.95671e+08 0
1.95704e+08 0
1.95738e+08 0
1.95749e+08 0
1.95771e+08 0
1.95783e+08 0
1.95816e+08 0
1.95838e+08 0
1.95861e+08 0
1.95894e+08 0
1.95917e+08 0
1.9595e+08 0
1.96017e+08 0
1.9604e+08 0
2.09771e+08 0
2.09782e+08 0
2.09793e+08 0
2.09804e+08 0
2.09815e+08 0
2.09849e+08 0
2.09894e+08 0
2.09916e+08 0
2.09928e+08 0
2.10073e+08 0
2.10096e+08 0
2.10129e+08 0
2.10152e+08 0
2.10196e+08 0
2.10208e+08 0
2.1023e+08 0
2.10241e+08 0
2.10275e+08 0
2.10297e+08 0
2.10342e+08 0
2.10364e+08 0
2.10386e+08 0
2.10409e+08 0
2.10509e+08 0
2.10521e+08 0
2.24802e+08 0
2.24813e+08 0
2.24824e+08 0
2.24835e+08 0
2.24846e+08 0
2.24858e+08 0
2.24891e+08 0
2.24914e+08 0
2.24959e+08 0
2.2497e+08 0
2.25127e+08 0
2.2516e+08 0
2.25205e+08 0
2.25227e+08 0
2.25261e+08 0
2.25272e+08 0
2.25306e+08 0
2.25328e+08 0
2.2535e+08 0
2.25362e+08 0
2.25429e+08 0
2.2544e+08 0
2.25485e+08 0
2.25507e+08 0
2.25596e+08 0
2.25619e+08 0
2.40351e+08 0
2.40373e+08 0
2.40418e+08 0
2.40429e+08 0
2.4044e+08 0
2.40452e+08 0
2.40474e+08 0
2.40485e+08 0
2.40519e+08 0
2.40553e+08 0
2.40575e+08 0
2.4072e+08 0
2.40788e+08 0
2.40844e+08 0
2.40855e+08 0
2.40866e+08 0
2.40888e+08 0
2.40911e+08 0
2.40922e+08 0
2.40978e+08 0
2.41e+08 0
2.41056e+08 0
2.41079e+08 0
2.41179e+08 0
2.41201e+08 0
2.41246e+08 0
2.41257e+08 0
2.56591e+08 0
2.56625e+08 0
2.56636e+08 0
2.56647e+08 0
2.56658e+08 0
2.5668e+08 0
2.56692e+08 0
2.56714e+08 0
2.56725e+08 0
2.56782e+08 0
2.56815e+08 0
2.56826e+08 0
2.56972e+08 0
2.57028e+08 0
2.57117e+08 0
2.57129e+08 0
2.5714e+08 0
2.57173e+08 0
2.57184e+08 0
2.57196e+08 0
2.5724e+08 0
2.57252e+08 0
2.57319e+08 0
2.5733e+08 0
2.57453e+08 0
2.57498e+08 0
2.57554e+08 0
2.57565e+08 0
2.73366e+08 0
2.73377e+08 0
2.73399e+08 0
2.73422e+08 0
2.73444e+08 0
2.73466e+08 0
2.73489e+08 0
2.735e+08 0
2.73511e+08 0
2.73579e+08 0
2.7359e+08 0
2.73612e+08 0
2.73635e+08 0
2.7378e+08 0
2.73825e+08 0
2.73948e+08 0
2.73959e+08 0
2.73982e+08 0
2.73993e+08 0
2.74015e+08 0
2.74049e+08 0
2.7406e+08 0
2.74082e+08 0
2.74161e+08 0
2.74172e+08 0
2.7434e+08 0
2.74351e+08 0
2.74418e+08 0
2.74429e+08 0
2.90811e+08 0
2.90823e+08 0
2.90834e+08 0
2.90845e+08 0
2.90856e+08 0
2.90867e+08 0
2.90879e+08 0
2.9089e+08 0
2.90923e+08 0
2.91024e+08 0
2.91035e+08 0
2.91047e+08 0
2.91069e+08 0
2.91091e+08 0
2.91237e+08 0
2.91282e+08 0
2.91416e+08 0
2.91427e+08 0
2.91438e+08 0
2.91461e+08 0
2.91472e+08 0
2.91528e+08 0
2.91573e+08 0
2.91584e+08 0
2.91662e+08 0
2.91673e+08 0
2.91886e+08 0
2.91897e+08 0
2.91908e+08 0
2.91931e+08 0
3.08796e+08 0
3.08807e+08 0
3.08818e+08 0
3.08841e+08 0
3.08852e+08 0
3.08863e+08 0
3.08885e+08 0
3.08897e+08 0
3.08919e+08 0
3.09031e+08 0
3.09042e+08 0
3.09054e+08 0
3.09076e+08 0
3.09087e+08 0
3.09098e+08 0
3.09255e+08 0
3.09356e+08 0
3.09445e+08 0
3.09456e+08 0
3.0949e+08 0
3.09501e+08 0
3.09524e+08 0
3.09579e+08 0
3.09613e+08 0
3.09624e+08 0
3.09703e+08 0
3.09714e+08 0
3.09915e+08 0
3.09937e+08 0
3.09982e+08 0
3.10005e+08 0
3.27369e+08 0
3.27402e+08 0
3.27447e+08 0
3.27458e+08 0
3.27492e+08 0
3.27514e+08 0
3.27537e+08 0
3.27559e+08 0
3.2757e+08 0
3.27682e+08 0
3.27694e+08 0
3.27705e+08 0
3.27727e+08 0
3.27738e+08 0
3.27761e+08 0
3.27783e+08 0
3.27906e+08 0
3.27996e+08 0
3.28096e+08 0
3.28108e+08 0
3.2813e+08 0
3.28175e+08 0
3.28197e+08 0
3.28208e+08 0
3.28264e+08 0
3.28287e+08 0
3.28354e+08 0
3.28365e+08 0
3.28566e+08 0
3.28578e+08 0
3.28645e+08 0
3.28748e+08 0
3.46464e+08 0
3.46509e+08 0
3.46565e+08 0
3.46576e+08 0
3.46598e+08 0
3.4661e+08 0
3.46665e+08 0
3.46688e+08 0
3.46699e+08 0
3.46777e+08 0
3.46789e+08 0
3.468e+08 0
3.46822e+08 0
3.46845e+08 0
3.46856e+08 0
3.46878e+08 0
3.469e+08 0
3.47068e+08 0
3.47113e+08 0
3.47203e+08 0
3.47225e+08 0
3.47259e+08 0
3.47292e+08 0
3.47303e+08 0
3.47315e+08 0
3.47393e+08 0
3.47426e+08 0
3.4755e+08 0
3.47561e+08 0
3.47661e+08 0
3.47695e+08 0
3.47872e+08 0
3.48174e+08 0
3.661e+08 0
3.66178e+08 0
3.66223e+08 0
3.66234e+08 0
3.6629e+08 0
3.66324e+08 0
3.66335e+08 0
3.66346e+08 0
3.66357e+08 0
3.66491e+08 0
3.66525e+08 0
3.66536e+08 0
3.66547e+08 0
3.66592e+08 0
3.66603e+08 0
3.66615e+08 0
3.66626e+08 0
3.66637e+08 0
3.66727e+08 0
3.66838e+08 0
3.66917e+08 0
3.66973e+08 0
3.67028e+08 0
3.67073e+08 0
3.67084e+08 0
3.67096e+08 0
3.6714e+08 0
3.67163e+08 0
3.6732e+08 0
3.67331e+08 0
3.67431e+08 0
3.67487e+08 0
3.67811e+08 0
3.68102e+08 0
3.86363e+08 0
3.86431e+08 0
3.86498e+08 0
3.8652e+08 0
3.86565e+08 0
3.86576e+08 0
3.86598e+08 0
3.86632e+08 0
3.86665e+08 0
3.868e+08 0
3.86833e+08 0
3.86856e+08 0
3.86878e+08 0
3.86923e+08 0
3.86934e+08 0
3.86945e+08 0
3.86956e+08 0
3.86968e+08 0
3.87046e+08 0
3.87057e+08 0
3.87158e+08 0
3.87258e+08 0
3.8727e+08 0
3.87281e+08 0
3.87393e+08 0
3.87415e+08 0
3.87437e+08 0
3.87493e+08 0
3.87505e+08 0
3.87661e+08 0
3.87684e+08 0
3.87818e+08 0
3.87874e+08 0
3.88232e+08 0
3.88535e+08 0
4.07301e+08 0
4.07323e+08 0
4.07435e+08 0
4.07457e+08 0
4.07535e+08 0
4.07558e+08 0
4.07569e+08 0
4.07591e+08 0
4.07602e+08 0
4.07681e+08 0
4.07793e+08 0
4.07815e+08 0
4.07826e+08 0
4.07893e+08 0
4.07905e+08 0
4.07916e+08 0
4.07938e+08 0
4.07949e+08 0
4.08028e+08 0
4.08039e+08 0
4.0805e+08 0
4.08184e+08 0
4.0824e+08 0
4.08263e+08 0
4.08285e+08 0
4.0843e+08 0
4.08442e+08 0
4.08464e+08 0
4.08486e+08 0
4.08509e+08 0
4.08654e+08 0
4.08666e+08 0
4.08845e+08 0
4.08921e+08 0
4.09368e+08 0
4.09424e+08 0
4.28737e+08 0
4.28748e+08 0
4.28837e+08 0
4.28938e+08 0
4.28994e+08 0
4.29016e+08 0
4.29027e+08 0
4.2905e+08 0
4.29061e+08 0
4.29139e+08 0
4.2924e+08 0
4.29262e+08 0
4.29274e+08 0
4.29329e+08 0
4.29363e+08 0
4.29374e+08 0
4.29385e+08 0
4.29397e+08 0
4.29475e+08 0
4.29486e+08 0
4.29497e+08 0
4.29632e+08 0
4.29654e+08 0
4.29676e+08 0
4.29688e+08 0
4.29699e+08 0
4.29889e+08 0
4.299e+08 0
4.29922e+08 0
4.29978e+08 0
4.30012e+08 0
4.30124e+08 0
4.30135e+08 0
4.30359e+08 0
4.30551e+08 0
4.30952e+08 0
4.30975e+08 0
4.50869e+08 0
4.5088e+08 0
4.50891e+08 0
4.51037e+08 0
4.51081e+08 0
4.51126e+08 0
4.51148e+08 0
4.51171e+08 0
4.51193e+08 0
4.51238e+08 0
4.51383e+08 0
4.51406e+08 0
4.51428e+08 0
4.5145e+08 0
4.51484e+08 0
4.51495e+08 0
4.51506e+08 0
4.51518e+08 0
4.51596e+08 0
4.51607e+08 0
4.51641e+08 0
4.51753e+08 0
4.51775e+08 0
4.51797e+08 0
4.51809e+08 0
4.5182e+08 0
4.51842e+08 0
4.52088e+08 0
4.52099e+08 0
4.52133e+08 0
4.52166e+08 0
4.52189e+08 0
4.5229e+08 0
4.52301e+08 0
4.52558e+08 0
4.52637e+08 0
4.53052e+08 0
4.53085e+08 0
4.73404e+08 0
4.73505e+08 0
4.73527e+08 0
4.73572e+08 0
4.73606e+08 0
4.73617e+08 0
4.73628e+08 0
4.73662e+08 0
4.73684e+08 0
4.73829e+08 0
4.7402e+08 0
4.74042e+08 0
4.74064e+08 0
4.74087e+08 0
4.74098e+08 0
4.7412e+08 0
4.74143e+08 0
4.74154e+08 0
4.74221e+08 0
4.74232e+08 0
4.74255e+08 0
4.74355e+08 0
4.74367e+08 0
4.744e+08 0
4.74423e+08 0
4.74434e+08 0
4.74456e+08 0
4.74478e+08 0
4.74713e+08 0
4.74747e+08 0
4.7478e+08 0
4.74814e+08 0
4.74836e+08 0
4.74937e+08 0
4.74948e+08 0
4.75259e+08 0
4.75467e+08 0
4.75713e+08 0
4.75735e+08 0
4.96498e+08 0
4.96554e+08 0
4.968e+08 0
4.96811e+08 0
4.96822e+08 0
4.96833e+08 0
4.96845e+08 0
4.96856e+08 0
4.96867e+08 0
4.97023e+08 0
4.97225e+08 0
4.97314e+08 0
4.97325e+08 0
4.97348e+08 0
4.97359e+08 0
4.9737e+08 0
4.97393e+08 0
4.97404e+08 0
4.97471e+08 0
4.97493e+08 0
4.97505e+08 0
4.97594e+08 0
4.97605e+08 0
4.97639e+08 0
4.97661e+08 0
4.97762e+08 0
4.97773e+08 0
4.97795e+08 0
4.97807e+08 0
4.97997e+08 0
4.98008e+08 0
4.98019e+08 0
4.98075e+08 0
4.98109e+08 0
4.98221e+08 0
4.98232e+08 0
4.98655e+08 0
4.98767e+08 0
4.98957e+08 0
4.9899e+08 0
5.2026e+08 0
5.20316e+08 0
5.2064e+08 0
5.20652e+08 0
5.20674e+08 0
5.20685e+08 0
5.20719e+08 0
5.2073e+08 0
5.20741e+08 0
5.20842e+08 0
5.20976e+08 0
5.21133e+08 0
5.21144e+08 0
5.21177e+08 0
5.212e+08 0
5.21211e+08 0
5.21233e+08 0
5.21244e+08 0
5.21312e+08 0
5.21323e+08 0
5.21345e+08 0
5.21446e+08 0
5.21457e+08 0
5.21468e+08 0
5.21513e+08 0
5.21558e+08 0
5.2158e+08 0
5.21603e+08 0
5.21614e+08 0
5.21658e+08 0
5.21882e+08 0
5.21905e+08 0
5.2196e+08 0
5.21972e+08 0
5.21983e+08 0
5.22095e+08 0
5.22106e+08 0
5.22694e+08 0
5.22805e+08 0
5.2294e+08 0
5.22984e+08 0
5.4478e+08 0
5.44802e+08 0
5.45205e+08 0
5.45216e+08 0
5.45227e+08 0
5.4525e+08 0
5.45283e+08 0
5.45294e+08 0
5.45317e+08 0
5.45373e+08 0
5.45585e+08 0
5.45663e+08 0
5.45708e+08 0
5.45753e+08 0
5.45775e+08 0
5.45786e+08 0
5.45798e+08 0
5.45809e+08 0
5.45898e+08 0
5.4591e+08 0
5.45921e+08 0
5.45999e+08 0
5.4601e+08 0
5.46033e+08 0
5.46156e+08 0
5.46212e+08 0
5.46223e+08 0
5.46234e+08 0
5.46245e+08 0
5.46256e+08 0
5.46279e+08 0
5.46525e+08 0
5.4657e+08 0
5.46581e+08 0
5.46592e+08 0
5.46603e+08 0
5.46704e+08 0
5.46715e+08 0
5.47134e+08 0
5.47257e+08 0
5.47458e+08 0
5.47492e+08 0
5.69813e+08 0
5.69824e+08 0
5.70149e+08 0
5.7016e+08 0
5.70193e+08 0
5.70216e+08 0
5.70238e+08 0
5.70283e+08 0
5.70316e+08 0
5.70406e+08 0
5.70596e+08 0
5.70641e+08 0
5.70708e+08 0
5.70786e+08 0
5.70797e+08 0
5.7082e+08 0
5.70853e+08 0
5.70875e+08 0
5.70954e+08 0
5.70965e+08 0
5.70987e+08 0
5.71043e+08 0
5.71066e+08 0
5.71077e+08 0
5.71245e+08 0
5.71301e+08 0
5.71345e+08 0
5.71357e+08 0
5.71368e+08 0
5.71401e+08 0
5.71435e+08 0
5.71457e+08 0
5.71647e+08 0
5.71659e+08 0
5.7167e+08 0
5.71681e+08 0
5.71692e+08 0
5.71804e+08 0
5.71816e+08 0
5.72224e+08 0
5.72325e+08 0
5.72504e+08 0
5.72582e+08 0
5.95384e+08 0
5.95473e+08 0
5.95597e+08 0
5.95608e+08 0
5.9563e+08 0
5.95653e+08 0
5.95686e+08 0
5.95709e+08 0
5.9572e+08 0
5.95932e+08 0
5.96256e+08 0
5.96268e+08 0
5.96391e+08 0
5.96435e+08 0
5.96458e+08 0
5.96491e+08 0
5.96514e+08 0
5.96525e+08 0
5.96648e+08 0
5.96659e+08 0
5.96681e+08 0
5.96726e+08 0
5.96782e+08 0
5.96793e+08 0
5.96838e+08 0
5.97039e+08 0
5.97051e+08 0
5.97073e+08 0
5.97095e+08 0
5.97118e+08 0
5.97129e+08 0
5.97151e+08 0
5.97162e+08 0
5.97341e+08 0
5.97353e+08 0
5.97364e+08 0
5.97375e+08 0
5.97397e+08 0
5.97515e+08 0
5.97559e+08 0
5.97957e+08 0
5.9799e+08 0
5.98102e+08 0
5.9827e+08 0
6.2134e+08 0
6.21373e+08 0
6.21541e+08 0
