432045 0
1.02771e+06 0
1.62003e+06 0
2.21235e+06 0
2.80468e+06 0
3.39701e+06 0
3.98937e+06 0
4.58176e+06 0
5.16307e+06 0
5.75574e+06 0
6.35991e+06 0
7.05057e+06 0
7.95881e+06 0
7.97002e+06 0
9.68108e+06 0
9.78167e+06 0
1.11703e+07 0
1.11927e+07 0
1.12262e+07 0
1.43915e+07 0
1.44586e+07 0
1.45033e+07 0
1.45368e+07 0
1.71607e+07 0
1.72725e+07 0
1.73172e+07 0
1.73619e+07 0
1.73731e+07 0
2.06259e+07 0
2.09166e+07 0
2.09501e+07 0
2.11066e+07 0
2.1129e+07 0
2.11513e+07 0
2.38632e+07 0
2.45226e+07 0
2.4612e+07 0
2.47797e+07 0
2.48021e+07 0
2.48133e+07 0
2.48245e+07 0
2.85485e+07 0
2.85597e+07 0
2.86715e+07 0
2.89175e+07 0
2.89622e+07 0
2.90516e+07 0
2.90964e+07 0
3.26627e+07 0
3.27298e+07 0
3.28192e+07 0
3.28751e+07 0
3.3624e+07 0
3.36464e+07 0
3.36687e+07 0
3.37246e+07 0
3.8035e+07 0
3.81356e+07 0
3.81914e+07 0
3.82585e+07 0
3.83032e+07 0
3.90409e+07 0
3.90745e+07 0
3.90969e+07 0
3.91192e+07 0
4.35546e+07 0
4.38452e+07 0
4.3957e+07 0
4.40464e+07 0
4.41246e+07 0
4.41805e+07 0
4.49741e+07 0
4.503e+07 0
4.50412e+07 0
4.50524e+07 0
4.99438e+07 0
5.04244e+07 0
5.0525e+07 0
5.06144e+07 0
5.06926e+07 0
5.07373e+07 0
5.08267e+07 0
5.15087e+07 0
5.15981e+07 0
5.16204e+07 0
5.16763e+07 0
5.65604e+07 0
5.72645e+07 0
5.73315e+07 0
5.74992e+07 0
5.75774e+07 0
5.77674e+07 0
5.78233e+07 0
5.78903e+07 0
5.86729e+07 0
5.87846e+07 0
5.87958e+07 0
5.8807e+07 0
6.44791e+07 0
6.46914e+07 0
6.47697e+07 0
6.52503e+07 0
6.53061e+07 0
6.53844e+07 0
6.54179e+07 0
6.54626e+07 0
6.55185e+07 0
6.63345e+07 0
6.6424e+07 0
6.64463e+07 0
6.64799e+07 0
7.20526e+07 0
7.23879e+07 0
7.26338e+07 0
7.2835e+07 0
7.28909e+07 0
7.29579e+07 0
7.33379e+07 0
7.34385e+07 0
7.35391e+07 0
7.36173e+07 0
7.44558e+07 0
7.45116e+07 0
7.4534e+07 0
7.45452e+07 0
8.03812e+07 0
8.09177e+07 0
8.1063e+07 0
8.12418e+07 0
8.1443e+07 0
8.15436e+07 0
8.19906e+07 0
8.20912e+07 0
8.21582e+07 0
8.22253e+07 0
8.36116e+07 0
8.36228e+07 0
8.36451e+07 0
8.37122e+07 0
8.37792e+07 0
8.90605e+07 0
8.91611e+07 0
8.94964e+07 0
8.9597e+07 0
8.98094e+07 0
8.98653e+07 0
9.02118e+07 0
9.03124e+07 0
9.04241e+07 0
9.10613e+07 0
9.27826e+07 0
9.29392e+07 0
9.29616e+07 0
9.29951e+07 0
9.30286e+07 0
9.31181e+07 0
9.84091e+07 0
9.86104e+07 0
9.91133e+07 0
9.91468e+07 0
9.93592e+07 0
9.94039e+07 0
1.00007e+08 0
1.00041e+08 0
1.00209e+08 0
1.01349e+08 0
1.02388e+08 0
1.02578e+08 0
1.0259e+08 0
1.02657e+08 0
1.0269e+08 0
1.02746e+08 0
1.02869e+08 0
1.08793e+08 0
1.09017e+08 0
1.0924e+08 0
1.09307e+08 0
1.09698e+08 0
1.09777e+08 0
1.10268e+08 0
1.10335e+08 0
1.10671e+08 0
1.11542e+08 0
1.12727e+08 0
1.1323e+08 0
1.13242e+08 0
1.13286e+08 0
1.1332e+08 0
1.13353e+08 0
1.13376e+08 0
1.13443e+08 0
1.19638e+08 0
1.19917e+08 0
1.20152e+08 0
1.20242e+08 0
1.20499e+08 0
1.20543e+08 0
1.2127e+08 0
1.21337e+08 0
1.21415e+08 0
1.22097e+08 0
1.23751e+08 0
1.2412e+08 0
1.24154e+08 0
1.24366e+08 0
1.24377e+08 0
1.244e+08 0
1.24411e+08 0
1.24433e+08 0
1.24489e+08 0
1.31167e+08 0
1.312e+08 0
1.31334e+08 0
1.31413e+08 0
1.3148e+08 0
1.31547e+08 0
1.32374e+08 0
1.32497e+08 0
1.32709e+08 0
1.33536e+08 0
1.3528e+08 0
1.35727e+08 0
1.35772e+08 0
1.35973e+08 0
1.35984e+08 0
1.3604e+08 0
1.36073e+08 0
1.36107e+08 0
1.36129e+08 0
1.36185e+08 0
1.42935e+08 0
1.43137e+08 0
1.43315e+08 0
1.43628e+08 0
1.43695e+08 0
1.43763e+08 0
1.44835e+08 0
1.44891e+08 0
1.44992e+08 0
1.45461e+08 0
1.4735e+08 0
1.47585e+08 0
1.47741e+08 0
1.4811e+08 0
1.48222e+08 0
1.48256e+08 0
1.48278e+08 0
1.483e+08 0
1.48368e+08 0
1.4839e+08 0
1.48412e+08 0
1.55621e+08 0
1.55755e+08 0
1.5599e+08 0
1.56202e+08 0
1.56292e+08 0
1.56415e+08 0
1.57164e+08 0
1.57242e+08 0
1.57633e+08 0
1.58292e+08 0
1.60137e+08 0
1.60461e+08 0
1.6055e+08 0
1.60852e+08 0
1.60941e+08 0
1.61087e+08 0
1.61109e+08 0
1.61131e+08 0
1.61165e+08 0
1.61221e+08 0
1.61254e+08 0
1.61299e+08 0
1.68661e+08 0
1.68806e+08 0
1.68974e+08 0
1.69141e+08 0
1.69209e+08 0
1.69521e+08 0
1.70382e+08 0
1.70505e+08 0
1.70807e+08 0
1.71455e+08 0
1.73053e+08 0
1.73165e+08 0
1.73355e+08 0
1.73892e+08 0
1.73959e+08 0
1.74059e+08 0
1.74149e+08 0
1.7416e+08 0
1.74182e+08 0
1.74194e+08 0
1.74216e+08 0
1.74238e+08 0
1.8216e+08 0
1.82194e+08 0
1.82249e+08 0
1.82372e+08 0
1.82417e+08 0
1.82674e+08 0
1.83043e+08 0
1.84015e+08 0
1.84082e+08 0
1.84272e+08 0
1.84898e+08 0
1.8691e+08 0
1.87078e+08 0
1.87257e+08 0
1.87637e+08 0
1.87693e+08 0
1.8776e+08 0
1.87793e+08 0
1.87805e+08 0
1.87849e+08 0
1.87872e+08 0
1.87905e+08 0
1.87916e+08 0
1.96174e+08 0
1.9623e+08 0
1.96264e+08 0
1.96398e+08 0
1.96454e+08 0
1.96498e+08 0
1.96744e+08 0
1.9756e+08 0
1.98499e+08 0
1.98544e+08 0
1.98611e+08 0
1.99583e+08 0
2.0098e+08 0
2.01461e+08 0
2.01494e+08 0
2.01774e+08 0
2.01819e+08 0
2.01852e+08 0
2.01908e+08 0
2.0193e+08 0
2.01942e+08 0
2.01953e+08 0
2.01964e+08 0
2.01986e+08 0
2.10833e+08 0
2.10866e+08 0
2.109e+08 0
2.11034e+08 0
2.11079e+08 0
2.11135e+08 0
2.11179e+08 0
2.11772e+08 0
2.13169e+08 0
2.13381e+08 0
2.13414e+08 0
2.13482e+08 0
2.14029e+08 0
2.15862e+08 0
2.16343e+08 0
2.16354e+08 0
2.16578e+08 0
2.166e+08 0
2.16667e+08 0
2.16678e+08 0
2.1669e+08 0
2.16712e+08 0
2.16723e+08 0
2.16734e+08 0
2.16745e+08 0
2.25976e+08 0
2.25998e+08 0
2.26099e+08 0
2.26345e+08 0
2.2639e+08 0
2.26434e+08 0
2.26546e+08 0
2.26568e+08 0
2.28234e+08 0
2.28647e+08 0
2.28737e+08 0
2.28848e+08 0
2.28915e+08 0
2.29307e+08 0
2.31397e+08 0
2.31732e+08 0
2.31766e+08 0
2.31833e+08 0
2.319e+08 0
2.31922e+08 0
2.31956e+08 0
2.31978e+08 0
2.31989e+08 0
2.32068e+08 0
2.32079e+08 0
2.32112e+08 0
2.41667e+08 0
2.41768e+08 0
2.41969e+08 0
2.42181e+08 0
2.4226e+08 0
2.42338e+08 0
2.42416e+08 0
2.42472e+08 0
2.42517e+08 0
2.43377e+08 0
2.44037e+08 0
2.44629e+08 0
2.44696e+08 0
2.44797e+08 0
2.4492e+08 0
2.47524e+08 0
2.47714e+08 0
2.47725e+08 0
2.47737e+08 0
2.47804e+08 0
2.47893e+08 0
2.47938e+08 0
2.4796e+08 0
2.47982e+08 0
2.4805e+08 0
2.48072e+08 0
2.48105e+08 0
2.58082e+08 0
2.58138e+08 0
2.58328e+08 0
2.58473e+08 0
2.58585e+08 0
2.58719e+08 0
2.58819e+08 0
2.58931e+08 0
2.59054e+08 0
2.59177e+08 0
2.59937e+08 0
2.60071e+08 0
2.60943e+08 0
2.61155e+08 0
2.61233e+08 0
2.61368e+08 0
2.64285e+08 0
2.64386e+08 0
2.64397e+08 0
2.64486e+08 0
2.64509e+08 0
2.64531e+08 0
2.64542e+08 0
2.64565e+08 0
2.64609e+08 0
2.64632e+08 0
2.64732e+08 0
2.64766e+08 0
2.75024e+08 0
2.7517e+08 0
2.75348e+08 0
2.75393e+08 0
2.75471e+08 0
2.75572e+08 0
2.75762e+08 0
2.75918e+08 0
2.76175e+08 0
2.76399e+08 0
2.76645e+08 0
2.77058e+08 0
2.77248e+08 0
2.77762e+08 0
2.77941e+08 0
2.78075e+08 0
2.78221e+08 0
2.81529e+08 0
2.81552e+08 0
2.81585e+08 0
2.81641e+08 0
2.81664e+08 0
2.81686e+08 0
2.81775e+08 0
2.81798e+08 0
2.81854e+08 0
2.81898e+08 0
2.81932e+08 0
2.81943e+08 0
2.92527e+08 0
2.92628e+08 0
2.92784e+08 0
2.9284e+08 0
2.92918e+08 0
2.93131e+08 0
2.93276e+08 0
2.93801e+08 0
2.9398e+08 0
2.94125e+08 0
2.94606e+08 0
2.94762e+08 0
2.95444e+08 0
2.95556e+08 0
2.95947e+08 0
2.96182e+08 0
2.96305e+08 0
2.96439e+08 0
2.99256e+08 0
2.99267e+08 0
2.99356e+08 0
2.9939e+08 0
2.9949e+08 0
2.99535e+08 0
2.99546e+08 0
2.99558e+08 0
2.99647e+08 0
2.99681e+08 0
2.99714e+08 0
2.99759e+08 0
3.10622e+08 0
3.10667e+08 0
3.1079e+08 0
3.10824e+08 0
3.11036e+08 0
3.11181e+08 0
3.11338e+08 0
3.11774e+08 0
3.12221e+08 0
3.12645e+08 0
3.12813e+08 0
3.13048e+08 0
3.13472e+08 0
3.13685e+08 0
3.13841e+08 0
3.13998e+08 0
3.14288e+08 0
3.14389e+08 0
3.1459e+08 0
3.17687e+08 0
3.17709e+08 0
3.17754e+08 0
3.17787e+08 0
3.17832e+08 0
3.17854e+08 0
3.17888e+08 0
3.17899e+08 0
3.18078e+08 0
3.18123e+08 0
3.18167e+08 0
3.18212e+08 0
3.2922e+08 0
3.29343e+08 0
3.29354e+08 0
3.29365e+08 0
3.30036e+08 0
3.30204e+08 0
3.30796e+08 0
3.30953e+08 0
3.31578e+08 0
3.3178e+08 0
3.3197e+08 0
3.32148e+08 0
3.32484e+08 0
3.32651e+08 0
3.32819e+08 0
3.32975e+08 0
3.33143e+08 0
3.33277e+08 0
3.33389e+08 0
3.33612e+08 0
3.36508e+08 0
3.36541e+08 0
3.36597e+08 0
3.36608e+08 0
3.36642e+08 0
3.36664e+08 0
3.3672e+08 0
3.36743e+08 0
3.37033e+08 0
3.37067e+08 0
3.37156e+08 0
3.37179e+08 0
3.4832e+08 0
3.48443e+08 0
3.48454e+08 0
3.48488e+08 0
3.49058e+08 0
3.49203e+08 0
3.49773e+08 0
3.50019e+08 0
3.5069e+08 0
3.50846e+08 0
3.50969e+08 0
3.51126e+08 0
3.51427e+08 0
3.51628e+08 0
3.51818e+08 0
3.51986e+08 0
3.52176e+08 0
3.52321e+08 0
3.52467e+08 0
3.52623e+08 0
3.52757e+08 0
3.55943e+08 0
3.55966e+08 0
3.56144e+08 0
3.562e+08 0
3.56223e+08 0
3.56245e+08 0
3.56279e+08 0
3.56301e+08 0
3.56346e+08 0
3.56368e+08 0
3.56424e+08 0
3.5648e+08 0
3.68204e+08 0
3.68282e+08 0
3.68472e+08 0
3.68528e+08 0
3.6874e+08 0
3.68807e+08 0
3.68941e+08 0
3.6921e+08 0
3.69366e+08 0
3.69545e+08 0
3.69925e+08 0
3.70081e+08 0
3.70294e+08 0
3.7083e+08 0
3.71054e+08 0
3.71277e+08 0
3.72071e+08 0
3.72194e+08 0
3.72306e+08 0
3.7244e+08 0
3.72641e+08 0
3.7292e+08 0
3.76307e+08 0
3.7633e+08 0
3.76341e+08 0
3.76352e+08 0
3.76363e+08 0
3.76374e+08 0
3.76397e+08 0
3.76408e+08 0
3.7652e+08 0
3.76565e+08 0
3.76598e+08 0
3.76688e+08 0
3.884e+08 0
3.88467e+08 0
3.88623e+08 0
3.88802e+08 0
3.88847e+08 0
3.88936e+08 0
3.89003e+08 0
3.89082e+08 0
3.89171e+08 0
3.89272e+08 0
3.89328e+08 0
3.89473e+08 0
3.89596e+08 0
3.90456e+08 0
3.91071e+08 0
3.91239e+08 0
3.91943e+08 0
3.92066e+08 0
3.92356e+08 0
3.92491e+08 0
3.92658e+08 0
3.92826e+08 0
3.93262e+08 0
3.96861e+08 0
3.96884e+08 0
3.96917e+08 0
3.96951e+08 0
3.96973e+08 0
3.96984e+08 0
3.96995e+08 0
3.97029e+08 0
3.97096e+08 0
3.9713e+08 0
3.97208e+08 0
3.97342e+08 0
4.09592e+08 0
4.09693e+08 0
4.09816e+08 0
4.0986e+08 0
4.09927e+08 0
4.10017e+08 0
4.10307e+08 0
4.10374e+08 0
4.10419e+08 0
4.10486e+08 0
4.10866e+08 0
4.11112e+08 0
4.11269e+08 0
4.11537e+08 0
4.11771e+08 0
4.11917e+08 0
4.1261e+08 0
4.13113e+08 0
4.13213e+08 0
4.1347e+08 0
4.13582e+08 0
4.13839e+08 0
4.14443e+08 0
4.14655e+08 0
4.1812e+08 0
4.18232e+08 0
4.18255e+08 0
4.18288e+08 0
4.18322e+08 0
4.18344e+08 0
4.18366e+08 0
4.184e+08 0
4.18489e+08 0
4.18545e+08 0
4.18624e+08 0
4.1868e+08 0
4.31345e+08 0
4.314e+08 0
4.31456e+08 0
4.31523e+08 0
4.31792e+08 0
4.3187e+08 0
4.31959e+08 0
4.32172e+08 0
4.32395e+08 0
4.32753e+08 0
4.32954e+08 0
4.33122e+08 0
4.33759e+08 0
4.33882e+08 0
4.34016e+08 0
4.34161e+08 0
4.34429e+08 0
4.3463e+08 0
4.34753e+08 0
4.34977e+08 0
4.35089e+08 0
4.35402e+08 0
4.35458e+08 0
4.36184e+08 0
4.36285e+08 0
4.39918e+08 0
4.40041e+08 0
4.40119e+08 0
4.4013e+08 0
4.40152e+08 0
4.40175e+08 0
4.40208e+08 0
4.40242e+08 0
4.40331e+08 0
4.4041e+08 0
4.40633e+08 0
4.40644e+08 0
4.53409e+08 0
4.53454e+08 0
4.53923e+08 0
4.54035e+08 0
4.54113e+08 0
4.5418e+08 0
4.5427e+08 0
4.5437e+08 0
4.54739e+08 0
4.55063e+08 0
4.55499e+08 0
4.55678e+08 0
4.55957e+08 0
4.56483e+08 0
4.56605e+08 0
4.56773e+08 0
4.56907e+08 0
4.57064e+08 0
4.575e+08 0
4.57555e+08 0
4.57611e+08 0
4.57801e+08 0
4.57891e+08 0
4.57924e+08 0
4.58629e+08 0
4.58696e+08 0
4.62418e+08 0
4.62507e+08 0
4.62563e+08 0
4.62642e+08 0
4.62686e+08 0
4.62731e+08 0
4.62753e+08 0
4.62787e+08 0
4.62876e+08 0
4.62966e+08 0
4.63122e+08 0
4.63145e+08 0
4.76384e+08 0
4.76429e+08 0
4.76831e+08 0
4.76965e+08 0
4.77088e+08 0
4.77144e+08 0
4.77234e+08 0
4.77401e+08 0
4.77636e+08 0
4.77792e+08 0
4.77904e+08 0
4.78005e+08 0
4.78821e+08 0
4.79625e+08 0
4.79771e+08 0
4.80072e+08 0
4.8014e+08 0
4.80262e+08 0
4.80743e+08 0
4.80799e+08 0
4.80844e+08 0
4.80978e+08 0
4.81e+08 0
4.81056e+08 0
4.81101e+08 0
4.81615e+08 0
4.81682e+08 0
4.85516e+08 0
4.85628e+08 0
4.8565e+08 0
4.85706e+08 0
4.8574e+08 0
4.85796e+08 0
4.8584e+08 0
4.85863e+08 0
4.8593e+08 0
4.86053e+08 0
4.86176e+08 0
4.86198e+08 0
4.99605e+08 0
4.9965e+08 0
5.00499e+08 0
5.00544e+08 0
5.006e+08 0
5.00678e+08 0
5.00723e+08 0
5.00801e+08 0
5.00969e+08 0
5.01024e+08 0
5.01114e+08 0
5.0117e+08 0
5.01963e+08 0
5.03059e+08 0
5.03148e+08 0
5.03573e+08 0
5.03673e+08 0
5.03796e+08 0
5.0402e+08 0
5.0412e+08 0
5.04266e+08 0
5.04467e+08 0
5.04791e+08 0
5.05003e+08 0
5.0507e+08 0
5.05205e+08 0
5.0526e+08 0
5.05339e+08 0
5.09039e+08 0
5.09229e+08 0
5.0933e+08 0
5.09385e+08 0
5.09419e+08 0
5.09441e+08 0
5.09508e+08 0
5.09531e+08 0
5.09631e+08 0
5.09721e+08 0
5.0981e+08 0
5.09844e+08 0
5.23307e+08 0
5.23352e+08 0
5.24224e+08 0
5.24436e+08 0
5.24481e+08 0
5.24638e+08 0
5.24805e+08 0
5.24895e+08 0
5.24973e+08 0
5.25018e+08 0
5.25174e+08 0
5.2523e+08 0
5.25666e+08 0
5.26459e+08 0
5.27029e+08 0
5.27242e+08 0
5.27353e+08 0
5.27454e+08 0
5.27622e+08 0
5.27778e+08 0
5.28359e+08 0
5.28404e+08 0
5.28985e+08 0
5.2912e+08 0
5.29187e+08 0
5.29265e+08 0
5.29332e+08 0
5.2941e+08 0
5.29533e+08 0
5.33233e+08 0
5.3339e+08 0
5.33446e+08 0
5.3349e+08 0
5.33524e+08 0
5.33546e+08 0
5.3358e+08 0
5.33613e+08 0
5.33714e+08 0
5.33859e+08 0
5.34016e+08 0
5.34038e+08 0
5.47758e+08 0
5.47914e+08 0
5.48719e+08 0
5.49054e+08 0
5.49132e+08 0
5.49423e+08 0
5.4968e+08 0
5.49691e+08 0
5.49725e+08 0
5.49758e+08 0
5.49781e+08 0
5.4987e+08 0
5.50663e+08 0
5.5101e+08 0
5.51513e+08 0
5.51815e+08 0
5.52005e+08 0
5.5215e+08 0
5.52496e+08 0
5.52575e+08 0
5.52899e+08 0
5.531e+08 0
5.53536e+08 0
5.53637e+08 0
5.53692e+08 0
5.53849e+08 0
5.53894e+08 0
5.53927e+08 0
5.54296e+08 0
5.54352e+08 0
5.58198e+08 0
5.58242e+08 0
5.58298e+08 0
5.58365e+08 0
5.58432e+08 0
5.58466e+08 0
5.58511e+08 0
5.58544e+08 0
5.58589e+08 0
5.58745e+08 0
5.58846e+08 0
5.58868e+08 0
5.72812e+08 0
5.73013e+08 0
5.74287e+08 0
5.7469e+08 0
5.74768e+08 0
5.74857e+08 0
5.75058e+08 0
5.75148e+08 0
5.75215e+08 0
5.7536e+08 0
5.75572e+08 0
5.75729e+08 0
5.76053e+08 0
5.76154e+08 0
5.76668e+08 0
5.7697e+08 0
5.77361e+08 0
5.77674e+08 0
5.77852e+08 0
5.7811e+08 0
5.78154e+08 0
5.78523e+08 0
5.78903e+08 0
5.79071e+08 0
5.79115e+08 0
5.79283e+08 0
5.79317e+08 0
5.79373e+08 0
5.79529e+08 0
5.79619e+08 0
5.79674e+08 0
5.83632e+08 0
5.83788e+08 0
5.83833e+08 0
5.83856e+08 0
5.83867e+08 0
5.83889e+08 0
5.83956e+08 0
5.84034e+08 0
5.84057e+08 0
5.84224e+08 0
5.84292e+08 0
5.84325e+08 0
5.98596e+08 0
5.98798e+08 0
5.99837e+08 0
6.00284e+08 0
6.00374e+08 0
6.0053e+08 0
6.00955e+08 0
6.01212e+08 0
6.01458e+08 0
6.01547e+08 0
6.01614e+08 0
6.01726e+08 0
6.01804e+08 0
6.02195e+08 0
6.02464e+08 0
6.02877e+08 0
6.0309e+08 0
6.03403e+08 0
6.03492e+08 0
6.03525e+08 0
6.03581e+08 0
6.04498e+08 0
6.04967e+08 0
6.05068e+08 0
6.05079e+08 0
6.05191e+08 0
6.05202e+08 0
6.05236e+08 0
6.05403e+08 0
6.0547e+08 0
6.05504e+08 0
6.09663e+08 0
6.09685e+08 0
6.09763e+08 0
6.09808e+08 0
6.09819e+08 0
6.0983e+08 0
6.09853e+08 0
6.10132e+08 0
6.10166e+08 0
6.10177e+08 0
6.10222e+08 0
6.10378e+08 0
6.10401e+08 0
6.1904e+08 0
6.19129e+08 0
6.19185e+08 0
