242055 0
837720 0
1.43004e+06 0
2.02236e+06 0
2.61469e+06 0
3.20702e+06 0
3.79938e+06 0
4.39177e+06 0
4.98426e+06 0
5.57693e+06 0
6.16992e+06 0
6.87176e+06 0
7.46668e+06 0
7.5114e+06 0
1.01282e+07 0
1.01617e+07 0
1.13939e+07 0
1.14051e+07 0
1.14722e+07 0
1.43468e+07 0
1.44139e+07 0
1.44698e+07 0
1.49057e+07 0
1.73955e+07 0
1.74066e+07 0
1.74402e+07 0
1.77085e+07 0
1.7742e+07 0
2.12184e+07 0
2.12296e+07 0
2.1252e+07 0
2.14867e+07 0
2.15202e+07 0
2.15537e+07 0
2.51486e+07 0
2.51822e+07 0
2.52157e+07 0
2.53834e+07 0
2.54169e+07 0
2.54393e+07 0
2.54505e+07 0
2.89734e+07 0
2.89958e+07 0
2.90181e+07 0
2.92753e+07 0
2.94094e+07 0
2.94318e+07 0
2.9443e+07 0
3.35234e+07 0
3.35346e+07 0
3.35458e+07 0
3.35569e+07 0
3.40823e+07 0
3.42053e+07 0
3.42389e+07 0
3.42501e+07 0
3.88733e+07 0
3.88956e+07 0
3.8918e+07 0
3.89291e+07 0
3.89403e+07 0
3.94323e+07 0
3.9544e+07 0
3.96223e+07 0
3.96447e+07 0
4.48287e+07 0
4.48399e+07 0
4.48511e+07 0
4.48623e+07 0
4.48846e+07 0
4.48958e+07 0
4.53878e+07 0
4.54437e+07 0
4.55108e+07 0
4.55666e+07 0
5.11844e+07 0
5.12179e+07 0
5.12738e+07 0
5.13074e+07 0
5.13409e+07 0
5.13856e+07 0
5.14415e+07 0
5.19223e+07 0
5.19446e+07 0
5.20452e+07 0
5.20788e+07 0
5.77339e+07 0
5.81698e+07 0
5.84381e+07 0
5.84492e+07 0
5.84716e+07 0
5.85163e+07 0
5.8561e+07 0
5.85722e+07 0
5.90418e+07 0
5.90753e+07 0
5.90865e+07 0
5.90977e+07 0
6.51385e+07 0
6.57756e+07 0
6.58762e+07 0
6.59209e+07 0
6.59656e+07 0
6.60103e+07 0
6.60662e+07 0
6.60997e+07 0
6.61332e+07 0
6.67817e+07 0
6.6804e+07 0
6.68264e+07 0
6.68599e+07 0
7.31703e+07 0
7.34609e+07 0
7.35614e+07 0
7.36285e+07 0
7.39414e+07 0
7.39973e+07 0
7.4042e+07 0
7.40867e+07 0
7.41091e+07 0
7.41315e+07 0
7.49141e+07 0
7.49588e+07 0
7.50147e+07 0
7.50817e+07 0
8.20241e+07 0
8.23147e+07 0
8.23483e+07 0
8.2393e+07 0
8.24824e+07 0
8.25271e+07 0
8.25718e+07 0
8.26613e+07 0
8.2706e+07 0
8.27507e+07 0
8.3388e+07 0
8.34215e+07 0
8.34774e+07 0
8.35333e+07 0
8.3578e+07 0
9.02453e+07 0
9.1296e+07 0
9.13519e+07 0
9.13854e+07 0
9.16313e+07 0
9.16872e+07 0
9.17766e+07 0
9.18101e+07 0
9.18548e+07 0
9.18771e+07 0
9.25702e+07 0
9.26038e+07 0
9.26149e+07 0
9.26485e+07 0
9.27267e+07 0
9.27491e+07 0
9.99628e+07 0
1.00857e+08 0
1.00924e+08 0
1.01002e+08 0
1.01058e+08 0
1.01125e+08 0
1.01215e+08 0
1.01282e+08 0
1.01371e+08 0
1.01449e+08 0
1.02232e+08 0
1.02243e+08 0
1.02265e+08 0
1.0231e+08 0
1.02344e+08 0
1.02411e+08 0
1.02478e+08 0
1.10034e+08 0
1.10984e+08 0
1.11095e+08 0
1.11151e+08 0
1.11196e+08 0
1.11274e+08 0
1.11364e+08 0
1.11766e+08 0
1.11811e+08 0
1.11889e+08 0
1.12772e+08 0
1.12794e+08 0
1.12817e+08 0
1.12861e+08 0
1.12906e+08 0
1.1294e+08 0
1.13029e+08 0
1.13051e+08 0
1.208e+08 0
1.21739e+08 0
1.22019e+08 0
1.22108e+08 0
1.22198e+08 0
1.22276e+08 0
1.2241e+08 0
1.22499e+08 0
1.22611e+08 0
1.227e+08 0
1.23762e+08 0
1.23774e+08 0
1.23807e+08 0
1.23919e+08 0
1.23941e+08 0
1.23964e+08 0
1.24042e+08 0
1.24053e+08 0
1.24075e+08 0
1.32396e+08 0
1.33167e+08 0
1.33469e+08 0
1.3357e+08 0
1.33648e+08 0
1.33804e+08 0
1.33961e+08 0
1.34017e+08 0
1.34084e+08 0
1.34184e+08 0
1.35224e+08 0
1.35302e+08 0
1.35369e+08 0
1.35537e+08 0
1.3557e+08 0
1.35593e+08 0
1.35649e+08 0
1.3566e+08 0
1.35682e+08 0
1.35705e+08 0
1.44936e+08 0
1.45059e+08 0
1.45316e+08 0
1.45372e+08 0
1.45417e+08 0
1.45841e+08 0
1.45897e+08 0
1.45976e+08 0
1.46065e+08 0
1.46166e+08 0
1.47138e+08 0
1.4716e+08 0
1.47205e+08 0
1.4744e+08 0
1.47507e+08 0
1.47619e+08 0
1.47775e+08 0
1.47842e+08 0
1.47898e+08 0
1.47943e+08 0
1.47965e+08 0
1.57264e+08 0
1.57722e+08 0
1.58002e+08 0
1.58035e+08 0
1.58102e+08 0
1.58807e+08 0
1.5893e+08 0
1.59052e+08 0
1.59153e+08 0
1.59276e+08 0
1.59857e+08 0
1.60025e+08 0
1.60047e+08 0
1.60103e+08 0
1.60282e+08 0
1.60349e+08 0
1.60416e+08 0
1.60584e+08 0
1.60684e+08 0
1.60718e+08 0
1.60763e+08 0
1.60785e+08 0
1.70662e+08 0
1.71064e+08 0
1.71153e+08 0
1.71232e+08 0
1.71321e+08 0
1.7179e+08 0
1.71846e+08 0
1.71913e+08 0
1.7198e+08 0
1.72036e+08 0
1.7274e+08 0
1.72942e+08 0
1.7302e+08 0
1.73109e+08 0
1.73366e+08 0
1.73433e+08 0
1.73489e+08 0
1.73556e+08 0
1.73668e+08 0
1.73724e+08 0
1.7378e+08 0
1.73802e+08 0
1.83937e+08 0
1.84049e+08 0
1.84373e+08 0
1.8444e+08 0
1.8453e+08 0
1.84574e+08 0
1.85234e+08 0
1.85446e+08 0
1.85513e+08 0
1.85737e+08 0
1.8577e+08 0
1.86407e+08 0
1.86597e+08 0
1.86631e+08 0
1.86698e+08 0
1.86754e+08 0
1.86799e+08 0
1.86921e+08 0
1.86977e+08 0
1.87156e+08 0
1.87335e+08 0
1.87369e+08 0
1.87391e+08 0
1.98108e+08 0
1.9822e+08 0
1.98264e+08 0
1.98421e+08 0
1.98834e+08 0
1.98968e+08 0
1.99091e+08 0
1.99427e+08 0
1.99505e+08 0
1.99605e+08 0
1.99728e+08 0
1.99818e+08 0
2.00466e+08 0
2.00611e+08 0
2.00645e+08 0
2.00667e+08 0
2.00678e+08 0
2.00779e+08 0
2.00958e+08 0
2.01025e+08 0
2.01226e+08 0
2.0126e+08 0
2.01338e+08 0
2.0136e+08 0
2.12308e+08 0
2.1242e+08 0
2.12509e+08 0
2.1271e+08 0
2.12822e+08 0
2.13549e+08 0
2.13649e+08 0
2.13772e+08 0
2.13884e+08 0
2.1404e+08 0
2.14174e+08 0
2.14588e+08 0
2.14666e+08 0
2.15091e+08 0
2.15292e+08 0
2.15303e+08 0
2.15326e+08 0
2.15393e+08 0
2.15415e+08 0
2.15549e+08 0
2.15762e+08 0
2.15885e+08 0
2.15896e+08 0
2.15907e+08 0
2.15929e+08 0
2.27619e+08 0
2.27753e+08 0
2.28021e+08 0
2.28144e+08 0
2.28267e+08 0
2.2839e+08 0
2.28927e+08 0
2.29038e+08 0
2.29173e+08 0
2.29329e+08 0
2.2943e+08 0
2.29564e+08 0
2.29675e+08 0
2.29776e+08 0
2.30223e+08 0
2.30603e+08 0
2.30626e+08 0
2.30637e+08 0
2.30648e+08 0
2.30693e+08 0
2.30849e+08 0
2.30983e+08 0
2.31185e+08 0
2.31218e+08 0
2.31263e+08 0
2.31498e+08 0
2.43724e+08 0
2.43903e+08 0
2.4407e+08 0
2.44204e+08 0
2.44338e+08 0
2.44461e+08 0
2.45065e+08 0
2.4521e+08 0
2.45344e+08 0
2.45467e+08 0
2.45557e+08 0
2.45668e+08 0
2.4578e+08 0
2.45847e+08 0
2.45914e+08 0
2.45959e+08 0
2.46507e+08 0
2.46518e+08 0
2.46529e+08 0
2.4654e+08 0
2.46641e+08 0
2.46865e+08 0
2.46921e+08 0
2.47066e+08 0
2.47133e+08 0
2.47166e+08 0
2.47312e+08 0
2.59792e+08 0
2.59971e+08 0
2.60105e+08 0
2.60239e+08 0
2.60395e+08 0
2.60842e+08 0
2.61781e+08 0
2.6187e+08 0
2.61938e+08 0
2.62027e+08 0
2.62239e+08 0
2.62295e+08 0
2.62373e+08 0
2.62429e+08 0
2.62485e+08 0
2.62552e+08 0
2.62642e+08 0
2.63055e+08 0
2.63089e+08 0
2.63122e+08 0
2.63145e+08 0
2.63234e+08 0
2.63536e+08 0
2.6357e+08 0
2.63603e+08 0
2.63704e+08 0
2.63726e+08 0
2.63883e+08 0
2.75907e+08 0
2.76164e+08 0
2.7641e+08 0
2.7669e+08 0
2.76902e+08 0
2.77561e+08 0
2.78489e+08 0
2.78612e+08 0
2.78712e+08 0
2.78802e+08 0
2.78914e+08 0
2.78981e+08 0
2.79148e+08 0
2.79249e+08 0
2.79495e+08 0
2.79551e+08 0
2.79618e+08 0
2.7973e+08 0
2.80199e+08 0
2.80244e+08 0
2.80289e+08 0
2.80311e+08 0
2.80345e+08 0
2.80658e+08 0
2.80691e+08 0
2.80736e+08 0
2.80803e+08 0
2.80825e+08 0
2.81093e+08 0
2.92862e+08 0
2.92941e+08 0
2.93008e+08 0
2.93142e+08 0
2.93477e+08 0
2.94617e+08 0
2.95209e+08 0
2.9531e+08 0
2.95735e+08 0
2.95835e+08 0
2.96327e+08 0
2.96472e+08 0
2.96584e+08 0
2.96662e+08 0
2.96752e+08 0
2.97098e+08 0
2.97143e+08 0
2.97232e+08 0
2.97378e+08 0
2.97892e+08 0
2.97903e+08 0
2.97993e+08 0
2.98004e+08 0
2.98026e+08 0
2.98361e+08 0
2.98406e+08 0
2.98451e+08 0
2.98496e+08 0
2.98518e+08 0
2.99122e+08 0
3.10701e+08 0
3.1098e+08 0
3.1107e+08 0
3.11517e+08 0
3.1164e+08 0
3.12064e+08 0
3.12254e+08 0
3.12444e+08 0
3.12847e+08 0
3.13059e+08 0
3.13484e+08 0
3.14042e+08 0
3.14434e+08 0
3.14601e+08 0
3.14735e+08 0
3.14925e+08 0
3.15182e+08 0
3.15372e+08 0
3.15451e+08 0
3.15652e+08 0
3.16155e+08 0
3.16166e+08 0
3.16245e+08 0
3.16256e+08 0
3.16278e+08 0
3.1658e+08 0
3.16602e+08 0
3.16636e+08 0
3.16736e+08 0
3.16759e+08 0
3.17083e+08 0
3.29377e+08 0
3.29611e+08 0
3.29712e+08 0
3.29868e+08 0
3.30025e+08 0
3.3083e+08 0
3.30964e+08 0
3.3121e+08 0
3.3159e+08 0
3.31824e+08 0
3.32003e+08 0
3.32193e+08 0
3.3254e+08 0
3.3302e+08 0
3.33199e+08 0
3.33512e+08 0
3.33568e+08 0
3.33635e+08 0
3.33747e+08 0
3.33881e+08 0
3.34138e+08 0
3.3501e+08 0
3.35032e+08 0
3.35144e+08 0
3.35155e+08 0
3.35166e+08 0
3.3539e+08 0
3.35423e+08 0
3.35457e+08 0
3.35535e+08 0
3.35558e+08 0
3.35803e+08 0
3.486e+08 0
3.48857e+08 0
3.48935e+08 0
3.4908e+08 0
3.49248e+08 0
3.49784e+08 0
3.49863e+08 0
3.50187e+08 0
3.50734e+08 0
3.51137e+08 0
3.51472e+08 0
3.51684e+08 0
3.5183e+08 0
3.52031e+08 0
3.52221e+08 0
3.52366e+08 0
3.52511e+08 0
3.52668e+08 0
3.52891e+08 0
3.53115e+08 0
3.5326e+08 0
3.53383e+08 0
3.54445e+08 0
3.54456e+08 0
3.54557e+08 0
3.54568e+08 0
3.54591e+08 0
3.54803e+08 0
3.5487e+08 0
3.54892e+08 0
3.54937e+08 0
3.54982e+08 0
3.55082e+08 0
3.68226e+08 0
3.68818e+08 0
3.68953e+08 0
3.69076e+08 0
3.69232e+08 0
3.69757e+08 0
3.69936e+08 0
3.70093e+08 0
3.70316e+08 0
3.70517e+08 0
3.70674e+08 0
3.71098e+08 0
3.713e+08 0
3.71546e+08 0
3.71825e+08 0
3.72104e+08 0
3.72238e+08 0
3.72339e+08 0
3.72451e+08 0
3.72764e+08 0
3.73088e+08 0
3.73256e+08 0
3.73446e+08 0
3.74564e+08 0
3.74575e+08 0
3.74653e+08 0
3.74664e+08 0
3.74675e+08 0
3.74832e+08 0
3.74865e+08 0
3.74899e+08 0
3.74988e+08 0
3.751e+08 0
3.75156e+08 0
3.88534e+08 0
3.8935e+08 0
3.89495e+08 0
3.89618e+08 0
3.89775e+08 0
3.89976e+08 0
3.90143e+08 0
3.903e+08 0
3.90848e+08 0
3.91261e+08 0
3.91362e+08 0
3.91608e+08 0
3.91753e+08 0
3.92077e+08 0
3.9239e+08 0
3.92502e+08 0
3.92681e+08 0
3.9277e+08 0
3.92837e+08 0
3.92926e+08 0
3.93172e+08 0
3.93374e+08 0
3.93552e+08 0
3.93798e+08 0
3.94983e+08 0
3.95006e+08 0
3.9514e+08 0
3.95162e+08 0
3.95185e+08 0
3.95341e+08 0
3.95386e+08 0
3.9543e+08 0
3.95475e+08 0
3.95565e+08 0
3.95699e+08 0
4.09749e+08 0
4.10251e+08 0
4.10665e+08 0
4.10754e+08 0
4.10877e+08 0
4.10989e+08 0
4.11157e+08 0
4.11805e+08 0
4.11928e+08 0
4.12241e+08 0
4.12353e+08 0
4.1252e+08 0
4.1271e+08 0
4.12844e+08 0
4.13258e+08 0
4.1366e+08 0
4.13917e+08 0
4.14029e+08 0
4.14141e+08 0
4.1423e+08 0
4.14353e+08 0
4.14454e+08 0
4.14577e+08 0
4.14689e+08 0
4.148e+08 0
4.1631e+08 0
4.16343e+08 0
4.16455e+08 0
4.16511e+08 0
4.16556e+08 0
4.16712e+08 0
4.16768e+08 0
4.16801e+08 0
4.16846e+08 0
4.1688e+08 0
4.17003e+08 0
4.31356e+08 0
4.31568e+08 0
4.32082e+08 0
4.32194e+08 0
4.32261e+08 0
4.32317e+08 0
4.32384e+08 0
4.32976e+08 0
4.3377e+08 0
4.33915e+08 0
4.34049e+08 0
4.34195e+08 0
4.34776e+08 0
4.35022e+08 0
4.351e+08 0
4.35413e+08 0
4.35692e+08 0
4.35826e+08 0
4.3586e+08 0
4.35927e+08 0
4.36195e+08 0
4.36329e+08 0
4.36374e+08 0
4.36464e+08 0
4.36665e+08 0
4.36776e+08 0
4.38241e+08 0
4.38308e+08 0
4.38375e+08 0
4.38465e+08 0
4.3852e+08 0
4.38576e+08 0
4.38655e+08 0
4.38722e+08 0
4.38755e+08 0
4.388e+08 0
4.38968e+08 0
4.53722e+08 0
4.54281e+08 0
4.54638e+08 0
4.54963e+08 0
4.55052e+08 0
4.55153e+08 0
4.55387e+08 0
4.55901e+08 0
4.55991e+08 0
4.56192e+08 0
4.56304e+08 0
4.56404e+08 0
4.56494e+08 0
4.56617e+08 0
4.5693e+08 0
4.57813e+08 0
4.58204e+08 0
4.58327e+08 0
4.58461e+08 0
4.5855e+08 0
4.58729e+08 0
4.58785e+08 0
4.59009e+08 0
4.59064e+08 0
4.59165e+08 0
4.59433e+08 0
4.59556e+08 0
4.60685e+08 0
4.6092e+08 0
4.60976e+08 0
4.60987e+08 0
4.61054e+08 0
4.61099e+08 0
4.61166e+08 0
4.613e+08 0
4.61323e+08 0
4.61378e+08 0
4.61658e+08 0
4.76697e+08 0
4.76865e+08 0
4.77569e+08 0
4.78016e+08 0
4.78172e+08 0
4.78295e+08 0
4.78385e+08 0
4.78631e+08 0
4.78955e+08 0
4.79044e+08 0
4.79145e+08 0
4.79167e+08 0
4.79257e+08 0
4.7938e+08 0
4.79491e+08 0
4.80385e+08 0
4.81358e+08 0
4.81458e+08 0
4.81526e+08 0
4.81626e+08 0
4.81716e+08 0
4.81883e+08 0
4.82029e+08 0
4.82252e+08 0
4.82386e+08 0
4.82476e+08 0
4.82576e+08 0
4.82677e+08 0
4.8375e+08 0
4.83929e+08 0
4.83963e+08 0
4.8403e+08 0
4.84074e+08 0
4.8413e+08 0
4.84186e+08 0
4.8432e+08 0
4.84354e+08 0
4.84398e+08 0
4.85125e+08 0
4.99873e+08 0
4.9994e+08 0
5.00879e+08 0
5.01293e+08 0
5.01349e+08 0
5.01572e+08 0
5.01628e+08 0
5.01796e+08 0
5.0212e+08 0
5.02187e+08 0
5.02589e+08 0
5.02701e+08 0
5.02846e+08 0
5.02958e+08 0
5.0307e+08 0
5.03684e+08 0
5.04623e+08 0
5.04646e+08 0
5.04735e+08 0
5.04847e+08 0
5.04914e+08 0
5.0535e+08 0
5.0545e+08 0
5.05886e+08 0
5.063e+08 0
5.06535e+08 0
5.06647e+08 0
5.06859e+08 0
5.06982e+08 0
5.07373e+08 0
5.07742e+08 0
5.07753e+08 0
5.07765e+08 0
5.07776e+08 0
5.07798e+08 0
5.07832e+08 0
5.07999e+08 0
5.08066e+08 0
5.08201e+08 0
5.08849e+08 0
5.23296e+08 0
5.23319e+08 0
5.24693e+08 0
5.25029e+08 0
5.25107e+08 0
5.25453e+08 0
5.25509e+08 0
5.25923e+08 0
5.26124e+08 0
5.26292e+08 0
5.26359e+08 0
5.26493e+08 0
5.26616e+08 0
5.26739e+08 0
5.2704e+08 0
5.27812e+08 0
5.28471e+08 0
5.28583e+08 0
5.28695e+08 0
5.28784e+08 0
5.28818e+08 0
5.29365e+08 0
5.29421e+08 0
5.29757e+08 0
5.3074e+08 0
5.30953e+08 0
5.3102e+08 0
5.31053e+08 0
5.31199e+08 0
5.31232e+08 0
5.31613e+08 0
5.31959e+08 0
5.31981e+08 0
5.32004e+08 0
5.32026e+08 0
5.3206e+08 0
5.32093e+08 0
5.32205e+08 0
5.3225e+08 0
5.32909e+08 0
5.33032e+08 0
5.47813e+08 0
5.47925e+08 0
5.48786e+08 0
5.48842e+08 0
5.48875e+08 0
5.49937e+08 0
5.50105e+08 0
5.50328e+08 0
5.50675e+08 0
5.51032e+08 0
5.51111e+08 0
5.512e+08 0
5.51289e+08 0
5.51524e+08 0
5.51681e+08 0
5.52161e+08 0
5.53145e+08 0
5.53268e+08 0
5.53357e+08 0
5.53447e+08 0
5.53569e+08 0
5.54195e+08 0
5.54218e+08 0
5.5462e+08 0
5.5585e+08 0
5.55962e+08 0
5.55973e+08 0
5.56006e+08 0
5.5604e+08 0
5.56062e+08 0
5.56096e+08 0
5.56465e+08 0
5.56946e+08 0
5.5699e+08 0
5.57046e+08 0
5.5708e+08 0
5.57169e+08 0
5.57192e+08 0
5.57326e+08 0
5.57359e+08 0
5.57739e+08 0
5.5784e+08 0
5.72935e+08 0
5.73024e+08 0
5.73929e+08 0
5.73985e+08 0
5.74164e+08 0
5.74488e+08 0
5.74611e+08 0
5.75081e+08 0
5.75237e+08 0
5.75282e+08 0
5.75885e+08 0
5.76064e+08 0
5.76232e+08 0
5.7631e+08 0
5.76757e+08 0
5.77204e+08 0
5.784e+08 0
5.78534e+08 0
5.78635e+08 0
5.78657e+08 0
5.78691e+08 0
5.79395e+08 0
5.79496e+08 0
5.79954e+08 0
5.81061e+08 0
5.81284e+08 0
5.81295e+08 0
5.81329e+08 0
5.8143e+08 0
5.81441e+08 0
5.81452e+08 0
5.81474e+08 0
5.81989e+08 0
5.82358e+08 0
5.82481e+08 0
5.82514e+08 0
5.82536e+08 0
5.82693e+08 0
5.83118e+08 0
5.83185e+08 0
5.83196e+08 0
5.83285e+08 0
5.8333e+08 0
5.98608e+08 0
5.98619e+08 0
5.99077e+08 0
5.99167e+08 0
5.99558e+08 0
6.00105e+08 0
6.00295e+08 0
6.00653e+08 0
6.01223e+08 0
6.01335e+08 0
6.01558e+08 0
6.01625e+08 0
6.02028e+08 0
6.02095e+08 0
6.02397e+08 0
6.02732e+08 0
6.04062e+08 0
6.04185e+08 0
6.04274e+08 0
6.0433e+08 0
6.04375e+08 0
6.05157e+08 0
6.05448e+08 0
6.05918e+08 0
6.06823e+08 0
6.06979e+08 0
6.07058e+08 0
6.07136e+08 0
6.0717e+08 0
6.07192e+08 0
6.0727e+08 0
6.07404e+08 0
6.07427e+08 0
6.08087e+08 0
6.08344e+08 0
6.08422e+08 0
6.08489e+08 0
6.08545e+08 0
6.0907e+08 0
6.09137e+08 0
6.09171e+08 0
6.09182e+08 0
6.09249e+08 0
6.09372e+08 0
6.20762e+08 0
6.20785e+08 0
6.20818e+08 0
