254348 0
846670 0
1.43899e+06 0
2.03131e+06 0
2.62363e+06 0
3.22737e+06 0
3.81974e+06 0
4.41302e+06 0
5.00552e+06 0
5.59816e+06 0
6.19119e+06 0
6.87429e+06 0
7.52273e+06 0
7.54515e+06 0
9.00049e+06 0
9.03402e+06 0
1.07949e+07 0
1.08173e+07 0
1.08508e+07 0
1.32549e+07 0
1.33107e+07 0
1.33554e+07 0
1.34113e+07 0
1.54971e+07 0
1.55641e+07 0
1.56088e+07 0
1.57653e+07 0
1.581e+07 0
1.9317e+07 0
1.93393e+07 0
1.93505e+07 0
1.93617e+07 0
1.93841e+07 0
1.94176e+07 0
2.31034e+07 0
2.31816e+07 0
2.31928e+07 0
2.32152e+07 0
2.32487e+07 0
2.32711e+07 0
2.33158e+07 0
2.72971e+07 0
2.74313e+07 0
2.74536e+07 0
2.75207e+07 0
2.75654e+07 0
2.76101e+07 0
2.7666e+07 0
3.1511e+07 0
3.15333e+07 0
3.1578e+07 0
3.16227e+07 0
3.16674e+07 0
3.17233e+07 0
3.19469e+07 0
3.21481e+07 0
3.66901e+07 0
3.67237e+07 0
3.67684e+07 0
3.68243e+07 0
3.6869e+07 0
3.69137e+07 0
3.69808e+07 0
3.71261e+07 0
3.73161e+07 0
4.23518e+07 0
4.24188e+07 0
4.24524e+07 0
4.24859e+07 0
4.25083e+07 0
4.2743e+07 0
4.28212e+07 0
4.28883e+07 0
4.29442e+07 0
4.3056e+07 0
4.86629e+07 0
4.87747e+07 0
4.89312e+07 0
4.89647e+07 0
4.90206e+07 0
4.90877e+07 0
4.91324e+07 0
4.91995e+07 0
4.93e+07 0
4.94006e+07 0
4.95795e+07 0
5.50598e+07 0
5.51157e+07 0
5.55404e+07 0
5.5708e+07 0
5.58422e+07 0
5.59316e+07 0
5.63786e+07 0
5.64345e+07 0
5.65351e+07 0
5.6591e+07 0
5.66804e+07 0
5.67812e+07 0
6.2667e+07 0
6.2734e+07 0
6.30581e+07 0
6.32817e+07 0
6.34046e+07 0
6.3494e+07 0
6.37622e+07 0
6.38405e+07 0
6.39411e+07 0
6.41199e+07 0
6.4187e+07 0
6.42205e+07 0
6.44665e+07 0
7.04951e+07 0
7.05957e+07 0
7.08304e+07 0
7.11656e+07 0
7.12886e+07 0
7.1445e+07 0
7.17133e+07 0
7.18139e+07 0
7.19144e+07 0
7.2015e+07 0
7.20821e+07 0
7.23504e+07 0
7.24062e+07 0
7.27976e+07 0
7.87792e+07 0
7.88351e+07 0
7.8891e+07 0
7.89357e+07 0
7.89804e+07 0
7.90921e+07 0
7.91815e+07 0
7.92486e+07 0
7.93715e+07 0
8.02545e+07 0
8.04669e+07 0
8.0534e+07 0
8.07016e+07 0
8.07799e+07 0
8.1607e+07 0
8.78598e+07 0
8.78822e+07 0
8.7938e+07 0
8.80051e+07 0
8.80833e+07 0
8.81839e+07 0
8.8251e+07 0
8.82845e+07 0
8.83627e+07 0
8.88433e+07 0
8.89775e+07 0
8.97263e+07 0
8.97711e+07 0
9.02628e+07 0
9.03187e+07 0
9.09672e+07 0
9.76894e+07 0
9.77565e+07 0
9.81029e+07 0
9.81365e+07 0
9.817e+07 0
9.82035e+07 0
9.82594e+07 0
9.83041e+07 0
9.83488e+07 0
9.84271e+07 0
9.87735e+07 0
9.88965e+07 0
9.90865e+07 0
9.91871e+07 0
9.93324e+07 0
9.9433e+07 0
1.00909e+08 0
1.07657e+08 0
1.07724e+08 0
1.0778e+08 0
1.07824e+08 0
1.07958e+08 0
1.08048e+08 0
1.08126e+08 0
1.08484e+08 0
1.08562e+08 0
1.08663e+08 0
1.09087e+08 0
1.0911e+08 0
1.09613e+08 0
1.09646e+08 0
1.09825e+08 0
1.09858e+08 0
1.0997e+08 0
1.11446e+08 0
1.18618e+08 0
1.18663e+08 0
1.1882e+08 0
1.18887e+08 0
1.18942e+08 0
1.18998e+08 0
1.19099e+08 0
1.19792e+08 0
1.19848e+08 0
1.19892e+08 0
1.20205e+08 0
1.20228e+08 0
1.20395e+08 0
1.20898e+08 0
1.20954e+08 0
1.21032e+08 0
1.21167e+08 0
1.21256e+08 0
1.2272e+08 0
1.30008e+08 0
1.30064e+08 0
1.30198e+08 0
1.30288e+08 0
1.30321e+08 0
1.30444e+08 0
1.305e+08 0
1.31059e+08 0
1.31159e+08 0
1.31249e+08 0
1.3145e+08 0
1.31472e+08 0
1.31886e+08 0
1.32288e+08 0
1.32434e+08 0
1.32501e+08 0
1.32579e+08 0
1.32646e+08 0
1.32713e+08 0
1.34401e+08 0
1.42067e+08 0
1.42112e+08 0
1.42168e+08 0
1.42224e+08 0
1.42291e+08 0
1.42347e+08 0
1.42503e+08 0
1.4276e+08 0
1.42861e+08 0
1.42961e+08 0
1.43397e+08 0
1.43464e+08 0
1.4418e+08 0
1.44414e+08 0
1.4447e+08 0
1.44537e+08 0
1.44604e+08 0
1.44638e+08 0
1.44783e+08 0
1.46527e+08 0
1.46561e+08 0
1.54599e+08 0
1.54633e+08 0
1.547e+08 0
1.54767e+08 0
1.54823e+08 0
1.54879e+08 0
1.55225e+08 0
1.5584e+08 0
1.55907e+08 0
1.55941e+08 0
1.55985e+08 0
1.56041e+08 0
1.56633e+08 0
1.56969e+08 0
1.57014e+08 0
1.57069e+08 0
1.57114e+08 0
1.57159e+08 0
1.57382e+08 0
1.59305e+08 0
1.59316e+08 0
1.5935e+08 0
1.67494e+08 0
1.67572e+08 0
1.67628e+08 0
1.67695e+08 0
1.67762e+08 0
1.67941e+08 0
1.68176e+08 0
1.68981e+08 0
1.69048e+08 0
1.69115e+08 0
1.69405e+08 0
1.6945e+08 0
1.69662e+08 0
1.69942e+08 0
1.69964e+08 0
1.70031e+08 0
1.70076e+08 0
1.70098e+08 0
1.70467e+08 0
1.72356e+08 0
1.72379e+08 0
1.72435e+08 0
1.80747e+08 0
1.80792e+08 0
1.81105e+08 0
1.81217e+08 0
1.81261e+08 0
1.81317e+08 0
1.81395e+08 0
1.81418e+08 0
1.82602e+08 0
1.82692e+08 0
1.82904e+08 0
1.83072e+08 0
1.83105e+08 0
1.83173e+08 0
1.83262e+08 0
1.83296e+08 0
1.83318e+08 0
1.83329e+08 0
1.83351e+08 0
1.83922e+08 0
1.85844e+08 0
1.859e+08 0
1.85956e+08 0
1.9467e+08 0
1.94726e+08 0
1.94782e+08 0
1.95184e+08 0
1.95274e+08 0
1.95352e+08 0
1.9543e+08 0
1.95509e+08 0
1.95564e+08 0
1.96514e+08 0
1.96559e+08 0
1.96906e+08 0
1.9714e+08 0
1.97174e+08 0
1.97252e+08 0
1.97375e+08 0
1.97398e+08 0
1.97409e+08 0
1.97442e+08 0
1.97487e+08 0
1.98079e+08 0
1.997e+08 0
1.99734e+08 0
2.00024e+08 0
2.09253e+08 0
2.09376e+08 0
2.09466e+08 0
2.09756e+08 0
2.09846e+08 0
2.09913e+08 0
2.09991e+08 0
2.1017e+08 0
2.1027e+08 0
2.10315e+08 0
2.11176e+08 0
2.11198e+08 0
2.11645e+08 0
2.1169e+08 0
2.11735e+08 0
2.11992e+08 0
2.12048e+08 0
2.12081e+08 0
2.12115e+08 0
2.12148e+08 0
2.12171e+08 0
2.12808e+08 0
2.14037e+08 0
2.14082e+08 0
2.14708e+08 0
2.2451e+08 0
2.24566e+08 0
2.24723e+08 0
2.24801e+08 0
2.24879e+08 0
2.24946e+08 0
2.25036e+08 0
2.25226e+08 0
2.25393e+08 0
2.25427e+08 0
2.25494e+08 0
2.26489e+08 0
2.26533e+08 0
2.26936e+08 0
2.2698e+08 0
2.27003e+08 0
2.27316e+08 0
2.27327e+08 0
2.27338e+08 0
2.27372e+08 0
2.27405e+08 0
2.27428e+08 0
2.28054e+08 0
2.29116e+08 0
2.29138e+08 0
2.29618e+08 0
2.40167e+08 0
2.40256e+08 0
2.40301e+08 0
2.40357e+08 0
2.40413e+08 0
2.40457e+08 0
2.40737e+08 0
2.40782e+08 0
2.4086e+08 0
2.40938e+08 0
2.41016e+08 0
2.41083e+08 0
2.42179e+08 0
2.42346e+08 0
2.42805e+08 0
2.42849e+08 0
2.42872e+08 0
2.43174e+08 0
2.43218e+08 0
2.43252e+08 0
2.43285e+08 0
2.43297e+08 0
2.43319e+08 0
2.43923e+08 0
2.45029e+08 0
2.4513e+08 0
2.4523e+08 0
2.5647e+08 0
2.56593e+08 0
2.5666e+08 0
2.56727e+08 0
2.56794e+08 0
2.56883e+08 0
2.57073e+08 0
2.5723e+08 0
2.57297e+08 0
2.57353e+08 0
2.57398e+08 0
2.57465e+08 0
2.57532e+08 0
2.58359e+08 0
2.58795e+08 0
2.5941e+08 0
2.59443e+08 0
2.59488e+08 0
2.59722e+08 0
2.59734e+08 0
2.59778e+08 0
2.59857e+08 0
2.59879e+08 0
2.5989e+08 0
2.60505e+08 0
2.61354e+08 0
2.61734e+08 0
2.61902e+08 0
2.7339e+08 0
2.73591e+08 0
2.73669e+08 0
2.73748e+08 0
2.73792e+08 0
2.73893e+08 0
2.74184e+08 0
2.74273e+08 0
2.74374e+08 0
2.74474e+08 0
2.74575e+08 0
2.74675e+08 0
2.74765e+08 0
2.74843e+08 0
2.75234e+08 0
2.75961e+08 0
2.76441e+08 0
2.76531e+08 0
2.76564e+08 0
2.76743e+08 0
2.76777e+08 0
2.7681e+08 0
2.76844e+08 0
2.76877e+08 0
2.76944e+08 0
2.77827e+08 0
2.78587e+08 0
2.78867e+08 0
2.79046e+08 0
2.9078e+08 0
2.91015e+08 0
2.91137e+08 0
2.91193e+08 0
2.91249e+08 0
2.91294e+08 0
2.91752e+08 0
2.91819e+08 0
2.91875e+08 0
2.91931e+08 0
2.92021e+08 0
2.92065e+08 0
2.92188e+08 0
2.92233e+08 0
2.92837e+08 0
2.92993e+08 0
2.93507e+08 0
2.94021e+08 0
2.94044e+08 0
2.94055e+08 0
2.94167e+08 0
2.942e+08 0
2.94245e+08 0
2.94301e+08 0
2.94357e+08 0
2.94368e+08 0
2.95564e+08 0
2.96201e+08 0
2.96368e+08 0
2.96749e+08 0
3.08695e+08 0
3.08885e+08 0
3.09041e+08 0
3.09063e+08 0
3.09108e+08 0
3.09175e+08 0
3.09589e+08 0
3.09656e+08 0
3.10002e+08 0
3.10036e+08 0
3.10081e+08 0
3.10282e+08 0
3.10416e+08 0
3.10427e+08 0
3.10438e+08 0
3.11813e+08 0
3.11902e+08 0
3.11992e+08 0
3.12215e+08 0
3.12349e+08 0
3.12383e+08 0
3.12405e+08 0
3.12417e+08 0
3.12539e+08 0
3.12551e+08 0
3.12562e+08 0
3.12584e+08 0
3.14004e+08 0
3.14261e+08 0
3.14451e+08 0
3.14976e+08 0
3.2708e+08 0
3.27225e+08 0
3.27404e+08 0
3.27415e+08 0
3.27762e+08 0
3.27817e+08 0
3.27862e+08 0
3.27907e+08 0
3.28175e+08 0
3.28197e+08 0
3.28276e+08 0
3.28365e+08 0
3.29047e+08 0
3.2908e+08 0
3.29103e+08 0
3.29125e+08 0
3.29796e+08 0
3.29963e+08 0
3.30097e+08 0
3.30477e+08 0
3.3069e+08 0
3.3088e+08 0
3.30924e+08 0
3.3098e+08 0
3.31092e+08 0
3.31114e+08 0
3.31316e+08 0
3.3136e+08 0
3.32467e+08 0
3.32657e+08 0
3.32791e+08 0
3.3373e+08 0
3.46281e+08 0
3.46393e+08 0
3.4665e+08 0
3.46672e+08 0
3.46974e+08 0
3.47052e+08 0
3.47108e+08 0
3.47175e+08 0
3.47812e+08 0
3.47902e+08 0
3.47991e+08 0
3.48114e+08 0
3.48248e+08 0
3.48382e+08 0
3.48494e+08 0
3.48628e+08 0
3.48751e+08 0
3.48874e+08 0
3.49008e+08 0
3.4912e+08 0
3.49243e+08 0
3.49634e+08 0
3.49712e+08 0
3.49813e+08 0
3.49869e+08 0
3.49925e+08 0
3.49981e+08 0
3.50226e+08 0
3.50327e+08 0
3.51311e+08 0
3.51847e+08 0
3.51937e+08 0
3.53099e+08 0
3.6613e+08 0
3.6622e+08 0
3.66566e+08 0
3.66589e+08 0
3.66835e+08 0
3.66891e+08 0
3.66947e+08 0
3.67025e+08 0
3.67505e+08 0
3.67617e+08 0
3.67718e+08 0
3.6793e+08 0
3.6802e+08 0
3.68131e+08 0
3.68243e+08 0
3.68366e+08 0
3.68478e+08 0
3.68556e+08 0
3.68746e+08 0
3.68835e+08 0
3.68947e+08 0
3.69025e+08 0
3.69238e+08 0
3.69472e+08 0
3.69551e+08 0
3.69629e+08 0
3.69752e+08 0
3.69808e+08 0
3.69931e+08 0
3.70042e+08 0
3.7125e+08 0
3.71495e+08 0
3.71518e+08 0
3.73172e+08 0
3.86562e+08 0
3.86652e+08 0
3.86942e+08 0
3.86998e+08 0
3.87646e+08 0
3.87747e+08 0
3.87803e+08 0
3.87892e+08 0
3.88161e+08 0
3.88272e+08 0
3.88395e+08 0
3.88529e+08 0
3.88608e+08 0
3.88664e+08 0
3.88731e+08 0
3.88798e+08 0
3.88921e+08 0
3.89077e+08 0
3.89155e+08 0
3.89211e+08 0
3.89278e+08 0
3.89368e+08 0
3.89435e+08 0
3.89714e+08 0
3.90005e+08 0
3.90072e+08 0
3.90139e+08 0
3.90239e+08 0
3.90385e+08 0
3.90508e+08 0
3.90597e+08 0
3.91771e+08 0
3.91905e+08 0
3.91927e+08 0
3.93783e+08 0
4.07531e+08 0
4.07799e+08 0
4.07866e+08 0
4.07911e+08 0
4.09152e+08 0
4.09196e+08 0
4.09241e+08 0
4.0933e+08 0
4.0942e+08 0
4.09565e+08 0
4.09643e+08 0
4.09688e+08 0
4.09722e+08 0
4.098e+08 0
4.09889e+08 0
4.0999e+08 0
4.10169e+08 0
4.10247e+08 0
4.10414e+08 0
4.10482e+08 0
4.1056e+08 0
4.10694e+08 0
4.10772e+08 0
4.1094e+08 0
4.11331e+08 0
4.11454e+08 0
4.11555e+08 0
4.11655e+08 0
4.11767e+08 0
4.11879e+08 0
4.11957e+08 0
4.12035e+08 0
4.12918e+08 0
4.13086e+08 0
4.13108e+08 0
4.14975e+08 0
4.2904e+08 0
4.29375e+08 0
4.29409e+08 0
4.29721e+08 0
4.30761e+08 0
4.30917e+08 0
4.31051e+08 0
4.31141e+08 0
4.31241e+08 0
4.31353e+08 0
4.31465e+08 0
4.31543e+08 0
4.31633e+08 0
4.317e+08 0
4.31778e+08 0
4.31867e+08 0
4.32057e+08 0
4.32113e+08 0
4.32169e+08 0
4.32314e+08 0
4.32437e+08 0
4.32449e+08 0
4.32493e+08 0
4.32527e+08 0
4.32918e+08 0
4.33063e+08 0
4.33186e+08 0
4.33287e+08 0
4.33354e+08 0
4.33432e+08 0
4.3351e+08 0
4.336e+08 0
4.33667e+08 0
4.34706e+08 0
4.3474e+08 0
4.34773e+08 0
4.36752e+08 0
4.5116e+08 0
4.51484e+08 0
4.51529e+08 0
4.51607e+08 0
4.52982e+08 0
4.53037e+08 0
4.53127e+08 0
4.53216e+08 0
4.53328e+08 0
4.53529e+08 0
4.53641e+08 0
4.53753e+08 0
4.53853e+08 0
4.53987e+08 0
4.5411e+08 0
4.54211e+08 0
4.54569e+08 0
4.54725e+08 0
4.54848e+08 0
4.54982e+08 0
4.55116e+08 0
4.55194e+08 0
4.55295e+08 0
4.55396e+08 0
4.55463e+08 0
4.55552e+08 0
4.55608e+08 0
4.55686e+08 0
4.55753e+08 0
4.55809e+08 0
4.55854e+08 0
4.5591e+08 0
4.5601e+08 0
4.56077e+08 0
4.56949e+08 0
4.57005e+08 0
4.57028e+08 0
4.59129e+08 0
4.73908e+08 0
4.74165e+08 0
4.74232e+08 0
4.74277e+08 0
4.7583e+08 0
4.75942e+08 0
4.76043e+08 0
4.76143e+08 0
4.76255e+08 0
4.76345e+08 0
4.76412e+08 0
4.76501e+08 0
4.7659e+08 0
4.76691e+08 0
4.76769e+08 0
4.76915e+08 0
4.77037e+08 0
4.77172e+08 0
4.77283e+08 0
4.77417e+08 0
4.77574e+08 0
4.77675e+08 0
4.7782e+08 0
4.77909e+08 0
4.78077e+08 0
4.78211e+08 0
4.78334e+08 0
4.78446e+08 0
4.78557e+08 0
4.7868e+08 0
4.78792e+08 0
4.7887e+08 0
4.78949e+08 0
4.79027e+08 0
4.79105e+08 0
4.79765e+08 0
4.79832e+08 0
4.79888e+08 0
4.82157e+08 0
4.97431e+08 0
4.97677e+08 0
4.97811e+08 0
4.97867e+08 0
4.99353e+08 0
4.99432e+08 0
4.99532e+08 0
4.99599e+08 0
4.99689e+08 0
4.99789e+08 0
4.99868e+08 0
4.99946e+08 0
5.00035e+08 0
5.00102e+08 0
5.00158e+08 0
5.0027e+08 0
5.00382e+08 0
5.00482e+08 0
5.00561e+08 0
5.00661e+08 0
5.00952e+08 0
5.01086e+08 0
5.01544e+08 0
5.0179e+08 0
5.01891e+08 0
5.02025e+08 0
5.02125e+08 0
5.02248e+08 0
5.02315e+08 0
5.02382e+08 0
5.02472e+08 0
5.02528e+08 0
5.02584e+08 0
5.02628e+08 0
5.02718e+08 0
5.02762e+08 0
5.03478e+08 0
5.03556e+08 0
5.0359e+08 0
5.05904e+08 0
5.21701e+08 0
5.21869e+08 0
5.21936e+08 0
5.21992e+08 0
5.23456e+08 0
5.23579e+08 0
5.23713e+08 0
5.2378e+08 0
5.2387e+08 0
5.23937e+08 0
5.2406e+08 0
5.24149e+08 0
5.24239e+08 0
5.24362e+08 0
5.24473e+08 0
5.24876e+08 0
5.25032e+08 0
5.25155e+08 0
5.25278e+08 0
5.25423e+08 0
5.25513e+08 0
5.25636e+08 0
5.25904e+08 0
5.26217e+08 0
5.26273e+08 0
5.26317e+08 0
5.26463e+08 0
5.26541e+08 0
5.2663e+08 0
5.26664e+08 0
5.26753e+08 0
5.26832e+08 0
5.26955e+08 0
5.27022e+08 0
5.27066e+08 0
5.27189e+08 0
5.27402e+08 0
5.28128e+08 0
5.28151e+08 0
5.28173e+08 0
5.30342e+08 0
5.46334e+08 0
5.46613e+08 0
5.46691e+08 0
5.46758e+08 0
5.48033e+08 0
5.48267e+08 0
5.48357e+08 0
5.48603e+08 0
5.48782e+08 0
5.48826e+08 0
5.48871e+08 0
5.48916e+08 0
5.49027e+08 0
5.49184e+08 0
5.49374e+08 0
5.49486e+08 0
5.49586e+08 0
5.49698e+08 0
5.49799e+08 0
5.49899e+08 0
5.49955e+08 0
5.501e+08 0
5.50369e+08 0
5.50458e+08 0
5.50547e+08 0
5.50626e+08 0
5.50704e+08 0
5.50816e+08 0
5.50916e+08 0
5.50983e+08 0
5.51106e+08 0
5.51151e+08 0
5.5162e+08 0
5.5171e+08 0
5.51844e+08 0
5.51933e+08 0
5.52202e+08 0
5.52414e+08 0
5.53085e+08 0
5.53152e+08 0
5.53219e+08 0
5.55153e+08 0
5.71589e+08 0
5.72103e+08 0
5.72349e+08 0
5.72416e+08 0
5.73377e+08 0
5.73567e+08 0
5.73824e+08 0
5.73914e+08 0
5.74137e+08 0
5.74204e+08 0
5.74227e+08 0
5.74361e+08 0
5.74394e+08 0
5.74439e+08 0
5.7454e+08 0
5.74629e+08 0
5.74752e+08 0
5.74908e+08 0
5.75031e+08 0
5.75132e+08 0
5.7521e+08 0
5.75378e+08 0
5.75557e+08 0
5.75657e+08 0
5.75903e+08 0
5.75959e+08 0
5.76004e+08 0
5.76082e+08 0
5.76149e+08 0
5.76272e+08 0
5.76361e+08 0
5.76551e+08 0
5.76619e+08 0
5.77054e+08 0
5.77144e+08 0
5.773e+08 0
5.77446e+08 0
5.77513e+08 0
5.77904e+08 0
5.78597e+08 0
5.78698e+08 0
5.78731e+08 0
5.80665e+08 0
5.97344e+08 0
5.98462e+08 0
5.98551e+08 0
5.98741e+08 0
5.98987e+08 0
5.99121e+08 0
5.99278e+08 0
5.99401e+08 0
5.99445e+08 0
5.99512e+08 0
5.99591e+08 0
6.0006e+08 0
6.0025e+08 0
6.00339e+08 0
6.00473e+08 0
6.00608e+08 0
6.0073e+08 0
6.0092e+08 0
6.01032e+08 0
6.01122e+08 0
6.01233e+08 0
6.01569e+08 0
6.01669e+08 0
6.01725e+08 0
6.01926e+08 0
6.02005e+08 0
6.02072e+08 0
6.02116e+08 0
6.02139e+08 0
6.02195e+08 0
6.02273e+08 0
6.02631e+08 0
6.02709e+08 0
6.02776e+08 0
6.03223e+08 0
6.03279e+08 0
6.03391e+08 0
6.03648e+08 0
6.03726e+08 0
6.04162e+08 0
6.04676e+08 0
6.04754e+08 0
6.0481e+08 0
6.06643e+08 0
6.17999e+08 0
6.18021e+08 0
6.18032e+08 0
