500275 0
1.0926e+06 0
1.68492e+06 0
2.27724e+06 0
2.86956e+06 0
3.4619e+06 0
4.05426e+06 0
4.64667e+06 0
5.23914e+06 0
5.83181e+06 0
6.42581e+06 0
7.08664e+06 0
7.92531e+06 0
7.93648e+06 0
9.6118e+06 0
9.63415e+06 0
1.08854e+07 0
1.09189e+07 0
1.09524e+07 0
1.30212e+07 0
1.3077e+07 0
1.31441e+07 0
1.32e+07 0
1.62975e+07 0
1.63199e+07 0
1.6331e+07 0
1.63757e+07 0
1.64428e+07 0
1.9194e+07 0
1.92499e+07 0
1.92946e+07 0
1.93505e+07 0
1.94064e+07 0
1.94511e+07 0
2.28508e+07 0
2.28955e+07 0
2.29402e+07 0
2.29849e+07 0
2.30408e+07 0
2.30967e+07 0
2.31526e+07 0
2.68705e+07 0
2.69487e+07 0
2.7027e+07 0
2.7094e+07 0
2.71611e+07 0
2.72281e+07 0
2.72952e+07 0
3.08214e+07 0
3.09219e+07 0
3.10337e+07 0
3.11455e+07 0
3.1302e+07 0
3.14361e+07 0
3.1559e+07 0
3.16819e+07 0
3.60851e+07 0
3.6141e+07 0
3.62192e+07 0
3.6331e+07 0
3.64316e+07 0
3.66775e+07 0
3.67334e+07 0
3.68898e+07 0
3.69792e+07 0
4.15045e+07 0
4.1784e+07 0
4.18734e+07 0
4.19181e+07 0
4.1974e+07 0
4.22087e+07 0
4.24322e+07 0
4.25105e+07 0
4.25775e+07 0
4.27228e+07 0
4.7646e+07 0
4.79926e+07 0
4.82161e+07 0
4.82944e+07 0
4.8395e+07 0
4.85067e+07 0
4.85962e+07 0
4.88868e+07 0
4.89427e+07 0
4.90768e+07 0
4.91662e+07 0
5.44586e+07 0
5.48498e+07 0
5.5174e+07 0
5.52187e+07 0
5.52522e+07 0
5.54423e+07 0
5.56658e+07 0
5.56993e+07 0
5.58781e+07 0
5.59117e+07 0
5.62246e+07 0
5.62805e+07 0
6.18946e+07 0
6.20958e+07 0
6.23419e+07 0
6.23754e+07 0
6.24202e+07 0
6.28672e+07 0
6.29119e+07 0
6.31578e+07 0
6.32025e+07 0
6.32472e+07 0
6.33255e+07 0
6.37279e+07 0
6.39179e+07 0
6.94806e+07 0
7.0006e+07 0
7.0308e+07 0
7.03527e+07 0
7.0375e+07 0
7.08445e+07 0
7.09227e+07 0
7.10233e+07 0
7.10457e+07 0
7.11127e+07 0
7.12692e+07 0
7.13139e+07 0
7.17386e+07 0
7.18839e+07 0
7.77786e+07 0
7.83934e+07 0
7.88518e+07 0
7.88854e+07 0
7.89077e+07 0
7.93772e+07 0
7.94331e+07 0
7.94667e+07 0
8.00591e+07 0
8.01262e+07 0
8.01709e+07 0
8.0182e+07 0
8.02268e+07 0
8.06068e+07 0
8.09533e+07 0
8.66022e+07 0
8.73847e+07 0
8.78879e+07 0
8.79326e+07 0
8.79438e+07 0
8.84803e+07 0
8.85586e+07 0
8.86592e+07 0
8.9341e+07 0
8.94081e+07 0
8.95981e+07 0
8.96539e+07 0
8.97322e+07 0
8.97881e+07 0
8.9911e+07 0
9.02128e+07 0
9.60407e+07 0
9.69687e+07 0
9.76284e+07 0
9.76508e+07 0
9.76955e+07 0
9.83438e+07 0
9.84555e+07 0
9.85114e+07 0
9.9115e+07 0
9.92044e+07 0
9.92826e+07 0
9.9372e+07 0
9.94503e+07 0
9.95397e+07 0
9.96403e+07 0
9.96961e+07 0
1.00065e+08 0
1.06253e+08 0
1.07248e+08 0
1.08277e+08 0
1.08344e+08 0
1.08389e+08 0
1.08724e+08 0
1.08825e+08 0
1.08858e+08 0
1.09652e+08 0
1.09707e+08 0
1.09842e+08 0
1.09909e+08 0
1.09987e+08 0
1.10054e+08 0
1.10099e+08 0
1.10143e+08 0
1.10199e+08 0
1.10535e+08 0
1.17095e+08 0
1.18079e+08 0
1.19219e+08 0
1.19253e+08 0
1.19275e+08 0
1.19577e+08 0
1.19588e+08 0
1.19633e+08 0
1.20494e+08 0
1.20762e+08 0
1.20862e+08 0
1.20963e+08 0
1.2103e+08 0
1.21131e+08 0
1.21187e+08 0
1.21265e+08 0
1.21432e+08 0
1.21444e+08 0
1.21533e+08 0
1.28737e+08 0
1.29653e+08 0
1.30827e+08 0
1.3085e+08 0
1.30883e+08 0
1.31096e+08 0
1.31129e+08 0
1.31185e+08 0
1.32258e+08 0
1.32437e+08 0
1.32481e+08 0
1.3256e+08 0
1.32571e+08 0
1.32604e+08 0
1.32783e+08 0
1.32917e+08 0
1.33029e+08 0
1.33074e+08 0
1.33119e+08 0
1.33197e+08 0
1.40896e+08 0
1.41679e+08 0
1.42819e+08 0
1.4302e+08 0
1.43043e+08 0
1.43311e+08 0
1.43345e+08 0
1.43445e+08 0
1.4454e+08 0
1.44619e+08 0
1.44686e+08 0
1.44775e+08 0
1.44887e+08 0
1.44976e+08 0
1.45088e+08 0
1.45178e+08 0
1.45211e+08 0
1.45345e+08 0
1.45368e+08 0
1.45468e+08 0
1.45479e+08 0
1.53117e+08 0
1.54347e+08 0
1.55409e+08 0
1.55923e+08 0
1.55979e+08 0
1.56214e+08 0
1.56236e+08 0
1.56303e+08 0
1.57309e+08 0
1.57399e+08 0
1.57444e+08 0
1.57511e+08 0
1.57611e+08 0
1.57701e+08 0
1.5779e+08 0
1.57824e+08 0
1.57991e+08 0
1.58137e+08 0
1.58181e+08 0
1.58271e+08 0
1.58327e+08 0
1.5836e+08 0
1.66325e+08 0
1.67364e+08 0
1.68281e+08 0
1.68963e+08 0
1.69008e+08 0
1.69242e+08 0
1.69298e+08 0
1.69343e+08 0
1.70338e+08 0
1.70383e+08 0
1.70472e+08 0
1.7055e+08 0
1.70584e+08 0
1.70673e+08 0
1.70763e+08 0
1.70852e+08 0
1.70997e+08 0
1.71131e+08 0
1.71165e+08 0
1.71243e+08 0
1.71254e+08 0
1.71299e+08 0
1.79728e+08 0
1.79795e+08 0
1.80767e+08 0
1.81662e+08 0
1.82646e+08 0
1.82724e+08 0
1.83048e+08 0
1.83115e+08 0
1.83227e+08 0
1.83976e+08 0
1.84043e+08 0
1.84155e+08 0
1.84199e+08 0
1.84266e+08 0
1.84322e+08 0
1.84389e+08 0
1.84479e+08 0
1.84579e+08 0
1.84736e+08 0
1.84769e+08 0
1.84848e+08 0
1.8487e+08 0
1.84892e+08 0
1.93589e+08 0
1.93623e+08 0
1.93668e+08 0
1.94741e+08 0
1.9587e+08 0
1.96529e+08 0
1.96798e+08 0
1.9729e+08 0
1.97312e+08 0
1.97424e+08 0
1.98206e+08 0
1.98229e+08 0
1.9834e+08 0
1.98407e+08 0
1.98452e+08 0
1.98519e+08 0
1.98542e+08 0
1.98665e+08 0
1.98787e+08 0
1.98922e+08 0
1.98955e+08 0
1.99011e+08 0
1.99078e+08 0
1.991e+08 0
2.08071e+08 0
2.08161e+08 0
2.08206e+08 0
2.09268e+08 0
2.09279e+08 0
2.10699e+08 0
2.11202e+08 0
2.11325e+08 0
2.11906e+08 0
2.11939e+08 0
2.11973e+08 0
2.1289e+08 0
2.12945e+08 0
2.12979e+08 0
2.13068e+08 0
2.13124e+08 0
2.13314e+08 0
2.13359e+08 0
2.13527e+08 0
2.13639e+08 0
2.13717e+08 0
2.1375e+08 0
2.13829e+08 0
2.13862e+08 0
2.13907e+08 0
2.2301e+08 0
2.23278e+08 0
2.23345e+08 0
2.2443e+08 0
2.24452e+08 0
2.24463e+08 0
2.2633e+08 0
2.26431e+08 0
2.2652e+08 0
2.27079e+08 0
2.27146e+08 0
2.27191e+08 0
2.28331e+08 0
2.28376e+08 0
2.28488e+08 0
2.28622e+08 0
2.28655e+08 0
2.28778e+08 0
2.28812e+08 0
2.29002e+08 0
2.29046e+08 0
2.29125e+08 0
2.29181e+08 0
2.29237e+08 0
2.29259e+08 0
2.29281e+08 0
2.3861e+08 0
2.38968e+08 0
2.39069e+08 0
2.40164e+08 0
2.40176e+08 0
2.40198e+08 0
2.42065e+08 0
2.42121e+08 0
2.42188e+08 0
2.42512e+08 0
2.42881e+08 0
2.42926e+08 0
2.42982e+08 0
2.44368e+08 0
2.44468e+08 0
2.44547e+08 0
2.44614e+08 0
2.44681e+08 0
2.44737e+08 0
2.44781e+08 0
2.44927e+08 0
2.45061e+08 0
2.45083e+08 0
2.45105e+08 0
2.45161e+08 0
2.45184e+08 0
2.45217e+08 0
2.55054e+08 0
2.55244e+08 0
2.55322e+08 0
2.56585e+08 0
2.56608e+08 0
2.56619e+08 0
2.58598e+08 0
2.58755e+08 0
2.58833e+08 0
2.58889e+08 0
2.58967e+08 0
2.59515e+08 0
2.59548e+08 0
2.59593e+08 0
2.61068e+08 0
2.6108e+08 0
2.6127e+08 0
2.61314e+08 0
2.61359e+08 0
2.61393e+08 0
2.61415e+08 0
2.61516e+08 0
2.61572e+08 0
2.61605e+08 0
2.61683e+08 0
2.61717e+08 0
2.61784e+08 0
2.61974e+08 0
2.72173e+08 0
2.72251e+08 0
2.7233e+08 0
2.73537e+08 0
2.73559e+08 0
2.73581e+08 0
2.75527e+08 0
2.75594e+08 0
2.75751e+08 0
2.75773e+08 0
2.75818e+08 0
2.75896e+08 0
2.76846e+08 0
2.7688e+08 0
2.76958e+08 0
2.78277e+08 0
2.78322e+08 0
2.78433e+08 0
2.78467e+08 0
2.78489e+08 0
2.78512e+08 0
2.78623e+08 0
2.78668e+08 0
2.78713e+08 0
2.78735e+08 0
2.78836e+08 0
2.78869e+08 0
2.78925e+08 0
2.79037e+08 0
2.89809e+08 0
2.89909e+08 0
2.90021e+08 0
2.91072e+08 0
2.91094e+08 0
2.9115e+08 0
2.92336e+08 0
2.92426e+08 0
2.92515e+08 0
2.92638e+08 0
2.92906e+08 0
2.9304e+08 0
2.93152e+08 0
2.94594e+08 0
2.94661e+08 0
2.94683e+08 0
2.96058e+08 0
2.96181e+08 0
2.96226e+08 0
2.96315e+08 0
2.96337e+08 0
2.96393e+08 0
2.96438e+08 0
2.9646e+08 0
2.96494e+08 0
2.96516e+08 0
2.96695e+08 0
2.96762e+08 0
2.96807e+08 0
2.96863e+08 0
3.08084e+08 0
3.08229e+08 0
3.08341e+08 0
3.09246e+08 0
3.0928e+08 0
3.09325e+08 0
3.10186e+08 0
3.10265e+08 0
3.10432e+08 0
3.10522e+08 0
3.10611e+08 0
3.10723e+08 0
3.10824e+08 0
3.10935e+08 0
3.12601e+08 0
3.12712e+08 0
3.12813e+08 0
3.14344e+08 0
3.1459e+08 0
3.14613e+08 0
3.14691e+08 0
3.14792e+08 0
3.1487e+08 0
3.14892e+08 0
3.14914e+08 0
3.14926e+08 0
3.14937e+08 0
3.15004e+08 0
3.15037e+08 0
3.15093e+08 0
3.15138e+08 0
3.26924e+08 0
3.27013e+08 0
3.27315e+08 0
3.27963e+08 0
3.27997e+08 0
3.2803e+08 0
3.28993e+08 0
3.29127e+08 0
3.29239e+08 0
3.29373e+08 0
3.29529e+08 0
3.29708e+08 0
3.29876e+08 0
3.30032e+08 0
3.302e+08 0
3.3153e+08 0
3.31641e+08 0
3.31899e+08 0
3.33274e+08 0
3.33598e+08 0
3.33609e+08 0
3.33788e+08 0
3.33799e+08 0
3.33877e+08 0
3.33933e+08 0
3.33978e+08 0
3.34011e+08 0
3.34034e+08 0
3.34101e+08 0
3.34123e+08 0
3.34168e+08 0
3.34257e+08 0
3.46439e+08 0
3.46517e+08 0
3.46585e+08 0
3.47155e+08 0
3.47166e+08 0
3.47211e+08 0
3.48407e+08 0
3.4853e+08 0
3.48653e+08 0
3.48776e+08 0
3.48933e+08 0
3.49659e+08 0
3.50721e+08 0
3.50833e+08 0
3.509e+08 0
3.51492e+08 0
3.51548e+08 0
3.51604e+08 0
3.51626e+08 0
3.52789e+08 0
3.53102e+08 0
3.53124e+08 0
3.53303e+08 0
3.53337e+08 0
3.53471e+08 0
3.53482e+08 0
3.53516e+08 0
3.53549e+08 0
3.53594e+08 0
3.53616e+08 0
3.5365e+08 0
3.53672e+08 0
3.53706e+08 0
3.66349e+08 0
3.66427e+08 0
3.66461e+08 0
3.67031e+08 0
3.67042e+08 0
3.67087e+08 0
3.68541e+08 0
3.68921e+08 0
3.69513e+08 0
3.69983e+08 0
3.70083e+08 0
3.70798e+08 0
3.71089e+08 0
3.71246e+08 0
3.7138e+08 0
3.71592e+08 0
3.71648e+08 0
3.71704e+08 0
3.71816e+08 0
3.71939e+08 0
3.72721e+08 0
3.73224e+08 0
3.73235e+08 0
3.73526e+08 0
3.73548e+08 0
3.73604e+08 0
3.73638e+08 0
3.7366e+08 0
3.73694e+08 0
3.73716e+08 0
3.7375e+08 0
3.73794e+08 0
3.73817e+08 0
3.7385e+08 0
3.86843e+08 0
3.86922e+08 0
3.87056e+08 0
3.87514e+08 0
3.87537e+08 0
3.87559e+08 0
3.8861e+08 0
3.89303e+08 0
3.89996e+08 0
3.90231e+08 0
3.91002e+08 0
3.91337e+08 0
3.91762e+08 0
3.91852e+08 0
3.91907e+08 0
3.92109e+08 0
3.92254e+08 0
3.92321e+08 0
3.92366e+08 0
3.92422e+08 0
3.92522e+08 0
3.93428e+08 0
3.94043e+08 0
3.94065e+08 0
3.94222e+08 0
3.94255e+08 0
3.94311e+08 0
3.94322e+08 0
3.94345e+08 0
3.94356e+08 0
3.94367e+08 0
3.94389e+08 0
3.94524e+08 0
3.94579e+08 0
3.94602e+08 0
4.07645e+08 0
4.07746e+08 0
4.07991e+08 0
4.08494e+08 0
4.08539e+08 0
4.08595e+08 0
4.10172e+08 0
4.10351e+08 0
4.10842e+08 0
4.10954e+08 0
4.11614e+08 0
4.11893e+08 0
4.12184e+08 0
4.13201e+08 0
4.13245e+08 0
4.13346e+08 0
4.13379e+08 0
4.13502e+08 0
4.13536e+08 0
4.13581e+08 0
4.13614e+08 0
4.13715e+08 0
4.14665e+08 0
4.15269e+08 0
4.1528e+08 0
4.15481e+08 0
4.15493e+08 0
4.15604e+08 0
4.15616e+08 0
4.15649e+08 0
4.15694e+08 0
4.15705e+08 0
4.15727e+08 0
4.15839e+08 0
4.15895e+08 0
4.15984e+08 0
4.29174e+08 0
4.29229e+08 0
4.29375e+08 0
4.29945e+08 0
4.30012e+08 0
4.30034e+08 0
4.31991e+08 0
4.32114e+08 0
4.32639e+08 0
4.32717e+08 0
4.3379e+08 0
4.33947e+08 0
4.34305e+08 0
4.34908e+08 0
4.34975e+08 0
4.35053e+08 0
4.35098e+08 0
4.35187e+08 0
4.3531e+08 0
4.35333e+08 0
4.35377e+08 0
4.35478e+08 0
4.35523e+08 0
4.36439e+08 0
4.37021e+08 0
4.37043e+08 0
4.37267e+08 0
4.37289e+08 0
4.3758e+08 0
4.37591e+08 0
4.37602e+08 0
4.37625e+08 0
4.37636e+08 0
4.37658e+08 0
4.37692e+08 0
4.37703e+08 0
4.37725e+08 0
4.51086e+08 0
4.51164e+08 0
4.51231e+08 0
4.52103e+08 0
4.52181e+08 0
4.52204e+08 0
4.54373e+08 0
4.54406e+08 0
4.55345e+08 0
4.55423e+08 0
4.56195e+08 0
4.56452e+08 0
4.57022e+08 0
4.57201e+08 0
4.57402e+08 0
4.57469e+08 0
4.57514e+08 0
4.57558e+08 0
4.57636e+08 0
4.57882e+08 0
4.57949e+08 0
4.58072e+08 0
4.58106e+08 0
4.58151e+08 0
4.58821e+08 0
4.59459e+08 0
4.59481e+08 0
4.59861e+08 0
4.59884e+08 0
4.59962e+08 0
4.59973e+08 0
4.59996e+08 0
4.60007e+08 0
4.60018e+08 0
4.60051e+08 0
4.60074e+08 0
4.60085e+08 0
4.6013e+08 0
4.7295e+08 0
4.7305e+08 0
4.73229e+08 0
4.74626e+08 0
4.7476e+08 0
4.74883e+08 0
4.77276e+08 0
4.77321e+08 0
4.77924e+08 0
4.78036e+08 0
4.79031e+08 0
4.79433e+08 0
4.80037e+08 0
4.80104e+08 0
4.80171e+08 0
4.80249e+08 0
4.80305e+08 0
4.80439e+08 0
4.80629e+08 0
4.80696e+08 0
4.80786e+08 0
4.80841e+08 0
4.80897e+08 0
4.80931e+08 0
4.80976e+08 0
4.8178e+08 0
4.8253e+08 0
4.82586e+08 0
4.82787e+08 0
4.8282e+08 0
4.82876e+08 0
4.82921e+08 0
4.82932e+08 0
4.82955e+08 0
4.82999e+08 0
4.83022e+08 0
4.83066e+08 0
4.83089e+08 0
4.83122e+08 0
4.95714e+08 0
4.96206e+08 0
4.96329e+08 0
4.97704e+08 0
4.98106e+08 0
4.98151e+08 0
5.0108e+08 0
5.01337e+08 0
5.01583e+08 0
5.01639e+08 0
5.03315e+08 0
5.03539e+08 0
5.03796e+08 0
5.03807e+08 0
5.03863e+08 0
5.03908e+08 0
5.03941e+08 0
5.03975e+08 0
5.04098e+08 0
5.04154e+08 0
5.04221e+08 0
5.04254e+08 0
5.04321e+08 0
5.04388e+08 0
5.04478e+08 0
5.05383e+08 0
5.05406e+08 0
5.0611e+08 0
5.06222e+08 0
5.0639e+08 0
5.06401e+08 0
5.06513e+08 0
5.06547e+08 0
5.06558e+08 0
5.0658e+08 0
5.06614e+08 0
5.06636e+08 0
5.06658e+08 0
5.06692e+08 0
5.06725e+08 0
5.19174e+08 0
5.19297e+08 0
5.19465e+08 0
5.20884e+08 0
5.21968e+08 0
5.22091e+08 0
5.25322e+08 0
5.25836e+08 0
5.26038e+08 0
5.26138e+08 0
5.27736e+08 0
5.27971e+08 0
5.28005e+08 0
5.28049e+08 0
5.28094e+08 0
5.28172e+08 0
5.28217e+08 0
5.28228e+08 0
5.28329e+08 0
5.28362e+08 0
5.2843e+08 0
5.28452e+08 0
5.28553e+08 0
5.28586e+08 0
5.28597e+08 0
5.29492e+08 0
5.29525e+08 0
5.29547e+08 0
5.3033e+08 0
5.30408e+08 0
5.30666e+08 0
5.3071e+08 0
5.30811e+08 0
5.30845e+08 0
5.30867e+08 0
5.30889e+08 0
5.30912e+08 0
5.30934e+08 0
5.30968e+08 0
5.31001e+08 0
5.31046e+08 0
5.43632e+08 0
5.43833e+08 0
5.43867e+08 0
5.45052e+08 0
5.46549e+08 0
5.46706e+08 0
5.50619e+08 0
5.51647e+08 0
5.51747e+08 0
5.51781e+08 0
5.52586e+08 0
5.52843e+08 0
5.52943e+08 0
5.52988e+08 0
5.53077e+08 0
5.53156e+08 0
5.53178e+08 0
5.532e+08 0
5.53212e+08 0
5.53267e+08 0
5.53279e+08 0
5.5329e+08 0
5.53368e+08 0
5.53402e+08 0
5.53424e+08 0
5.54341e+08 0
5.54419e+08 0
5.54441e+08 0
5.55213e+08 0
5.55235e+08 0
5.55302e+08 0
5.55571e+08 0
5.55593e+08 0
5.55861e+08 0
5.55884e+08 0
5.55906e+08 0
5.55917e+08 0
5.55928e+08 0
5.55951e+08 0
5.55984e+08 0
5.56051e+08 0
5.56096e+08 0
5.6841e+08 0
5.68689e+08 0
5.68857e+08 0
5.69717e+08 0
5.71248e+08 0
5.71729e+08 0
5.75653e+08 0
5.76189e+08 0
5.76301e+08 0
5.77262e+08 0
5.77765e+08 0
5.78146e+08 0
5.78246e+08 0
5.78291e+08 0
5.78369e+08 0
5.7838e+08 0
5.78414e+08 0
5.78425e+08 0
5.7847e+08 0
5.78503e+08 0
5.78526e+08 0
5.78548e+08 0
5.78593e+08 0
5.78637e+08 0
5.7866e+08 0
5.79576e+08 0
5.79699e+08 0
5.79722e+08 0
5.80527e+08 0
5.80538e+08 0
5.8056e+08 0
5.80683e+08 0
5.81142e+08 0
5.81153e+08 0
5.81309e+08 0
5.81365e+08 0
5.81388e+08 0
5.8141e+08 0
5.81443e+08 0
5.81455e+08 0
5.81477e+08 0
5.81488e+08 0
5.81511e+08 0
5.93571e+08 0
5.93682e+08 0
5.93749e+08 0
5.94901e+08 0
5.96275e+08 0
5.97181e+08 0
6.01283e+08 0
6.02088e+08 0
6.02211e+08 0
6.02312e+08 0
6.03396e+08 0
6.03832e+08 0
6.03865e+08 0
6.03944e+08 0
6.04022e+08 0
6.04044e+08 0
6.04067e+08 0
6.04111e+08 0
6.04134e+08 0
6.04223e+08 0
6.04268e+08 0
6.04346e+08 0
6.04402e+08 0
6.04424e+08 0
6.04458e+08 0
6.05419e+08 0
6.05486e+08 0
6.05621e+08 0
6.06426e+08 0
6.06481e+08 0
6.06493e+08 0
6.06549e+08 0
6.06582e+08 0
6.06996e+08 0
6.07074e+08 0
6.07219e+08 0
6.07242e+08 0
6.07286e+08 0
6.07331e+08 0
6.07376e+08 0
6.07409e+08 0
6.07443e+08 0
6.07454e+08 0
6.07465e+08 0
6.16249e+08 0
6.1626e+08 0
6.16282e+08 0
