354921 0
956188 0
1.54851e+06 0
2.14083e+06 0
2.73315e+06 0
3.3255e+06 0
3.91787e+06 0
4.51027e+06 0
5.10276e+06 0
5.69544e+06 0
6.28842e+06 0
6.98473e+06 0
7.62465e+06 0
7.65818e+06 0
8.87197e+06 0
8.9055e+06 0
1.02921e+07 0
1.03033e+07 0
1.03144e+07 0
1.41335e+07 0
1.4167e+07 0
1.42117e+07 0
1.42565e+07 0
1.70408e+07 0
1.71638e+07 0
1.72308e+07 0
1.73091e+07 0
1.73203e+07 0
2.18017e+07 0
2.18464e+07 0
2.188e+07 0
2.19135e+07 0
2.19358e+07 0
2.19471e+07 0
2.60752e+07 0
2.61199e+07 0
2.61311e+07 0
2.6187e+07 0
2.62429e+07 0
2.62765e+07 0
2.62988e+07 0
3.05996e+07 0
3.06778e+07 0
3.07337e+07 0
3.08455e+07 0
3.08567e+07 0
3.09014e+07 0
3.09461e+07 0
3.53631e+07 0
3.53742e+07 0
3.54413e+07 0
3.5609e+07 0
3.58215e+07 0
3.58774e+07 0
3.59109e+07 0
3.60451e+07 0
4.11969e+07 0
4.12416e+07 0
4.12639e+07 0
4.13087e+07 0
4.15212e+07 0
4.19349e+07 0
4.19684e+07 0
4.20243e+07 0
4.21697e+07 0
4.71718e+07 0
4.72277e+07 0
4.72724e+07 0
4.74513e+07 0
4.74737e+07 0
4.75855e+07 0
4.79321e+07 0
4.79433e+07 0
4.80439e+07 0
4.82452e+07 0
5.41801e+07 0
5.42024e+07 0
5.43478e+07 0
5.47055e+07 0
5.47279e+07 0
5.47726e+07 0
5.49403e+07 0
5.51975e+07 0
5.5231e+07 0
5.53094e+07 0
5.53653e+07 0
6.12271e+07 0
6.13166e+07 0
6.14395e+07 0
6.19202e+07 0
6.19425e+07 0
6.20096e+07 0
6.21997e+07 0
6.22332e+07 0
6.23452e+07 0
6.24234e+07 0
6.26135e+07 0
6.26918e+07 0
6.87603e+07 0
6.91179e+07 0
6.92073e+07 0
6.98445e+07 0
6.99786e+07 0
7.01016e+07 0
7.02246e+07 0
7.02916e+07 0
7.03028e+07 0
7.05265e+07 0
7.05712e+07 0
7.07389e+07 0
7.07726e+07 0
7.57339e+07 0
7.59574e+07 0
7.6315e+07 0
7.76563e+07 0
7.78239e+07 0
7.82151e+07 0
7.84275e+07 0
7.85281e+07 0
7.86064e+07 0
7.86176e+07 0
7.87853e+07 0
7.87965e+07 0
7.91207e+07 0
7.93555e+07 0
8.56995e+07 0
8.58113e+07 0
8.5923e+07 0
8.64372e+07 0
8.66719e+07 0
8.6929e+07 0
8.70855e+07 0
8.74544e+07 0
8.74768e+07 0
8.74879e+07 0
8.76668e+07 0
8.76892e+07 0
8.7734e+07 0
8.81811e+07 0
8.84046e+07 0
9.5247e+07 0
9.53811e+07 0
9.55823e+07 0
9.58282e+07 0
9.61299e+07 0
9.62864e+07 0
9.65323e+07 0
9.69125e+07 0
9.6946e+07 0
9.70354e+07 0
9.73149e+07 0
9.74603e+07 0
9.74826e+07 0
9.76503e+07 0
9.78627e+07 0
9.79522e+07 0
1.02956e+08 0
1.03012e+08 0
1.04219e+08 0
1.04991e+08 0
1.05236e+08 0
1.0584e+08 0
1.06488e+08 0
1.06857e+08 0
1.06924e+08 0
1.07002e+08 0
1.07584e+08 0
1.07651e+08 0
1.07662e+08 0
1.07684e+08 0
1.07707e+08 0
1.07796e+08 0
1.0793e+08 0
1.13508e+08 0
1.1362e+08 0
1.15676e+08 0
1.16302e+08 0
1.16447e+08 0
1.16592e+08 0
1.17196e+08 0
1.17464e+08 0
1.1761e+08 0
1.17744e+08 0
1.18225e+08 0
1.18303e+08 0
1.18348e+08 0
1.18504e+08 0
1.18538e+08 0
1.1856e+08 0
1.18649e+08 0
1.18828e+08 0
1.23448e+08 0
1.23493e+08 0
1.24711e+08 0
1.2518e+08 0
1.25281e+08 0
1.25359e+08 0
1.25516e+08 0
1.26186e+08 0
1.27203e+08 0
1.28858e+08 0
1.29193e+08 0
1.2926e+08 0
1.29383e+08 0
1.29607e+08 0
1.2964e+08 0
1.29719e+08 0
1.29774e+08 0
1.29819e+08 0
1.29864e+08 0
1.35273e+08 0
1.35373e+08 0
1.35463e+08 0
1.35821e+08 0
1.36324e+08 0
1.36424e+08 0
1.36704e+08 0
1.36804e+08 0
1.37195e+08 0
1.40425e+08 0
1.41152e+08 0
1.41197e+08 0
1.41242e+08 0
1.41331e+08 0
1.41454e+08 0
1.4151e+08 0
1.41611e+08 0
1.41644e+08 0
1.41689e+08 0
1.41857e+08 0
1.47338e+08 0
1.4745e+08 0
1.47595e+08 0
1.47897e+08 0
1.48154e+08 0
1.48266e+08 0
1.48724e+08 0
1.48836e+08 0
1.49484e+08 0
1.50457e+08 0
1.53318e+08 0
1.53329e+08 0
1.53352e+08 0
1.53385e+08 0
1.5362e+08 0
1.53665e+08 0
1.53832e+08 0
1.53888e+08 0
1.54022e+08 0
1.54213e+08 0
1.54246e+08 0
1.60061e+08 0
1.60117e+08 0
1.60386e+08 0
1.60419e+08 0
1.60464e+08 0
1.6062e+08 0
1.61079e+08 0
1.61191e+08 0
1.61727e+08 0
1.6204e+08 0
1.66343e+08 0
1.66366e+08 0
1.66399e+08 0
1.66477e+08 0
1.66522e+08 0
1.66578e+08 0
1.6669e+08 0
1.66723e+08 0
1.66947e+08 0
1.67294e+08 0
1.67361e+08 0
1.67406e+08 0
1.72945e+08 0
1.73012e+08 0
1.73325e+08 0
1.73403e+08 0
1.73504e+08 0
1.73682e+08 0
1.73872e+08 0
1.73995e+08 0
1.74532e+08 0
1.74957e+08 0
1.79472e+08 0
1.79506e+08 0
1.79528e+08 0
1.79662e+08 0
1.79674e+08 0
1.79685e+08 0
1.79729e+08 0
1.79752e+08 0
1.79897e+08 0
1.80043e+08 0
1.80177e+08 0
1.80356e+08 0
1.86368e+08 0
1.86412e+08 0
1.8648e+08 0
1.86614e+08 0
1.86658e+08 0
1.86692e+08 0
1.87005e+08 0
1.87106e+08 0
1.87273e+08 0
1.87843e+08 0
1.88033e+08 0
1.93153e+08 0
1.93164e+08 0
1.93186e+08 0
1.9322e+08 0
1.93231e+08 0
1.93264e+08 0
1.93287e+08 0
1.93309e+08 0
1.93466e+08 0
1.93555e+08 0
1.93589e+08 0
1.93768e+08 0
2.00322e+08 0
2.00389e+08 0
2.00423e+08 0
2.00456e+08 0
2.00747e+08 0
2.00836e+08 0
2.00892e+08 0
2.01127e+08 0
2.01216e+08 0
2.01328e+08 0
2.01954e+08 0
2.02312e+08 0
2.07386e+08 0
2.07431e+08 0
2.07487e+08 0
2.07521e+08 0
2.07543e+08 0
2.07554e+08 0
2.07588e+08 0
2.0761e+08 0
2.077e+08 0
2.07722e+08 0
2.078e+08 0
2.08001e+08 0
2.14557e+08 0
2.14602e+08 0
2.14669e+08 0
2.14736e+08 0
2.14826e+08 0
2.15429e+08 0
2.15686e+08 0
2.15753e+08 0
2.15865e+08 0
2.1591e+08 0
2.16011e+08 0
2.16614e+08 0
2.16692e+08 0
2.22181e+08 0
2.22214e+08 0
2.22292e+08 0
2.22326e+08 0
2.2236e+08 0
2.22393e+08 0
2.2246e+08 0
2.22494e+08 0
2.22583e+08 0
2.22606e+08 0
2.2265e+08 0
2.22874e+08 0
2.29703e+08 0
2.29726e+08 0
2.29759e+08 0
2.29804e+08 0
2.29826e+08 0
2.29871e+08 0
2.30553e+08 0
2.30955e+08 0
2.30989e+08 0
2.31034e+08 0
2.31078e+08 0
2.31134e+08 0
2.3128e+08 0
2.31414e+08 0
2.3764e+08 0
2.37662e+08 0
2.37707e+08 0
2.37729e+08 0
2.37774e+08 0
2.37807e+08 0
2.37875e+08 0
2.37908e+08 0
2.3802e+08 0
2.38031e+08 0
2.38098e+08 0
2.38333e+08 0
2.45505e+08 0
2.45528e+08 0
2.4555e+08 0
2.45561e+08 0
2.45572e+08 0
2.4564e+08 0
2.45707e+08 0
2.45751e+08 0
2.46489e+08 0
2.46511e+08 0
2.46679e+08 0
2.46724e+08 0
2.47439e+08 0
2.4764e+08 0
2.47786e+08 0
2.53509e+08 0
2.53553e+08 0
2.53621e+08 0
2.53676e+08 0
2.53766e+08 0
2.53811e+08 0
2.53833e+08 0
2.53855e+08 0
2.54057e+08 0
2.54112e+08 0
2.54224e+08 0
2.54437e+08 0
2.61797e+08 0
2.61842e+08 0
2.61853e+08 0
2.61864e+08 0
2.61898e+08 0
2.6192e+08 0
2.6201e+08 0
2.62043e+08 0
2.62088e+08 0
2.62535e+08 0
2.62591e+08 0
2.62826e+08 0
2.62893e+08 0
2.63239e+08 0
2.63619e+08 0
2.63731e+08 0
2.69789e+08 0
2.69901e+08 0
2.70158e+08 0
2.70192e+08 0
2.70281e+08 0
2.7046e+08 0
2.70471e+08 0
2.70482e+08 0
2.70572e+08 0
2.70583e+08 0
2.70695e+08 0
2.71053e+08 0
2.78619e+08 0
2.78709e+08 0
2.78787e+08 0
2.78821e+08 0
2.78843e+08 0
2.78865e+08 0
2.78899e+08 0
2.78932e+08 0
2.78944e+08 0
2.79346e+08 0
2.79424e+08 0
2.79491e+08 0
2.79827e+08 0
2.80061e+08 0
2.80196e+08 0
2.80609e+08 0
2.80833e+08 0
2.86131e+08 0
2.86231e+08 0
2.87349e+08 0
2.87372e+08 0
2.87551e+08 0
2.87595e+08 0
2.87618e+08 0
2.87629e+08 0
2.87774e+08 0
2.87808e+08 0
2.87875e+08 0
2.88222e+08 0
2.96129e+08 0
2.9614e+08 0
2.96241e+08 0
2.96274e+08 0
2.96308e+08 0
2.9633e+08 0
2.96375e+08 0
2.96386e+08 0
2.96409e+08 0
2.96666e+08 0
2.96744e+08 0
2.96778e+08 0
2.96845e+08 0
2.96979e+08 0
2.97046e+08 0
2.97146e+08 0
2.97515e+08 0
2.97918e+08 0
3.03417e+08 0
3.03473e+08 0
3.04591e+08 0
3.04691e+08 0
3.05217e+08 0
3.0525e+08 0
3.05261e+08 0
3.05284e+08 0
3.05575e+08 0
3.05619e+08 0
3.05709e+08 0
3.06212e+08 0
3.14302e+08 0
3.14324e+08 0
3.14369e+08 0
3.14436e+08 0
3.14447e+08 0
3.14469e+08 0
3.14492e+08 0
3.14503e+08 0
3.14525e+08 0
3.14738e+08 0
3.14816e+08 0
3.14883e+08 0
3.1495e+08 0
3.15062e+08 0
3.15163e+08 0
3.15308e+08 0
3.15375e+08 0
3.158e+08 0
3.16079e+08 0
3.20438e+08 0
3.20561e+08 0
3.22707e+08 0
3.22752e+08 0
3.23255e+08 0
3.23322e+08 0
3.23445e+08 0
3.23467e+08 0
3.24015e+08 0
3.24038e+08 0
3.24205e+08 0
3.24899e+08 0
3.33014e+08 0
3.33092e+08 0
3.33126e+08 0
3.33148e+08 0
3.3316e+08 0
3.33171e+08 0
3.33204e+08 0
3.33249e+08 0
3.3326e+08 0
3.33397e+08 0
3.3352e+08 0
3.33598e+08 0
3.33688e+08 0
3.33811e+08 0
3.33911e+08 0
3.3399e+08 0
3.34191e+08 0
3.34314e+08 0
3.34381e+08 0
3.3456e+08 0
3.37153e+08 0
3.37309e+08 0
3.41422e+08 0
3.41456e+08 0
3.4187e+08 0
3.41937e+08 0
3.42049e+08 0
3.42071e+08 0
3.4301e+08 0
3.43044e+08 0
3.43245e+08 0
3.4386e+08 0
3.52311e+08 0
3.52368e+08 0
3.5239e+08 0
3.52446e+08 0
3.52468e+08 0
3.52479e+08 0
3.52513e+08 0
3.5258e+08 0
3.52603e+08 0
3.52636e+08 0
3.52658e+08 0
3.52725e+08 0
3.53038e+08 0
3.53217e+08 0
3.53284e+08 0
3.53363e+08 0
3.53474e+08 0
3.53698e+08 0
3.53754e+08 0
3.53866e+08 0
3.53944e+08 0
3.55844e+08 0
3.56079e+08 0
3.60739e+08 0
3.60795e+08 0
3.61298e+08 0
3.61354e+08 0
3.61455e+08 0
3.615e+08 0
3.62484e+08 0
3.62517e+08 0
3.62808e+08 0
3.63512e+08 0
3.72223e+08 0
3.72288e+08 0
3.72321e+08 0
3.72344e+08 0
3.72377e+08 0
3.72444e+08 0
3.72534e+08 0
3.7259e+08 0
3.72646e+08 0
3.72735e+08 0
3.72791e+08 0
3.72824e+08 0
3.72925e+08 0
3.7307e+08 0
3.73104e+08 0
3.73339e+08 0
3.73383e+08 0
3.73439e+08 0
3.73562e+08 0
3.73585e+08 0
3.73808e+08 0
3.73898e+08 0
3.75205e+08 0
3.75854e+08 0
3.80581e+08 0
3.8066e+08 0
3.81107e+08 0
3.81185e+08 0
3.81342e+08 0
3.81532e+08 0
3.82594e+08 0
3.82616e+08 0
3.82885e+08 0
3.83857e+08 0
3.92744e+08 0
3.92934e+08 0
3.9299e+08 0
3.93079e+08 0
3.93292e+08 0
3.93381e+08 0
3.93582e+08 0
3.93649e+08 0
3.93672e+08 0
3.93739e+08 0
3.93784e+08 0
3.93817e+08 0
3.93873e+08 0
3.93996e+08 0
3.94085e+08 0
3.94555e+08 0
3.94644e+08 0
3.94745e+08 0
3.94823e+08 0
3.94879e+08 0
3.94968e+08 0
3.95248e+08 0
3.95293e+08 0
3.9612e+08 0
3.96522e+08 0
4.01507e+08 0
4.01742e+08 0
4.022e+08 0
4.02267e+08 0
4.02435e+08 0
4.02636e+08 0
4.03307e+08 0
4.03385e+08 0
4.0362e+08 0
4.0466e+08 0
4.13752e+08 0
4.13909e+08 0
4.14009e+08 0
4.14077e+08 0
4.14434e+08 0
4.14501e+08 0
4.14658e+08 0
4.14803e+08 0
4.14848e+08 0
4.14904e+08 0
4.1496e+08 0
4.15116e+08 0
4.15217e+08 0
4.1534e+08 0
4.15574e+08 0
4.16625e+08 0
4.16726e+08 0
4.16815e+08 0
4.16893e+08 0
4.16972e+08 0
4.17039e+08 0
4.17094e+08 0
4.1715e+08 0
4.17262e+08 0
4.18e+08 0
4.18592e+08 0
4.23085e+08 0
4.23186e+08 0
4.23454e+08 0
4.23499e+08 0
4.23533e+08 0
4.24181e+08 0
4.24673e+08 0
4.2474e+08 0
4.24874e+08 0
4.25869e+08 0
4.35773e+08 0
4.35851e+08 0
4.3603e+08 0
4.36075e+08 0
4.3641e+08 0
4.36455e+08 0
4.36723e+08 0
4.36902e+08 0
4.37058e+08 0
4.37103e+08 0
4.37203e+08 0
4.3793e+08 0
4.38075e+08 0
4.38813e+08 0
4.38981e+08 0
4.39327e+08 0
4.39394e+08 0
4.39473e+08 0
4.39528e+08 0
4.39607e+08 0
4.39651e+08 0
4.39785e+08 0
4.39931e+08 0
4.40054e+08 0
4.40121e+08 0
4.40423e+08 0
4.41171e+08 0
4.45195e+08 0
4.4524e+08 0
4.45777e+08 0
4.45799e+08 0
4.45933e+08 0
4.46548e+08 0
4.46984e+08 0
4.47029e+08 0
4.47375e+08 0
4.4789e+08 0
4.58925e+08 0
4.58981e+08 0
4.59216e+08 0
4.59294e+08 0
4.59585e+08 0
4.59663e+08 0
4.59809e+08 0
4.60435e+08 0
4.6077e+08 0
4.60893e+08 0
4.61027e+08 0
4.61776e+08 0
4.61955e+08 0
4.62368e+08 0
4.6248e+08 0
4.62994e+08 0
4.63173e+08 0
4.63352e+08 0
4.63709e+08 0
4.63888e+08 0
4.64089e+08 0
4.64268e+08 0
4.64413e+08 0
4.64548e+08 0
4.64704e+08 0
4.64838e+08 0
4.65285e+08 0
4.65721e+08 0
4.6761e+08 0
4.67644e+08 0
4.68695e+08 0
4.68739e+08 0
4.68997e+08 0
4.69544e+08 0
4.69969e+08 0
4.70003e+08 0
4.70204e+08 0
4.7064e+08 0
4.82354e+08 0
4.82466e+08 0
4.83069e+08 0
4.83204e+08 0
4.83505e+08 0
4.83595e+08 0
4.83874e+08 0
4.85495e+08 0
4.85998e+08 0
4.86277e+08 0
4.8668e+08 0
4.87786e+08 0
4.87931e+08 0
4.88021e+08 0
4.88144e+08 0
4.88568e+08 0
4.88747e+08 0
4.8887e+08 0
4.88971e+08 0
4.89094e+08 0
4.89183e+08 0
4.89328e+08 0
4.89507e+08 0
4.89574e+08 0
4.89653e+08 0
4.8972e+08 0
4.89809e+08 0
4.89876e+08 0
4.89988e+08 0
4.90927e+08 0
4.90972e+08 0
4.92403e+08 0
4.92425e+08 0
4.92682e+08 0
4.9323e+08 0
4.9342e+08 0
4.93465e+08 0
4.93655e+08 0
4.94058e+08 0
5.0615e+08 0
5.0634e+08 0
5.06955e+08 0
5.07022e+08 0
5.07234e+08 0
5.07312e+08 0
5.08218e+08 0
5.09894e+08 0
5.10375e+08 0
5.10732e+08 0
5.11101e+08 0
5.12017e+08 0
5.12263e+08 0
5.1242e+08 0
5.12532e+08 0
5.12621e+08 0
5.12789e+08 0
5.129e+08 0
5.1309e+08 0
5.13169e+08 0
5.13258e+08 0
5.13359e+08 0
5.13571e+08 0
5.13638e+08 0
5.13694e+08 0
5.1375e+08 0
5.13828e+08 0
5.13873e+08 0
5.14041e+08 0
5.14108e+08 0
5.14845e+08 0
5.14868e+08 0
5.16198e+08 0
5.16299e+08 0
5.16333e+08 0
5.17048e+08 0
5.17607e+08 0
5.1763e+08 0
5.17663e+08 0
5.17876e+08 0
5.30294e+08 0
5.30439e+08 0
5.31457e+08 0
5.31636e+08 0
5.31859e+08 0
5.31948e+08 0
5.33234e+08 0
5.34184e+08 0
5.3443e+08 0
5.34642e+08 0
5.35011e+08 0
5.35771e+08 0
5.3605e+08 0
5.36173e+08 0
5.36564e+08 0
5.37e+08 0
5.37313e+08 0
5.3738e+08 0
5.37436e+08 0
5.37525e+08 0
5.37671e+08 0
5.37794e+08 0
5.38085e+08 0
5.38297e+08 0
5.38353e+08 0
5.38409e+08 0
5.38532e+08 0
5.38621e+08 0
5.38811e+08 0
5.38878e+08 0
5.38956e+08 0
5.39091e+08 0
5.39124e+08 0
5.40622e+08 0
5.40667e+08 0
5.40723e+08 0
5.41539e+08 0
5.42087e+08 0
5.42121e+08 0
5.42154e+08 0
5.42222e+08 0
5.55168e+08 0
5.55257e+08 0
5.57079e+08 0
5.57247e+08 0
5.57593e+08 0
5.57772e+08 0
5.5927e+08 0
5.59963e+08 0
5.60086e+08 0
5.60242e+08 0
5.60376e+08 0
5.60969e+08 0
5.61494e+08 0
5.6165e+08 0
5.6193e+08 0
5.62097e+08 0
5.62209e+08 0
5.62444e+08 0
5.62522e+08 0
5.62589e+08 0
5.62656e+08 0
5.62723e+08 0
5.63405e+08 0
5.63528e+08 0
5.63573e+08 0
5.63629e+08 0
5.63685e+08 0
5.63729e+08 0
5.6383e+08 0
5.63897e+08 0
5.63931e+08 0
5.63953e+08 0
5.64244e+08 0
5.643e+08 0
5.65742e+08 0
5.65764e+08 0
5.65876e+08 0
5.66659e+08 0
5.6705e+08 0
5.67062e+08 0
5.67084e+08 0
5.67106e+08 0
5.80393e+08 0
5.80449e+08 0
5.81309e+08 0
5.81522e+08 0
5.81645e+08 0
5.82271e+08 0
5.82617e+08 0
5.83657e+08 0
5.83858e+08 0
5.8407e+08 0
5.84249e+08 0
5.84785e+08 0
5.85143e+08 0
5.85322e+08 0
5.85858e+08 0
5.86071e+08 0
5.86272e+08 0
5.86652e+08 0
5.86853e+08 0
5.87021e+08 0
5.87501e+08 0
5.87646e+08 0
5.88518e+08 0
5.88552e+08 0
5.88586e+08 0
5.88664e+08 0
5.88708e+08 0
5.88776e+08 0
5.8882e+08 0
5.88966e+08 0
5.89044e+08 0
5.89189e+08 0
5.8939e+08 0
5.89647e+08 0
5.89703e+08 0
5.91146e+08 0
5.91168e+08 0
5.91369e+08 0
5.92074e+08 0
5.92465e+08 0
5.9251e+08 0
5.92555e+08 0
5.926e+08 0
6.07422e+08 0
6.07612e+08 0
6.09903e+08 0
6.10071e+08 0
6.10529e+08 0
6.10809e+08 0
6.11133e+08 0
6.11457e+08 0
6.11647e+08 0
6.11848e+08 0
6.1206e+08 0
6.12608e+08 0
6.13267e+08 0
6.13469e+08 0
6.1377e+08 0
6.13905e+08 0
6.1405e+08 0
6.14419e+08 0
6.1453e+08 0
6.14642e+08 0
6.14776e+08 0
6.14911e+08 0
6.15347e+08 0
6.15402e+08 0
6.15458e+08 0
6.15559e+08 0
6.15682e+08 0
6.15715e+08 0
6.1576e+08 0
6.15794e+08 0
6.15838e+08 0
6.15883e+08 0
6.15917e+08 0
6.15995e+08 0
6.16096e+08 0
6.16118e+08 0
6.17683e+08 0
6.17695e+08 0
6.1784e+08 0
6.18634e+08 0
6.18735e+08 0
6.18746e+08 0
6.18813e+08 0
6.18836e+08 0
6.26851e+08 0
6.26874e+08 0
6.26896e+08 0
