234225 0
844429 0
1.43675e+06 0
2.02907e+06 0
2.62139e+06 0
3.21374e+06 0
3.80611e+06 0
4.39851e+06 0
4.991e+06 0
5.58368e+06 0
6.17666e+06 0
6.87298e+06 0
7.45426e+06 0
7.48781e+06 0
9.65429e+06 0
9.67664e+06 0
1.11973e+07 0
1.12197e+07 0
1.12309e+07 0
1.4603e+07 0
1.46141e+07 0
1.46253e+07 0
1.46477e+07 0
1.71973e+07 0
1.72532e+07 0
1.72867e+07 0
1.73314e+07 0
1.73426e+07 0
2.14999e+07 0
2.15334e+07 0
2.1567e+07 0
2.15893e+07 0
2.16117e+07 0
2.16564e+07 0
2.53487e+07 0
2.54605e+07 0
2.55834e+07 0
2.56169e+07 0
2.5684e+07 0
2.57287e+07 0
2.57846e+07 0
2.92694e+07 0
2.93588e+07 0
2.94147e+07 0
2.94594e+07 0
2.95265e+07 0
2.96159e+07 0
2.97053e+07 0
3.40777e+07 0
3.41335e+07 0
3.43906e+07 0
3.44577e+07 0
3.44912e+07 0
3.45359e+07 0
3.46142e+07 0
3.46924e+07 0
3.9945e+07 0
4.00903e+07 0
4.01462e+07 0
4.02915e+07 0
4.05151e+07 0
4.06492e+07 0
4.07274e+07 0
4.08057e+07 0
4.08727e+07 0
4.59312e+07 0
4.62106e+07 0
4.62889e+07 0
4.63894e+07 0
4.6423e+07 0
4.65683e+07 0
4.66465e+07 0
4.68253e+07 0
4.706e+07 0
4.70936e+07 0
5.18218e+07 0
5.20901e+07 0
5.2213e+07 0
5.23918e+07 0
5.25148e+07 0
5.27383e+07 0
5.29059e+07 0
5.31071e+07 0
5.39453e+07 0
5.40236e+07 0
5.42248e+07 0
5.80865e+07 0
5.82095e+07 0
5.82877e+07 0
5.84107e+07 0
5.86454e+07 0
5.92042e+07 0
5.9383e+07 0
5.95395e+07 0
5.99642e+07 0
6.12048e+07 0
6.13054e+07 0
6.16184e+07 0
6.5642e+07 0
6.56979e+07 0
6.57203e+07 0
6.58097e+07 0
6.67038e+07 0
6.68603e+07 0
6.69833e+07 0
6.72403e+07 0
6.73409e+07 0
6.87491e+07 0
6.94533e+07 0
6.95315e+07 0
6.95762e+07 0
7.38001e+07 0
7.3912e+07 0
7.3979e+07 0
7.41356e+07 0
7.49068e+07 0
7.50409e+07 0
7.65274e+07 0
7.66951e+07 0
7.68739e+07 0
7.70304e+07 0
7.7388e+07 0
7.79469e+07 0
7.8148e+07 0
7.81592e+07 0
8.23911e+07 0
8.27042e+07 0
8.27377e+07 0
8.28383e+07 0
8.43137e+07 0
8.44366e+07 0
8.62919e+07 0
8.63366e+07 0
8.64484e+07 0
8.6739e+07 0
8.69402e+07 0
8.70296e+07 0
8.72643e+07 0
8.73537e+07 0
8.73761e+07 0
9.18827e+07 0
9.24193e+07 0
9.24528e+07 0
9.2531e+07 0
9.55934e+07 0
9.57164e+07 0
9.63647e+07 0
9.64429e+07 0
9.65435e+07 0
9.66218e+07 0
9.66665e+07 0
9.67224e+07 0
9.67671e+07 0
9.68342e+07 0
9.68901e+07 0
9.69572e+07 0
1.01738e+08 0
1.01861e+08 0
1.02006e+08 0
1.02107e+08 0
1.05818e+08 0
1.05974e+08 0
1.06578e+08 0
1.06723e+08 0
1.06768e+08 0
1.06868e+08 0
1.06991e+08 0
1.07047e+08 0
1.07092e+08 0
1.0717e+08 0
1.07215e+08 0
1.07237e+08 0
1.07271e+08 0
1.12468e+08 0
1.12692e+08 0
1.1277e+08 0
1.12938e+08 0
1.14815e+08 0
1.14894e+08 0
1.16671e+08 0
1.17375e+08 0
1.17442e+08 0
1.17677e+08 0
1.17923e+08 0
1.17979e+08 0
1.18113e+08 0
1.18258e+08 0
1.18314e+08 0
1.18325e+08 0
1.18359e+08 0
1.18415e+08 0
1.23627e+08 0
1.23683e+08 0
1.23761e+08 0
1.23828e+08 0
1.24588e+08 0
1.24722e+08 0
1.25527e+08 0
1.26745e+08 0
1.26957e+08 0
1.28354e+08 0
1.28969e+08 0
1.29003e+08 0
1.29092e+08 0
1.29495e+08 0
1.29573e+08 0
1.29674e+08 0
1.2973e+08 0
1.29786e+08 0
1.29808e+08 0
1.35385e+08 0
1.35474e+08 0
1.35564e+08 0
1.35686e+08 0
1.36167e+08 0
1.36435e+08 0
1.37206e+08 0
1.37508e+08 0
1.37609e+08 0
1.39989e+08 0
1.40873e+08 0
1.40928e+08 0
1.40996e+08 0
1.41253e+08 0
1.41297e+08 0
1.41622e+08 0
1.41666e+08 0
1.417e+08 0
1.41745e+08 0
1.41812e+08 0
1.47685e+08 0
1.4773e+08 0
1.4783e+08 0
1.47886e+08 0
1.4849e+08 0
1.48825e+08 0
1.49685e+08 0
1.50088e+08 0
1.50322e+08 0
1.52066e+08 0
1.53117e+08 0
1.53139e+08 0
1.53273e+08 0
1.53586e+08 0
1.53642e+08 0
1.53732e+08 0
1.53754e+08 0
1.5381e+08 0
1.53967e+08 0
1.54045e+08 0
1.54067e+08 0
1.6109e+08 0
1.61213e+08 0
1.61336e+08 0
1.6147e+08 0
1.61582e+08 0
1.6166e+08 0
1.62196e+08 0
1.62453e+08 0
1.62532e+08 0
1.64096e+08 0
1.66086e+08 0
1.6612e+08 0
1.6622e+08 0
1.666e+08 0
1.66656e+08 0
1.66869e+08 0
1.66902e+08 0
1.67036e+08 0
1.67137e+08 0
1.67171e+08 0
1.67215e+08 0
1.67249e+08 0
1.74688e+08 0
1.74968e+08 0
1.75113e+08 0
1.75225e+08 0
1.75314e+08 0
1.75415e+08 0
1.75571e+08 0
1.75728e+08 0
1.75828e+08 0
1.76141e+08 0
1.79003e+08 0
1.7907e+08 0
1.79182e+08 0
1.79461e+08 0
1.79607e+08 0
1.79942e+08 0
1.79964e+08 0
1.80065e+08 0
1.80099e+08 0
1.80143e+08 0
1.8021e+08 0
1.80333e+08 0
1.87854e+08 0
1.87944e+08 0
1.88447e+08 0
1.88983e+08 0
1.89196e+08 0
1.89352e+08 0
1.89565e+08 0
1.89754e+08 0
1.90202e+08 0
1.90313e+08 0
1.90447e+08 0
1.92281e+08 0
1.92549e+08 0
1.9275e+08 0
1.9294e+08 0
1.93175e+08 0
1.93633e+08 0
1.93689e+08 0
1.93712e+08 0
1.93779e+08 0
1.93835e+08 0
1.93879e+08 0
1.93935e+08 0
2.01976e+08 0
2.022e+08 0
2.02301e+08 0
2.02748e+08 0
2.03184e+08 0
2.03552e+08 0
2.03742e+08 0
2.0391e+08 0
2.04122e+08 0
2.04391e+08 0
2.04502e+08 0
2.04648e+08 0
2.0685e+08 0
2.0695e+08 0
2.07073e+08 0
2.07308e+08 0
2.07621e+08 0
2.0789e+08 0
2.07934e+08 0
2.08013e+08 0
2.08102e+08 0
2.08169e+08 0
2.08214e+08 0
2.08326e+08 0
2.16871e+08 0
2.17005e+08 0
2.17173e+08 0
2.17497e+08 0
2.1762e+08 0
2.17967e+08 0
2.18168e+08 0
2.18525e+08 0
2.18693e+08 0
2.18939e+08 0
2.19487e+08 0
2.19643e+08 0
2.19755e+08 0
2.21532e+08 0
2.218e+08 0
2.21923e+08 0
2.22136e+08 0
2.22471e+08 0
2.22729e+08 0
2.22762e+08 0
2.22852e+08 0
2.22963e+08 0
2.2303e+08 0
2.23053e+08 0
2.23243e+08 0
2.32241e+08 0
2.32364e+08 0
2.32498e+08 0
2.32766e+08 0
2.32911e+08 0
2.33079e+08 0
2.3337e+08 0
2.33493e+08 0
2.33604e+08 0
2.33705e+08 0
2.3385e+08 0
2.34096e+08 0
2.3423e+08 0
2.34376e+08 0
2.36835e+08 0
2.37014e+08 0
2.37315e+08 0
2.37606e+08 0
2.37886e+08 0
2.38165e+08 0
2.38199e+08 0
2.38299e+08 0
2.38355e+08 0
2.38445e+08 0
2.38467e+08 0
2.38624e+08 0
2.4811e+08 0
2.4821e+08 0
2.4849e+08 0
2.48624e+08 0
2.48758e+08 0
2.48892e+08 0
2.49004e+08 0
2.49093e+08 0
2.49362e+08 0
2.49485e+08 0
2.49719e+08 0
2.49831e+08 0
2.49932e+08 0
2.50066e+08 0
2.50155e+08 0
2.5267e+08 0
2.52726e+08 0
2.53084e+08 0
2.53475e+08 0
2.53643e+08 0
2.54247e+08 0
2.5428e+08 0
2.54314e+08 0
2.54392e+08 0
2.54515e+08 0
2.5456e+08 0
2.54705e+08 0
2.64916e+08 0
2.6505e+08 0
2.6515e+08 0
2.65229e+08 0
2.65296e+08 0
2.65407e+08 0
2.65497e+08 0
2.65732e+08 0
2.65855e+08 0
2.65955e+08 0
2.66112e+08 0
2.66369e+08 0
2.66514e+08 0
2.66648e+08 0
2.6676e+08 0
2.66872e+08 0
2.69152e+08 0
2.69163e+08 0
2.6923e+08 0
2.69823e+08 0
2.70046e+08 0
2.7074e+08 0
2.70773e+08 0
2.70863e+08 0
2.70963e+08 0
2.71064e+08 0
2.71109e+08 0
2.71422e+08 0
2.81347e+08 0
2.81514e+08 0
2.81704e+08 0
2.81872e+08 0
2.82051e+08 0
2.82923e+08 0
2.8299e+08 0
2.8309e+08 0
2.83202e+08 0
2.83314e+08 0
2.8347e+08 0
2.83593e+08 0
2.83694e+08 0
2.83806e+08 0
2.83917e+08 0
2.84275e+08 0
2.8442e+08 0
2.86298e+08 0
2.86388e+08 0
2.86433e+08 0
2.86623e+08 0
2.86645e+08 0
2.87852e+08 0
2.87886e+08 0
2.88065e+08 0
2.88143e+08 0
2.88199e+08 0
2.88255e+08 0
2.88725e+08 0
2.98443e+08 0
2.98555e+08 0
2.98667e+08 0
2.98812e+08 0
2.98957e+08 0
3.00242e+08 0
3.0041e+08 0
3.00499e+08 0
3.00589e+08 0
3.00723e+08 0
3.00846e+08 0
3.00991e+08 0
3.01584e+08 0
3.01695e+08 0
3.0183e+08 0
3.01941e+08 0
3.02098e+08 0
3.02243e+08 0
3.04155e+08 0
3.04311e+08 0
3.04479e+08 0
3.04546e+08 0
3.04624e+08 0
3.05664e+08 0
3.0572e+08 0
3.05932e+08 0
3.06011e+08 0
3.06134e+08 0
3.06223e+08 0
3.0648e+08 0
3.1628e+08 0
3.16359e+08 0
3.16493e+08 0
3.16582e+08 0
3.1666e+08 0
3.17756e+08 0
3.17957e+08 0
3.18069e+08 0
3.18382e+08 0
3.18672e+08 0
3.18963e+08 0
3.1913e+08 0
3.19264e+08 0
3.1941e+08 0
3.19611e+08 0
3.19767e+08 0
3.19913e+08 0
3.2008e+08 0
3.20315e+08 0
3.22383e+08 0
3.22886e+08 0
3.23043e+08 0
3.23098e+08 0
3.23266e+08 0
3.24138e+08 0
3.24172e+08 0
3.24373e+08 0
3.24418e+08 0
3.24563e+08 0
3.24653e+08 0
3.251e+08 0
3.34783e+08 0
3.34929e+08 0
3.35476e+08 0
3.35778e+08 0
3.35946e+08 0
3.36046e+08 0
3.3665e+08 0
3.36717e+08 0
3.36907e+08 0
3.37019e+08 0
3.37175e+08 0
3.3732e+08 0
3.37656e+08 0
3.37779e+08 0
3.37946e+08 0
3.38125e+08 0
3.38248e+08 0
3.38416e+08 0
3.38606e+08 0
3.38807e+08 0
3.41467e+08 0
3.4197e+08 0
3.42149e+08 0
3.4225e+08 0
3.42373e+08 0
3.432e+08 0
3.43267e+08 0
3.43413e+08 0
3.43457e+08 0
3.43726e+08 0
3.43782e+08 0
3.44196e+08 0
3.53787e+08 0
3.54167e+08 0
3.54771e+08 0
3.55207e+08 0
3.55308e+08 0
3.55419e+08 0
3.55911e+08 0
3.55989e+08 0
3.56112e+08 0
3.56246e+08 0
3.56369e+08 0
3.56705e+08 0
3.5723e+08 0
3.57442e+08 0
3.57677e+08 0
3.57867e+08 0
3.58057e+08 0
3.58269e+08 0
3.5847e+08 0
3.58649e+08 0
3.58817e+08 0
3.60829e+08 0
3.61578e+08 0
3.61757e+08 0
3.61802e+08 0
3.61936e+08 0
3.62875e+08 0
3.62931e+08 0
3.6311e+08 0
3.63143e+08 0
3.63389e+08 0
3.6349e+08 0
3.63893e+08 0
3.73462e+08 0
3.74009e+08 0
3.74244e+08 0
3.74725e+08 0
3.74781e+08 0
3.74881e+08 0
3.75496e+08 0
3.75652e+08 0
3.76077e+08 0
3.76144e+08 0
3.76401e+08 0
3.76871e+08 0
3.77407e+08 0
3.77698e+08 0
3.77832e+08 0
3.78312e+08 0
3.7848e+08 0
3.78625e+08 0
3.78771e+08 0
3.78927e+08 0
3.79072e+08 0
3.79218e+08 0
3.81219e+08 0
3.81688e+08 0
3.81878e+08 0
3.81923e+08 0
3.82113e+08 0
3.82985e+08 0
3.83153e+08 0
3.83399e+08 0
3.83432e+08 0
3.83745e+08 0
3.83813e+08 0
3.84182e+08 0
3.94208e+08 0
3.94264e+08 0
3.94387e+08 0
3.95348e+08 0
3.95393e+08 0
3.95449e+08 0
3.95918e+08 0
3.96209e+08 0
3.96947e+08 0
3.9726e+08 0
3.97416e+08 0
3.97684e+08 0
3.98053e+08 0
3.98221e+08 0
3.98366e+08 0
3.98869e+08 0
3.99137e+08 0
3.99227e+08 0
3.99339e+08 0
3.99484e+08 0
3.99685e+08 0
3.99875e+08 0
4.00043e+08 0
4.01496e+08 0
4.02334e+08 0
4.02479e+08 0
4.02602e+08 0
4.02781e+08 0
4.03531e+08 0
4.03765e+08 0
4.03978e+08 0
4.04e+08 0
4.04637e+08 0
4.04693e+08 0
4.04985e+08 0
4.16234e+08 0
4.16323e+08 0
4.16446e+08 0
4.16536e+08 0
4.16603e+08 0
4.16703e+08 0
4.16804e+08 0
4.16882e+08 0
4.17977e+08 0
4.18246e+08 0
4.18827e+08 0
4.19106e+08 0
4.19252e+08 0
4.1943e+08 0
4.19654e+08 0
4.19833e+08 0
4.20034e+08 0
4.20202e+08 0
4.20369e+08 0
4.20526e+08 0
4.20693e+08 0
4.20883e+08 0
4.21073e+08 0
4.21219e+08 0
4.22962e+08 0
4.23644e+08 0
4.2379e+08 0
4.23823e+08 0
4.24092e+08 0
4.24762e+08 0
4.24919e+08 0
4.25366e+08 0
4.25389e+08 0
4.25601e+08 0
4.25758e+08 0
4.26272e+08 0
4.39316e+08 0
4.39361e+08 0
4.39417e+08 0
4.39484e+08 0
4.39551e+08 0
4.39629e+08 0
4.39685e+08 0
4.39864e+08 0
4.40177e+08 0
4.40266e+08 0
4.40702e+08 0
4.40948e+08 0
4.41093e+08 0
4.41261e+08 0
4.41529e+08 0
4.41887e+08 0
4.42021e+08 0
4.42177e+08 0
4.42334e+08 0
4.42479e+08 0
4.42904e+08 0
4.43027e+08 0
4.4315e+08 0
4.43585e+08 0
4.43708e+08 0
4.44849e+08 0
4.45575e+08 0
4.45911e+08 0
4.45978e+08 0
4.46067e+08 0
4.46995e+08 0
4.47409e+08 0
4.47588e+08 0
4.4761e+08 0
4.47688e+08 0
4.47767e+08 0
4.48438e+08 0
4.62871e+08 0
4.63586e+08 0
4.63765e+08 0
4.63966e+08 0
4.64145e+08 0
4.64324e+08 0
4.64458e+08 0
4.64603e+08 0
4.64894e+08 0
4.65017e+08 0
4.65185e+08 0
4.65363e+08 0
4.65498e+08 0
4.65654e+08 0
4.65889e+08 0
4.65989e+08 0
4.66079e+08 0
4.66191e+08 0
4.66269e+08 0
4.66436e+08 0
4.66503e+08 0
4.66582e+08 0
4.66671e+08 0
4.66738e+08 0
4.66805e+08 0
4.66884e+08 0
4.67845e+08 0
4.68169e+08 0
4.68628e+08 0
4.6865e+08 0
4.68717e+08 0
4.69746e+08 0
4.70115e+08 0
4.7035e+08 0
4.70394e+08 0
4.70439e+08 0
4.70528e+08 0
4.71121e+08 0
4.86356e+08 0
4.86747e+08 0
4.86914e+08 0
4.87048e+08 0
4.87518e+08 0
4.87697e+08 0
4.87864e+08 0
4.87965e+08 0
4.88077e+08 0
4.882e+08 0
4.88334e+08 0
4.8849e+08 0
4.88647e+08 0
4.88803e+08 0
4.89228e+08 0
4.89273e+08 0
4.89395e+08 0
4.89463e+08 0
4.89619e+08 0
4.89697e+08 0
4.89764e+08 0
4.89854e+08 0
4.8991e+08 0
4.89966e+08 0
4.9001e+08 0
4.90077e+08 0
4.90145e+08 0
4.90994e+08 0
4.91452e+08 0
4.91877e+08 0
4.91922e+08 0
4.91978e+08 0
4.93007e+08 0
4.93174e+08 0
4.93722e+08 0
4.93745e+08 0
4.93778e+08 0
4.93845e+08 0
4.94382e+08 0
5.08262e+08 0
5.0853e+08 0
5.08821e+08 0
5.09011e+08 0
5.10017e+08 0
5.10252e+08 0
5.10453e+08 0
5.10632e+08 0
5.11358e+08 0
5.11805e+08 0
5.11928e+08 0
5.12062e+08 0
5.12185e+08 0
5.12476e+08 0
5.12666e+08 0
5.12856e+08 0
5.12956e+08 0
5.13046e+08 0
5.13124e+08 0
5.13213e+08 0
5.13303e+08 0
5.13482e+08 0
5.13504e+08 0
5.13549e+08 0
5.13605e+08 0
5.13795e+08 0
5.13851e+08 0
5.13918e+08 0
5.14555e+08 0
5.15047e+08 0
5.15841e+08 0
5.15874e+08 0
5.15964e+08 0
5.16847e+08 0
5.17026e+08 0
5.17484e+08 0
5.17518e+08 0
5.17551e+08 0
5.17596e+08 0
5.18223e+08 0
5.31982e+08 0
5.3225e+08 0
5.32597e+08 0
5.32742e+08 0
5.32921e+08 0
5.33111e+08 0
5.33334e+08 0
5.33547e+08 0
5.34005e+08 0
5.34709e+08 0
5.3491e+08 0
5.35123e+08 0
5.3557e+08 0
5.35815e+08 0
5.36453e+08 0
5.36933e+08 0
5.37045e+08 0
5.37145e+08 0
5.37213e+08 0
5.37347e+08 0
5.37492e+08 0
5.37637e+08 0
5.37827e+08 0
5.37917e+08 0
5.3795e+08 0
5.37995e+08 0
5.3804e+08 0
5.38073e+08 0
5.38208e+08 0
5.38588e+08 0
5.39415e+08 0
5.4032e+08 0
5.40443e+08 0
5.40544e+08 0
5.41137e+08 0
5.41573e+08 0
5.4183e+08 0
5.41852e+08 0
5.41864e+08 0
5.41875e+08 0
5.42591e+08 0
5.56252e+08 0
5.56543e+08 0
5.5671e+08 0
5.569e+08 0
5.57068e+08 0
5.57236e+08 0
5.57403e+08 0
5.57582e+08 0
5.57761e+08 0
5.57973e+08 0
5.58163e+08 0
5.58398e+08 0
5.58633e+08 0
5.59024e+08 0
5.60365e+08 0
5.60633e+08 0
5.60779e+08 0
5.60946e+08 0
5.61069e+08 0
5.61226e+08 0
5.61483e+08 0
5.62064e+08 0
5.62421e+08 0
5.62645e+08 0
5.6279e+08 0
5.62835e+08 0
5.6288e+08 0
5.63014e+08 0
5.63036e+08 0
5.63092e+08 0
5.63159e+08 0
5.64121e+08 0
5.65149e+08 0
5.65429e+08 0
5.65485e+08 0
5.66189e+08 0
5.66491e+08 0
5.66748e+08 0
5.66771e+08 0
5.66793e+08 0
5.66827e+08 0
5.67666e+08 0
5.81555e+08 0
5.81701e+08 0
5.82002e+08 0
5.82148e+08 0
5.82505e+08 0
5.82908e+08 0
5.83098e+08 0
5.83277e+08 0
5.83489e+08 0
5.83724e+08 0
5.83947e+08 0
5.84137e+08 0
5.84338e+08 0
5.84528e+08 0
5.84841e+08 0
5.85199e+08 0
5.854e+08 0
5.85523e+08 0
5.85735e+08 0
5.85936e+08 0
5.86138e+08 0
5.86328e+08 0
5.86518e+08 0
5.87065e+08 0
5.87546e+08 0
5.87669e+08 0
5.88015e+08 0
5.88306e+08 0
5.88395e+08 0
5.88597e+08 0
5.88641e+08 0
5.88753e+08 0
5.89379e+08 0
5.90777e+08 0
5.91e+08 0
5.91157e+08 0
5.91683e+08 0
5.92186e+08 0
5.9232e+08 0
5.92342e+08 0
5.92387e+08 0
5.92409e+08 0
5.93248e+08 0
6.07802e+08 0
6.0807e+08 0
6.08372e+08 0
6.08518e+08 0
6.09255e+08 0
6.09367e+08 0
6.09523e+08 0
6.09836e+08 0
6.10004e+08 0
6.1016e+08 0
6.10451e+08 0
6.10596e+08 0
6.10753e+08 0
6.11222e+08 0
6.11558e+08 0
6.1177e+08 0
6.11971e+08 0
6.12195e+08 0
6.12373e+08 0
6.12519e+08 0
6.12709e+08 0
6.12887e+08 0
6.13055e+08 0
6.13189e+08 0
6.13357e+08 0
6.13547e+08 0
6.13983e+08 0
6.14139e+08 0
6.14475e+08 0
6.14698e+08 0
6.14821e+08 0
6.14888e+08 0
6.14955e+08 0
6.15302e+08 0
6.16968e+08 0
6.1727e+08 0
6.1737e+08 0
6.17896e+08 0
6.18533e+08 0
6.18578e+08 0
6.18601e+08 0
6.18612e+08 0
6.18679e+08 0
6.19339e+08 0
6.25026e+08 0
6.25093e+08 0
6.25138e+08 0
