634317 0
1.22664e+06 0
1.81896e+06 0
2.41128e+06 0
3.00362e+06 0
3.60714e+06 0
4.19954e+06 0
4.78077e+06 0
5.38452e+06 0
5.97726e+06 0
6.57022e+06 0
7.2431e+06 0
8.30633e+06 0
8.31808e+06 0
9.81532e+06 0
9.82654e+06 0
1.17733e+07 0
1.17845e+07 0
1.17958e+07 0
1.46153e+07 0
1.46265e+07 0
1.46378e+07 0
1.46605e+07 0
1.81813e+07 0
1.81924e+07 0
1.82036e+07 0
1.82484e+07 0
1.82596e+07 0
2.20057e+07 0
2.20169e+07 0
2.20281e+07 0
2.20394e+07 0
2.20506e+07 0
2.20618e+07 0
2.75424e+07 0
2.75648e+07 0
2.7576e+07 0
2.75985e+07 0
2.76097e+07 0
2.76208e+07 0
2.7632e+07 0
3.16913e+07 0
3.17249e+07 0
3.17361e+07 0
3.17474e+07 0
3.17586e+07 0
3.17698e+07 0
3.1781e+07 0
3.75938e+07 0
3.76049e+07 0
3.76385e+07 0
3.76497e+07 0
3.76611e+07 0
3.76722e+07 0
3.76834e+07 0
3.76947e+07 0
4.29837e+07 0
4.29948e+07 0
4.3006e+07 0
4.30396e+07 0
4.31067e+07 0
4.32528e+07 0
4.3264e+07 0
4.34652e+07 0
4.35211e+07 0
4.99025e+07 0
4.99137e+07 0
4.99249e+07 0
4.99361e+07 0
4.99473e+07 0
5.00927e+07 0
5.01041e+07 0
5.01153e+07 0
5.01266e+07 0
5.01378e+07 0
5.65465e+07 0
5.65576e+07 0
5.65688e+07 0
5.6636e+07 0
5.66471e+07 0
5.66583e+07 0
5.69326e+07 0
5.73686e+07 0
5.74133e+07 0
5.75456e+07 0
5.75597e+07 0
6.45132e+07 0
6.45243e+07 0
6.45355e+07 0
6.45691e+07 0
6.45804e+07 0
6.46027e+07 0
6.46587e+07 0
6.46699e+07 0
6.49353e+07 0
6.49465e+07 0
6.49829e+07 0
6.50052e+07 0
7.24531e+07 0
7.24755e+07 0
7.2509e+07 0
7.26613e+07 0
7.28401e+07 0
7.28736e+07 0
7.32536e+07 0
7.3276e+07 0
7.32984e+07 0
7.37902e+07 0
7.38349e+07 0
7.41367e+07 0
7.4215e+07 0
8.13942e+07 0
8.14166e+07 0
8.14389e+07 0
8.1573e+07 0
8.15955e+07 0
8.16067e+07 0
8.19093e+07 0
8.19205e+07 0
8.19428e+07 0
8.19764e+07 0
8.27418e+07 0
8.27978e+07 0
8.3122e+07 0
8.35244e+07 0
9.14156e+07 0
9.1505e+07 0
9.15162e+07 0
9.15498e+07 0
9.16169e+07 0
9.16393e+07 0
9.19305e+07 0
9.19528e+07 0
9.19975e+07 0
9.21094e+07 0
9.64015e+07 0
9.66138e+07 0
9.75639e+07 0
9.78433e+07 0
9.81452e+07 0
1.01177e+08 0
1.01222e+08 0
1.01233e+08 0
1.01356e+08 0
1.01546e+08 0
1.01557e+08 0
1.02049e+08 0
1.02083e+08 0
1.02172e+08 0
1.02273e+08 0
1.07571e+08 0
1.07671e+08 0
1.0775e+08 0
1.07973e+08 0
1.07984e+08 0
1.08476e+08 0
1.1236e+08 0
1.12494e+08 0
1.12528e+08 0
1.12662e+08 0
1.12729e+08 0
1.12785e+08 0
1.134e+08 0
1.13534e+08 0
1.1359e+08 0
1.13836e+08 0
1.19402e+08 0
1.19469e+08 0
1.19514e+08 0
1.19838e+08 0
1.1986e+08 0
1.19905e+08 0
1.20263e+08 0
1.23333e+08 0
1.23377e+08 0
1.234e+08 0
1.23467e+08 0
1.23489e+08 0
1.23578e+08 0
1.24216e+08 0
1.24372e+08 0
1.24383e+08 0
1.24618e+08 0
1.30576e+08 0
1.30688e+08 0
1.30777e+08 0
1.31012e+08 0
1.31056e+08 0
1.31068e+08 0
1.31224e+08 0
1.31626e+08 0
1.35671e+08 0
1.35694e+08 0
1.35705e+08 0
1.35716e+08 0
1.35727e+08 0
1.35738e+08 0
1.36633e+08 0
1.36644e+08 0
1.36722e+08 0
1.37103e+08 0
1.43719e+08 0
1.43775e+08 0
1.43798e+08 0
1.43809e+08 0
1.43831e+08 0
1.43876e+08 0
1.43921e+08 0
1.43932e+08 0
1.44066e+08 0
1.47678e+08 0
1.47701e+08 0
1.47712e+08 0
1.47745e+08 0
1.4779e+08 0
1.47801e+08 0
1.48562e+08 0
1.48595e+08 0
1.48651e+08 0
1.48696e+08 0
1.55894e+08 0
1.55939e+08 0
1.56028e+08 0
1.56062e+08 0
1.56084e+08 0
1.56151e+08 0
1.56185e+08 0
1.56196e+08 0
1.56218e+08 0
1.56252e+08 0
1.60791e+08 0
1.6088e+08 0
1.60914e+08 0
1.60947e+08 0
1.60992e+08 0
1.61025e+08 0
1.61652e+08 0
1.61663e+08 0
1.6173e+08 0
1.62099e+08 0
1.69331e+08 0
1.69353e+08 0
1.6942e+08 0
1.69442e+08 0
1.69454e+08 0
1.69476e+08 0
1.69487e+08 0
1.6951e+08 0
1.69521e+08 0
1.69733e+08 0
1.69767e+08 0
1.73998e+08 0
1.74065e+08 0
1.74076e+08 0
1.74099e+08 0
1.7411e+08 0
1.74121e+08 0
1.75049e+08 0
1.7601e+08 0
1.76424e+08 0
1.78011e+08 0
1.8237e+08 0
1.82393e+08 0
1.82415e+08 0
1.82449e+08 0
1.82482e+08 0
1.82493e+08 0
1.82527e+08 0
1.82538e+08 0
1.82572e+08 0
1.82706e+08 0
1.82739e+08 0
1.82784e+08 0
1.86925e+08 0
1.87104e+08 0
1.87149e+08 0
1.87182e+08 0
1.87216e+08 0
1.87327e+08 0
1.87954e+08 0
1.88323e+08 0
1.88524e+08 0
1.90134e+08 0
1.9589e+08 0
1.95912e+08 0
1.95924e+08 0
1.95991e+08 0
1.96024e+08 0
1.96035e+08 0
1.96058e+08 0
1.96125e+08 0
1.96214e+08 0
1.96337e+08 0
1.96371e+08 0
1.96393e+08 0
2.00504e+08 0
2.00526e+08 0
2.00605e+08 0
2.00694e+08 0
2.00784e+08 0
2.00828e+08 0
2.00929e+08 0
2.01824e+08 0
2.02062e+08 0
2.02397e+08 0
2.03805e+08 0
2.09986e+08 0
2.10098e+08 0
2.10109e+08 0
2.10132e+08 0
2.10165e+08 0
2.10176e+08 0
2.1021e+08 0
2.10277e+08 0
2.10333e+08 0
2.10434e+08 0
2.1049e+08 0
2.10501e+08 0
2.15011e+08 0
2.15045e+08 0
2.15067e+08 0
2.15157e+08 0
2.15179e+08 0
2.15246e+08 0
2.1528e+08 0
2.15481e+08 0
2.16302e+08 0
2.16434e+08 0
2.16457e+08 0
2.16524e+08 0
2.24896e+08 0
2.25041e+08 0
2.25097e+08 0
2.2512e+08 0
2.25153e+08 0
2.25175e+08 0
2.25209e+08 0
2.25231e+08 0
2.25243e+08 0
2.25298e+08 0
2.25355e+08 0
2.25366e+08 0
2.30039e+08 0
2.30072e+08 0
2.30117e+08 0
2.30385e+08 0
2.30397e+08 0
2.30486e+08 0
2.30542e+08 0
2.30576e+08 0
2.30754e+08 0
2.31437e+08 0
2.31482e+08 0
2.31656e+08 0
2.31704e+08 0
2.40309e+08 0
2.40488e+08 0
2.40522e+08 0
2.40566e+08 0
2.406e+08 0
2.40622e+08 0
2.40656e+08 0
2.40678e+08 0
2.40701e+08 0
2.40734e+08 0
2.40846e+08 0
2.40857e+08 0
2.45678e+08 0
2.45722e+08 0
2.45767e+08 0
2.46181e+08 0
2.46203e+08 0
2.46214e+08 0
2.46248e+08 0
2.46293e+08 0
2.46315e+08 0
2.46393e+08 0
2.47176e+08 0
2.47221e+08 0
2.47355e+08 0
2.47367e+08 0
2.56319e+08 0
2.56487e+08 0
2.56532e+08 0
2.56577e+08 0
2.5661e+08 0
2.567e+08 0
2.56711e+08 0
2.56722e+08 0
2.56744e+08 0
2.56778e+08 0
2.56923e+08 0
2.56957e+08 0
2.62335e+08 0
2.62346e+08 0
2.62368e+08 0
2.62603e+08 0
2.62659e+08 0
2.62704e+08 0
2.62726e+08 0
2.62748e+08 0
2.62782e+08 0
2.62838e+08 0
2.62961e+08 0
2.63598e+08 0
2.63621e+08 0
2.63699e+08 0
2.63744e+08 0
2.72978e+08 0
2.73235e+08 0
2.73269e+08 0
2.7328e+08 0
2.73314e+08 0
2.73403e+08 0
2.73414e+08 0
2.73448e+08 0
2.73493e+08 0
2.7356e+08 0
2.73929e+08 0
2.73962e+08 0
2.79408e+08 0
2.79431e+08 0
2.79464e+08 0
2.79822e+08 0
2.799e+08 0
2.79911e+08 0
2.79945e+08 0
2.79967e+08 0
2.79978e+08 0
2.80046e+08 0
2.80068e+08 0
2.80269e+08 0
2.80627e+08 0
2.8065e+08 0
2.80941e+08 0
2.81578e+08 0
2.90475e+08 0
2.90542e+08 0
2.90554e+08 0
2.90576e+08 0
2.9061e+08 0
2.90699e+08 0
2.90755e+08 0
2.908e+08 0
2.90967e+08 0
2.91113e+08 0
2.91236e+08 0
2.91258e+08 0
2.97539e+08 0
2.97562e+08 0
2.97607e+08 0
2.97808e+08 0
2.97841e+08 0
2.97864e+08 0
2.97897e+08 0
2.97909e+08 0
2.9792e+08 0
2.98009e+08 0
2.98032e+08 0
2.98043e+08 0
2.9811e+08 0
3.00357e+08 0
3.01877e+08 0
3.03374e+08 0
3.04347e+08 0
3.08785e+08 0
3.0892e+08 0
3.08931e+08 0
3.08998e+08 0
3.09032e+08 0
3.09099e+08 0
3.09121e+08 0
3.09143e+08 0
3.09255e+08 0
3.09278e+08 0
3.09367e+08 0
3.0939e+08 0
3.15975e+08 0
3.15986e+08 0
3.16009e+08 0
3.16154e+08 0
3.16176e+08 0
3.16255e+08 0
3.1659e+08 0
3.16657e+08 0
3.17015e+08 0
3.17283e+08 0
3.17395e+08 0
3.17507e+08 0
3.1782e+08 0
3.18468e+08 0
3.23352e+08 0
3.24224e+08 0
3.24794e+08 0
3.2504e+08 0
3.27556e+08 0
3.27702e+08 0
3.27713e+08 0
3.27769e+08 0
3.2778e+08 0
3.27825e+08 0
3.27847e+08 0
3.27881e+08 0
3.27903e+08 0
3.28015e+08 0
3.28172e+08 0
3.28194e+08 0
3.35208e+08 0
3.35465e+08 0
3.35565e+08 0
3.38035e+08 0
3.38818e+08 0
3.39019e+08 0
3.40863e+08 0
3.41053e+08 0
3.41411e+08 0
3.42383e+08 0
3.42551e+08 0
3.42696e+08 0
3.43199e+08 0
3.43355e+08 0
3.43657e+08 0
3.44786e+08 0
3.44898e+08 0
3.4501e+08 0
3.45043e+08 0
3.46911e+08 0
3.46956e+08 0
3.4699e+08 0
3.47147e+08 0
3.4718e+08 0
3.47259e+08 0
3.47281e+08 0
3.4736e+08 0
3.47427e+08 0
3.4755e+08 0
3.47695e+08 0
3.47707e+08 0
3.57773e+08 0
3.59305e+08 0
3.59517e+08 0
3.63362e+08 0
3.63552e+08 0
3.63652e+08 0
3.64334e+08 0
3.64368e+08 0
3.6439e+08 0
3.64457e+08 0
3.64468e+08 0
3.64491e+08 0
3.64558e+08 0
3.64613e+08 0
3.64647e+08 0
3.64669e+08 0
3.64826e+08 0
3.64893e+08 0
3.65038e+08 0
3.65072e+08 0
3.66817e+08 0
3.67142e+08 0
3.67209e+08 0
3.6731e+08 0
3.67321e+08 0
3.67366e+08 0
3.67377e+08 0
3.67501e+08 0
3.67523e+08 0
3.6759e+08 0
3.6768e+08 0
3.67702e+08 0
3.82798e+08 0
3.83603e+08 0
3.83681e+08 0
3.84844e+08 0
3.84866e+08 0
3.84877e+08 0
3.85056e+08 0
3.85078e+08 0
3.85112e+08 0
3.85168e+08 0
3.8519e+08 0
3.85235e+08 0
3.85269e+08 0
3.85347e+08 0
3.85403e+08 0
3.85414e+08 0
3.85447e+08 0
3.85615e+08 0
3.85671e+08 0
3.85694e+08 0
3.85705e+08 0
3.87797e+08 0
3.87921e+08 0
3.87954e+08 0
3.88044e+08 0
3.88055e+08 0
3.881e+08 0
3.88111e+08 0
3.88201e+08 0
3.88257e+08 0
3.88335e+08 0
3.88458e+08 0
3.88491e+08 0
4.05063e+08 0
4.05533e+08 0
4.05566e+08 0
4.06091e+08 0
4.06147e+08 0
4.06181e+08 0
4.06293e+08 0
4.06337e+08 0
4.06349e+08 0
4.0646e+08 0
4.06472e+08 0
4.06516e+08 0
4.0655e+08 0
4.06595e+08 0
4.06673e+08 0
4.06695e+08 0
4.06706e+08 0
4.06729e+08 0
4.06785e+08 0
4.06807e+08 0
4.07053e+08 0
4.07076e+08 0
4.0909e+08 0
4.0918e+08 0
4.09191e+08 0
4.09258e+08 0
4.09281e+08 0
4.09314e+08 0
4.09325e+08 0
4.09381e+08 0
4.09449e+08 0
4.09605e+08 0
4.09739e+08 0
4.09773e+08 0
4.27389e+08 0
4.27613e+08 0
4.27647e+08 0
4.2806e+08 0
4.28127e+08 0
4.28138e+08 0
4.28161e+08 0
4.28217e+08 0
4.28239e+08 0
4.28295e+08 0
4.28317e+08 0
4.28351e+08 0
4.28373e+08 0
4.28396e+08 0
4.28407e+08 0
4.28452e+08 0
4.28474e+08 0
4.28485e+08 0
4.28508e+08 0
4.2853e+08 0
4.2872e+08 0
4.2891e+08 0
4.29168e+08 0
4.30835e+08 0
4.30959e+08 0
4.3097e+08 0
4.31037e+08 0
4.31048e+08 0
4.31082e+08 0
4.31104e+08 0
4.31138e+08 0
4.31239e+08 0
4.3144e+08 0
4.31708e+08 0
4.31753e+08 0
4.49944e+08 0
4.5009e+08 0
4.50157e+08 0
4.50436e+08 0
4.5047e+08 0
4.50492e+08 0
4.50514e+08 0
4.50526e+08 0
4.50537e+08 0
4.50559e+08 0
4.5057e+08 0
4.5066e+08 0
4.50682e+08 0
4.50694e+08 0
4.50716e+08 0
4.50738e+08 0
4.50749e+08 0
4.50761e+08 0
4.5085e+08 0
4.50884e+08 0
4.50917e+08 0
4.5113e+08 0
4.51398e+08 0
4.5189e+08 0
4.53189e+08 0
4.53312e+08 0
4.53323e+08 0
4.53402e+08 0
4.53413e+08 0
4.53424e+08 0
4.53436e+08 0
4.53559e+08 0
4.53682e+08 0
4.53928e+08 0
4.54073e+08 0
4.54118e+08 0
4.72968e+08 0
4.73091e+08 0
4.73113e+08 0
4.73169e+08 0
4.73192e+08 0
4.73203e+08 0
4.73225e+08 0
4.73281e+08 0
4.73293e+08 0
4.73304e+08 0
4.73315e+08 0
4.73628e+08 0
4.73785e+08 0
4.73807e+08 0
4.73841e+08 0
4.73897e+08 0
4.73941e+08 0
4.73975e+08 0
4.74087e+08 0
4.7412e+08 0
4.74198e+08 0
4.74243e+08 0
4.74265e+08 0
4.74556e+08 0
4.74802e+08 0
4.75978e+08 0
4.76068e+08 0
4.7609e+08 0
4.76236e+08 0
4.7627e+08 0
4.76326e+08 0
4.76337e+08 0
4.7646e+08 0
4.76639e+08 0
4.76807e+08 0
4.76985e+08 0
4.7703e+08 0
4.96434e+08 0
4.9649e+08 0
4.96535e+08 0
4.9658e+08 0
4.96613e+08 0
4.9668e+08 0
4.96859e+08 0
4.97083e+08 0
4.97105e+08 0
4.9715e+08 0
4.97161e+08 0
4.97564e+08 0
4.97575e+08 0
4.97642e+08 0
4.97687e+08 0
4.97865e+08 0
4.97888e+08 0
4.97932e+08 0
4.97966e+08 0
4.97988e+08 0
4.98022e+08 0
4.98055e+08 0
4.98089e+08 0
4.98111e+08 0
4.98156e+08 0
4.98335e+08 0
4.99433e+08 0
4.99523e+08 0
4.99568e+08 0
4.99769e+08 0
4.9978e+08 0
4.99814e+08 0
4.99825e+08 0
4.99903e+08 0
5.00317e+08 0
5.0053e+08 0
5.00675e+08 0
5.00686e+08 0
5.20631e+08 0
5.20664e+08 0
5.2081e+08 0
5.21223e+08 0
5.21246e+08 0
5.21402e+08 0
5.21715e+08 0
5.21782e+08 0
5.21805e+08 0
5.21827e+08 0
5.21838e+08 0
5.21928e+08 0
5.21939e+08 0
5.2195e+08 0
5.21961e+08 0
5.21984e+08 0
5.21995e+08 0
5.22017e+08 0
5.22029e+08 0
5.2204e+08 0
5.22062e+08 0
5.22107e+08 0
5.22118e+08 0
5.22129e+08 0
5.22141e+08 0
5.22241e+08 0
5.22923e+08 0
5.23574e+08 0
5.23664e+08 0
5.23675e+08 0
5.23776e+08 0
5.23798e+08 0
5.23843e+08 0
5.23865e+08 0
5.24279e+08 0
5.24581e+08 0
5.24659e+08 0
5.2476e+08 0
5.24782e+08 0
5.46015e+08 0
5.46048e+08 0
5.46182e+08 0
5.46384e+08 0
5.46406e+08 0
5.46473e+08 0
5.46563e+08 0
5.46675e+08 0
5.46719e+08 0
5.46764e+08 0
5.46798e+08 0
5.47044e+08 0
5.47066e+08 0
5.47088e+08 0
5.47133e+08 0
5.47144e+08 0
5.47256e+08 0
5.47301e+08 0
5.47312e+08 0
5.47379e+08 0
5.47424e+08 0
5.4748e+08 0
5.47513e+08 0
5.47524e+08 0
5.47536e+08 0
5.47603e+08 0
5.47625e+08 0
5.47804e+08 0
5.48444e+08 0
5.48533e+08 0
5.48556e+08 0
5.48813e+08 0
5.48824e+08 0
5.48858e+08 0
5.48869e+08 0
5.49026e+08 0
5.49529e+08 0
5.4963e+08 0
5.49685e+08 0
5.49697e+08 0
5.71367e+08 0
5.714e+08 0
5.71523e+08 0
5.71725e+08 0
5.71747e+08 0
5.7187e+08 0
5.71993e+08 0
5.72429e+08 0
5.72463e+08 0
5.72496e+08 0
5.72518e+08 0
5.72586e+08 0
5.72597e+08 0
5.72608e+08 0
5.7263e+08 0
5.72653e+08 0
5.72675e+08 0
5.72697e+08 0
5.72709e+08 0
5.72742e+08 0
5.72764e+08 0
5.72776e+08 0
5.72787e+08 0
5.72798e+08 0
5.7282e+08 0
5.72854e+08 0
5.72865e+08 0
5.72876e+08 0
5.72944e+08 0
5.73774e+08 0
5.73863e+08 0
5.73874e+08 0
5.73998e+08 0
5.74009e+08 0
5.74053e+08 0
5.74076e+08 0
5.74255e+08 0
5.74859e+08 0
5.74959e+08 0
5.74982e+08 0
5.75004e+08 0
5.97337e+08 0
5.97349e+08 0
5.97505e+08 0
5.97829e+08 0
5.97897e+08 0
5.98075e+08 0
5.98176e+08 0
5.98411e+08 0
5.98433e+08 0
5.98456e+08 0
5.98523e+08 0
5.9859e+08 0
5.98612e+08 0
5.98657e+08 0
5.98668e+08 0
5.98679e+08 0
5.98691e+08 0
5.98713e+08 0
5.98724e+08 0
5.98735e+08 0
5.98746e+08 0
5.98769e+08 0
5.9878e+08 0
5.98791e+08 0
5.98802e+08 0
5.98814e+08 0
5.98825e+08 0
5.98847e+08 0
5.98858e+08 0
5.9887e+08 0
5.99744e+08 0
5.99867e+08 0
5.9989e+08 0
5.99979e+08 0
6.00002e+08 0
6.00058e+08 0
6.00103e+08 0
6.00203e+08 0
6.00774e+08 0
6.00997e+08 0
6.01042e+08 0
6.01076e+08 0
6.23953e+08 0
6.23965e+08 0
6.24166e+08 0
6.24524e+08 0
6.24535e+08 0
6.2458e+08 0
6.24624e+08 0
6.2477e+08 0
6.24792e+08 0
6.24804e+08 0
6.24815e+08 0
6.24882e+08 0
6.24893e+08 0
6.24915e+08 0
6.24927e+08 0
6.24938e+08 0
6.24949e+08 0
6.25016e+08 0
6.25039e+08 0
6.25061e+08 0
6.25072e+08 0
6.25117e+08 0
6.2515e+08 0
6.25162e+08 0
6.25218e+08 0
6.25252e+08 0
6.25285e+08 0
6.25308e+08 0
6.25319e+08 0
6.25331e+08 0
6.25342e+08 0
6.26095e+08 0
6.26174e+08 0
6.26185e+08 0
6.26297e+08 0
6.2632e+08 0
6.26364e+08 0
6.26454e+08 0
6.26566e+08 0
6.27125e+08 0
6.2726e+08 0
6.27371e+08 0
6.27528e+08 0
6.32671e+08 0
6.32683e+08 0
6.32783e+08 0
6.32884e+08 0
6.32895e+08 0
6.32918e+08 0
6.32929e+08 0
6.3303e+08 0
6.33041e+08 0
6.33063e+08 0
6.33074e+08 0
6.33153e+08 0
6.33186e+08 0
6.33209e+08 0
6.33242e+08 0
6.33254e+08 0
6.33265e+08 0
6.33276e+08 0
6.33287e+08 0
6.33298e+08 0
6.33309e+08 0
6.33321e+08 0
6.33332e+08 0
6.33343e+08 0
6.33377e+08 0
6.33388e+08 0
6.33399e+08 0
6.3341e+08 0
6.33422e+08 0
6.33433e+08 0
6.33444e+08 0
6.3463e+08 0
6.34641e+08 0
6.34809e+08 0
6.3482e+08 0
6.34921e+08 0
6.34932e+08 0
6.34943e+08 0
6.35021e+08 0
6.351e+08 0
6.35167e+08 0
6.35234e+08 0
6.35279e+08 0
6.35301e+08 0
6.35673e+08 0
6.35684e+08 0
6.35695e+08 0
