533749 0
1.12607e+06 0
1.71839e+06 0
2.31071e+06 0
2.90303e+06 0
3.49537e+06 0
4.08774e+06 0
4.68015e+06 0
5.27264e+06 0
5.8653e+06 0
6.45831e+06 0
7.10788e+06 0
8.17042e+06 0
8.19277e+06 0
9.24523e+06 0
9.28993e+06 0
1.07703e+07 0
1.07815e+07 0
1.07927e+07 0
1.29509e+07 0
1.29844e+07 0
1.30179e+07 0
1.31073e+07 0
1.52656e+07 0
1.5288e+07 0
1.53103e+07 0
1.53327e+07 0
1.53774e+07 0
1.80276e+07 0
1.80947e+07 0
1.81394e+07 0
1.81841e+07 0
1.83295e+07 0
1.83854e+07 0
2.15839e+07 0
2.16509e+07 0
2.17292e+07 0
2.17628e+07 0
2.20423e+07 0
2.20646e+07 0
2.20981e+07 0
2.56096e+07 0
2.56543e+07 0
2.56879e+07 0
2.5699e+07 0
2.58667e+07 0
2.5945e+07 0
2.60009e+07 0
2.98705e+07 0
2.99041e+07 0
3.00158e+07 0
3.00717e+07 0
3.01164e+07 0
3.01947e+07 0
3.02617e+07 0
3.04629e+07 0
3.45897e+07 0
3.46232e+07 0
3.46344e+07 0
3.47127e+07 0
3.47686e+07 0
3.48245e+07 0
3.50145e+07 0
3.50593e+07 0
3.51487e+07 0
4.00237e+07 0
4.01019e+07 0
4.01355e+07 0
4.02137e+07 0
4.02472e+07 0
4.03366e+07 0
4.03814e+07 0
4.0482e+07 0
4.05378e+07 0
4.06944e+07 0
4.59092e+07 0
4.59651e+07 0
4.60099e+07 0
4.60434e+07 0
4.61105e+07 0
4.61775e+07 0
4.63117e+07 0
4.64122e+07 0
4.65575e+07 0
4.66134e+07 0
4.67252e+07 0
5.25635e+07 0
5.26194e+07 0
5.26529e+07 0
5.27088e+07 0
5.29659e+07 0
5.3033e+07 0
5.31e+07 0
5.31671e+07 0
5.32453e+07 0
5.33124e+07 0
5.33571e+07 0
5.33795e+07 0
5.96483e+07 0
5.96595e+07 0
5.96819e+07 0
5.97154e+07 0
5.9939e+07 0
5.99725e+07 0
6.00396e+07 0
6.00731e+07 0
6.00955e+07 0
6.0129e+07 0
6.0252e+07 0
6.03414e+07 0
6.0442e+07 0
6.73312e+07 0
6.73535e+07 0
6.74318e+07 0
6.74877e+07 0
6.75436e+07 0
6.7633e+07 0
6.76777e+07 0
6.77336e+07 0
6.78342e+07 0
6.78902e+07 0
6.79796e+07 0
6.82031e+07 0
6.83596e+07 0
6.84266e+07 0
7.57314e+07 0
7.57538e+07 0
7.57873e+07 0
7.58767e+07 0
7.59103e+07 0
7.59438e+07 0
7.60556e+07 0
7.61227e+07 0
7.62121e+07 0
7.63798e+07 0
7.6458e+07 0
7.65139e+07 0
7.67599e+07 0
7.68381e+07 0
7.69164e+07 0
8.47487e+07 0
8.47822e+07 0
8.48269e+07 0
8.48604e+07 0
8.4894e+07 0
8.49387e+07 0
8.5017e+07 0
8.50505e+07 0
8.51176e+07 0
8.52741e+07 0
8.53412e+07 0
8.53859e+07 0
8.54753e+07 0
8.57883e+07 0
8.58218e+07 0
8.5833e+07 0
9.43214e+07 0
9.43773e+07 0
9.44108e+07 0
9.44667e+07 0
9.45114e+07 0
9.45226e+07 0
9.46009e+07 0
9.46568e+07 0
9.47015e+07 0
9.50481e+07 0
9.5104e+07 0
9.51599e+07 0
9.52605e+07 0
9.54058e+07 0
9.54617e+07 0
9.55176e+07 0
9.57189e+07 0
1.04442e+08 0
1.04476e+08 0
1.04509e+08 0
1.04554e+08 0
1.04576e+08 0
1.04632e+08 0
1.04688e+08 0
1.04777e+08 0
1.04867e+08 0
1.0518e+08 0
1.05213e+08 0
1.05258e+08 0
1.0537e+08 0
1.0556e+08 0
1.05594e+08 0
1.05661e+08 0
1.05717e+08 0
1.05817e+08 0
1.15312e+08 0
1.15357e+08 0
1.15424e+08 0
1.15469e+08 0
1.15502e+08 0
1.15547e+08 0
1.15569e+08 0
1.15815e+08 0
1.15893e+08 0
1.16106e+08 0
1.16162e+08 0
1.16184e+08 0
1.16318e+08 0
1.16464e+08 0
1.16486e+08 0
1.16542e+08 0
1.16553e+08 0
1.16564e+08 0
1.16642e+08 0
1.26571e+08 0
1.26582e+08 0
1.26761e+08 0
1.26794e+08 0
1.26872e+08 0
1.2694e+08 0
1.27007e+08 0
1.27208e+08 0
1.27252e+08 0
1.27443e+08 0
1.27454e+08 0
1.27487e+08 0
1.27644e+08 0
1.27789e+08 0
1.27823e+08 0
1.27834e+08 0
1.27879e+08 0
1.27912e+08 0
1.27935e+08 0
1.28113e+08 0
1.38469e+08 0
1.38502e+08 0
1.38692e+08 0
1.38715e+08 0
1.3886e+08 0
1.38916e+08 0
1.38983e+08 0
1.39072e+08 0
1.39117e+08 0
1.39352e+08 0
1.39441e+08 0
1.39463e+08 0
1.39609e+08 0
1.40011e+08 0
1.40067e+08 0
1.40235e+08 0
1.40313e+08 0
1.40403e+08 0
1.40492e+08 0
1.40559e+08 0
1.40626e+08 0
1.51018e+08 0
1.51041e+08 0
1.5122e+08 0
1.51398e+08 0
1.51466e+08 0
1.51521e+08 0
1.51544e+08 0
1.51589e+08 0
1.517e+08 0
1.51835e+08 0
1.51924e+08 0
1.51969e+08 0
1.52036e+08 0
1.52762e+08 0
1.52796e+08 0
1.52852e+08 0
1.52896e+08 0
1.53209e+08 0
1.53287e+08 0
1.53377e+08 0
1.53444e+08 0
1.535e+08 0
1.64001e+08 0
1.64023e+08 0
1.64236e+08 0
1.64314e+08 0
1.64415e+08 0
1.64482e+08 0
1.64549e+08 0
1.64582e+08 0
1.64627e+08 0
1.64839e+08 0
1.65085e+08 0
1.65097e+08 0
1.65119e+08 0
1.65655e+08 0
1.65812e+08 0
1.65901e+08 0
1.66013e+08 0
1.66102e+08 0
1.66192e+08 0
1.6627e+08 0
1.66348e+08 0
1.66505e+08 0
1.77088e+08 0
1.77099e+08 0
1.77155e+08 0
1.77357e+08 0
1.77413e+08 0
1.77591e+08 0
1.77658e+08 0
1.77759e+08 0
1.77781e+08 0
1.7786e+08 0
1.78262e+08 0
1.7834e+08 0
1.78374e+08 0
1.78407e+08 0
1.79145e+08 0
1.79324e+08 0
1.79402e+08 0
1.79469e+08 0
1.79581e+08 0
1.79704e+08 0
1.79771e+08 0
1.79816e+08 0
1.79871e+08 0
1.91031e+08 0
1.91053e+08 0
1.91064e+08 0
1.9112e+08 0
1.91221e+08 0
1.91288e+08 0
1.91411e+08 0
1.91489e+08 0
1.91936e+08 0
1.92216e+08 0
1.92283e+08 0
1.92506e+08 0
1.92585e+08 0
1.92953e+08 0
1.92987e+08 0
1.93557e+08 0
1.93613e+08 0
1.93669e+08 0
1.93758e+08 0
1.93836e+08 0
1.93903e+08 0
1.93937e+08 0
1.93982e+08 0
1.94026e+08 0
2.05367e+08 0
2.05411e+08 0
2.05445e+08 0
2.05456e+08 0
2.05467e+08 0
2.05546e+08 0
2.0568e+08 0
2.05791e+08 0
2.05859e+08 0
2.06842e+08 0
2.06999e+08 0
2.07054e+08 0
2.07122e+08 0
2.07189e+08 0
2.07993e+08 0
2.0806e+08 0
2.08127e+08 0
2.08239e+08 0
2.08317e+08 0
2.08418e+08 0
2.08519e+08 0
2.08563e+08 0
2.08586e+08 0
2.08653e+08 0
2.0872e+08 0
2.20296e+08 0
2.20319e+08 0
2.2033e+08 0
2.20363e+08 0
2.2043e+08 0
2.20475e+08 0
2.20509e+08 0
2.20766e+08 0
2.20933e+08 0
2.20978e+08 0
2.22442e+08 0
2.22498e+08 0
2.2261e+08 0
2.22688e+08 0
2.22744e+08 0
2.2356e+08 0
2.23638e+08 0
2.23728e+08 0
2.23828e+08 0
2.23918e+08 0
2.23996e+08 0
2.24007e+08 0
2.24052e+08 0
2.24074e+08 0
2.24096e+08 0
2.24152e+08 0
2.35809e+08 0
2.35932e+08 0
2.35999e+08 0
2.36089e+08 0
2.36133e+08 0
2.36167e+08 0
2.362e+08 0
2.36211e+08 0
2.36279e+08 0
2.36636e+08 0
2.36692e+08 0
2.38581e+08 0
2.3867e+08 0
2.38715e+08 0
2.39073e+08 0
2.39173e+08 0
2.39252e+08 0
2.3933e+08 0
2.39386e+08 0
2.39475e+08 0
2.39531e+08 0
2.39576e+08 0
2.3962e+08 0
2.39676e+08 0
2.3971e+08 0
2.39799e+08 0
2.39922e+08 0
2.52226e+08 0
2.5226e+08 0
2.52282e+08 0
2.52483e+08 0
2.52528e+08 0
2.52595e+08 0
2.52618e+08 0
2.5264e+08 0
2.52662e+08 0
2.52673e+08 0
2.53255e+08 0
2.53333e+08 0
2.55132e+08 0
2.55222e+08 0
2.55278e+08 0
2.55412e+08 0
2.55468e+08 0
2.55535e+08 0
2.55613e+08 0
2.55691e+08 0
2.55848e+08 0
2.55881e+08 0
2.55937e+08 0
2.55948e+08 0
2.55993e+08 0
2.56038e+08 0
2.56071e+08 0
2.56116e+08 0
2.69019e+08 0
2.69041e+08 0
2.69075e+08 0
2.69231e+08 0
2.69242e+08 0
2.69287e+08 0
2.69377e+08 0
2.69399e+08 0
2.69444e+08 0
2.695e+08 0
2.69544e+08 0
2.69868e+08 0
2.69936e+08 0
2.71635e+08 0
2.71702e+08 0
2.71802e+08 0
2.71914e+08 0
2.72026e+08 0
2.72126e+08 0
2.72238e+08 0
2.72327e+08 0
2.72529e+08 0
2.72629e+08 0
2.72685e+08 0
2.72763e+08 0
2.7283e+08 0
2.72853e+08 0
2.72886e+08 0
2.73054e+08 0
2.86163e+08 0
2.86196e+08 0
2.8623e+08 0
2.86453e+08 0
2.86487e+08 0
2.86632e+08 0
2.86655e+08 0
2.86688e+08 0
2.86766e+08 0
2.86833e+08 0
2.86956e+08 0
2.8699e+08 0
2.87258e+08 0
2.87303e+08 0
2.88801e+08 0
2.88868e+08 0
2.8898e+08 0
2.89091e+08 0
2.89214e+08 0
2.89348e+08 0
2.89494e+08 0
2.8965e+08 0
2.89751e+08 0
2.89862e+08 0
2.89974e+08 0
2.90164e+08 0
2.90254e+08 0
2.90276e+08 0
2.90332e+08 0
2.90477e+08 0
3.04038e+08 0
3.04105e+08 0
3.04138e+08 0
3.04317e+08 0
3.04351e+08 0
3.04507e+08 0
3.0453e+08 0
3.04619e+08 0
3.04653e+08 0
3.04686e+08 0
3.04898e+08 0
3.04932e+08 0
3.05066e+08 0
3.05111e+08 0
3.05144e+08 0
3.06519e+08 0
3.06564e+08 0
3.06899e+08 0
3.06989e+08 0
3.07089e+08 0
3.07223e+08 0
3.07335e+08 0
3.0748e+08 0
3.07603e+08 0
3.07737e+08 0
3.07883e+08 0
3.07972e+08 0
3.08173e+08 0
3.08185e+08 0
3.08229e+08 0
3.08587e+08 0
3.22691e+08 0
3.22725e+08 0
3.22747e+08 0
3.22859e+08 0
3.22881e+08 0
3.23016e+08 0
3.23049e+08 0
3.23194e+08 0
3.23261e+08 0
3.23284e+08 0
3.23507e+08 0
3.2353e+08 0
3.23597e+08 0
3.23709e+08 0
3.23764e+08 0
3.23943e+08 0
3.25139e+08 0
3.25206e+08 0
3.25285e+08 0
3.25374e+08 0
3.25586e+08 0
3.25676e+08 0
3.25765e+08 0
3.25877e+08 0
3.26011e+08 0
3.26134e+08 0
3.26257e+08 0
3.26335e+08 0
3.26503e+08 0
3.26715e+08 0
3.26749e+08 0
3.27162e+08 0
3.41736e+08 0
3.41826e+08 0
3.41859e+08 0
3.41971e+08 0
3.42005e+08 0
3.42083e+08 0
3.42105e+08 0
3.42262e+08 0
3.42295e+08 0
3.42318e+08 0
3.42687e+08 0
3.42754e+08 0
3.42787e+08 0
3.42932e+08 0
3.42988e+08 0
3.43044e+08 0
3.43111e+08 0
3.44229e+08 0
3.44296e+08 0
3.44375e+08 0
3.44464e+08 0
3.44565e+08 0
3.44654e+08 0
3.44855e+08 0
3.44945e+08 0
3.45067e+08 0
3.45179e+08 0
3.45302e+08 0
3.45436e+08 0
3.45548e+08 0
3.45693e+08 0
3.45772e+08 0
3.46364e+08 0
3.61441e+08 0
3.61542e+08 0
3.61609e+08 0
3.61654e+08 0
3.61721e+08 0
3.6181e+08 0
3.61855e+08 0
3.62023e+08 0
3.6209e+08 0
3.62123e+08 0
3.62268e+08 0
3.62324e+08 0
3.62414e+08 0
3.62581e+08 0
3.62626e+08 0
3.62682e+08 0
3.62783e+08 0
3.62827e+08 0
3.63878e+08 0
3.63934e+08 0
3.6399e+08 0
3.64146e+08 0
3.64202e+08 0
3.64269e+08 0
3.64348e+08 0
3.64437e+08 0
3.64649e+08 0
3.64716e+08 0
3.64851e+08 0
3.64962e+08 0
3.65052e+08 0
3.65387e+08 0
3.65532e+08 0
3.66102e+08 0
3.81739e+08 0
3.81862e+08 0
3.81929e+08 0
3.81974e+08 0
3.82063e+08 0
3.82208e+08 0
3.82253e+08 0
3.82309e+08 0
3.82387e+08 0
3.82432e+08 0
3.8251e+08 0
3.826e+08 0
3.82667e+08 0
3.82778e+08 0
3.82812e+08 0
3.82868e+08 0
3.8298e+08 0
3.83047e+08 0
3.84265e+08 0
3.84299e+08 0
3.84366e+08 0
3.84422e+08 0
3.84489e+08 0
3.84533e+08 0
3.84589e+08 0
3.84667e+08 0
3.84712e+08 0
3.84779e+08 0
3.84846e+08 0
3.85036e+08 0
3.85137e+08 0
3.85249e+08 0
3.85372e+08 0
3.85539e+08 0
3.86478e+08 0
4.0254e+08 0
4.02674e+08 0
4.02797e+08 0
4.02953e+08 0
4.03099e+08 0
4.03188e+08 0
4.03233e+08 0
4.03289e+08 0
4.03322e+08 0
4.03367e+08 0
4.03434e+08 0
4.03501e+08 0
4.03568e+08 0
4.03691e+08 0
4.03713e+08 0
4.03769e+08 0
4.03847e+08 0
4.03892e+08 0
4.05211e+08 0
4.05234e+08 0
4.05278e+08 0
4.05334e+08 0
4.0539e+08 0
4.05424e+08 0
4.05502e+08 0
4.0558e+08 0
4.05692e+08 0
4.05748e+08 0
4.05781e+08 0
4.05871e+08 0
4.05949e+08 0
4.06005e+08 0
4.06094e+08 0
4.06173e+08 0
4.06418e+08 0
4.0757e+08 0
4.24168e+08 0
4.24291e+08 0
4.2438e+08 0
4.24526e+08 0
4.24593e+08 0
4.24671e+08 0
4.24705e+08 0
4.24772e+08 0
4.24839e+08 0
4.24906e+08 0
4.24962e+08 0
4.24995e+08 0
4.25051e+08 0
4.2514e+08 0
4.25219e+08 0
4.25241e+08 0
4.25375e+08 0
4.25409e+08 0
4.26661e+08 0
4.26717e+08 0
4.26795e+08 0
4.26851e+08 0
4.26929e+08 0
4.26985e+08 0
4.27052e+08 0
4.27097e+08 0
4.2713e+08 0
4.27175e+08 0
4.27231e+08 0
4.27342e+08 0
4.27432e+08 0
4.27499e+08 0
4.27555e+08 0
4.27611e+08 0
4.27711e+08 0
4.27834e+08 0
4.29276e+08 0
4.46344e+08 0
4.46456e+08 0
4.46501e+08 0
4.46557e+08 0
4.46624e+08 0
4.46702e+08 0
4.46758e+08 0
4.46814e+08 0
4.46836e+08 0
4.47049e+08 0
4.47071e+08 0
4.47205e+08 0
4.47306e+08 0
4.47496e+08 0
4.47563e+08 0
4.47619e+08 0
4.47663e+08 0
4.4773e+08 0
4.48692e+08 0
4.48748e+08 0
4.48949e+08 0
4.49027e+08 0
4.49083e+08 0
4.49161e+08 0
4.4925e+08 0
4.4934e+08 0
4.49407e+08 0
4.49474e+08 0
4.49519e+08 0
4.49608e+08 0
4.4972e+08 0
4.49787e+08 0
4.49888e+08 0
4.50022e+08 0
4.501e+08 0
4.50156e+08 0
4.50223e+08 0
4.51397e+08 0
4.69125e+08 0
4.69214e+08 0
4.69315e+08 0
4.69337e+08 0
4.69393e+08 0
4.69527e+08 0
4.6956e+08 0
4.69616e+08 0
4.6965e+08 0
4.69695e+08 0
4.69739e+08 0
4.69885e+08 0
4.69974e+08 0
4.70075e+08 0
4.7013e+08 0
4.70209e+08 0
4.70287e+08 0
4.70477e+08 0
4.71304e+08 0
4.71349e+08 0
4.71382e+08 0
4.71405e+08 0
4.71438e+08 0
4.71472e+08 0
4.71494e+08 0
4.7155e+08 0
4.7164e+08 0
4.71729e+08 0
4.71986e+08 0
4.72075e+08 0
4.72176e+08 0
4.72254e+08 0
4.72321e+08 0
4.72411e+08 0
4.72522e+08 0
4.72623e+08 0
4.72735e+08 0
4.72835e+08 0
4.74087e+08 0
4.92453e+08 0
4.92553e+08 0
4.92699e+08 0
4.92732e+08 0
4.92788e+08 0
4.92833e+08 0
4.929e+08 0
4.92945e+08 0
4.93045e+08 0
4.93101e+08 0
4.93146e+08 0
4.9319e+08 0
4.9328e+08 0
4.93336e+08 0
4.93381e+08 0
4.9347e+08 0
4.93559e+08 0
4.93727e+08 0
4.94599e+08 0
4.94632e+08 0
4.94677e+08 0
4.94733e+08 0
4.94778e+08 0
4.948e+08 0
4.94856e+08 0
4.94878e+08 0
4.94923e+08 0
4.94979e+08 0
4.95035e+08 0
4.95091e+08 0
4.9518e+08 0
4.95359e+08 0
4.95448e+08 0
4.95549e+08 0
4.95661e+08 0
4.95784e+08 0
4.95895e+08 0
4.96041e+08 0
4.96175e+08 0
4.97483e+08 0
5.16318e+08 0
5.16385e+08 0
5.1653e+08 0
5.16553e+08 0
5.1662e+08 0
5.16653e+08 0
5.16743e+08 0
5.16888e+08 0
5.16944e+08 0
5.17011e+08 0
5.17078e+08 0
5.17167e+08 0
5.17201e+08 0
5.17223e+08 0
5.17268e+08 0
5.17346e+08 0
5.1748e+08 0
5.17648e+08 0
5.18531e+08 0
5.18576e+08 0
5.18643e+08 0
5.18688e+08 0
5.18743e+08 0
5.18799e+08 0
5.18855e+08 0
5.18911e+08 0
5.18967e+08 0
5.19034e+08 0
5.19101e+08 0
5.19168e+08 0
5.19235e+08 0
5.19313e+08 0
5.19626e+08 0
5.1976e+08 0
5.19883e+08 0
5.20018e+08 0
5.20152e+08 0
5.20286e+08 0
5.20409e+08 0
5.20487e+08 0
5.21448e+08 0
5.40815e+08 0
5.40871e+08 0
5.40905e+08 0
5.40938e+08 0
5.41039e+08 0
5.41128e+08 0
5.41207e+08 0
5.41285e+08 0
5.41441e+08 0
5.41531e+08 0
5.41665e+08 0
5.41698e+08 0
5.41721e+08 0
5.41754e+08 0
5.41833e+08 0
5.41866e+08 0
5.41877e+08 0
5.42224e+08 0
5.42894e+08 0
5.42961e+08 0
5.43017e+08 0
5.43073e+08 0
5.43118e+08 0
5.43163e+08 0
5.43207e+08 0
5.43274e+08 0
5.43342e+08 0
5.43409e+08 0
5.43464e+08 0
5.43532e+08 0
5.43599e+08 0
5.43744e+08 0
5.44124e+08 0
5.44258e+08 0
5.44403e+08 0
5.4456e+08 0
5.44828e+08 0
5.44962e+08 0
5.45074e+08 0
5.45152e+08 0
5.45219e+08 0
5.45946e+08 0
5.65882e+08 0
5.65926e+08 0
5.65971e+08 0
5.66061e+08 0
5.66105e+08 0
5.66206e+08 0
5.66295e+08 0
5.66385e+08 0
5.66575e+08 0
5.66653e+08 0
5.66675e+08 0
5.66709e+08 0
5.66843e+08 0
5.66888e+08 0
5.66932e+08 0
5.66955e+08 0
5.66966e+08 0
5.6729e+08 0
5.67637e+08 0
5.67693e+08 0
5.67771e+08 0
5.67815e+08 0
5.6786e+08 0
5.68084e+08 0
5.68486e+08 0
5.68553e+08 0
5.6862e+08 0
5.68687e+08 0
5.68754e+08 0
5.68833e+08 0
5.68933e+08 0
5.69213e+08 0
5.69324e+08 0
5.69492e+08 0
5.69671e+08 0
5.69906e+08 0
5.70017e+08 0
5.7014e+08 0
5.70297e+08 0
5.70397e+08 0
5.70476e+08 0
5.70532e+08 0
5.71102e+08 0
5.91472e+08 0
5.91573e+08 0
5.91606e+08 0
5.91674e+08 0
5.91685e+08 0
5.9183e+08 0
5.91964e+08 0
5.92054e+08 0
5.92221e+08 0
5.92288e+08 0
5.92322e+08 0
5.92344e+08 0
5.92389e+08 0
5.92422e+08 0
5.92456e+08 0
5.92489e+08 0
5.92523e+08 0
5.92914e+08 0
5.93149e+08 0
5.93205e+08 0
5.9325e+08 0
5.93294e+08 0
5.93317e+08 0
5.93529e+08 0
5.93976e+08 0
5.94043e+08 0
5.9411e+08 0
5.94166e+08 0
5.94222e+08 0
5.943e+08 0
5.94345e+08 0
5.94412e+08 0
5.94513e+08 0
5.94949e+08 0
5.95027e+08 0
5.95295e+08 0
5.95943e+08 0
5.95977e+08 0
5.9601e+08 0
5.96066e+08 0
5.96178e+08 0
5.96301e+08 0
5.9639e+08 0
5.96614e+08 0
6.13504e+08 0
6.13527e+08 0
6.13549e+08 0
