158473 0
750794 0
1.34312e+06 0
1.93544e+06 0
2.52776e+06 0
3.1201e+06 0
3.71247e+06 0
4.30486e+06 0
4.89736e+06 0
5.49e+06 0
6.08303e+06 0
6.78848e+06 0
7.46554e+06 0
7.4879e+06 0
9.28991e+06 0
9.34579e+06 0
1.06496e+07 0
1.06943e+07 0
1.07278e+07 0
1.26177e+07 0
1.26513e+07 0
1.26848e+07 0
1.27183e+07 0
1.52791e+07 0
1.53015e+07 0
1.53797e+07 0
1.54132e+07 0
1.54356e+07 0
1.81755e+07 0
1.82537e+07 0
1.83208e+07 0
1.83767e+07 0
1.84214e+07 0
1.84438e+07 0
2.18211e+07 0
2.18882e+07 0
2.19441e+07 0
2.20671e+07 0
2.20783e+07 0
2.21118e+07 0
2.21342e+07 0
2.5839e+07 0
2.59061e+07 0
2.59844e+07 0
2.62191e+07 0
2.62415e+07 0
2.6275e+07 0
2.63086e+07 0
3.04502e+07 0
3.04838e+07 0
3.05397e+07 0
3.05508e+07 0
3.06962e+07 0
3.07297e+07 0
3.07968e+07 0
3.08303e+07 0
3.54257e+07 0
3.54704e+07 0
3.55151e+07 0
3.55486e+07 0
3.5571e+07 0
3.57052e+07 0
3.58394e+07 0
3.58841e+07 0
3.59065e+07 0
4.10179e+07 0
4.10962e+07 0
4.11185e+07 0
4.11409e+07 0
4.11744e+07 0
4.12303e+07 0
4.13981e+07 0
4.14317e+07 0
4.15546e+07 0
4.15993e+07 0
4.73027e+07 0
4.73586e+07 0
4.74704e+07 0
4.75263e+07 0
4.75487e+07 0
4.75822e+07 0
4.76381e+07 0
4.7884e+07 0
4.79734e+07 0
4.79958e+07 0
4.80293e+07 0
5.38045e+07 0
5.40839e+07 0
5.42963e+07 0
5.43186e+07 0
5.43522e+07 0
5.43634e+07 0
5.44528e+07 0
5.44975e+07 0
5.46875e+07 0
5.4721e+07 0
5.47433e+07 0
5.47769e+07 0
6.10968e+07 0
6.13539e+07 0
6.16669e+07 0
6.17116e+07 0
6.17675e+07 0
6.1801e+07 0
6.18681e+07 0
6.1924e+07 0
6.19687e+07 0
6.20134e+07 0
6.20469e+07 0
6.20916e+07 0
6.22481e+07 0
6.84984e+07 0
6.8666e+07 0
6.96496e+07 0
6.97949e+07 0
6.98396e+07 0
6.9862e+07 0
6.99067e+07 0
6.9929e+07 0
7.00408e+07 0
7.00743e+07 0
7.01078e+07 0
7.01302e+07 0
7.01637e+07 0
7.02867e+07 0
7.68081e+07 0
7.69422e+07 0
7.84176e+07 0
7.85964e+07 0
7.87193e+07 0
7.88087e+07 0
7.8887e+07 0
7.89652e+07 0
7.90323e+07 0
7.9077e+07 0
7.91105e+07 0
7.9144e+07 0
7.91776e+07 0
7.91999e+07 0
7.92223e+07 0
8.54461e+07 0
8.55132e+07 0
8.72232e+07 0
8.73127e+07 0
8.74579e+07 0
8.76368e+07 0
8.77373e+07 0
8.78044e+07 0
8.78938e+07 0
8.79832e+07 0
8.80391e+07 0
8.8285e+07 0
8.83521e+07 0
8.84079e+07 0
8.84526e+07 0
8.84974e+07 0
9.47971e+07 0
9.48418e+07 0
9.68312e+07 0
9.68982e+07 0
9.69653e+07 0
9.70659e+07 0
9.72335e+07 0
9.73453e+07 0
9.74571e+07 0
9.758e+07 0
9.76583e+07 0
9.81165e+07 0
9.81724e+07 0
9.82171e+07 0
9.82618e+07 0
9.83065e+07 0
9.83288e+07 0
1.05099e+08 0
1.0521e+08 0
1.06931e+08 0
1.07077e+08 0
1.07222e+08 0
1.07345e+08 0
1.07669e+08 0
1.07949e+08 0
1.08306e+08 0
1.08351e+08 0
1.08396e+08 0
1.08418e+08 0
1.08452e+08 0
1.08496e+08 0
1.08541e+08 0
1.08586e+08 0
1.08619e+08 0
1.0863e+08 0
1.15548e+08 0
1.15626e+08 0
1.17783e+08 0
1.17917e+08 0
1.18062e+08 0
1.18364e+08 0
1.18487e+08 0
1.187e+08 0
1.19124e+08 0
1.19135e+08 0
1.19158e+08 0
1.19214e+08 0
1.19247e+08 0
1.19292e+08 0
1.19314e+08 0
1.19359e+08 0
1.19392e+08 0
1.19415e+08 0
1.19448e+08 0
1.26641e+08 0
1.26674e+08 0
1.28462e+08 0
1.28619e+08 0
1.29155e+08 0
1.29435e+08 0
1.29535e+08 0
1.30184e+08 0
1.30262e+08 0
1.30351e+08 0
1.30418e+08 0
1.30485e+08 0
1.30541e+08 0
1.30765e+08 0
1.30798e+08 0
1.3081e+08 0
1.30832e+08 0
1.30865e+08 0
1.30888e+08 0
1.3091e+08 0
1.38614e+08 0
1.38636e+08 0
1.4e+08 0
1.401e+08 0
1.40212e+08 0
1.40603e+08 0
1.41106e+08 0
1.41385e+08 0
1.41497e+08 0
1.41598e+08 0
1.41743e+08 0
1.41978e+08 0
1.42056e+08 0
1.42526e+08 0
1.42581e+08 0
1.42615e+08 0
1.4266e+08 0
1.42715e+08 0
1.4276e+08 0
1.42872e+08 0
1.42905e+08 0
1.51161e+08 0
1.51172e+08 0
1.52782e+08 0
1.52927e+08 0
1.53095e+08 0
1.53542e+08 0
1.53698e+08 0
1.53844e+08 0
1.53967e+08 0
1.54078e+08 0
1.54212e+08 0
1.54324e+08 0
1.54402e+08 0
1.54816e+08 0
1.54872e+08 0
1.54928e+08 0
1.54972e+08 0
1.55028e+08 0
1.55073e+08 0
1.55185e+08 0
1.55274e+08 0
1.55308e+08 0
1.64156e+08 0
1.64223e+08 0
1.65453e+08 0
1.65475e+08 0
1.65497e+08 0
1.65542e+08 0
1.6562e+08 0
1.65687e+08 0
1.65799e+08 0
1.65989e+08 0
1.67207e+08 0
1.67285e+08 0
1.67375e+08 0
1.67475e+08 0
1.67554e+08 0
1.67621e+08 0
1.67677e+08 0
1.67733e+08 0
1.67844e+08 0
1.67923e+08 0
1.6799e+08 0
1.68045e+08 0
1.77366e+08 0
1.774e+08 0
1.77411e+08 0
1.78383e+08 0
1.78417e+08 0
1.78763e+08 0
1.78875e+08 0
1.78953e+08 0
1.79065e+08 0
1.79188e+08 0
1.79311e+08 0
1.80306e+08 0
1.8035e+08 0
1.80406e+08 0
1.80663e+08 0
1.8082e+08 0
1.80887e+08 0
1.80909e+08 0
1.81088e+08 0
1.81166e+08 0
1.81278e+08 0
1.8139e+08 0
1.81479e+08 0
1.91412e+08 0
1.91457e+08 0
1.9149e+08 0
1.91546e+08 0
1.92865e+08 0
1.92965e+08 0
1.93368e+08 0
1.9358e+08 0
1.93681e+08 0
1.94061e+08 0
1.94139e+08 0
1.94228e+08 0
1.94608e+08 0
1.94642e+08 0
1.94698e+08 0
1.95044e+08 0
1.951e+08 0
1.95167e+08 0
1.95257e+08 0
1.95357e+08 0
1.9548e+08 0
1.95514e+08 0
1.95558e+08 0
1.95581e+08 0
2.05802e+08 0
2.05846e+08 0
2.06003e+08 0
2.06282e+08 0
2.06327e+08 0
2.08059e+08 0
2.08182e+08 0
2.08238e+08 0
2.08316e+08 0
2.08384e+08 0
2.08864e+08 0
2.08898e+08 0
2.09144e+08 0
2.09188e+08 0
2.09255e+08 0
2.093e+08 0
2.09691e+08 0
2.09792e+08 0
2.09926e+08 0
2.10015e+08 0
2.10082e+08 0
2.10149e+08 0
2.10183e+08 0
2.10217e+08 0
2.10239e+08 0
2.20825e+08 0
2.20837e+08 0
2.21094e+08 0
2.21719e+08 0
2.21865e+08 0
2.21921e+08 0
2.23284e+08 0
2.23374e+08 0
2.23463e+08 0
2.23575e+08 0
2.23888e+08 0
2.24122e+08 0
2.2419e+08 0
2.2438e+08 0
2.24435e+08 0
2.24525e+08 0
2.24603e+08 0
2.25296e+08 0
2.2533e+08 0
2.25352e+08 0
2.25363e+08 0
2.25374e+08 0
2.25397e+08 0
2.25419e+08 0
2.2543e+08 0
2.25475e+08 0
2.36348e+08 0
2.36392e+08 0
2.3675e+08 0
2.37968e+08 0
2.38069e+08 0
2.38404e+08 0
2.39175e+08 0
2.39287e+08 0
2.39466e+08 0
2.39544e+08 0
2.39622e+08 0
2.40125e+08 0
2.40226e+08 0
2.4036e+08 0
2.40405e+08 0
2.40517e+08 0
2.40584e+08 0
2.40606e+08 0
2.41109e+08 0
2.41131e+08 0
2.41142e+08 0
2.41221e+08 0
2.41232e+08 0
2.41254e+08 0
2.41265e+08 0
2.4131e+08 0
2.41366e+08 0
2.52461e+08 0
2.52506e+08 0
2.52964e+08 0
2.54685e+08 0
2.54819e+08 0
2.54953e+08 0
2.55624e+08 0
2.55781e+08 0
2.55859e+08 0
2.55926e+08 0
2.56004e+08 0
2.56094e+08 0
2.56295e+08 0
2.56809e+08 0
2.56876e+08 0
2.57099e+08 0
2.57166e+08 0
2.57267e+08 0
2.57345e+08 0
2.5739e+08 0
2.57424e+08 0
2.57435e+08 0
2.57547e+08 0
2.57569e+08 0
2.57591e+08 0
2.57602e+08 0
2.57681e+08 0
2.57748e+08 0
2.68924e+08 0
2.69249e+08 0
2.6993e+08 0
2.71193e+08 0
2.71283e+08 0
2.71406e+08 0
2.72154e+08 0
2.72657e+08 0
2.72725e+08 0
2.72803e+08 0
2.72859e+08 0
2.72903e+08 0
2.7306e+08 0
2.73574e+08 0
2.73786e+08 0
2.73865e+08 0
2.74032e+08 0
2.74099e+08 0
2.74166e+08 0
2.74256e+08 0
2.743e+08 0
2.74334e+08 0
2.74356e+08 0
2.74412e+08 0
2.74446e+08 0
2.74479e+08 0
2.74502e+08 0
2.74613e+08 0
2.74748e+08 0
2.86211e+08 0
2.86479e+08 0
2.87441e+08 0
2.8867e+08 0
2.8876e+08 0
2.88961e+08 0
2.89441e+08 0
2.89855e+08 0
2.90034e+08 0
2.90134e+08 0
2.90213e+08 0
2.90302e+08 0
2.9038e+08 0
2.90783e+08 0
2.91174e+08 0
2.9123e+08 0
2.91263e+08 0
2.91364e+08 0
2.91453e+08 0
2.9152e+08 0
2.9161e+08 0
2.918e+08 0
2.91844e+08 0
2.91889e+08 0
2.91945e+08 0
2.91979e+08 0
2.92023e+08 0
2.92046e+08 0
2.92068e+08 0
2.9228e+08 0
3.04096e+08 0
3.04263e+08 0
3.05839e+08 0
3.06543e+08 0
3.068e+08 0
3.06868e+08 0
3.06979e+08 0
3.07605e+08 0
3.07929e+08 0
3.08008e+08 0
3.08175e+08 0
3.08231e+08 0
3.08365e+08 0
3.08432e+08 0
3.08868e+08 0
3.09248e+08 0
3.09315e+08 0
3.09338e+08 0
3.09472e+08 0
3.09539e+08 0
3.09639e+08 0
3.09706e+08 0
3.09807e+08 0
3.09963e+08 0
3.09997e+08 0
3.10042e+08 0
3.10064e+08 0
3.10098e+08 0
3.1012e+08 0
3.10153e+08 0
3.10377e+08 0
3.2265e+08 0
3.22695e+08 0
3.24304e+08 0
3.24885e+08 0
3.25288e+08 0
3.25344e+08 0
3.25567e+08 0
3.25657e+08 0
3.26115e+08 0
3.2626e+08 0
3.26495e+08 0
3.26696e+08 0
3.26875e+08 0
3.27065e+08 0
3.27143e+08 0
3.27221e+08 0
3.27926e+08 0
3.27993e+08 0
3.28037e+08 0
3.28149e+08 0
3.28183e+08 0
3.28406e+08 0
3.28496e+08 0
3.28574e+08 0
3.28708e+08 0
3.28764e+08 0
3.28808e+08 0
3.28864e+08 0
3.28887e+08 0
3.2892e+08 0
3.28954e+08 0
3.2911e+08 0
3.41671e+08 0
3.41727e+08 0
3.43359e+08 0
3.44208e+08 0
3.44443e+08 0
3.44477e+08 0
3.44633e+08 0
3.44823e+08 0
3.45002e+08 0
3.45114e+08 0
3.45214e+08 0
3.45773e+08 0
3.45974e+08 0
3.46097e+08 0
3.46231e+08 0
3.46321e+08 0
3.46433e+08 0
3.47181e+08 0
3.47237e+08 0
3.47293e+08 0
3.4745e+08 0
3.47539e+08 0
3.4764e+08 0
3.47729e+08 0
3.47818e+08 0
3.47897e+08 0
3.47975e+08 0
3.48031e+08 0
3.4821e+08 0
3.48232e+08 0
3.48243e+08 0
3.48277e+08 0
3.48366e+08 0
3.61096e+08 0
3.6113e+08 0
3.635e+08 0
3.63991e+08 0
3.64025e+08 0
3.64181e+08 0
3.64394e+08 0
3.64763e+08 0
3.64852e+08 0
3.64975e+08 0
3.65198e+08 0
3.65333e+08 0
3.65444e+08 0
3.65556e+08 0
3.65847e+08 0
3.65947e+08 0
3.66104e+08 0
3.66238e+08 0
3.66618e+08 0
3.67154e+08 0
3.67288e+08 0
3.67456e+08 0
3.67512e+08 0
3.67568e+08 0
3.67635e+08 0
3.67702e+08 0
3.67747e+08 0
3.67836e+08 0
3.67903e+08 0
3.67981e+08 0
3.68172e+08 0
3.6825e+08 0
3.68283e+08 0
3.68339e+08 0
3.81277e+08 0
3.8131e+08 0
3.83747e+08 0
3.84239e+08 0
3.84406e+08 0
3.84496e+08 0
3.84663e+08 0
3.84932e+08 0
3.84999e+08 0
3.85099e+08 0
3.85367e+08 0
3.85502e+08 0
3.85636e+08 0
3.85904e+08 0
3.86038e+08 0
3.86139e+08 0
3.86519e+08 0
3.8663e+08 0
3.86999e+08 0
3.871e+08 0
3.87681e+08 0
3.87882e+08 0
3.87938e+08 0
3.88016e+08 0
3.88072e+08 0
3.88117e+08 0
3.88162e+08 0
3.88218e+08 0
3.88285e+08 0
3.88352e+08 0
3.8843e+08 0
3.8862e+08 0
3.88676e+08 0
3.88698e+08 0
3.88743e+08 0
4.02066e+08 0
4.02089e+08 0
4.04559e+08 0
4.05118e+08 0
4.05252e+08 0
4.05386e+08 0
4.05464e+08 0
4.05587e+08 0
4.05766e+08 0
4.05867e+08 0
4.06213e+08 0
4.0628e+08 0
4.06358e+08 0
4.0647e+08 0
4.06627e+08 0
4.06783e+08 0
4.07074e+08 0
4.07286e+08 0
4.07767e+08 0
4.07878e+08 0
4.07968e+08 0
4.08728e+08 0
4.08884e+08 0
4.08951e+08 0
4.09086e+08 0
4.09141e+08 0
4.09209e+08 0
4.09231e+08 0
4.09309e+08 0
4.09354e+08 0
4.09432e+08 0
4.09555e+08 0
4.09689e+08 0
4.09767e+08 0
4.09779e+08 0
4.0979e+08 0
4.23435e+08 0
4.23446e+08 0
4.25775e+08 0
4.26245e+08 0
4.26491e+08 0
4.26558e+08 0
4.26602e+08 0
4.26882e+08 0
4.26938e+08 0
4.27016e+08 0
4.27564e+08 0
4.27653e+08 0
4.27765e+08 0
4.27999e+08 0
4.281e+08 0
4.28201e+08 0
4.28346e+08 0
4.28447e+08 0
4.28547e+08 0
4.28681e+08 0
4.28804e+08 0
4.30056e+08 0
4.30123e+08 0
4.3057e+08 0
4.30637e+08 0
4.30794e+08 0
4.30827e+08 0
4.30872e+08 0
4.30894e+08 0
4.30984e+08 0
4.31073e+08 0
4.3114e+08 0
4.3123e+08 0
4.31375e+08 0
4.3142e+08 0
4.31453e+08 0
4.31487e+08 0
4.45491e+08 0
4.45502e+08 0
4.47012e+08 0
4.47594e+08 0
4.47728e+08 0
4.48186e+08 0
4.48287e+08 0
4.48689e+08 0
4.48879e+08 0
4.4917e+08 0
4.49427e+08 0
4.49684e+08 0
4.49918e+08 0
4.50008e+08 0
4.5022e+08 0
4.50388e+08 0
4.50489e+08 0
4.5098e+08 0
4.51114e+08 0
4.51249e+08 0
4.51394e+08 0
4.5212e+08 0
4.52389e+08 0
4.52456e+08 0
4.5278e+08 0
4.52914e+08 0
4.52981e+08 0
4.53048e+08 0
4.53149e+08 0
4.53216e+08 0
4.53249e+08 0
4.53305e+08 0
4.5335e+08 0
4.53428e+08 0
4.53551e+08 0
4.53585e+08 0
4.53607e+08 0
4.53663e+08 0
4.68272e+08 0
4.68295e+08 0
4.69904e+08 0
4.70038e+08 0
4.70173e+08 0
4.70575e+08 0
4.70687e+08 0
4.7138e+08 0
4.71558e+08 0
4.71961e+08 0
4.72631e+08 0
4.7271e+08 0
4.72944e+08 0
4.73034e+08 0
4.73213e+08 0
4.7328e+08 0
4.7338e+08 0
4.7385e+08 0
4.73973e+08 0
4.74085e+08 0
4.74207e+08 0
4.75213e+08 0
4.75347e+08 0
4.75415e+08 0
4.75482e+08 0
4.75795e+08 0
4.7594e+08 0
4.75951e+08 0
4.75985e+08 0
4.76029e+08 0
4.76074e+08 0
4.76096e+08 0
4.7613e+08 0
4.76164e+08 0
4.76175e+08 0
4.76208e+08 0
4.76309e+08 0
4.76331e+08 0
4.76342e+08 0
4.91489e+08 0
4.91511e+08 0
4.92719e+08 0
4.92819e+08 0
4.92909e+08 0
4.94082e+08 0
4.94138e+08 0
4.94216e+08 0
4.94809e+08 0
4.95345e+08 0
4.95904e+08 0
4.96016e+08 0
4.96318e+08 0
4.96452e+08 0
4.96586e+08 0
4.9672e+08 0
4.96832e+08 0
4.97055e+08 0
4.9729e+08 0
4.97357e+08 0
4.97726e+08 0
4.98396e+08 0
4.9853e+08 0
4.98676e+08 0
4.98776e+08 0
4.99279e+08 0
4.9929e+08 0
4.99391e+08 0
4.99425e+08 0
4.99469e+08 0
4.99503e+08 0
4.99525e+08 0
4.99536e+08 0
4.99548e+08 0
4.99581e+08 0
4.99626e+08 0
4.99682e+08 0
4.99805e+08 0
4.99816e+08 0
4.99861e+08 0
5.15283e+08 0
5.15328e+08 0
5.1668e+08 0
5.17027e+08 0
5.17116e+08 0
5.18368e+08 0
5.18457e+08 0
5.18547e+08 0
5.1858e+08 0
5.19374e+08 0
5.20022e+08 0
5.20167e+08 0
5.20391e+08 0
5.20693e+08 0
5.2086e+08 0
5.20994e+08 0
5.21162e+08 0
5.21352e+08 0
5.21687e+08 0
5.21766e+08 0
5.22e+08 0
5.22146e+08 0
5.22257e+08 0
5.22369e+08 0
5.2257e+08 0
5.22861e+08 0
5.22939e+08 0
5.22995e+08 0
5.23353e+08 0
5.23386e+08 0
5.2342e+08 0
5.23465e+08 0
5.23565e+08 0
5.23599e+08 0
5.23666e+08 0
5.23711e+08 0
5.23733e+08 0
5.238e+08 0
5.23901e+08 0
5.23923e+08 0
5.24057e+08 0
5.39565e+08 0
5.39705e+08 0
5.40868e+08 0
5.41974e+08 0
5.42041e+08 0
5.42712e+08 0
5.42812e+08 0
5.42868e+08 0
5.42935e+08 0
5.44008e+08 0
5.44265e+08 0
5.44377e+08 0
5.44623e+08 0
5.44891e+08 0
5.4507e+08 0
5.45193e+08 0
5.45327e+08 0
5.45506e+08 0
5.45651e+08 0
5.45819e+08 0
5.46031e+08 0
5.46221e+08 0
5.464e+08 0
5.46579e+08 0
5.46758e+08 0
5.46914e+08 0
5.47048e+08 0
5.47182e+08 0
5.47876e+08 0
5.47887e+08 0
5.47965e+08 0
5.47998e+08 0
5.48122e+08 0
5.48155e+08 0
5.48177e+08 0
5.48233e+08 0
5.48278e+08 0
5.48323e+08 0
5.48401e+08 0
5.48569e+08 0
5.48602e+08 0
5.48736e+08 0
5.64487e+08 0
5.64601e+08 0
5.65511e+08 0
5.67064e+08 0
5.67142e+08 0
5.67679e+08 0
5.67779e+08 0
5.67869e+08 0
5.68182e+08 0
5.68987e+08 0
5.69087e+08 0
5.6921e+08 0
5.69333e+08 0
5.69479e+08 0
5.69613e+08 0
5.6987e+08 0
5.70015e+08 0
5.70149e+08 0
5.70328e+08 0
5.70462e+08 0
5.7063e+08 0
5.70954e+08 0
5.71501e+08 0
5.71949e+08 0
5.72161e+08 0
5.72373e+08 0
5.72429e+08 0
5.7253e+08 0
5.72977e+08 0
5.7301e+08 0
5.73055e+08 0
5.73122e+08 0
5.73144e+08 0
5.73223e+08 0
5.73256e+08 0
5.73279e+08 0
5.73357e+08 0
5.73435e+08 0
5.73636e+08 0
5.73692e+08 0
5.73793e+08 0
5.73949e+08 0
5.74016e+08 0
5.90046e+08 0
5.9018e+08 0
5.90728e+08 0
5.9236e+08 0
5.92438e+08 0
5.92718e+08 0
5.92919e+08 0
5.93299e+08 0
5.93701e+08 0
5.94797e+08 0
5.95054e+08 0
5.95132e+08 0
5.95322e+08 0
5.95423e+08 0
5.95557e+08 0
5.95669e+08 0
5.9616e+08 0
5.96227e+08 0
5.9635e+08 0
5.96775e+08 0
5.96943e+08 0
5.97077e+08 0
5.97222e+08 0
5.97904e+08 0
5.97971e+08 0
5.9815e+08 0
5.9825e+08 0
5.98317e+08 0
5.98608e+08 0
5.98664e+08 0
5.98697e+08 0
5.9872e+08 0
5.98742e+08 0
5.98765e+08 0
5.98865e+08 0
5.9891e+08 0
5.99033e+08 0
5.99111e+08 0
5.99245e+08 0
5.99424e+08 0
5.9948e+08 0
5.99569e+08 0
5.99614e+08 0
5.99748e+08 0
6.14994e+08 0
6.15016e+08 0
6.15039e+08 0
