502449 0
1.09477e+06 0
1.68709e+06 0
2.27941e+06 0
2.87174e+06 0
3.46407e+06 0
4.05644e+06 0
4.64882e+06 0
5.24131e+06 0
5.83397e+06 0
6.42697e+06 0
7.12124e+06 0
8.00369e+06 0
8.0261e+06 0
9.88255e+06 0
9.91608e+06 0
1.1128e+07 0
1.11615e+07 0
1.12062e+07 0
1.39342e+07 0
1.39901e+07 0
1.40572e+07 0
1.41354e+07 0
1.60569e+07 0
1.62916e+07 0
1.67275e+07 0
1.68952e+07 0
1.69063e+07 0
1.9793e+07 0
2.02401e+07 0
2.08324e+07 0
2.10001e+07 0
2.11007e+07 0
2.11678e+07 0
2.39292e+07 0
2.42087e+07 0
2.46222e+07 0
2.47451e+07 0
2.48345e+07 0
2.48681e+07 0
2.48793e+07 0
2.82817e+07 0
2.83487e+07 0
2.85387e+07 0
2.88182e+07 0
2.88517e+07 0
2.89076e+07 0
2.89746e+07 0
3.26855e+07 0
3.2719e+07 0
3.31661e+07 0
3.32891e+07 0
3.34008e+07 0
3.34679e+07 0
3.36914e+07 0
3.37473e+07 0
3.75063e+07 0
3.75733e+07 0
3.76292e+07 0
3.90933e+07 0
3.91268e+07 0
3.91715e+07 0
3.92051e+07 0
3.92386e+07 0
3.92833e+07 0
4.33213e+07 0
4.3366e+07 0
4.34219e+07 0
4.44724e+07 0
4.45395e+07 0
4.45842e+07 0
4.48413e+07 0
4.49307e+07 0
4.50983e+07 0
4.5143e+07 0
4.99471e+07 0
4.99918e+07 0
5.00701e+07 0
5.10313e+07 0
5.11319e+07 0
5.11877e+07 0
5.12548e+07 0
5.14448e+07 0
5.15007e+07 0
5.18025e+07 0
5.18472e+07 0
5.73109e+07 0
5.73668e+07 0
5.75568e+07 0
5.81157e+07 0
5.81939e+07 0
5.82833e+07 0
5.84063e+07 0
5.85069e+07 0
5.86298e+07 0
5.88869e+07 0
5.91328e+07 0
5.91775e+07 0
6.46916e+07 0
6.47028e+07 0
6.4904e+07 0
6.53846e+07 0
6.54181e+07 0
6.5474e+07 0
6.55411e+07 0
6.56081e+07 0
6.56528e+07 0
6.56975e+07 0
6.57758e+07 0
6.59211e+07 0
6.59882e+07 0
7.30565e+07 0
7.31348e+07 0
7.32018e+07 0
7.36936e+07 0
7.38948e+07 0
7.39954e+07 0
7.40513e+07 0
7.41183e+07 0
7.41854e+07 0
7.42189e+07 0
7.42636e+07 0
7.45878e+07 0
7.47219e+07 0
7.4789e+07 0
8.16443e+07 0
8.16666e+07 0
8.16778e+07 0
8.2829e+07 0
8.28514e+07 0
8.28849e+07 0
8.29296e+07 0
8.29743e+07 0
8.30414e+07 0
8.31308e+07 0
8.31978e+07 0
8.32761e+07 0
8.41255e+07 0
8.43154e+07 0
8.44161e+07 0
9.14711e+07 0
9.15605e+07 0
9.15941e+07 0
9.21753e+07 0
9.22758e+07 0
9.241e+07 0
9.25329e+07 0
9.26335e+07 0
9.27117e+07 0
9.28459e+07 0
9.298e+07 0
9.31476e+07 0
9.32594e+07 0
9.33935e+07 0
9.35388e+07 0
9.4567e+07 0
1.0186e+08 0
1.01938e+08 0
1.02005e+08 0
1.02162e+08 0
1.0224e+08 0
1.02307e+08 0
1.02385e+08 0
1.0253e+08 0
1.02642e+08 0
1.02765e+08 0
1.02866e+08 0
1.02989e+08 0
1.03168e+08 0
1.03279e+08 0
1.03369e+08 0
1.03514e+08 0
1.03939e+08 0
1.12138e+08 0
1.12272e+08 0
1.12339e+08 0
1.12462e+08 0
1.12551e+08 0
1.12641e+08 0
1.12775e+08 0
1.12886e+08 0
1.12976e+08 0
1.13088e+08 0
1.13244e+08 0
1.13401e+08 0
1.13546e+08 0
1.13691e+08 0
1.13814e+08 0
1.13993e+08 0
1.14127e+08 0
1.14731e+08 0
1.23528e+08 0
1.23595e+08 0
1.23707e+08 0
1.24176e+08 0
1.24299e+08 0
1.24422e+08 0
1.24534e+08 0
1.24657e+08 0
1.24802e+08 0
1.24925e+08 0
1.25104e+08 0
1.25238e+08 0
1.25361e+08 0
1.25797e+08 0
1.25931e+08 0
1.26065e+08 0
1.26166e+08 0
1.26266e+08 0
1.26389e+08 0
1.3499e+08 0
1.35102e+08 0
1.35281e+08 0
1.36667e+08 0
1.36857e+08 0
1.37002e+08 0
1.37226e+08 0
1.37427e+08 0
1.37684e+08 0
1.37874e+08 0
1.38064e+08 0
1.38511e+08 0
1.38634e+08 0
1.38924e+08 0
1.39047e+08 0
1.39148e+08 0
1.39215e+08 0
1.39282e+08 0
1.39327e+08 0
1.3936e+08 0
1.47725e+08 0
1.47848e+08 0
1.47949e+08 0
1.49111e+08 0
1.49212e+08 0
1.49335e+08 0
1.50083e+08 0
1.5024e+08 0
1.50374e+08 0
1.50564e+08 0
1.50743e+08 0
1.50944e+08 0
1.51112e+08 0
1.51324e+08 0
1.51436e+08 0
1.51559e+08 0
1.51715e+08 0
1.51782e+08 0
1.51849e+08 0
1.51894e+08 0
1.51939e+08 0
1.60443e+08 0
1.60588e+08 0
1.60711e+08 0
1.61504e+08 0
1.6175e+08 0
1.61963e+08 0
1.627e+08 0
1.62846e+08 0
1.63024e+08 0
1.63237e+08 0
1.63427e+08 0
1.63628e+08 0
1.64131e+08 0
1.64243e+08 0
1.64377e+08 0
1.645e+08 0
1.64734e+08 0
1.6488e+08 0
1.6498e+08 0
1.65081e+08 0
1.65159e+08 0
1.65237e+08 0
1.72585e+08 0
1.73267e+08 0
1.73345e+08 0
1.7406e+08 0
1.74228e+08 0
1.74474e+08 0
1.752e+08 0
1.75312e+08 0
1.75446e+08 0
1.75636e+08 0
1.75837e+08 0
1.76038e+08 0
1.76944e+08 0
1.77156e+08 0
1.77335e+08 0
1.77447e+08 0
1.77681e+08 0
1.77771e+08 0
1.78006e+08 0
1.78151e+08 0
1.78218e+08 0
1.78263e+08 0
1.866e+08 0
1.86678e+08 0
1.87002e+08 0
1.87215e+08 0
1.88444e+08 0
1.88612e+08 0
1.88802e+08 0
1.89092e+08 0
1.8926e+08 0
1.89472e+08 0
1.89808e+08 0
1.90244e+08 0
1.90445e+08 0
1.91037e+08 0
1.91171e+08 0
1.91306e+08 0
1.9144e+08 0
1.91898e+08 0
1.9192e+08 0
1.92021e+08 0
1.92054e+08 0
1.92099e+08 0
1.92177e+08 0
2.01079e+08 0
2.01191e+08 0
2.01258e+08 0
2.01951e+08 0
2.02387e+08 0
2.02476e+08 0
2.02611e+08 0
2.02789e+08 0
2.02935e+08 0
2.03091e+08 0
2.03315e+08 0
2.03784e+08 0
2.03929e+08 0
2.04064e+08 0
2.04701e+08 0
2.05103e+08 0
2.05807e+08 0
2.05852e+08 0
2.06277e+08 0
2.06366e+08 0
2.06556e+08 0
2.06601e+08 0
2.06634e+08 0
2.06746e+08 0
2.16881e+08 0
2.16993e+08 0
2.1715e+08 0
2.17284e+08 0
2.17373e+08 0
2.17485e+08 0
2.17586e+08 0
2.17887e+08 0
2.18055e+08 0
2.18502e+08 0
2.18647e+08 0
2.18837e+08 0
2.19061e+08 0
2.19262e+08 0
2.1943e+08 0
2.19608e+08 0
2.19765e+08 0
2.20547e+08 0
2.20737e+08 0
2.21307e+08 0
2.21375e+08 0
2.21475e+08 0
2.21509e+08 0
2.21598e+08 0
2.2171e+08 0
2.32208e+08 0
2.32453e+08 0
2.32565e+08 0
2.33415e+08 0
2.33605e+08 0
2.33806e+08 0
2.33985e+08 0
2.34175e+08 0
2.34353e+08 0
2.34521e+08 0
2.34678e+08 0
2.348e+08 0
2.34923e+08 0
2.35046e+08 0
2.3518e+08 0
2.35281e+08 0
2.3537e+08 0
2.35471e+08 0
2.35929e+08 0
2.36008e+08 0
2.36846e+08 0
2.36891e+08 0
2.36924e+08 0
2.36958e+08 0
2.3698e+08 0
2.37058e+08 0
2.48643e+08 0
2.49247e+08 0
2.4956e+08 0
2.49817e+08 0
2.49995e+08 0
2.50409e+08 0
2.50554e+08 0
2.50699e+08 0
2.50822e+08 0
2.50923e+08 0
2.51113e+08 0
2.51303e+08 0
2.51471e+08 0
2.51661e+08 0
2.51761e+08 0
2.51884e+08 0
2.52018e+08 0
2.52108e+08 0
2.52208e+08 0
2.52465e+08 0
2.52544e+08 0
2.52991e+08 0
2.53047e+08 0
2.53102e+08 0
2.53136e+08 0
2.53158e+08 0
2.53181e+08 0
2.65346e+08 0
2.6596e+08 0
2.6643e+08 0
2.66642e+08 0
2.66855e+08 0
2.67022e+08 0
2.67223e+08 0
2.67536e+08 0
2.6767e+08 0
2.67816e+08 0
2.67983e+08 0
2.68129e+08 0
2.68274e+08 0
2.68397e+08 0
2.68687e+08 0
2.68766e+08 0
2.68822e+08 0
2.68889e+08 0
2.69123e+08 0
2.69213e+08 0
2.6938e+08 0
2.69436e+08 0
2.69615e+08 0
2.6966e+08 0
2.69727e+08 0
2.69805e+08 0
2.6985e+08 0
2.69973e+08 0
2.82713e+08 0
2.8306e+08 0
2.83305e+08 0
2.83551e+08 0
2.83987e+08 0
2.84211e+08 0
2.8458e+08 0
2.84781e+08 0
2.84937e+08 0
2.85105e+08 0
2.85272e+08 0
2.8544e+08 0
2.8553e+08 0
2.85664e+08 0
2.85842e+08 0
2.86021e+08 0
2.86088e+08 0
2.86178e+08 0
2.86245e+08 0
2.86446e+08 0
2.86535e+08 0
2.86614e+08 0
2.86725e+08 0
2.86882e+08 0
2.86927e+08 0
2.86994e+08 0
2.87128e+08 0
2.87229e+08 0
2.87329e+08 0
3.00687e+08 0
3.00888e+08 0
3.01067e+08 0
3.01279e+08 0
3.01458e+08 0
3.01626e+08 0
3.01827e+08 0
3.02542e+08 0
3.02721e+08 0
3.02889e+08 0
3.03068e+08 0
3.03213e+08 0
3.03347e+08 0
3.0366e+08 0
3.03783e+08 0
3.03895e+08 0
3.04006e+08 0
3.04118e+08 0
3.0423e+08 0
3.04331e+08 0
3.0442e+08 0
3.04498e+08 0
3.04576e+08 0
3.04778e+08 0
3.04834e+08 0
3.04901e+08 0
3.04945e+08 0
3.05169e+08 0
3.05314e+08 0
3.0537e+08 0
3.18871e+08 0
3.19016e+08 0
3.19206e+08 0
3.19396e+08 0
3.19542e+08 0
3.19709e+08 0
3.19888e+08 0
3.20391e+08 0
3.20559e+08 0
3.2114e+08 0
3.21319e+08 0
3.21732e+08 0
3.219e+08 0
3.22034e+08 0
3.22425e+08 0
3.22537e+08 0
3.22649e+08 0
3.22738e+08 0
3.22827e+08 0
3.22906e+08 0
3.23006e+08 0
3.2314e+08 0
3.23207e+08 0
3.23263e+08 0
3.23297e+08 0
3.23464e+08 0
3.23487e+08 0
3.23509e+08 0
3.23744e+08 0
3.23889e+08 0
3.23912e+08 0
3.37799e+08 0
3.37978e+08 0
3.38123e+08 0
3.38325e+08 0
3.38515e+08 0
3.38682e+08 0
3.38861e+08 0
3.39096e+08 0
3.39275e+08 0
3.39711e+08 0
3.39968e+08 0
3.40158e+08 0
3.40359e+08 0
3.41052e+08 0
3.41163e+08 0
3.41275e+08 0
3.41376e+08 0
3.41566e+08 0
3.41756e+08 0
3.41834e+08 0
3.41991e+08 0
3.4208e+08 0
3.42181e+08 0
3.42337e+08 0
3.42404e+08 0
3.42449e+08 0
3.42639e+08 0
3.42695e+08 0
3.42762e+08 0
3.42941e+08 0
3.4312e+08 0
3.43187e+08 0
3.56855e+08 0
3.57034e+08 0
3.5757e+08 0
3.57749e+08 0
3.5795e+08 0
3.5814e+08 0
3.58297e+08 0
3.58732e+08 0
3.58945e+08 0
3.59336e+08 0
3.59515e+08 0
3.59671e+08 0
3.60096e+08 0
3.60241e+08 0
3.60766e+08 0
3.60878e+08 0
3.61057e+08 0
3.61202e+08 0
3.61303e+08 0
3.61515e+08 0
3.61594e+08 0
3.61761e+08 0
3.61862e+08 0
3.62018e+08 0
3.62063e+08 0
3.6213e+08 0
3.62164e+08 0
3.62275e+08 0
3.62354e+08 0
3.62432e+08 0
3.627e+08 0
3.62835e+08 0
3.62879e+08 0
3.76996e+08 0
3.77141e+08 0
3.77376e+08 0
3.77532e+08 0
3.77666e+08 0
3.7789e+08 0
3.78069e+08 0
3.7827e+08 0
3.78605e+08 0
3.78952e+08 0
3.79086e+08 0
3.79276e+08 0
3.79857e+08 0
3.80036e+08 0
3.80203e+08 0
3.80371e+08 0
3.80528e+08 0
3.80718e+08 0
3.81053e+08 0
3.81567e+08 0
3.81925e+08 0
3.81969e+08 0
3.82003e+08 0
3.82171e+08 0
3.82316e+08 0
3.82349e+08 0
3.82394e+08 0
3.82484e+08 0
3.82662e+08 0
3.82718e+08 0
3.82987e+08 0
3.83121e+08 0
3.83233e+08 0
3.83278e+08 0
3.97292e+08 0
3.97448e+08 0
3.97549e+08 0
3.97672e+08 0
3.97851e+08 0
3.9813e+08 0
3.98309e+08 0
3.98499e+08 0
3.98689e+08 0
3.99941e+08 0
4.00153e+08 0
4.00388e+08 0
4.00634e+08 0
4.00734e+08 0
4.00879e+08 0
4.01181e+08 0
4.01304e+08 0
4.01349e+08 0
4.01751e+08 0
4.01874e+08 0
4.02321e+08 0
4.02511e+08 0
4.02601e+08 0
4.02668e+08 0
4.02835e+08 0
4.03092e+08 0
4.03204e+08 0
4.03238e+08 0
4.03305e+08 0
4.03595e+08 0
4.03607e+08 0
4.04065e+08 0
4.0411e+08 0
4.04155e+08 0
4.04188e+08 0
4.18473e+08 0
4.18652e+08 0
4.18741e+08 0
4.19076e+08 0
4.19266e+08 0
4.19401e+08 0
4.19434e+08 0
4.19524e+08 0
4.19658e+08 0
4.19781e+08 0
4.20094e+08 0
4.20228e+08 0
4.20429e+08 0
4.2063e+08 0
4.2082e+08 0
4.21166e+08 0
4.21379e+08 0
4.2158e+08 0
4.21781e+08 0
4.21982e+08 0
4.22183e+08 0
4.22407e+08 0
4.22698e+08 0
4.23055e+08 0
4.23324e+08 0
4.23525e+08 0
4.24318e+08 0
4.24464e+08 0
4.24687e+08 0
4.24732e+08 0
4.25056e+08 0
4.25145e+08 0
4.25649e+08 0
4.2566e+08 0
4.25705e+08 0
4.25783e+08 0
4.39742e+08 0
4.39865e+08 0
4.40088e+08 0
4.40379e+08 0
4.40602e+08 0
4.40837e+08 0
4.40915e+08 0
4.41038e+08 0
4.41195e+08 0
4.4134e+08 0
4.41497e+08 0
4.41631e+08 0
4.41776e+08 0
4.41944e+08 0
4.42145e+08 0
4.42346e+08 0
4.42625e+08 0
4.42882e+08 0
4.43128e+08 0
4.43408e+08 0
4.43911e+08 0
4.44101e+08 0
4.44324e+08 0
4.4457e+08 0
4.44972e+08 0
4.45386e+08 0
4.4552e+08 0
4.46168e+08 0
4.46381e+08 0
4.46671e+08 0
4.46772e+08 0
4.47342e+08 0
4.47387e+08 0
4.47935e+08 0
4.47968e+08 0
4.48024e+08 0
4.48102e+08 0
4.61951e+08 0
4.62063e+08 0
4.62153e+08 0
4.62309e+08 0
4.62398e+08 0
4.62533e+08 0
4.62678e+08 0
4.63326e+08 0
4.63438e+08 0
4.63594e+08 0
4.63728e+08 0
4.63863e+08 0
4.6403e+08 0
4.64175e+08 0
4.645e+08 0
4.64645e+08 0
4.64991e+08 0
4.65148e+08 0
4.65461e+08 0
4.65628e+08 0
4.6602e+08 0
4.66176e+08 0
4.66455e+08 0
4.66623e+08 0
4.66992e+08 0
4.6764e+08 0
4.68098e+08 0
4.6821e+08 0
4.68993e+08 0
4.69093e+08 0
4.69719e+08 0
4.69775e+08 0
4.70144e+08 0
4.70189e+08 0
4.70647e+08 0
4.70703e+08 0
4.70714e+08 0
4.70737e+08 0
4.85002e+08 0
4.85114e+08 0
4.85292e+08 0
4.85438e+08 0
4.85572e+08 0
4.8584e+08 0
4.86131e+08 0
4.86678e+08 0
4.86913e+08 0
4.86991e+08 0
4.87081e+08 0
4.8717e+08 0
4.87259e+08 0
4.87371e+08 0
4.87986e+08 0
4.88455e+08 0
4.8878e+08 0
4.8897e+08 0
4.89227e+08 0
4.89372e+08 0
4.89517e+08 0
4.89696e+08 0
4.89852e+08 0
4.90691e+08 0
4.90847e+08 0
4.9097e+08 0
4.91149e+08 0
4.91406e+08 0
4.9154e+08 0
4.9249e+08 0
4.92557e+08 0
4.93049e+08 0
4.93138e+08 0
4.93641e+08 0
4.93664e+08 0
4.93876e+08 0
4.93966e+08 0
4.94055e+08 0
4.94122e+08 0
5.09012e+08 0
5.09146e+08 0
5.09247e+08 0
5.09336e+08 0
5.09459e+08 0
5.09649e+08 0
5.09749e+08 0
5.10342e+08 0
5.11001e+08 0
5.11147e+08 0
5.11258e+08 0
5.11337e+08 0
5.11448e+08 0
5.11851e+08 0
5.1232e+08 0
5.13047e+08 0
5.13114e+08 0
5.13237e+08 0
5.13337e+08 0
5.14254e+08 0
5.14611e+08 0
5.14801e+08 0
5.14902e+08 0
5.16031e+08 0
5.16109e+08 0
5.16232e+08 0
5.16332e+08 0
5.164e+08 0
5.16522e+08 0
5.16578e+08 0
5.16813e+08 0
5.16891e+08 0
5.17014e+08 0
5.1707e+08 0
5.1764e+08 0
5.17685e+08 0
5.17786e+08 0
5.17819e+08 0
5.17853e+08 0
5.17864e+08 0
5.33497e+08 0
5.33664e+08 0
5.33821e+08 0
5.34033e+08 0
5.34201e+08 0
5.34391e+08 0
5.34804e+08 0
5.3514e+08 0
5.3581e+08 0
5.35944e+08 0
5.36146e+08 0
5.36313e+08 0
5.36705e+08 0
5.37219e+08 0
5.37844e+08 0
5.38482e+08 0
5.38638e+08 0
5.38772e+08 0
5.38895e+08 0
5.39566e+08 0
5.39834e+08 0
5.40013e+08 0
5.40191e+08 0
5.40348e+08 0
5.40538e+08 0
5.40639e+08 0
5.40739e+08 0
5.40829e+08 0
5.41052e+08 0
5.41387e+08 0
5.41477e+08 0
5.41611e+08 0
5.41644e+08 0
5.41689e+08 0
5.41734e+08 0
5.42181e+08 0
5.42215e+08 0
5.42393e+08 0
5.42427e+08 0
5.42472e+08 0
5.42516e+08 0
5.58749e+08 0
5.5895e+08 0
5.59196e+08 0
5.5933e+08 0
5.59408e+08 0
5.59732e+08 0
5.60559e+08 0
5.60671e+08 0
5.60805e+08 0
5.60917e+08 0
5.61152e+08 0
5.61442e+08 0
5.61856e+08 0
5.62046e+08 0
5.62381e+08 0
5.62716e+08 0
5.62862e+08 0
5.63052e+08 0
5.63208e+08 0
5.63823e+08 0
5.63901e+08 0
5.64181e+08 0
5.64315e+08 0
5.65086e+08 0
5.6522e+08 0
5.65388e+08 0
5.65533e+08 0
5.65712e+08 0
5.65846e+08 0
5.65935e+08 0
5.66382e+08 0
5.66438e+08 0
5.66516e+08 0
5.66561e+08 0
5.66606e+08 0
5.66707e+08 0
5.67321e+08 0
5.67388e+08 0
5.675e+08 0
5.67601e+08 0
5.67623e+08 0
5.67668e+08 0
5.84507e+08 0
5.8463e+08 0
5.84786e+08 0
5.84898e+08 0
5.85043e+08 0
5.85725e+08 0
5.86071e+08 0
5.86261e+08 0
5.86362e+08 0
5.86396e+08 0
5.86865e+08 0
5.87133e+08 0
5.87267e+08 0
5.87625e+08 0
5.87793e+08 0
5.88117e+08 0
5.88441e+08 0
5.8862e+08 0
5.88765e+08 0
5.88899e+08 0
5.89078e+08 0
5.89268e+08 0
5.89447e+08 0
5.8995e+08 0
5.90128e+08 0
5.90318e+08 0
5.90453e+08 0
5.90598e+08 0
5.90799e+08 0
5.90933e+08 0
5.9109e+08 0
5.91291e+08 0
5.9138e+08 0
5.9147e+08 0
5.91548e+08 0
5.91716e+08 0
5.91894e+08 0
5.92856e+08 0
5.93057e+08 0
5.93135e+08 0
5.9318e+08 0
5.93202e+08 0
5.93236e+08 0
6.11065e+08 0
6.11244e+08 0
6.11378e+08 0
6.11512e+08 0
6.11613e+08 0
6.12116e+08 0
6.1225e+08 0
6.12686e+08 0
6.12775e+08 0
6.12887e+08 0
6.1311e+08 0
6.13211e+08 0
6.13356e+08 0
6.13658e+08 0
6.1377e+08 0
6.13882e+08 0
6.14005e+08 0
6.1425e+08 0
6.14396e+08 0
6.14541e+08 0
6.14698e+08 0
6.15078e+08 0
6.15301e+08 0
6.1624e+08 0
6.17022e+08 0
6.17212e+08 0
6.17358e+08 0
6.17469e+08 0
6.1786e+08 0
6.18073e+08 0
6.18129e+08 0
6.18375e+08 0
6.18442e+08 0
6.1852e+08 0
6.18609e+08 0
6.18777e+08 0
6.18866e+08 0
6.18956e+08 0
6.1928e+08 0
6.19347e+08 0
6.19414e+08 0
6.19459e+08 0
6.19649e+08 0
6.19761e+08 0
6.27751e+08 0
6.27774e+08 0
6.27796e+08 0
