366111 0
958432 0
1.55075e+06 0
2.14307e+06 0
2.7354e+06 0
3.32773e+06 0
3.93128e+06 0
4.51251e+06 0
5.105e+06 0
5.69766e+06 0
6.29067e+06 0
6.95142e+06 0
8.08092e+06 0
8.09212e+06 0
9.03288e+06 0
9.07759e+06 0
1.16869e+07 0
1.17317e+07 0
1.17652e+07 0
1.38562e+07 0
1.39568e+07 0
1.39792e+07 0
1.40127e+07 0
1.66296e+07 0
1.68307e+07 0
1.68419e+07 0
1.68531e+07 0
1.68755e+07 0
2.02191e+07 0
2.02526e+07 0
2.02638e+07 0
2.0275e+07 0
2.02862e+07 0
2.02974e+07 0
2.39989e+07 0
2.40101e+07 0
2.40436e+07 0
2.40771e+07 0
2.42784e+07 0
2.42895e+07 0
2.43007e+07 0
2.82039e+07 0
2.82263e+07 0
2.83269e+07 0
2.83604e+07 0
2.8461e+07 0
2.84834e+07 0
2.85057e+07 0
3.2677e+07 0
3.26881e+07 0
3.26993e+07 0
3.28223e+07 0
3.28447e+07 0
3.29676e+07 0
3.299e+07 0
3.30235e+07 0
3.7754e+07 0
3.78099e+07 0
3.78546e+07 0
3.78769e+07 0
3.81117e+07 0
3.81229e+07 0
3.819e+07 0
3.82235e+07 0
3.82458e+07 0
4.32103e+07 0
4.32438e+07 0
4.32885e+07 0
4.33221e+07 0
4.33668e+07 0
4.37357e+07 0
4.38139e+07 0
4.38251e+07 0
4.38363e+07 0
4.38474e+07 0
4.94646e+07 0
4.94982e+07 0
4.95205e+07 0
4.95652e+07 0
4.96099e+07 0
4.96547e+07 0
5.01466e+07 0
5.0169e+07 0
5.01914e+07 0
5.02137e+07 0
5.02473e+07 0
5.62642e+07 0
5.62977e+07 0
5.63089e+07 0
5.63313e+07 0
5.63648e+07 0
5.63984e+07 0
5.6868e+07 0
5.68792e+07 0
5.69462e+07 0
5.69686e+07 0
5.70021e+07 0
5.70692e+07 0
6.37513e+07 0
6.37849e+07 0
6.37961e+07 0
6.38073e+07 0
6.38296e+07 0
6.38743e+07 0
6.42769e+07 0
6.42881e+07 0
6.42993e+07 0
6.43105e+07 0
6.43216e+07 0
6.4344e+07 0
6.43775e+07 0
7.15682e+07 0
7.1613e+07 0
7.16577e+07 0
7.17359e+07 0
7.17471e+07 0
7.17695e+07 0
7.21944e+07 0
7.22056e+07 0
7.22168e+07 0
7.2228e+07 0
7.22616e+07 0
7.23063e+07 0
7.23398e+07 0
7.23733e+07 0
8.0058e+07 0
8.00692e+07 0
8.01362e+07 0
8.01698e+07 0
8.01921e+07 0
8.02145e+07 0
8.09524e+07 0
8.09748e+07 0
8.10084e+07 0
8.10419e+07 0
8.10642e+07 0
8.10866e+07 0
8.11201e+07 0
8.11425e+07 0
8.1176e+07 0
8.91311e+07 0
8.91423e+07 0
8.91646e+07 0
8.91982e+07 0
8.92094e+07 0
8.92206e+07 0
9.01037e+07 0
9.01821e+07 0
9.01933e+07 0
9.02268e+07 0
9.0238e+07 0
9.02603e+07 0
9.02715e+07 0
9.02938e+07 0
9.03162e+07 0
9.03386e+07 0
9.90058e+07 0
9.90169e+07 0
9.90281e+07 0
9.90393e+07 0
9.90616e+07 0
9.9084e+07 0
9.98665e+07 0
1.0009e+08 0
1.00113e+08 0
1.00135e+08 0
1.00146e+08 0
1.00157e+08 0
1.00191e+08 0
1.00213e+08 0
1.00224e+08 0
1.00236e+08 0
1.00258e+08 0
1.09372e+08 0
1.09383e+08 0
1.09395e+08 0
1.09406e+08 0
1.09417e+08 0
1.09428e+08 0
1.10233e+08 0
1.10434e+08 0
1.10457e+08 0
1.10468e+08 0
1.10479e+08 0
1.1049e+08 0
1.10513e+08 0
1.10535e+08 0
1.10557e+08 0
1.1058e+08 0
1.10591e+08 0
1.10613e+08 0
1.20399e+08 0
1.20421e+08 0
1.20443e+08 0
1.20466e+08 0
1.2051e+08 0
1.20544e+08 0
1.2126e+08 0
1.21483e+08 0
1.21505e+08 0
1.21528e+08 0
1.21651e+08 0
1.21673e+08 0
1.21696e+08 0
1.21729e+08 0
1.21751e+08 0
1.21774e+08 0
1.21796e+08 0
1.21841e+08 0
1.21886e+08 0
1.31948e+08 0
1.3197e+08 0
1.31993e+08 0
1.32015e+08 0
1.32026e+08 0
1.32037e+08 0
1.32731e+08 0
1.32842e+08 0
1.32865e+08 0
1.32876e+08 0
1.33144e+08 0
1.33166e+08 0
1.332e+08 0
1.33334e+08 0
1.33424e+08 0
1.33468e+08 0
1.33491e+08 0
1.33513e+08 0
1.33524e+08 0
1.33535e+08 0
1.44181e+08 0
1.44192e+08 0
1.44203e+08 0
1.44215e+08 0
1.44226e+08 0
1.44259e+08 0
1.44751e+08 0
1.44986e+08 0
1.44997e+08 0
1.4502e+08 0
1.45254e+08 0
1.45299e+08 0
1.45321e+08 0
1.45489e+08 0
1.4559e+08 0
1.45623e+08 0
1.45646e+08 0
1.45668e+08 0
1.45769e+08 0
1.45802e+08 0
1.45825e+08 0
1.56999e+08 0
1.5701e+08 0
1.57021e+08 0
1.57033e+08 0
1.57044e+08 0
1.57055e+08 0
1.57424e+08 0
1.57491e+08 0
1.57581e+08 0
1.57614e+08 0
1.57827e+08 0
1.57994e+08 0
1.58017e+08 0
1.58162e+08 0
1.58274e+08 0
1.58352e+08 0
1.58374e+08 0
1.58408e+08 0
1.58531e+08 0
1.58564e+08 0
1.58609e+08 0
1.58631e+08 0
1.7006e+08 0
1.70071e+08 0
1.70105e+08 0
1.70127e+08 0
1.70138e+08 0
1.70149e+08 0
1.70418e+08 0
1.7053e+08 0
1.70608e+08 0
1.7063e+08 0
1.70809e+08 0
1.70921e+08 0
1.70943e+08 0
1.70988e+08 0
1.71144e+08 0
1.71178e+08 0
1.71234e+08 0
1.71267e+08 0
1.71379e+08 0
1.71402e+08 0
1.71435e+08 0
1.71502e+08 0
1.83483e+08 0
1.83505e+08 0
1.83516e+08 0
1.83527e+08 0
1.83538e+08 0
1.83572e+08 0
1.83594e+08 0
1.83908e+08 0
1.8393e+08 0
1.83997e+08 0
1.84042e+08 0
1.84299e+08 0
1.84377e+08 0
1.84388e+08 0
1.84411e+08 0
1.84466e+08 0
1.84478e+08 0
1.84511e+08 0
1.84545e+08 0
1.84656e+08 0
1.84757e+08 0
1.84791e+08 0
1.84813e+08 0
1.97593e+08 0
1.97604e+08 0
1.97615e+08 0
1.97626e+08 0
1.97649e+08 0
1.97682e+08 0
1.97738e+08 0
1.97772e+08 0
1.98006e+08 0
1.98174e+08 0
1.98197e+08 0
1.98208e+08 0
1.98342e+08 0
1.98387e+08 0
1.98409e+08 0
1.98442e+08 0
1.98465e+08 0
1.98498e+08 0
1.98565e+08 0
1.98621e+08 0
1.9889e+08 0
1.98957e+08 0
1.98968e+08 0
1.98979e+08 0
2.12219e+08 0
2.1223e+08 0
2.12241e+08 0
2.12253e+08 0
2.12264e+08 0
2.12275e+08 0
2.12309e+08 0
2.12409e+08 0
2.12432e+08 0
2.12745e+08 0
2.12879e+08 0
2.12924e+08 0
2.12935e+08 0
2.1298e+08 0
2.12991e+08 0
2.13035e+08 0
2.13047e+08 0
2.13102e+08 0
2.13158e+08 0
2.13203e+08 0
2.13248e+08 0
2.13527e+08 0
2.13606e+08 0
2.13639e+08 0
2.1365e+08 0
2.2745e+08 0
2.27473e+08 0
2.27506e+08 0
2.2754e+08 0
2.27551e+08 0
2.27585e+08 0
2.2764e+08 0
2.27663e+08 0
2.27719e+08 0
2.27775e+08 0
2.28043e+08 0
2.28121e+08 0
2.28144e+08 0
2.28155e+08 0
2.28177e+08 0
2.28222e+08 0
2.283e+08 0
2.28323e+08 0
2.2839e+08 0
2.2849e+08 0
2.28524e+08 0
2.28546e+08 0
2.28792e+08 0
2.28803e+08 0
2.28826e+08 0
2.28848e+08 0
2.43265e+08 0
2.43276e+08 0
2.43299e+08 0
2.43332e+08 0
2.43366e+08 0
2.43399e+08 0
2.4341e+08 0
2.43422e+08 0
2.43455e+08 0
2.43511e+08 0
2.43533e+08 0
2.43869e+08 0
2.43958e+08 0
2.43981e+08 0
2.44003e+08 0
2.44037e+08 0
2.44048e+08 0
2.44081e+08 0
2.44126e+08 0
2.44193e+08 0
2.44216e+08 0
2.44249e+08 0
2.44283e+08 0
2.44562e+08 0
2.44584e+08 0
2.44607e+08 0
2.44629e+08 0
2.59816e+08 0
2.59827e+08 0
2.59839e+08 0
2.5985e+08 0
2.59894e+08 0
2.59906e+08 0
2.5995e+08 0
2.59973e+08 0
2.59984e+08 0
2.60006e+08 0
2.6004e+08 0
2.60073e+08 0
2.6051e+08 0
2.60566e+08 0
2.60599e+08 0
2.60622e+08 0
2.60644e+08 0
2.60666e+08 0
2.60689e+08 0
2.607e+08 0
2.60756e+08 0
2.60778e+08 0
2.60789e+08 0
2.60801e+08 0
2.60912e+08 0
2.60946e+08 0
2.60979e+08 0
2.61013e+08 0
2.76855e+08 0
2.76877e+08 0
2.76899e+08 0
2.76911e+08 0
2.76933e+08 0
2.76944e+08 0
2.77011e+08 0
2.77056e+08 0
2.77067e+08 0
2.77101e+08 0
2.77112e+08 0
2.77145e+08 0
2.77157e+08 0
2.77615e+08 0
2.77649e+08 0
2.7766e+08 0
2.77683e+08 0
2.77705e+08 0
2.77716e+08 0
2.77761e+08 0
2.77794e+08 0
2.77817e+08 0
2.7785e+08 0
2.77861e+08 0
2.77884e+08 0
2.77906e+08 0
2.7794e+08 0
2.78018e+08 0
2.78051e+08 0
2.9449e+08 0
2.94501e+08 0
2.94602e+08 0
2.94624e+08 0
2.94636e+08 0
2.94647e+08 0
2.94669e+08 0
2.9468e+08 0
2.94692e+08 0
2.94714e+08 0
2.94815e+08 0
2.94837e+08 0
2.94848e+08 0
2.94871e+08 0
2.95217e+08 0
2.95251e+08 0
2.95273e+08 0
2.95374e+08 0
2.95385e+08 0
2.95408e+08 0
2.95486e+08 0
2.95497e+08 0
2.95531e+08 0
2.95564e+08 0
2.95575e+08 0
2.95598e+08 0
2.9562e+08 0
2.95654e+08 0
2.95709e+08 0
2.95732e+08 0
3.12768e+08 0
3.12779e+08 0
3.12835e+08 0
3.12857e+08 0
3.12891e+08 0
3.12902e+08 0
3.12913e+08 0
3.12935e+08 0
3.12958e+08 0
3.1298e+08 0
3.13003e+08 0
3.13047e+08 0
3.13092e+08 0
3.13114e+08 0
3.13159e+08 0
3.1383e+08 0
3.1392e+08 0
3.13931e+08 0
3.13964e+08 0
3.13998e+08 0
3.14009e+08 0
3.14032e+08 0
3.14043e+08 0
3.14065e+08 0
3.14099e+08 0
3.14132e+08 0
3.14177e+08 0
3.14199e+08 0
3.14244e+08 0
3.14356e+08 0
3.14412e+08 0
3.31723e+08 0
3.31746e+08 0
3.31835e+08 0
3.31858e+08 0
3.31869e+08 0
3.31891e+08 0
3.31925e+08 0
3.31947e+08 0
3.31969e+08 0
3.31992e+08 0
3.32036e+08 0
3.32059e+08 0
3.32126e+08 0
3.32137e+08 0
3.32148e+08 0
3.32159e+08 0
3.33099e+08 0
3.3311e+08 0
3.33155e+08 0
3.33233e+08 0
3.33278e+08 0
3.33322e+08 0
3.33401e+08 0
3.33434e+08 0
3.33468e+08 0
3.33501e+08 0
3.33523e+08 0
3.33546e+08 0
3.33557e+08 0
3.33602e+08 0
3.33624e+08 0
3.33658e+08 0
3.51439e+08 0
3.51462e+08 0
3.51506e+08 0
3.51518e+08 0
3.5154e+08 0
3.51574e+08 0
3.51629e+08 0
3.51663e+08 0
3.51808e+08 0
3.51853e+08 0
3.51875e+08 0
3.51898e+08 0
3.51965e+08 0
3.51987e+08 0
3.52032e+08 0
3.52065e+08 0
3.52099e+08 0
3.52848e+08 0
3.5287e+08 0
3.52904e+08 0
3.52937e+08 0
3.52971e+08 0
3.53072e+08 0
3.53105e+08 0
3.53116e+08 0
3.53128e+08 0
3.53139e+08 0
3.5315e+08 0
3.53161e+08 0
3.53172e+08 0
3.53195e+08 0
3.53206e+08 0
3.53217e+08 0
3.72117e+08 0
3.72139e+08 0
3.72318e+08 0
3.7234e+08 0
3.72374e+08 0
3.72396e+08 0
3.72419e+08 0
3.72441e+08 0
3.72486e+08 0
3.72519e+08 0
3.72542e+08 0
3.72553e+08 0
3.72575e+08 0
3.72586e+08 0
3.72597e+08 0
3.7262e+08 0
3.72642e+08 0
3.72653e+08 0
3.73067e+08 0
3.73078e+08 0
3.73089e+08 0
3.73101e+08 0
3.73112e+08 0
3.73145e+08 0
3.73157e+08 0
3.73268e+08 0
3.7328e+08 0
3.73291e+08 0
3.73313e+08 0
3.73336e+08 0
3.73358e+08 0
3.73671e+08 0
3.73682e+08 0
3.73716e+08 0
3.9313e+08 0
3.93152e+08 0
3.93186e+08 0
3.93208e+08 0
3.93242e+08 0
3.93275e+08 0
3.93286e+08 0
3.9332e+08 0
3.93353e+08 0
3.93398e+08 0
3.9342e+08 0
3.93454e+08 0
3.93476e+08 0
3.93499e+08 0
3.9351e+08 0
3.93532e+08 0
3.93543e+08 0
3.93555e+08 0
3.93913e+08 0
3.93924e+08 0
3.93957e+08 0
3.94013e+08 0
3.94159e+08 0
3.94192e+08 0
3.94203e+08 0
3.94494e+08 0
3.94706e+08 0
3.94729e+08 0
3.94762e+08 0
3.94796e+08 0
3.94807e+08 0
3.94829e+08 0
3.95098e+08 0
3.95109e+08 0
3.95142e+08 0
4.1459e+08 0
4.14612e+08 0
4.14635e+08 0
4.14646e+08 0
4.14657e+08 0
4.14668e+08 0
4.1468e+08 0
4.14691e+08 0
4.14702e+08 0
4.14713e+08 0
4.14724e+08 0
4.14747e+08 0
4.14847e+08 0
4.14859e+08 0
4.1487e+08 0
4.14892e+08 0
4.14903e+08 0
4.14915e+08 0
4.15742e+08 0
4.15764e+08 0
4.15798e+08 0
4.1582e+08 0
4.15854e+08 0
4.15932e+08 0
4.15999e+08 0
4.16055e+08 0
4.16077e+08 0
4.16446e+08 0
4.1648e+08 0
4.16502e+08 0
4.16525e+08 0
4.16547e+08 0
4.16581e+08 0
4.16715e+08 0
4.16726e+08 0
4.16737e+08 0
4.36554e+08 0
4.36576e+08 0
4.3661e+08 0
4.36621e+08 0
4.36632e+08 0
4.36644e+08 0
4.36655e+08 0
4.36677e+08 0
4.367e+08 0
4.36811e+08 0
4.36946e+08 0
4.37024e+08 0
4.37102e+08 0
4.3718e+08 0
4.37225e+08 0
4.37292e+08 0
4.37393e+08 0
4.37471e+08 0
4.38309e+08 0
4.38332e+08 0
4.38343e+08 0
4.38365e+08 0
4.38388e+08 0
4.3841e+08 0
4.38455e+08 0
4.38488e+08 0
4.38555e+08 0
4.386e+08 0
4.38656e+08 0
4.38679e+08 0
4.3869e+08 0
4.38701e+08 0
4.38712e+08 0
4.38723e+08 0
4.3879e+08 0
4.38813e+08 0
4.38835e+08 0
4.59178e+08 0
4.59267e+08 0
4.59379e+08 0
4.59513e+08 0
4.59558e+08 0
4.59602e+08 0
4.59636e+08 0
4.59748e+08 0
4.59848e+08 0
4.60016e+08 0
4.60128e+08 0
4.6015e+08 0
4.6024e+08 0
4.60273e+08 0
4.60329e+08 0
4.60351e+08 0
4.60441e+08 0
4.60474e+08 0
4.60888e+08 0
4.609e+08 0
4.60922e+08 0
4.60955e+08 0
4.60967e+08 0
4.60989e+08 0
4.61011e+08 0
4.61056e+08 0
4.61078e+08 0
4.61112e+08 0
4.61134e+08 0
4.61157e+08 0
4.61179e+08 0
4.6119e+08 0
4.61213e+08 0
4.61224e+08 0
4.61235e+08 0
4.61369e+08 0
4.6138e+08 0
4.61403e+08 0
4.8312e+08 0
4.83221e+08 0
4.83322e+08 0
4.83456e+08 0
4.83489e+08 0
4.83512e+08 0
4.83534e+08 0
4.83657e+08 0
4.83702e+08 0
4.83735e+08 0
4.83758e+08 0
4.8378e+08 0
4.83836e+08 0
4.83858e+08 0
4.8387e+08 0
4.83881e+08 0
4.83926e+08 0
4.83937e+08 0
4.84071e+08 0
4.84082e+08 0
4.84105e+08 0
4.84116e+08 0
4.84127e+08 0
4.84138e+08 0
4.84149e+08 0
4.84161e+08 0
4.84172e+08 0
4.84183e+08 0
4.84239e+08 0
4.84273e+08 0
4.84384e+08 0
4.84463e+08 0
4.84485e+08 0
4.84496e+08 0
4.84507e+08 0
4.8453e+08 0
4.84831e+08 0
4.84854e+08 0
4.84865e+08 0
5.07209e+08 0
5.07231e+08 0
5.0731e+08 0
5.07343e+08 0
5.07354e+08 0
5.07377e+08 0
5.07388e+08 0
5.07488e+08 0
5.07544e+08 0
5.07589e+08 0
5.076e+08 0
5.07611e+08 0
5.07634e+08 0
5.07656e+08 0
5.07679e+08 0
5.0769e+08 0
5.07701e+08 0
5.07712e+08 0
5.0778e+08 0
5.07791e+08 0
5.07813e+08 0
5.07824e+08 0
5.0788e+08 0
5.07891e+08 0
5.07903e+08 0
5.07925e+08 0
5.07936e+08 0
5.07981e+08 0
5.08093e+08 0
5.08227e+08 0
5.08339e+08 0
5.08406e+08 0
5.08462e+08 0
5.08473e+08 0
5.08495e+08 0
5.08517e+08 0
5.0854e+08 0
5.08853e+08 0
5.08864e+08 0
5.08886e+08 0
5.31722e+08 0
5.31812e+08 0
5.31845e+08 0
5.31857e+08 0
5.31868e+08 0
5.31879e+08 0
5.3189e+08 0
5.31902e+08 0
5.31913e+08 0
5.31924e+08 0
5.31935e+08 0
5.31946e+08 0
5.31958e+08 0
5.31969e+08 0
5.3198e+08 0
5.31991e+08 0
5.32025e+08 0
5.32036e+08 0
5.32271e+08 0
5.32282e+08 0
5.32338e+08 0
5.32382e+08 0
5.32427e+08 0
5.32438e+08 0
5.3245e+08 0
5.32461e+08 0
5.32483e+08 0
5.32505e+08 0
5.32651e+08 0
5.32774e+08 0
5.32852e+08 0
5.32886e+08 0
5.33109e+08 0
5.3312e+08 0
5.33131e+08 0
5.33143e+08 0
5.33154e+08 0
5.33176e+08 0
5.33478e+08 0
5.33501e+08 0
5.33523e+08 0
5.56645e+08 0
5.56656e+08 0
5.56667e+08 0
5.56679e+08 0
5.5669e+08 0
5.56701e+08 0
5.56712e+08 0
5.56723e+08 0
5.56735e+08 0
5.56746e+08 0
5.56757e+08 0
5.56768e+08 0
5.56824e+08 0
5.56846e+08 0
5.56869e+08 0
5.5688e+08 0
5.57036e+08 0
5.57059e+08 0
5.57417e+08 0
5.57461e+08 0
5.57517e+08 0
5.57528e+08 0
5.57551e+08 0
5.57573e+08 0
5.57595e+08 0
5.57618e+08 0
5.5764e+08 0
5.57662e+08 0
5.57897e+08 0
5.57908e+08 0
5.57931e+08 0
5.57942e+08 0
5.58043e+08 0
5.58155e+08 0
5.58188e+08 0
5.58266e+08 0
5.58333e+08 0
5.58412e+08 0
5.58423e+08 0
5.5858e+08 0
5.58591e+08 0
5.58602e+08 0
5.82069e+08 0
5.8208e+08 0
5.82092e+08 0
5.82125e+08 0
5.82136e+08 0
5.82147e+08 0
5.82181e+08 0
5.82192e+08 0
5.82215e+08 0
5.82237e+08 0
5.82248e+08 0
5.82259e+08 0
5.82394e+08 0
5.82405e+08 0
5.82427e+08 0
5.82438e+08 0
5.82572e+08 0
5.82651e+08 0
5.82997e+08 0
5.83143e+08 0
5.83176e+08 0
5.8321e+08 0
5.83232e+08 0
5.83243e+08 0
5.83265e+08 0
5.83299e+08 0
5.83321e+08 0
5.83333e+08 0
5.83366e+08 0
5.83389e+08 0
5.83422e+08 0
5.83556e+08 0
5.83579e+08 0
5.83668e+08 0
5.83959e+08 0
5.83981e+08 0
5.84003e+08 0
5.84015e+08 0
5.84026e+08 0
5.84037e+08 0
5.84328e+08 0
5.84339e+08 0
5.84373e+08 0
6.08129e+08 0
6.0814e+08 0
6.08152e+08 0
6.08163e+08 0
6.08174e+08 0
6.08185e+08 0
6.08196e+08 0
6.08208e+08 0
6.08219e+08 0
6.0823e+08 0
6.08252e+08 0
6.08275e+08 0
6.08465e+08 0
6.08554e+08 0
6.08565e+08 0
6.08577e+08 0
6.08644e+08 0
6.087e+08 0
6.09203e+08 0
6.09281e+08 0
6.09348e+08 0
6.0937e+08 0
6.09393e+08 0
6.09437e+08 0
6.0946e+08 0
6.09482e+08 0
6.09505e+08 0
6.09527e+08 0
6.09605e+08 0
6.09639e+08 0
6.09661e+08 0
6.09896e+08 0
6.09929e+08 0
6.09952e+08 0
6.10008e+08 0
6.10064e+08 0
6.10075e+08 0
6.10108e+08 0
6.10153e+08 0
6.10176e+08 0
6.10187e+08 0
6.10701e+08 0
6.10735e+08 0
6.10757e+08 0
6.23989e+08 0
6.24001e+08 0
6.24012e+08 0
