232008 0
824329 0
1.41665e+06 0
2.00897e+06 0
2.6013e+06 0
3.19365e+06 0
3.78599e+06 0
4.3784e+06 0
4.97089e+06 0
5.56355e+06 0
6.15654e+06 0
6.82955e+06 0
7.4208e+06 0
7.43197e+06 0
9.73026e+06 0
9.74144e+06 0
1.10567e+07 0
1.11237e+07 0
1.11908e+07 0
1.37879e+07 0
1.38438e+07 0
1.39108e+07 0
1.39667e+07 0
1.57565e+07 0
1.58235e+07 0
1.58459e+07 0
1.5857e+07 0
1.58906e+07 0
1.89757e+07 0
1.90316e+07 0
1.90986e+07 0
1.91881e+07 0
1.92775e+07 0
1.93669e+07 0
2.2722e+07 0
2.27556e+07 0
2.27779e+07 0
2.28115e+07 0
2.29456e+07 0
2.33591e+07 0
2.33926e+07 0
2.67256e+07 0
2.67368e+07 0
2.6748e+07 0
2.67703e+07 0
2.68821e+07 0
2.69156e+07 0
2.71056e+07 0
3.11762e+07 0
3.12209e+07 0
3.12545e+07 0
3.13327e+07 0
3.14109e+07 0
3.15115e+07 0
3.15897e+07 0
3.16903e+07 0
3.62798e+07 0
3.63468e+07 0
3.64139e+07 0
3.64921e+07 0
3.65815e+07 0
3.66709e+07 0
3.6805e+07 0
3.69615e+07 0
3.70509e+07 0
4.20913e+07 0
4.24154e+07 0
4.2516e+07 0
4.26389e+07 0
4.27507e+07 0
4.29518e+07 0
4.30412e+07 0
4.31418e+07 0
4.32424e+07 0
4.3343e+07 0
4.87592e+07 0
4.90386e+07 0
4.9195e+07 0
4.93739e+07 0
4.9508e+07 0
4.96421e+07 0
4.9888e+07 0
4.99774e+07 0
5.01003e+07 0
5.02009e+07 0
5.02679e+07 0
5.54049e+07 0
5.55279e+07 0
5.56284e+07 0
5.58631e+07 0
5.59637e+07 0
5.60867e+07 0
5.62096e+07 0
5.63884e+07 0
5.65449e+07 0
5.66902e+07 0
5.68243e+07 0
5.69584e+07 0
6.26892e+07 0
6.27562e+07 0
6.28457e+07 0
6.32033e+07 0
6.33039e+07 0
6.33933e+07 0
6.38516e+07 0
6.40192e+07 0
6.4131e+07 0
6.42092e+07 0
6.43322e+07 0
6.44327e+07 0
6.45222e+07 0
7.08289e+07 0
7.09183e+07 0
7.11084e+07 0
7.12201e+07 0
7.12984e+07 0
7.13655e+07 0
7.19132e+07 0
7.19579e+07 0
7.20138e+07 0
7.20808e+07 0
7.23267e+07 0
7.24161e+07 0
7.28297e+07 0
7.32097e+07 0
7.95009e+07 0
7.95345e+07 0
7.97469e+07 0
7.9814e+07 0
7.99146e+07 0
8.0317e+07 0
8.06411e+07 0
8.07417e+07 0
8.09094e+07 0
8.10323e+07 0
8.11441e+07 0
8.12335e+07 0
8.1457e+07 0
8.15576e+07 0
8.17923e+07 0
8.86099e+07 0
8.86993e+07 0
8.89117e+07 0
8.899e+07 0
8.90124e+07 0
8.95713e+07 0
8.97725e+07 0
8.98172e+07 0
9.02643e+07 0
9.0309e+07 0
9.05549e+07 0
9.0812e+07 0
9.08902e+07 0
9.13037e+07 0
9.1382e+07 0
9.1449e+07 0
9.81845e+07 0
9.84639e+07 0
9.86987e+07 0
9.87434e+07 0
9.87658e+07 0
9.93359e+07 0
9.95595e+07 0
9.97048e+07 0
1.00152e+08 0
1.00197e+08 0
1.00409e+08 0
1.00588e+08 0
1.00699e+08 0
1.01001e+08 0
1.01079e+08 0
1.01236e+08 0
1.01314e+08 0
1.0868e+08 0
1.08747e+08 0
1.08993e+08 0
1.09004e+08 0
1.09072e+08 0
1.09653e+08 0
1.09966e+08 0
1.10402e+08 0
1.10659e+08 0
1.10759e+08 0
1.10893e+08 0
1.10994e+08 0
1.11128e+08 0
1.11285e+08 0
1.11575e+08 0
1.11698e+08 0
1.11821e+08 0
1.12223e+08 0
1.19627e+08 0
1.19649e+08 0
1.19873e+08 0
1.19917e+08 0
1.20029e+08 0
1.21493e+08 0
1.21683e+08 0
1.21773e+08 0
1.21873e+08 0
1.21985e+08 0
1.22265e+08 0
1.22365e+08 0
1.22477e+08 0
1.22622e+08 0
1.22857e+08 0
1.23136e+08 0
1.23259e+08 0
1.23393e+08 0
1.23583e+08 0
1.31049e+08 0
1.31139e+08 0
1.31262e+08 0
1.31329e+08 0
1.31507e+08 0
1.33151e+08 0
1.33352e+08 0
1.33452e+08 0
1.33553e+08 0
1.33743e+08 0
1.33855e+08 0
1.33944e+08 0
1.34045e+08 0
1.34145e+08 0
1.34626e+08 0
1.34894e+08 0
1.35028e+08 0
1.3514e+08 0
1.35241e+08 0
1.35296e+08 0
1.43048e+08 0
1.43115e+08 0
1.43216e+08 0
1.43373e+08 0
1.43563e+08 0
1.45854e+08 0
1.45932e+08 0
1.45988e+08 0
1.46033e+08 0
1.46212e+08 0
1.46267e+08 0
1.46323e+08 0
1.46536e+08 0
1.46592e+08 0
1.4705e+08 0
1.47184e+08 0
1.47307e+08 0
1.47452e+08 0
1.47597e+08 0
1.47709e+08 0
1.4781e+08 0
1.55532e+08 0
1.55599e+08 0
1.55822e+08 0
1.55889e+08 0
1.56057e+08 0
1.58404e+08 0
1.58483e+08 0
1.58729e+08 0
1.58784e+08 0
1.59086e+08 0
1.59198e+08 0
1.5931e+08 0
1.59366e+08 0
1.59477e+08 0
1.59712e+08 0
1.59891e+08 0
1.60014e+08 0
1.60137e+08 0
1.6026e+08 0
1.60371e+08 0
1.60662e+08 0
1.60751e+08 0
1.68538e+08 0
1.68582e+08 0
1.68627e+08 0
1.68795e+08 0
1.69309e+08 0
1.71589e+08 0
1.71612e+08 0
1.71802e+08 0
1.71869e+08 0
1.72059e+08 0
1.72148e+08 0
1.72193e+08 0
1.72271e+08 0
1.72372e+08 0
1.72506e+08 0
1.72629e+08 0
1.72752e+08 0
1.73042e+08 0
1.73187e+08 0
1.73299e+08 0
1.73422e+08 0
1.73534e+08 0
1.82289e+08 0
1.82367e+08 0
1.82423e+08 0
1.8249e+08 0
1.8268e+08 0
1.8287e+08 0
1.85172e+08 0
1.85228e+08 0
1.85496e+08 0
1.85653e+08 0
1.85731e+08 0
1.85843e+08 0
1.86022e+08 0
1.86167e+08 0
1.86256e+08 0
1.86346e+08 0
1.86435e+08 0
1.86514e+08 0
1.86648e+08 0
1.86905e+08 0
1.87005e+08 0
1.87139e+08 0
1.87352e+08 0
1.96255e+08 0
1.96267e+08 0
1.96322e+08 0
1.96378e+08 0
1.96512e+08 0
1.96837e+08 0
1.97004e+08 0
1.99407e+08 0
1.99553e+08 0
1.99687e+08 0
1.99754e+08 0
1.9981e+08 0
2.00022e+08 0
2.00156e+08 0
2.00234e+08 0
2.00313e+08 0
2.00436e+08 0
2.0057e+08 0
2.00749e+08 0
2.00905e+08 0
2.01061e+08 0
2.01218e+08 0
2.01386e+08 0
2.01542e+08 0
2.10688e+08 0
2.10767e+08 0
2.10878e+08 0
2.11001e+08 0
2.11079e+08 0
2.11202e+08 0
2.1156e+08 0
2.11739e+08 0
2.14466e+08 0
2.14511e+08 0
2.14712e+08 0
2.14757e+08 0
2.14846e+08 0
2.15125e+08 0
2.15248e+08 0
2.15371e+08 0
2.15517e+08 0
2.15707e+08 0
2.15908e+08 0
2.16075e+08 0
2.16221e+08 0
2.16344e+08 0
2.16478e+08 0
2.1659e+08 0
2.1669e+08 0
2.25897e+08 0
2.25976e+08 0
2.26009e+08 0
2.26154e+08 0
2.26222e+08 0
2.26289e+08 0
2.26568e+08 0
2.27037e+08 0
2.27216e+08 0
2.29574e+08 0
2.29709e+08 0
2.30144e+08 0
2.30212e+08 0
2.30301e+08 0
2.30446e+08 0
2.30603e+08 0
2.30726e+08 0
2.30849e+08 0
2.30949e+08 0
2.31095e+08 0
2.31206e+08 0
2.31765e+08 0
2.3191e+08 0
2.32e+08 0
2.32123e+08 0
2.32413e+08 0
2.41783e+08 0
2.41894e+08 0
2.41917e+08 0
2.42129e+08 0
2.42263e+08 0
2.42353e+08 0
2.42666e+08 0
2.42744e+08 0
2.43493e+08 0
2.44063e+08 0
2.45225e+08 0
2.45493e+08 0
2.46242e+08 0
2.46376e+08 0
2.46443e+08 0
2.46566e+08 0
2.46622e+08 0
2.46678e+08 0
2.46756e+08 0
2.46868e+08 0
2.4698e+08 0
2.47203e+08 0
2.47427e+08 0
2.47818e+08 0
2.47885e+08 0
2.48355e+08 0
2.49003e+08 0
2.58371e+08 0
2.58516e+08 0
2.58639e+08 0
2.5912e+08 0
2.59388e+08 0
2.59522e+08 0
2.59623e+08 0
2.59712e+08 0
2.59791e+08 0
2.60495e+08 0
2.60931e+08 0
2.62261e+08 0
2.62451e+08 0
2.62629e+08 0
2.62898e+08 0
2.62931e+08 0
2.63211e+08 0
2.63255e+08 0
2.633e+08 0
2.63356e+08 0
2.63457e+08 0
2.63635e+08 0
2.6396e+08 0
2.64071e+08 0
2.64563e+08 0
2.64664e+08 0
2.65345e+08 0
2.6577e+08 0
2.75801e+08 0
2.75857e+08 0
2.76137e+08 0
2.76673e+08 0
2.76774e+08 0
2.76874e+08 0
2.77031e+08 0
2.77087e+08 0
2.77154e+08 0
2.78115e+08 0
2.78182e+08 0
2.78227e+08 0
2.79557e+08 0
2.79691e+08 0
2.79836e+08 0
2.79881e+08 0
2.79948e+08 0
2.80183e+08 0
2.80384e+08 0
2.80451e+08 0
2.80596e+08 0
2.80753e+08 0
2.81032e+08 0
2.81535e+08 0
2.81624e+08 0
2.81848e+08 0
2.81971e+08 0
2.82485e+08 0
2.83133e+08 0
2.93823e+08 0
2.94091e+08 0
2.94203e+08 0
2.94538e+08 0
2.94594e+08 0
2.94672e+08 0
2.94773e+08 0
2.94829e+08 0
2.94918e+08 0
2.96461e+08 0
2.96584e+08 0
2.96695e+08 0
2.96774e+08 0
2.97187e+08 0
2.97277e+08 0
2.97377e+08 0
2.97444e+08 0
2.97511e+08 0
2.97601e+08 0
2.98159e+08 0
2.98204e+08 0
2.98327e+08 0
2.98841e+08 0
2.98975e+08 0
2.99378e+08 0
2.99478e+08 0
2.9959e+08 0
2.99691e+08 0
3.00216e+08 0
3.00998e+08 0
3.1157e+08 0
3.12475e+08 0
3.12576e+08 0
3.12799e+08 0
3.12855e+08 0
3.13e+08 0
3.13045e+08 0
3.1309e+08 0
3.13202e+08 0
3.15102e+08 0
3.15225e+08 0
3.15292e+08 0
3.15348e+08 0
3.15437e+08 0
3.15593e+08 0
3.15672e+08 0
3.1575e+08 0
3.15795e+08 0
3.1585e+08 0
3.15918e+08 0
3.16543e+08 0
3.16588e+08 0
3.16789e+08 0
3.17169e+08 0
3.17259e+08 0
3.17628e+08 0
3.17728e+08 0
3.1784e+08 0
3.17952e+08 0
3.18488e+08 0
3.19461e+08 0
3.30477e+08 0
3.31505e+08 0
3.31573e+08 0
3.31673e+08 0
3.31774e+08 0
3.31997e+08 0
3.32053e+08 0
3.3212e+08 0
3.32366e+08 0
3.34154e+08 0
3.34277e+08 0
3.344e+08 0
3.34479e+08 0
3.34546e+08 0
3.34635e+08 0
3.34825e+08 0
3.34881e+08 0
3.34914e+08 0
3.35037e+08 0
3.3516e+08 0
3.35216e+08 0
3.35708e+08 0
3.35753e+08 0
3.3582e+08 0
3.35999e+08 0
3.36244e+08 0
3.36669e+08 0
3.36803e+08 0
3.3687e+08 0
3.36971e+08 0
3.3753e+08 0
3.38625e+08 0
3.50349e+08 0
3.51154e+08 0
3.5121e+08 0
3.51311e+08 0
3.51501e+08 0
3.51568e+08 0
3.51623e+08 0
3.51657e+08 0
3.51892e+08 0
3.53926e+08 0
3.53982e+08 0
3.54015e+08 0
3.54239e+08 0
3.54273e+08 0
3.54295e+08 0
3.54418e+08 0
3.54463e+08 0
3.5453e+08 0
3.54653e+08 0
3.54753e+08 0
3.54843e+08 0
3.54943e+08 0
3.55178e+08 0
3.55223e+08 0
3.55401e+08 0
3.55692e+08 0
3.5577e+08 0
3.56161e+08 0
3.5634e+08 0
3.5653e+08 0
3.56631e+08 0
3.57245e+08 0
3.58464e+08 0
3.71633e+08 0
3.71969e+08 0
3.72069e+08 0
3.72192e+08 0
3.7227e+08 0
3.72337e+08 0
3.7236e+08 0
3.72427e+08 0
3.72472e+08 0
3.74182e+08 0
3.7426e+08 0
3.74327e+08 0
3.74416e+08 0
3.74495e+08 0
3.74528e+08 0
3.74606e+08 0
3.74651e+08 0
3.74718e+08 0
3.74819e+08 0
3.74908e+08 0
3.75031e+08 0
3.75143e+08 0
3.75255e+08 0
3.75378e+08 0
3.75434e+08 0
3.75568e+08 0
3.75847e+08 0
3.76004e+08 0
3.76171e+08 0
3.7654e+08 0
3.77032e+08 0
3.77121e+08 0
3.77691e+08 0
3.78842e+08 0
3.92156e+08 0
3.92246e+08 0
3.9238e+08 0
3.92425e+08 0
3.92503e+08 0
3.92704e+08 0
3.92782e+08 0
3.92983e+08 0
3.93039e+08 0
3.94884e+08 0
3.94962e+08 0
3.95018e+08 0
3.95063e+08 0
3.95107e+08 0
3.95275e+08 0
3.95376e+08 0
3.95443e+08 0
3.9551e+08 0
3.95532e+08 0
3.95621e+08 0
3.95778e+08 0
3.95845e+08 0
3.96113e+08 0
3.96214e+08 0
3.96281e+08 0
3.9656e+08 0
3.9665e+08 0
3.97119e+08 0
3.97164e+08 0
3.97231e+08 0
3.97633e+08 0
3.98147e+08 0
3.98293e+08 0
3.98594e+08 0
3.99701e+08 0
4.13576e+08 0
4.1371e+08 0
4.13822e+08 0
4.13889e+08 0
4.13967e+08 0
4.14124e+08 0
4.14224e+08 0
4.14493e+08 0
4.14515e+08 0
4.16091e+08 0
4.16147e+08 0
4.16248e+08 0
4.16304e+08 0
4.16426e+08 0
4.16493e+08 0
4.16561e+08 0
4.16639e+08 0
4.16784e+08 0
4.1684e+08 0
4.16974e+08 0
4.17063e+08 0
4.17209e+08 0
4.17253e+08 0
4.17991e+08 0
4.18047e+08 0
4.18136e+08 0
4.18438e+08 0
4.1855e+08 0
4.18841e+08 0
4.18885e+08 0
4.18896e+08 0
4.19165e+08 0
4.19422e+08 0
4.19478e+08 0
4.20416e+08 0
4.21255e+08 0
4.35204e+08 0
4.35517e+08 0
4.35585e+08 0
4.35652e+08 0
4.35752e+08 0
4.35898e+08 0
4.35953e+08 0
4.36289e+08 0
4.36367e+08 0
4.37831e+08 0
4.37898e+08 0
4.382e+08 0
4.38256e+08 0
4.38323e+08 0
4.38368e+08 0
4.38413e+08 0
4.38446e+08 0
4.38513e+08 0
4.38591e+08 0
4.38658e+08 0
4.38748e+08 0
4.39005e+08 0
4.39106e+08 0
4.39206e+08 0
4.39877e+08 0
4.39899e+08 0
4.39944e+08 0
4.40078e+08 0
4.40335e+08 0
4.40391e+08 0
4.40693e+08 0
4.41117e+08 0
4.41687e+08 0
4.41777e+08 0
4.41855e+08 0
4.42403e+08 0
4.43263e+08 0
4.57973e+08 0
4.58231e+08 0
4.58376e+08 0
4.58421e+08 0
4.58566e+08 0
4.58655e+08 0
4.58722e+08 0
4.58868e+08 0
4.59136e+08 0
4.60019e+08 0
4.60041e+08 0
4.60477e+08 0
4.60589e+08 0
4.60645e+08 0
4.60679e+08 0
4.60701e+08 0
4.60891e+08 0
4.60947e+08 0
4.61014e+08 0
4.6107e+08 0
4.61237e+08 0
4.61293e+08 0
4.61729e+08 0
4.61819e+08 0
4.61897e+08 0
4.6269e+08 0
4.62713e+08 0
4.62757e+08 0
4.62813e+08 0
4.63283e+08 0
4.63327e+08 0
4.63607e+08 0
4.63797e+08 0
4.64423e+08 0
4.64501e+08 0
4.64557e+08 0
4.65406e+08 0
4.65954e+08 0
4.81222e+08 0
4.81412e+08 0
4.8158e+08 0
4.81647e+08 0
4.81692e+08 0
4.81714e+08 0
4.81748e+08 0
4.81927e+08 0
4.8243e+08 0
4.82944e+08 0
4.82966e+08 0
4.83179e+08 0
4.83525e+08 0
4.83559e+08 0
4.83592e+08 0
4.83626e+08 0
4.8367e+08 0
4.84061e+08 0
4.84117e+08 0
4.84162e+08 0
4.84196e+08 0
4.8424e+08 0
4.84654e+08 0
4.85067e+08 0
4.85101e+08 0
4.85246e+08 0
4.85615e+08 0
4.85682e+08 0
4.8576e+08 0
4.85827e+08 0
4.86464e+08 0
4.86498e+08 0
4.86666e+08 0
4.87336e+08 0
4.87739e+08 0
4.8785e+08 0
4.8794e+08 0
4.88677e+08 0
4.89225e+08 0
5.04741e+08 0
5.04897e+08 0
5.04964e+08 0
5.05121e+08 0
5.05154e+08 0
5.0521e+08 0
5.05233e+08 0
5.05523e+08 0
5.05814e+08 0
5.06116e+08 0
5.06194e+08 0
5.06552e+08 0
5.0682e+08 0
5.06887e+08 0
5.06954e+08 0
5.06999e+08 0
5.07043e+08 0
5.07122e+08 0
5.07189e+08 0
5.07245e+08 0
5.07312e+08 0
5.07401e+08 0
5.07949e+08 0
5.08731e+08 0
5.08776e+08 0
5.08899e+08 0
5.08955e+08 0
5.09379e+08 0
5.09514e+08 0
5.09882e+08 0
5.09949e+08 0
5.10296e+08 0
5.10419e+08 0
5.11056e+08 0
5.11369e+08 0
5.11559e+08 0
5.11671e+08 0
5.1176e+08 0
5.1252e+08 0
5.12911e+08 0
5.28747e+08 0
5.29027e+08 0
5.29038e+08 0
5.29161e+08 0
5.29228e+08 0
5.29261e+08 0
5.29328e+08 0
5.29787e+08 0
5.30055e+08 0
5.30245e+08 0
5.30301e+08 0
5.30334e+08 0
5.30815e+08 0
5.30882e+08 0
5.30994e+08 0
5.31128e+08 0
5.31217e+08 0
5.31296e+08 0
5.31351e+08 0
5.31463e+08 0
5.31497e+08 0
5.31553e+08 0
5.31877e+08 0
5.32883e+08 0
5.32939e+08 0
5.33117e+08 0
5.33162e+08 0
5.33263e+08 0
5.33587e+08 0
5.33866e+08 0
5.34146e+08 0
5.34224e+08 0
5.34894e+08 0
5.35029e+08 0
5.3514e+08 0
5.35587e+08 0
5.35699e+08 0
5.359e+08 0
5.35967e+08 0
5.36705e+08 0
5.37286e+08 0
5.53413e+08 0
5.53681e+08 0
5.53692e+08 0
5.53961e+08 0
5.53994e+08 0
5.54017e+08 0
5.54207e+08 0
5.54698e+08 0
5.54721e+08 0
5.54855e+08 0
5.549e+08 0
5.54967e+08 0
5.55112e+08 0
5.55157e+08 0
5.55224e+08 0
5.5528e+08 0
5.55347e+08 0
5.55447e+08 0
5.55537e+08 0
5.5566e+08 0
5.56006e+08 0
5.56509e+08 0
5.56956e+08 0
5.57459e+08 0
5.57571e+08 0
5.57649e+08 0
5.58051e+08 0
5.58208e+08 0
5.58308e+08 0
5.58409e+08 0
5.58644e+08 0
5.59169e+08 0
5.59292e+08 0
5.59594e+08 0
5.59694e+08 0
5.59806e+08 0
5.60097e+08 0
5.60197e+08 0
5.60924e+08 0
5.61002e+08 0
5.61673e+08 0
5.62287e+08 0
5.78841e+08 0
5.79233e+08 0
5.79244e+08 0
5.79445e+08 0
5.79479e+08 0
5.79501e+08 0
5.79613e+08 0
5.79736e+08 0
5.7978e+08 0
5.79915e+08 0
5.79948e+08 0
5.80116e+08 0
5.80462e+08 0
5.8054e+08 0
5.80652e+08 0
5.80775e+08 0
5.80932e+08 0
5.81077e+08 0
5.812e+08 0
5.81367e+08 0
5.81524e+08 0
5.81669e+08 0
5.82586e+08 0
5.82966e+08 0
5.82999e+08 0
5.83044e+08 0
5.83256e+08 0
5.83335e+08 0
5.83413e+08 0
5.83491e+08 0
5.83592e+08 0
5.84106e+08 0
5.84776e+08 0
5.84855e+08 0
5.85078e+08 0
5.85134e+08 0
5.85279e+08 0
5.85972e+08 0
5.86129e+08 0
5.8643e+08 0
5.86565e+08 0
5.87347e+08 0
5.88018e+08 0
6.04764e+08 0
6.05055e+08 0
6.05066e+08 0
6.05233e+08 0
6.05245e+08 0
6.05323e+08 0
6.05535e+08 0
6.0558e+08 0
6.05625e+08 0
6.05859e+08 0
6.05949e+08 0
6.06116e+08 0
6.06195e+08 0
6.06295e+08 0
6.06385e+08 0
6.06508e+08 0
6.06653e+08 0
6.06809e+08 0
6.06977e+08 0
6.07167e+08 0
6.07346e+08 0
6.07514e+08 0
6.07793e+08 0
6.07927e+08 0
6.08095e+08 0
6.0824e+08 0
6.08687e+08 0
6.09022e+08 0
6.09201e+08 0
6.09481e+08 0
6.0957e+08 0
6.09794e+08 0
6.09894e+08 0
6.10732e+08 0
6.10833e+08 0
6.10922e+08 0
6.1128e+08 0
6.11358e+08 0
6.11537e+08 0
6.11615e+08 0
6.11839e+08 0
6.12174e+08 0
6.13359e+08 0
6.1422e+08 0
6.21149e+08 0
6.2116e+08 0
6.21171e+08 0
