592973 0
1.19647e+06 0
1.78879e+06 0
2.38111e+06 0
2.96226e+06 0
3.5546e+06 0
4.14696e+06 0
4.73937e+06 0
5.33185e+06 0
5.92451e+06 0
6.51752e+06 0
7.21179e+06 0
8.24864e+06 0
8.28217e+06 0
1.00231e+07 0
1.00456e+07 0
1.14656e+07 0
1.14991e+07 0
1.15215e+07 0
1.49963e+07 0
1.51751e+07 0
1.51974e+07 0
1.52198e+07 0
1.78911e+07 0
1.7947e+07 0
1.79694e+07 0
1.80141e+07 0
1.80588e+07 0
2.17986e+07 0
2.19104e+07 0
2.20445e+07 0
2.21786e+07 0
2.2268e+07 0
2.23686e+07 0
2.53596e+07 0
2.55608e+07 0
2.57396e+07 0
2.60526e+07 0
2.6332e+07 0
2.64996e+07 0
2.6522e+07 0
2.95362e+07 0
2.99274e+07 0
3.01062e+07 0
3.04527e+07 0
3.05533e+07 0
3.07098e+07 0
3.08551e+07 0
3.35266e+07 0
3.35937e+07 0
3.38507e+07 0
3.42866e+07 0
3.49014e+07 0
3.49909e+07 0
3.50914e+07 0
3.54491e+07 0
3.91111e+07 0
3.91335e+07 0
3.91782e+07 0
3.92788e+07 0
4.00053e+07 0
4.07653e+07 0
4.12459e+07 0
4.13465e+07 0
4.16595e+07 0
4.47094e+07 0
4.48212e+07 0
4.49106e+07 0
4.50447e+07 0
4.50894e+07 0
4.57824e+07 0
4.65312e+07 0
4.6766e+07 0
4.68442e+07 0
4.73136e+07 0
5.15781e+07 0
5.17793e+07 0
5.18911e+07 0
5.20475e+07 0
5.21369e+07 0
5.22152e+07 0
5.32546e+07 0
5.41489e+07 0
5.42048e+07 0
5.4283e+07 0
5.43389e+07 0
5.86318e+07 0
5.909e+07 0
5.9213e+07 0
5.93247e+07 0
5.94365e+07 0
5.95595e+07 0
6.08672e+07 0
6.09343e+07 0
6.12807e+07 0
6.13701e+07 0
6.14484e+07 0
6.15937e+07 0
6.60824e+07 0
6.68873e+07 0
6.69878e+07 0
6.71667e+07 0
6.74237e+07 0
6.75467e+07 0
6.89885e+07 0
6.91785e+07 0
6.92902e+07 0
6.93462e+07 0
6.9402e+07 0
6.94467e+07 0
6.95027e+07 0
7.40336e+07 0
7.51291e+07 0
7.52073e+07 0
7.58108e+07 0
7.60008e+07 0
7.67497e+07 0
7.7722e+07 0
7.78114e+07 0
7.79232e+07 0
7.79791e+07 0
7.80462e+07 0
7.80909e+07 0
7.81468e+07 0
7.81915e+07 0
8.22754e+07 0
8.34269e+07 0
8.34939e+07 0
8.37733e+07 0
8.38627e+07 0
8.46787e+07 0
8.61428e+07 0
8.62434e+07 0
8.6411e+07 0
8.68804e+07 0
8.6981e+07 0
8.70369e+07 0
8.70817e+07 0
8.72047e+07 0
8.72718e+07 0
9.15099e+07 0
9.31532e+07 0
9.32649e+07 0
9.34102e+07 0
9.36673e+07 0
9.43267e+07 0
9.49078e+07 0
9.50308e+07 0
9.53661e+07 0
9.56119e+07 0
9.62266e+07 0
9.67407e+07 0
9.67743e+07 0
9.68525e+07 0
9.69755e+07 0
9.71432e+07 0
1.01698e+08 0
1.0286e+08 0
1.03028e+08 0
1.03352e+08 0
1.03542e+08 0
1.03732e+08 0
1.03944e+08 0
1.04034e+08 0
1.0419e+08 0
1.04268e+08 0
1.04816e+08 0
1.05006e+08 0
1.05565e+08 0
1.06671e+08 0
1.06783e+08 0
1.07074e+08 0
1.07331e+08 0
1.12377e+08 0
1.13384e+08 0
1.13506e+08 0
1.13741e+08 0
1.13864e+08 0
1.13954e+08 0
1.14389e+08 0
1.14535e+08 0
1.14814e+08 0
1.14915e+08 0
1.15228e+08 0
1.15798e+08 0
1.16546e+08 0
1.17183e+08 0
1.17284e+08 0
1.17351e+08 0
1.17441e+08 0
1.17854e+08 0
1.23661e+08 0
1.25136e+08 0
1.25215e+08 0
1.2536e+08 0
1.25673e+08 0
1.25773e+08 0
1.26075e+08 0
1.26221e+08 0
1.26858e+08 0
1.27059e+08 0
1.27215e+08 0
1.27428e+08 0
1.27841e+08 0
1.28076e+08 0
1.28288e+08 0
1.2878e+08 0
1.28948e+08 0
1.29059e+08 0
1.29149e+08 0
1.35503e+08 0
1.36521e+08 0
1.3661e+08 0
1.36688e+08 0
1.37392e+08 0
1.37571e+08 0
1.3794e+08 0
1.38041e+08 0
1.39315e+08 0
1.39516e+08 0
1.39684e+08 0
1.39974e+08 0
1.40153e+08 0
1.40309e+08 0
1.40444e+08 0
1.406e+08 0
1.41025e+08 0
1.41136e+08 0
1.41237e+08 0
1.41338e+08 0
1.47894e+08 0
1.48453e+08 0
1.48532e+08 0
1.48576e+08 0
1.49046e+08 0
1.49381e+08 0
1.49537e+08 0
1.4994e+08 0
1.508e+08 0
1.50935e+08 0
1.51046e+08 0
1.51292e+08 0
1.5146e+08 0
1.51829e+08 0
1.52007e+08 0
1.52276e+08 0
1.52723e+08 0
1.5317e+08 0
1.53304e+08 0
1.5346e+08 0
1.53628e+08 0
1.60722e+08 0
1.6089e+08 0
1.60934e+08 0
1.61091e+08 0
1.61594e+08 0
1.62276e+08 0
1.62633e+08 0
1.62756e+08 0
1.63047e+08 0
1.63315e+08 0
1.63382e+08 0
1.6384e+08 0
1.64153e+08 0
1.64489e+08 0
1.64656e+08 0
1.65282e+08 0
1.65461e+08 0
1.65785e+08 0
1.65975e+08 0
1.66221e+08 0
1.66355e+08 0
1.66489e+08 0
1.73633e+08 0
1.73923e+08 0
1.73979e+08 0
1.74136e+08 0
1.75075e+08 0
1.75734e+08 0
1.76449e+08 0
1.76583e+08 0
1.76796e+08 0
1.76952e+08 0
1.77064e+08 0
1.77355e+08 0
1.77522e+08 0
1.77913e+08 0
1.78405e+08 0
1.79355e+08 0
1.79512e+08 0
1.79713e+08 0
1.79858e+08 0
1.80026e+08 0
1.80182e+08 0
1.80372e+08 0
1.87231e+08 0
1.87309e+08 0
1.87432e+08 0
1.87734e+08 0
1.88047e+08 0
1.89198e+08 0
1.89567e+08 0
1.9055e+08 0
1.90729e+08 0
1.91064e+08 0
1.9121e+08 0
1.91377e+08 0
1.91657e+08 0
1.91836e+08 0
1.91947e+08 0
1.9207e+08 0
1.92897e+08 0
1.9302e+08 0
1.93121e+08 0
1.93221e+08 0
1.93333e+08 0
1.93568e+08 0
1.93713e+08 0
2.01565e+08 0
2.01632e+08 0
2.01654e+08 0
2.01967e+08 0
2.02549e+08 0
2.02649e+08 0
2.04169e+08 0
2.04348e+08 0
2.04739e+08 0
2.05008e+08 0
2.05153e+08 0
2.05376e+08 0
2.05589e+08 0
2.05768e+08 0
2.06014e+08 0
2.06405e+08 0
2.06651e+08 0
2.06829e+08 0
2.07019e+08 0
2.07187e+08 0
2.07399e+08 0
2.07612e+08 0
2.07835e+08 0
2.07969e+08 0
2.15849e+08 0
2.15894e+08 0
2.15961e+08 0
2.16386e+08 0
2.16453e+08 0
2.16934e+08 0
2.17023e+08 0
2.18901e+08 0
2.19002e+08 0
2.20041e+08 0
2.20209e+08 0
2.20611e+08 0
2.20801e+08 0
2.21024e+08 0
2.21214e+08 0
2.21416e+08 0
2.21628e+08 0
2.21863e+08 0
2.22109e+08 0
2.22299e+08 0
2.22444e+08 0
2.22556e+08 0
2.22679e+08 0
2.22846e+08 0
2.23003e+08 0
2.31316e+08 0
2.31338e+08 0
2.31416e+08 0
2.31897e+08 0
2.31953e+08 0
2.3202e+08 0
2.32355e+08 0
2.32467e+08 0
2.34434e+08 0
2.34669e+08 0
2.35082e+08 0
2.35362e+08 0
2.35574e+08 0
2.35921e+08 0
2.36055e+08 0
2.36245e+08 0
2.36468e+08 0
2.36636e+08 0
2.36904e+08 0
2.37094e+08 0
2.37396e+08 0
2.37631e+08 0
2.37843e+08 0
2.37988e+08 0
2.3876e+08 0
2.3905e+08 0
2.46895e+08 0
2.46985e+08 0
2.47052e+08 0
2.48438e+08 0
2.48583e+08 0
2.48751e+08 0
2.48985e+08 0
2.49086e+08 0
2.49187e+08 0
2.50215e+08 0
2.5045e+08 0
2.51534e+08 0
2.51835e+08 0
2.51947e+08 0
2.5226e+08 0
2.52417e+08 0
2.52584e+08 0
2.5273e+08 0
2.52886e+08 0
2.53076e+08 0
2.53288e+08 0
2.53478e+08 0
2.53836e+08 0
2.53959e+08 0
2.54082e+08 0
2.54808e+08 0
2.54864e+08 0
2.63333e+08 0
2.63389e+08 0
2.63411e+08 0
2.65256e+08 0
2.65412e+08 0
2.65725e+08 0
2.66317e+08 0
2.6644e+08 0
2.66541e+08 0
2.66697e+08 0
2.67223e+08 0
2.67603e+08 0
2.68374e+08 0
2.68474e+08 0
2.69022e+08 0
2.69324e+08 0
2.6967e+08 0
2.69894e+08 0
2.69994e+08 0
2.70162e+08 0
2.70274e+08 0
2.70397e+08 0
2.70609e+08 0
2.71079e+08 0
2.71324e+08 0
2.71537e+08 0
2.72297e+08 0
2.72375e+08 0
2.80184e+08 0
2.80195e+08 0
2.80217e+08 0
2.82621e+08 0
2.82665e+08 0
2.82766e+08 0
2.83437e+08 0
2.83515e+08 0
2.83548e+08 0
2.83716e+08 0
2.83772e+08 0
2.84666e+08 0
2.85169e+08 0
2.85661e+08 0
2.85773e+08 0
2.85851e+08 0
2.8689e+08 0
2.87036e+08 0
2.87192e+08 0
2.87226e+08 0
2.87315e+08 0
2.87483e+08 0
2.87538e+08 0
2.87617e+08 0
2.88343e+08 0
2.88779e+08 0
2.88824e+08 0
2.89629e+08 0
2.89796e+08 0
2.97721e+08 0
2.97744e+08 0
2.97889e+08 0
3.00248e+08 0
3.00304e+08 0
3.0046e+08 0
3.01499e+08 0
3.01634e+08 0
3.01678e+08 0
3.02014e+08 0
3.02092e+08 0
3.02159e+08 0
3.04014e+08 0
3.04551e+08 0
3.04662e+08 0
3.04774e+08 0
3.04931e+08 0
3.04998e+08 0
3.05143e+08 0
3.05221e+08 0
3.05299e+08 0
3.05367e+08 0
3.05478e+08 0
3.05512e+08 0
3.0568e+08 0
3.06596e+08 0
3.06943e+08 0
3.07021e+08 0
3.07747e+08 0
3.0796e+08 0
3.15905e+08 0
3.15927e+08 0
3.16005e+08 0
3.18409e+08 0
3.18487e+08 0
3.18543e+08 0
3.19739e+08 0
3.19918e+08 0
3.2032e+08 0
3.20689e+08 0
3.20778e+08 0
3.20901e+08 0
3.21695e+08 0
3.21818e+08 0
3.22108e+08 0
3.22354e+08 0
3.22444e+08 0
3.22567e+08 0
3.2317e+08 0
3.23304e+08 0
3.23394e+08 0
3.23472e+08 0
3.2355e+08 0
3.2402e+08 0
3.24064e+08 0
3.24288e+08 0
3.25215e+08 0
3.25372e+08 0
3.25707e+08 0
3.26557e+08 0
3.26702e+08 0
3.34682e+08 0
3.34726e+08 0
3.34838e+08 0
3.37286e+08 0
3.37823e+08 0
3.37957e+08 0
3.39197e+08 0
3.3932e+08 0
3.39477e+08 0
3.39667e+08 0
3.39801e+08 0
3.39957e+08 0
3.40483e+08 0
3.40751e+08 0
3.40852e+08 0
3.41153e+08 0
3.41265e+08 0
3.41399e+08 0
3.41511e+08 0
3.41734e+08 0
3.41846e+08 0
3.41913e+08 0
3.42226e+08 0
3.42528e+08 0
3.43042e+08 0
3.43087e+08 0
3.44137e+08 0
3.44629e+08 0
3.44696e+08 0
3.44976e+08 0
3.45803e+08 0
3.4587e+08 0
3.54014e+08 0
3.5407e+08 0
3.5416e+08 0
3.56339e+08 0
3.56474e+08 0
3.56753e+08 0
3.5881e+08 0
3.58944e+08 0
3.59167e+08 0
3.59357e+08 0
3.59458e+08 0
3.60005e+08 0
3.60218e+08 0
3.60296e+08 0
3.60408e+08 0
3.60609e+08 0
3.60721e+08 0
3.60933e+08 0
3.61179e+08 0
3.61581e+08 0
3.61794e+08 0
3.61905e+08 0
3.62755e+08 0
3.62811e+08 0
3.629e+08 0
3.63113e+08 0
3.63213e+08 0
3.63917e+08 0
3.64364e+08 0
3.64409e+08 0
3.64789e+08 0
3.65415e+08 0
3.65505e+08 0
3.7397e+08 0
3.74015e+08 0
3.74138e+08 0
3.76396e+08 0
3.76765e+08 0
3.77022e+08 0
3.78475e+08 0
3.78598e+08 0
3.79e+08 0
3.79537e+08 0
3.7966e+08 0
3.80442e+08 0
3.80632e+08 0
3.80811e+08 0
3.80979e+08 0
3.81549e+08 0
3.81884e+08 0
3.82052e+08 0
3.82219e+08 0
3.82353e+08 0
3.82476e+08 0
3.82856e+08 0
3.82946e+08 0
3.83561e+08 0
3.83829e+08 0
3.83952e+08 0
3.84086e+08 0
3.84253e+08 0
3.84712e+08 0
3.84902e+08 0
3.85002e+08 0
3.85271e+08 0
3.85729e+08 0
3.85852e+08 0
3.94606e+08 0
3.94651e+08 0
3.94706e+08 0
3.97334e+08 0
3.98004e+08 0
3.9863e+08 0
3.99468e+08 0
3.99625e+08 0
4.00094e+08 0
4.00441e+08 0
4.00754e+08 0
4.0129e+08 0
4.01402e+08 0
4.01547e+08 0
4.01692e+08 0
4.01938e+08 0
4.02106e+08 0
4.02285e+08 0
4.02419e+08 0
4.02609e+08 0
4.0281e+08 0
4.02944e+08 0
4.03637e+08 0
4.03782e+08 0
4.04598e+08 0
4.04688e+08 0
4.04811e+08 0
4.04922e+08 0
4.05291e+08 0
4.05559e+08 0
4.05638e+08 0
4.05738e+08 0
4.05951e+08 0
4.06387e+08 0
4.06532e+08 0
4.15831e+08 0
4.15865e+08 0
4.16022e+08 0
4.19375e+08 0
4.19867e+08 0
4.20191e+08 0
4.20593e+08 0
4.20772e+08 0
4.2132e+08 0
4.2161e+08 0
4.21823e+08 0
4.2237e+08 0
4.22527e+08 0
4.22728e+08 0
4.22929e+08 0
4.2313e+08 0
4.23287e+08 0
4.23477e+08 0
4.23689e+08 0
4.23868e+08 0
4.2408e+08 0
4.24259e+08 0
4.24483e+08 0
4.24684e+08 0
4.2522e+08 0
4.255e+08 0
4.25656e+08 0
4.26059e+08 0
4.26215e+08 0
4.26975e+08 0
4.27154e+08 0
4.27266e+08 0
4.27523e+08 0
4.27579e+08 0
4.27657e+08 0
4.27758e+08 0
4.37739e+08 0
4.37762e+08 0
4.38019e+08 0
4.41227e+08 0
4.4192e+08 0
4.42032e+08 0
4.42803e+08 0
4.42993e+08 0
4.43384e+08 0
4.43686e+08 0
4.43842e+08 0
4.44245e+08 0
4.44357e+08 0
4.44737e+08 0
4.44848e+08 0
4.44994e+08 0
4.45262e+08 0
4.45452e+08 0
4.45742e+08 0
4.45944e+08 0
4.46078e+08 0
4.46223e+08 0
4.46447e+08 0
4.46726e+08 0
4.46871e+08 0
4.4705e+08 0
4.47229e+08 0
4.47497e+08 0
4.47989e+08 0
4.48112e+08 0
4.48369e+08 0
4.48458e+08 0
4.48794e+08 0
4.49397e+08 0
4.49509e+08 0
4.49856e+08 0
4.499e+08 0
4.6005e+08 0
4.60061e+08 0
4.60262e+08 0
4.63068e+08 0
4.63158e+08 0
4.63236e+08 0
4.63493e+08 0
4.63594e+08 0
4.64074e+08 0
4.64666e+08 0
4.64879e+08 0
4.65281e+08 0
4.65516e+08 0
4.65806e+08 0
4.65974e+08 0
4.66186e+08 0
4.6679e+08 0
4.6717e+08 0
4.67684e+08 0
4.67852e+08 0
4.6869e+08 0
4.69416e+08 0
4.69495e+08 0
4.69595e+08 0
4.69685e+08 0
4.69841e+08 0
4.70054e+08 0
4.70165e+08 0
4.70355e+08 0
4.70467e+08 0
4.7059e+08 0
4.70713e+08 0
4.71372e+08 0
4.71495e+08 0
4.71708e+08 0
4.71887e+08 0
4.72367e+08 0
4.72412e+08 0
4.83109e+08 0
4.83132e+08 0
4.83255e+08 0
4.85848e+08 0
4.85904e+08 0
4.85983e+08 0
4.8634e+08 0
4.86508e+08 0
4.86787e+08 0
4.87111e+08 0
4.87279e+08 0
4.87536e+08 0
4.8767e+08 0
4.87838e+08 0
4.8805e+08 0
4.88207e+08 0
4.88743e+08 0
4.89179e+08 0
4.89917e+08 0
4.9014e+08 0
4.91627e+08 0
4.91817e+08 0
4.92186e+08 0
4.92688e+08 0
4.928e+08 0
4.93158e+08 0
4.93292e+08 0
4.93493e+08 0
4.93851e+08 0
4.93929e+08 0
4.94108e+08 0
4.94175e+08 0
4.94253e+08 0
4.94555e+08 0
4.94644e+08 0
4.94756e+08 0
4.94857e+08 0
4.95527e+08 0
4.95639e+08 0
5.06498e+08 0
5.06532e+08 0
5.06599e+08 0
5.09081e+08 0
5.09125e+08 0
5.09293e+08 0
5.09438e+08 0
5.09516e+08 0
5.09583e+08 0
5.0974e+08 0
5.09919e+08 0
5.10243e+08 0
5.10355e+08 0
5.10656e+08 0
5.10858e+08 0
5.11025e+08 0
5.11841e+08 0
5.12076e+08 0
5.12501e+08 0
5.12713e+08 0
5.1411e+08 0
5.14959e+08 0
5.15183e+08 0
5.15328e+08 0
5.15485e+08 0
5.15786e+08 0
5.15988e+08 0
5.16111e+08 0
5.16468e+08 0
5.16625e+08 0
5.16982e+08 0
5.17273e+08 0
5.17373e+08 0
5.1753e+08 0
5.17888e+08 0
5.18178e+08 0
5.18402e+08 0
5.18491e+08 0
5.19139e+08 0
5.19352e+08 0
5.30638e+08 0
5.30649e+08 0
5.30705e+08 0
5.31876e+08 0
5.31999e+08 0
5.32088e+08 0
5.32479e+08 0
5.33239e+08 0
5.33351e+08 0
5.33608e+08 0
5.34212e+08 0
5.34323e+08 0
5.34413e+08 0
5.34849e+08 0
5.34949e+08 0
5.3524e+08 0
5.36123e+08 0
5.36223e+08 0
5.36302e+08 0
5.36469e+08 0
5.37352e+08 0
5.38325e+08 0
5.38883e+08 0
5.39062e+08 0
5.39275e+08 0
5.39655e+08 0
5.39755e+08 0
5.39833e+08 0
5.40258e+08 0
5.41085e+08 0
5.41264e+08 0
5.41577e+08 0
5.417e+08 0
5.41812e+08 0
5.41957e+08 0
5.42158e+08 0
5.42426e+08 0
5.42661e+08 0
5.43209e+08 0
5.43321e+08 0
5.43656e+08 0
5.55197e+08 0
5.5523e+08 0
5.55297e+08 0
5.563e+08 0
5.56333e+08 0
5.56378e+08 0
5.56534e+08 0
5.57608e+08 0
5.57764e+08 0
5.583e+08 0
5.58647e+08 0
5.58837e+08 0
5.58938e+08 0
5.5953e+08 0
5.59653e+08 0
5.60022e+08 0
5.60972e+08 0
5.61061e+08 0
5.61162e+08 0
5.61296e+08 0
5.61765e+08 0
5.62637e+08 0
5.62916e+08 0
5.62961e+08 0
5.6305e+08 0
5.63241e+08 0
5.63274e+08 0
5.63352e+08 0
5.63699e+08 0
5.63855e+08 0
5.65476e+08 0
5.65588e+08 0
5.65923e+08 0
5.66023e+08 0
5.66102e+08 0
5.66202e+08 0
5.66325e+08 0
5.66437e+08 0
5.66627e+08 0
5.6742e+08 0
5.6799e+08 0
5.68572e+08 0
5.8037e+08 0
5.80493e+08 0
5.80538e+08 0
5.81326e+08 0
5.81606e+08 0
5.81863e+08 0
5.8193e+08 0
5.82254e+08 0
5.82544e+08 0
5.82679e+08 0
5.82824e+08 0
5.82924e+08 0
5.83003e+08 0
5.83271e+08 0
5.83338e+08 0
5.83796e+08 0
5.84277e+08 0
5.84433e+08 0
5.84579e+08 0
5.84746e+08 0
5.85562e+08 0
5.86087e+08 0
5.86423e+08 0
5.86792e+08 0
5.87183e+08 0
5.87563e+08 0
5.87686e+08 0
5.87797e+08 0
5.87943e+08 0
5.88144e+08 0
5.88334e+08 0
5.89832e+08 0
5.90022e+08 0
5.9039e+08 0
5.90558e+08 0
5.90714e+08 0
5.91407e+08 0
5.91866e+08 0
5.92279e+08 0
5.92424e+08 0
5.92827e+08 0
5.93274e+08 0
5.93989e+08 0
6.0622e+08 0
6.06276e+08 0
6.06309e+08 0
6.07483e+08 0
6.07573e+08 0
6.07785e+08 0
6.07852e+08 0
6.0821e+08 0
6.08523e+08 0
6.08579e+08 0
6.08612e+08 0
6.08701e+08 0
6.08791e+08 0
6.08858e+08 0
6.08936e+08 0
6.10009e+08 0
6.10143e+08 0
6.10266e+08 0
6.10378e+08 0
6.10725e+08 0
6.10915e+08 0
6.1135e+08 0
6.11507e+08 0
6.11708e+08 0
6.12267e+08 0
6.12457e+08 0
6.12602e+08 0
6.1287e+08 0
6.13027e+08 0
6.13206e+08 0
6.13407e+08 0
6.14826e+08 0
6.14938e+08 0
6.15374e+08 0
6.15832e+08 0
6.15966e+08 0
6.16112e+08 0
6.17084e+08 0
6.17576e+08 0
6.18079e+08 0
6.18224e+08 0
6.18492e+08 0
6.1857e+08 0
6.20169e+08 0
6.28103e+08 0
6.28148e+08 0
6.2817e+08 0
