196243 0
814256 0
1.40658e+06 0
1.9989e+06 0
2.59122e+06 0
3.18356e+06 0
3.7871e+06 0
4.37949e+06 0
4.97196e+06 0
5.56464e+06 0
6.15763e+06 0
6.84075e+06 0
7.3996e+06 0
7.42195e+06 0
8.56346e+06 0
8.65287e+06 0
1.15015e+07 0
1.15462e+07 0
1.16133e+07 0
1.3112e+07 0
1.37267e+07 0
1.37379e+07 0
1.38161e+07 0
1.61869e+07 0
1.64664e+07 0
1.64776e+07 0
1.65224e+07 0
1.65671e+07 0
1.92063e+07 0
1.96758e+07 0
1.9687e+07 0
1.98436e+07 0
1.9866e+07 0
1.98772e+07 0
2.33102e+07 0
2.36233e+07 0
2.36904e+07 0
2.3724e+07 0
2.37688e+07 0
2.3847e+07 0
2.38694e+07 0
2.74592e+07 0
2.76941e+07 0
2.77052e+07 0
2.78172e+07 0
2.78731e+07 0
2.79066e+07 0
2.79401e+07 0
3.21335e+07 0
3.21447e+07 0
3.2279e+07 0
3.22902e+07 0
3.25362e+07 0
3.25586e+07 0
3.25698e+07 0
3.2581e+07 0
3.72665e+07 0
3.72776e+07 0
3.72888e+07 0
3.7479e+07 0
3.75349e+07 0
3.76915e+07 0
3.77027e+07 0
3.78368e+07 0
3.78704e+07 0
4.31151e+07 0
4.31375e+07 0
4.31598e+07 0
4.33724e+07 0
4.33836e+07 0
4.3473e+07 0
4.36183e+07 0
4.36407e+07 0
4.38643e+07 0
4.39314e+07 0
4.93998e+07 0
4.9411e+07 0
4.94333e+07 0
4.96124e+07 0
4.96236e+07 0
4.96348e+07 0
4.98361e+07 0
4.98472e+07 0
4.9892e+07 0
5.02497e+07 0
5.05851e+07 0
5.64788e+07 0
5.64899e+07 0
5.65458e+07 0
5.70489e+07 0
5.71384e+07 0
5.71831e+07 0
5.72166e+07 0
5.72278e+07 0
5.72502e+07 0
5.72837e+07 0
5.76079e+07 0
5.80552e+07 0
6.39265e+07 0
6.39377e+07 0
6.40495e+07 0
6.45638e+07 0
6.47092e+07 0
6.47315e+07 0
6.47539e+07 0
6.47986e+07 0
6.48433e+07 0
6.48768e+07 0
6.49327e+07 0
6.51117e+07 0
6.57155e+07 0
7.2705e+07 0
7.27274e+07 0
7.28615e+07 0
7.34764e+07 0
7.351e+07 0
7.35323e+07 0
7.35435e+07 0
7.35659e+07 0
7.36776e+07 0
7.37e+07 0
7.37335e+07 0
7.3823e+07 0
7.39572e+07 0
7.4282e+07 0
8.13719e+07 0
8.13942e+07 0
8.14389e+07 0
8.22774e+07 0
8.23221e+07 0
8.23445e+07 0
8.23892e+07 0
8.24116e+07 0
8.24227e+07 0
8.24786e+07 0
8.25122e+07 0
8.25457e+07 0
8.25681e+07 0
8.27582e+07 0
8.30942e+07 0
9.166e+07 0
9.16823e+07 0
9.16935e+07 0
9.20403e+07 0
9.20627e+07 0
9.20851e+07 0
9.20963e+07 0
9.21075e+07 0
9.21186e+07 0
9.22081e+07 0
9.22304e+07 0
9.22864e+07 0
9.22976e+07 0
9.232e+07 0
9.2499e+07 0
9.25668e+07 0
1.01602e+08 0
1.01691e+08 0
1.01725e+08 0
1.02083e+08 0
1.0215e+08 0
1.02172e+08 0
1.02195e+08 0
1.02217e+08 0
1.02228e+08 0
1.02295e+08 0
1.02318e+08 0
1.02362e+08 0
1.02385e+08 0
1.02396e+08 0
1.02407e+08 0
1.02508e+08 0
1.02609e+08 0
1.12639e+08 0
1.12695e+08 0
1.12729e+08 0
1.12987e+08 0
1.12998e+08 0
1.13009e+08 0
1.13054e+08 0
1.13065e+08 0
1.13076e+08 0
1.13087e+08 0
1.1311e+08 0
1.13143e+08 0
1.13177e+08 0
1.13188e+08 0
1.13199e+08 0
1.13211e+08 0
1.13222e+08 0
1.13502e+08 0
1.23834e+08 0
1.23946e+08 0
1.24035e+08 0
1.24248e+08 0
1.24259e+08 0
1.24271e+08 0
1.24282e+08 0
1.24293e+08 0
1.24304e+08 0
1.24315e+08 0
1.24327e+08 0
1.24338e+08 0
1.24349e+08 0
1.2436e+08 0
1.24394e+08 0
1.24416e+08 0
1.24461e+08 0
1.24472e+08 0
1.24797e+08 0
1.35889e+08 0
1.35934e+08 0
1.36001e+08 0
1.3608e+08 0
1.36102e+08 0
1.36114e+08 0
1.36125e+08 0
1.36136e+08 0
1.36147e+08 0
1.3617e+08 0
1.36181e+08 0
1.36226e+08 0
1.36237e+08 0
1.36282e+08 0
1.36293e+08 0
1.36315e+08 0
1.36349e+08 0
1.3636e+08 0
1.36382e+08 0
1.3692e+08 0
1.48303e+08 0
1.48348e+08 0
1.4837e+08 0
1.48449e+08 0
1.48482e+08 0
1.48505e+08 0
1.48516e+08 0
1.48561e+08 0
1.48605e+08 0
1.48684e+08 0
1.48706e+08 0
1.48751e+08 0
1.48762e+08 0
1.48773e+08 0
1.48785e+08 0
1.48807e+08 0
1.48818e+08 0
1.48829e+08 0
1.4884e+08 0
1.49333e+08 0
1.49355e+08 0
1.61342e+08 0
1.61354e+08 0
1.61365e+08 0
1.61622e+08 0
1.61667e+08 0
1.61678e+08 0
1.6169e+08 0
1.61701e+08 0
1.61746e+08 0
1.61779e+08 0
1.61802e+08 0
1.61824e+08 0
1.61891e+08 0
1.61936e+08 0
1.61947e+08 0
1.61981e+08 0
1.62003e+08 0
1.62014e+08 0
1.62026e+08 0
1.62339e+08 0
1.62372e+08 0
1.62384e+08 0
1.74416e+08 0
1.74461e+08 0
1.74617e+08 0
1.74719e+08 0
1.74786e+08 0
1.74808e+08 0
1.74819e+08 0
1.75021e+08 0
1.75077e+08 0
1.75088e+08 0
1.7511e+08 0
1.75132e+08 0
1.75166e+08 0
1.75255e+08 0
1.75278e+08 0
1.75311e+08 0
1.75334e+08 0
1.75345e+08 0
1.75356e+08 0
1.75703e+08 0
1.7577e+08 0
1.75793e+08 0
1.88037e+08 0
1.88048e+08 0
1.88115e+08 0
1.88194e+08 0
1.88395e+08 0
1.88429e+08 0
1.8844e+08 0
1.88451e+08 0
1.88474e+08 0
1.88541e+08 0
1.88552e+08 0
1.88586e+08 0
1.8863e+08 0
1.88664e+08 0
1.88753e+08 0
1.88776e+08 0
1.88798e+08 0
1.88809e+08 0
1.88843e+08 0
1.88876e+08 0
1.89134e+08 0
1.89201e+08 0
1.89235e+08 0
2.02217e+08 0
2.02239e+08 0
2.0225e+08 0
2.02351e+08 0
2.02429e+08 0
2.02631e+08 0
2.02642e+08 0
2.02654e+08 0
2.02665e+08 0
2.02676e+08 0
2.02687e+08 0
2.0271e+08 0
2.02721e+08 0
2.02744e+08 0
2.02755e+08 0
2.02833e+08 0
2.02855e+08 0
2.02878e+08 0
2.029e+08 0
2.02911e+08 0
2.02934e+08 0
2.03303e+08 0
2.03314e+08 0
2.03337e+08 0
2.17146e+08 0
2.17158e+08 0
2.1718e+08 0
2.17269e+08 0
2.17281e+08 0
2.1737e+08 0
2.17437e+08 0
2.17449e+08 0
2.1746e+08 0
2.17471e+08 0
2.17482e+08 0
2.17494e+08 0
2.17516e+08 0
2.17527e+08 0
2.17539e+08 0
2.17561e+08 0
2.17606e+08 0
2.17617e+08 0
2.17651e+08 0
2.17695e+08 0
2.17729e+08 0
2.1774e+08 0
2.18132e+08 0
2.18154e+08 0
2.18177e+08 0
2.3264e+08 0
2.32674e+08 0
2.32685e+08 0
2.32707e+08 0
2.32718e+08 0
2.3273e+08 0
2.32786e+08 0
2.32831e+08 0
2.32853e+08 0
2.32864e+08 0
2.32876e+08 0
2.32887e+08 0
2.32898e+08 0
2.32909e+08 0
2.32932e+08 0
2.32943e+08 0
2.32965e+08 0
2.3301e+08 0
2.33022e+08 0
2.33033e+08 0
2.33066e+08 0
2.33111e+08 0
2.33133e+08 0
2.33559e+08 0
2.33592e+08 0
2.33603e+08 0
2.48685e+08 0
2.48707e+08 0
2.48718e+08 0
2.48763e+08 0
2.48774e+08 0
2.48785e+08 0
2.48808e+08 0
2.48819e+08 0
2.48864e+08 0
2.48875e+08 0
2.48887e+08 0
2.48898e+08 0
2.48909e+08 0
2.48932e+08 0
2.48943e+08 0
2.48988e+08 0
2.48999e+08 0
2.4901e+08 0
2.49055e+08 0
2.49066e+08 0
2.49088e+08 0
2.49111e+08 0
2.49167e+08 0
2.49189e+08 0
2.49637e+08 0
2.49648e+08 0
2.49659e+08 0
2.65348e+08 0
2.65359e+08 0
2.6537e+08 0
2.65381e+08 0
2.65393e+08 0
2.65404e+08 0
2.65415e+08 0
2.65426e+08 0
2.65437e+08 0
2.65482e+08 0
2.65505e+08 0
2.65516e+08 0
2.65527e+08 0
2.65538e+08 0
2.6555e+08 0
2.65572e+08 0
2.65606e+08 0
2.65617e+08 0
2.65628e+08 0
2.65707e+08 0
2.65729e+08 0
2.65752e+08 0
2.65774e+08 0
2.65819e+08 0
2.6583e+08 0
2.66333e+08 0
2.66345e+08 0
2.66356e+08 0
2.82573e+08 0
2.82584e+08 0
2.82596e+08 0
2.82618e+08 0
2.82629e+08 0
2.8264e+08 0
2.82663e+08 0
2.82674e+08 0
2.82685e+08 0
2.82708e+08 0
2.8273e+08 0
2.82741e+08 0
2.82753e+08 0
2.82764e+08 0
2.82786e+08 0
2.82809e+08 0
2.82831e+08 0
2.82888e+08 0
2.82943e+08 0
2.82966e+08 0
2.83122e+08 0
2.83145e+08 0
2.8319e+08 0
2.83245e+08 0
2.8329e+08 0
2.83313e+08 0
2.83693e+08 0
2.83716e+08 0
2.8376e+08 0
3.00377e+08 0
3.00388e+08 0
3.00399e+08 0
3.00422e+08 0
3.00433e+08 0
3.00444e+08 0
3.00466e+08 0
3.00489e+08 0
3.005e+08 0
3.00523e+08 0
3.00534e+08 0
3.00545e+08 0
3.00579e+08 0
3.0059e+08 0
3.00601e+08 0
3.00612e+08 0
3.00635e+08 0
3.00657e+08 0
3.00848e+08 0
3.00859e+08 0
3.00881e+08 0
3.01038e+08 0
3.01049e+08 0
3.01072e+08 0
3.01127e+08 0
3.01161e+08 0
3.01195e+08 0
3.01586e+08 0
3.0162e+08 0
3.01687e+08 0
3.18803e+08 0
3.18815e+08 0
3.18826e+08 0
3.18848e+08 0
3.18859e+08 0
3.18871e+08 0
3.18882e+08 0
3.18893e+08 0
3.18904e+08 0
3.18949e+08 0
3.18961e+08 0
3.18972e+08 0
3.18994e+08 0
3.19006e+08 0
3.19017e+08 0
3.19028e+08 0
3.19039e+08 0
3.1905e+08 0
3.19151e+08 0
3.19386e+08 0
3.19397e+08 0
3.19431e+08 0
3.19565e+08 0
3.19588e+08 0
3.19599e+08 0
3.1961e+08 0
3.19621e+08 0
3.19632e+08 0
3.20148e+08 0
3.20181e+08 0
3.20192e+08 0
3.37793e+08 0
3.37804e+08 0
3.37815e+08 0
3.37826e+08 0
3.37837e+08 0
3.37849e+08 0
3.37871e+08 0
3.37882e+08 0
3.37893e+08 0
3.3795e+08 0
3.37961e+08 0
3.37972e+08 0
3.38006e+08 0
3.38017e+08 0
3.38029e+08 0
3.3804e+08 0
3.38073e+08 0
3.38118e+08 0
3.38152e+08 0
3.38331e+08 0
3.38521e+08 0
3.38543e+08 0
3.38566e+08 0
3.3861e+08 0
3.38633e+08 0
3.38644e+08 0
3.38689e+08 0
3.38722e+08 0
3.38745e+08 0
3.39341e+08 0
3.3943e+08 0
3.39654e+08 0
3.57377e+08 0
3.57399e+08 0
3.57411e+08 0
3.57422e+08 0
3.57433e+08 0
3.57444e+08 0
3.57478e+08 0
3.57489e+08 0
3.575e+08 0
3.57647e+08 0
3.57691e+08 0
3.57714e+08 0
3.57781e+08 0
3.57792e+08 0
3.57803e+08 0
3.57814e+08 0
3.57826e+08 0
3.57837e+08 0
3.57859e+08 0
3.57904e+08 0
3.5796e+08 0
3.58172e+08 0
3.58195e+08 0
3.58229e+08 0
3.58273e+08 0
3.58284e+08 0
3.58329e+08 0
3.58352e+08 0
3.58363e+08 0
3.58374e+08 0
3.5933e+08 0
3.59397e+08 0
3.60292e+08 0
3.77523e+08 0
3.77534e+08 0
3.77545e+08 0
3.77556e+08 0
3.77579e+08 0
3.77601e+08 0
3.77613e+08 0
3.77624e+08 0
3.77635e+08 0
3.77871e+08 0
3.77882e+08 0
3.77904e+08 0
3.77972e+08 0
3.77994e+08 0
3.78016e+08 0
3.78028e+08 0
3.7805e+08 0
3.78061e+08 0
3.78072e+08 0
3.78084e+08 0
3.78095e+08 0
3.78274e+08 0
3.78285e+08 0
3.78363e+08 0
3.78397e+08 0
3.78419e+08 0
3.78442e+08 0
3.78487e+08 0
3.78498e+08 0
3.78509e+08 0
3.78543e+08 0
3.79826e+08 0
3.79971e+08 0
3.80809e+08 0
3.98253e+08 0
3.98264e+08 0
3.98275e+08 0
3.98287e+08 0
3.98309e+08 0
3.98332e+08 0
3.98343e+08 0
3.98354e+08 0
3.98366e+08 0
3.98579e+08 0
3.98601e+08 0
3.98634e+08 0
3.98691e+08 0
3.98702e+08 0
3.98713e+08 0
3.98724e+08 0
3.98747e+08 0
3.98758e+08 0
3.9878e+08 0
3.98803e+08 0
3.98814e+08 0
3.98836e+08 0
3.99015e+08 0
3.99026e+08 0
3.99071e+08 0
3.99105e+08 0
3.9915e+08 0
3.99161e+08 0
3.99206e+08 0
3.99217e+08 0
3.9925e+08 0
3.99262e+08 0
4.00718e+08 0
4.00908e+08 0
4.01803e+08 0
4.19638e+08 0
4.19649e+08 0
4.1966e+08 0
4.19671e+08 0
4.19716e+08 0
4.19728e+08 0
4.1975e+08 0
4.19762e+08 0
4.19773e+08 0
4.19863e+08 0
4.19874e+08 0
4.19885e+08 0
4.20098e+08 0
4.20109e+08 0
4.2012e+08 0
4.20131e+08 0
4.20154e+08 0
4.20165e+08 0
4.20176e+08 0
4.20187e+08 0
4.2021e+08 0
4.20232e+08 0
4.20255e+08 0
4.20433e+08 0
4.20445e+08 0
4.20456e+08 0
4.20523e+08 0
4.20546e+08 0
4.20568e+08 0
4.20602e+08 0
4.20624e+08 0
4.20658e+08 0
4.20669e+08 0
4.22255e+08 0
4.22624e+08 0
4.23529e+08 0
4.41543e+08 0
4.41565e+08 0
4.41577e+08 0
4.41588e+08 0
4.41655e+08 0
4.41666e+08 0
4.417e+08 0
4.41711e+08 0
4.41723e+08 0
4.4179e+08 0
4.41801e+08 0
4.41813e+08 0
4.41936e+08 0
4.41958e+08 0
4.41981e+08 0
4.4207e+08 0
4.42092e+08 0
4.42104e+08 0
4.42126e+08 0
4.42137e+08 0
4.42149e+08 0
4.4216e+08 0
4.42171e+08 0
4.42182e+08 0
4.42283e+08 0
4.42316e+08 0
4.42339e+08 0
4.42428e+08 0
4.42462e+08 0
4.42473e+08 0
4.42518e+08 0
4.4254e+08 0
4.42552e+08 0
4.42563e+08 0
4.44286e+08 0
4.44711e+08 0
4.45706e+08 0
4.63977e+08 0
4.63988e+08 0
4.63999e+08 0
4.64011e+08 0
4.64145e+08 0
4.64157e+08 0
4.64213e+08 0
4.64235e+08 0
4.64246e+08 0
4.64325e+08 0
4.64336e+08 0
4.64348e+08 0
4.6437e+08 0
4.64381e+08 0
4.64392e+08 0
4.6446e+08 0
4.64527e+08 0
4.64605e+08 0
4.64639e+08 0
4.64661e+08 0
4.64672e+08 0
4.64683e+08 0
4.64695e+08 0
4.64706e+08 0
4.64717e+08 0
4.64807e+08 0
4.64818e+08 0
4.64829e+08 0
4.64885e+08 0
4.64919e+08 0
4.6493e+08 0
4.64986e+08 0
4.65008e+08 0
4.65042e+08 0
4.65053e+08 0
4.66922e+08 0
4.6728e+08 0
4.68196e+08 0
4.87104e+08 0
4.87115e+08 0
4.87126e+08 0
4.87138e+08 0
4.87194e+08 0
4.87205e+08 0
4.87329e+08 0
4.87351e+08 0
4.87362e+08 0
4.87419e+08 0
4.8743e+08 0
4.87441e+08 0
4.87497e+08 0
4.87553e+08 0
4.87564e+08 0
4.87598e+08 0
4.87609e+08 0
4.87631e+08 0
4.87665e+08 0
4.8771e+08 0
4.87721e+08 0
4.87743e+08 0
4.87777e+08 0
4.87799e+08 0
4.8781e+08 0
4.87833e+08 0
4.87889e+08 0
4.879e+08 0
4.87911e+08 0
4.87979e+08 0
4.88001e+08 0
4.88012e+08 0
4.88057e+08 0
4.88079e+08 0
4.88091e+08 0
4.88124e+08 0
4.89792e+08 0
4.90407e+08 0
4.90999e+08 0
5.10768e+08 0
5.10779e+08 0
5.10801e+08 0
5.10824e+08 0
5.10891e+08 0
5.10902e+08 0
5.1097e+08 0
5.10981e+08 0
5.10992e+08 0
5.11127e+08 0
5.11138e+08 0
5.11149e+08 0
5.11172e+08 0
5.11194e+08 0
5.11206e+08 0
5.11217e+08 0
5.1125e+08 0
5.11295e+08 0
5.1134e+08 0
5.11385e+08 0
5.11485e+08 0
5.11496e+08 0
5.11508e+08 0
5.11519e+08 0
5.1153e+08 0
5.11541e+08 0
5.11564e+08 0
5.11642e+08 0
5.11653e+08 0
5.11665e+08 0
5.11676e+08 0
5.11698e+08 0
5.11732e+08 0
5.11788e+08 0
5.11799e+08 0
5.11855e+08 0
5.11866e+08 0
5.13355e+08 0
5.14071e+08 0
5.14518e+08 0
5.35035e+08 0
5.35046e+08 0
5.35069e+08 0
5.35091e+08 0
5.35192e+08 0
5.35226e+08 0
5.35271e+08 0
5.35282e+08 0
5.35304e+08 0
5.35372e+08 0
5.35395e+08 0
5.35417e+08 0
5.35428e+08 0
5.3544e+08 0
5.35451e+08 0
5.35473e+08 0
5.35484e+08 0
5.35529e+08 0
5.35574e+08 0
5.35652e+08 0
5.35675e+08 0
5.35686e+08 0
5.35697e+08 0
5.35719e+08 0
5.3573e+08 0
5.35742e+08 0
5.35786e+08 0
5.35798e+08 0
5.35943e+08 0
5.35954e+08 0
5.35999e+08 0
5.36033e+08 0
5.36055e+08 0
5.36067e+08 0
5.361e+08 0
5.36111e+08 0
5.36201e+08 0
5.36234e+08 0
5.37152e+08 0
5.38315e+08 0
5.38784e+08 0
5.59883e+08 0
5.59905e+08 0
5.59916e+08 0
5.59928e+08 0
5.60029e+08 0
5.6004e+08 0
5.60141e+08 0
5.60152e+08 0
5.60163e+08 0
5.60276e+08 0
5.60287e+08 0
5.60298e+08 0
5.60332e+08 0
5.60343e+08 0
5.60354e+08 0
5.60377e+08 0
5.60399e+08 0
5.6041e+08 0
5.60422e+08 0
5.60433e+08 0
5.605e+08 0
5.60522e+08 0
5.60533e+08 0
5.60545e+08 0
5.60556e+08 0
5.60567e+08 0
5.60578e+08 0
5.60589e+08 0
5.6078e+08 0
5.60791e+08 0
5.60802e+08 0
5.60825e+08 0
5.60847e+08 0
5.60881e+08 0
5.60925e+08 0
5.60948e+08 0
5.60959e+08 0
5.61138e+08 0
5.61172e+08 0
5.61576e+08 0
5.63153e+08 0
5.6341e+08 0
5.85202e+08 0
5.85213e+08 0
5.85246e+08 0
5.85269e+08 0
5.85414e+08 0
5.85426e+08 0
5.85515e+08 0
5.85526e+08 0
5.8556e+08 0
5.85717e+08 0
5.85728e+08 0
5.85751e+08 0
5.85785e+08 0
5.85796e+08 0
5.85819e+08 0
5.8583e+08 0
5.85841e+08 0
5.85852e+08 0
5.85863e+08 0
5.85875e+08 0
5.85897e+08 0
5.85908e+08 0
5.85919e+08 0
5.85931e+08 0
5.85942e+08 0
5.85953e+08 0
5.85975e+08 0
5.85998e+08 0
5.86087e+08 0
5.86099e+08 0
5.8611e+08 0
5.86132e+08 0
5.86155e+08 0
5.86199e+08 0
5.86211e+08 0
5.863e+08 0
5.86345e+08 0
5.86356e+08 0
5.86457e+08 0
5.8649e+08 0
5.86861e+08 0
5.88435e+08 0
5.88659e+08 0
6.10741e+08 0
6.10752e+08 0
6.10764e+08 0
6.10786e+08 0
6.10976e+08 0
6.11032e+08 0
6.11066e+08 0
6.11077e+08 0
6.111e+08 0
6.11234e+08 0
6.11245e+08 0
6.11324e+08 0
6.11358e+08 0
6.11369e+08 0
6.1138e+08 0
6.11392e+08 0
6.11403e+08 0
6.11414e+08 0
6.11425e+08 0
6.11436e+08 0
6.11493e+08 0
6.11504e+08 0
6.11515e+08 0
6.11526e+08 0
6.11537e+08 0
6.11549e+08 0
6.1156e+08 0
6.11571e+08 0
6.11627e+08 0
6.1165e+08 0
6.11672e+08 0
6.11694e+08 0
6.11706e+08 0
6.11728e+08 0
6.11739e+08 0
6.1175e+08 0
6.11784e+08 0
6.11795e+08 0
6.11806e+08 0
6.11885e+08 0
6.11941e+08 0
6.12658e+08 0
6.14054e+08 0
6.14614e+08 0
6.2644e+08 0
6.26452e+08 0
6.26463e+08 0
