299155 0
911493 0
1.50382e+06 0
2.09614e+06 0
2.68846e+06 0
3.2808e+06 0
3.87317e+06 0
4.46557e+06 0
5.05804e+06 0
5.65071e+06 0
6.24372e+06 0
6.93796e+06 0
7.61133e+06 0
7.63368e+06 0
9.07972e+06 0
9.10207e+06 0
1.01893e+07 0
1.02116e+07 0
1.02675e+07 0
1.28278e+07 0
1.28837e+07 0
1.29396e+07 0
1.29843e+07 0
1.49276e+07 0
1.49723e+07 0
1.5017e+07 0
1.50618e+07 0
1.50841e+07 0
1.81834e+07 0
1.8284e+07 0
1.83064e+07 0
1.83287e+07 0
1.84518e+07 0
1.8463e+07 0
2.18739e+07 0
2.19298e+07 0
2.2008e+07 0
2.2198e+07 0
2.23881e+07 0
2.24328e+07 0
2.2444e+07 0
2.60114e+07 0
2.60561e+07 0
2.61008e+07 0
2.62685e+07 0
2.63914e+07 0
2.64026e+07 0
2.64138e+07 0
3.03392e+07 0
3.03839e+07 0
3.0451e+07 0
3.04845e+07 0
3.06634e+07 0
3.07304e+07 0
3.07528e+07 0
3.07975e+07 0
3.52819e+07 0
3.53042e+07 0
3.53266e+07 0
3.53378e+07 0
3.53713e+07 0
3.54384e+07 0
3.54831e+07 0
3.55278e+07 0
3.56954e+07 0
4.07948e+07 0
4.08284e+07 0
4.08954e+07 0
4.10184e+07 0
4.10855e+07 0
4.11414e+07 0
4.11861e+07 0
4.12197e+07 0
4.1242e+07 0
4.13203e+07 0
4.65878e+07 0
4.68001e+07 0
4.68896e+07 0
4.69678e+07 0
4.71578e+07 0
4.72137e+07 0
4.7482e+07 0
4.75379e+07 0
4.75491e+07 0
4.75826e+07 0
4.75938e+07 0
5.34092e+07 0
5.34651e+07 0
5.35322e+07 0
5.35769e+07 0
5.36328e+07 0
5.36886e+07 0
5.40463e+07 0
5.41022e+07 0
5.41358e+07 0
5.42365e+07 0
5.43259e+07 0
5.43706e+07 0
6.05664e+07 0
6.06111e+07 0
6.06781e+07 0
6.0734e+07 0
6.08011e+07 0
6.08682e+07 0
6.12482e+07 0
6.14047e+07 0
6.14494e+07 0
6.14941e+07 0
6.16953e+07 0
6.17848e+07 0
6.18071e+07 0
6.89533e+07 0
6.91769e+07 0
6.92439e+07 0
6.93222e+07 0
6.93557e+07 0
6.93781e+07 0
6.96016e+07 0
6.9624e+07 0
6.96351e+07 0
6.96463e+07 0
6.96575e+07 0
6.98029e+07 0
6.98476e+07 0
6.98923e+07 0
7.72958e+07 0
7.73629e+07 0
7.73741e+07 0
7.74188e+07 0
7.74635e+07 0
7.75082e+07 0
7.77094e+07 0
7.77318e+07 0
7.7743e+07 0
7.78547e+07 0
7.79218e+07 0
7.79777e+07 0
7.84361e+07 0
7.84585e+07 0
7.85032e+07 0
8.67342e+07 0
8.68124e+07 0
8.68571e+07 0
8.68906e+07 0
8.69354e+07 0
8.69801e+07 0
8.71254e+07 0
8.71478e+07 0
8.71813e+07 0
8.72149e+07 0
8.72484e+07 0
8.72819e+07 0
8.73043e+07 0
8.76396e+07 0
8.7662e+07 0
8.76843e+07 0
9.61726e+07 0
9.62062e+07 0
9.62621e+07 0
9.62845e+07 0
9.63515e+07 0
9.63739e+07 0
9.65416e+07 0
9.66198e+07 0
9.66534e+07 0
9.66869e+07 0
9.67541e+07 0
9.68658e+07 0
9.69105e+07 0
9.71565e+07 0
9.72236e+07 0
9.72906e+07 0
9.73577e+07 0
1.06383e+08 0
1.06606e+08 0
1.06662e+08 0
1.06718e+08 0
1.06763e+08 0
1.06819e+08 0
1.06964e+08 0
1.06998e+08 0
1.0702e+08 0
1.07042e+08 0
1.073e+08 0
1.07378e+08 0
1.074e+08 0
1.07657e+08 0
1.07758e+08 0
1.07847e+08 0
1.07948e+08 0
1.07993e+08 0
1.17197e+08 0
1.17309e+08 0
1.17342e+08 0
1.17387e+08 0
1.17476e+08 0
1.17644e+08 0
1.17879e+08 0
1.17912e+08 0
1.1798e+08 0
1.18058e+08 0
1.18203e+08 0
1.18225e+08 0
1.18281e+08 0
1.18438e+08 0
1.1855e+08 0
1.18583e+08 0
1.18728e+08 0
1.18818e+08 0
1.18863e+08 0
1.28559e+08 0
1.28682e+08 0
1.28894e+08 0
1.28905e+08 0
1.28928e+08 0
1.29084e+08 0
1.29275e+08 0
1.29308e+08 0
1.29364e+08 0
1.29453e+08 0
1.29532e+08 0
1.29599e+08 0
1.2971e+08 0
1.29755e+08 0
1.29811e+08 0
1.30023e+08 0
1.30079e+08 0
1.30169e+08 0
1.30236e+08 0
1.30303e+08 0
1.40324e+08 0
1.40402e+08 0
1.40737e+08 0
1.40804e+08 0
1.40916e+08 0
1.41173e+08 0
1.41274e+08 0
1.41319e+08 0
1.41363e+08 0
1.41419e+08 0
1.41464e+08 0
1.4152e+08 0
1.41565e+08 0
1.41609e+08 0
1.41632e+08 0
1.41844e+08 0
1.41945e+08 0
1.42045e+08 0
1.42146e+08 0
1.42224e+08 0
1.42325e+08 0
1.52592e+08 0
1.52715e+08 0
1.53307e+08 0
1.53396e+08 0
1.5352e+08 0
1.53766e+08 0
1.53821e+08 0
1.53844e+08 0
1.53877e+08 0
1.53933e+08 0
1.54034e+08 0
1.54067e+08 0
1.54101e+08 0
1.54168e+08 0
1.54313e+08 0
1.54425e+08 0
1.54548e+08 0
1.54637e+08 0
1.54693e+08 0
1.5485e+08 0
1.5495e+08 0
1.55017e+08 0
1.65162e+08 0
1.6524e+08 0
1.6628e+08 0
1.6638e+08 0
1.66582e+08 0
1.66794e+08 0
1.66828e+08 0
1.66884e+08 0
1.66917e+08 0
1.66939e+08 0
1.67006e+08 0
1.67062e+08 0
1.67129e+08 0
1.67208e+08 0
1.67275e+08 0
1.67386e+08 0
1.67454e+08 0
1.67521e+08 0
1.67599e+08 0
1.67822e+08 0
1.68057e+08 0
1.68214e+08 0
1.7876e+08 0
1.78861e+08 0
1.79398e+08 0
1.79711e+08 0
1.798e+08 0
1.79968e+08 0
1.8018e+08 0
1.80292e+08 0
1.80337e+08 0
1.80393e+08 0
1.80437e+08 0
1.80471e+08 0
1.80527e+08 0
1.80627e+08 0
1.80762e+08 0
1.80851e+08 0
1.80918e+08 0
1.80974e+08 0
1.81019e+08 0
1.81063e+08 0
1.8122e+08 0
1.81555e+08 0
1.81633e+08 0
1.92393e+08 0
1.92426e+08 0
1.92449e+08 0
1.9284e+08 0
1.93611e+08 0
1.93756e+08 0
1.93969e+08 0
1.94282e+08 0
1.94327e+08 0
1.94439e+08 0
1.94506e+08 0
1.9455e+08 0
1.94606e+08 0
1.94651e+08 0
1.94796e+08 0
1.94942e+08 0
1.95009e+08 0
1.95053e+08 0
1.95098e+08 0
1.95154e+08 0
1.9521e+08 0
1.95232e+08 0
1.95623e+08 0
1.95657e+08 0
2.06696e+08 0
2.06729e+08 0
2.06741e+08 0
2.07165e+08 0
2.07232e+08 0
2.0816e+08 0
2.08227e+08 0
2.08731e+08 0
2.08921e+08 0
2.08954e+08 0
2.0901e+08 0
2.09234e+08 0
2.09312e+08 0
2.0939e+08 0
2.09513e+08 0
2.09547e+08 0
2.09614e+08 0
2.09658e+08 0
2.0967e+08 0
2.09725e+08 0
2.0986e+08 0
2.09938e+08 0
2.09983e+08 0
2.1024e+08 0
2.10329e+08 0
2.21648e+08 0
2.21681e+08 0
2.21704e+08 0
2.22129e+08 0
2.22218e+08 0
2.22296e+08 0
2.2309e+08 0
2.23325e+08 0
2.2394e+08 0
2.24208e+08 0
2.24286e+08 0
2.24443e+08 0
2.24588e+08 0
2.24633e+08 0
2.24689e+08 0
2.24744e+08 0
2.24834e+08 0
2.2489e+08 0
2.24923e+08 0
2.24979e+08 0
2.25102e+08 0
2.25158e+08 0
2.2518e+08 0
2.25214e+08 0
2.25393e+08 0
2.25527e+08 0
2.37326e+08 0
2.3736e+08 0
2.37393e+08 0
2.37763e+08 0
2.37919e+08 0
2.37997e+08 0
2.38802e+08 0
2.38836e+08 0
2.39015e+08 0
2.39719e+08 0
2.403e+08 0
2.40334e+08 0
2.40501e+08 0
2.40568e+08 0
2.40613e+08 0
2.40669e+08 0
2.40714e+08 0
2.40758e+08 0
2.40803e+08 0
2.40837e+08 0
2.40881e+08 0
2.40937e+08 0
2.40948e+08 0
2.4106e+08 0
2.41105e+08 0
2.41161e+08 0
2.41306e+08 0
2.53508e+08 0
2.53542e+08 0
2.53564e+08 0
2.54001e+08 0
2.54425e+08 0
2.54504e+08 0
2.55018e+08 0
2.55063e+08 0
2.55096e+08 0
2.55253e+08 0
2.56069e+08 0
2.56639e+08 0
2.56728e+08 0
2.56784e+08 0
2.56851e+08 0
2.56918e+08 0
2.56974e+08 0
2.57019e+08 0
2.57052e+08 0
2.57119e+08 0
2.57175e+08 0
2.57265e+08 0
2.57287e+08 0
2.57332e+08 0
2.57466e+08 0
2.57488e+08 0
2.57544e+08 0
2.57634e+08 0
2.70283e+08 0
2.70317e+08 0
2.7035e+08 0
2.71167e+08 0
2.71357e+08 0
2.71446e+08 0
2.7186e+08 0
2.71916e+08 0
2.71983e+08 0
2.72195e+08 0
2.72262e+08 0
2.73145e+08 0
2.73603e+08 0
2.73693e+08 0
2.73782e+08 0
2.73827e+08 0
2.73883e+08 0
2.73928e+08 0
2.73983e+08 0
2.74039e+08 0
2.74106e+08 0
2.7414e+08 0
2.74207e+08 0
2.74364e+08 0
2.74386e+08 0
2.74431e+08 0
2.74475e+08 0
2.74554e+08 0
2.74666e+08 0
2.87639e+08 0
2.87684e+08 0
2.8774e+08 0
2.88668e+08 0
2.8878e+08 0
2.8888e+08 0
2.89261e+08 0
2.89339e+08 0
2.89406e+08 0
2.89663e+08 0
2.89697e+08 0
2.89764e+08 0
2.90904e+08 0
2.91172e+08 0
2.91373e+08 0
2.91429e+08 0
2.91485e+08 0
2.91541e+08 0
2.91608e+08 0
2.9163e+08 0
2.91664e+08 0
2.91753e+08 0
2.91787e+08 0
2.91832e+08 0
2.91932e+08 0
2.91955e+08 0
2.92011e+08 0
2.92055e+08 0
2.92089e+08 0
2.92279e+08 0
3.05678e+08 0
3.05745e+08 0
3.05823e+08 0
3.06729e+08 0
3.0683e+08 0
3.06908e+08 0
3.07232e+08 0
3.07422e+08 0
3.07478e+08 0
3.07679e+08 0
3.07802e+08 0
3.07847e+08 0
3.09076e+08 0
3.09088e+08 0
3.09423e+08 0
3.09557e+08 0
3.09613e+08 0
3.09635e+08 0
3.09725e+08 0
3.09892e+08 0
3.09926e+08 0
3.09971e+08 0
3.10015e+08 0
3.1006e+08 0
3.10094e+08 0
3.10116e+08 0
3.10127e+08 0
3.10172e+08 0
3.10284e+08 0
3.10351e+08 0
3.10552e+08 0
3.24231e+08 0
3.24287e+08 0
3.24387e+08 0
3.25092e+08 0
3.25181e+08 0
3.25416e+08 0
3.2593e+08 0
3.26232e+08 0
3.26321e+08 0
3.26467e+08 0
3.26657e+08 0
3.26724e+08 0
3.27953e+08 0
3.27998e+08 0
3.28065e+08 0
3.28266e+08 0
3.283e+08 0
3.28334e+08 0
3.28367e+08 0
3.28613e+08 0
3.28714e+08 0
3.28725e+08 0
3.28781e+08 0
3.28792e+08 0
3.28803e+08 0
3.28825e+08 0
3.28926e+08 0
3.28971e+08 0
3.29038e+08 0
3.29094e+08 0
3.2915e+08 0
3.29194e+08 0
3.4341e+08 0
3.43432e+08 0
3.43555e+08 0
3.44305e+08 0
3.44372e+08 0
3.44618e+08 0
3.45154e+08 0
3.45668e+08 0
3.45713e+08 0
3.45791e+08 0
3.46059e+08 0
3.46115e+08 0
3.47222e+08 0
3.47367e+08 0
3.47412e+08 0
3.47658e+08 0
3.47692e+08 0
3.47759e+08 0
3.47803e+08 0
3.4787e+08 0
3.48016e+08 0
3.48072e+08 0
3.48116e+08 0
3.48306e+08 0
3.48329e+08 0
3.4834e+08 0
3.48351e+08 0
3.48373e+08 0
3.48385e+08 0
3.48418e+08 0
3.48429e+08 0
3.48563e+08 0
3.48597e+08 0
3.63126e+08 0
3.63215e+08 0
3.6335e+08 0
3.64155e+08 0
3.64233e+08 0
3.64501e+08 0
3.65004e+08 0
3.65406e+08 0
3.65462e+08 0
3.65529e+08 0
3.66021e+08 0
3.66055e+08 0
3.6734e+08 0
3.67407e+08 0
3.67452e+08 0
3.67564e+08 0
3.67598e+08 0
3.6762e+08 0
3.67676e+08 0
3.67754e+08 0
3.67877e+08 0
3.67989e+08 0
3.68067e+08 0
3.68156e+08 0
3.68223e+08 0
3.68235e+08 0
3.68268e+08 0
3.68291e+08 0
3.6838e+08 0
3.68402e+08 0
3.68414e+08 0
3.68492e+08 0
3.68514e+08 0
3.68548e+08 0
3.83435e+08 0
3.83535e+08 0
3.83826e+08 0
3.8491e+08 0
3.84966e+08 0
3.85357e+08 0
3.8557e+08 0
3.86039e+08 0
3.86162e+08 0
3.86196e+08 0
3.8652e+08 0
3.86553e+08 0
3.87794e+08 0
3.8785e+08 0
3.87906e+08 0
3.87995e+08 0
3.8804e+08 0
3.88074e+08 0
3.88118e+08 0
3.88163e+08 0
3.88297e+08 0
3.88364e+08 0
3.88465e+08 0
3.8861e+08 0
3.88655e+08 0
3.88767e+08 0
3.888e+08 0
3.88823e+08 0
3.8889e+08 0
3.88935e+08 0
3.88946e+08 0
3.88957e+08 0
3.8899e+08 0
3.89024e+08 0
3.89069e+08 0
4.04549e+08 0
4.04604e+08 0
4.04783e+08 0
4.05957e+08 0
4.06058e+08 0
4.06203e+08 0
4.06628e+08 0
4.0703e+08 0
4.07131e+08 0
4.07187e+08 0
4.07477e+08 0
4.07544e+08 0
4.08808e+08 0
4.08886e+08 0
4.08953e+08 0
4.09009e+08 0
4.09087e+08 0
4.09165e+08 0
4.09199e+08 0
4.09255e+08 0
4.09299e+08 0
4.09411e+08 0
4.09445e+08 0
4.0959e+08 0
4.09657e+08 0
4.09679e+08 0
4.09791e+08 0
4.09825e+08 0
4.09869e+08 0
4.10003e+08 0
4.10026e+08 0
4.10037e+08 0
4.10059e+08 0
4.10071e+08 0
4.10093e+08 0
4.10138e+08 0
4.26043e+08 0
4.26099e+08 0
4.26322e+08 0
4.27652e+08 0
4.27876e+08 0
4.27898e+08 0
4.28558e+08 0
4.28658e+08 0
4.28904e+08 0
4.28938e+08 0
4.2915e+08 0
4.29228e+08 0
4.30671e+08 0
4.30704e+08 0
4.30793e+08 0
4.30827e+08 0
4.30838e+08 0
4.30872e+08 0
4.30916e+08 0
4.30983e+08 0
4.31028e+08 0
4.31084e+08 0
4.31118e+08 0
4.31151e+08 0
4.31185e+08 0
4.31241e+08 0
4.31285e+08 0
4.31453e+08 0
4.31498e+08 0
4.31531e+08 0
4.31665e+08 0
4.31699e+08 0
4.3171e+08 0
4.31732e+08 0
4.31744e+08 0
4.31766e+08 0
4.31788e+08 0
4.48208e+08 0
4.48264e+08 0
4.48599e+08 0
4.49929e+08 0
4.5022e+08 0
4.50265e+08 0
4.50857e+08 0
4.51047e+08 0
4.51114e+08 0
4.5117e+08 0
4.51427e+08 0
4.51472e+08 0
4.52891e+08 0
4.52947e+08 0
4.53014e+08 0
4.53048e+08 0
4.53104e+08 0
4.53171e+08 0
4.53238e+08 0
4.53294e+08 0
4.53327e+08 0
4.53372e+08 0
4.53417e+08 0
4.53461e+08 0
4.53506e+08 0
4.53551e+08 0
4.53584e+08 0
4.53719e+08 0
4.53774e+08 0
4.53819e+08 0
4.53841e+08 0
4.53931e+08 0
4.53964e+08 0
4.53987e+08 0
4.54032e+08 0
4.54054e+08 0
4.54076e+08 0
4.54088e+08 0
4.70999e+08 0
4.71089e+08 0
4.71547e+08 0
4.72966e+08 0
4.73168e+08 0
4.73223e+08 0
4.73581e+08 0
4.73659e+08 0
4.73738e+08 0
4.73816e+08 0
4.74252e+08 0
4.74285e+08 0
4.75806e+08 0
4.7585e+08 0
4.75884e+08 0
4.75929e+08 0
4.76007e+08 0
4.76074e+08 0
4.7613e+08 0
4.76163e+08 0
4.76208e+08 0
4.76242e+08 0
4.76331e+08 0
4.7642e+08 0
4.76476e+08 0
4.76521e+08 0
4.76566e+08 0
4.7661e+08 0
4.76644e+08 0
4.767e+08 0
4.76745e+08 0
4.76778e+08 0
4.768e+08 0
4.76823e+08 0
4.76856e+08 0
4.76935e+08 0
4.76968e+08 0
4.77002e+08 0
4.77013e+08 0
4.94461e+08 0
4.94517e+08 0
4.95087e+08 0
4.96205e+08 0
4.96473e+08 0
4.96663e+08 0
4.9701e+08 0
4.97088e+08 0
4.97289e+08 0
4.97368e+08 0
4.9758e+08 0
4.97681e+08 0
4.99223e+08 0
4.99246e+08 0
4.99391e+08 0
4.99424e+08 0
4.99447e+08 0
4.99503e+08 0
4.99559e+08 0
4.99626e+08 0
4.99682e+08 0
4.99749e+08 0
4.99816e+08 0
4.99927e+08 0
4.99983e+08 0
5.00028e+08 0
5.00062e+08 0
5.00084e+08 0
5.00095e+08 0
5.00173e+08 0
5.00196e+08 0
5.00218e+08 0
5.00252e+08 0
5.00274e+08 0
5.0033e+08 0
5.00341e+08 0
5.00419e+08 0
5.00431e+08 0
5.00464e+08 0
5.00509e+08 0
5.18673e+08 0
5.18874e+08 0
5.18997e+08 0
5.20137e+08 0
5.20383e+08 0
5.20595e+08 0
5.21165e+08 0
5.21344e+08 0
5.21445e+08 0
5.2149e+08 0
5.2159e+08 0
5.21657e+08 0
5.23245e+08 0
5.23323e+08 0
5.23379e+08 0
5.23412e+08 0
5.23513e+08 0
5.2358e+08 0
5.23614e+08 0
5.23681e+08 0
5.23748e+08 0
5.23804e+08 0
5.23904e+08 0
5.23949e+08 0
5.23971e+08 0
5.24049e+08 0
5.24083e+08 0
5.24139e+08 0
5.24161e+08 0
5.24184e+08 0
5.24251e+08 0
5.24284e+08 0
5.24329e+08 0
5.24351e+08 0
5.24374e+08 0
5.24407e+08 0
5.24418e+08 0
5.24486e+08 0
5.24508e+08 0
5.24542e+08 0
5.24586e+08 0
5.43175e+08 0
5.43253e+08 0
5.43477e+08 0
5.44595e+08 0
5.44941e+08 0
5.45154e+08 0
5.4578e+08 0
5.45869e+08 0
5.45947e+08 0
5.46026e+08 0
5.46126e+08 0
5.46205e+08 0
5.47837e+08 0
5.47904e+08 0
5.47959e+08 0
5.48038e+08 0
5.48116e+08 0
5.48194e+08 0
5.48261e+08 0
5.48328e+08 0
5.48496e+08 0
5.48507e+08 0
5.48552e+08 0
5.48585e+08 0
5.48608e+08 0
5.48686e+08 0
5.48731e+08 0
5.48764e+08 0
5.48831e+08 0
5.48865e+08 0
5.48898e+08 0
5.48921e+08 0
5.48965e+08 0
5.48977e+08 0
5.48999e+08 0
5.49044e+08 0
5.49055e+08 0
5.49077e+08 0
5.49279e+08 0
5.4929e+08 0
5.49312e+08 0
5.49335e+08 0
5.68326e+08 0
5.68449e+08 0
5.68561e+08 0
5.69857e+08 0
5.70092e+08 0
5.70316e+08 0
5.70785e+08 0
5.70852e+08 0
5.70942e+08 0
5.71121e+08 0
5.71277e+08 0
5.71345e+08 0
5.72775e+08 0
5.72831e+08 0
5.72965e+08 0
5.73055e+08 0
5.73144e+08 0
5.73211e+08 0
5.73267e+08 0
5.73323e+08 0
5.7339e+08 0
5.73435e+08 0
5.73803e+08 0
5.73815e+08 0
5.73859e+08 0
5.73871e+08 0
5.73915e+08 0
5.7396e+08 0
5.74016e+08 0
5.74072e+08 0
5.74105e+08 0
5.7415e+08 0
5.74172e+08 0
5.74195e+08 0
5.74228e+08 0
5.74239e+08 0
5.74251e+08 0
5.74306e+08 0
5.74318e+08 0
5.74519e+08 0
5.7453e+08 0
5.74553e+08 0
5.74575e+08 0
5.93891e+08 0
5.93969e+08 0
5.94193e+08 0
5.95601e+08 0
5.95735e+08 0
5.9597e+08 0
5.96339e+08 0
5.96496e+08 0
5.96551e+08 0
5.96809e+08 0
5.97021e+08 0
5.97278e+08 0
5.98508e+08 0
5.98586e+08 0
5.98765e+08 0
5.98821e+08 0
5.98899e+08 0
5.98966e+08 0
5.99011e+08 0
5.99067e+08 0
5.99134e+08 0
5.99189e+08 0
5.99592e+08 0
5.99625e+08 0
5.99659e+08 0
5.99693e+08 0
5.99704e+08 0
5.99737e+08 0
5.9986e+08 0
5.99894e+08 0
5.99916e+08 0
5.99938e+08 0
5.99961e+08 0
5.99983e+08 0
6.00017e+08 0
6.00073e+08 0
6.00084e+08 0
6.00106e+08 0
6.00128e+08 0
6.0014e+08 0
6.00352e+08 0
6.00375e+08 0
6.0043e+08 0
6.00453e+08 0
6.12347e+08 0
6.12369e+08 0
6.12381e+08 0
