637676 0
1.23e+06 0
1.82232e+06 0
2.41464e+06 0
3.00697e+06 0
3.5993e+06 0
4.19166e+06 0
4.78407e+06 0
5.37656e+06 0
5.96921e+06 0
6.56222e+06 0
7.24531e+06 0
8.09218e+06 0
8.11453e+06 0
9.72137e+06 0
9.76608e+06 0
1.16e+07 0
1.16224e+07 0
1.16447e+07 0
1.50857e+07 0
1.5108e+07 0
1.51304e+07 0
1.51415e+07 0
1.82043e+07 0
1.82155e+07 0
1.82266e+07 0
1.8249e+07 0
1.82714e+07 0
2.26705e+07 0
2.26817e+07 0
2.26929e+07 0
2.27041e+07 0
2.27153e+07 0
2.27377e+07 0
2.65444e+07 0
2.66114e+07 0
2.67567e+07 0
2.6768e+07 0
2.68686e+07 0
2.6891e+07 0
2.69022e+07 0
3.14251e+07 0
3.14474e+07 0
3.15369e+07 0
3.15481e+07 0
3.15594e+07 0
3.15706e+07 0
3.15929e+07 0
3.62203e+07 0
3.62315e+07 0
3.62427e+07 0
3.63433e+07 0
3.63768e+07 0
3.65111e+07 0
3.65446e+07 0
3.65558e+07 0
4.19837e+07 0
4.20172e+07 0
4.20619e+07 0
4.20955e+07 0
4.22296e+07 0
4.2252e+07 0
4.25204e+07 0
4.25763e+07 0
4.25986e+07 0
4.78054e+07 0
4.78725e+07 0
4.79508e+07 0
4.8029e+07 0
4.80513e+07 0
4.83755e+07 0
4.83979e+07 0
4.85657e+07 0
4.86106e+07 0
4.86441e+07 0
5.4473e+07 0
5.45289e+07 0
5.48083e+07 0
5.48754e+07 0
5.48978e+07 0
5.4909e+07 0
5.5289e+07 0
5.53225e+07 0
5.55686e+07 0
5.56023e+07 0
5.56135e+07 0
6.17949e+07 0
6.18396e+07 0
6.19514e+07 0
6.19962e+07 0
6.20074e+07 0
6.20297e+07 0
6.23762e+07 0
6.24209e+07 0
6.2488e+07 0
6.28012e+07 0
6.30137e+07 0
6.31143e+07 0
6.96368e+07 0
6.96927e+07 0
6.97821e+07 0
6.9838e+07 0
6.98716e+07 0
6.99163e+07 0
7.00393e+07 0
7.00952e+07 0
7.01063e+07 0
7.01175e+07 0
7.0699e+07 0
7.08891e+07 0
7.09674e+07 0
7.76773e+07 0
7.78673e+07 0
7.80015e+07 0
7.80797e+07 0
7.81132e+07 0
7.8348e+07 0
7.84934e+07 0
7.8527e+07 0
7.85605e+07 0
7.85717e+07 0
7.86052e+07 0
7.89857e+07 0
7.91758e+07 0
7.92988e+07 0
8.56511e+07 0
8.58187e+07 0
8.63775e+07 0
8.68134e+07 0
8.70481e+07 0
8.7283e+07 0
8.74394e+07 0
8.74618e+07 0
8.75065e+07 0
8.75624e+07 0
8.75848e+07 0
8.7596e+07 0
8.78871e+07 0
8.7943e+07 0
8.80325e+07 0
9.4852e+07 0
9.49973e+07 0
9.53102e+07 0
9.55002e+07 0
9.67296e+07 0
9.69867e+07 0
9.71209e+07 0
9.71767e+07 0
9.72326e+07 0
9.72773e+07 0
9.72997e+07 0
9.7322e+07 0
9.73444e+07 0
9.77361e+07 0
9.77697e+07 0
9.78927e+07 0
1.05733e+08 0
1.05878e+08 0
1.06079e+08 0
1.06247e+08 0
1.07051e+08 0
1.07219e+08 0
1.07308e+08 0
1.0742e+08 0
1.07443e+08 0
1.0751e+08 0
1.07532e+08 0
1.07566e+08 0
1.07577e+08 0
1.07935e+08 0
1.07957e+08 0
1.07991e+08 0
1.08125e+08 0
1.16345e+08 0
1.16647e+08 0
1.16736e+08 0
1.17083e+08 0
1.17418e+08 0
1.17709e+08 0
1.17977e+08 0
1.18212e+08 0
1.18257e+08 0
1.18268e+08 0
1.18324e+08 0
1.18447e+08 0
1.18469e+08 0
1.18928e+08 0
1.1895e+08 0
1.18961e+08 0
1.19073e+08 0
1.19129e+08 0
1.26578e+08 0
1.26813e+08 0
1.26992e+08 0
1.27159e+08 0
1.28422e+08 0
1.28914e+08 0
1.29037e+08 0
1.29685e+08 0
1.29741e+08 0
1.29764e+08 0
1.29808e+08 0
1.29954e+08 0
1.30032e+08 0
1.30412e+08 0
1.30435e+08 0
1.30446e+08 0
1.30457e+08 0
1.3048e+08 0
1.30603e+08 0
1.37247e+08 0
1.37649e+08 0
1.38946e+08 0
1.39091e+08 0
1.39773e+08 0
1.40097e+08 0
1.40287e+08 0
1.41516e+08 0
1.41774e+08 0
1.41997e+08 0
1.4202e+08 0
1.42075e+08 0
1.42154e+08 0
1.42601e+08 0
1.42635e+08 0
1.42657e+08 0
1.42668e+08 0
1.4268e+08 0
1.42691e+08 0
1.42736e+08 0
1.48979e+08 0
1.49504e+08 0
1.50666e+08 0
1.51147e+08 0
1.51974e+08 0
1.52242e+08 0
1.52365e+08 0
1.53147e+08 0
1.54153e+08 0
1.54589e+08 0
1.54668e+08 0
1.54757e+08 0
1.54902e+08 0
1.55328e+08 0
1.5535e+08 0
1.55384e+08 0
1.55417e+08 0
1.55451e+08 0
1.55473e+08 0
1.55495e+08 0
1.55507e+08 0
1.61583e+08 0
1.62399e+08 0
1.63024e+08 0
1.63617e+08 0
1.63952e+08 0
1.6507e+08 0
1.65237e+08 0
1.65729e+08 0
1.66869e+08 0
1.67339e+08 0
1.67685e+08 0
1.67909e+08 0
1.67998e+08 0
1.68647e+08 0
1.68658e+08 0
1.68748e+08 0
1.6877e+08 0
1.68792e+08 0
1.68804e+08 0
1.68826e+08 0
1.6886e+08 0
1.68871e+08 0
1.75365e+08 0
1.76539e+08 0
1.78059e+08 0
1.78863e+08 0
1.79042e+08 0
1.79646e+08 0
1.8026e+08 0
1.80327e+08 0
1.80685e+08 0
1.80763e+08 0
1.8083e+08 0
1.81211e+08 0
1.81267e+08 0
1.81915e+08 0
1.81938e+08 0
1.82016e+08 0
1.8205e+08 0
1.82094e+08 0
1.8215e+08 0
1.82162e+08 0
1.82184e+08 0
1.82206e+08 0
1.88281e+08 0
1.88416e+08 0
1.89656e+08 0
1.90506e+08 0
1.9216e+08 0
1.92338e+08 0
1.92439e+08 0
1.92752e+08 0
1.92853e+08 0
1.94406e+08 0
1.94585e+08 0
1.94641e+08 0
1.9501e+08 0
1.95133e+08 0
1.95525e+08 0
1.95547e+08 0
1.95704e+08 0
1.95771e+08 0
1.95827e+08 0
1.9586e+08 0
1.95894e+08 0
1.95916e+08 0
1.95972e+08 0
2.0275e+08 0
2.02795e+08 0
2.02839e+08 0
2.04102e+08 0
2.04952e+08 0
2.0655e+08 0
2.07567e+08 0
2.07779e+08 0
2.07925e+08 0
2.08081e+08 0
2.08584e+08 0
2.08897e+08 0
2.08998e+08 0
2.09624e+08 0
2.09803e+08 0
2.10217e+08 0
2.10239e+08 0
2.10262e+08 0
2.10362e+08 0
2.10396e+08 0
2.10429e+08 0
2.10474e+08 0
2.10497e+08 0
2.10552e+08 0
2.16666e+08 0
2.16721e+08 0
2.169e+08 0
2.18264e+08 0
2.18342e+08 0
2.19504e+08 0
2.20153e+08 0
2.20399e+08 0
2.20734e+08 0
2.20935e+08 0
2.21337e+08 0
2.22019e+08 0
2.22511e+08 0
2.2345e+08 0
2.24691e+08 0
2.24803e+08 0
2.25127e+08 0
2.2515e+08 0
2.25183e+08 0
2.25373e+08 0
2.25407e+08 0
2.25418e+08 0
2.25429e+08 0
2.25441e+08 0
2.25463e+08 0
2.32176e+08 0
2.32299e+08 0
2.32668e+08 0
2.33864e+08 0
2.33965e+08 0
2.34054e+08 0
2.35027e+08 0
2.35831e+08 0
2.35999e+08 0
2.36759e+08 0
2.37016e+08 0
2.37262e+08 0
2.37586e+08 0
2.38245e+08 0
2.39128e+08 0
2.40425e+08 0
2.40548e+08 0
2.40806e+08 0
2.40817e+08 0
2.40918e+08 0
2.41063e+08 0
2.41097e+08 0
2.41108e+08 0
2.4113e+08 0
2.41175e+08 0
2.41197e+08 0
2.47577e+08 0
2.47655e+08 0
2.47722e+08 0
2.4808e+08 0
2.48203e+08 0
2.48359e+08 0
2.5074e+08 0
2.50841e+08 0
2.515e+08 0
2.51645e+08 0
2.52204e+08 0
2.52372e+08 0
2.52484e+08 0
2.52663e+08 0
2.53199e+08 0
2.54931e+08 0
2.56474e+08 0
2.56597e+08 0
2.56922e+08 0
2.56956e+08 0
2.57034e+08 0
2.57179e+08 0
2.57202e+08 0
2.57235e+08 0
2.57257e+08 0
2.5728e+08 0
2.57347e+08 0
2.64484e+08 0
2.64495e+08 0
2.64618e+08 0
2.65479e+08 0
2.6558e+08 0
2.65669e+08 0
2.68039e+08 0
2.68106e+08 0
2.68206e+08 0
2.6843e+08 0
2.6853e+08 0
2.68966e+08 0
2.69301e+08 0
2.69391e+08 0
2.69849e+08 0
2.70061e+08 0
2.71693e+08 0
2.73348e+08 0
2.73549e+08 0
2.73829e+08 0
2.73852e+08 0
2.73952e+08 0
2.74142e+08 0
2.74176e+08 0
2.74198e+08 0
2.74221e+08 0
2.74243e+08 0
2.74265e+08 0
2.81604e+08 0
2.81715e+08 0
2.81838e+08 0
2.83705e+08 0
2.83761e+08 0
2.83805e+08 0
2.86566e+08 0
2.867e+08 0
2.86946e+08 0
2.87013e+08 0
2.87091e+08 0
2.87125e+08 0
2.8717e+08 0
2.87717e+08 0
2.87796e+08 0
2.8831e+08 0
2.88399e+08 0
2.8907e+08 0
2.90601e+08 0
2.90814e+08 0
2.91161e+08 0
2.91172e+08 0
2.91217e+08 0
2.91295e+08 0
2.91329e+08 0
2.91396e+08 0
2.91463e+08 0
2.91497e+08 0
2.9162e+08 0
2.98873e+08 0
2.99007e+08 0
2.99387e+08 0
3.01254e+08 0
3.01377e+08 0
3.01466e+08 0
3.05411e+08 0
3.05568e+08 0
3.05847e+08 0
3.05981e+08 0
3.06015e+08 0
3.06104e+08 0
3.06149e+08 0
3.06171e+08 0
3.06328e+08 0
3.06372e+08 0
3.07088e+08 0
3.07133e+08 0
3.07904e+08 0
3.08552e+08 0
3.08832e+08 0
3.09201e+08 0
3.09213e+08 0
3.09246e+08 0
3.09302e+08 0
3.09358e+08 0
3.09425e+08 0
3.09526e+08 0
3.09548e+08 0
3.09682e+08 0
3.16319e+08 0
3.16363e+08 0
3.16464e+08 0
3.1984e+08 0
3.19996e+08 0
3.20152e+08 0
3.24042e+08 0
3.24131e+08 0
3.24333e+08 0
3.244e+08 0
3.24455e+08 0
3.24511e+08 0
3.24567e+08 0
3.24623e+08 0
3.24712e+08 0
3.2488e+08 0
3.24947e+08 0
3.25584e+08 0
3.2564e+08 0
3.26479e+08 0
3.27317e+08 0
3.27418e+08 0
3.27787e+08 0
3.2781e+08 0
3.27843e+08 0
3.27855e+08 0
3.27955e+08 0
3.28022e+08 0
3.28123e+08 0
3.28168e+08 0
3.28268e+08 0
3.35207e+08 0
3.35297e+08 0
3.35386e+08 0
3.37096e+08 0
3.37186e+08 0
3.37331e+08 0
3.42964e+08 0
3.43266e+08 0
3.43445e+08 0
3.43534e+08 0
3.43657e+08 0
3.43702e+08 0
3.43769e+08 0
3.43858e+08 0
3.43914e+08 0
3.43992e+08 0
3.4426e+08 0
3.44529e+08 0
3.45188e+08 0
3.45199e+08 0
3.45781e+08 0
3.46608e+08 0
3.46675e+08 0
3.4681e+08 0
3.46955e+08 0
3.47022e+08 0
3.47101e+08 0
3.4719e+08 0
3.47235e+08 0
3.47324e+08 0
3.47347e+08 0
3.47414e+08 0
3.54629e+08 0
3.54853e+08 0
3.54886e+08 0
3.56015e+08 0
3.56082e+08 0
3.56217e+08 0
3.61313e+08 0
3.61872e+08 0
3.6204e+08 0
3.62107e+08 0
3.62274e+08 0
3.63258e+08 0
3.63303e+08 0
3.63392e+08 0
3.63548e+08 0
3.63616e+08 0
3.6366e+08 0
3.63895e+08 0
3.63951e+08 0
3.65102e+08 0
3.65158e+08 0
3.65706e+08 0
3.66444e+08 0
3.66467e+08 0
3.66623e+08 0
3.66702e+08 0
3.66735e+08 0
3.66858e+08 0
3.66914e+08 0
3.66936e+08 0
3.6706e+08 0
3.67082e+08 0
3.67138e+08 0
3.74753e+08 0
3.75077e+08 0
3.75234e+08 0
3.75815e+08 0
3.76106e+08 0
3.76217e+08 0
3.8023e+08 0
3.80912e+08 0
3.81817e+08 0
3.82007e+08 0
3.82823e+08 0
3.83505e+08 0
3.8365e+08 0
3.83773e+08 0
3.83907e+08 0
3.8403e+08 0
3.84298e+08 0
3.84443e+08 0
3.84958e+08 0
3.85058e+08 0
3.85326e+08 0
3.8536e+08 0
3.8593e+08 0
3.86814e+08 0
3.8687e+08 0
3.87071e+08 0
3.87172e+08 0
3.8725e+08 0
3.87284e+08 0
3.8734e+08 0
3.87373e+08 0
3.87418e+08 0
3.87463e+08 0
3.87485e+08 0
3.95478e+08 0
3.95724e+08 0
3.96026e+08 0
3.96305e+08 0
3.96596e+08 0
3.96953e+08 0
3.99859e+08 0
4.01368e+08 0
4.02218e+08 0
4.02732e+08 0
4.03369e+08 0
4.03883e+08 0
4.04017e+08 0
4.04162e+08 0
4.0433e+08 0
4.04665e+08 0
4.05023e+08 0
4.05135e+08 0
4.05459e+08 0
4.05537e+08 0
4.05604e+08 0
4.05794e+08 0
4.05861e+08 0
4.06733e+08 0
4.07829e+08 0
4.07841e+08 0
4.08098e+08 0
4.0831e+08 0
4.08344e+08 0
4.08366e+08 0
4.084e+08 0
4.08411e+08 0
4.08433e+08 0
4.08489e+08 0
4.08512e+08 0
4.16693e+08 0
4.1705e+08 0
4.17218e+08 0
4.17408e+08 0
4.18257e+08 0
4.18537e+08 0
4.20035e+08 0
4.22113e+08 0
4.22326e+08 0
4.22471e+08 0
4.22873e+08 0
4.23242e+08 0
4.23421e+08 0
4.23611e+08 0
4.2379e+08 0
4.24639e+08 0
4.26171e+08 0
4.26685e+08 0
4.26863e+08 0
4.26942e+08 0
4.2702e+08 0
4.27121e+08 0
4.27355e+08 0
4.27501e+08 0
4.28171e+08 0
4.29357e+08 0
4.29435e+08 0
4.29793e+08 0
4.29983e+08 0
4.30017e+08 0
4.30028e+08 0
4.30118e+08 0
4.30151e+08 0
4.30196e+08 0
4.30229e+08 0
4.30285e+08 0
4.38533e+08 0
4.39182e+08 0
4.39249e+08 0
4.39372e+08 0
4.40266e+08 0
4.4059e+08 0
4.41149e+08 0
4.42546e+08 0
4.42736e+08 0
4.43094e+08 0
4.43898e+08 0
4.44647e+08 0
4.44804e+08 0
4.44949e+08 0
4.45083e+08 0
4.45597e+08 0
4.47318e+08 0
4.47788e+08 0
4.47933e+08 0
4.48078e+08 0
4.48224e+08 0
4.48335e+08 0
4.48436e+08 0
4.49308e+08 0
4.49375e+08 0
4.50113e+08 0
4.51253e+08 0
4.51365e+08 0
4.52025e+08 0
4.52126e+08 0
4.52215e+08 0
4.52383e+08 0
4.52428e+08 0
4.52439e+08 0
4.52506e+08 0
4.52517e+08 0
4.52529e+08 0
4.60833e+08 0
4.61626e+08 0
4.61671e+08 0
4.61783e+08 0
4.62699e+08 0
4.63091e+08 0
4.6432e+08 0
4.64566e+08 0
4.64957e+08 0
4.65169e+08 0
4.65874e+08 0
4.66052e+08 0
4.66242e+08 0
4.66499e+08 0
4.67047e+08 0
4.6736e+08 0
4.68478e+08 0
4.69059e+08 0
4.69226e+08 0
4.69551e+08 0
4.69808e+08 0
4.70322e+08 0
4.71093e+08 0
4.71205e+08 0
4.71361e+08 0
4.71462e+08 0
4.72423e+08 0
4.73888e+08 0
4.74e+08 0
4.74626e+08 0
4.74895e+08 0
4.75018e+08 0
4.75074e+08 0
4.75118e+08 0
4.75152e+08 0
4.75253e+08 0
4.75264e+08 0
4.75342e+08 0
4.84172e+08 0
4.84653e+08 0
4.84708e+08 0
4.84954e+08 0
4.85457e+08 0
4.86117e+08 0
4.87033e+08 0
4.87212e+08 0
4.87916e+08 0
4.88274e+08 0
4.88643e+08 0
4.88833e+08 0
4.89034e+08 0
4.89458e+08 0
4.89648e+08 0
4.90364e+08 0
4.91101e+08 0
4.91761e+08 0
4.91861e+08 0
4.91973e+08 0
4.92085e+08 0
4.92722e+08 0
4.94231e+08 0
4.9432e+08 0
4.9441e+08 0
4.94466e+08 0
4.94521e+08 0
4.95483e+08 0
4.97182e+08 0
4.97384e+08 0
4.97708e+08 0
4.98021e+08 0
4.9829e+08 0
4.98335e+08 0
4.98379e+08 0
4.98402e+08 0
4.98625e+08 0
4.98659e+08 0
4.98737e+08 0
5.07907e+08 0
5.08108e+08 0
5.08186e+08 0
5.08365e+08 0
5.08466e+08 0
5.09762e+08 0
5.10712e+08 0
5.11394e+08 0
5.11707e+08 0
5.11942e+08 0
5.1259e+08 0
5.12914e+08 0
5.13138e+08 0
5.13339e+08 0
5.13495e+08 0
5.13842e+08 0
5.14803e+08 0
5.15116e+08 0
5.15272e+08 0
5.15406e+08 0
5.15541e+08 0
5.15708e+08 0
5.17083e+08 0
5.17206e+08 0
5.17463e+08 0
5.17608e+08 0
5.17742e+08 0
5.17921e+08 0
5.18927e+08 0
5.20929e+08 0
5.2113e+08 0
5.21454e+08 0
5.21634e+08 0
5.21812e+08 0
5.21913e+08 0
5.21947e+08 0
5.21958e+08 0
5.22237e+08 0
5.2226e+08 0
5.22618e+08 0
5.32379e+08 0
5.32513e+08 0
5.32636e+08 0
5.3277e+08 0
5.32893e+08 0
5.33709e+08 0
5.34279e+08 0
5.34782e+08 0
5.35687e+08 0
5.35888e+08 0
5.36156e+08 0
5.36257e+08 0
5.3638e+08 0
5.36726e+08 0
5.36872e+08 0
5.37017e+08 0
5.3809e+08 0
5.3895e+08 0
5.3914e+08 0
5.39308e+08 0
5.39576e+08 0
5.399e+08 0
5.40649e+08 0
5.40828e+08 0
5.40985e+08 0
5.41175e+08 0
5.41342e+08 0
5.41476e+08 0
5.41644e+08 0
5.43041e+08 0
5.45166e+08 0
5.45367e+08 0
5.4587e+08 0
5.46027e+08 0
5.46362e+08 0
5.46374e+08 0
5.46441e+08 0
5.46452e+08 0
5.46541e+08 0
5.46553e+08 0
5.46966e+08 0
5.57216e+08 0
5.57328e+08 0
5.57563e+08 0
5.57786e+08 0
5.57932e+08 0
5.58055e+08 0
5.58222e+08 0
5.58345e+08 0
5.59686e+08 0
5.60078e+08 0
5.60804e+08 0
5.60916e+08 0
5.61329e+08 0
5.61564e+08 0
5.61665e+08 0
5.62056e+08 0
5.6333e+08 0
5.64213e+08 0
5.64727e+08 0
5.64906e+08 0
5.65275e+08 0
5.6542e+08 0
5.66247e+08 0
5.66359e+08 0
5.6647e+08 0
5.6666e+08 0
5.66772e+08 0
5.66917e+08 0
5.67085e+08 0
5.67186e+08 0
5.67588e+08 0
5.69791e+08 0
5.70081e+08 0
5.70719e+08 0
5.70988e+08 0
5.71401e+08 0
5.71446e+08 0
5.71457e+08 0
5.71468e+08 0
5.71558e+08 0
5.71569e+08 0
5.71927e+08 0
5.82846e+08 0
5.8336e+08 0
5.83472e+08 0
5.83696e+08 0
5.83819e+08 0
5.83908e+08 0
5.84031e+08 0
5.84299e+08 0
5.84791e+08 0
5.8516e+08 0
5.85462e+08 0
5.85618e+08 0
5.85819e+08 0
5.85976e+08 0
5.8611e+08 0
5.86691e+08 0
5.87999e+08 0
5.88423e+08 0
5.88926e+08 0
5.89105e+08 0
5.89306e+08 0
5.89519e+08 0
5.90625e+08 0
5.91039e+08 0
5.91284e+08 0
5.91497e+08 0
5.91653e+08 0
5.91765e+08 0
5.91922e+08 0
5.92201e+08 0
5.92346e+08 0
5.92637e+08 0
5.95108e+08 0
5.95533e+08 0
5.96226e+08 0
5.96517e+08 0
5.96953e+08 0
5.97054e+08 0
5.97076e+08 0
5.97098e+08 0
5.97222e+08 0
5.97233e+08 0
5.97557e+08 0
6.09596e+08 0
6.09909e+08 0
6.10434e+08 0
6.11004e+08 0
6.11295e+08 0
6.11373e+08 0
6.1154e+08 0
6.11865e+08 0
6.12133e+08 0
6.12278e+08 0
6.12468e+08 0
6.12658e+08 0
6.12904e+08 0
6.13072e+08 0
6.1325e+08 0
6.13496e+08 0
6.14122e+08 0
6.14726e+08 0
6.15441e+08 0
6.15575e+08 0
6.15732e+08 0
6.15888e+08 0
6.16167e+08 0
6.17006e+08 0
6.17106e+08 0
6.17218e+08 0
6.17374e+08 0
6.17509e+08 0
6.17598e+08 0
6.18716e+08 0
6.18816e+08 0
6.19073e+08 0
6.19174e+08 0
6.21421e+08 0
6.2169e+08 0
6.2216e+08 0
6.22473e+08 0
6.22965e+08 0
6.23021e+08 0
6.23121e+08 0
6.23144e+08 0
6.23256e+08 0
6.23278e+08 0
6.23648e+08 0
6.29758e+08 0
6.29837e+08 0
6.29982e+08 0
