356039 0
980776 0
1.58427e+06 0
2.16542e+06 0
2.76892e+06 0
3.36125e+06 0
3.95362e+06 0
4.54602e+06 0
5.13851e+06 0
5.73114e+06 0
6.32417e+06 0
7.00726e+06 0
7.77886e+06 0
7.79004e+06 0
9.03286e+06 0
9.07757e+06 0
1.01892e+07 0
1.02339e+07 0
1.02898e+07 0
1.25484e+07 0
1.26155e+07 0
1.26826e+07 0
1.27496e+07 0
1.48967e+07 0
1.49302e+07 0
1.51314e+07 0
1.5165e+07 0
1.51762e+07 0
1.77481e+07 0
1.77928e+07 0
1.82288e+07 0
1.824e+07 0
1.82512e+07 0
1.82624e+07 0
2.16322e+07 0
2.16881e+07 0
2.18893e+07 0
2.19564e+07 0
2.20459e+07 0
2.21018e+07 0
2.21242e+07 0
2.5511e+07 0
2.57905e+07 0
2.58575e+07 0
2.60252e+07 0
2.61818e+07 0
2.62265e+07 0
2.62712e+07 0
2.98859e+07 0
3.002e+07 0
3.03218e+07 0
3.03777e+07 0
3.04896e+07 0
3.06014e+07 0
3.06573e+07 0
3.07244e+07 0
3.43904e+07 0
3.44575e+07 0
3.45022e+07 0
3.46698e+07 0
3.5061e+07 0
3.55194e+07 0
3.58101e+07 0
3.58772e+07 0
3.58995e+07 0
3.98011e+07 0
3.99576e+07 0
3.99912e+07 0
4.00582e+07 0
4.01141e+07 0
4.03377e+07 0
4.10978e+07 0
4.12879e+07 0
4.15115e+07 0
4.15562e+07 0
4.59111e+07 0
4.59447e+07 0
4.6023e+07 0
4.62018e+07 0
4.62465e+07 0
4.63248e+07 0
4.65148e+07 0
4.71407e+07 0
4.73978e+07 0
4.75656e+07 0
4.7588e+07 0
5.24868e+07 0
5.25315e+07 0
5.26657e+07 0
5.27663e+07 0
5.2811e+07 0
5.3001e+07 0
5.32804e+07 0
5.3381e+07 0
5.375e+07 0
5.40295e+07 0
5.42755e+07 0
5.4309e+07 0
5.94987e+07 0
5.96999e+07 0
5.98787e+07 0
5.99458e+07 0
6.00017e+07 0
6.00464e+07 0
6.03259e+07 0
6.04265e+07 0
6.04935e+07 0
6.10636e+07 0
6.11307e+07 0
6.1589e+07 0
6.16002e+07 0
6.72597e+07 0
6.75616e+07 0
6.77628e+07 0
6.78075e+07 0
6.78745e+07 0
6.80087e+07 0
6.81204e+07 0
6.81651e+07 0
6.82323e+07 0
6.82658e+07 0
6.89254e+07 0
6.90707e+07 0
6.91042e+07 0
6.92271e+07 0
7.55465e+07 0
7.58148e+07 0
7.59043e+07 0
7.59602e+07 0
7.60831e+07 0
7.6139e+07 0
7.62172e+07 0
7.62843e+07 0
7.64966e+07 0
7.65525e+07 0
7.70779e+07 0
7.7145e+07 0
7.74021e+07 0
7.75809e+07 0
7.76591e+07 0
8.46494e+07 0
8.47165e+07 0
8.48172e+07 0
8.49625e+07 0
8.51525e+07 0
8.52419e+07 0
8.53202e+07 0
8.53761e+07 0
8.54431e+07 0
8.55549e+07 0
8.61027e+07 0
8.62033e+07 0
8.62927e+07 0
8.63598e+07 0
8.65386e+07 0
8.66951e+07 0
9.39762e+07 0
9.40768e+07 0
9.42669e+07 0
9.4524e+07 0
9.45576e+07 0
9.45911e+07 0
9.4647e+07 0
9.47923e+07 0
9.49377e+07 0
9.50606e+07 0
9.54854e+07 0
9.55525e+07 0
9.56307e+07 0
9.57313e+07 0
9.57872e+07 0
9.61561e+07 0
9.6212e+07 0
1.03996e+08 0
1.0403e+08 0
1.04321e+08 0
1.04555e+08 0
1.04567e+08 0
1.04611e+08 0
1.0479e+08 0
1.04857e+08 0
1.04924e+08 0
1.05002e+08 0
1.05461e+08 0
1.05506e+08 0
1.05628e+08 0
1.05696e+08 0
1.05841e+08 0
1.05886e+08 0
1.06433e+08 0
1.0669e+08 0
1.14743e+08 0
1.14777e+08 0
1.14911e+08 0
1.15135e+08 0
1.15157e+08 0
1.1528e+08 0
1.15313e+08 0
1.15403e+08 0
1.1547e+08 0
1.15515e+08 0
1.16275e+08 0
1.16342e+08 0
1.16387e+08 0
1.16431e+08 0
1.16487e+08 0
1.16566e+08 0
1.17203e+08 0
1.17247e+08 0
1.17806e+08 0
1.26027e+08 0
1.26094e+08 0
1.26128e+08 0
1.26262e+08 0
1.26295e+08 0
1.26485e+08 0
1.26687e+08 0
1.2672e+08 0
1.26854e+08 0
1.26888e+08 0
1.27592e+08 0
1.27682e+08 0
1.27726e+08 0
1.27861e+08 0
1.27995e+08 0
1.28062e+08 0
1.28442e+08 0
1.28531e+08 0
1.28621e+08 0
1.28755e+08 0
1.37959e+08 0
1.38004e+08 0
1.38038e+08 0
1.38071e+08 0
1.38116e+08 0
1.38284e+08 0
1.38641e+08 0
1.38686e+08 0
1.38854e+08 0
1.38887e+08 0
1.39536e+08 0
1.39603e+08 0
1.39647e+08 0
1.3977e+08 0
1.39916e+08 0
1.40016e+08 0
1.40285e+08 0
1.40329e+08 0
1.40463e+08 0
1.40542e+08 0
1.40642e+08 0
1.50418e+08 0
1.5044e+08 0
1.50485e+08 0
1.50529e+08 0
1.50552e+08 0
1.50742e+08 0
1.51144e+08 0
1.51166e+08 0
1.5139e+08 0
1.51513e+08 0
1.51882e+08 0
1.51927e+08 0
1.52005e+08 0
1.52251e+08 0
1.52553e+08 0
1.52575e+08 0
1.52855e+08 0
1.52899e+08 0
1.53045e+08 0
1.53201e+08 0
1.53268e+08 0
1.53358e+08 0
1.63457e+08 0
1.63502e+08 0
1.6358e+08 0
1.63658e+08 0
1.63759e+08 0
1.63837e+08 0
1.63937e+08 0
1.64038e+08 0
1.6444e+08 0
1.64541e+08 0
1.65011e+08 0
1.65055e+08 0
1.651e+08 0
1.6529e+08 0
1.65536e+08 0
1.65636e+08 0
1.6605e+08 0
1.66173e+08 0
1.6633e+08 0
1.66408e+08 0
1.66497e+08 0
1.6662e+08 0
1.76642e+08 0
1.76664e+08 0
1.76687e+08 0
1.76754e+08 0
1.7681e+08 0
1.76877e+08 0
1.76944e+08 0
1.77033e+08 0
1.77156e+08 0
1.77715e+08 0
1.77782e+08 0
1.78307e+08 0
1.78386e+08 0
1.78442e+08 0
1.78497e+08 0
1.78598e+08 0
1.78844e+08 0
1.79638e+08 0
1.7985e+08 0
1.79883e+08 0
1.79917e+08 0
1.80409e+08 0
1.80453e+08 0
1.90486e+08 0
1.90508e+08 0
1.9053e+08 0
1.90575e+08 0
1.90676e+08 0
1.90743e+08 0
1.90799e+08 0
1.90877e+08 0
1.90944e+08 0
1.9119e+08 0
1.91715e+08 0
1.91805e+08 0
1.92073e+08 0
1.92229e+08 0
1.92252e+08 0
1.92688e+08 0
1.92777e+08 0
1.92945e+08 0
1.93493e+08 0
1.9356e+08 0
1.93615e+08 0
1.93951e+08 0
1.94308e+08 0
1.94376e+08 0
2.04879e+08 0
2.04946e+08 0
2.04968e+08 0
2.05035e+08 0
2.0508e+08 0
2.0518e+08 0
2.05259e+08 0
2.05292e+08 0
2.05315e+08 0
2.05393e+08 0
2.05717e+08 0
2.06298e+08 0
2.06343e+08 0
2.066e+08 0
2.06622e+08 0
2.06678e+08 0
2.07159e+08 0
2.07237e+08 0
2.07304e+08 0
2.07952e+08 0
2.08075e+08 0
2.08232e+08 0
2.08388e+08 0
2.08858e+08 0
2.0907e+08 0
2.19865e+08 0
2.1991e+08 0
2.19944e+08 0
2.20022e+08 0
2.20055e+08 0
2.20089e+08 0
2.20201e+08 0
2.20257e+08 0
2.2029e+08 0
2.20324e+08 0
2.2038e+08 0
2.20626e+08 0
2.21363e+08 0
2.21486e+08 0
2.21665e+08 0
2.21743e+08 0
2.21833e+08 0
2.22202e+08 0
2.22269e+08 0
2.22336e+08 0
2.23062e+08 0
2.23319e+08 0
2.23398e+08 0
2.23465e+08 0
2.23789e+08 0
2.24202e+08 0
2.35326e+08 0
2.35449e+08 0
2.35572e+08 0
2.35662e+08 0
2.35695e+08 0
2.35718e+08 0
2.35785e+08 0
2.35829e+08 0
2.35896e+08 0
2.35941e+08 0
2.35986e+08 0
2.35997e+08 0
2.36355e+08 0
2.36958e+08 0
2.37092e+08 0
2.37439e+08 0
2.37495e+08 0
2.37562e+08 0
2.37819e+08 0
2.37897e+08 0
2.37942e+08 0
2.39183e+08 0
2.3925e+08 0
2.3935e+08 0
2.39395e+08 0
2.3963e+08 0
2.39976e+08 0
2.51532e+08 0
2.51588e+08 0
2.51755e+08 0
2.51845e+08 0
2.51867e+08 0
2.51912e+08 0
2.5199e+08 0
2.52024e+08 0
2.52046e+08 0
2.52124e+08 0
2.52158e+08 0
2.52203e+08 0
2.5227e+08 0
2.5256e+08 0
2.53209e+08 0
2.53253e+08 0
2.5379e+08 0
2.53857e+08 0
2.53924e+08 0
2.54036e+08 0
2.54092e+08 0
2.54136e+08 0
2.55366e+08 0
2.55422e+08 0
2.55757e+08 0
2.55847e+08 0
2.55969e+08 0
2.56405e+08 0
2.683e+08 0
2.68334e+08 0
2.68501e+08 0
2.68591e+08 0
2.68624e+08 0
2.68658e+08 0
2.68725e+08 0
2.6877e+08 0
2.68814e+08 0
2.68837e+08 0
2.68892e+08 0
2.68926e+08 0
2.69038e+08 0
2.69105e+08 0
2.69351e+08 0
2.69999e+08 0
2.70033e+08 0
2.70625e+08 0
2.70703e+08 0
2.70759e+08 0
2.70793e+08 0
2.70837e+08 0
2.70994e+08 0
2.72145e+08 0
2.72223e+08 0
2.72324e+08 0
2.72525e+08 0
2.72603e+08 0
2.72905e+08 0
2.85585e+08 0
2.85641e+08 0
2.85842e+08 0
2.85942e+08 0
2.85998e+08 0
2.86021e+08 0
2.86054e+08 0
2.86132e+08 0
2.86155e+08 0
2.86188e+08 0
2.86233e+08 0
2.86289e+08 0
2.86367e+08 0
2.86434e+08 0
2.86535e+08 0
2.86613e+08 0
2.87373e+08 0
2.87429e+08 0
2.88022e+08 0
2.881e+08 0
2.88167e+08 0
2.88212e+08 0
2.88279e+08 0
2.88379e+08 0
2.89821e+08 0
2.90022e+08 0
2.90134e+08 0
2.90279e+08 0
2.90413e+08 0
2.90548e+08 0
3.03537e+08 0
3.0366e+08 0
3.03805e+08 0
3.03906e+08 0
3.03973e+08 0
3.04029e+08 0
3.04062e+08 0
3.04118e+08 0
3.04163e+08 0
3.04185e+08 0
3.0423e+08 0
3.04286e+08 0
3.04375e+08 0
3.0442e+08 0
3.04431e+08 0
3.04699e+08 0
3.04755e+08 0
3.05325e+08 0
3.05348e+08 0
3.0584e+08 0
3.06041e+08 0
3.06063e+08 0
3.06242e+08 0
3.06309e+08 0
3.06343e+08 0
3.07516e+08 0
3.07818e+08 0
3.0793e+08 0
3.08064e+08 0
3.09182e+08 0
3.0926e+08 0
3.22168e+08 0
3.22191e+08 0
3.22425e+08 0
3.2247e+08 0
3.22548e+08 0
3.22615e+08 0
3.22649e+08 0
3.22694e+08 0
3.22716e+08 0
3.2275e+08 0
3.22783e+08 0
3.2285e+08 0
3.22984e+08 0
3.23051e+08 0
3.23107e+08 0
3.2323e+08 0
3.23331e+08 0
3.23398e+08 0
3.23901e+08 0
3.23968e+08 0
3.24605e+08 0
3.24661e+08 0
3.24694e+08 0
3.24929e+08 0
3.25019e+08 0
3.25041e+08 0
3.26226e+08 0
3.26326e+08 0
3.26472e+08 0
3.26595e+08 0
3.27992e+08 0
3.28148e+08 0
3.41296e+08 0
3.41329e+08 0
3.41542e+08 0
3.41564e+08 0
3.41609e+08 0
3.41653e+08 0
3.41676e+08 0
3.41721e+08 0
3.41776e+08 0
3.41821e+08 0
3.41866e+08 0
3.41899e+08 0
3.42045e+08 0
3.42201e+08 0
3.42279e+08 0
3.42358e+08 0
3.42458e+08 0
3.42536e+08 0
3.42637e+08 0
3.42861e+08 0
3.42905e+08 0
3.43565e+08 0
3.43587e+08 0
3.43632e+08 0
3.4399e+08 0
3.44202e+08 0
3.44235e+08 0
3.45532e+08 0
3.45655e+08 0
3.45733e+08 0
3.45834e+08 0
3.4713e+08 0
3.47488e+08 0
3.60833e+08 0
3.60877e+08 0
3.61101e+08 0
3.61213e+08 0
3.61224e+08 0
3.61314e+08 0
3.61336e+08 0
3.61358e+08 0
3.61381e+08 0
3.61626e+08 0
3.61694e+08 0
3.61805e+08 0
3.61917e+08 0
3.61973e+08 0
3.62051e+08 0
3.62107e+08 0
3.62185e+08 0
3.62275e+08 0
3.62353e+08 0
3.62387e+08 0
3.62498e+08 0
3.62521e+08 0
3.63325e+08 0
3.6337e+08 0
3.63415e+08 0
3.63795e+08 0
3.63896e+08 0
3.63974e+08 0
3.64734e+08 0
3.64779e+08 0
3.64857e+08 0
3.65405e+08 0
3.67092e+08 0
3.67461e+08 0
3.81067e+08 0
3.81111e+08 0
3.81223e+08 0
3.8138e+08 0
3.81469e+08 0
3.81525e+08 0
3.81625e+08 0
3.8176e+08 0
3.81838e+08 0
3.81894e+08 0
3.81961e+08 0
3.82039e+08 0
3.82117e+08 0
3.82218e+08 0
3.82296e+08 0
3.82374e+08 0
3.82453e+08 0
3.82508e+08 0
3.82609e+08 0
3.82654e+08 0
3.8271e+08 0
3.82777e+08 0
3.8281e+08 0
3.83582e+08 0
3.8366e+08 0
3.83716e+08 0
3.84062e+08 0
3.84252e+08 0
3.84308e+08 0
3.84923e+08 0
3.84968e+08 0
3.85046e+08 0
3.85124e+08 0
3.87874e+08 0
3.8803e+08 0
4.0199e+08 0
4.02057e+08 0
4.0218e+08 0
4.02281e+08 0
4.02326e+08 0
4.02337e+08 0
4.02382e+08 0
4.02572e+08 0
4.02639e+08 0
4.02683e+08 0
4.02851e+08 0
4.02885e+08 0
4.02929e+08 0
4.02963e+08 0
4.02985e+08 0
4.03008e+08 0
4.03153e+08 0
4.03209e+08 0
4.03443e+08 0
4.03611e+08 0
4.03645e+08 0
4.03712e+08 0
4.03823e+08 0
4.03868e+08 0
4.04505e+08 0
4.04561e+08 0
4.04595e+08 0
4.05087e+08 0
4.05299e+08 0
4.05389e+08 0
4.06037e+08 0
4.06126e+08 0
4.06272e+08 0
4.06394e+08 0
4.08876e+08 0
4.0911e+08 0
4.23568e+08 0
4.23624e+08 0
4.23724e+08 0
4.23758e+08 0
4.23792e+08 0
4.23814e+08 0
4.23825e+08 0
4.2397e+08 0
4.24026e+08 0
4.24105e+08 0
4.24239e+08 0
4.24283e+08 0
4.24328e+08 0
4.24373e+08 0
4.24451e+08 0
4.24507e+08 0
4.24909e+08 0
4.25077e+08 0
4.25155e+08 0
4.252e+08 0
4.25245e+08 0
4.25267e+08 0
4.25334e+08 0
4.25457e+08 0
4.25502e+08 0
4.2596e+08 0
4.26049e+08 0
4.26094e+08 0
4.26731e+08 0
4.26866e+08 0
4.26933e+08 0
4.27491e+08 0
4.2757e+08 0
4.27626e+08 0
4.27704e+08 0
4.29861e+08 0
4.30655e+08 0
4.45683e+08 0
4.4575e+08 0
4.45818e+08 0
4.45851e+08 0
4.45963e+08 0
4.45985e+08 0
4.46019e+08 0
4.46097e+08 0
4.46119e+08 0
4.46164e+08 0
4.4622e+08 0
4.46276e+08 0
4.46354e+08 0
4.46432e+08 0
4.46533e+08 0
4.46846e+08 0
4.46924e+08 0
4.47058e+08 0
4.47159e+08 0
4.47192e+08 0
4.47293e+08 0
4.47695e+08 0
4.47751e+08 0
4.47796e+08 0
4.47829e+08 0
4.47841e+08 0
4.47964e+08 0
4.48142e+08 0
4.48187e+08 0
4.49048e+08 0
4.49439e+08 0
4.49517e+08 0
4.49864e+08 0
4.49886e+08 0
4.49909e+08 0
4.49953e+08 0
4.52401e+08 0
4.53183e+08 0
4.68177e+08 0
4.68255e+08 0
4.68333e+08 0
4.68624e+08 0
4.68668e+08 0
4.68702e+08 0
4.68713e+08 0
4.68758e+08 0
4.68803e+08 0
4.6887e+08 0
4.68937e+08 0
4.69026e+08 0
4.69093e+08 0
4.69272e+08 0
4.69328e+08 0
4.69395e+08 0
4.69462e+08 0
4.69574e+08 0
4.69641e+08 0
4.69741e+08 0
4.69898e+08 0
4.70099e+08 0
4.70144e+08 0
4.70222e+08 0
4.70289e+08 0
4.70367e+08 0
4.70446e+08 0
4.7058e+08 0
4.70837e+08 0
4.70882e+08 0
4.72011e+08 0
4.72055e+08 0
4.72145e+08 0
4.72625e+08 0
4.72715e+08 0
4.72793e+08 0
4.72882e+08 0
4.7571e+08 0
4.759e+08 0
4.91099e+08 0
4.91211e+08 0
4.91524e+08 0
4.91904e+08 0
4.9196e+08 0
4.91982e+08 0
4.92038e+08 0
4.92094e+08 0
4.92183e+08 0
4.92284e+08 0
4.92318e+08 0
4.92373e+08 0
4.92508e+08 0
4.92653e+08 0
4.92765e+08 0
4.92888e+08 0
4.92977e+08 0
4.93055e+08 0
4.93111e+08 0
4.93178e+08 0
4.93223e+08 0
4.93301e+08 0
4.93391e+08 0
4.93502e+08 0
4.93592e+08 0
4.93648e+08 0
4.93692e+08 0
4.93748e+08 0
4.9386e+08 0
4.94184e+08 0
4.94207e+08 0
4.95526e+08 0
4.95693e+08 0
4.95783e+08 0
4.95906e+08 0
4.96029e+08 0
4.96096e+08 0
4.96152e+08 0
4.98577e+08 0
4.99281e+08 0
5.14995e+08 0
5.15085e+08 0
5.15196e+08 0
5.15677e+08 0
5.15789e+08 0
5.15856e+08 0
5.15912e+08 0
5.15968e+08 0
5.16079e+08 0
5.16202e+08 0
5.16348e+08 0
5.16515e+08 0
5.16784e+08 0
5.16873e+08 0
5.16951e+08 0
5.17018e+08 0
5.17085e+08 0
5.1713e+08 0
5.17186e+08 0
5.17287e+08 0
5.17387e+08 0
5.17443e+08 0
5.17577e+08 0
5.17655e+08 0
5.17711e+08 0
5.17778e+08 0
5.17801e+08 0
5.17834e+08 0
5.17879e+08 0
5.17912e+08 0
5.18181e+08 0
5.1827e+08 0
5.19634e+08 0
5.19768e+08 0
5.19835e+08 0
5.19902e+08 0
5.20037e+08 0
5.20215e+08 0
5.20294e+08 0
5.21892e+08 0
5.22674e+08 0
5.39398e+08 0
5.39498e+08 0
5.39521e+08 0
5.40012e+08 0
5.40202e+08 0
5.40258e+08 0
5.40504e+08 0
5.40683e+08 0
5.40784e+08 0
5.40851e+08 0
5.40918e+08 0
5.40985e+08 0
5.4122e+08 0
5.41287e+08 0
5.41387e+08 0
5.41477e+08 0
5.41555e+08 0
5.41622e+08 0
5.417e+08 0
5.41801e+08 0
5.4189e+08 0
5.42058e+08 0
5.42136e+08 0
5.42181e+08 0
5.42237e+08 0
5.42292e+08 0
5.42415e+08 0
5.42438e+08 0
5.4246e+08 0
5.42471e+08 0
5.42494e+08 0
5.42773e+08 0
5.42986e+08 0
5.44048e+08 0
5.44126e+08 0
5.44383e+08 0
5.44428e+08 0
5.44484e+08 0
5.44584e+08 0
5.44596e+08 0
5.4673e+08 0
5.46976e+08 0
5.64409e+08 0
5.64532e+08 0
5.64577e+08 0
5.64945e+08 0
5.65001e+08 0
5.65247e+08 0
5.6565e+08 0
5.65694e+08 0
5.65873e+08 0
5.65996e+08 0
5.66086e+08 0
5.66153e+08 0
5.6632e+08 0
5.6641e+08 0
5.6651e+08 0
5.666e+08 0
5.667e+08 0
5.66801e+08 0
5.66901e+08 0
5.66968e+08 0
5.67069e+08 0
5.67226e+08 0
5.6727e+08 0
5.67315e+08 0
5.6736e+08 0
5.67393e+08 0
5.67427e+08 0
5.67505e+08 0
5.67572e+08 0
5.67594e+08 0
5.67617e+08 0
5.67639e+08 0
5.68075e+08 0
5.68153e+08 0
5.69115e+08 0
5.69339e+08 0
5.69462e+08 0
5.69584e+08 0
5.69674e+08 0
5.69741e+08 0
5.69808e+08 0
5.71753e+08 0
5.72166e+08 0
5.89881e+08 0
5.90037e+08 0
5.90149e+08 0
5.90283e+08 0
5.90507e+08 0
5.9063e+08 0
5.91323e+08 0
5.91378e+08 0
5.91445e+08 0
5.91546e+08 0
5.91758e+08 0
5.91803e+08 0
5.91904e+08 0
5.92027e+08 0
5.92116e+08 0
5.92217e+08 0
5.92351e+08 0
5.92451e+08 0
5.92552e+08 0
5.92641e+08 0
5.9272e+08 0
5.92798e+08 0
5.92876e+08 0
5.92921e+08 0
5.92954e+08 0
5.92999e+08 0
5.9301e+08 0
5.93044e+08 0
5.93144e+08 0
5.93167e+08 0
5.932e+08 0
5.93256e+08 0
5.93278e+08 0
5.93838e+08 0
5.93905e+08 0
5.94777e+08 0
5.95079e+08 0
5.95179e+08 0
5.95213e+08 0
5.95257e+08 0
5.95704e+08 0
5.95794e+08 0
5.97515e+08 0
5.97582e+08 0
6.13265e+08 0
6.1331e+08 0
6.13355e+08 0
