332585 0
924906 0
1.51723e+06 0
2.10955e+06 0
2.71305e+06 0
3.29421e+06 0
3.88657e+06 0
4.47895e+06 0
5.07145e+06 0
5.66411e+06 0
6.25711e+06 0
6.96032e+06 0
7.66487e+06 0
7.67604e+06 0
9.68878e+06 0
9.71113e+06 0
1.10544e+07 0
1.11214e+07 0
1.12555e+07 0
1.39031e+07 0
1.39478e+07 0
1.39702e+07 0
1.39925e+07 0
1.58707e+07 0
1.5893e+07 0
1.59154e+07 0
1.59489e+07 0
1.59824e+07 0
1.97708e+07 0
1.97931e+07 0
2.03408e+07 0
2.03855e+07 0
2.04526e+07 0
2.0542e+07 0
2.34525e+07 0
2.35195e+07 0
2.44919e+07 0
2.45254e+07 0
2.45589e+07 0
2.46148e+07 0
2.46595e+07 0
2.74448e+07 0
2.74672e+07 0
2.78137e+07 0
2.78919e+07 0
2.8149e+07 0
2.82272e+07 0
2.82831e+07 0
3.1851e+07 0
3.18957e+07 0
3.19739e+07 0
3.23428e+07 0
3.24545e+07 0
3.24881e+07 0
3.25551e+07 0
3.26557e+07 0
3.71038e+07 0
3.71374e+07 0
3.71709e+07 0
3.72156e+07 0
3.73609e+07 0
3.75733e+07 0
3.76404e+07 0
3.77298e+07 0
3.78192e+07 0
4.28182e+07 0
4.28406e+07 0
4.28629e+07 0
4.293e+07 0
4.29859e+07 0
4.31424e+07 0
4.35783e+07 0
4.38577e+07 0
4.38913e+07 0
4.3936e+07 0
4.89343e+07 0
4.89678e+07 0
4.91019e+07 0
4.91355e+07 0
4.91802e+07 0
4.92249e+07 0
4.93255e+07 0
4.97502e+07 0
5.01191e+07 0
5.02532e+07 0
5.03314e+07 0
5.59387e+07 0
5.59834e+07 0
5.61175e+07 0
5.62069e+07 0
5.62852e+07 0
5.6464e+07 0
5.64864e+07 0
5.65199e+07 0
5.69447e+07 0
5.71682e+07 0
5.76264e+07 0
5.76823e+07 0
6.32748e+07 0
6.36213e+07 0
6.3666e+07 0
6.38784e+07 0
6.39231e+07 0
6.40237e+07 0
6.40572e+07 0
6.40907e+07 0
6.41019e+07 0
6.42584e+07 0
6.4426e+07 0
6.47837e+07 0
6.50296e+07 0
7.14018e+07 0
7.17259e+07 0
7.18265e+07 0
7.19719e+07 0
7.20389e+07 0
7.21731e+07 0
7.22401e+07 0
7.23072e+07 0
7.24301e+07 0
7.25419e+07 0
7.26537e+07 0
7.27543e+07 0
7.31343e+07 0
7.31902e+07 0
7.9963e+07 0
8.01754e+07 0
8.03095e+07 0
8.04884e+07 0
8.05108e+07 0
8.09019e+07 0
8.09355e+07 0
8.09913e+07 0
8.10472e+07 0
8.11366e+07 0
8.12037e+07 0
8.12707e+07 0
8.14943e+07 0
8.2299e+07 0
8.24219e+07 0
8.9145e+07 0
8.92009e+07 0
8.93127e+07 0
8.9704e+07 0
8.97375e+07 0
8.98381e+07 0
8.99275e+07 0
8.99722e+07 0
9.00393e+07 0
9.01957e+07 0
9.02963e+07 0
9.03746e+07 0
9.04416e+07 0
9.1347e+07 0
9.19058e+07 0
9.19841e+07 0
9.88072e+07 0
9.89525e+07 0
9.89749e+07 0
9.94779e+07 0
9.9545e+07 0
9.96903e+07 0
9.97573e+07 0
9.98244e+07 0
9.99027e+07 0
9.99809e+07 0
1.00037e+08 0
1.00126e+08 0
1.00204e+08 0
1.00596e+08 0
1.00652e+08 0
1.0206e+08 0
1.02149e+08 0
1.09106e+08 0
1.09296e+08 0
1.09329e+08 0
1.09754e+08 0
1.09787e+08 0
1.09989e+08 0
1.10112e+08 0
1.1029e+08 0
1.10324e+08 0
1.1038e+08 0
1.10413e+08 0
1.10469e+08 0
1.10581e+08 0
1.10715e+08 0
1.1076e+08 0
1.10816e+08 0
1.12559e+08 0
1.1266e+08 0
1.20132e+08 0
1.2021e+08 0
1.20255e+08 0
1.2068e+08 0
1.20803e+08 0
1.20937e+08 0
1.21082e+08 0
1.21172e+08 0
1.21306e+08 0
1.21395e+08 0
1.21451e+08 0
1.21496e+08 0
1.21563e+08 0
1.21876e+08 0
1.2191e+08 0
1.21954e+08 0
1.23541e+08 0
1.23664e+08 0
1.23765e+08 0
1.31444e+08 0
1.31601e+08 0
1.31757e+08 0
1.32014e+08 0
1.32227e+08 0
1.3235e+08 0
1.32529e+08 0
1.32618e+08 0
1.32763e+08 0
1.32819e+08 0
1.32931e+08 0
1.33143e+08 0
1.33289e+08 0
1.33389e+08 0
1.33445e+08 0
1.33468e+08 0
1.34608e+08 0
1.352e+08 0
1.35323e+08 0
1.35424e+08 0
1.43807e+08 0
1.44143e+08 0
1.4431e+08 0
1.44366e+08 0
1.44411e+08 0
1.44556e+08 0
1.44746e+08 0
1.44813e+08 0
1.44914e+08 0
1.44981e+08 0
1.45059e+08 0
1.45238e+08 0
1.45484e+08 0
1.45574e+08 0
1.45652e+08 0
1.45708e+08 0
1.48032e+08 0
1.48178e+08 0
1.48289e+08 0
1.48401e+08 0
1.48524e+08 0
1.56408e+08 0
1.56899e+08 0
1.56955e+08 0
1.57101e+08 0
1.57313e+08 0
1.57347e+08 0
1.57559e+08 0
1.57581e+08 0
1.57671e+08 0
1.57727e+08 0
1.57794e+08 0
1.58118e+08 0
1.58353e+08 0
1.5842e+08 0
1.58464e+08 0
1.58632e+08 0
1.59973e+08 0
1.60107e+08 0
1.60778e+08 0
1.60946e+08 0
1.61102e+08 0
1.61225e+08 0
1.69589e+08 0
1.69936e+08 0
1.69992e+08 0
1.70193e+08 0
1.70383e+08 0
1.70405e+08 0
1.70629e+08 0
1.70651e+08 0
1.70707e+08 0
1.70752e+08 0
1.70909e+08 0
1.71076e+08 0
1.71311e+08 0
1.71423e+08 0
1.71635e+08 0
1.71713e+08 0
1.7292e+08 0
1.7311e+08 0
1.73468e+08 0
1.73602e+08 0
1.73747e+08 0
1.73859e+08 0
1.82926e+08 0
1.82971e+08 0
1.83183e+08 0
1.83385e+08 0
1.83653e+08 0
1.83698e+08 0
1.83776e+08 0
1.84066e+08 0
1.84089e+08 0
1.84145e+08 0
1.84178e+08 0
1.84614e+08 0
1.84827e+08 0
1.84938e+08 0
1.85039e+08 0
1.8514e+08 0
1.85184e+08 0
1.85475e+08 0
1.86067e+08 0
1.86682e+08 0
1.86794e+08 0
1.86928e+08 0
1.86984e+08 0
1.97056e+08 0
1.97135e+08 0
1.97213e+08 0
1.97291e+08 0
1.97347e+08 0
1.97682e+08 0
1.97705e+08 0
1.97816e+08 0
1.98319e+08 0
1.98353e+08 0
1.98409e+08 0
1.98442e+08 0
1.98666e+08 0
1.98822e+08 0
1.99068e+08 0
1.99102e+08 0
1.99191e+08 0
1.99236e+08 0
1.99873e+08 0
1.99985e+08 0
2.00074e+08 0
2.00186e+08 0
2.00331e+08 0
2.00488e+08 0
2.11624e+08 0
2.11702e+08 0
2.11903e+08 0
2.12071e+08 0
2.12105e+08 0
2.1216e+08 0
2.12395e+08 0
2.12418e+08 0
2.12462e+08 0
2.12988e+08 0
2.13021e+08 0
2.13044e+08 0
2.13055e+08 0
2.13569e+08 0
2.13625e+08 0
2.13949e+08 0
2.1405e+08 0
2.14195e+08 0
2.14329e+08 0
2.14485e+08 0
2.14664e+08 0
2.14821e+08 0
2.15e+08 0
2.15134e+08 0
2.15257e+08 0
2.26629e+08 0
2.26786e+08 0
2.27076e+08 0
2.27121e+08 0
2.27166e+08 0
2.27221e+08 0
2.27311e+08 0
2.27602e+08 0
2.27635e+08 0
2.27724e+08 0
2.28127e+08 0
2.28161e+08 0
2.28205e+08 0
2.28239e+08 0
2.28708e+08 0
2.28742e+08 0
2.29211e+08 0
2.29278e+08 0
2.29379e+08 0
2.29502e+08 0
2.29625e+08 0
2.2977e+08 0
2.29938e+08 0
2.30116e+08 0
2.30284e+08 0
2.30463e+08 0
2.42284e+08 0
2.42463e+08 0
2.4291e+08 0
2.42989e+08 0
2.43045e+08 0
2.43078e+08 0
2.43179e+08 0
2.43223e+08 0
2.43603e+08 0
2.43648e+08 0
2.43693e+08 0
2.43995e+08 0
2.44039e+08 0
2.44084e+08 0
2.44118e+08 0
2.44688e+08 0
2.44732e+08 0
2.4528e+08 0
2.45425e+08 0
2.45537e+08 0
2.45716e+08 0
2.45906e+08 0
2.46107e+08 0
2.46308e+08 0
2.46498e+08 0
2.46699e+08 0
2.46878e+08 0
2.58557e+08 0
2.58781e+08 0
2.59317e+08 0
2.59329e+08 0
2.59373e+08 0
2.59407e+08 0
2.59608e+08 0
2.5972e+08 0
2.59731e+08 0
2.60055e+08 0
2.601e+08 0
2.60122e+08 0
2.60379e+08 0
2.60435e+08 0
2.6048e+08 0
2.60514e+08 0
2.61721e+08 0
2.61866e+08 0
2.61989e+08 0
2.62134e+08 0
2.62291e+08 0
2.62447e+08 0
2.62637e+08 0
2.62816e+08 0
2.62983e+08 0
2.6314e+08 0
2.63285e+08 0
2.63431e+08 0
2.75311e+08 0
2.75657e+08 0
2.76205e+08 0
2.76227e+08 0
2.76272e+08 0
2.76306e+08 0
2.76563e+08 0
2.76619e+08 0
2.76641e+08 0
2.7701e+08 0
2.77043e+08 0
2.77133e+08 0
2.77155e+08 0
2.77379e+08 0
2.77412e+08 0
2.77435e+08 0
2.77468e+08 0
2.78385e+08 0
2.78519e+08 0
2.78675e+08 0
2.78843e+08 0
2.79044e+08 0
2.79268e+08 0
2.7948e+08 0
2.79692e+08 0
2.79893e+08 0
2.80095e+08 0
2.80273e+08 0
2.80441e+08 0
2.92645e+08 0
2.93059e+08 0
2.9364e+08 0
2.93673e+08 0
2.93707e+08 0
2.9374e+08 0
2.93919e+08 0
2.94053e+08 0
2.94132e+08 0
2.945e+08 0
2.94512e+08 0
2.94556e+08 0
2.94623e+08 0
2.94657e+08 0
2.94791e+08 0
2.95048e+08 0
2.95126e+08 0
2.9516e+08 0
2.95987e+08 0
2.96132e+08 0
2.96322e+08 0
2.96535e+08 0
2.96736e+08 0
2.96959e+08 0
2.9716e+08 0
2.97373e+08 0
2.97585e+08 0
2.97797e+08 0
2.9801e+08 0
2.98211e+08 0
3.1056e+08 0
3.11108e+08 0
3.11779e+08 0
3.11835e+08 0
3.1198e+08 0
3.12025e+08 0
3.12125e+08 0
3.12192e+08 0
3.12248e+08 0
3.12561e+08 0
3.12584e+08 0
3.12617e+08 0
3.12684e+08 0
3.12718e+08 0
3.12751e+08 0
3.12885e+08 0
3.13176e+08 0
3.13366e+08 0
3.13567e+08 0
3.14249e+08 0
3.14439e+08 0
3.14651e+08 0
3.14875e+08 0
3.15121e+08 0
3.15311e+08 0
3.15512e+08 0
3.1568e+08 0
3.15836e+08 0
3.15981e+08 0
3.16104e+08 0
3.16406e+08 0
3.29091e+08 0
3.29706e+08 0
3.30287e+08 0
3.30567e+08 0
3.30634e+08 0
3.30712e+08 0
3.30768e+08 0
3.30824e+08 0
3.3088e+08 0
3.31226e+08 0
3.31248e+08 0
3.31338e+08 0
3.31371e+08 0
3.31494e+08 0
3.31517e+08 0
3.31561e+08 0
3.31696e+08 0
3.32187e+08 0
3.32288e+08 0
3.32366e+08 0
3.3278e+08 0
3.32891e+08 0
3.33059e+08 0
3.33216e+08 0
3.33394e+08 0
3.33595e+08 0
3.33774e+08 0
3.34221e+08 0
3.34367e+08 0
3.34523e+08 0
3.34646e+08 0
3.35149e+08 0
3.48268e+08 0
3.49157e+08 0
3.49314e+08 0
3.49604e+08 0
3.49694e+08 0
3.49984e+08 0
3.5004e+08 0
3.50085e+08 0
3.50208e+08 0
3.50532e+08 0
3.50599e+08 0
3.50666e+08 0
3.507e+08 0
3.50879e+08 0
3.50901e+08 0
3.50912e+08 0
3.50934e+08 0
3.5118e+08 0
3.51449e+08 0
3.51538e+08 0
3.51739e+08 0
3.51806e+08 0
3.51862e+08 0
3.51929e+08 0
3.51996e+08 0
3.52052e+08 0
3.52142e+08 0
3.52264e+08 0
3.52376e+08 0
3.52879e+08 0
3.53058e+08 0
3.53259e+08 0
3.54108e+08 0
3.68152e+08 0
3.69209e+08 0
3.69309e+08 0
3.69432e+08 0
3.69689e+08 0
3.70002e+08 0
3.70047e+08 0
3.7008e+08 0
3.70404e+08 0
3.70695e+08 0
3.70717e+08 0
3.70785e+08 0
3.70829e+08 0
3.70874e+08 0
3.70919e+08 0
3.70986e+08 0
3.71008e+08 0
3.71053e+08 0
3.71377e+08 0
3.71556e+08 0
3.71612e+08 0
3.71723e+08 0
3.71802e+08 0
3.71902e+08 0
3.71992e+08 0
3.72092e+08 0
3.72215e+08 0
3.72349e+08 0
3.7255e+08 0
3.72662e+08 0
3.72807e+08 0
3.72953e+08 0
3.73154e+08 0
3.73366e+08 0
3.885e+08 0
3.89718e+08 0
3.89797e+08 0
3.89864e+08 0
3.90154e+08 0
3.90702e+08 0
3.90747e+08 0
3.9097e+08 0
3.91071e+08 0
3.91216e+08 0
3.9125e+08 0
3.91272e+08 0
3.91339e+08 0
3.9144e+08 0
3.91484e+08 0
3.91507e+08 0
3.91563e+08 0
3.9163e+08 0
3.91887e+08 0
3.91954e+08 0
3.92032e+08 0
3.92267e+08 0
3.92524e+08 0
3.92613e+08 0
3.9287e+08 0
3.93004e+08 0
3.93139e+08 0
3.93261e+08 0
3.93373e+08 0
3.93507e+08 0
3.93641e+08 0
3.93776e+08 0
3.9391e+08 0
3.94234e+08 0
3.94401e+08 0
4.09535e+08 0
4.10653e+08 0
4.10709e+08 0
4.10911e+08 0
4.11011e+08 0
4.11849e+08 0
4.11916e+08 0
4.12151e+08 0
4.12241e+08 0
4.12498e+08 0
4.12542e+08 0
4.12565e+08 0
4.12576e+08 0
4.12643e+08 0
4.1271e+08 0
4.12755e+08 0
4.12788e+08 0
4.12844e+08 0
4.12922e+08 0
4.13202e+08 0
4.13258e+08 0
4.13392e+08 0
4.13436e+08 0
4.13481e+08 0
4.1366e+08 0
4.13727e+08 0
4.13861e+08 0
4.13973e+08 0
4.14073e+08 0
4.14185e+08 0
4.14297e+08 0
4.14912e+08 0
4.15023e+08 0
4.15158e+08 0
4.15314e+08 0
4.15493e+08 0
4.31155e+08 0
4.32685e+08 0
4.32841e+08 0
4.32975e+08 0
4.3311e+08 0
4.33501e+08 0
4.33568e+08 0
4.3387e+08 0
4.33914e+08 0
4.34115e+08 0
4.3416e+08 0
4.34272e+08 0
4.34328e+08 0
4.34361e+08 0
4.34529e+08 0
4.34574e+08 0
4.34607e+08 0
4.34674e+08 0
4.34741e+08 0
4.34764e+08 0
4.34943e+08 0
4.35166e+08 0
4.35267e+08 0
4.35367e+08 0
4.35457e+08 0
4.35546e+08 0
4.35602e+08 0
4.35893e+08 0
4.36004e+08 0
4.3615e+08 0
4.36261e+08 0
4.36395e+08 0
4.37357e+08 0
4.37435e+08 0
4.3796e+08 0
4.38094e+08 0
4.38206e+08 0
4.53353e+08 0
4.54928e+08 0
4.55197e+08 0
4.55498e+08 0
4.55543e+08 0
4.55778e+08 0
4.55856e+08 0
4.56024e+08 0
4.56147e+08 0
4.56292e+08 0
4.56337e+08 0
4.56471e+08 0
4.56549e+08 0
4.56571e+08 0
4.56717e+08 0
4.56795e+08 0
4.56873e+08 0
4.5694e+08 0
4.57085e+08 0
4.57231e+08 0
4.57365e+08 0
4.57488e+08 0
4.57499e+08 0
4.57555e+08 0
4.57622e+08 0
4.577e+08 0
4.57778e+08 0
4.57879e+08 0
4.58639e+08 0
4.59108e+08 0
4.59209e+08 0
4.59298e+08 0
4.59376e+08 0
4.59589e+08 0
4.59701e+08 0
4.60058e+08 0
4.60159e+08 0
4.60271e+08 0
4.76166e+08 0
4.7816e+08 0
4.78417e+08 0
4.7845e+08 0
4.78517e+08 0
4.78629e+08 0
4.78774e+08 0
4.78897e+08 0
4.78953e+08 0
4.79076e+08 0
4.79132e+08 0
4.794e+08 0
4.79445e+08 0
4.79467e+08 0
4.79635e+08 0
4.79825e+08 0
4.7987e+08 0
4.79926e+08 0
4.7997e+08 0
4.80317e+08 0
4.80395e+08 0
4.8044e+08 0
4.80496e+08 0
4.8054e+08 0
4.80574e+08 0
4.8063e+08 0
4.80831e+08 0
4.8092e+08 0
4.81021e+08 0
4.82351e+08 0
4.82429e+08 0
4.82518e+08 0
4.82854e+08 0
4.82965e+08 0
4.83077e+08 0
4.83189e+08 0
4.83312e+08 0
4.83424e+08 0
4.8358e+08 0
4.99666e+08 0
5.0183e+08 0
5.01986e+08 0
5.02076e+08 0
5.0221e+08 0
5.02277e+08 0
5.02344e+08 0
5.024e+08 0
5.02456e+08 0
5.02489e+08 0
5.02679e+08 0
5.02746e+08 0
5.02914e+08 0
5.02992e+08 0
5.03294e+08 0
5.03384e+08 0
5.03451e+08 0
5.03562e+08 0
5.03641e+08 0
5.04021e+08 0
5.04065e+08 0
5.0411e+08 0
5.04166e+08 0
5.04322e+08 0
5.04423e+08 0
5.04512e+08 0
5.04591e+08 0
5.0468e+08 0
5.04792e+08 0
5.04937e+08 0
5.06233e+08 0
5.06356e+08 0
5.06479e+08 0
5.0658e+08 0
5.06692e+08 0
5.0753e+08 0
5.07653e+08 0
5.07776e+08 0
5.07887e+08 0
5.08379e+08 0
5.23693e+08 0
5.25673e+08 0
5.25841e+08 0
5.25908e+08 0
5.25952e+08 0
5.2602e+08 0
5.26098e+08 0
5.26176e+08 0
5.26243e+08 0
5.26288e+08 0
5.26701e+08 0
5.26746e+08 0
5.26802e+08 0
5.2688e+08 0
5.27227e+08 0
5.27282e+08 0
5.27361e+08 0
5.27495e+08 0
5.27573e+08 0
5.28411e+08 0
5.28545e+08 0
5.28668e+08 0
5.28836e+08 0
5.28948e+08 0
5.29093e+08 0
5.29238e+08 0
5.29372e+08 0
5.29518e+08 0
5.29641e+08 0
5.30266e+08 0
5.30423e+08 0
5.3144e+08 0
5.31574e+08 0
5.31675e+08 0
5.31786e+08 0
5.31887e+08 0
5.31976e+08 0
5.32088e+08 0
5.32222e+08 0
5.32312e+08 0
5.32591e+08 0
5.48446e+08 0
5.50481e+08 0
5.50526e+08 0
5.5057e+08 0
5.50604e+08 0
5.5066e+08 0
5.50738e+08 0
5.50995e+08 0
5.51085e+08 0
5.51174e+08 0
5.51587e+08 0
5.51632e+08 0
5.51688e+08 0
5.51699e+08 0
5.51822e+08 0
5.51878e+08 0
5.52359e+08 0
5.52415e+08 0
5.52504e+08 0
5.52996e+08 0
5.53096e+08 0
5.5332e+08 0
5.53454e+08 0
5.53588e+08 0
5.53711e+08 0
5.53834e+08 0
5.55533e+08 0
5.55667e+08 0
5.55812e+08 0
5.55957e+08 0
5.56158e+08 0
5.56337e+08 0
5.56751e+08 0
5.56863e+08 0
5.56963e+08 0
5.57053e+08 0
5.57097e+08 0
5.57175e+08 0
5.57243e+08 0
5.57332e+08 0
5.5741e+08 0
5.57813e+08 0
5.73425e+08 0
5.75561e+08 0
5.75661e+08 0
5.75717e+08 0
5.75784e+08 0
5.75851e+08 0
5.75941e+08 0
5.76198e+08 0
5.76254e+08 0
5.76298e+08 0
5.76488e+08 0
5.76801e+08 0
5.76846e+08 0
5.76891e+08 0
5.76947e+08 0
5.77081e+08 0
5.77461e+08 0
5.77517e+08 0
5.77606e+08 0
5.78087e+08 0
5.78198e+08 0
5.78321e+08 0
5.79674e+08 0
5.79796e+08 0
5.79897e+08 0
5.80054e+08 0
5.80422e+08 0
5.80534e+08 0
5.80691e+08 0
5.80813e+08 0
5.80936e+08 0
5.81093e+08 0
5.81249e+08 0
5.8173e+08 0
5.81898e+08 0
5.82009e+08 0
5.82132e+08 0
5.82289e+08 0
5.82456e+08 0
5.82579e+08 0
5.82691e+08 0
5.82825e+08 0
5.83473e+08 0
5.99349e+08 0
6.01451e+08 0
6.01507e+08 0
6.01551e+08 0
6.01585e+08 0
6.0163e+08 0
6.01697e+08 0
6.01864e+08 0
6.01976e+08 0
6.01998e+08 0
6.02267e+08 0
6.02434e+08 0
6.02512e+08 0
6.02613e+08 0
6.02702e+08 0
6.02758e+08 0
6.02881e+08 0
6.02982e+08 0
6.03116e+08 0
6.03496e+08 0
6.03652e+08 0
6.03775e+08 0
6.05116e+08 0
6.05284e+08 0
6.05463e+08 0
6.05642e+08 0
6.05821e+08 0
6.05988e+08 0
6.06167e+08 0
6.06346e+08 0
6.06502e+08 0
6.06648e+08 0
6.06815e+08 0
6.06949e+08 0
6.07586e+08 0
6.07687e+08 0
6.0781e+08 0
6.0791e+08 0
6.08145e+08 0
6.08279e+08 0
6.08436e+08 0
6.0857e+08 0
6.09173e+08 0
6.09319e+08 0
6.18899e+08 0
6.19067e+08 0
6.19078e+08 0
