533740 0
1.12606e+06 0
1.71838e+06 0
2.3107e+06 0
2.90302e+06 0
3.49536e+06 0
4.08794e+06 0
4.66916e+06 0
5.26166e+06 0
5.85431e+06 0
6.4473e+06 0
7.13244e+06 0
8.04739e+06 0
8.05859e+06 0
9.59607e+06 0
9.61842e+06 0
1.12319e+07 0
1.12542e+07 0
1.13325e+07 0
1.38538e+07 0
1.38873e+07 0
1.39208e+07 0
1.39544e+07 0
1.65516e+07 0
1.66411e+07 0
1.66746e+07 0
1.6697e+07 0
1.67193e+07 0
1.9856e+07 0
2.00348e+07 0
2.00684e+07 0
2.01131e+07 0
2.01689e+07 0
2.01913e+07 0
2.36959e+07 0
2.37741e+07 0
2.39418e+07 0
2.39865e+07 0
2.40424e+07 0
2.40759e+07 0
2.41206e+07 0
2.78541e+07 0
2.78988e+07 0
2.79323e+07 0
2.79547e+07 0
2.80106e+07 0
2.80553e+07 0
2.80777e+07 0
3.24622e+07 0
3.24845e+07 0
3.24957e+07 0
3.26075e+07 0
3.26299e+07 0
3.27193e+07 0
3.28646e+07 0
3.2887e+07 0
3.76852e+07 0
3.77075e+07 0
3.77411e+07 0
3.77858e+07 0
3.78193e+07 0
3.79199e+07 0
3.8054e+07 0
3.80876e+07 0
3.81099e+07 0
4.33818e+07 0
4.34042e+07 0
4.34601e+07 0
4.34936e+07 0
4.35272e+07 0
4.35719e+07 0
4.36501e+07 0
4.38625e+07 0
4.38849e+07 0
4.39073e+07 0
4.96661e+07 0
4.98002e+07 0
4.98114e+07 0
4.98896e+07 0
4.9912e+07 0
4.99344e+07 0
5.01244e+07 0
5.01803e+07 0
5.02026e+07 0
5.02138e+07 0
5.03144e+07 0
5.65398e+07 0
5.65733e+07 0
5.66739e+07 0
5.6931e+07 0
5.69645e+07 0
5.70092e+07 0
5.71545e+07 0
5.71769e+07 0
5.72104e+07 0
5.72439e+07 0
5.7311e+07 0
5.73893e+07 0
6.43774e+07 0
6.44109e+07 0
6.44221e+07 0
6.46568e+07 0
6.4668e+07 0
6.46792e+07 0
6.47127e+07 0
6.47351e+07 0
6.47574e+07 0
6.47686e+07 0
6.4791e+07 0
6.48357e+07 0
6.49029e+07 0
7.25286e+07 0
7.2551e+07 0
7.25845e+07 0
7.26739e+07 0
7.26963e+07 0
7.27298e+07 0
7.27745e+07 0
7.27969e+07 0
7.28192e+07 0
7.28416e+07 0
7.28639e+07 0
7.28974e+07 0
7.29534e+07 0
7.30652e+07 0
8.12022e+07 0
8.12357e+07 0
8.12581e+07 0
8.12916e+07 0
8.13252e+07 0
8.13475e+07 0
8.13922e+07 0
8.14258e+07 0
8.14593e+07 0
8.14705e+07 0
8.14929e+07 0
8.15152e+07 0
8.15264e+07 0
8.16046e+07 0
8.17948e+07 0
9.03171e+07 0
9.03395e+07 0
9.0373e+07 0
9.04177e+07 0
9.04513e+07 0
9.05966e+07 0
9.06301e+07 0
9.07084e+07 0
9.07531e+07 0
9.07643e+07 0
9.07755e+07 0
9.07866e+07 0
9.0809e+07 0
9.08202e+07 0
9.08425e+07 0
9.10439e+07 0
1.00283e+08 0
1.00361e+08 0
1.00372e+08 0
1.00428e+08 0
1.00461e+08 0
1.00484e+08 0
1.00495e+08 0
1.00595e+08 0
1.00629e+08 0
1.0064e+08 0
1.00663e+08 0
1.00685e+08 0
1.00696e+08 0
1.00718e+08 0
1.00763e+08 0
1.00808e+08 0
1.01009e+08 0
1.10733e+08 0
1.10811e+08 0
1.10822e+08 0
1.10844e+08 0
1.10867e+08 0
1.1099e+08 0
1.11012e+08 0
1.11046e+08 0
1.11079e+08 0
1.11113e+08 0
1.11146e+08 0
1.11191e+08 0
1.11224e+08 0
1.11258e+08 0
1.1128e+08 0
1.11291e+08 0
1.11314e+08 0
1.1156e+08 0
1.21819e+08 0
1.21853e+08 0
1.21908e+08 0
1.21931e+08 0
1.22031e+08 0
1.22065e+08 0
1.2211e+08 0
1.22244e+08 0
1.22255e+08 0
1.22277e+08 0
1.223e+08 0
1.22311e+08 0
1.22333e+08 0
1.22367e+08 0
1.224e+08 0
1.22434e+08 0
1.22467e+08 0
1.2249e+08 0
1.22601e+08 0
1.33519e+08 0
1.33698e+08 0
1.33742e+08 0
1.33787e+08 0
1.33977e+08 0
1.33999e+08 0
1.34011e+08 0
1.34033e+08 0
1.34044e+08 0
1.34111e+08 0
1.34122e+08 0
1.34134e+08 0
1.34145e+08 0
1.34156e+08 0
1.34178e+08 0
1.3419e+08 0
1.34201e+08 0
1.34212e+08 0
1.34223e+08 0
1.34245e+08 0
1.45743e+08 0
1.45955e+08 0
1.46011e+08 0
1.46033e+08 0
1.46145e+08 0
1.46178e+08 0
1.46201e+08 0
1.46234e+08 0
1.46257e+08 0
1.46279e+08 0
1.46301e+08 0
1.46413e+08 0
1.46424e+08 0
1.46447e+08 0
1.46469e+08 0
1.4648e+08 0
1.46491e+08 0
1.46503e+08 0
1.46536e+08 0
1.46592e+08 0
1.46603e+08 0
1.58904e+08 0
1.5896e+08 0
1.59005e+08 0
1.59049e+08 0
1.59094e+08 0
1.5915e+08 0
1.59195e+08 0
1.59284e+08 0
1.59306e+08 0
1.59329e+08 0
1.5934e+08 0
1.59351e+08 0
1.59362e+08 0
1.59374e+08 0
1.59385e+08 0
1.59396e+08 0
1.59407e+08 0
1.59418e+08 0
1.59429e+08 0
1.59485e+08 0
1.59508e+08 0
1.5953e+08 0
1.71575e+08 0
1.7162e+08 0
1.71664e+08 0
1.7172e+08 0
1.71776e+08 0
1.71843e+08 0
1.72078e+08 0
1.72145e+08 0
1.72167e+08 0
1.72179e+08 0
1.72201e+08 0
1.72324e+08 0
1.72357e+08 0
1.7238e+08 0
1.72402e+08 0
1.72424e+08 0
1.72447e+08 0
1.72469e+08 0
1.7248e+08 0
1.72491e+08 0
1.72503e+08 0
1.72514e+08 0
1.84895e+08 0
1.8495e+08 0
1.84995e+08 0
1.85029e+08 0
1.85096e+08 0
1.85152e+08 0
1.85208e+08 0
1.8552e+08 0
1.85822e+08 0
1.85856e+08 0
1.85867e+08 0
1.85878e+08 0
1.85923e+08 0
1.85945e+08 0
1.85956e+08 0
1.85968e+08 0
1.8599e+08 0
1.86012e+08 0
1.86023e+08 0
1.86057e+08 0
1.86102e+08 0
1.86124e+08 0
1.86146e+08 0
1.98862e+08 0
1.98929e+08 0
1.98985e+08 0
1.99041e+08 0
1.99097e+08 0
1.99164e+08 0
1.99231e+08 0
1.99298e+08 0
1.99376e+08 0
1.99924e+08 0
1.99958e+08 0
1.99969e+08 0
1.9998e+08 0
1.99991e+08 0
2.00013e+08 0
2.00058e+08 0
2.00114e+08 0
2.00125e+08 0
2.00136e+08 0
2.00148e+08 0
2.00159e+08 0
2.00204e+08 0
2.00215e+08 0
2.0036e+08 0
2.13636e+08 0
2.13692e+08 0
2.13714e+08 0
2.13759e+08 0
2.13837e+08 0
2.13915e+08 0
2.13994e+08 0
2.14072e+08 0
2.14117e+08 0
2.14195e+08 0
2.14273e+08 0
2.1434e+08 0
2.14429e+08 0
2.14519e+08 0
2.14564e+08 0
2.14653e+08 0
2.14742e+08 0
2.14865e+08 0
2.14877e+08 0
2.14899e+08 0
2.14921e+08 0
2.14944e+08 0
2.15055e+08 0
2.15089e+08 0
2.151e+08 0
2.28791e+08 0
2.28914e+08 0
2.28948e+08 0
2.29048e+08 0
2.29138e+08 0
2.29205e+08 0
2.29238e+08 0
2.29283e+08 0
2.29328e+08 0
2.29372e+08 0
2.29473e+08 0
2.29562e+08 0
2.29607e+08 0
2.29663e+08 0
2.29708e+08 0
2.29764e+08 0
2.29819e+08 0
2.30077e+08 0
2.30155e+08 0
2.30166e+08 0
2.30188e+08 0
2.302e+08 0
2.30233e+08 0
2.30289e+08 0
2.30334e+08 0
2.3039e+08 0
2.44601e+08 0
2.44634e+08 0
2.44679e+08 0
2.44735e+08 0
2.44902e+08 0
2.44958e+08 0
2.45014e+08 0
2.45059e+08 0
2.45171e+08 0
2.45226e+08 0
2.45271e+08 0
2.45316e+08 0
2.45417e+08 0
2.45472e+08 0
2.45551e+08 0
2.45607e+08 0
2.45674e+08 0
2.45729e+08 0
2.4583e+08 0
2.45886e+08 0
2.45919e+08 0
2.45942e+08 0
2.45964e+08 0
2.4602e+08 0
2.46143e+08 0
2.46165e+08 0
2.46199e+08 0
2.60749e+08 0
2.60805e+08 0
2.60872e+08 0
2.6095e+08 0
2.61219e+08 0
2.61263e+08 0
2.6133e+08 0
2.61375e+08 0
2.61464e+08 0
2.61554e+08 0
2.61643e+08 0
2.61666e+08 0
2.6171e+08 0
2.61766e+08 0
2.61822e+08 0
2.61945e+08 0
2.6199e+08 0
2.62035e+08 0
2.62113e+08 0
2.6218e+08 0
2.62269e+08 0
2.6228e+08 0
2.62292e+08 0
2.62314e+08 0
2.62336e+08 0
2.62515e+08 0
2.62538e+08 0
2.62694e+08 0
2.77723e+08 0
2.77779e+08 0
2.77801e+08 0
2.77813e+08 0
2.77846e+08 0
2.77869e+08 0
2.77902e+08 0
2.77947e+08 0
2.7798e+08 0
2.78047e+08 0
2.78148e+08 0
2.78595e+08 0
2.78673e+08 0
2.78707e+08 0
2.78796e+08 0
2.78841e+08 0
2.78975e+08 0
2.79087e+08 0
2.79221e+08 0
2.79232e+08 0
2.79288e+08 0
2.79478e+08 0
2.795e+08 0
2.79534e+08 0
2.79567e+08 0
2.7959e+08 0
2.79601e+08 0
2.79612e+08 0
2.79623e+08 0
2.95124e+08 0
2.9518e+08 0
2.95247e+08 0
2.95314e+08 0
2.9537e+08 0
2.95437e+08 0
2.95471e+08 0
2.95538e+08 0
2.95582e+08 0
2.95873e+08 0
2.95895e+08 0
2.95918e+08 0
2.96399e+08 0
2.96454e+08 0
2.96521e+08 0
2.96633e+08 0
2.96689e+08 0
2.96734e+08 0
2.96779e+08 0
2.96801e+08 0
2.96823e+08 0
2.96857e+08 0
2.96902e+08 0
2.96924e+08 0
2.96946e+08 0
2.96957e+08 0
2.96991e+08 0
2.97024e+08 0
2.97069e+08 0
2.97103e+08 0
3.13386e+08 0
3.13476e+08 0
3.13509e+08 0
3.13554e+08 0
3.13599e+08 0
3.13654e+08 0
3.1371e+08 0
3.13744e+08 0
3.138e+08 0
3.14046e+08 0
3.14079e+08 0
3.14113e+08 0
3.14537e+08 0
3.14571e+08 0
3.14604e+08 0
3.14649e+08 0
3.14716e+08 0
3.14906e+08 0
3.14996e+08 0
3.15007e+08 0
3.15029e+08 0
3.15052e+08 0
3.15074e+08 0
3.1513e+08 0
3.15164e+08 0
3.15186e+08 0
3.15208e+08 0
3.15231e+08 0
3.15253e+08 0
3.15275e+08 0
3.15298e+08 0
3.3203e+08 0
3.32108e+08 0
3.32231e+08 0
3.32287e+08 0
3.32387e+08 0
3.32488e+08 0
3.32577e+08 0
3.32812e+08 0
3.3289e+08 0
3.3298e+08 0
3.33058e+08 0
3.33114e+08 0
3.33237e+08 0
3.33315e+08 0
3.33371e+08 0
3.33416e+08 0
3.33438e+08 0
3.33561e+08 0
3.3374e+08 0
3.33885e+08 0
3.33907e+08 0
3.33919e+08 0
3.3393e+08 0
3.33952e+08 0
3.34042e+08 0
3.34064e+08 0
3.3412e+08 0
3.34165e+08 0
3.34209e+08 0
3.34254e+08 0
3.34299e+08 0
3.3431e+08 0
3.51544e+08 0
3.51611e+08 0
3.51678e+08 0
3.51835e+08 0
3.5188e+08 0
3.51947e+08 0
3.52126e+08 0
3.52226e+08 0
3.52327e+08 0
3.52405e+08 0
3.52461e+08 0
3.52696e+08 0
3.52785e+08 0
3.52841e+08 0
3.52908e+08 0
3.52964e+08 0
3.5302e+08 0
3.53076e+08 0
3.53154e+08 0
3.53187e+08 0
3.53657e+08 0
3.53679e+08 0
3.53702e+08 0
3.53724e+08 0
3.53746e+08 0
3.53802e+08 0
3.53836e+08 0
3.53892e+08 0
3.53914e+08 0
3.53925e+08 0
3.53936e+08 0
3.53948e+08 0
3.53959e+08 0
3.71473e+08 0
3.71529e+08 0
3.71607e+08 0
3.71685e+08 0
3.71763e+08 0
3.71853e+08 0
3.72333e+08 0
3.724e+08 0
3.72467e+08 0
3.7259e+08 0
3.72657e+08 0
3.72758e+08 0
3.72814e+08 0
3.72914e+08 0
3.72993e+08 0
3.73037e+08 0
3.73127e+08 0
3.7316e+08 0
3.73183e+08 0
3.7325e+08 0
3.73294e+08 0
3.73731e+08 0
3.73753e+08 0
3.73798e+08 0
3.73831e+08 0
3.73887e+08 0
3.73921e+08 0
3.73965e+08 0
3.73988e+08 0
3.7401e+08 0
3.74021e+08 0
3.74032e+08 0
3.74044e+08 0
3.74055e+08 0
3.92038e+08 0
3.92116e+08 0
3.92172e+08 0
3.9225e+08 0
3.92273e+08 0
3.92306e+08 0
3.92608e+08 0
3.9282e+08 0
3.9301e+08 0
3.93078e+08 0
3.93245e+08 0
3.93346e+08 0
3.93368e+08 0
3.93435e+08 0
3.93469e+08 0
3.9358e+08 0
3.93838e+08 0
3.93893e+08 0
3.94005e+08 0
3.94028e+08 0
3.9405e+08 0
3.94072e+08 0
3.94352e+08 0
3.94363e+08 0
3.94475e+08 0
3.9452e+08 0
3.94564e+08 0
3.94609e+08 0
3.94642e+08 0
3.94665e+08 0
3.94687e+08 0
3.94721e+08 0
3.94743e+08 0
3.94754e+08 0
3.94766e+08 0
4.12942e+08 0
4.13042e+08 0
4.13277e+08 0
4.13311e+08 0
4.13366e+08 0
4.134e+08 0
4.13746e+08 0
4.13948e+08 0
4.14037e+08 0
4.14093e+08 0
4.1416e+08 0
4.14238e+08 0
4.14372e+08 0
4.14451e+08 0
4.14529e+08 0
4.14607e+08 0
4.14685e+08 0
4.14764e+08 0
4.15267e+08 0
4.153e+08 0
4.15334e+08 0
4.15356e+08 0
4.1539e+08 0
4.15624e+08 0
4.15636e+08 0
4.15848e+08 0
4.1587e+08 0
4.15893e+08 0
4.15904e+08 0
4.15915e+08 0
4.15949e+08 0
4.1596e+08 0
4.15982e+08 0
4.16027e+08 0
4.16049e+08 0
4.16105e+08 0
4.34849e+08 0
4.34939e+08 0
4.34972e+08 0
4.34995e+08 0
4.35051e+08 0
4.35162e+08 0
4.35475e+08 0
4.35542e+08 0
4.35654e+08 0
4.35799e+08 0
4.35956e+08 0
4.36023e+08 0
4.36224e+08 0
4.3628e+08 0
4.3637e+08 0
4.36437e+08 0
4.36504e+08 0
4.36548e+08 0
4.3704e+08 0
4.37085e+08 0
4.3713e+08 0
4.37152e+08 0
4.37186e+08 0
4.37208e+08 0
4.37599e+08 0
4.37644e+08 0
4.37677e+08 0
4.37689e+08 0
4.37745e+08 0
4.37767e+08 0
4.37778e+08 0
4.37834e+08 0
4.37856e+08 0
4.37879e+08 0
4.37946e+08 0
4.37957e+08 0
4.3799e+08 0
4.5745e+08 0
4.57518e+08 0
4.57573e+08 0
4.57607e+08 0
4.57629e+08 0
4.57663e+08 0
4.57696e+08 0
4.57864e+08 0
4.57898e+08 0
4.57987e+08 0
4.5802e+08 0
4.58121e+08 0
4.58333e+08 0
4.58546e+08 0
4.58624e+08 0
4.58747e+08 0
4.58825e+08 0
4.58859e+08 0
4.59026e+08 0
4.59272e+08 0
4.59496e+08 0
4.59563e+08 0
4.59585e+08 0
4.59619e+08 0
4.59652e+08 0
4.5991e+08 0
4.60021e+08 0
4.60055e+08 0
4.60088e+08 0
4.60267e+08 0
4.60278e+08 0
4.6029e+08 0
4.60301e+08 0
4.60312e+08 0
4.60323e+08 0
4.60334e+08 0
4.60346e+08 0
4.60379e+08 0
4.80231e+08 0
4.80287e+08 0
4.80354e+08 0
4.80387e+08 0
4.80454e+08 0
4.80521e+08 0
4.80633e+08 0
4.80678e+08 0
4.80845e+08 0
4.8089e+08 0
4.80946e+08 0
4.81002e+08 0
4.81091e+08 0
4.81147e+08 0
4.81326e+08 0
4.81594e+08 0
4.8174e+08 0
4.81807e+08 0
4.82019e+08 0
4.82097e+08 0
4.82365e+08 0
4.8241e+08 0
4.82511e+08 0
4.82544e+08 0
4.82567e+08 0
4.82578e+08 0
4.82936e+08 0
4.83003e+08 0
4.83148e+08 0
4.8317e+08 0
4.83237e+08 0
4.83249e+08 0
4.83271e+08 0
4.83293e+08 0
4.83305e+08 0
4.83316e+08 0
4.83327e+08 0
4.83349e+08 0
4.83383e+08 0
5.03615e+08 0
5.03671e+08 0
5.03738e+08 0
5.03816e+08 0
5.03883e+08 0
5.03961e+08 0
5.04073e+08 0
5.04107e+08 0
5.04319e+08 0
5.04352e+08 0
5.04431e+08 0
5.0461e+08 0
5.04732e+08 0
5.04811e+08 0
5.04978e+08 0
5.05057e+08 0
5.05146e+08 0
5.05213e+08 0
5.05403e+08 0
5.05459e+08 0
5.05649e+08 0
5.05727e+08 0
5.05861e+08 0
5.06007e+08 0
5.06096e+08 0
5.06163e+08 0
5.06208e+08 0
5.06443e+08 0
5.06454e+08 0
5.06577e+08 0
5.0661e+08 0
5.06789e+08 0
5.06812e+08 0
5.06834e+08 0
5.06856e+08 0
5.06868e+08 0
5.0689e+08 0
5.06901e+08 0
5.06924e+08 0
5.06946e+08 0
5.28061e+08 0
5.28173e+08 0
5.28251e+08 0
5.28363e+08 0
5.28463e+08 0
5.28575e+08 0
5.28687e+08 0
5.28788e+08 0
5.28866e+08 0
5.29022e+08 0
5.291e+08 0
5.29168e+08 0
5.29279e+08 0
5.29358e+08 0
5.29413e+08 0
5.29469e+08 0
5.29547e+08 0
5.29626e+08 0
5.29682e+08 0
5.29726e+08 0
5.29782e+08 0
5.29827e+08 0
5.29961e+08 0
5.30173e+08 0
5.30252e+08 0
5.30285e+08 0
5.30307e+08 0
5.3033e+08 0
5.3052e+08 0
5.30587e+08 0
5.30676e+08 0
5.30688e+08 0
5.30855e+08 0
5.30934e+08 0
5.30979e+08 0
5.31001e+08 0
5.31012e+08 0
5.31034e+08 0
5.31046e+08 0
5.3109e+08 0
5.31102e+08 0
5.52284e+08 0
5.52329e+08 0
5.52765e+08 0
5.52865e+08 0
5.52944e+08 0
5.53011e+08 0
5.53111e+08 0
5.53256e+08 0
5.53357e+08 0
5.53569e+08 0
5.53625e+08 0
5.53681e+08 0
5.53916e+08 0
5.53972e+08 0
5.54016e+08 0
5.54072e+08 0
5.54139e+08 0
5.54184e+08 0
5.5424e+08 0
5.54296e+08 0
5.54352e+08 0
5.54419e+08 0
5.54475e+08 0
5.54564e+08 0
5.54676e+08 0
5.54721e+08 0
5.54911e+08 0
5.54944e+08 0
5.55168e+08 0
5.55201e+08 0
5.55279e+08 0
5.55402e+08 0
5.55425e+08 0
5.55537e+08 0
5.55582e+08 0
5.55705e+08 0
5.55749e+08 0
5.55783e+08 0
5.55794e+08 0
5.55816e+08 0
5.55839e+08 0
5.5585e+08 0
5.77927e+08 0
5.78061e+08 0
5.78184e+08 0
5.78318e+08 0
5.7843e+08 0
5.78553e+08 0
5.78676e+08 0
5.78765e+08 0
5.78832e+08 0
5.78888e+08 0
5.78944e+08 0
5.79022e+08 0
5.791e+08 0
5.79168e+08 0
5.79235e+08 0
5.79279e+08 0
5.79335e+08 0
5.79391e+08 0
5.79447e+08 0
5.79514e+08 0
5.79559e+08 0
5.79603e+08 0
5.79648e+08 0
5.79693e+08 0
5.79805e+08 0
5.79838e+08 0
5.79883e+08 0
5.79916e+08 0
5.80207e+08 0
5.80229e+08 0
5.80252e+08 0
5.80419e+08 0
5.80643e+08 0
5.80744e+08 0
5.80855e+08 0
5.80889e+08 0
5.81034e+08 0
5.81057e+08 0
5.81068e+08 0
5.81135e+08 0
5.81169e+08 0
5.8118e+08 0
5.81191e+08 0
6.03894e+08 0
6.04006e+08 0
6.04095e+08 0
6.04218e+08 0
6.0433e+08 0
6.04442e+08 0
6.04542e+08 0
6.04632e+08 0
6.0471e+08 0
6.04788e+08 0
6.04855e+08 0
6.04911e+08 0
6.04967e+08 0
6.05034e+08 0
6.05101e+08 0
6.05168e+08 0
6.05224e+08 0
6.05291e+08 0
6.05358e+08 0
6.05403e+08 0
6.05448e+08 0
6.05492e+08 0
6.05526e+08 0
6.0556e+08 0
6.05604e+08 0
6.05638e+08 0
6.05671e+08 0
6.05705e+08 0
6.05872e+08 0
6.05917e+08 0
6.05962e+08 0
6.06141e+08 0
6.06174e+08 0
6.06409e+08 0
6.06454e+08 0
6.06689e+08 0
6.06812e+08 0
6.06946e+08 0
6.06968e+08 0
6.06991e+08 0
6.07013e+08 0
6.07024e+08 0
6.07046e+08 0
6.07069e+08 0
6.14234e+08 0
6.14245e+08 0
6.14257e+08 0
