234222 0
835500 0
1.42908e+06 0
2.0214e+06 0
2.6249e+06 0
3.21724e+06 0
3.8096e+06 0
4.40199e+06 0
4.99448e+06 0
5.58714e+06 0
6.18015e+06 0
6.84089e+06 0
7.45222e+06 0
7.46347e+06 0
8.41365e+06 0
8.44718e+06 0
1.14208e+07 0
1.14543e+07 0
1.14767e+07 0
1.3333e+07 0
1.34001e+07 0
1.34336e+07 0
1.34895e+07 0
1.64415e+07 0
1.64638e+07 0
1.6475e+07 0
1.64974e+07 0
1.65309e+07 0
1.94273e+07 0
1.94497e+07 0
1.94832e+07 0
1.95167e+07 0
1.95503e+07 0
1.95838e+07 0
2.35201e+07 0
2.35425e+07 0
2.3576e+07 0
2.36095e+07 0
2.36542e+07 0
2.37101e+07 0
2.37548e+07 0
2.75461e+07 0
2.75573e+07 0
2.75685e+07 0
2.75908e+07 0
2.76132e+07 0
2.76355e+07 0
2.76691e+07 0
3.20863e+07 0
3.21086e+07 0
3.2131e+07 0
3.21422e+07 0
3.21757e+07 0
3.22092e+07 0
3.22316e+07 0
3.2254e+07 0
3.73197e+07 0
3.7342e+07 0
3.73867e+07 0
3.74203e+07 0
3.74873e+07 0
3.75544e+07 0
3.75991e+07 0
3.76215e+07 0
3.76662e+07 0
4.31122e+07 0
4.31346e+07 0
4.31681e+07 0
4.32017e+07 0
4.32464e+07 0
4.32687e+07 0
4.33134e+07 0
4.33358e+07 0
4.33582e+07 0
4.34365e+07 0
4.9397e+07 0
4.94082e+07 0
4.94193e+07 0
4.94417e+07 0
4.94752e+07 0
4.95088e+07 0
4.95311e+07 0
4.95758e+07 0
4.97324e+07 0
4.97436e+07 0
4.9766e+07 0
5.62745e+07 0
5.6308e+07 0
5.63416e+07 0
5.63639e+07 0
5.63863e+07 0
5.63974e+07 0
5.64086e+07 0
5.64422e+07 0
5.64645e+07 0
5.66546e+07 0
5.67887e+07 0
5.68669e+07 0
6.37781e+07 0
6.38116e+07 0
6.38676e+07 0
6.389e+07 0
6.39123e+07 0
6.39235e+07 0
6.3957e+07 0
6.39794e+07 0
6.39906e+07 0
6.40018e+07 0
6.42254e+07 0
6.43595e+07 0
6.44042e+07 0
7.19081e+07 0
7.19305e+07 0
7.20311e+07 0
7.20982e+07 0
7.21317e+07 0
7.21653e+07 0
7.22435e+07 0
7.24336e+07 0
7.24671e+07 0
7.24894e+07 0
7.2523e+07 0
7.27689e+07 0
7.28695e+07 0
7.28806e+07 0
8.04854e+07 0
8.04966e+07 0
8.07985e+07 0
8.08209e+07 0
8.08768e+07 0
8.09327e+07 0
8.10556e+07 0
8.12568e+07 0
8.12904e+07 0
8.14916e+07 0
8.15139e+07 0
8.15363e+07 0
8.15698e+07 0
8.1581e+07 0
8.16145e+07 0
8.9935e+07 0
8.99686e+07 0
9.05051e+07 0
9.06616e+07 0
9.06728e+07 0
9.07287e+07 0
9.08293e+07 0
9.09634e+07 0
9.09746e+07 0
9.10417e+07 0
9.1064e+07 0
9.10864e+07 0
9.11199e+07 0
9.11423e+07 0
9.11646e+07 0
9.12093e+07 0
9.98208e+07 0
9.98767e+07 0
1.00514e+08 0
1.00626e+08 0
1.00637e+08 0
1.00693e+08 0
1.00782e+08 0
1.00883e+08 0
1.00916e+08 0
1.0095e+08 0
1.00972e+08 0
1.00994e+08 0
1.01017e+08 0
1.01039e+08 0
1.01062e+08 0
1.01095e+08 0
1.01129e+08 0
1.10478e+08 0
1.10545e+08 0
1.11495e+08 0
1.11529e+08 0
1.11551e+08 0
1.11574e+08 0
1.11596e+08 0
1.11618e+08 0
1.11641e+08 0
1.11663e+08 0
1.11685e+08 0
1.11697e+08 0
1.11708e+08 0
1.11752e+08 0
1.11764e+08 0
1.11797e+08 0
1.1182e+08 0
1.11853e+08 0
1.21896e+08 0
1.22153e+08 0
1.22667e+08 0
1.22701e+08 0
1.22723e+08 0
1.22745e+08 0
1.22757e+08 0
1.22779e+08 0
1.22801e+08 0
1.22812e+08 0
1.22868e+08 0
1.22902e+08 0
1.22924e+08 0
1.2298e+08 0
1.22991e+08 0
1.23002e+08 0
1.23014e+08 0
1.23025e+08 0
1.23036e+08 0
1.3442e+08 0
1.34555e+08 0
1.34577e+08 0
1.34588e+08 0
1.34599e+08 0
1.34622e+08 0
1.34644e+08 0
1.34655e+08 0
1.34666e+08 0
1.34678e+08 0
1.34689e+08 0
1.34711e+08 0
1.34722e+08 0
1.34734e+08 0
1.34745e+08 0
1.34767e+08 0
1.34778e+08 0
1.3479e+08 0
1.34801e+08 0
1.34812e+08 0
1.46755e+08 0
1.46856e+08 0
1.46878e+08 0
1.46901e+08 0
1.46923e+08 0
1.46945e+08 0
1.46968e+08 0
1.4699e+08 0
1.47013e+08 0
1.47024e+08 0
1.47046e+08 0
1.47068e+08 0
1.47124e+08 0
1.47136e+08 0
1.47147e+08 0
1.47158e+08 0
1.47169e+08 0
1.4718e+08 0
1.47191e+08 0
1.47203e+08 0
1.47214e+08 0
1.59772e+08 0
1.59873e+08 0
1.59907e+08 0
1.59918e+08 0
1.5994e+08 0
1.59952e+08 0
1.59974e+08 0
1.59996e+08 0
1.60019e+08 0
1.60041e+08 0
1.60063e+08 0
1.60108e+08 0
1.60142e+08 0
1.60186e+08 0
1.60209e+08 0
1.6022e+08 0
1.60354e+08 0
1.60387e+08 0
1.60421e+08 0
1.60432e+08 0
1.60443e+08 0
1.60477e+08 0
1.72846e+08 0
1.73002e+08 0
1.73148e+08 0
1.73159e+08 0
1.73192e+08 0
1.73237e+08 0
1.73248e+08 0
1.73282e+08 0
1.73315e+08 0
1.73338e+08 0
1.7345e+08 0
1.73494e+08 0
1.73517e+08 0
1.73539e+08 0
1.7355e+08 0
1.73573e+08 0
1.73584e+08 0
1.73606e+08 0
1.73662e+08 0
1.73684e+08 0
1.73707e+08 0
1.73729e+08 0
1.86757e+08 0
1.86769e+08 0
1.87093e+08 0
1.87115e+08 0
1.87194e+08 0
1.87205e+08 0
1.87249e+08 0
1.87339e+08 0
1.87361e+08 0
1.87451e+08 0
1.87473e+08 0
1.8754e+08 0
1.87652e+08 0
1.87674e+08 0
1.87697e+08 0
1.8773e+08 0
1.87752e+08 0
1.87775e+08 0
1.87786e+08 0
1.8782e+08 0
1.87842e+08 0
1.8792e+08 0
1.87943e+08 0
2.01262e+08 0
2.01273e+08 0
2.01284e+08 0
2.01474e+08 0
2.01486e+08 0
2.01575e+08 0
2.01597e+08 0
2.01608e+08 0
2.01664e+08 0
2.0172e+08 0
2.01743e+08 0
2.01787e+08 0
2.01821e+08 0
2.01888e+08 0
2.0191e+08 0
2.01944e+08 0
2.02067e+08 0
2.02089e+08 0
2.02123e+08 0
2.02156e+08 0
2.0219e+08 0
2.02268e+08 0
2.02369e+08 0
2.02503e+08 0
2.1637e+08 0
2.16404e+08 0
2.16415e+08 0
2.16728e+08 0
2.16773e+08 0
2.17097e+08 0
2.17108e+08 0
2.17119e+08 0
2.17141e+08 0
2.17164e+08 0
2.17197e+08 0
2.17242e+08 0
2.17276e+08 0
2.17343e+08 0
2.17354e+08 0
2.17365e+08 0
2.17376e+08 0
2.17399e+08 0
2.1741e+08 0
2.17421e+08 0
2.17432e+08 0
2.17443e+08 0
2.17455e+08 0
2.17466e+08 0
2.17477e+08 0
2.32228e+08 0
2.32295e+08 0
2.32317e+08 0
2.32529e+08 0
2.32552e+08 0
2.32563e+08 0
2.32675e+08 0
2.32686e+08 0
2.32697e+08 0
2.32708e+08 0
2.3272e+08 0
2.32731e+08 0
2.32753e+08 0
2.32776e+08 0
2.32787e+08 0
2.32809e+08 0
2.3282e+08 0
2.32832e+08 0
2.32876e+08 0
2.32899e+08 0
2.3291e+08 0
2.32921e+08 0
2.32943e+08 0
2.32955e+08 0
2.32966e+08 0
2.32977e+08 0
2.48443e+08 0
2.4851e+08 0
2.48533e+08 0
2.487e+08 0
2.48723e+08 0
2.48734e+08 0
2.48745e+08 0
2.48756e+08 0
2.48768e+08 0
2.48779e+08 0
2.4879e+08 0
2.48801e+08 0
2.48812e+08 0
2.48824e+08 0
2.48835e+08 0
2.48857e+08 0
2.48902e+08 0
2.48924e+08 0
2.48936e+08 0
2.48958e+08 0
2.48969e+08 0
2.48992e+08 0
2.49003e+08 0
2.49025e+08 0
2.49036e+08 0
2.49048e+08 0
2.49059e+08 0
2.65252e+08 0
2.65263e+08 0
2.65274e+08 0
2.65353e+08 0
2.65364e+08 0
2.65386e+08 0
2.65409e+08 0
2.6542e+08 0
2.65431e+08 0
2.65442e+08 0
2.65453e+08 0
2.65465e+08 0
2.65476e+08 0
2.65487e+08 0
2.65509e+08 0
2.65521e+08 0
2.65532e+08 0
2.65543e+08 0
2.65554e+08 0
2.65565e+08 0
2.65577e+08 0
2.65588e+08 0
2.65599e+08 0
2.65644e+08 0
2.65666e+08 0
2.65688e+08 0
2.657e+08 0
2.65711e+08 0
2.82507e+08 0
2.82519e+08 0
2.8253e+08 0
2.82553e+08 0
2.82564e+08 0
2.82575e+08 0
2.82642e+08 0
2.82653e+08 0
2.82665e+08 0
2.82687e+08 0
2.82698e+08 0
2.82709e+08 0
2.82721e+08 0
2.82732e+08 0
2.82743e+08 0
2.82754e+08 0
2.82765e+08 0
2.82777e+08 0
2.82788e+08 0
2.82799e+08 0
2.8281e+08 0
2.82821e+08 0
2.82833e+08 0
2.82844e+08 0
2.82855e+08 0
2.82866e+08 0
2.82878e+08 0
2.82889e+08 0
2.829e+08 0
3.00278e+08 0
3.00334e+08 0
3.00356e+08 0
3.00379e+08 0
3.0039e+08 0
3.00401e+08 0
3.00413e+08 0
3.00424e+08 0
3.00435e+08 0
3.00446e+08 0
3.00457e+08 0
3.00469e+08 0
3.0048e+08 0
3.00491e+08 0
3.00502e+08 0
3.00513e+08 0
3.00525e+08 0
3.00536e+08 0
3.00547e+08 0
3.00558e+08 0
3.0057e+08 0
3.00581e+08 0
3.00592e+08 0
3.00603e+08 0
3.00614e+08 0
3.00637e+08 0
3.00648e+08 0
3.00682e+08 0
3.00704e+08 0
3.0076e+08 0
3.18697e+08 0
3.18708e+08 0
3.18719e+08 0
3.18731e+08 0
3.18742e+08 0
3.18754e+08 0
3.18765e+08 0
3.18776e+08 0
3.18787e+08 0
3.18798e+08 0
3.1881e+08 0
3.18821e+08 0
3.18832e+08 0
3.18843e+08 0
3.18854e+08 0
3.18865e+08 0
3.18877e+08 0
3.18888e+08 0
3.18933e+08 0
3.18955e+08 0
3.18989e+08 0
3.19e+08 0
3.19022e+08 0
3.19033e+08 0
3.191e+08 0
3.19112e+08 0
3.19123e+08 0
3.19134e+08 0
3.19145e+08 0
3.19156e+08 0
3.19201e+08 0
3.37642e+08 0
3.37653e+08 0
3.37664e+08 0
3.37676e+08 0
3.37687e+08 0
3.37698e+08 0
3.37709e+08 0
3.3772e+08 0
3.37732e+08 0
3.37743e+08 0
3.37754e+08 0
3.37765e+08 0
3.37799e+08 0
3.3781e+08 0
3.37832e+08 0
3.37855e+08 0
3.37866e+08 0
3.37877e+08 0
3.37888e+08 0
3.37956e+08 0
3.37978e+08 0
3.38011e+08 0
3.38023e+08 0
3.38034e+08 0
3.38045e+08 0
3.38056e+08 0
3.38079e+08 0
3.38112e+08 0
3.38134e+08 0
3.38146e+08 0
3.38157e+08 0
3.38168e+08 0
3.57179e+08 0
3.5719e+08 0
3.57202e+08 0
3.57258e+08 0
3.5728e+08 0
3.57314e+08 0
3.57325e+08 0
3.57336e+08 0
3.57358e+08 0
3.57414e+08 0
3.57426e+08 0
3.57437e+08 0
3.57448e+08 0
3.57459e+08 0
3.5747e+08 0
3.57482e+08 0
3.57493e+08 0
3.57504e+08 0
3.57515e+08 0
3.57526e+08 0
3.57593e+08 0
3.57605e+08 0
3.57616e+08 0
3.57627e+08 0
3.57649e+08 0
3.5766e+08 0
3.57694e+08 0
3.57716e+08 0
3.57728e+08 0
3.57739e+08 0
3.5775e+08 0
3.57761e+08 0
3.57784e+08 0
3.77309e+08 0
3.7732e+08 0
3.77331e+08 0
3.77376e+08 0
3.77399e+08 0
3.77466e+08 0
3.77488e+08 0
3.77499e+08 0
3.77522e+08 0
3.77544e+08 0
3.77555e+08 0
3.77567e+08 0
3.77578e+08 0
3.77589e+08 0
3.776e+08 0
3.77611e+08 0
3.77623e+08 0
3.77634e+08 0
3.77645e+08 0
3.77656e+08 0
3.77667e+08 0
3.77757e+08 0
3.77779e+08 0
3.77813e+08 0
3.77824e+08 0
3.77835e+08 0
3.77846e+08 0
3.77857e+08 0
3.77869e+08 0
3.7788e+08 0
3.77891e+08 0
3.77925e+08 0
3.77936e+08 0
3.77947e+08 0
3.98031e+08 0
3.98043e+08 0
3.98054e+08 0
3.98188e+08 0
3.98211e+08 0
3.98222e+08 0
3.98233e+08 0
3.98244e+08 0
3.98256e+08 0
3.98267e+08 0
3.983e+08 0
3.98323e+08 0
3.98412e+08 0
3.98435e+08 0
3.98446e+08 0
3.98457e+08 0
3.98468e+08 0
3.98479e+08 0
3.9849e+08 0
3.98502e+08 0
3.98513e+08 0
3.98524e+08 0
3.98535e+08 0
3.98547e+08 0
3.98558e+08 0
3.98569e+08 0
3.98591e+08 0
3.98602e+08 0
3.98625e+08 0
3.98636e+08 0
3.98647e+08 0
3.98659e+08 0
3.9867e+08 0
3.98681e+08 0
3.98703e+08 0
4.19347e+08 0
4.19358e+08 0
4.19369e+08 0
4.19504e+08 0
4.19526e+08 0
4.19537e+08 0
4.19548e+08 0
4.1956e+08 0
4.19571e+08 0
4.19604e+08 0
4.19649e+08 0
4.19672e+08 0
4.19694e+08 0
4.19716e+08 0
4.19739e+08 0
4.1975e+08 0
4.19783e+08 0
4.19806e+08 0
4.19817e+08 0
4.19828e+08 0
4.19839e+08 0
4.19851e+08 0
4.19862e+08 0
4.19873e+08 0
4.19884e+08 0
4.19895e+08 0
4.19918e+08 0
4.19929e+08 0
4.1994e+08 0
4.19951e+08 0
4.19962e+08 0
4.19974e+08 0
4.19996e+08 0
4.20097e+08 0
4.20108e+08 0
4.20119e+08 0
4.41255e+08 0
4.41266e+08 0
4.41277e+08 0
4.41423e+08 0
4.41445e+08 0
4.41456e+08 0
4.41501e+08 0
4.41546e+08 0
4.41579e+08 0
4.41624e+08 0
4.41635e+08 0
4.41647e+08 0
4.41658e+08 0
4.41669e+08 0
4.4168e+08 0
4.41691e+08 0
4.41703e+08 0
4.41714e+08 0
4.41725e+08 0
4.41736e+08 0
4.41758e+08 0
4.4177e+08 0
4.41781e+08 0
4.41792e+08 0
4.41803e+08 0
4.41814e+08 0
4.41837e+08 0
4.41848e+08 0
4.41859e+08 0
4.4187e+08 0
4.41893e+08 0
4.41904e+08 0
4.41938e+08 0
4.42016e+08 0
4.42117e+08 0
4.42128e+08 0
4.4215e+08 0
4.63755e+08 0
4.63766e+08 0
4.63777e+08 0
4.63934e+08 0
4.63968e+08 0
4.6399e+08 0
4.64069e+08 0
4.6408e+08 0
4.64102e+08 0
4.64125e+08 0
4.64136e+08 0
4.64147e+08 0
4.64158e+08 0
4.6417e+08 0
4.64181e+08 0
4.64192e+08 0
4.64203e+08 0
4.64214e+08 0
4.64225e+08 0
4.64237e+08 0
4.64248e+08 0
4.64259e+08 0
4.64281e+08 0
4.64293e+08 0
4.64304e+08 0
4.64315e+08 0
4.64326e+08 0
4.64337e+08 0
4.6436e+08 0
4.64371e+08 0
4.64393e+08 0
4.64405e+08 0
4.64416e+08 0
4.64438e+08 0
4.64539e+08 0
4.64673e+08 0
4.64684e+08 0
4.64707e+08 0
4.86971e+08 0
4.86982e+08 0
4.86994e+08 0
4.87117e+08 0
4.8714e+08 0
4.87162e+08 0
4.87173e+08 0
4.87196e+08 0
4.87207e+08 0
4.87218e+08 0
4.8723e+08 0
4.87241e+08 0
4.87252e+08 0
4.87263e+08 0
4.87285e+08 0
4.87297e+08 0
4.87308e+08 0
4.8733e+08 0
4.87353e+08 0
4.87375e+08 0
4.87408e+08 0
4.87442e+08 0
4.87464e+08 0
4.87476e+08 0
4.87487e+08 0
4.8752e+08 0
4.87565e+08 0
4.87576e+08 0
4.87588e+08 0
4.87599e+08 0
4.87621e+08 0
4.87632e+08 0
4.87643e+08 0
4.87655e+08 0
4.87677e+08 0
4.87778e+08 0
4.87845e+08 0
4.87856e+08 0
4.87923e+08 0
5.10668e+08 0
5.1068e+08 0
5.10691e+08 0
5.10803e+08 0
5.10815e+08 0
5.10826e+08 0
5.10859e+08 0
5.10893e+08 0
5.10938e+08 0
5.1096e+08 0
5.10971e+08 0
5.10994e+08 0
5.11005e+08 0
5.11027e+08 0
5.11039e+08 0
5.11061e+08 0
5.11083e+08 0
5.11106e+08 0
5.11117e+08 0
5.11128e+08 0
5.1115e+08 0
5.11173e+08 0
5.11195e+08 0
5.11206e+08 0
5.11218e+08 0
5.11229e+08 0
5.1124e+08 0
5.11251e+08 0
5.11262e+08 0
5.11274e+08 0
5.11285e+08 0
5.11296e+08 0
5.11318e+08 0
5.11329e+08 0
5.11374e+08 0
5.11397e+08 0
5.11486e+08 0
5.11598e+08 0
5.1162e+08 0
5.11654e+08 0
5.35037e+08 0
5.35059e+08 0
5.3507e+08 0
5.35082e+08 0
5.35205e+08 0
5.35216e+08 0
5.3525e+08 0
5.35273e+08 0
5.35295e+08 0
5.35306e+08 0
5.35317e+08 0
5.35351e+08 0
5.35362e+08 0
5.35373e+08 0
5.35396e+08 0
5.35418e+08 0
5.35429e+08 0
5.3544e+08 0
5.35452e+08 0
5.35463e+08 0
5.35474e+08 0
5.35508e+08 0
5.35519e+08 0
5.35541e+08 0
5.35563e+08 0
5.35586e+08 0
5.35608e+08 0
5.35619e+08 0
5.35631e+08 0
5.35664e+08 0
5.35675e+08 0
5.35686e+08 0
5.35709e+08 0
5.3572e+08 0
5.35731e+08 0
5.35765e+08 0
5.35776e+08 0
5.35888e+08 0
5.35933e+08 0
5.35955e+08 0
5.35978e+08 0
5.59919e+08 0
5.5993e+08 0
5.59942e+08 0
5.60032e+08 0
5.60088e+08 0
5.6011e+08 0
5.60155e+08 0
5.60189e+08 0
5.60245e+08 0
5.60267e+08 0
5.60278e+08 0
5.60312e+08 0
5.60334e+08 0
5.60346e+08 0
5.60357e+08 0
5.60368e+08 0
5.60379e+08 0
5.60401e+08 0
5.60424e+08 0
5.60435e+08 0
5.60457e+08 0
5.60469e+08 0
5.60491e+08 0
5.60502e+08 0
5.60513e+08 0
5.60524e+08 0
5.60536e+08 0
5.60547e+08 0
5.60558e+08 0
5.60569e+08 0
5.60592e+08 0
5.60603e+08 0
5.60625e+08 0
5.60636e+08 0
5.60647e+08 0
5.60659e+08 0
5.6067e+08 0
5.60681e+08 0
5.60771e+08 0
5.60815e+08 0
5.60849e+08 0
5.60883e+08 0
5.85383e+08 0
5.85428e+08 0
5.85439e+08 0
5.85552e+08 0
5.85586e+08 0
5.85597e+08 0
5.85709e+08 0
5.85754e+08 0
5.85765e+08 0
5.85776e+08 0
5.85787e+08 0
5.85798e+08 0
5.8581e+08 0
5.85821e+08 0
5.85854e+08 0
5.85866e+08 0
5.85877e+08 0
5.85888e+08 0
5.85899e+08 0
5.8591e+08 0
5.85922e+08 0
5.85933e+08 0
5.85944e+08 0
5.85955e+08 0
5.85966e+08 0
5.85977e+08 0
5.85989e+08 0
5.86022e+08 0
5.86045e+08 0
5.86056e+08 0
5.86078e+08 0
5.861e+08 0
5.86123e+08 0
5.86134e+08 0
5.86145e+08 0
5.86167e+08 0
5.86179e+08 0
5.86212e+08 0
5.86223e+08 0
5.8628e+08 0
5.86313e+08 0
5.86336e+08 0
5.86358e+08 0
6.1153e+08 0
6.11541e+08 0
6.11552e+08 0
6.11665e+08 0
6.11732e+08 0
6.11743e+08 0
6.1181e+08 0
6.11844e+08 0
6.11855e+08 0
6.11866e+08 0
6.11878e+08 0
6.11889e+08 0
6.119e+08 0
6.11911e+08 0
6.11923e+08 0
6.11934e+08 0
6.11945e+08 0
6.11956e+08 0
6.11967e+08 0
6.11979e+08 0
6.1199e+08 0
6.12001e+08 0
6.12012e+08 0
6.12023e+08 0
6.12057e+08 0
6.12068e+08 0
6.12079e+08 0
6.1209e+08 0
6.12102e+08 0
6.12124e+08 0
6.12135e+08 0
6.12146e+08 0
6.12158e+08 0
6.12169e+08 0
6.1218e+08 0
6.12191e+08 0
6.12202e+08 0
6.12214e+08 0
6.12225e+08 0
6.12236e+08 0
6.12247e+08 0
6.12258e+08 0
6.1227e+08 0
6.12281e+08 0
6.27811e+08 0
6.27822e+08 0
6.27833e+08 0
