522581 0
1.1149e+06 0
1.70722e+06 0
2.29955e+06 0
2.89187e+06 0
3.48422e+06 0
4.07657e+06 0
4.66897e+06 0
5.26146e+06 0
5.85412e+06 0
6.44712e+06 0
7.14133e+06 0
8.17037e+06 0
8.2039e+06 0
9.10441e+06 0
9.16029e+06 0
1.11796e+07 0
1.1202e+07 0
1.12243e+07 0
1.29832e+07 0
1.30838e+07 0
1.31508e+07 0
1.31955e+07 0
1.54546e+07 0
1.5477e+07 0
1.55105e+07 0
1.55441e+07 0
1.55664e+07 0
1.84839e+07 0
1.85398e+07 0
1.8551e+07 0
1.86404e+07 0
1.86628e+07 0
1.86739e+07 0
2.21631e+07 0
2.21743e+07 0
2.21855e+07 0
2.23531e+07 0
2.23643e+07 0
2.23867e+07 0
2.2409e+07 0
2.64237e+07 0
2.64349e+07 0
2.64461e+07 0
2.64573e+07 0
2.64685e+07 0
2.65132e+07 0
2.65244e+07 0
3.05962e+07 0
3.06073e+07 0
3.0651e+07 0
3.06733e+07 0
3.06845e+07 0
3.07513e+07 0
3.07737e+07 0
3.0796e+07 0
3.54258e+07 0
3.5437e+07 0
3.54482e+07 0
3.54594e+07 0
3.54706e+07 0
3.54818e+07 0
3.55491e+07 0
3.55602e+07 0
3.57387e+07 0
4.0932e+07 0
4.09432e+07 0
4.09543e+07 0
4.09655e+07 0
4.09767e+07 0
4.09952e+07 0
4.10064e+07 0
4.11069e+07 0
4.11181e+07 0
4.12281e+07 0
4.7068e+07 0
4.70791e+07 0
4.70903e+07 0
4.71015e+07 0
4.71127e+07 0
4.71239e+07 0
4.71351e+07 0
4.71462e+07 0
4.71574e+07 0
4.71686e+07 0
4.72017e+07 0
5.36914e+07 0
5.37025e+07 0
5.37214e+07 0
5.37438e+07 0
5.3755e+07 0
5.37773e+07 0
5.37885e+07 0
5.37997e+07 0
5.38109e+07 0
5.3822e+07 0
5.38332e+07 0
5.40452e+07 0
6.1187e+07 0
6.11982e+07 0
6.12094e+07 0
6.12206e+07 0
6.12318e+07 0
6.1243e+07 0
6.12542e+07 0
6.12654e+07 0
6.12765e+07 0
6.12877e+07 0
6.12989e+07 0
6.13212e+07 0
6.13548e+07 0
6.89079e+07 0
6.89526e+07 0
6.90197e+07 0
6.9042e+07 0
6.90644e+07 0
6.90756e+07 0
6.90868e+07 0
6.90979e+07 0
6.91091e+07 0
6.91315e+07 0
6.91538e+07 0
6.9165e+07 0
6.91762e+07 0
6.91986e+07 0
7.73829e+07 0
7.73941e+07 0
7.7463e+07 0
7.74741e+07 0
7.74853e+07 0
7.75189e+07 0
7.753e+07 0
7.75412e+07 0
7.75524e+07 0
7.75859e+07 0
7.76342e+07 0
7.76454e+07 0
7.76565e+07 0
7.76678e+07 0
7.77313e+07 0
8.64576e+07 0
8.64688e+07 0
8.65101e+07 0
8.65325e+07 0
8.65436e+07 0
8.65883e+07 0
8.65995e+07 0
8.66442e+07 0
8.66554e+07 0
8.66889e+07 0
8.67179e+07 0
8.67672e+07 0
8.67784e+07 0
8.68007e+07 0
8.68751e+07 0
8.69444e+07 0
9.61703e+07 0
9.61928e+07 0
9.6204e+07 0
9.62152e+07 0
9.62264e+07 0
9.62376e+07 0
9.62487e+07 0
9.62841e+07 0
9.62953e+07 0
9.63288e+07 0
9.63799e+07 0
9.65188e+07 0
9.65747e+07 0
9.65971e+07 0
9.66306e+07 0
9.6653e+07 0
9.67313e+07 0
1.06427e+08 0
1.06449e+08 0
1.06461e+08 0
1.06472e+08 0
1.06494e+08 0
1.06505e+08 0
1.06517e+08 0
1.06528e+08 0
1.06539e+08 0
1.0655e+08 0
1.06606e+08 0
1.06702e+08 0
1.0678e+08 0
1.06814e+08 0
1.06825e+08 0
1.06836e+08 0
1.06886e+08 0
1.07037e+08 0
1.17035e+08 0
1.17197e+08 0
1.17208e+08 0
1.17219e+08 0
1.17286e+08 0
1.17308e+08 0
1.1732e+08 0
1.17348e+08 0
1.17375e+08 0
1.17387e+08 0
1.17648e+08 0
1.17659e+08 0
1.17681e+08 0
1.17726e+08 0
1.17749e+08 0
1.17782e+08 0
1.18006e+08 0
1.18028e+08 0
1.1814e+08 0
1.28507e+08 0
1.28529e+08 0
1.28541e+08 0
1.28552e+08 0
1.28574e+08 0
1.28608e+08 0
1.28619e+08 0
1.2863e+08 0
1.28641e+08 0
1.28652e+08 0
1.28869e+08 0
1.28925e+08 0
1.28936e+08 0
1.28958e+08 0
1.2897e+08 0
1.28992e+08 0
1.29227e+08 0
1.29249e+08 0
1.29272e+08 0
1.2954e+08 0
1.40488e+08 0
1.40511e+08 0
1.40522e+08 0
1.40544e+08 0
1.40556e+08 0
1.40589e+08 0
1.40611e+08 0
1.40623e+08 0
1.40634e+08 0
1.40645e+08 0
1.4067e+08 0
1.40815e+08 0
1.40838e+08 0
1.40946e+08 0
1.40958e+08 0
1.4098e+08 0
1.41081e+08 0
1.41092e+08 0
1.41125e+08 0
1.41394e+08 0
1.41416e+08 0
1.5308e+08 0
1.53136e+08 0
1.53147e+08 0
1.53159e+08 0
1.5317e+08 0
1.53181e+08 0
1.53192e+08 0
1.53203e+08 0
1.53226e+08 0
1.53237e+08 0
1.53248e+08 0
1.53369e+08 0
1.5338e+08 0
1.53436e+08 0
1.5347e+08 0
1.53503e+08 0
1.53537e+08 0
1.53559e+08 0
1.53593e+08 0
1.5381e+08 0
1.53832e+08 0
1.53855e+08 0
1.66145e+08 0
1.66179e+08 0
1.66201e+08 0
1.66223e+08 0
1.66235e+08 0
1.66246e+08 0
1.66257e+08 0
1.66268e+08 0
1.66279e+08 0
1.66302e+08 0
1.66324e+08 0
1.66447e+08 0
1.66492e+08 0
1.66525e+08 0
1.6657e+08 0
1.66603e+08 0
1.66671e+08 0
1.66682e+08 0
1.66715e+08 0
1.66827e+08 0
1.66838e+08 0
1.66861e+08 0
1.79364e+08 0
1.79375e+08 0
1.79408e+08 0
1.79419e+08 0
1.79431e+08 0
1.79442e+08 0
1.79487e+08 0
1.79509e+08 0
1.79531e+08 0
1.79643e+08 0
1.79733e+08 0
1.79766e+08 0
1.79822e+08 0
1.79833e+08 0
1.79867e+08 0
1.79878e+08 0
1.79934e+08 0
1.79967e+08 0
1.80001e+08 0
1.80023e+08 0
1.80068e+08 0
1.80102e+08 0
1.80191e+08 0
1.93193e+08 0
1.93215e+08 0
1.93226e+08 0
1.93237e+08 0
1.93249e+08 0
1.93271e+08 0
1.93282e+08 0
1.93439e+08 0
1.93484e+08 0
1.93517e+08 0
1.93539e+08 0
1.93573e+08 0
1.93607e+08 0
1.93629e+08 0
1.93651e+08 0
1.93696e+08 0
1.93718e+08 0
1.93752e+08 0
1.93785e+08 0
1.93797e+08 0
1.93841e+08 0
1.93886e+08 0
1.93991e+08 0
1.94166e+08 0
2.07618e+08 0
2.07629e+08 0
2.0764e+08 0
2.07652e+08 0
2.07663e+08 0
2.07674e+08 0
2.07685e+08 0
2.07696e+08 0
2.07931e+08 0
2.07954e+08 0
2.07965e+08 0
2.08032e+08 0
2.08065e+08 0
2.0811e+08 0
2.08121e+08 0
2.08155e+08 0
2.08244e+08 0
2.08278e+08 0
2.08289e+08 0
2.083e+08 0
2.08323e+08 0
2.08367e+08 0
2.0839e+08 0
2.08496e+08 0
2.08619e+08 0
2.22599e+08 0
2.2261e+08 0
2.22621e+08 0
2.22632e+08 0
2.22644e+08 0
2.22655e+08 0
2.22666e+08 0
2.22688e+08 0
2.227e+08 0
2.22946e+08 0
2.22979e+08 0
2.2299e+08 0
2.23102e+08 0
2.23136e+08 0
2.23236e+08 0
2.23259e+08 0
2.23281e+08 0
2.23292e+08 0
2.23303e+08 0
2.23315e+08 0
2.23326e+08 0
2.23348e+08 0
2.23371e+08 0
2.23415e+08 0
2.23537e+08 0
2.23734e+08 0
2.38311e+08 0
2.38322e+08 0
2.38333e+08 0
2.38344e+08 0
2.38356e+08 0
2.38367e+08 0
2.38378e+08 0
2.384e+08 0
2.38434e+08 0
2.38456e+08 0
2.38636e+08 0
2.38714e+08 0
2.38736e+08 0
2.38814e+08 0
2.38904e+08 0
2.38949e+08 0
2.3896e+08 0
2.38971e+08 0
2.38982e+08 0
2.38993e+08 0
2.39016e+08 0
2.39027e+08 0
2.39061e+08 0
2.39072e+08 0
2.39117e+08 0
2.39294e+08 0
2.39469e+08 0
2.54599e+08 0
2.54644e+08 0
2.54655e+08 0
2.54666e+08 0
2.54688e+08 0
2.54699e+08 0
2.54733e+08 0
2.54755e+08 0
2.54767e+08 0
2.54778e+08 0
2.548e+08 0
2.55002e+08 0
2.55035e+08 0
2.55113e+08 0
2.55125e+08 0
2.55203e+08 0
2.55259e+08 0
2.5527e+08 0
2.55281e+08 0
2.55304e+08 0
2.55326e+08 0
2.55337e+08 0
2.5536e+08 0
2.55371e+08 0
2.55382e+08 0
2.55449e+08 0
2.55577e+08 0
2.55789e+08 0
2.71489e+08 0
2.71534e+08 0
2.71545e+08 0
2.71556e+08 0
2.71679e+08 0
2.71691e+08 0
2.71702e+08 0
2.71713e+08 0
2.71724e+08 0
2.71747e+08 0
2.71769e+08 0
2.7178e+08 0
2.71937e+08 0
2.71948e+08 0
2.72038e+08 0
2.7206e+08 0
2.72093e+08 0
2.72183e+08 0
2.72205e+08 0
2.72217e+08 0
2.72239e+08 0
2.7225e+08 0
2.72261e+08 0
2.72273e+08 0
2.72284e+08 0
2.72295e+08 0
2.72362e+08 0
2.72519e+08 0
2.73275e+08 0
2.88942e+08 0
2.88965e+08 0
2.88987e+08 0
2.89009e+08 0
2.89155e+08 0
2.89166e+08 0
2.89177e+08 0
2.89211e+08 0
2.89233e+08 0
2.89255e+08 0
2.89266e+08 0
2.89278e+08 0
2.893e+08 0
2.89378e+08 0
2.8939e+08 0
2.8949e+08 0
2.89513e+08 0
2.89558e+08 0
2.89602e+08 0
2.89636e+08 0
2.89681e+08 0
2.89692e+08 0
2.89703e+08 0
2.89714e+08 0
2.89726e+08 0
2.89737e+08 0
2.89748e+08 0
2.89815e+08 0
2.90201e+08 0
2.90738e+08 0
3.06975e+08 0
3.07009e+08 0
3.0702e+08 0
3.07065e+08 0
3.07177e+08 0
3.0721e+08 0
3.07232e+08 0
3.07255e+08 0
3.07266e+08 0
3.07277e+08 0
3.07288e+08 0
3.073e+08 0
3.07311e+08 0
3.07322e+08 0
3.074e+08 0
3.07423e+08 0
3.07501e+08 0
3.07535e+08 0
3.0758e+08 0
3.07602e+08 0
3.07613e+08 0
3.07647e+08 0
3.07669e+08 0
3.07703e+08 0
3.07714e+08 0
3.07725e+08 0
3.07748e+08 0
3.07759e+08 0
3.07848e+08 0
3.08216e+08 0
3.08719e+08 0
3.25527e+08 0
3.25549e+08 0
3.25572e+08 0
3.2565e+08 0
3.25717e+08 0
3.25728e+08 0
3.25751e+08 0
3.25773e+08 0
3.25784e+08 0
3.25796e+08 0
3.25863e+08 0
3.25874e+08 0
3.25885e+08 0
3.25896e+08 0
3.25907e+08 0
3.25997e+08 0
3.26008e+08 0
3.26064e+08 0
3.26109e+08 0
3.26154e+08 0
3.26165e+08 0
3.26232e+08 0
3.26243e+08 0
3.26255e+08 0
3.26266e+08 0
3.26288e+08 0
3.26311e+08 0
3.26344e+08 0
3.26355e+08 0
3.26434e+08 0
3.27403e+08 0
3.27761e+08 0
3.44759e+08 0
3.4477e+08 0
3.44837e+08 0
3.44904e+08 0
3.44994e+08 0
3.45005e+08 0
3.45027e+08 0
3.45061e+08 0
3.45072e+08 0
3.45083e+08 0
3.45094e+08 0
3.45117e+08 0
3.4515e+08 0
3.45162e+08 0
3.45184e+08 0
3.45262e+08 0
3.45274e+08 0
3.45285e+08 0
3.45352e+08 0
3.45397e+08 0
3.45442e+08 0
3.45464e+08 0
3.45486e+08 0
3.4552e+08 0
3.45531e+08 0
3.45554e+08 0
3.45576e+08 0
3.4561e+08 0
3.45632e+08 0
3.45677e+08 0
3.45688e+08 0
3.46873e+08 0
3.47432e+08 0
3.64576e+08 0
3.64587e+08 0
3.64687e+08 0
3.64721e+08 0
3.6481e+08 0
3.64822e+08 0
3.64866e+08 0
3.64889e+08 0
3.649e+08 0
3.64911e+08 0
3.64945e+08 0
3.64967e+08 0
3.64989e+08 0
3.65034e+08 0
3.65045e+08 0
3.6509e+08 0
3.65101e+08 0
3.65113e+08 0
3.65124e+08 0
3.65213e+08 0
3.65247e+08 0
3.65292e+08 0
3.65337e+08 0
3.65348e+08 0
3.65359e+08 0
3.6537e+08 0
3.65415e+08 0
3.65426e+08 0
3.6546e+08 0
3.65493e+08 0
3.65516e+08 0
3.65527e+08 0
3.67106e+08 0
3.67442e+08 0
3.85078e+08 0
3.85111e+08 0
3.85167e+08 0
3.85189e+08 0
3.8529e+08 0
3.85312e+08 0
3.85357e+08 0
3.85368e+08 0
3.85379e+08 0
3.85413e+08 0
3.85424e+08 0
3.85458e+08 0
3.85514e+08 0
3.85525e+08 0
3.85536e+08 0
3.8557e+08 0
3.85581e+08 0
3.85592e+08 0
3.85603e+08 0
3.85614e+08 0
3.85704e+08 0
3.85738e+08 0
3.85783e+08 0
3.85794e+08 0
3.85816e+08 0
3.8585e+08 0
3.85872e+08 0
3.85906e+08 0
3.85917e+08 0
3.85962e+08 0
3.85995e+08 0
3.86007e+08 0
3.86029e+08 0
3.87764e+08 0
3.88133e+08 0
4.06093e+08 0
4.06149e+08 0
4.0616e+08 0
4.06171e+08 0
4.06339e+08 0
4.0635e+08 0
4.06395e+08 0
4.06406e+08 0
4.06451e+08 0
4.06473e+08 0
4.06506e+08 0
4.06518e+08 0
4.0654e+08 0
4.06562e+08 0
4.06574e+08 0
4.06607e+08 0
4.06618e+08 0
4.0663e+08 0
4.06641e+08 0
4.06652e+08 0
4.06663e+08 0
4.06753e+08 0
4.06787e+08 0
4.06831e+08 0
4.06843e+08 0
4.06865e+08 0
4.06876e+08 0
4.06932e+08 0
4.06955e+08 0
4.06966e+08 0
4.07044e+08 0
4.07055e+08 0
4.07078e+08 0
4.071e+08 0
4.09552e+08 0
4.09686e+08 0
4.27803e+08 0
4.27915e+08 0
4.27926e+08 0
4.27949e+08 0
4.28072e+08 0
4.28083e+08 0
4.2815e+08 0
4.28161e+08 0
4.28206e+08 0
4.28239e+08 0
4.28251e+08 0
4.28262e+08 0
4.28273e+08 0
4.28284e+08 0
4.28295e+08 0
4.28329e+08 0
4.2834e+08 0
4.28363e+08 0
4.28374e+08 0
4.28385e+08 0
4.28407e+08 0
4.28463e+08 0
4.28486e+08 0
4.28519e+08 0
4.28575e+08 0
4.28587e+08 0
4.28598e+08 0
4.2862e+08 0
4.28654e+08 0
4.28699e+08 0
4.28721e+08 0
4.28766e+08 0
4.28799e+08 0
4.28833e+08 0
4.28844e+08 0
4.31382e+08 0
4.31639e+08 0
4.50002e+08 0
4.50092e+08 0
4.50103e+08 0
4.50125e+08 0
4.5027e+08 0
4.50282e+08 0
4.50349e+08 0
4.5036e+08 0
4.50416e+08 0
4.50427e+08 0
4.50438e+08 0
4.50449e+08 0
4.50461e+08 0
4.50472e+08 0
4.50505e+08 0
4.50517e+08 0
4.50539e+08 0
4.50561e+08 0
4.50573e+08 0
4.50595e+08 0
4.50606e+08 0
4.5064e+08 0
4.50662e+08 0
4.50685e+08 0
4.50729e+08 0
4.50774e+08 0
4.50786e+08 0
4.50808e+08 0
4.5083e+08 0
4.50842e+08 0
4.5092e+08 0
4.50931e+08 0
4.50998e+08 0
4.51009e+08 0
4.5126e+08 0
4.51294e+08 0
4.5405e+08 0
4.54095e+08 0
4.7295e+08 0
4.72961e+08 0
4.72973e+08 0
4.72984e+08 0
4.7314e+08 0
4.73163e+08 0
4.73252e+08 0
4.73263e+08 0
4.73297e+08 0
4.73308e+08 0
4.73319e+08 0
4.73331e+08 0
4.73342e+08 0
4.73353e+08 0
4.73386e+08 0
4.73398e+08 0
4.73409e+08 0
4.73442e+08 0
4.73454e+08 0
4.73465e+08 0
4.73476e+08 0
4.73532e+08 0
4.73543e+08 0
4.73554e+08 0
4.73566e+08 0
4.73622e+08 0
4.73667e+08 0
4.73678e+08 0
4.73689e+08 0
4.73723e+08 0
4.73756e+08 0
4.73812e+08 0
4.73835e+08 0
4.73846e+08 0
4.73912e+08 0
4.7432e+08 0
4.74331e+08 0
4.76829e+08 0
4.76952e+08 0
4.963e+08 0
4.96345e+08 0
4.96356e+08 0
4.96389e+08 0
4.96557e+08 0
4.96591e+08 0
4.96635e+08 0
4.96658e+08 0
4.96669e+08 0
4.9668e+08 0
4.96691e+08 0
4.96703e+08 0
4.96714e+08 0
4.96736e+08 0
4.96758e+08 0
4.9677e+08 0
4.96792e+08 0
4.96803e+08 0
4.96848e+08 0
4.96859e+08 0
4.9687e+08 0
4.96926e+08 0
4.96938e+08 0
4.96949e+08 0
4.9696e+08 0
4.96982e+08 0
4.96994e+08 0
4.97072e+08 0
4.97083e+08 0
4.97094e+08 0
4.97128e+08 0
4.97223e+08 0
4.9752e+08 0
4.97564e+08 0
4.97676e+08 0
4.9771e+08 0
4.98023e+08 0
4.98045e+08 0
5.00381e+08 0
5.00415e+08 0
5.20221e+08 0
5.20299e+08 0
5.20344e+08 0
5.20355e+08 0
5.20501e+08 0
5.20512e+08 0
5.20534e+08 0
5.20545e+08 0
5.20557e+08 0
5.20568e+08 0
5.2059e+08 0
5.20612e+08 0
5.20635e+08 0
5.20668e+08 0
5.20679e+08 0
5.20691e+08 0
5.20702e+08 0
5.20724e+08 0
5.2078e+08 0
5.20803e+08 0
5.20814e+08 0
5.2087e+08 0
5.20881e+08 0
5.20892e+08 0
5.20904e+08 0
5.20926e+08 0
5.20937e+08 0
5.20948e+08 0
5.21027e+08 0
5.21038e+08 0
5.21049e+08 0
5.21212e+08 0
5.21569e+08 0
5.21681e+08 0
5.21714e+08 0
5.21748e+08 0
5.2177e+08 0
5.21994e+08 0
5.22005e+08 0
5.24332e+08 0
5.24399e+08 0
5.44719e+08 0
5.44786e+08 0
5.44809e+08 0
5.4482e+08 0
5.44909e+08 0
5.44921e+08 0
5.44965e+08 0
5.44988e+08 0
5.44999e+08 0
5.45044e+08 0
5.45066e+08 0
5.45111e+08 0
5.45133e+08 0
5.45155e+08 0
5.45167e+08 0
5.45189e+08 0
5.45211e+08 0
5.45234e+08 0
5.45267e+08 0
5.45278e+08 0
5.45301e+08 0
5.45346e+08 0
5.45357e+08 0
5.45379e+08 0
5.45391e+08 0
5.45402e+08 0
5.45424e+08 0
5.45435e+08 0
5.45693e+08 0
5.45715e+08 0
5.45749e+08 0
5.4576e+08 0
5.45937e+08 0
5.46088e+08 0
5.46178e+08 0
5.46189e+08 0
5.462e+08 0
5.46211e+08 0
5.46491e+08 0
5.46525e+08 0
5.48919e+08 0
5.48975e+08 0
5.69821e+08 0
5.69866e+08 0
5.69888e+08 0
5.69922e+08 0
5.69967e+08 0
5.7e+08 0
5.70011e+08 0
5.70034e+08 0
5.70067e+08 0
5.70078e+08 0
5.70112e+08 0
5.70123e+08 0
5.70145e+08 0
5.70168e+08 0
5.70235e+08 0
5.70246e+08 0
5.70257e+08 0
5.7028e+08 0
5.70313e+08 0
5.70324e+08 0
5.7038e+08 0
5.70425e+08 0
5.70437e+08 0
5.70459e+08 0
5.7047e+08 0
5.70493e+08 0
5.70504e+08 0
5.70526e+08 0
5.71094e+08 0
5.71117e+08 0
5.71139e+08 0
5.71161e+08 0
5.71173e+08 0
5.71296e+08 0
5.71412e+08 0
5.71457e+08 0
5.7158e+08 0
5.71591e+08 0
5.71614e+08 0
5.71917e+08 0
5.71939e+08 0
5.74448e+08 0
5.74493e+08 0
5.95686e+08 0
5.9572e+08 0
5.95731e+08 0
5.95764e+08 0
5.95787e+08 0
5.95831e+08 0
5.95854e+08 0
5.95865e+08 0
5.95876e+08 0
5.95898e+08 0
5.95988e+08 0
5.9601e+08 0
5.96033e+08 0
5.96066e+08 0
5.96077e+08 0
5.96089e+08 0
5.96178e+08 0
5.962e+08 0
5.96212e+08 0
5.96223e+08 0
5.96234e+08 0
5.96279e+08 0
5.9629e+08 0
5.96313e+08 0
5.96324e+08 0
5.96335e+08 0
5.9638e+08 0
5.96391e+08 0
5.96894e+08 0
5.96916e+08 0
5.96939e+08 0
5.96961e+08 0
5.96983e+08 0
5.97006e+08 0
5.97039e+08 0
5.97106e+08 0
5.97185e+08 0
5.97263e+08 0
5.97296e+08 0
5.97352e+08 0
5.97542e+08 0
5.97554e+08 0
6.00181e+08 0
6.00215e+08 0
6.20825e+08 0
6.20869e+08 0
6.20914e+08 0
