567262 0
1.15958e+06 0
1.7519e+06 0
2.34423e+06 0
2.93655e+06 0
3.52888e+06 0
4.12124e+06 0
4.71364e+06 0
5.3061e+06 0
5.89877e+06 0
6.49178e+06 0
7.19835e+06 0
8.16034e+06 0
8.18269e+06 0
9.59166e+06 0
9.68107e+06 0
1.16051e+07 0
1.16163e+07 0
1.16274e+07 0
1.4492e+07 0
1.45367e+07 0
1.45479e+07 0
1.45591e+07 0
1.80687e+07 0
1.80799e+07 0
1.80911e+07 0
1.81023e+07 0
1.81135e+07 0
2.17811e+07 0
2.18035e+07 0
2.18706e+07 0
2.19042e+07 0
2.19154e+07 0
2.19378e+07 0
2.61998e+07 0
2.64569e+07 0
2.64793e+07 0
2.65128e+07 0
2.65575e+07 0
2.66805e+07 0
2.6714e+07 0
3.05053e+07 0
3.07289e+07 0
3.07959e+07 0
3.08295e+07 0
3.09189e+07 0
3.0986e+07 0
3.10195e+07 0
3.53456e+07 0
3.54797e+07 0
3.60944e+07 0
3.61839e+07 0
3.62621e+07 0
3.6508e+07 0
3.65639e+07 0
3.65974e+07 0
3.94724e+07 0
3.97742e+07 0
3.98971e+07 0
4.14506e+07 0
4.15177e+07 0
4.15512e+07 0
4.18083e+07 0
4.18194e+07 0
4.18753e+07 0
4.57763e+07 0
4.58658e+07 0
4.60111e+07 0
4.62904e+07 0
4.64469e+07 0
4.66593e+07 0
4.6894e+07 0
4.7151e+07 0
4.74081e+07 0
4.76316e+07 0
5.18612e+07 0
5.19953e+07 0
5.21294e+07 0
5.22188e+07 0
5.26435e+07 0
5.27776e+07 0
5.29341e+07 0
5.31241e+07 0
5.33365e+07 0
5.35041e+07 0
5.41188e+07 0
5.86875e+07 0
5.87098e+07 0
5.87657e+07 0
5.88328e+07 0
5.89445e+07 0
5.89893e+07 0
5.90675e+07 0
5.91122e+07 0
5.93469e+07 0
5.93581e+07 0
5.95928e+07 0
5.97828e+07 0
6.60122e+07 0
6.60458e+07 0
6.61352e+07 0
6.62134e+07 0
6.65153e+07 0
6.67053e+07 0
6.732e+07 0
6.74318e+07 0
6.75435e+07 0
6.78117e+07 0
6.79794e+07 0
6.86835e+07 0
6.90188e+07 0
7.40361e+07 0
7.40808e+07 0
7.41479e+07 0
7.41703e+07 0
7.4774e+07 0
7.49305e+07 0
7.49529e+07 0
7.49976e+07 0
7.50535e+07 0
7.51317e+07 0
7.55006e+07 0
7.56235e+07 0
7.60705e+07 0
7.62717e+07 0
8.25071e+07 0
8.25406e+07 0
8.27307e+07 0
8.28426e+07 0
8.31444e+07 0
8.35356e+07 0
8.35915e+07 0
8.3625e+07 0
8.36585e+07 0
8.37144e+07 0
8.39604e+07 0
8.40833e+07 0
8.42174e+07 0
8.43739e+07 0
8.4575e+07 0
9.23105e+07 0
9.23217e+07 0
9.23553e+07 0
9.25901e+07 0
9.26684e+07 0
9.28919e+07 0
9.31043e+07 0
9.31937e+07 0
9.32608e+07 0
9.33056e+07 0
9.35068e+07 0
9.3641e+07 0
9.37751e+07 0
9.39539e+07 0
9.43115e+07 0
9.45239e+07 0
1.0215e+08 0
1.02183e+08 0
1.02295e+08 0
1.02541e+08 0
1.02742e+08 0
1.02843e+08 0
1.02877e+08 0
1.02921e+08 0
1.03011e+08 0
1.03111e+08 0
1.03313e+08 0
1.03413e+08 0
1.03648e+08 0
1.0395e+08 0
1.04095e+08 0
1.0452e+08 0
1.04643e+08 0
1.12897e+08 0
1.12919e+08 0
1.13031e+08 0
1.13087e+08 0
1.13232e+08 0
1.13277e+08 0
1.13377e+08 0
1.13512e+08 0
1.13635e+08 0
1.13914e+08 0
1.14607e+08 0
1.14752e+08 0
1.15591e+08 0
1.15837e+08 0
1.1644e+08 0
1.16675e+08 0
1.16932e+08 0
1.17189e+08 0
1.23813e+08 0
1.23903e+08 0
1.24003e+08 0
1.24048e+08 0
1.24272e+08 0
1.24395e+08 0
1.24495e+08 0
1.24529e+08 0
1.24629e+08 0
1.24999e+08 0
1.253e+08 0
1.25446e+08 0
1.26317e+08 0
1.26451e+08 0
1.27323e+08 0
1.27524e+08 0
1.27759e+08 0
1.27949e+08 0
1.28061e+08 0
1.35604e+08 0
1.35683e+08 0
1.35828e+08 0
1.35861e+08 0
1.36174e+08 0
1.36219e+08 0
1.36253e+08 0
1.36297e+08 0
1.36387e+08 0
1.3698e+08 0
1.37125e+08 0
1.37237e+08 0
1.38902e+08 0
1.39103e+08 0
1.40277e+08 0
1.405e+08 0
1.40623e+08 0
1.40802e+08 0
1.40925e+08 0
1.41674e+08 0
1.47611e+08 0
1.47824e+08 0
1.47868e+08 0
1.47924e+08 0
1.48036e+08 0
1.4807e+08 0
1.48092e+08 0
1.48103e+08 0
1.4817e+08 0
1.49333e+08 0
1.49568e+08 0
1.49702e+08 0
1.50529e+08 0
1.50641e+08 0
1.51054e+08 0
1.51323e+08 0
1.51513e+08 0
1.51613e+08 0
1.51859e+08 0
1.52943e+08 0
1.53021e+08 0
1.6069e+08 0
1.60824e+08 0
1.60858e+08 0
1.60925e+08 0
1.61081e+08 0
1.61104e+08 0
1.61137e+08 0
1.61148e+08 0
1.6126e+08 0
1.62133e+08 0
1.62289e+08 0
1.62535e+08 0
1.63351e+08 0
1.6353e+08 0
1.6372e+08 0
1.64167e+08 0
1.64368e+08 0
1.64513e+08 0
1.64692e+08 0
1.66424e+08 0
1.66536e+08 0
1.66659e+08 0
1.73853e+08 0
1.73964e+08 0
1.73976e+08 0
1.73987e+08 0
1.74031e+08 0
1.74043e+08 0
1.74132e+08 0
1.74177e+08 0
1.74322e+08 0
1.74747e+08 0
1.74781e+08 0
1.74837e+08 0
1.74971e+08 0
1.75094e+08 0
1.75798e+08 0
1.76335e+08 0
1.76592e+08 0
1.76703e+08 0
1.76994e+08 0
1.78972e+08 0
1.79039e+08 0
1.7943e+08 0
1.87014e+08 0
1.8707e+08 0
1.87361e+08 0
1.87439e+08 0
1.87461e+08 0
1.87484e+08 0
1.87506e+08 0
1.87517e+08 0
1.87529e+08 0
1.87652e+08 0
1.88278e+08 0
1.88356e+08 0
1.88401e+08 0
1.88736e+08 0
1.88982e+08 0
1.89731e+08 0
1.90324e+08 0
1.90558e+08 0
1.90659e+08 0
1.91117e+08 0
1.92034e+08 0
1.92168e+08 0
1.92838e+08 0
2.01007e+08 0
2.01052e+08 0
2.01085e+08 0
2.01208e+08 0
2.0122e+08 0
2.01242e+08 0
2.0132e+08 0
2.01331e+08 0
2.01343e+08 0
2.01354e+08 0
2.01499e+08 0
2.02028e+08 0
2.02095e+08 0
2.02196e+08 0
2.03403e+08 0
2.03649e+08 0
2.03906e+08 0
2.04152e+08 0
2.05012e+08 0
2.0518e+08 0
2.05638e+08 0
2.06152e+08 0
2.06253e+08 0
2.068e+08 0
2.15235e+08 0
2.15313e+08 0
2.15347e+08 0
2.15514e+08 0
2.15537e+08 0
2.15637e+08 0
2.1566e+08 0
2.15749e+08 0
2.1576e+08 0
2.15772e+08 0
2.15783e+08 0
2.15872e+08 0
2.16658e+08 0
2.1668e+08 0
2.16736e+08 0
2.16982e+08 0
2.17228e+08 0
2.17753e+08 0
2.18424e+08 0
2.19441e+08 0
2.1962e+08 0
2.19911e+08 0
2.20078e+08 0
2.20279e+08 0
2.21039e+08 0
2.29726e+08 0
2.29905e+08 0
2.29938e+08 0
2.30206e+08 0
2.30262e+08 0
2.30285e+08 0
2.30598e+08 0
2.30643e+08 0
2.3081e+08 0
2.30855e+08 0
2.30877e+08 0
2.30889e+08 0
2.31012e+08 0
2.31792e+08 0
2.31971e+08 0
2.32038e+08 0
2.32205e+08 0
2.32328e+08 0
2.32407e+08 0
2.33379e+08 0
2.3367e+08 0
2.33949e+08 0
2.34407e+08 0
2.34776e+08 0
2.34921e+08 0
2.35212e+08 0
2.45443e+08 0
2.45633e+08 0
2.45689e+08 0
2.45845e+08 0
2.45879e+08 0
2.45913e+08 0
2.46036e+08 0
2.46069e+08 0
2.46091e+08 0
2.46371e+08 0
2.46449e+08 0
2.46539e+08 0
2.46561e+08 0
2.46639e+08 0
2.47453e+08 0
2.47623e+08 0
2.4769e+08 0
2.4788e+08 0
2.47992e+08 0
2.48081e+08 0
2.48316e+08 0
2.48685e+08 0
2.49166e+08 0
2.49467e+08 0
2.49624e+08 0
2.49981e+08 0
2.5054e+08 0
2.61764e+08 0
2.61921e+08 0
2.61954e+08 0
2.6201e+08 0
2.62044e+08 0
2.62066e+08 0
2.62391e+08 0
2.62413e+08 0
2.62424e+08 0
2.62435e+08 0
2.62547e+08 0
2.62592e+08 0
2.62614e+08 0
2.62637e+08 0
2.62681e+08 0
2.63643e+08 0
2.63969e+08 0
2.64014e+08 0
2.64427e+08 0
2.64584e+08 0
2.65176e+08 0
2.65266e+08 0
2.65612e+08 0
2.65925e+08 0
2.66227e+08 0
2.66439e+08 0
2.66528e+08 0
2.67311e+08 0
2.78648e+08 0
2.78726e+08 0
2.78748e+08 0
2.7895e+08 0
2.78983e+08 0
2.79084e+08 0
2.79252e+08 0
2.79263e+08 0
2.79296e+08 0
2.79319e+08 0
2.7933e+08 0
2.79386e+08 0
2.7952e+08 0
2.79609e+08 0
2.7971e+08 0
2.79744e+08 0
2.80504e+08 0
2.80695e+08 0
2.80739e+08 0
2.81052e+08 0
2.81119e+08 0
2.81488e+08 0
2.81801e+08 0
2.82025e+08 0
2.82438e+08 0
2.82751e+08 0
2.82986e+08 0
2.83075e+08 0
2.83578e+08 0
2.96097e+08 0
2.96198e+08 0
2.96231e+08 0
2.96477e+08 0
2.965e+08 0
2.96578e+08 0
2.96757e+08 0
2.96857e+08 0
2.96902e+08 0
2.96947e+08 0
2.9698e+08 0
2.97003e+08 0
2.97025e+08 0
2.97126e+08 0
2.9717e+08 0
2.97226e+08 0
2.97271e+08 0
2.97853e+08 0
2.98155e+08 0
2.98177e+08 0
2.98256e+08 0
2.98311e+08 0
2.98356e+08 0
2.9849e+08 0
2.98848e+08 0
2.99384e+08 0
2.99496e+08 0
2.99999e+08 0
3.00323e+08 0
3.00457e+08 0
3.14127e+08 0
3.14262e+08 0
3.14331e+08 0
3.14532e+08 0
3.14555e+08 0
3.14588e+08 0
3.14823e+08 0
3.14924e+08 0
3.1517e+08 0
3.15181e+08 0
3.15192e+08 0
3.15203e+08 0
3.15226e+08 0
3.15259e+08 0
3.1546e+08 0
3.15494e+08 0
3.15527e+08 0
3.15539e+08 0
3.15897e+08 0
3.16121e+08 0
3.16132e+08 0
3.16188e+08 0
3.16288e+08 0
3.16367e+08 0
3.16378e+08 0
3.16434e+08 0
3.16501e+08 0
3.16557e+08 0
3.16668e+08 0
3.16702e+08 0
3.17171e+08 0
3.32773e+08 0
3.33016e+08 0
3.33049e+08 0
3.33217e+08 0
3.33273e+08 0
3.33295e+08 0
3.33508e+08 0
3.33563e+08 0
3.33988e+08 0
3.34055e+08 0
3.34111e+08 0
3.34156e+08 0
3.34212e+08 0
3.34234e+08 0
3.34268e+08 0
3.34424e+08 0
3.34447e+08 0
3.3448e+08 0
3.34491e+08 0
3.34682e+08 0
3.3485e+08 0
3.34917e+08 0
3.34928e+08 0
3.35029e+08 0
3.35107e+08 0
3.35141e+08 0
3.35219e+08 0
3.35297e+08 0
3.35386e+08 0
3.35498e+08 0
3.35632e+08 0
3.36035e+08 0
3.52166e+08 0
3.52251e+08 0
3.52262e+08 0
3.52284e+08 0
3.5234e+08 0
3.52351e+08 0
3.52843e+08 0
3.53067e+08 0
3.53469e+08 0
3.53559e+08 0
3.53637e+08 0
3.53648e+08 0
3.53704e+08 0
3.5376e+08 0
3.53794e+08 0
3.53917e+08 0
3.53928e+08 0
3.53939e+08 0
3.53961e+08 0
3.53995e+08 0
3.54185e+08 0
3.54342e+08 0
3.54387e+08 0
3.54465e+08 0
3.5451e+08 0
3.54566e+08 0
3.54745e+08 0
3.54845e+08 0
3.54968e+08 0
3.55035e+08 0
3.55248e+08 0
3.55315e+08 0
3.55996e+08 0
3.72146e+08 0
3.72201e+08 0
3.72235e+08 0
3.72246e+08 0
3.7228e+08 0
3.72313e+08 0
3.72772e+08 0
3.72895e+08 0
3.73286e+08 0
3.73588e+08 0
3.73755e+08 0
3.738e+08 0
3.73823e+08 0
3.73834e+08 0
3.73912e+08 0
3.73957e+08 0
3.73968e+08 0
3.74024e+08 0
3.74057e+08 0
3.7408e+08 0
3.74091e+08 0
3.74449e+08 0
3.74572e+08 0
3.74606e+08 0
3.74695e+08 0
3.74718e+08 0
3.74874e+08 0
3.75031e+08 0
3.75064e+08 0
3.75467e+08 0
3.75556e+08 0
3.75634e+08 0
3.7569e+08 0
3.7721e+08 0
3.92846e+08 0
3.9289e+08 0
3.92924e+08 0
3.9298e+08 0
3.93002e+08 0
3.93036e+08 0
3.93203e+08 0
3.93483e+08 0
3.93561e+08 0
3.93796e+08 0
3.9393e+08 0
3.93964e+08 0
3.94019e+08 0
3.94042e+08 0
3.9412e+08 0
3.94131e+08 0
3.94165e+08 0
3.94209e+08 0
3.94232e+08 0
3.94265e+08 0
3.94523e+08 0
3.9459e+08 0
3.95149e+08 0
3.95295e+08 0
3.95328e+08 0
3.95474e+08 0
3.95574e+08 0
3.95787e+08 0
3.96133e+08 0
3.962e+08 0
3.96748e+08 0
3.96815e+08 0
3.96916e+08 0
3.96983e+08 0
4.02269e+08 0
4.13952e+08 0
4.13996e+08 0
4.14007e+08 0
4.14019e+08 0
4.14052e+08 0
4.14063e+08 0
4.14284e+08 0
4.14602e+08 0
4.14747e+08 0
4.14814e+08 0
4.14948e+08 0
4.14971e+08 0
4.14993e+08 0
4.15027e+08 0
4.15083e+08 0
4.15116e+08 0
4.15161e+08 0
4.15239e+08 0
4.15407e+08 0
4.15474e+08 0
4.15519e+08 0
4.15709e+08 0
4.15776e+08 0
4.16436e+08 0
4.16526e+08 0
4.16581e+08 0
4.16693e+08 0
4.1685e+08 0
4.16995e+08 0
4.17431e+08 0
4.17744e+08 0
4.19465e+08 0
4.19655e+08 0
4.19856e+08 0
4.20315e+08 0
4.2331e+08 0
4.35729e+08 0
4.3574e+08 0
4.35751e+08 0
4.35763e+08 0
4.35774e+08 0
4.35785e+08 0
4.36024e+08 0
4.36274e+08 0
4.36452e+08 0
4.36575e+08 0
4.3662e+08 0
4.36743e+08 0
4.36765e+08 0
4.36866e+08 0
4.36888e+08 0
4.36933e+08 0
4.36955e+08 0
4.36978e+08 0
4.37123e+08 0
4.37246e+08 0
4.37302e+08 0
4.37403e+08 0
4.37459e+08 0
4.3757e+08 0
4.38376e+08 0
4.38443e+08 0
4.38499e+08 0
4.38712e+08 0
4.3917e+08 0
4.39237e+08 0
4.39505e+08 0
4.39662e+08 0
4.41338e+08 0
4.41472e+08 0
4.41662e+08 0
4.41819e+08 0
4.45149e+08 0
4.58051e+08 0
4.58073e+08 0
4.58095e+08 0
4.58118e+08 0
4.5814e+08 0
4.58151e+08 0
4.58178e+08 0
4.58448e+08 0
4.58493e+08 0
4.58593e+08 0
4.58649e+08 0
4.58705e+08 0
4.58727e+08 0
4.58761e+08 0
4.58817e+08 0
4.58861e+08 0
4.58895e+08 0
4.58929e+08 0
4.59029e+08 0
4.59085e+08 0
4.59409e+08 0
4.59488e+08 0
4.59633e+08 0
4.59644e+08 0
4.59734e+08 0
4.60819e+08 0
4.60875e+08 0
4.6092e+08 0
4.60987e+08 0
4.61076e+08 0
4.61165e+08 0
4.61534e+08 0
4.61601e+08 0
4.62797e+08 0
4.63155e+08 0
4.6349e+08 0
4.6368e+08 0
4.6434e+08 0
4.8097e+08 0
4.81003e+08 0
4.81037e+08 0
4.81048e+08 0
4.81059e+08 0
4.81071e+08 0
4.81082e+08 0
4.81332e+08 0
4.81388e+08 0
4.81489e+08 0
4.81534e+08 0
4.81645e+08 0
4.81668e+08 0
4.81724e+08 0
4.81757e+08 0
4.81835e+08 0
4.81858e+08 0
4.8197e+08 0
4.82014e+08 0
4.82059e+08 0
4.82137e+08 0
4.82294e+08 0
4.82383e+08 0
4.82439e+08 0
4.82462e+08 0
4.82517e+08 0
4.83625e+08 0
4.83905e+08 0
4.83916e+08 0
4.84072e+08 0
4.8443e+08 0
4.84598e+08 0
4.84788e+08 0
4.84955e+08 0
4.86118e+08 0
4.8671e+08 0
4.86956e+08 0
4.87157e+08 0
4.87571e+08 0
5.04349e+08 0
5.04427e+08 0
5.04472e+08 0
5.04539e+08 0
5.04561e+08 0
5.04584e+08 0
5.04595e+08 0
5.04713e+08 0
5.04769e+08 0
5.0488e+08 0
5.04903e+08 0
5.05003e+08 0
5.05048e+08 0
5.05082e+08 0
5.05104e+08 0
5.05126e+08 0
5.05171e+08 0
5.05216e+08 0
5.05261e+08 0
5.0535e+08 0
5.05484e+08 0
5.05708e+08 0
5.05931e+08 0
5.05954e+08 0
5.05976e+08 0
5.05999e+08 0
5.06032e+08 0
5.07117e+08 0
5.07397e+08 0
5.07453e+08 0
5.07509e+08 0
5.0762e+08 0
5.07699e+08 0
5.07788e+08 0
5.079e+08 0
5.0866e+08 0
5.09018e+08 0
5.09174e+08 0
5.09353e+08 0
5.11096e+08 0
5.28565e+08 0
5.28609e+08 0
5.28659e+08 0
5.28699e+08 0
5.28732e+08 0
5.28743e+08 0
5.28766e+08 0
5.29057e+08 0
5.2909e+08 0
5.29124e+08 0
5.29146e+08 0
5.29168e+08 0
5.29202e+08 0
5.29247e+08 0
5.29258e+08 0
5.29303e+08 0
5.29336e+08 0
5.29381e+08 0
5.29414e+08 0
5.29459e+08 0
5.29627e+08 0
5.29895e+08 0
5.30085e+08 0
5.30119e+08 0
5.30186e+08 0
5.30264e+08 0
5.30376e+08 0
5.30399e+08 0
5.31528e+08 0
5.31763e+08 0
5.31864e+08 0
5.3202e+08 0
5.32076e+08 0
5.32289e+08 0
5.3297e+08 0
5.3354e+08 0
5.34278e+08 0
5.35597e+08 0
5.35787e+08 0
5.35988e+08 0
5.37039e+08 0
5.53056e+08 0
5.53134e+08 0
5.53246e+08 0
5.53335e+08 0
5.5338e+08 0
5.53414e+08 0
5.53436e+08 0
5.53593e+08 0
5.53615e+08 0
5.5366e+08 0
5.53693e+08 0
5.53738e+08 0
5.53783e+08 0
5.53805e+08 0
5.53816e+08 0
5.53872e+08 0
5.53973e+08 0
5.53995e+08 0
5.54006e+08 0
5.54062e+08 0
5.5423e+08 0
5.54509e+08 0
5.54621e+08 0
5.54677e+08 0
5.547e+08 0
5.54744e+08 0
5.54767e+08 0
5.548e+08 0
5.56131e+08 0
5.56154e+08 0
5.56377e+08 0
5.56579e+08 0
5.56679e+08 0
5.56713e+08 0
5.56869e+08 0
5.57026e+08 0
5.58021e+08 0
5.58289e+08 0
5.59552e+08 0
5.59842e+08 0
5.59999e+08 0
5.60558e+08 0
5.78437e+08 0
5.7852e+08 0
5.78632e+08 0
5.7871e+08 0
5.78744e+08 0
5.78777e+08 0
5.78811e+08 0
5.79071e+08 0
5.79094e+08 0
5.79138e+08 0
5.79183e+08 0
5.79205e+08 0
5.7925e+08 0
5.79317e+08 0
5.79339e+08 0
5.79384e+08 0
5.79407e+08 0
5.79418e+08 0
5.79429e+08 0
5.7944e+08 0
5.79496e+08 0
5.79888e+08 0
5.80055e+08 0
5.80078e+08 0
5.8019e+08 0
5.80435e+08 0
5.80525e+08 0
5.80547e+08 0
5.81464e+08 0
5.81476e+08 0
5.81487e+08 0
5.81576e+08 0
5.82012e+08 0
5.82102e+08 0
5.82191e+08 0
5.8227e+08 0
5.8265e+08 0
5.84382e+08 0
5.84651e+08 0
5.85042e+08 0
5.85209e+08 0
5.85377e+08 0
5.85589e+08 0
6.04237e+08 0
6.04286e+08 0
6.04353e+08 0
6.04431e+08 0
6.04463e+08 0
6.04513e+08 0
6.04591e+08 0
6.04804e+08 0
6.04837e+08 0
6.04871e+08 0
6.04927e+08 0
6.0496e+08 0
6.05095e+08 0
6.05128e+08 0
6.05139e+08 0
6.0515e+08 0
6.05173e+08 0
6.05195e+08 0
6.05206e+08 0
6.05274e+08 0
6.05285e+08 0
6.0543e+08 0
6.05721e+08 0
6.05755e+08 0
6.06034e+08 0
6.06157e+08 0
6.06291e+08 0
6.06302e+08 0
6.07186e+08 0
6.07231e+08 0
6.07253e+08 0
6.07343e+08 0
6.07376e+08 0
6.07622e+08 0
6.077e+08 0
6.07946e+08 0
6.08047e+08 0
6.08461e+08 0
6.09891e+08 0
6.10361e+08 0
6.10562e+08 0
6.10987e+08 0
6.11154e+08 0
6.11311e+08 0
6.27618e+08 0
6.27662e+08 0
6.27763e+08 0
