389593 0
1.00313e+06 0
1.59545e+06 0
2.18777e+06 0
2.78009e+06 0
3.37243e+06 0
3.96478e+06 0
4.55719e+06 0
5.14967e+06 0
5.74235e+06 0
6.33536e+06 0
7.00725e+06 0
7.65698e+06 0
7.69051e+06 0
9.15709e+06 0
9.19062e+06 0
1.13761e+07 0
1.14096e+07 0
1.14543e+07 0
1.31318e+07 0
1.31653e+07 0
1.31876e+07 0
1.321e+07 0
1.56296e+07 0
1.56519e+07 0
1.56743e+07 0
1.56855e+07 0
1.56967e+07 0
1.89849e+07 0
1.89961e+07 0
1.90073e+07 0
1.90185e+07 0
1.90408e+07 0
1.90632e+07 0
2.274e+07 0
2.27511e+07 0
2.27735e+07 0
2.27847e+07 0
2.27959e+07 0
2.28071e+07 0
2.28183e+07 0
2.70485e+07 0
2.70597e+07 0
2.70709e+07 0
2.7138e+07 0
2.71492e+07 0
2.71603e+07 0
2.71715e+07 0
3.12086e+07 0
3.12198e+07 0
3.1231e+07 0
3.12422e+07 0
3.13317e+07 0
3.13429e+07 0
3.13541e+07 0
3.13876e+07 0
3.59727e+07 0
3.60287e+07 0
3.60399e+07 0
3.6051e+07 0
3.60734e+07 0
3.62467e+07 0
3.62579e+07 0
3.6269e+07 0
3.63026e+07 0
4.15516e+07 0
4.16523e+07 0
4.16634e+07 0
4.16746e+07 0
4.1697e+07 0
4.17193e+07 0
4.19125e+07 0
4.19572e+07 0
4.19907e+07 0
4.20131e+07 0
4.77918e+07 0
4.80134e+07 0
4.81028e+07 0
4.8114e+07 0
4.81364e+07 0
4.81587e+07 0
4.81699e+07 0
4.8237e+07 0
4.82705e+07 0
4.84605e+07 0
4.85053e+07 0
5.45506e+07 0
5.4762e+07 0
5.48556e+07 0
5.4878e+07 0
5.49227e+07 0
5.49451e+07 0
5.49786e+07 0
5.5001e+07 0
5.50794e+07 0
5.50905e+07 0
5.518e+07 0
5.537e+07 0
6.19974e+07 0
6.2364e+07 0
6.2554e+07 0
6.25987e+07 0
6.26769e+07 0
6.27998e+07 0
6.30793e+07 0
6.3124e+07 0
6.32134e+07 0
6.36158e+07 0
6.40517e+07 0
6.43087e+07 0
6.4577e+07 0
6.99064e+07 0
7.02865e+07 0
7.03487e+07 0
7.03822e+07 0
7.03934e+07 0
7.04046e+07 0
7.05835e+07 0
7.06282e+07 0
7.0684e+07 0
7.07287e+07 0
7.17907e+07 0
7.18913e+07 0
7.19695e+07 0
7.22712e+07 0
7.84788e+07 0
7.9751e+07 0
7.98181e+07 0
7.98628e+07 0
7.99187e+07 0
8.00751e+07 0
8.01981e+07 0
8.02317e+07 0
8.02875e+07 0
8.03769e+07 0
8.23328e+07 0
8.23663e+07 0
8.24446e+07 0
8.2467e+07 0
8.24781e+07 0
8.75458e+07 0
8.88071e+07 0
8.88629e+07 0
8.89412e+07 0
8.89747e+07 0
8.90082e+07 0
8.93212e+07 0
8.93771e+07 0
8.94218e+07 0
8.94777e+07 0
9.02824e+07 0
9.04277e+07 0
9.0573e+07 0
9.1713e+07 0
9.17689e+07 0
9.1836e+07 0
9.74294e+07 0
1.01245e+08 0
1.01278e+08 0
1.01356e+08 0
1.01424e+08 0
1.01569e+08 0
1.01994e+08 0
1.02083e+08 0
1.02116e+08 0
1.02172e+08 0
1.02497e+08 0
1.0253e+08 0
1.02553e+08 0
1.02743e+08 0
1.02765e+08 0
1.02843e+08 0
1.02866e+08 0
1.07632e+08 0
1.09363e+08 0
1.09475e+08 0
1.09587e+08 0
1.09844e+08 0
1.09989e+08 0
1.10961e+08 0
1.11118e+08 0
1.11811e+08 0
1.11911e+08 0
1.13007e+08 0
1.13118e+08 0
1.13141e+08 0
1.13253e+08 0
1.13297e+08 0
1.13308e+08 0
1.13376e+08 0
1.13398e+08 0
1.18791e+08 0
1.22973e+08 0
1.23443e+08 0
1.2351e+08 0
1.23566e+08 0
1.23633e+08 0
1.24169e+08 0
1.24303e+08 0
1.24393e+08 0
1.24415e+08 0
1.24862e+08 0
1.24885e+08 0
1.24896e+08 0
1.24952e+08 0
1.24963e+08 0
1.24974e+08 0
1.25008e+08 0
1.2503e+08 0
1.25064e+08 0
1.30322e+08 0
1.33529e+08 0
1.34099e+08 0
1.34121e+08 0
1.34177e+08 0
1.34233e+08 0
1.35049e+08 0
1.35217e+08 0
1.35764e+08 0
1.3582e+08 0
1.36256e+08 0
1.36323e+08 0
1.36368e+08 0
1.36614e+08 0
1.36647e+08 0
1.36658e+08 0
1.36759e+08 0
1.36781e+08 0
1.36804e+08 0
1.36837e+08 0
1.42432e+08 0
1.47747e+08 0
1.47992e+08 0
1.48048e+08 0
1.48127e+08 0
1.48149e+08 0
1.48439e+08 0
1.48473e+08 0
1.48607e+08 0
1.48719e+08 0
1.48931e+08 0
1.48943e+08 0
1.48965e+08 0
1.49133e+08 0
1.49155e+08 0
1.49166e+08 0
1.49323e+08 0
1.49356e+08 0
1.49367e+08 0
1.49502e+08 0
1.49524e+08 0
1.55063e+08 0
1.59775e+08 0
1.60077e+08 0
1.60289e+08 0
1.60378e+08 0
1.60468e+08 0
1.60714e+08 0
1.60814e+08 0
1.61049e+08 0
1.61228e+08 0
1.61474e+08 0
1.61574e+08 0
1.61653e+08 0
1.61954e+08 0
1.61999e+08 0
1.6201e+08 0
1.62066e+08 0
1.62145e+08 0
1.62178e+08 0
1.62301e+08 0
1.62435e+08 0
1.6248e+08 0
1.68366e+08 0
1.74782e+08 0
1.74793e+08 0
1.74804e+08 0
1.74815e+08 0
1.74838e+08 0
1.7486e+08 0
1.74871e+08 0
1.74894e+08 0
1.74983e+08 0
1.75095e+08 0
1.75319e+08 0
1.75352e+08 0
1.75665e+08 0
1.75699e+08 0
1.75721e+08 0
1.75766e+08 0
1.75799e+08 0
1.75811e+08 0
1.75867e+08 0
1.75911e+08 0
1.76001e+08 0
1.81484e+08 0
1.81495e+08 0
1.87995e+08 0
1.88106e+08 0
1.8814e+08 0
1.88173e+08 0
1.88207e+08 0
1.88229e+08 0
1.88252e+08 0
1.88319e+08 0
1.88419e+08 0
1.88475e+08 0
1.88587e+08 0
1.88621e+08 0
1.88967e+08 0
1.88979e+08 0
1.89012e+08 0
1.89135e+08 0
1.89146e+08 0
1.89169e+08 0
1.89213e+08 0
1.89303e+08 0
1.89403e+08 0
1.95345e+08 0
1.95367e+08 0
1.95379e+08 0
2.02554e+08 0
2.02621e+08 0
2.02644e+08 0
2.02666e+08 0
2.02688e+08 0
2.02711e+08 0
2.02744e+08 0
2.028e+08 0
2.02878e+08 0
2.0299e+08 0
2.03046e+08 0
2.03169e+08 0
2.03549e+08 0
2.03572e+08 0
2.03594e+08 0
2.03728e+08 0
2.03773e+08 0
2.03829e+08 0
2.03941e+08 0
2.04008e+08 0
2.04064e+08 0
2.09927e+08 0
2.09939e+08 0
2.0995e+08 0
2.173e+08 0
2.17311e+08 0
2.17401e+08 0
2.17446e+08 0
2.17468e+08 0
2.17501e+08 0
2.17524e+08 0
2.17647e+08 0
2.17736e+08 0
2.17759e+08 0
2.17815e+08 0
2.17938e+08 0
2.18083e+08 0
2.18419e+08 0
2.1843e+08 0
2.18497e+08 0
2.1862e+08 0
2.18653e+08 0
2.18721e+08 0
2.18732e+08 0
2.18866e+08 0
2.18899e+08 0
2.25032e+08 0
2.25043e+08 0
2.25065e+08 0
2.32928e+08 0
2.3295e+08 0
2.32984e+08 0
2.3314e+08 0
2.33152e+08 0
2.33196e+08 0
2.33207e+08 0
2.3323e+08 0
2.33319e+08 0
2.33375e+08 0
2.3342e+08 0
2.33465e+08 0
2.33588e+08 0
2.33722e+08 0
2.34259e+08 0
2.3427e+08 0
2.34315e+08 0
2.34382e+08 0
2.34393e+08 0
2.34427e+08 0
2.34438e+08 0
2.34472e+08 0
2.34494e+08 0
2.40738e+08 0
2.4076e+08 0
2.40783e+08 0
2.49082e+08 0
2.49105e+08 0
2.49138e+08 0
2.49239e+08 0
2.49261e+08 0
2.49317e+08 0
2.49351e+08 0
2.49373e+08 0
2.49396e+08 0
2.49474e+08 0
2.49552e+08 0
2.49575e+08 0
2.49586e+08 0
2.49832e+08 0
2.50055e+08 0
2.50391e+08 0
2.50402e+08 0
2.50492e+08 0
2.50514e+08 0
2.50548e+08 0
2.5057e+08 0
2.50582e+08 0
2.50626e+08 0
2.50637e+08 0
2.57181e+08 0
2.57192e+08 0
2.57293e+08 0
2.65834e+08 0
2.65856e+08 0
2.6589e+08 0
2.65991e+08 0
2.66013e+08 0
2.66046e+08 0
2.66114e+08 0
2.66147e+08 0
2.66181e+08 0
2.66192e+08 0
2.66214e+08 0
2.66293e+08 0
2.66427e+08 0
2.66449e+08 0
2.66829e+08 0
2.66919e+08 0
2.67076e+08 0
2.67087e+08 0
2.67154e+08 0
2.67221e+08 0
2.67244e+08 0
2.67266e+08 0
2.673e+08 0
2.67333e+08 0
2.67355e+08 0
2.7434e+08 0
2.74374e+08 0
2.74586e+08 0
2.83215e+08 0
2.83226e+08 0
2.83249e+08 0
2.83349e+08 0
2.83394e+08 0
2.83405e+08 0
2.83428e+08 0
2.8345e+08 0
2.83517e+08 0
2.83539e+08 0
2.83618e+08 0
2.83718e+08 0
2.83841e+08 0
2.83953e+08 0
2.83987e+08 0
2.84155e+08 0
2.84267e+08 0
2.84356e+08 0
2.84367e+08 0
2.84468e+08 0
2.84535e+08 0
2.84547e+08 0
2.84614e+08 0
2.84658e+08 0
2.84737e+08 0
2.84759e+08 0
2.91878e+08 0
2.92023e+08 0
2.92135e+08 0
3.01077e+08 0
3.0111e+08 0
3.01133e+08 0
3.01245e+08 0
3.01267e+08 0
3.01289e+08 0
3.01379e+08 0
3.01412e+08 0
3.01435e+08 0
3.01457e+08 0
3.01468e+08 0
3.01502e+08 0
3.01748e+08 0
3.01781e+08 0
3.01815e+08 0
3.01882e+08 0
3.01961e+08 0
3.02039e+08 0
3.02218e+08 0
3.02229e+08 0
3.02297e+08 0
3.02375e+08 0
3.02431e+08 0
3.02464e+08 0
3.02543e+08 0
3.0261e+08 0
3.02632e+08 0
3.09848e+08 0
3.09949e+08 0
3.10183e+08 0
3.19491e+08 0
3.19513e+08 0
3.19524e+08 0
3.19647e+08 0
3.19737e+08 0
3.19748e+08 0
3.1977e+08 0
3.19793e+08 0
3.19804e+08 0
3.19837e+08 0
3.19893e+08 0
3.19927e+08 0
3.19983e+08 0
3.20139e+08 0
3.20162e+08 0
3.20218e+08 0
3.20251e+08 0
3.20352e+08 0
3.20397e+08 0
3.20587e+08 0
3.20598e+08 0
3.20722e+08 0
3.208e+08 0
3.20867e+08 0
3.209e+08 0
3.20912e+08 0
3.2099e+08 0
3.21012e+08 0
3.28447e+08 0
3.28469e+08 0
3.2876e+08 0
3.38487e+08 0
3.38498e+08 0
3.38554e+08 0
3.38599e+08 0
3.38722e+08 0
3.38744e+08 0
3.38778e+08 0
3.388e+08 0
3.38823e+08 0
3.38845e+08 0
3.38867e+08 0
3.3889e+08 0
3.38901e+08 0
3.38957e+08 0
3.39158e+08 0
3.39203e+08 0
3.3927e+08 0
3.39281e+08 0
3.39382e+08 0
3.39438e+08 0
3.39528e+08 0
3.39561e+08 0
3.39673e+08 0
3.39774e+08 0
3.39874e+08 0
3.39897e+08 0
3.39919e+08 0
3.39997e+08 0
3.4002e+08 0
3.48002e+08 0
3.48035e+08 0
3.48176e+08 0
3.58122e+08 0
3.58155e+08 0
3.582e+08 0
3.58502e+08 0
3.58625e+08 0
3.58647e+08 0
3.58714e+08 0
3.58726e+08 0
3.58748e+08 0
3.58759e+08 0
3.5877e+08 0
3.58793e+08 0
3.58815e+08 0
3.58826e+08 0
3.58837e+08 0
3.5886e+08 0
3.58882e+08 0
3.58938e+08 0
3.58994e+08 0
3.59017e+08 0
3.59084e+08 0
3.59297e+08 0
3.59308e+08 0
3.59353e+08 0
3.59509e+08 0
3.59565e+08 0
3.59666e+08 0
3.59711e+08 0
3.59767e+08 0
3.59811e+08 0
3.67912e+08 0
3.67946e+08 0
3.68147e+08 0
3.78263e+08 0
3.78297e+08 0
3.78386e+08 0
3.78755e+08 0
3.78811e+08 0
3.78845e+08 0
3.78867e+08 0
3.78901e+08 0
3.78912e+08 0
3.78934e+08 0
3.78945e+08 0
3.78968e+08 0
3.78979e+08 0
3.79012e+08 0
3.79024e+08 0
3.79035e+08 0
3.79068e+08 0
3.7908e+08 0
3.7918e+08 0
3.79192e+08 0
3.79203e+08 0
3.7927e+08 0
3.79483e+08 0
3.79516e+08 0
3.79584e+08 0
3.79662e+08 0
3.79685e+08 0
3.79741e+08 0
3.79763e+08 0
3.79774e+08 0
3.79796e+08 0
3.88892e+08 0
3.89149e+08 0
3.89317e+08 0
3.99422e+08 0
3.99456e+08 0
3.99556e+08 0
3.9969e+08 0
3.99702e+08 0
3.99724e+08 0
3.99735e+08 0
3.99746e+08 0
3.99758e+08 0
3.99769e+08 0
3.99791e+08 0
3.99813e+08 0
3.99836e+08 0
3.99858e+08 0
3.99869e+08 0
3.99925e+08 0
3.99937e+08 0
3.99959e+08 0
3.9997e+08 0
3.99993e+08 0
4.00004e+08 0
4.00049e+08 0
4.00127e+08 0
4.00373e+08 0
4.00429e+08 0
4.00486e+08 0
4.00676e+08 0
4.0072e+08 0
4.0081e+08 0
4.00832e+08 0
4.00866e+08 0
4.00888e+08 0
4.09949e+08 0
4.10173e+08 0
4.10274e+08 0
4.20893e+08 0
4.20937e+08 0
4.2096e+08 0
4.21105e+08 0
4.2115e+08 0
4.21172e+08 0
4.21195e+08 0
4.21206e+08 0
4.21217e+08 0
4.21228e+08 0
4.21251e+08 0
4.21284e+08 0
4.21295e+08 0
4.21307e+08 0
4.21318e+08 0
4.21351e+08 0
4.21363e+08 0
4.21385e+08 0
4.21396e+08 0
4.21407e+08 0
4.21419e+08 0
4.2143e+08 0
4.21475e+08 0
4.21598e+08 0
4.21844e+08 0
4.21945e+08 0
4.22001e+08 0
4.22068e+08 0
4.22102e+08 0
4.22247e+08 0
4.22258e+08 0
4.22281e+08 0
4.22314e+08 0
4.31608e+08 0
4.31831e+08 0
4.31876e+08 0
4.42875e+08 0
4.42886e+08 0
4.42897e+08 0
4.43065e+08 0
4.43076e+08 0
4.43132e+08 0
4.43144e+08 0
4.43155e+08 0
4.43166e+08 0
4.43177e+08 0
4.43188e+08 0
4.432e+08 0
4.43222e+08 0
4.43233e+08 0
4.43244e+08 0
4.43255e+08 0
4.43267e+08 0
4.43278e+08 0
4.43289e+08 0
4.433e+08 0
4.43345e+08 0
4.43356e+08 0
4.43367e+08 0
4.43401e+08 0
4.43569e+08 0
4.43826e+08 0
4.43894e+08 0
4.43938e+08 0
4.43994e+08 0
4.44006e+08 0
4.44118e+08 0
4.44162e+08 0
4.44196e+08 0
4.44218e+08 0
4.53733e+08 0
4.54303e+08 0
4.54325e+08 0
4.65402e+08 0
4.65436e+08 0
4.65458e+08 0
4.65537e+08 0
4.65559e+08 0
4.6557e+08 0
4.65593e+08 0
4.65615e+08 0
4.65626e+08 0
4.65638e+08 0
4.65649e+08 0
4.6566e+08 0
4.65671e+08 0
4.65694e+08 0
4.65705e+08 0
4.65716e+08 0
4.65727e+08 0
4.65738e+08 0
4.65772e+08 0
4.65783e+08 0
4.65794e+08 0
4.65873e+08 0
4.65906e+08 0
4.65917e+08 0
4.65962e+08 0
4.66096e+08 0
4.66331e+08 0
4.66444e+08 0
4.66466e+08 0
4.665e+08 0
4.66511e+08 0
4.66589e+08 0
4.66645e+08 0
4.66679e+08 0
4.6679e+08 0
4.76758e+08 0
4.77295e+08 0
4.7734e+08 0
4.8863e+08 0
4.88641e+08 0
4.88652e+08 0
4.88719e+08 0
4.88753e+08 0
4.88786e+08 0
4.88798e+08 0
4.88809e+08 0
4.8882e+08 0
4.88842e+08 0
4.88854e+08 0
4.88865e+08 0
4.88876e+08 0
4.88887e+08 0
4.88898e+08 0
4.8891e+08 0
4.88921e+08 0
4.88954e+08 0
4.88966e+08 0
4.8901e+08 0
4.89033e+08 0
4.89044e+08 0
4.89189e+08 0
4.892e+08 0
4.89234e+08 0
4.8929e+08 0
4.89346e+08 0
4.89536e+08 0
4.89671e+08 0
4.89682e+08 0
4.89693e+08 0
4.89716e+08 0
4.89928e+08 0
4.90085e+08 0
4.90118e+08 0
4.90163e+08 0
5.00512e+08 0
5.01048e+08 0
5.01361e+08 0
5.12472e+08 0
5.12484e+08 0
5.12495e+08 0
5.12573e+08 0
5.12618e+08 0
5.12651e+08 0
5.12663e+08 0
5.12685e+08 0
5.12696e+08 0
5.12707e+08 0
5.1273e+08 0
5.12752e+08 0
5.12763e+08 0
5.12775e+08 0
5.12797e+08 0
5.12819e+08 0
5.12842e+08 0
5.12875e+08 0
5.1292e+08 0
5.12942e+08 0
5.12953e+08 0
5.12965e+08 0
5.13088e+08 0
5.13099e+08 0
5.1311e+08 0
5.13121e+08 0
5.13133e+08 0
5.13289e+08 0
5.1339e+08 0
5.13536e+08 0
5.13592e+08 0
5.13692e+08 0
5.13815e+08 0
5.13972e+08 0
5.14061e+08 0
5.14084e+08 0
5.14117e+08 0
5.25338e+08 0
5.25751e+08 0
5.25975e+08 0
5.37008e+08 0
5.3703e+08 0
5.37053e+08 0
5.37087e+08 0
5.37131e+08 0
5.37198e+08 0
5.37221e+08 0
5.37232e+08 0
5.37243e+08 0
5.37254e+08 0
5.37265e+08 0
5.3731e+08 0
5.37321e+08 0
5.37333e+08 0
5.37355e+08 0
5.37366e+08 0
5.37389e+08 0
5.37411e+08 0
5.37433e+08 0
5.37478e+08 0
5.37512e+08 0
5.37534e+08 0
5.37668e+08 0
5.37679e+08 0
5.37702e+08 0
5.37724e+08 0
5.37746e+08 0
5.37758e+08 0
5.37791e+08 0
5.37892e+08 0
5.38373e+08 0
5.38396e+08 0
5.38463e+08 0
5.38541e+08 0
5.38575e+08 0
5.38731e+08 0
5.38754e+08 0
5.38776e+08 0
5.5136e+08 0
5.51595e+08 0
5.51796e+08 0
5.61981e+08 0
5.62014e+08 0
5.62037e+08 0
5.62104e+08 0
5.62126e+08 0
5.62148e+08 0
5.6216e+08 0
5.62182e+08 0
5.62204e+08 0
5.62238e+08 0
5.62271e+08 0
5.62406e+08 0
5.62417e+08 0
5.62428e+08 0
5.62439e+08 0
5.6245e+08 0
5.62473e+08 0
5.62495e+08 0
5.62517e+08 0
5.62529e+08 0
5.6254e+08 0
5.62551e+08 0
5.62574e+08 0
5.62585e+08 0
5.62596e+08 0
5.62618e+08 0
5.62629e+08 0
5.62685e+08 0
5.62719e+08 0
5.62753e+08 0
5.62954e+08 0
5.63547e+08 0
5.6358e+08 0
5.63759e+08 0
5.63782e+08 0
5.63815e+08 0
5.6395e+08 0
5.63972e+08 0
5.63994e+08 0
5.78219e+08 0
5.78822e+08 0
5.78945e+08 0
5.87632e+08 0
5.87666e+08 0
5.87699e+08 0
5.87755e+08 0
5.87778e+08 0
5.87789e+08 0
5.878e+08 0
5.87811e+08 0
5.87823e+08 0
5.87834e+08 0
5.87845e+08 0
5.87867e+08 0
5.87878e+08 0
5.8789e+08 0
5.87901e+08 0
5.87912e+08 0
5.87923e+08 0
5.87946e+08 0
5.87968e+08 0
5.87979e+08 0
5.8799e+08 0
5.88013e+08 0
5.88113e+08 0
5.88147e+08 0
5.88158e+08 0
5.88181e+08 0
5.88192e+08 0
5.88203e+08 0
5.88214e+08 0
5.88237e+08 0
5.88349e+08 0
5.88852e+08 0
5.894e+08 0
5.89411e+08 0
5.89433e+08 0
5.89445e+08 0
5.89512e+08 0
5.89657e+08 0
5.8968e+08 0
5.89702e+08 0
6.06413e+08 0
6.06983e+08 0
6.07073e+08 0
6.13804e+08 0
6.13872e+08 0
6.13883e+08 0
6.1395e+08 0
6.13972e+08 0
6.13995e+08 0
6.14006e+08 0
6.14028e+08 0
6.14039e+08 0
6.14051e+08 0
6.14062e+08 0
6.14073e+08 0
6.14084e+08 0
6.14095e+08 0
6.14118e+08 0
6.14129e+08 0
6.14151e+08 0
6.14174e+08 0
6.14196e+08 0
6.14241e+08 0
6.14274e+08 0
6.14297e+08 0
6.14487e+08 0
6.14532e+08 0
6.14576e+08 0
6.14655e+08 0
6.14688e+08 0
6.14711e+08 0
6.14755e+08 0
6.14778e+08 0
6.14845e+08 0
6.1489e+08 0
6.15192e+08 0
6.15707e+08 0
6.15729e+08 0
6.15807e+08 0
6.1583e+08 0
6.15919e+08 0
6.1602e+08 0
6.16065e+08 0
6.16109e+08 0
6.27619e+08 0
6.2763e+08 0
6.27641e+08 0
