143700 0
746081 0
1.3384e+06 0
1.93072e+06 0
2.52305e+06 0
3.11538e+06 0
3.70775e+06 0
4.30014e+06 0
4.89264e+06 0
5.48531e+06 0
6.07831e+06 0
6.76128e+06 0
7.32028e+06 0
7.34263e+06 0
9.42846e+06 0
9.46199e+06 0
1.09715e+07 0
1.09827e+07 0
1.10274e+07 0
1.31643e+07 0
1.3209e+07 0
1.32537e+07 0
1.32984e+07 0
1.61683e+07 0
1.6213e+07 0
1.62466e+07 0
1.62801e+07 0
1.63136e+07 0
2.13522e+07 0
2.1464e+07 0
2.15534e+07 0
2.16092e+07 0
2.16763e+07 0
2.1721e+07 0
2.42864e+07 0
2.47223e+07 0
2.51471e+07 0
2.52588e+07 0
2.55494e+07 0
2.56165e+07 0
2.565e+07 0
3.0001e+07 0
3.02469e+07 0
3.0448e+07 0
3.04816e+07 0
3.05151e+07 0
3.05375e+07 0
3.0571e+07 0
3.36134e+07 0
3.37028e+07 0
3.38705e+07 0
3.4407e+07 0
3.4597e+07 0
3.4664e+07 0
3.47423e+07 0
3.47982e+07 0
3.88832e+07 0
3.89279e+07 0
3.89838e+07 0
3.90397e+07 0
3.96879e+07 0
3.9755e+07 0
3.9878e+07 0
4.00009e+07 0
4.01015e+07 0
4.38019e+07 0
4.3813e+07 0
4.38354e+07 0
4.38466e+07 0
4.38578e+07 0
4.39137e+07 0
4.4059e+07 0
4.41037e+07 0
4.44838e+07 0
4.45508e+07 0
5.02764e+07 0
5.02987e+07 0
5.03323e+07 0
5.03882e+07 0
5.04106e+07 0
5.04218e+07 0
5.06453e+07 0
5.07124e+07 0
5.07795e+07 0
5.09359e+07 0
5.11036e+07 0
5.70891e+07 0
5.71003e+07 0
5.71115e+07 0
5.7145e+07 0
5.71674e+07 0
5.71898e+07 0
5.72122e+07 0
5.72234e+07 0
5.72458e+07 0
5.7257e+07 0
5.72682e+07 0
5.73688e+07 0
6.43437e+07 0
6.43773e+07 0
6.43996e+07 0
6.44108e+07 0
6.45002e+07 0
6.45226e+07 0
6.47239e+07 0
6.47352e+07 0
6.47575e+07 0
6.48112e+07 0
6.48459e+07 0
6.48682e+07 0
6.49242e+07 0
7.24656e+07 0
7.24879e+07 0
7.25103e+07 0
7.25215e+07 0
7.25998e+07 0
7.26333e+07 0
7.26893e+07 0
7.27116e+07 0
7.2734e+07 0
7.27563e+07 0
7.27787e+07 0
7.28681e+07 0
7.29017e+07 0
7.29129e+07 0
8.08154e+07 0
8.08377e+07 0
8.08601e+07 0
8.09048e+07 0
8.10333e+07 0
8.10557e+07 0
8.11004e+07 0
8.11116e+07 0
8.11228e+07 0
8.1134e+07 0
8.11563e+07 0
8.11899e+07 0
8.12618e+07 0
8.13207e+07 0
8.13624e+07 0
8.97947e+07 0
8.98402e+07 0
8.98898e+07 0
8.99233e+07 0
9.00535e+07 0
9.00758e+07 0
9.0087e+07 0
9.01084e+07 0
9.01308e+07 0
9.02083e+07 0
9.03039e+07 0
9.03599e+07 0
9.03822e+07 0
9.04158e+07 0
9.04381e+07 0
9.04493e+07 0
9.956e+07 0
9.95824e+07 0
9.9616e+07 0
9.96272e+07 0
9.96943e+07 0
9.97167e+07 0
9.9739e+07 0
9.97614e+07 0
9.98284e+07 0
9.98396e+07 0
9.98955e+07 0
9.99402e+07 0
9.99514e+07 0
9.99962e+07 0
1.00019e+08 0
1.0003e+08 0
1.00052e+08 0
1.09834e+08 0
1.09845e+08 0
1.09879e+08 0
1.09946e+08 0
1.10002e+08 0
1.10013e+08 0
1.10036e+08 0
1.1008e+08 0
1.10114e+08 0
1.10147e+08 0
1.10192e+08 0
1.10203e+08 0
1.10215e+08 0
1.10304e+08 0
1.10326e+08 0
1.10338e+08 0
1.10371e+08 0
1.10393e+08 0
1.20742e+08 0
1.20754e+08 0
1.20787e+08 0
1.20798e+08 0
1.20921e+08 0
1.20944e+08 0
1.20955e+08 0
1.20977e+08 0
1.21022e+08 0
1.21044e+08 0
1.21056e+08 0
1.21078e+08 0
1.21123e+08 0
1.21246e+08 0
1.21257e+08 0
1.21301e+08 0
1.21313e+08 0
1.21335e+08 0
1.21357e+08 0
1.32211e+08 0
1.32234e+08 0
1.32245e+08 0
1.32301e+08 0
1.32413e+08 0
1.32446e+08 0
1.32457e+08 0
1.32468e+08 0
1.32524e+08 0
1.32591e+08 0
1.32625e+08 0
1.32658e+08 0
1.32726e+08 0
1.32737e+08 0
1.32759e+08 0
1.3277e+08 0
1.32793e+08 0
1.32826e+08 0
1.3286e+08 0
1.32882e+08 0
1.44177e+08 0
1.44188e+08 0
1.442e+08 0
1.44233e+08 0
1.4439e+08 0
1.44401e+08 0
1.44423e+08 0
1.44446e+08 0
1.44479e+08 0
1.44524e+08 0
1.4458e+08 0
1.44602e+08 0
1.44613e+08 0
1.44636e+08 0
1.44669e+08 0
1.4477e+08 0
1.44803e+08 0
1.44815e+08 0
1.44837e+08 0
1.44859e+08 0
1.44893e+08 0
1.5695e+08 0
1.56962e+08 0
1.56973e+08 0
1.57006e+08 0
1.57163e+08 0
1.57185e+08 0
1.57197e+08 0
1.57208e+08 0
1.5723e+08 0
1.57331e+08 0
1.57375e+08 0
1.57398e+08 0
1.57409e+08 0
1.57431e+08 0
1.57454e+08 0
1.57566e+08 0
1.57644e+08 0
1.57666e+08 0
1.57733e+08 0
1.57756e+08 0
1.57778e+08 0
1.578e+08 0
1.70133e+08 0
1.70144e+08 0
1.70166e+08 0
1.70211e+08 0
1.70289e+08 0
1.70334e+08 0
1.70345e+08 0
1.70423e+08 0
1.70446e+08 0
1.70457e+08 0
1.70524e+08 0
1.70546e+08 0
1.70569e+08 0
1.70602e+08 0
1.70636e+08 0
1.7077e+08 0
1.70793e+08 0
1.70804e+08 0
1.70848e+08 0
1.7096e+08 0
1.70971e+08 0
1.70994e+08 0
1.83184e+08 0
1.83195e+08 0
1.8324e+08 0
1.83262e+08 0
1.83284e+08 0
1.83396e+08 0
1.83418e+08 0
1.8343e+08 0
1.83452e+08 0
1.83486e+08 0
1.8353e+08 0
1.83564e+08 0
1.83586e+08 0
1.83597e+08 0
1.83609e+08 0
1.83732e+08 0
1.83821e+08 0
1.83855e+08 0
1.83899e+08 0
1.83966e+08 0
1.84067e+08 0
1.84101e+08 0
1.84123e+08 0
1.97031e+08 0
1.97042e+08 0
1.97064e+08 0
1.97131e+08 0
1.97154e+08 0
1.97176e+08 0
1.97232e+08 0
1.97299e+08 0
1.97322e+08 0
1.97355e+08 0
1.97366e+08 0
1.97422e+08 0
1.97445e+08 0
1.97456e+08 0
1.97467e+08 0
1.97478e+08 0
1.97545e+08 0
1.97612e+08 0
1.97624e+08 0
1.97646e+08 0
1.97814e+08 0
1.97959e+08 0
1.9797e+08 0
1.97981e+08 0
2.1152e+08 0
2.11554e+08 0
2.11587e+08 0
2.11677e+08 0
2.11688e+08 0
2.11699e+08 0
2.1171e+08 0
2.11766e+08 0
2.11822e+08 0
2.11912e+08 0
2.11934e+08 0
2.11945e+08 0
2.11956e+08 0
2.11968e+08 0
2.11979e+08 0
2.12012e+08 0
2.12023e+08 0
2.12046e+08 0
2.12057e+08 0
2.12146e+08 0
2.12169e+08 0
2.12448e+08 0
2.12504e+08 0
2.12515e+08 0
2.1256e+08 0
2.26488e+08 0
2.26499e+08 0
2.26555e+08 0
2.26723e+08 0
2.26734e+08 0
2.26745e+08 0
2.26767e+08 0
2.26779e+08 0
2.26823e+08 0
2.26835e+08 0
2.2689e+08 0
2.26924e+08 0
2.26969e+08 0
2.2698e+08 0
2.26991e+08 0
2.27013e+08 0
2.27047e+08 0
2.27058e+08 0
2.27092e+08 0
2.27125e+08 0
2.27203e+08 0
2.27271e+08 0
2.27539e+08 0
2.27561e+08 0
2.27584e+08 0
2.27662e+08 0
2.42206e+08 0
2.42217e+08 0
2.42228e+08 0
2.42407e+08 0
2.42419e+08 0
2.4243e+08 0
2.42486e+08 0
2.42497e+08 0
2.42508e+08 0
2.42564e+08 0
2.42575e+08 0
2.42586e+08 0
2.42598e+08 0
2.42676e+08 0
2.42687e+08 0
2.42732e+08 0
2.42754e+08 0
2.42777e+08 0
2.42799e+08 0
2.42821e+08 0
2.42888e+08 0
2.42922e+08 0
2.43e+08 0
2.43257e+08 0
2.43347e+08 0
2.4338e+08 0
2.43391e+08 0
2.58513e+08 0
2.58524e+08 0
2.58535e+08 0
2.58714e+08 0
2.58737e+08 0
2.58748e+08 0
2.58759e+08 0
2.58792e+08 0
2.58804e+08 0
2.58815e+08 0
2.58893e+08 0
2.58927e+08 0
2.58949e+08 0
2.5896e+08 0
2.59005e+08 0
2.59027e+08 0
2.59083e+08 0
2.59106e+08 0
2.59139e+08 0
2.59162e+08 0
2.59184e+08 0
2.59217e+08 0
2.5924e+08 0
2.59352e+08 0
2.59586e+08 0
2.59631e+08 0
2.59743e+08 0
2.59754e+08 0
2.75294e+08 0
2.75305e+08 0
2.75316e+08 0
2.75517e+08 0
2.7554e+08 0
2.75573e+08 0
2.75596e+08 0
2.75607e+08 0
2.75618e+08 0
2.75629e+08 0
2.7564e+08 0
2.75652e+08 0
2.75663e+08 0
2.75696e+08 0
2.75719e+08 0
2.7573e+08 0
2.75763e+08 0
2.75853e+08 0
2.75886e+08 0
2.75898e+08 0
2.7592e+08 0
2.75942e+08 0
2.76032e+08 0
2.76054e+08 0
2.76166e+08 0
2.76423e+08 0
2.76468e+08 0
2.76501e+08 0
2.76568e+08 0
2.92737e+08 0
2.92748e+08 0
2.92759e+08 0
2.92983e+08 0
2.92995e+08 0
2.93017e+08 0
2.93039e+08 0
2.9305e+08 0
2.93062e+08 0
2.93073e+08 0
2.93084e+08 0
2.93095e+08 0
2.93106e+08 0
2.93118e+08 0
2.93129e+08 0
2.9314e+08 0
2.93162e+08 0
2.93185e+08 0
2.93252e+08 0
2.93263e+08 0
2.93274e+08 0
2.93296e+08 0
2.93364e+08 0
2.93464e+08 0
2.93498e+08 0
2.93665e+08 0
2.93833e+08 0
2.93956e+08 0
2.94001e+08 0
2.94057e+08 0
3.10739e+08 0
3.1075e+08 0
3.10761e+08 0
3.1094e+08 0
3.10952e+08 0
3.10963e+08 0
3.10974e+08 0
3.10996e+08 0
3.11008e+08 0
3.11052e+08 0
3.11063e+08 0
3.11097e+08 0
3.11108e+08 0
3.11119e+08 0
3.11131e+08 0
3.11142e+08 0
3.11153e+08 0
3.11175e+08 0
3.11209e+08 0
3.11254e+08 0
3.11265e+08 0
3.11321e+08 0
3.11343e+08 0
3.11432e+08 0
3.11522e+08 0
3.11544e+08 0
3.11701e+08 0
3.1188e+08 0
3.12003e+08 0
3.12058e+08 0
3.12114e+08 0
3.29373e+08 0
3.29384e+08 0
3.29407e+08 0
3.29575e+08 0
3.29586e+08 0
3.29597e+08 0
3.29608e+08 0
3.29619e+08 0
3.29631e+08 0
3.29653e+08 0
3.29664e+08 0
3.29731e+08 0
3.29742e+08 0
3.29754e+08 0
3.29765e+08 0
3.29776e+08 0
3.29787e+08 0
3.29821e+08 0
3.29854e+08 0
3.29876e+08 0
3.29888e+08 0
3.2991e+08 0
3.29988e+08 0
3.3e+08 0
3.30089e+08 0
3.30178e+08 0
3.30201e+08 0
3.30223e+08 0
3.30558e+08 0
3.30626e+08 0
3.3067e+08 0
3.30804e+08 0
3.48538e+08 0
3.48582e+08 0
3.48594e+08 0
3.48739e+08 0
3.4875e+08 0
3.48761e+08 0
3.48773e+08 0
3.48784e+08 0
3.48795e+08 0
3.48806e+08 0
3.48817e+08 0
3.48829e+08 0
3.4884e+08 0
3.48851e+08 0
3.48862e+08 0
3.48884e+08 0
3.48918e+08 0
3.48963e+08 0
3.49007e+08 0
3.49019e+08 0
3.49052e+08 0
3.49074e+08 0
3.49086e+08 0
3.49142e+08 0
3.49153e+08 0
3.49309e+08 0
3.49332e+08 0
3.49354e+08 0
3.49365e+08 0
3.49812e+08 0
3.49835e+08 0
3.49891e+08 0
3.50025e+08 0
3.68388e+08 0
3.68411e+08 0
3.68444e+08 0
3.68601e+08 0
3.68623e+08 0
3.68646e+08 0
3.68657e+08 0
3.68668e+08 0
3.68679e+08 0
3.6869e+08 0
3.68702e+08 0
3.68713e+08 0
3.68724e+08 0
3.68746e+08 0
3.68769e+08 0
3.68802e+08 0
3.68813e+08 0
3.68825e+08 0
3.68858e+08 0
3.68869e+08 0
3.68881e+08 0
3.68903e+08 0
3.68925e+08 0
3.68936e+08 0
3.69026e+08 0
3.69037e+08 0
3.69115e+08 0
3.69205e+08 0
3.69227e+08 0
3.69238e+08 0
3.69473e+08 0
3.69529e+08 0
3.69585e+08 0
3.69887e+08 0
3.88764e+08 0
3.88775e+08 0
3.88786e+08 0
3.8892e+08 0
3.88932e+08 0
3.88943e+08 0
3.88954e+08 0
3.88965e+08 0
3.88976e+08 0
3.88999e+08 0
3.8901e+08 0
3.89032e+08 0
3.89066e+08 0
3.89077e+08 0
3.89099e+08 0
3.89133e+08 0
3.89144e+08 0
3.89155e+08 0
3.89177e+08 0
3.89189e+08 0
3.89222e+08 0
3.89245e+08 0
3.89267e+08 0
3.89278e+08 0
3.89301e+08 0
3.89357e+08 0
3.89368e+08 0
3.89435e+08 0
3.89479e+08 0
3.89491e+08 0
3.89558e+08 0
3.89658e+08 0
3.89681e+08 0
3.89826e+08 0
3.8996e+08 0
4.097e+08 0
4.09712e+08 0
4.09723e+08 0
4.09835e+08 0
4.09846e+08 0
4.09857e+08 0
4.09868e+08 0
4.09891e+08 0
4.09902e+08 0
4.09913e+08 0
4.09935e+08 0
4.09969e+08 0
4.0998e+08 0
4.09991e+08 0
4.10002e+08 0
4.10014e+08 0
4.10058e+08 0
4.10103e+08 0
4.10125e+08 0
4.10148e+08 0
4.1017e+08 0
4.10181e+08 0
4.10193e+08 0
4.10204e+08 0
4.10215e+08 0
4.10226e+08 0
4.1026e+08 0
4.10293e+08 0
4.10327e+08 0
4.1036e+08 0
4.10372e+08 0
4.10416e+08 0
4.10573e+08 0
4.10595e+08 0
4.1074e+08 0
4.10785e+08 0
4.3121e+08 0
4.31221e+08 0
4.31233e+08 0
4.31277e+08 0
4.31288e+08 0
4.313e+08 0
4.31311e+08 0
4.31333e+08 0
4.31344e+08 0
4.31367e+08 0
4.31411e+08 0
4.31434e+08 0
4.31467e+08 0
4.31479e+08 0
4.31501e+08 0
4.31523e+08 0
4.31534e+08 0
4.31568e+08 0
4.31579e+08 0
4.31613e+08 0
4.31635e+08 0
4.3168e+08 0
4.31702e+08 0
4.31713e+08 0
4.31725e+08 0
4.31736e+08 0
4.31747e+08 0
4.31781e+08 0
4.31792e+08 0
4.31803e+08 0
4.31814e+08 0
4.31837e+08 0
4.3187e+08 0
4.31971e+08 0
4.32004e+08 0
4.3206e+08 0
4.32094e+08 0
4.53304e+08 0
4.53315e+08 0
4.53326e+08 0
4.5336e+08 0
4.53382e+08 0
4.53393e+08 0
4.53404e+08 0
4.53416e+08 0
4.53427e+08 0
4.53438e+08 0
4.5346e+08 0
4.53472e+08 0
4.53483e+08 0
4.53505e+08 0
4.53516e+08 0
4.53539e+08 0
4.53572e+08 0
4.53595e+08 0
4.53606e+08 0
4.53617e+08 0
4.53639e+08 0
4.53662e+08 0
4.53695e+08 0
4.53706e+08 0
4.5374e+08 0
4.53796e+08 0
4.53841e+08 0
4.53852e+08 0
4.53863e+08 0
4.53874e+08 0
4.53885e+08 0
4.53919e+08 0
4.5393e+08 0
4.53941e+08 0
4.53953e+08 0
4.53964e+08 0
4.53975e+08 0
4.53986e+08 0
4.76071e+08 0
4.76082e+08 0
4.76093e+08 0
4.76116e+08 0
4.76138e+08 0
4.7616e+08 0
4.76172e+08 0
4.76194e+08 0
4.76205e+08 0
4.76216e+08 0
4.76228e+08 0
4.76239e+08 0
4.76261e+08 0
4.76272e+08 0
4.76284e+08 0
4.76306e+08 0
4.76328e+08 0
4.76362e+08 0
4.76373e+08 0
4.76384e+08 0
4.76429e+08 0
4.76463e+08 0
4.76485e+08 0
4.76507e+08 0
4.7653e+08 0
4.76552e+08 0
4.76574e+08 0
4.76597e+08 0
4.7663e+08 0
4.76641e+08 0
4.76653e+08 0
4.76664e+08 0
4.76675e+08 0
4.76697e+08 0
4.76709e+08 0
4.76731e+08 0
4.76742e+08 0
4.76753e+08 0
4.76765e+08 0
4.9936e+08 0
4.99371e+08 0
4.99382e+08 0
4.99394e+08 0
4.99405e+08 0
4.99438e+08 0
4.99449e+08 0
4.99461e+08 0
4.99472e+08 0
4.99494e+08 0
4.99505e+08 0
4.99528e+08 0
4.99539e+08 0
4.9955e+08 0
4.99561e+08 0
4.99584e+08 0
4.99617e+08 0
4.99651e+08 0
4.99684e+08 0
4.99696e+08 0
4.99729e+08 0
4.99763e+08 0
4.99785e+08 0
4.99796e+08 0
4.99807e+08 0
4.99819e+08 0
4.9983e+08 0
4.99841e+08 0
4.99852e+08 0
4.99863e+08 0
4.9993e+08 0
4.99942e+08 0
4.99964e+08 0
4.99975e+08 0
4.99986e+08 0
4.99998e+08 0
5.0002e+08 0
5.00031e+08 0
5.00042e+08 0
5.00053e+08 0
5.23488e+08 0
5.2351e+08 0
5.23532e+08 0
5.23543e+08 0
5.23555e+08 0
5.23566e+08 0
5.23577e+08 0
5.23588e+08 0
5.23599e+08 0
5.23611e+08 0
5.23633e+08 0
5.23655e+08 0
5.23666e+08 0
5.23678e+08 0
5.23689e+08 0
5.237e+08 0
5.23711e+08 0
5.23734e+08 0
5.23745e+08 0
5.23756e+08 0
5.23834e+08 0
5.23846e+08 0
5.23868e+08 0
5.23879e+08 0
5.23901e+08 0
5.23935e+08 0
5.23946e+08 0
5.23968e+08 0
5.2398e+08 0
5.23991e+08 0
5.24002e+08 0
5.24036e+08 0
5.24047e+08 0
5.24058e+08 0
5.24069e+08 0
5.2408e+08 0
5.24103e+08 0
5.24125e+08 0
5.24136e+08 0
5.2417e+08 0
5.24181e+08 0
5.48063e+08 0
5.48074e+08 0
5.48085e+08 0
5.48096e+08 0
5.48108e+08 0
5.48119e+08 0
5.4813e+08 0
5.48141e+08 0
5.48152e+08 0
5.48164e+08 0
5.48186e+08 0
5.48219e+08 0
5.48242e+08 0
5.48253e+08 0
5.48264e+08 0
5.48275e+08 0
5.48287e+08 0
5.48298e+08 0
5.48309e+08 0
5.4832e+08 0
5.48331e+08 0
5.48343e+08 0
5.48354e+08 0
5.48376e+08 0
5.48387e+08 0
5.48398e+08 0
5.4841e+08 0
5.48421e+08 0
5.48432e+08 0
5.48443e+08 0
5.48454e+08 0
5.4851e+08 0
5.486e+08 0
5.48611e+08 0
5.48622e+08 0
5.48633e+08 0
5.48645e+08 0
5.48656e+08 0
5.48667e+08 0
5.48678e+08 0
5.48701e+08 0
5.48734e+08 0
5.73367e+08 0
5.73378e+08 0
5.73389e+08 0
5.734e+08 0
5.73411e+08 0
5.73422e+08 0
5.73434e+08 0
5.73445e+08 0
5.73456e+08 0
5.73467e+08 0
5.73478e+08 0
5.73501e+08 0
5.73546e+08 0
5.73557e+08 0
5.73568e+08 0
5.73579e+08 0
5.7359e+08 0
5.73601e+08 0
5.73613e+08 0
5.73624e+08 0
5.73635e+08 0
5.73646e+08 0
5.73657e+08 0
5.73669e+08 0
5.7368e+08 0
5.73691e+08 0
5.73702e+08 0
5.73713e+08 0
5.73725e+08 0
5.73736e+08 0
5.73747e+08 0
5.73758e+08 0
5.73825e+08 0
5.73881e+08 0
5.73892e+08 0
5.73915e+08 0
5.73948e+08 0
5.73971e+08 0
5.74161e+08 0
5.74183e+08 0
5.74217e+08 0
5.74261e+08 0
5.74306e+08 0
5.9911e+08 0
5.99121e+08 0
5.99132e+08 0
5.99143e+08 0
5.99154e+08 0
5.99166e+08 0
5.99177e+08 0
5.99188e+08 0
5.99199e+08 0
5.99222e+08 0
5.99244e+08 0
5.99255e+08 0
5.99266e+08 0
5.99278e+08 0
5.99289e+08 0
5.993e+08 0
5.99333e+08 0
5.99345e+08 0
5.99356e+08 0
5.99367e+08 0
5.99378e+08 0
5.99389e+08 0
5.99401e+08 0
5.99412e+08 0
5.99423e+08 0
5.99434e+08 0
5.99445e+08 0
5.99468e+08 0
5.9949e+08 0
5.99501e+08 0
5.99524e+08 0
5.99535e+08 0
5.99546e+08 0
5.99591e+08 0
5.99613e+08 0
5.99636e+08 0
5.99647e+08 0
5.99759e+08 0
5.99949e+08 0
6.00217e+08 0
6.00239e+08 0
6.00295e+08 0
6.0034e+08 0
6.00385e+08 0
6.26725e+08 0
6.26748e+08 0
6.26781e+08 0
