579559 0
1.17188e+06 0
1.7642e+06 0
2.35652e+06 0
2.94884e+06 0
3.54119e+06 0
4.13354e+06 0
4.72594e+06 0
5.31841e+06 0
5.91107e+06 0
6.5041e+06 0
7.18601e+06 0
8.20389e+06 0
8.21507e+06 0
9.10545e+06 0
9.15016e+06 0
1.09683e+07 0
1.09907e+07 0
1.10242e+07 0
1.24456e+07 0
1.24567e+07 0
1.24679e+07 0
1.24791e+07 0
1.51528e+07 0
1.5164e+07 0
1.51863e+07 0
1.51975e+07 0
1.52087e+07 0
1.92106e+07 0
1.92218e+07 0
1.9233e+07 0
1.92777e+07 0
1.93e+07 0
1.93448e+07 0
2.33256e+07 0
2.33815e+07 0
2.34374e+07 0
2.34821e+07 0
2.38062e+07 0
2.4108e+07 0
2.41527e+07 0
3.00207e+07 0
3.00766e+07 0
3.02442e+07 0
3.03001e+07 0
3.03337e+07 0
3.04007e+07 0
3.0479e+07 0
3.46872e+07 0
3.47207e+07 0
3.47542e+07 0
3.47989e+07 0
3.49666e+07 0
3.51901e+07 0
3.5369e+07 0
3.55142e+07 0
4.20697e+07 0
4.21256e+07 0
4.21815e+07 0
4.2215e+07 0
4.22374e+07 0
4.23044e+07 0
4.23603e+07 0
4.24721e+07 0
4.24944e+07 0
4.81053e+07 0
4.81836e+07 0
4.83289e+07 0
4.83848e+07 0
4.84071e+07 0
4.84519e+07 0
4.84966e+07 0
4.86307e+07 0
4.87648e+07 0
4.87872e+07 0
5.60698e+07 0
5.6081e+07 0
5.61145e+07 0
5.61704e+07 0
5.62151e+07 0
5.62487e+07 0
5.63381e+07 0
5.63493e+07 0
5.64053e+07 0
5.64947e+07 0
5.65171e+07 0
6.30442e+07 0
6.30777e+07 0
6.30889e+07 0
6.31336e+07 0
6.31559e+07 0
6.31783e+07 0
6.3279e+07 0
6.33014e+07 0
6.33349e+07 0
6.35026e+07 0
6.35921e+07 0
6.36033e+07 0
7.22651e+07 0
7.22875e+07 0
7.22987e+07 0
7.23099e+07 0
7.23657e+07 0
7.23993e+07 0
7.24105e+07 0
7.24329e+07 0
7.24776e+07 0
7.25335e+07 0
7.25894e+07 0
7.26229e+07 0
7.26453e+07 0
8.03323e+07 0
8.0377e+07 0
8.04329e+07 0
8.04776e+07 0
8.05111e+07 0
8.06229e+07 0
8.08018e+07 0
8.08242e+07 0
8.0936e+07 0
8.09695e+07 0
8.10143e+07 0
8.10925e+07 0
8.11597e+07 0
8.11821e+07 0
9.04598e+07 0
9.0471e+07 0
9.04822e+07 0
9.05046e+07 0
9.05381e+07 0
9.06164e+07 0
9.07282e+07 0
9.07505e+07 0
9.08623e+07 0
9.08847e+07 0
9.09071e+07 0
9.09182e+07 0
9.09406e+07 0
9.0963e+07 0
9.09853e+07 0
1.00047e+08 0
1.00148e+08 0
1.00193e+08 0
1.00204e+08 0
1.00215e+08 0
1.00305e+08 0
1.00484e+08 0
1.00495e+08 0
1.00584e+08 0
1.00607e+08 0
1.00618e+08 0
1.00629e+08 0
1.0064e+08 0
1.00685e+08 0
1.00741e+08 0
1.00752e+08 0
1.10662e+08 0
1.10696e+08 0
1.10752e+08 0
1.10774e+08 0
1.10796e+08 0
1.10819e+08 0
1.10975e+08 0
1.10998e+08 0
1.11031e+08 0
1.11042e+08 0
1.11053e+08 0
1.11076e+08 0
1.11087e+08 0
1.11109e+08 0
1.11121e+08 0
1.11154e+08 0
1.11221e+08 0
1.21482e+08 0
1.21493e+08 0
1.21549e+08 0
1.2156e+08 0
1.21571e+08 0
1.21594e+08 0
1.21773e+08 0
1.21996e+08 0
1.22086e+08 0
1.22097e+08 0
1.22108e+08 0
1.2213e+08 0
1.22164e+08 0
1.22186e+08 0
1.22209e+08 0
1.22231e+08 0
1.22276e+08 0
1.22332e+08 0
1.33217e+08 0
1.33228e+08 0
1.33329e+08 0
1.33407e+08 0
1.33452e+08 0
1.33474e+08 0
1.33653e+08 0
1.33687e+08 0
1.33709e+08 0
1.3372e+08 0
1.33731e+08 0
1.33765e+08 0
1.33787e+08 0
1.33798e+08 0
1.3381e+08 0
1.33832e+08 0
1.33877e+08 0
1.33899e+08 0
1.33932e+08 0
1.45257e+08 0
1.45268e+08 0
1.45291e+08 0
1.45302e+08 0
1.45324e+08 0
1.45347e+08 0
1.4538e+08 0
1.45403e+08 0
1.45425e+08 0
1.45447e+08 0
1.45458e+08 0
1.4547e+08 0
1.45481e+08 0
1.45503e+08 0
1.45537e+08 0
1.45559e+08 0
1.45615e+08 0
1.45637e+08 0
1.4566e+08 0
1.45771e+08 0
1.58076e+08 0
1.58188e+08 0
1.58322e+08 0
1.58356e+08 0
1.584e+08 0
1.58423e+08 0
1.58479e+08 0
1.58546e+08 0
1.58579e+08 0
1.58602e+08 0
1.58624e+08 0
1.58646e+08 0
1.5868e+08 0
1.58713e+08 0
1.58736e+08 0
1.58769e+08 0
1.58814e+08 0
1.5887e+08 0
1.58892e+08 0
1.58903e+08 0
1.58915e+08 0
1.71444e+08 0
1.71489e+08 0
1.71578e+08 0
1.71612e+08 0
1.71645e+08 0
1.71701e+08 0
1.71802e+08 0
1.71824e+08 0
1.71835e+08 0
1.71846e+08 0
1.71869e+08 0
1.71891e+08 0
1.71902e+08 0
1.71914e+08 0
1.71925e+08 0
1.71936e+08 0
1.72014e+08 0
1.72037e+08 0
1.72048e+08 0
1.72059e+08 0
1.72081e+08 0
1.72115e+08 0
1.84966e+08 0
1.851e+08 0
1.85245e+08 0
1.85279e+08 0
1.8529e+08 0
1.85312e+08 0
1.85346e+08 0
1.85357e+08 0
1.85391e+08 0
1.85413e+08 0
1.85435e+08 0
1.85458e+08 0
1.85491e+08 0
1.85502e+08 0
1.85514e+08 0
1.85525e+08 0
1.85547e+08 0
1.85558e+08 0
1.8557e+08 0
1.85603e+08 0
1.85637e+08 0
1.85681e+08 0
1.98738e+08 0
1.98772e+08 0
1.98906e+08 0
1.99085e+08 0
1.9913e+08 0
1.99152e+08 0
1.99174e+08 0
1.99197e+08 0
1.99219e+08 0
1.99253e+08 0
1.99275e+08 0
1.99286e+08 0
1.99297e+08 0
1.99309e+08 0
1.99353e+08 0
1.99364e+08 0
1.99376e+08 0
1.99431e+08 0
1.99454e+08 0
1.9951e+08 0
1.99521e+08 0
1.99566e+08 0
1.9961e+08 0
2.13735e+08 0
2.13757e+08 0
2.13779e+08 0
2.14003e+08 0
2.1407e+08 0
2.14081e+08 0
2.14092e+08 0
2.14115e+08 0
2.14137e+08 0
2.14182e+08 0
2.14193e+08 0
2.14204e+08 0
2.14215e+08 0
2.14227e+08 0
2.14238e+08 0
2.14249e+08 0
2.14271e+08 0
2.14282e+08 0
2.14316e+08 0
2.14327e+08 0
2.14361e+08 0
2.14383e+08 0
2.14405e+08 0
2.1445e+08 0
2.2898e+08 0
2.29013e+08 0
2.29047e+08 0
2.29237e+08 0
2.29259e+08 0
2.2927e+08 0
2.29282e+08 0
2.29304e+08 0
2.29315e+08 0
2.29326e+08 0
2.2936e+08 0
2.29405e+08 0
2.29416e+08 0
2.29427e+08 0
2.29449e+08 0
2.29472e+08 0
2.29494e+08 0
2.29505e+08 0
2.29516e+08 0
2.29528e+08 0
2.29539e+08 0
2.29572e+08 0
2.29583e+08 0
2.29595e+08 0
2.29639e+08 0
2.45158e+08 0
2.45191e+08 0
2.45236e+08 0
2.45259e+08 0
2.4527e+08 0
2.45281e+08 0
2.45326e+08 0
2.45337e+08 0
2.45348e+08 0
2.45359e+08 0
2.45371e+08 0
2.45382e+08 0
2.45393e+08 0
2.45404e+08 0
2.45426e+08 0
2.45438e+08 0
2.45449e+08 0
2.4546e+08 0
2.45471e+08 0
2.45494e+08 0
2.45505e+08 0
2.45516e+08 0
2.45538e+08 0
2.45561e+08 0
2.45572e+08 0
2.45594e+08 0
2.61575e+08 0
2.61609e+08 0
2.6162e+08 0
2.61665e+08 0
2.61676e+08 0
2.61687e+08 0
2.61732e+08 0
2.61743e+08 0
2.61754e+08 0
2.61833e+08 0
2.61844e+08 0
2.61877e+08 0
2.619e+08 0
2.61922e+08 0
2.61944e+08 0
2.61967e+08 0
2.61978e+08 0
2.61989e+08 0
2.62012e+08 0
2.62034e+08 0
2.62056e+08 0
2.62067e+08 0
2.62079e+08 0
2.62101e+08 0
2.62123e+08 0
2.62146e+08 0
2.62202e+08 0
2.78636e+08 0
2.78804e+08 0
2.78815e+08 0
2.78927e+08 0
2.78949e+08 0
2.78972e+08 0
2.78994e+08 0
2.79028e+08 0
2.7905e+08 0
2.79084e+08 0
2.79117e+08 0
2.79128e+08 0
2.79162e+08 0
2.79184e+08 0
2.79207e+08 0
2.79229e+08 0
2.7924e+08 0
2.79262e+08 0
2.79285e+08 0
2.79318e+08 0
2.7933e+08 0
2.79341e+08 0
2.79385e+08 0
2.79419e+08 0
2.79453e+08 0
2.79464e+08 0
2.79475e+08 0
2.79509e+08 0
2.96518e+08 0
2.96596e+08 0
2.96607e+08 0
2.96697e+08 0
2.96741e+08 0
2.96752e+08 0
2.96775e+08 0
2.96831e+08 0
2.96842e+08 0
2.96875e+08 0
2.96887e+08 0
2.96909e+08 0
2.9692e+08 0
2.96943e+08 0
2.96954e+08 0
2.96976e+08 0
2.96998e+08 0
2.9701e+08 0
2.97021e+08 0
2.97032e+08 0
2.97054e+08 0
2.97066e+08 0
2.97099e+08 0
2.97122e+08 0
2.97133e+08 0
2.97189e+08 0
2.972e+08 0
2.97222e+08 0
2.97234e+08 0
3.14627e+08 0
3.14649e+08 0
3.14672e+08 0
3.14906e+08 0
3.14929e+08 0
3.1494e+08 0
3.14951e+08 0
3.15007e+08 0
3.15018e+08 0
3.15052e+08 0
3.15074e+08 0
3.15097e+08 0
3.15108e+08 0
3.1513e+08 0
3.15141e+08 0
3.15153e+08 0
3.15164e+08 0
3.15197e+08 0
3.15209e+08 0
3.1522e+08 0
3.15242e+08 0
3.15253e+08 0
3.15276e+08 0
3.1532e+08 0
3.15343e+08 0
3.15354e+08 0
3.15443e+08 0
3.15477e+08 0
3.15488e+08 0
3.15499e+08 0
3.33315e+08 0
3.33326e+08 0
3.33337e+08 0
3.33416e+08 0
3.33449e+08 0
3.33505e+08 0
3.33561e+08 0
3.33595e+08 0
3.33628e+08 0
3.33662e+08 0
3.33729e+08 0
3.33785e+08 0
3.33796e+08 0
3.33818e+08 0
3.33841e+08 0
3.33852e+08 0
3.33863e+08 0
3.33908e+08 0
3.33941e+08 0
3.33952e+08 0
3.33964e+08 0
3.33997e+08 0
3.34031e+08 0
3.34064e+08 0
3.34087e+08 0
3.3412e+08 0
3.34142e+08 0
3.34288e+08 0
3.34299e+08 0
3.34321e+08 0
3.34344e+08 0
3.52552e+08 0
3.52563e+08 0
3.52585e+08 0
3.52675e+08 0
3.52708e+08 0
3.5272e+08 0
3.52731e+08 0
3.52742e+08 0
3.52753e+08 0
3.52775e+08 0
3.52831e+08 0
3.52854e+08 0
3.52865e+08 0
3.52887e+08 0
3.5291e+08 0
3.52921e+08 0
3.52954e+08 0
3.52966e+08 0
3.52988e+08 0
3.53021e+08 0
3.53033e+08 0
3.53055e+08 0
3.53189e+08 0
3.53245e+08 0
3.53268e+08 0
3.5329e+08 0
3.53312e+08 0
3.53357e+08 0
3.53514e+08 0
3.53547e+08 0
3.53592e+08 0
3.53625e+08 0
3.72362e+08 0
3.72395e+08 0
3.72407e+08 0
3.72463e+08 0
3.72485e+08 0
3.72519e+08 0
3.7253e+08 0
3.72552e+08 0
3.72563e+08 0
3.72574e+08 0
3.7263e+08 0
3.72653e+08 0
3.72664e+08 0
3.72698e+08 0
3.72731e+08 0
3.72753e+08 0
3.72765e+08 0
3.72787e+08 0
3.72798e+08 0
3.72821e+08 0
3.72888e+08 0
3.72899e+08 0
3.72921e+08 0
3.73033e+08 0
3.73111e+08 0
3.73122e+08 0
3.73145e+08 0
3.73212e+08 0
3.73313e+08 0
3.73346e+08 0
3.73369e+08 0
3.73391e+08 0
3.73458e+08 0
3.92822e+08 0
3.92833e+08 0
3.92855e+08 0
3.92889e+08 0
3.92911e+08 0
3.92945e+08 0
3.92956e+08 0
3.93012e+08 0
3.93045e+08 0
3.93079e+08 0
3.93124e+08 0
3.93157e+08 0
3.93191e+08 0
3.93236e+08 0
3.93292e+08 0
3.93325e+08 0
3.93336e+08 0
3.93347e+08 0
3.93403e+08 0
3.93415e+08 0
3.93493e+08 0
3.93538e+08 0
3.93549e+08 0
3.93582e+08 0
3.93605e+08 0
3.93672e+08 0
3.93705e+08 0
3.9375e+08 0
3.93761e+08 0
3.93795e+08 0
3.93851e+08 0
3.93907e+08 0
3.93929e+08 0
3.94018e+08 0
4.13854e+08 0
4.13865e+08 0
4.13887e+08 0
4.13921e+08 0
4.13932e+08 0
4.13966e+08 0
4.13999e+08 0
4.14033e+08 0
4.14044e+08 0
4.14067e+08 0
4.14156e+08 0
4.14178e+08 0
4.14223e+08 0
4.14301e+08 0
4.14447e+08 0
4.14458e+08 0
4.1448e+08 0
4.14503e+08 0
4.14603e+08 0
4.14615e+08 0
4.14659e+08 0
4.14704e+08 0
4.14715e+08 0
4.14726e+08 0
4.14737e+08 0
4.14749e+08 0
4.1476e+08 0
4.14771e+08 0
4.14782e+08 0
4.14816e+08 0
4.14827e+08 0
4.14939e+08 0
4.15073e+08 0
4.15118e+08 0
4.15207e+08 0
4.35484e+08 0
4.35517e+08 0
4.35528e+08 0
4.35539e+08 0
4.35551e+08 0
4.35607e+08 0
4.35618e+08 0
4.35674e+08 0
4.35707e+08 0
4.3573e+08 0
4.35808e+08 0
4.35875e+08 0
4.35898e+08 0
4.35965e+08 0
4.36076e+08 0
4.36099e+08 0
4.3611e+08 0
4.36144e+08 0
4.362e+08 0
4.36244e+08 0
4.36289e+08 0
4.36311e+08 0
4.36322e+08 0
4.36334e+08 0
4.36401e+08 0
4.36423e+08 0
4.36457e+08 0
4.36468e+08 0
4.36501e+08 0
4.36513e+08 0
4.36524e+08 0
4.36546e+08 0
4.36602e+08 0
4.3668e+08 0
4.36803e+08 0
4.36848e+08 0
4.57555e+08 0
4.57566e+08 0
4.57577e+08 0
4.57611e+08 0
4.57622e+08 0
4.57723e+08 0
4.57745e+08 0
4.57801e+08 0
4.57846e+08 0
4.57879e+08 0
4.57991e+08 0
4.58058e+08 0
4.58069e+08 0
4.58103e+08 0
4.58204e+08 0
4.58215e+08 0
4.58226e+08 0
4.58237e+08 0
4.58327e+08 0
4.58371e+08 0
4.58383e+08 0
4.58394e+08 0
4.58405e+08 0
4.58416e+08 0
4.58561e+08 0
4.58617e+08 0
4.5864e+08 0
4.58684e+08 0
4.58696e+08 0
4.58718e+08 0
4.58729e+08 0
4.5874e+08 0
4.58752e+08 0
4.58852e+08 0
4.58897e+08 0
4.5893e+08 0
4.59076e+08 0
4.80295e+08 0
4.80384e+08 0
4.80395e+08 0
4.80429e+08 0
4.80451e+08 0
4.80597e+08 0
4.80642e+08 0
4.80742e+08 0
4.80753e+08 0
4.80776e+08 0
4.80876e+08 0
4.80944e+08 0
4.80955e+08 0
4.81011e+08 0
4.81055e+08 0
4.81067e+08 0
4.81167e+08 0
4.81223e+08 0
4.81402e+08 0
4.81413e+08 0
4.81458e+08 0
4.81469e+08 0
4.81492e+08 0
4.81514e+08 0
4.81536e+08 0
4.81615e+08 0
4.81626e+08 0
4.81648e+08 0
4.81659e+08 0
4.8167e+08 0
4.81682e+08 0
4.81693e+08 0
4.81704e+08 0
4.81715e+08 0
4.8176e+08 0
4.81793e+08 0
4.81827e+08 0
4.81961e+08 0
5.03516e+08 0
5.03628e+08 0
5.03639e+08 0
5.03773e+08 0
5.03795e+08 0
5.03952e+08 0
5.03986e+08 0
5.04075e+08 0
5.04086e+08 0
5.04153e+08 0
5.04243e+08 0
5.0431e+08 0
5.04343e+08 0
5.04411e+08 0
5.04478e+08 0
5.04489e+08 0
5.04511e+08 0
5.04523e+08 0
5.04679e+08 0
5.0469e+08 0
5.04735e+08 0
5.04757e+08 0
5.04802e+08 0
5.04824e+08 0
5.04858e+08 0
5.04903e+08 0
5.0497e+08 0
5.05059e+08 0
5.05082e+08 0
5.05093e+08 0
5.05104e+08 0
5.05115e+08 0
5.05126e+08 0
5.05138e+08 0
5.05149e+08 0
5.0516e+08 0
5.05171e+08 0
5.05182e+08 0
5.05194e+08 0
5.27536e+08 0
5.2757e+08 0
5.27581e+08 0
5.27715e+08 0
5.2776e+08 0
5.27928e+08 0
5.28107e+08 0
5.28196e+08 0
5.28219e+08 0
5.28241e+08 0
5.28286e+08 0
5.28353e+08 0
5.28442e+08 0
5.28476e+08 0
5.28532e+08 0
5.28554e+08 0
5.28588e+08 0
5.28633e+08 0
5.28767e+08 0
5.28778e+08 0
5.288e+08 0
5.28823e+08 0
5.28856e+08 0
5.28901e+08 0
5.28923e+08 0
5.2899e+08 0
5.29013e+08 0
5.29046e+08 0
5.2908e+08 0
5.29113e+08 0
5.29136e+08 0
5.29158e+08 0
5.29169e+08 0
5.29192e+08 0
5.29203e+08 0
5.29214e+08 0
5.29225e+08 0
5.29236e+08 0
5.29259e+08 0
5.2927e+08 0
5.52299e+08 0
5.52366e+08 0
5.52389e+08 0
5.52411e+08 0
5.52444e+08 0
5.52635e+08 0
5.52858e+08 0
5.52881e+08 0
5.52892e+08 0
5.52914e+08 0
5.5297e+08 0
5.52993e+08 0
5.53093e+08 0
5.53183e+08 0
5.53205e+08 0
5.53228e+08 0
5.53272e+08 0
5.53284e+08 0
5.53351e+08 0
5.53396e+08 0
5.53407e+08 0
5.53429e+08 0
5.53485e+08 0
5.53519e+08 0
5.53541e+08 0
5.5363e+08 0
5.53653e+08 0
5.53664e+08 0
5.53675e+08 0
5.53686e+08 0
5.53697e+08 0
5.5372e+08 0
5.53731e+08 0
5.53753e+08 0
5.53765e+08 0
5.53776e+08 0
5.53787e+08 0
5.53809e+08 0
5.53832e+08 0
5.53854e+08 0
5.53876e+08 0
5.7781e+08 0
5.77844e+08 0
5.77866e+08 0
5.77911e+08 0
5.77922e+08 0
5.78e+08 0
5.78291e+08 0
5.78325e+08 0
5.78347e+08 0
5.78392e+08 0
5.78414e+08 0
5.78425e+08 0
5.78459e+08 0
5.78616e+08 0
5.78638e+08 0
5.78649e+08 0
5.78672e+08 0
5.78683e+08 0
5.78761e+08 0
5.78795e+08 0
5.78873e+08 0
5.78884e+08 0
5.7894e+08 0
5.78951e+08 0
5.78962e+08 0
5.78974e+08 0
5.78985e+08 0
5.78996e+08 0
5.7903e+08 0
5.79052e+08 0
5.79097e+08 0
5.79108e+08 0
5.79141e+08 0
5.79153e+08 0
5.79164e+08 0
5.79186e+08 0
5.79197e+08 0
5.79208e+08 0
5.7922e+08 0
5.79231e+08 0
5.79242e+08 0
5.79264e+08 0
6.03744e+08 0
6.03756e+08 0
6.03767e+08 0
6.03845e+08 0
6.03856e+08 0
6.04158e+08 0
6.04225e+08 0
6.04237e+08 0
6.04259e+08 0
6.0427e+08 0
6.04304e+08 0
6.04326e+08 0
6.04483e+08 0
6.04539e+08 0
6.04573e+08 0
6.04595e+08 0
6.04606e+08 0
6.04617e+08 0
6.04774e+08 0
6.04785e+08 0
6.04819e+08 0
6.0483e+08 0
6.04841e+08 0
6.04852e+08 0
6.04863e+08 0
6.04874e+08 0
6.04886e+08 0
6.04919e+08 0
6.0493e+08 0
6.04953e+08 0
6.04964e+08 0
6.04997e+08 0
6.05009e+08 0
6.05053e+08 0
6.05076e+08 0
6.05087e+08 0
6.05098e+08 0
6.05109e+08 0
6.05121e+08 0
6.05132e+08 0
6.05143e+08 0
6.05165e+08 0
6.05176e+08 0
6.30051e+08 0
6.30062e+08 0
6.30107e+08 0
6.30297e+08 0
6.30319e+08 0
6.30532e+08 0
6.30666e+08 0
6.30711e+08 0
6.30778e+08 0
6.308e+08 0
6.30812e+08 0
6.30868e+08 0
6.31002e+08 0
6.31159e+08 0
6.31237e+08 0
6.3136e+08 0
6.31383e+08 0
6.31405e+08 0
6.31551e+08 0
6.31786e+08 0
6.31797e+08 0
6.31842e+08 0
6.31853e+08 0
6.31864e+08 0
6.31875e+08 0
6.31898e+08 0
6.31909e+08 0
6.31965e+08 0
6.31987e+08 0
6.3201e+08 0
6.32021e+08 0
6.32524e+08 0
6.32558e+08 0
6.32569e+08 0
6.32815e+08 0
6.32837e+08 0
6.32871e+08 0
6.32893e+08 0
6.32927e+08 0
6.32949e+08 0
6.32972e+08 0
6.32994e+08 0
6.33005e+08 0
6.33016e+08 0
6.3434e+08 0
6.34351e+08 0
6.34362e+08 0
