600797 0
1.19312e+06 0
1.79662e+06 0
2.38894e+06 0
2.98126e+06 0
3.56242e+06 0
4.16707e+06 0
4.75946e+06 0
5.34077e+06 0
5.94462e+06 0
6.53762e+06 0
7.17601e+06 0
8.08096e+06 0
8.11451e+06 0
9.64422e+06 0
9.75599e+06 0
1.14746e+07 0
1.14969e+07 0
1.15963e+07 0
1.43123e+07 0
1.43347e+07 0
1.43459e+07 0
1.4458e+07 0
1.72537e+07 0
1.72649e+07 0
1.7276e+07 0
1.73433e+07 0
1.73545e+07 0
2.11229e+07 0
2.11453e+07 0
2.11564e+07 0
2.12237e+07 0
2.12461e+07 0
2.12572e+07 0
2.52494e+07 0
2.52606e+07 0
2.52718e+07 0
2.53838e+07 0
2.5395e+07 0
2.54285e+07 0
2.54397e+07 0
2.94543e+07 0
2.9499e+07 0
2.95327e+07 0
2.96446e+07 0
2.96558e+07 0
2.9667e+07 0
2.96782e+07 0
3.42334e+07 0
3.42446e+07 0
3.42558e+07 0
3.42671e+07 0
3.43678e+07 0
3.4379e+07 0
3.43902e+07 0
3.44014e+07 0
3.95851e+07 0
3.95964e+07 0
3.96076e+07 0
3.96188e+07 0
3.963e+07 0
3.96972e+07 0
3.97195e+07 0
3.97643e+07 0
3.97867e+07 0
4.55244e+07 0
4.5558e+07 0
4.55692e+07 0
4.55804e+07 0
4.55916e+07 0
4.56028e+07 0
4.56255e+07 0
4.56478e+07 0
4.57596e+07 0
4.58379e+07 0
5.22104e+07 0
5.22216e+07 0
5.22328e+07 0
5.2244e+07 0
5.22552e+07 0
5.22664e+07 0
5.22776e+07 0
5.23898e+07 0
5.24009e+07 0
5.24121e+07 0
5.24233e+07 0
5.8909e+07 0
5.89537e+07 0
5.89872e+07 0
5.90208e+07 0
5.90655e+07 0
5.90879e+07 0
5.91214e+07 0
5.91438e+07 0
5.94461e+07 0
5.94684e+07 0
5.94796e+07 0
5.94908e+07 0
6.64892e+07 0
6.65116e+07 0
6.65228e+07 0
6.6534e+07 0
6.66123e+07 0
6.66346e+07 0
6.6657e+07 0
6.66905e+07 0
6.67017e+07 0
6.71941e+07 0
6.72165e+07 0
6.725e+07 0
6.72612e+07 0
7.46303e+07 0
7.46415e+07 0
7.46527e+07 0
7.46639e+07 0
7.47086e+07 0
7.4731e+07 0
7.47422e+07 0
7.47645e+07 0
7.47757e+07 0
7.47981e+07 0
7.50558e+07 0
7.50781e+07 0
7.51229e+07 0
7.52013e+07 0
8.35237e+07 0
8.35572e+07 0
8.35684e+07 0
8.35796e+07 0
8.35908e+07 0
8.3602e+07 0
8.36132e+07 0
8.36244e+07 0
8.36579e+07 0
8.36691e+07 0
8.39714e+07 0
8.39826e+07 0
8.39938e+07 0
8.40721e+07 0
8.41618e+07 0
9.29028e+07 0
9.29252e+07 0
9.29923e+07 0
9.30146e+07 0
9.3037e+07 0
9.30594e+07 0
9.30706e+07 0
9.30817e+07 0
9.31041e+07 0
9.31153e+07 0
9.34287e+07 0
9.34847e+07 0
9.3507e+07 0
9.35182e+07 0
9.35742e+07 0
9.36637e+07 0
1.03058e+08 0
1.03069e+08 0
1.0308e+08 0
1.03091e+08 0
1.03102e+08 0
1.03114e+08 0
1.03125e+08 0
1.03136e+08 0
1.03158e+08 0
1.0317e+08 0
1.03393e+08 0
1.03472e+08 0
1.03483e+08 0
1.03516e+08 0
1.03528e+08 0
1.03684e+08 0
1.03763e+08 0
1.13413e+08 0
1.13436e+08 0
1.13469e+08 0
1.13514e+08 0
1.13536e+08 0
1.13547e+08 0
1.13559e+08 0
1.1357e+08 0
1.13581e+08 0
1.13592e+08 0
1.13928e+08 0
1.13961e+08 0
1.13984e+08 0
1.14029e+08 0
1.14062e+08 0
1.14107e+08 0
1.14185e+08 0
1.14353e+08 0
1.24473e+08 0
1.24496e+08 0
1.24518e+08 0
1.24563e+08 0
1.24641e+08 0
1.24686e+08 0
1.24708e+08 0
1.24719e+08 0
1.2473e+08 0
1.24764e+08 0
1.25055e+08 0
1.25066e+08 0
1.25088e+08 0
1.25122e+08 0
1.25144e+08 0
1.25178e+08 0
1.25301e+08 0
1.25335e+08 0
1.2548e+08 0
1.36081e+08 0
1.36104e+08 0
1.36137e+08 0
1.36148e+08 0
1.36249e+08 0
1.36405e+08 0
1.36417e+08 0
1.3645e+08 0
1.36461e+08 0
1.36473e+08 0
1.36585e+08 0
1.36663e+08 0
1.36685e+08 0
1.36719e+08 0
1.36764e+08 0
1.36786e+08 0
1.36853e+08 0
1.36887e+08 0
1.3692e+08 0
1.37166e+08 0
1.4836e+08 0
1.48383e+08 0
1.48394e+08 0
1.48427e+08 0
1.4855e+08 0
1.48718e+08 0
1.48729e+08 0
1.48763e+08 0
1.48808e+08 0
1.48819e+08 0
1.48864e+08 0
1.48953e+08 0
1.48976e+08 0
1.4902e+08 0
1.49043e+08 0
1.49054e+08 0
1.49099e+08 0
1.49132e+08 0
1.4921e+08 0
1.49445e+08 0
1.49468e+08 0
1.61267e+08 0
1.6129e+08 0
1.61312e+08 0
1.6139e+08 0
1.61491e+08 0
1.61547e+08 0
1.61614e+08 0
1.61625e+08 0
1.61636e+08 0
1.61659e+08 0
1.61793e+08 0
1.61849e+08 0
1.61894e+08 0
1.61916e+08 0
1.61927e+08 0
1.6195e+08 0
1.61961e+08 0
1.61983e+08 0
1.62039e+08 0
1.62285e+08 0
1.62308e+08 0
1.62341e+08 0
1.74435e+08 0
1.74468e+08 0
1.74524e+08 0
1.74546e+08 0
1.74647e+08 0
1.74658e+08 0
1.74737e+08 0
1.74759e+08 0
1.74804e+08 0
1.74837e+08 0
1.7496e+08 0
1.75061e+08 0
1.75128e+08 0
1.75139e+08 0
1.75162e+08 0
1.75173e+08 0
1.75195e+08 0
1.75218e+08 0
1.75251e+08 0
1.75419e+08 0
1.7543e+08 0
1.75509e+08 0
1.87977e+08 0
1.87988e+08 0
1.88011e+08 0
1.88022e+08 0
1.88044e+08 0
1.88134e+08 0
1.88156e+08 0
1.88346e+08 0
1.88369e+08 0
1.8838e+08 0
1.88391e+08 0
1.8857e+08 0
1.88693e+08 0
1.88727e+08 0
1.88738e+08 0
1.8876e+08 0
1.88794e+08 0
1.88816e+08 0
1.88828e+08 0
1.88872e+08 0
1.88951e+08 0
1.88984e+08 0
1.89152e+08 0
2.02181e+08 0
2.02204e+08 0
2.02215e+08 0
2.02237e+08 0
2.02249e+08 0
2.02282e+08 0
2.02461e+08 0
2.02494e+08 0
2.02618e+08 0
2.02629e+08 0
2.0264e+08 0
2.02651e+08 0
2.02875e+08 0
2.02987e+08 0
2.03032e+08 0
2.03065e+08 0
2.03099e+08 0
2.03121e+08 0
2.03155e+08 0
2.03233e+08 0
2.03345e+08 0
2.03446e+08 0
2.03457e+08 0
2.03513e+08 0
2.1691e+08 0
2.16943e+08 0
2.16966e+08 0
2.171e+08 0
2.17122e+08 0
2.17133e+08 0
2.17256e+08 0
2.17346e+08 0
2.17357e+08 0
2.17491e+08 0
2.17514e+08 0
2.17536e+08 0
2.17558e+08 0
2.17737e+08 0
2.17849e+08 0
2.17894e+08 0
2.1795e+08 0
2.17961e+08 0
2.17972e+08 0
2.18028e+08 0
2.18174e+08 0
2.1823e+08 0
2.18319e+08 0
2.18353e+08 0
2.18375e+08 0
2.32245e+08 0
2.32267e+08 0
2.32289e+08 0
2.32479e+08 0
2.32491e+08 0
2.32535e+08 0
2.32625e+08 0
2.32658e+08 0
2.32714e+08 0
2.32793e+08 0
2.33016e+08 0
2.33039e+08 0
2.3305e+08 0
2.33083e+08 0
2.33184e+08 0
2.33285e+08 0
2.33464e+08 0
2.33486e+08 0
2.3352e+08 0
2.33564e+08 0
2.33598e+08 0
2.33688e+08 0
2.3371e+08 0
2.33867e+08 0
2.33911e+08 0
2.33934e+08 0
2.48214e+08 0
2.48248e+08 0
2.48259e+08 0
2.48382e+08 0
2.48483e+08 0
2.48505e+08 0
2.48606e+08 0
2.48617e+08 0
2.48673e+08 0
2.48707e+08 0
2.48841e+08 0
2.48997e+08 0
2.4902e+08 0
2.49031e+08 0
2.49087e+08 0
2.49266e+08 0
2.49355e+08 0
2.49534e+08 0
2.49546e+08 0
2.49579e+08 0
2.4959e+08 0
2.49635e+08 0
2.49725e+08 0
2.49758e+08 0
2.49915e+08 0
2.50016e+08 0
2.50049e+08 0
2.64757e+08 0
2.64813e+08 0
2.64835e+08 0
2.64947e+08 0
2.65003e+08 0
2.65048e+08 0
2.65182e+08 0
2.65215e+08 0
2.65227e+08 0
2.65238e+08 0
2.6526e+08 0
2.65517e+08 0
2.65607e+08 0
2.6564e+08 0
2.65663e+08 0
2.6573e+08 0
2.65976e+08 0
2.66099e+08 0
2.662e+08 0
2.66211e+08 0
2.66233e+08 0
2.66289e+08 0
2.66334e+08 0
2.66401e+08 0
2.66502e+08 0
2.6667e+08 0
2.66715e+08 0
2.66771e+08 0
2.81632e+08 0
2.81688e+08 0
2.81733e+08 0
2.81845e+08 0
2.81878e+08 0
2.81979e+08 0
2.82158e+08 0
2.82169e+08 0
2.82192e+08 0
2.82236e+08 0
2.8227e+08 0
2.82337e+08 0
2.82661e+08 0
2.82706e+08 0
2.82717e+08 0
2.82728e+08 0
2.82762e+08 0
2.82941e+08 0
2.83097e+08 0
2.83288e+08 0
2.8331e+08 0
2.83388e+08 0
2.83422e+08 0
2.83456e+08 0
2.83556e+08 0
2.83635e+08 0
2.83792e+08 0
2.83848e+08 0
2.8387e+08 0
2.99134e+08 0
2.99179e+08 0
2.99268e+08 0
2.99402e+08 0
2.99447e+08 0
2.99548e+08 0
2.99715e+08 0
2.9976e+08 0
2.99771e+08 0
2.99783e+08 0
2.99827e+08 0
2.99838e+08 0
2.99894e+08 0
3.00275e+08 0
3.00342e+08 0
3.00364e+08 0
3.00375e+08 0
3.00453e+08 0
3.00599e+08 0
3.008e+08 0
3.00912e+08 0
3.01024e+08 0
3.0108e+08 0
3.01125e+08 0
3.01214e+08 0
3.01248e+08 0
3.01405e+08 0
3.01562e+08 0
3.01595e+08 0
3.01618e+08 0
3.17318e+08 0
3.17407e+08 0
3.1743e+08 0
3.17519e+08 0
3.17564e+08 0
3.17698e+08 0
3.17776e+08 0
3.17843e+08 0
3.17866e+08 0
3.17888e+08 0
3.17922e+08 0
3.17978e+08 0
3.18045e+08 0
3.18101e+08 0
3.1857e+08 0
3.18604e+08 0
3.18626e+08 0
3.18648e+08 0
3.18682e+08 0
3.18794e+08 0
3.18984e+08 0
3.19051e+08 0
3.19186e+08 0
3.1923e+08 0
3.19398e+08 0
3.19476e+08 0
3.19566e+08 0
3.19734e+08 0
3.1988e+08 0
3.19891e+08 0
3.19925e+08 0
3.36195e+08 0
3.36217e+08 0
3.36251e+08 0
3.36408e+08 0
3.36475e+08 0
3.36598e+08 0
3.36754e+08 0
3.36832e+08 0
3.36866e+08 0
3.36911e+08 0
3.36922e+08 0
3.36955e+08 0
3.36989e+08 0
3.37045e+08 0
3.37056e+08 0
3.37526e+08 0
3.37559e+08 0
3.3766e+08 0
3.37693e+08 0
3.37716e+08 0
3.37816e+08 0
3.38007e+08 0
3.38085e+08 0
3.38186e+08 0
3.38219e+08 0
3.3832e+08 0
3.38521e+08 0
3.38667e+08 0
3.38801e+08 0
3.38981e+08 0
3.3907e+08 0
3.39093e+08 0
3.55537e+08 0
3.55604e+08 0
3.5566e+08 0
3.55884e+08 0
3.55906e+08 0
3.56074e+08 0
3.5613e+08 0
3.56208e+08 0
3.5623e+08 0
3.56387e+08 0
3.56398e+08 0
3.5651e+08 0
3.56521e+08 0
3.56577e+08 0
3.56711e+08 0
3.57069e+08 0
3.57091e+08 0
3.57114e+08 0
3.57181e+08 0
3.57214e+08 0
3.5727e+08 0
3.57348e+08 0
3.57561e+08 0
3.57639e+08 0
3.57785e+08 0
3.57841e+08 0
3.57908e+08 0
3.58076e+08 0
3.58311e+08 0
3.58411e+08 0
3.58636e+08 0
3.58748e+08 0
3.5877e+08 0
3.75554e+08 0
3.75621e+08 0
3.75677e+08 0
3.75822e+08 0
3.75878e+08 0
3.76091e+08 0
3.76191e+08 0
3.76225e+08 0
3.76415e+08 0
3.7646e+08 0
3.76493e+08 0
3.7665e+08 0
3.76694e+08 0
3.76717e+08 0
3.76873e+08 0
3.77209e+08 0
3.77242e+08 0
3.77265e+08 0
3.7732e+08 0
3.77332e+08 0
3.77421e+08 0
3.77455e+08 0
3.77511e+08 0
3.77746e+08 0
3.77891e+08 0
3.78014e+08 0
3.7807e+08 0
3.78305e+08 0
3.78372e+08 0
3.78573e+08 0
3.78618e+08 0
3.78999e+08 0
3.79044e+08 0
3.79078e+08 0
3.9627e+08 0
3.96337e+08 0
3.96348e+08 0
3.96426e+08 0
3.96516e+08 0
3.96661e+08 0
3.96963e+08 0
3.97008e+08 0
3.9713e+08 0
3.97175e+08 0
3.97186e+08 0
3.97488e+08 0
3.97499e+08 0
3.97522e+08 0
3.97645e+08 0
3.97891e+08 0
3.97924e+08 0
3.97947e+08 0
3.97969e+08 0
3.98003e+08 0
3.98014e+08 0
3.98025e+08 0
3.98092e+08 0
3.98249e+08 0
3.98607e+08 0
3.98663e+08 0
3.98741e+08 0
3.99077e+08 0
3.99233e+08 0
3.99323e+08 0
3.99446e+08 0
3.99502e+08 0
3.99872e+08 0
3.99883e+08 0
3.9995e+08 0
4.17399e+08 0
4.17545e+08 0
4.17578e+08 0
4.17612e+08 0
4.17645e+08 0
4.17768e+08 0
4.18093e+08 0
4.18126e+08 0
4.18338e+08 0
4.18372e+08 0
4.18406e+08 0
4.18618e+08 0
4.18719e+08 0
4.18774e+08 0
4.18842e+08 0
4.19121e+08 0
4.19166e+08 0
4.19199e+08 0
4.19233e+08 0
4.19244e+08 0
4.19278e+08 0
4.19289e+08 0
4.19311e+08 0
4.19334e+08 0
4.1939e+08 0
4.19915e+08 0
4.19994e+08 0
4.20117e+08 0
4.20419e+08 0
4.20586e+08 0
4.20631e+08 0
4.20754e+08 0
4.20877e+08 0
4.21247e+08 0
4.2127e+08 0
4.21281e+08 0
4.39187e+08 0
4.39455e+08 0
4.39489e+08 0
4.39511e+08 0
4.39534e+08 0
4.39668e+08 0
4.39835e+08 0
4.39869e+08 0
4.40104e+08 0
4.40126e+08 0
4.40148e+08 0
4.4064e+08 0
4.40685e+08 0
4.4073e+08 0
4.40853e+08 0
4.4102e+08 0
4.41043e+08 0
4.41076e+08 0
4.41099e+08 0
4.41121e+08 0
4.41143e+08 0
4.41177e+08 0
4.41199e+08 0
4.41222e+08 0
4.41289e+08 0
4.41345e+08 0
4.42083e+08 0
4.4215e+08 0
4.42229e+08 0
4.4243e+08 0
4.42542e+08 0
4.4271e+08 0
4.42821e+08 0
4.43012e+08 0
4.43292e+08 0
4.43303e+08 0
4.43314e+08 0
4.61631e+08 0
4.62012e+08 0
4.62034e+08 0
4.62101e+08 0
4.62123e+08 0
4.62224e+08 0
4.62425e+08 0
4.6247e+08 0
4.62548e+08 0
4.62571e+08 0
4.62727e+08 0
4.63085e+08 0
4.63119e+08 0
4.63253e+08 0
4.63387e+08 0
4.63577e+08 0
4.6361e+08 0
4.63767e+08 0
4.63812e+08 0
4.63823e+08 0
4.63868e+08 0
4.6389e+08 0
4.63912e+08 0
4.63935e+08 0
4.63957e+08 0
4.63991e+08 0
4.64035e+08 0
4.64841e+08 0
4.64908e+08 0
4.65042e+08 0
4.65244e+08 0
4.65411e+08 0
4.65546e+08 0
4.65657e+08 0
4.65803e+08 0
4.66139e+08 0
4.66172e+08 0
4.66195e+08 0
4.84657e+08 0
4.85138e+08 0
4.85183e+08 0
4.85328e+08 0
4.85384e+08 0
4.85429e+08 0
4.85496e+08 0
4.85552e+08 0
4.85652e+08 0
4.85674e+08 0
4.85809e+08 0
4.86066e+08 0
4.86099e+08 0
4.86323e+08 0
4.86446e+08 0
4.86792e+08 0
4.86826e+08 0
4.86848e+08 0
4.8686e+08 0
4.86904e+08 0
4.86938e+08 0
4.86983e+08 0
4.87027e+08 0
4.87083e+08 0
4.87106e+08 0
4.87128e+08 0
4.87195e+08 0
4.8724e+08 0
4.88001e+08 0
4.88068e+08 0
4.88403e+08 0
4.88683e+08 0
4.8875e+08 0
4.88806e+08 0
4.88873e+08 0
4.89052e+08 0
4.89444e+08 0
4.89589e+08 0
4.89623e+08 0
5.08276e+08 0
5.08656e+08 0
5.08701e+08 0
5.08935e+08 0
5.09058e+08 0
5.09125e+08 0
5.09193e+08 0
5.09271e+08 0
5.0936e+08 0
5.09383e+08 0
5.09439e+08 0
5.09528e+08 0
5.09617e+08 0
5.09931e+08 0
5.09986e+08 0
5.10266e+08 0
5.10288e+08 0
5.10355e+08 0
5.10378e+08 0
5.104e+08 0
5.10467e+08 0
5.10534e+08 0
5.10568e+08 0
5.10624e+08 0
5.10713e+08 0
5.10803e+08 0
5.10836e+08 0
5.1087e+08 0
5.10903e+08 0
5.11664e+08 0
5.11809e+08 0
5.12123e+08 0
5.12414e+08 0
5.12492e+08 0
5.1257e+08 0
5.12615e+08 0
5.12783e+08 0
5.13353e+08 0
5.13387e+08 0
5.13409e+08 0
5.32466e+08 0
5.32846e+08 0
5.32891e+08 0
5.33114e+08 0
5.33259e+08 0
5.33326e+08 0
5.33382e+08 0
5.33394e+08 0
5.33427e+08 0
5.33449e+08 0
5.33561e+08 0
5.33707e+08 0
5.33852e+08 0
5.34087e+08 0
5.34098e+08 0
5.34333e+08 0
5.34422e+08 0
5.34445e+08 0
5.34478e+08 0
5.34512e+08 0
5.34646e+08 0
5.34746e+08 0
5.34791e+08 0
5.34903e+08 0
5.34925e+08 0
5.35003e+08 0
5.35037e+08 0
5.35048e+08 0
5.35071e+08 0
5.35104e+08 0
5.361e+08 0
5.36145e+08 0
5.36391e+08 0
5.36514e+08 0
5.36648e+08 0
5.36671e+08 0
5.36715e+08 0
5.37263e+08 0
5.37554e+08 0
5.37655e+08 0
5.377e+08 0
5.57117e+08 0
5.57676e+08 0
5.57743e+08 0
5.58012e+08 0
5.5809e+08 0
5.58168e+08 0
5.58235e+08 0
5.58258e+08 0
5.58302e+08 0
5.58325e+08 0
5.58369e+08 0
5.58515e+08 0
5.58593e+08 0
5.58761e+08 0
5.58783e+08 0
5.59107e+08 0
5.59309e+08 0
5.59353e+08 0
5.59376e+08 0
5.59387e+08 0
5.59409e+08 0
5.59465e+08 0
5.59499e+08 0
5.5961e+08 0
5.597e+08 0
5.59745e+08 0
5.59767e+08 0
5.59823e+08 0
5.59834e+08 0
5.59857e+08 0
5.59879e+08 0
5.60964e+08 0
5.60998e+08 0
5.61266e+08 0
5.61401e+08 0
5.6149e+08 0
5.61512e+08 0
5.61524e+08 0
5.62183e+08 0
5.62485e+08 0
5.62553e+08 0
5.62609e+08 0
5.82436e+08 0
5.82883e+08 0
5.82916e+08 0
5.83207e+08 0
5.83252e+08 0
5.83498e+08 0
5.83732e+08 0
5.83755e+08 0
5.83799e+08 0
5.83822e+08 0
5.83833e+08 0
5.83934e+08 0
5.84001e+08 0
5.84113e+08 0
5.84124e+08 0
5.84392e+08 0
5.84448e+08 0
5.8447e+08 0
5.84481e+08 0
5.84526e+08 0
5.84739e+08 0
5.84783e+08 0
5.84806e+08 0
5.84828e+08 0
5.85052e+08 0
5.85063e+08 0
5.85119e+08 0
5.85141e+08 0
5.85164e+08 0
5.85186e+08 0
5.85197e+08 0
5.85219e+08 0
5.86383e+08 0
5.86472e+08 0
5.86629e+08 0
5.86641e+08 0
5.8673e+08 0
5.86853e+08 0
5.86864e+08 0
5.87569e+08 0
5.87804e+08 0
5.87904e+08 0
5.8796e+08 0
6.08407e+08 0
6.08664e+08 0
6.08731e+08 0
6.0891e+08 0
6.08955e+08 0
6.09257e+08 0
6.09648e+08 0
6.09681e+08 0
6.09715e+08 0
6.09748e+08 0
6.09782e+08 0
6.09838e+08 0
6.09939e+08 0
6.10073e+08 0
6.10151e+08 0
6.10263e+08 0
6.10375e+08 0
6.10386e+08 0
6.10397e+08 0
6.10498e+08 0
6.10576e+08 0
6.10587e+08 0
6.10609e+08 0
6.10721e+08 0
6.11045e+08 0
6.11068e+08 0
6.11079e+08 0
6.11124e+08 0
6.11146e+08 0
6.11157e+08 0
6.1118e+08 0
6.11191e+08 0
6.11213e+08 0
6.1222e+08 0
6.12265e+08 0
6.12791e+08 0
6.12869e+08 0
6.12947e+08 0
6.13059e+08 0
6.13093e+08 0
6.1363e+08 0
6.13742e+08 0
6.13831e+08 0
6.13943e+08 0
6.17418e+08 0
6.17441e+08 0
6.17485e+08 0
