188418 0
835608 0
1.42793e+06 0
2.02025e+06 0
2.61258e+06 0
3.20591e+06 0
3.79826e+06 0
4.39067e+06 0
4.98315e+06 0
5.57581e+06 0
6.16883e+06 0
6.8631e+06 0
7.43318e+06 0
7.4444e+06 0
9.66635e+06 0
9.69988e+06 0
1.11759e+07 0
1.11982e+07 0
1.12541e+07 0
1.4425e+07 0
1.4492e+07 0
1.45591e+07 0
1.4615e+07 0
1.69677e+07 0
1.71354e+07 0
1.7236e+07 0
1.73366e+07 0
1.74036e+07 0
2.10038e+07 0
2.11044e+07 0
2.11715e+07 0
2.12609e+07 0
2.12944e+07 0
2.13391e+07 0
2.49026e+07 0
2.49585e+07 0
2.51373e+07 0
2.52156e+07 0
2.55397e+07 0
2.55844e+07 0
2.56403e+07 0
2.87497e+07 0
2.8828e+07 0
2.90403e+07 0
2.92639e+07 0
2.96774e+07 0
2.97333e+07 0
2.98787e+07 0
3.37673e+07 0
3.38456e+07 0
3.39126e+07 0
3.39909e+07 0
3.41026e+07 0
3.42479e+07 0
3.42926e+07 0
3.47063e+07 0
3.9328e+07 0
3.93838e+07 0
3.94621e+07 0
3.94956e+07 0
3.95403e+07 0
3.95738e+07 0
3.97304e+07 0
3.97751e+07 0
4.01775e+07 0
4.51291e+07 0
4.52632e+07 0
4.53079e+07 0
4.54755e+07 0
4.55426e+07 0
4.55985e+07 0
4.56432e+07 0
4.58332e+07 0
4.59226e+07 0
4.6068e+07 0
5.12063e+07 0
5.14298e+07 0
5.14634e+07 0
5.15751e+07 0
5.17204e+07 0
5.17763e+07 0
5.18545e+07 0
5.20445e+07 0
5.20892e+07 0
5.22345e+07 0
5.24246e+07 0
5.86181e+07 0
5.88081e+07 0
5.8864e+07 0
5.89422e+07 0
5.89758e+07 0
5.89981e+07 0
5.9054e+07 0
5.90987e+07 0
5.91882e+07 0
5.92552e+07 0
5.94452e+07 0
5.9557e+07 0
6.57198e+07 0
6.57869e+07 0
6.59545e+07 0
6.60774e+07 0
6.61892e+07 0
6.62563e+07 0
6.63233e+07 0
6.63792e+07 0
6.64351e+07 0
6.65022e+07 0
6.65804e+07 0
6.66698e+07 0
6.71058e+07 0
7.31665e+07 0
7.32783e+07 0
7.34459e+07 0
7.35689e+07 0
7.36695e+07 0
7.42395e+07 0
7.43065e+07 0
7.44071e+07 0
7.44854e+07 0
7.45412e+07 0
7.47983e+07 0
7.48542e+07 0
7.48989e+07 0
7.53573e+07 0
8.27417e+07 0
8.28088e+07 0
8.28646e+07 0
8.29317e+07 0
8.30435e+07 0
8.30882e+07 0
8.31552e+07 0
8.32223e+07 0
8.3267e+07 0
8.33564e+07 0
8.35017e+07 0
8.35688e+07 0
8.36805e+07 0
8.37252e+07 0
8.45078e+07 0
9.22607e+07 0
9.23166e+07 0
9.23836e+07 0
9.24507e+07 0
9.25401e+07 0
9.26184e+07 0
9.2719e+07 0
9.27749e+07 0
9.29313e+07 0
9.29872e+07 0
9.30543e+07 0
9.31102e+07 0
9.31549e+07 0
9.32443e+07 0
9.3289e+07 0
9.38926e+07 0
1.01731e+08 0
1.01786e+08 0
1.01876e+08 0
1.01898e+08 0
1.02178e+08 0
1.02323e+08 0
1.02357e+08 0
1.02703e+08 0
1.02737e+08 0
1.02804e+08 0
1.02826e+08 0
1.02837e+08 0
1.0296e+08 0
1.03541e+08 0
1.03575e+08 0
1.03631e+08 0
1.04246e+08 0
1.12262e+08 0
1.12452e+08 0
1.12531e+08 0
1.12586e+08 0
1.12654e+08 0
1.12844e+08 0
1.12911e+08 0
1.13067e+08 0
1.13145e+08 0
1.13224e+08 0
1.1328e+08 0
1.13861e+08 0
1.14118e+08 0
1.14464e+08 0
1.14487e+08 0
1.1452e+08 0
1.14587e+08 0
1.15102e+08 0
1.23809e+08 0
1.23921e+08 0
1.23955e+08 0
1.23977e+08 0
1.24122e+08 0
1.24178e+08 0
1.24223e+08 0
1.24301e+08 0
1.24379e+08 0
1.24435e+08 0
1.24491e+08 0
1.24581e+08 0
1.24737e+08 0
1.25777e+08 0
1.2581e+08 0
1.25866e+08 0
1.26011e+08 0
1.26022e+08 0
1.26615e+08 0
1.35402e+08 0
1.3557e+08 0
1.35648e+08 0
1.35726e+08 0
1.35793e+08 0
1.35849e+08 0
1.35905e+08 0
1.35939e+08 0
1.36028e+08 0
1.36263e+08 0
1.36308e+08 0
1.36598e+08 0
1.36654e+08 0
1.37492e+08 0
1.37504e+08 0
1.37515e+08 0
1.37962e+08 0
1.38029e+08 0
1.38051e+08 0
1.38611e+08 0
1.48075e+08 0
1.4812e+08 0
1.48187e+08 0
1.48287e+08 0
1.48399e+08 0
1.48444e+08 0
1.485e+08 0
1.48556e+08 0
1.48623e+08 0
1.48768e+08 0
1.48813e+08 0
1.48924e+08 0
1.48991e+08 0
1.50154e+08 0
1.50266e+08 0
1.50311e+08 0
1.50635e+08 0
1.50691e+08 0
1.50724e+08 0
1.51194e+08 0
1.51205e+08 0
1.61247e+08 0
1.61314e+08 0
1.61449e+08 0
1.61516e+08 0
1.61583e+08 0
1.61706e+08 0
1.61739e+08 0
1.61784e+08 0
1.6184e+08 0
1.6203e+08 0
1.62197e+08 0
1.62265e+08 0
1.62343e+08 0
1.63259e+08 0
1.63349e+08 0
1.63528e+08 0
1.63863e+08 0
1.63886e+08 0
1.63919e+08 0
1.64378e+08 0
1.644e+08 0
1.64422e+08 0
1.74355e+08 0
1.74422e+08 0
1.74478e+08 0
1.74545e+08 0
1.74623e+08 0
1.74713e+08 0
1.74825e+08 0
1.74869e+08 0
1.74914e+08 0
1.75216e+08 0
1.75249e+08 0
1.75439e+08 0
1.75484e+08 0
1.76367e+08 0
1.76546e+08 0
1.76926e+08 0
1.77172e+08 0
1.77195e+08 0
1.77217e+08 0
1.77374e+08 0
1.77396e+08 0
1.77407e+08 0
1.87808e+08 0
1.87886e+08 0
1.88054e+08 0
1.8821e+08 0
1.88478e+08 0
1.88545e+08 0
1.88624e+08 0
1.88668e+08 0
1.88713e+08 0
1.88758e+08 0
1.89015e+08 0
1.89149e+08 0
1.89339e+08 0
1.89551e+08 0
1.90189e+08 0
1.90435e+08 0
1.90736e+08 0
1.90848e+08 0
1.90927e+08 0
1.90971e+08 0
1.91128e+08 0
1.91139e+08 0
1.9115e+08 0
2.0167e+08 0
2.02151e+08 0
2.0224e+08 0
2.02341e+08 0
2.02363e+08 0
2.0252e+08 0
2.02654e+08 0
2.02755e+08 0
2.02877e+08 0
2.02989e+08 0
2.03202e+08 0
2.03358e+08 0
2.0347e+08 0
2.03839e+08 0
2.03995e+08 0
2.04655e+08 0
2.04744e+08 0
2.05057e+08 0
2.05158e+08 0
2.05214e+08 0
2.05292e+08 0
2.05505e+08 0
2.05549e+08 0
2.05572e+08 0
2.16761e+08 0
2.17007e+08 0
2.17063e+08 0
2.17119e+08 0
2.17163e+08 0
2.1723e+08 0
2.17376e+08 0
2.17454e+08 0
2.17543e+08 0
2.17756e+08 0
2.17946e+08 0
2.18013e+08 0
2.18046e+08 0
2.18393e+08 0
2.18784e+08 0
2.18874e+08 0
2.19701e+08 0
2.19757e+08 0
2.19925e+08 0
2.20115e+08 0
2.20148e+08 0
2.20193e+08 0
2.20439e+08 0
2.2045e+08 0
2.20472e+08 0
2.32339e+08 0
2.32462e+08 0
2.32496e+08 0
2.32518e+08 0
2.32585e+08 0
2.32663e+08 0
2.32742e+08 0
2.32809e+08 0
2.32976e+08 0
2.33055e+08 0
2.33245e+08 0
2.33345e+08 0
2.33446e+08 0
2.33513e+08 0
2.33971e+08 0
2.34284e+08 0
2.34452e+08 0
2.3519e+08 0
2.35313e+08 0
2.35492e+08 0
2.35682e+08 0
2.35704e+08 0
2.35749e+08 0
2.35973e+08 0
2.35984e+08 0
2.36006e+08 0
2.48288e+08 0
2.48422e+08 0
2.48489e+08 0
2.48511e+08 0
2.48567e+08 0
2.48601e+08 0
2.48668e+08 0
2.48735e+08 0
2.48824e+08 0
2.48947e+08 0
2.49059e+08 0
2.4916e+08 0
2.49428e+08 0
2.49484e+08 0
2.49674e+08 0
2.50233e+08 0
2.50367e+08 0
2.50501e+08 0
2.51351e+08 0
2.51395e+08 0
2.51541e+08 0
2.51753e+08 0
2.51798e+08 0
2.51831e+08 0
2.522e+08 0
2.52223e+08 0
2.52234e+08 0
2.64894e+08 0
2.65017e+08 0
2.65096e+08 0
2.65163e+08 0
2.65241e+08 0
2.65308e+08 0
2.6533e+08 0
2.65465e+08 0
2.6552e+08 0
2.65599e+08 0
2.66079e+08 0
2.66158e+08 0
2.66225e+08 0
2.66348e+08 0
2.66437e+08 0
2.66571e+08 0
2.67086e+08 0
2.67309e+08 0
2.67399e+08 0
2.68159e+08 0
2.68248e+08 0
2.68528e+08 0
2.68572e+08 0
2.68651e+08 0
2.68718e+08 0
2.69042e+08 0
2.69053e+08 0
2.69076e+08 0
2.82293e+08 0
2.82371e+08 0
2.82505e+08 0
2.82617e+08 0
2.82684e+08 0
2.82729e+08 0
2.82807e+08 0
2.8293e+08 0
2.82964e+08 0
2.83165e+08 0
2.83243e+08 0
2.8369e+08 0
2.83768e+08 0
2.83858e+08 0
2.83914e+08 0
2.83981e+08 0
2.84048e+08 0
2.8464e+08 0
2.84842e+08 0
2.85054e+08 0
2.85747e+08 0
2.85803e+08 0
2.86071e+08 0
2.86094e+08 0
2.86172e+08 0
2.86183e+08 0
2.86496e+08 0
2.86508e+08 0
2.86541e+08 0
3.00322e+08 0
3.00367e+08 0
3.00445e+08 0
3.00523e+08 0
3.00557e+08 0
3.00613e+08 0
3.0068e+08 0
3.00993e+08 0
3.01082e+08 0
3.0125e+08 0
3.01339e+08 0
3.01395e+08 0
3.01697e+08 0
3.01988e+08 0
3.02021e+08 0
3.02077e+08 0
3.02167e+08 0
3.02245e+08 0
3.0277e+08 0
3.02871e+08 0
3.03016e+08 0
3.0381e+08 0
3.03866e+08 0
3.04011e+08 0
3.04123e+08 0
3.04179e+08 0
3.04257e+08 0
3.0457e+08 0
3.04593e+08 0
3.04917e+08 0
3.18696e+08 0
3.18808e+08 0
3.19121e+08 0
3.19143e+08 0
3.19244e+08 0
3.19278e+08 0
3.19356e+08 0
3.19814e+08 0
3.19993e+08 0
3.20071e+08 0
3.20127e+08 0
3.20183e+08 0
3.20541e+08 0
3.20552e+08 0
3.20608e+08 0
3.20686e+08 0
3.20854e+08 0
3.211e+08 0
3.21145e+08 0
3.21446e+08 0
3.21525e+08 0
3.21603e+08 0
3.22508e+08 0
3.22542e+08 0
3.22687e+08 0
3.22832e+08 0
3.22888e+08 0
3.22933e+08 0
3.23503e+08 0
3.23548e+08 0
3.23671e+08 0
3.37973e+08 0
3.38096e+08 0
3.38566e+08 0
3.38622e+08 0
3.38923e+08 0
3.38946e+08 0
3.38968e+08 0
3.3937e+08 0
3.39751e+08 0
3.39762e+08 0
3.39795e+08 0
3.39829e+08 0
3.39941e+08 0
3.39974e+08 0
3.39997e+08 0
3.40041e+08 0
3.40064e+08 0
3.40231e+08 0
3.40746e+08 0
3.40813e+08 0
3.41036e+08 0
3.41114e+08 0
3.41193e+08 0
3.41975e+08 0
3.42009e+08 0
3.42199e+08 0
3.42266e+08 0
3.42378e+08 0
3.42445e+08 0
3.43026e+08 0
3.43071e+08 0
3.4325e+08 0
3.58114e+08 0
3.5817e+08 0
3.58449e+08 0
3.58472e+08 0
3.58784e+08 0
3.58852e+08 0
3.58919e+08 0
3.59019e+08 0
3.59355e+08 0
3.59433e+08 0
3.59533e+08 0
3.59623e+08 0
3.59668e+08 0
3.59701e+08 0
3.59846e+08 0
3.59936e+08 0
3.59947e+08 0
3.59981e+08 0
3.60238e+08 0
3.60976e+08 0
3.61043e+08 0
3.61233e+08 0
3.61266e+08 0
3.61277e+08 0
3.61881e+08 0
3.61993e+08 0
3.62183e+08 0
3.62261e+08 0
3.62429e+08 0
3.62473e+08 0
3.63088e+08 0
3.63122e+08 0
3.63301e+08 0
3.78106e+08 0
3.78218e+08 0
3.7862e+08 0
3.78698e+08 0
3.78888e+08 0
3.78944e+08 0
3.79023e+08 0
3.79145e+08 0
3.79816e+08 0
3.79894e+08 0
3.80029e+08 0
3.80107e+08 0
3.80163e+08 0
3.80297e+08 0
3.80576e+08 0
3.80655e+08 0
3.80711e+08 0
3.80755e+08 0
3.80811e+08 0
3.81012e+08 0
3.81873e+08 0
3.8194e+08 0
3.82097e+08 0
3.82164e+08 0
3.82253e+08 0
3.82689e+08 0
3.82779e+08 0
3.82991e+08 0
3.83047e+08 0
3.83315e+08 0
3.83405e+08 0
3.83919e+08 0
3.83941e+08 0
3.84098e+08 0
3.9919e+08 0
3.99301e+08 0
3.99469e+08 0
3.99547e+08 0
3.99603e+08 0
3.99748e+08 0
4.00005e+08 0
4.00274e+08 0
4.00766e+08 0
4.00978e+08 0
4.01123e+08 0
4.0119e+08 0
4.01313e+08 0
4.01436e+08 0
4.01738e+08 0
4.01861e+08 0
4.01884e+08 0
4.02029e+08 0
4.02107e+08 0
4.0213e+08 0
4.02264e+08 0
4.02722e+08 0
4.02789e+08 0
4.02867e+08 0
4.03236e+08 0
4.03437e+08 0
4.03974e+08 0
4.04142e+08 0
4.04365e+08 0
4.0441e+08 0
4.04667e+08 0
4.04779e+08 0
4.0517e+08 0
4.05193e+08 0
4.05372e+08 0
4.20134e+08 0
4.20268e+08 0
4.20514e+08 0
4.20637e+08 0
4.20905e+08 0
4.21073e+08 0
4.22079e+08 0
4.22314e+08 0
4.22571e+08 0
4.22727e+08 0
4.22917e+08 0
4.23018e+08 0
4.23141e+08 0
4.23241e+08 0
4.23856e+08 0
4.23957e+08 0
4.23979e+08 0
4.2427e+08 0
4.24438e+08 0
4.24493e+08 0
4.24549e+08 0
4.24739e+08 0
4.25343e+08 0
4.25421e+08 0
4.25511e+08 0
4.25611e+08 0
4.25734e+08 0
4.26215e+08 0
4.26271e+08 0
4.26517e+08 0
4.26528e+08 0
4.26919e+08 0
4.26986e+08 0
4.27333e+08 0
4.27367e+08 0
4.27479e+08 0
4.42398e+08 0
4.42667e+08 0
4.42868e+08 0
4.4298e+08 0
4.43125e+08 0
4.43214e+08 0
4.43695e+08 0
4.44175e+08 0
4.44343e+08 0
4.44556e+08 0
4.45182e+08 0
4.4526e+08 0
4.45595e+08 0
4.45819e+08 0
4.46389e+08 0
4.46445e+08 0
4.46467e+08 0
4.46724e+08 0
4.46747e+08 0
4.46803e+08 0
4.4687e+08 0
4.47116e+08 0
4.47183e+08 0
4.47294e+08 0
4.47384e+08 0
4.47473e+08 0
4.47596e+08 0
4.48088e+08 0
4.48736e+08 0
4.48781e+08 0
4.49061e+08 0
4.49083e+08 0
4.49474e+08 0
4.49508e+08 0
4.49687e+08 0
4.49732e+08 0
4.49922e+08 0
4.64961e+08 0
4.6533e+08 0
4.66057e+08 0
4.66168e+08 0
4.66302e+08 0
4.66358e+08 0
4.66727e+08 0
4.67152e+08 0
4.67387e+08 0
4.67968e+08 0
4.68169e+08 0
4.68214e+08 0
4.68638e+08 0
4.68694e+08 0
4.69443e+08 0
4.69477e+08 0
4.69555e+08 0
4.696e+08 0
4.7007e+08 0
4.70237e+08 0
4.70293e+08 0
4.70461e+08 0
4.70528e+08 0
4.70606e+08 0
4.70986e+08 0
4.71154e+08 0
4.71243e+08 0
4.71333e+08 0
4.71444e+08 0
4.71891e+08 0
4.7197e+08 0
4.72272e+08 0
4.72305e+08 0
4.72697e+08 0
4.72719e+08 0
4.72898e+08 0
4.72932e+08 0
4.732e+08 0
4.89078e+08 0
4.89257e+08 0
4.89592e+08 0
4.8967e+08 0
4.89793e+08 0
4.89928e+08 0
4.90151e+08 0
4.9052e+08 0
4.91112e+08 0
4.91392e+08 0
4.91638e+08 0
4.91682e+08 0
4.92308e+08 0
4.9242e+08 0
4.93091e+08 0
4.93158e+08 0
4.93281e+08 0
4.9346e+08 0
4.93873e+08 0
4.94119e+08 0
4.94209e+08 0
4.94265e+08 0
4.94388e+08 0
4.94477e+08 0
4.94533e+08 0
4.94824e+08 0
4.94935e+08 0
4.94947e+08 0
4.9498e+08 0
4.9517e+08 0
4.95528e+08 0
4.95785e+08 0
4.95986e+08 0
4.96009e+08 0
4.96299e+08 0
4.96322e+08 0
4.96501e+08 0
4.96713e+08 0
4.9687e+08 0
5.12389e+08 0
5.12545e+08 0
5.1278e+08 0
5.13618e+08 0
5.1373e+08 0
5.13819e+08 0
5.14054e+08 0
5.14188e+08 0
5.14926e+08 0
5.15485e+08 0
5.1601e+08 0
5.16077e+08 0
5.16357e+08 0
5.16424e+08 0
5.17374e+08 0
5.17452e+08 0
5.17575e+08 0
5.17832e+08 0
5.18022e+08 0
5.1819e+08 0
5.18224e+08 0
5.18246e+08 0
5.18537e+08 0
5.18648e+08 0
5.18704e+08 0
5.1904e+08 0
5.19062e+08 0
5.19095e+08 0
5.19162e+08 0
5.19207e+08 0
5.19341e+08 0
5.19844e+08 0
5.20057e+08 0
5.20213e+08 0
5.20225e+08 0
5.20538e+08 0
5.20571e+08 0
5.20907e+08 0
5.20985e+08 0
5.21086e+08 0
5.37188e+08 0
5.37568e+08 0
5.37703e+08 0
5.38228e+08 0
5.38474e+08 0
5.38608e+08 0
5.38954e+08 0
5.39055e+08 0
5.39491e+08 0
5.40039e+08 0
5.41246e+08 0
5.41369e+08 0
5.41715e+08 0
5.42017e+08 0
5.42163e+08 0
5.42196e+08 0
5.42297e+08 0
5.42632e+08 0
5.42844e+08 0
5.42889e+08 0
5.42979e+08 0
5.4309e+08 0
5.43236e+08 0
5.43325e+08 0
5.4347e+08 0
5.43783e+08 0
5.4385e+08 0
5.43906e+08 0
5.43929e+08 0
5.43962e+08 0
5.43973e+08 0
5.44085e+08 0
5.44745e+08 0
5.45002e+08 0
5.45047e+08 0
5.45147e+08 0
5.45527e+08 0
5.45561e+08 0
5.45673e+08 0
5.45807e+08 0
5.45908e+08 0
5.6205e+08 0
5.6253e+08 0
5.62989e+08 0
5.63525e+08 0
5.63793e+08 0
5.63894e+08 0
5.6462e+08 0
5.64732e+08 0
5.66006e+08 0
5.66073e+08 0
5.66588e+08 0
5.66699e+08 0
5.6689e+08 0
5.66979e+08 0
5.67504e+08 0
5.67516e+08 0
5.67717e+08 0
5.67873e+08 0
5.68142e+08 0
5.68265e+08 0
5.68309e+08 0
5.68645e+08 0
5.68712e+08 0
5.68768e+08 0
5.68801e+08 0
5.68846e+08 0
5.68913e+08 0
5.68991e+08 0
5.69226e+08 0
5.69271e+08 0
5.69338e+08 0
5.69416e+08 0
5.69584e+08 0
5.70165e+08 0
5.70344e+08 0
5.70456e+08 0
5.70601e+08 0
5.7078e+08 0
5.70836e+08 0
5.70959e+08 0
5.70971e+08 0
5.71239e+08 0
5.89079e+08 0
5.89973e+08 0
5.90107e+08 0
5.90789e+08 0
5.91046e+08 0
5.91191e+08 0
5.91247e+08 0
5.91471e+08 0
5.91907e+08 0
5.91974e+08 0
5.927e+08 0
5.92902e+08 0
5.92924e+08 0
5.92991e+08 0
5.93539e+08 0
5.93583e+08 0
5.93628e+08 0
5.93829e+08 0
5.93919e+08 0
5.94232e+08 0
5.944e+08 0
5.94623e+08 0
5.94992e+08 0
5.95137e+08 0
5.95227e+08 0
5.95283e+08 0
5.95383e+08 0
5.95417e+08 0
5.95462e+08 0
5.9554e+08 0
5.95573e+08 0
5.95674e+08 0
5.95864e+08 0
5.9592e+08 0
5.96121e+08 0
5.96356e+08 0
5.96401e+08 0
5.96557e+08 0
5.96714e+08 0
5.96736e+08 0
5.96971e+08 0
5.96994e+08 0
5.9733e+08 0
6.12801e+08 0
6.13628e+08 0
6.13717e+08 0
6.14287e+08 0
6.14354e+08 0
6.14477e+08 0
6.14556e+08 0
6.14913e+08 0
6.15595e+08 0
6.15707e+08 0
6.18277e+08 0
6.18378e+08 0
6.18412e+08 0
6.18445e+08 0
6.18613e+08 0
6.1868e+08 0
6.18758e+08 0
6.18825e+08 0
6.19149e+08 0
6.19395e+08 0
6.19563e+08 0
6.19608e+08 0
6.19976e+08 0
6.20804e+08 0
6.20848e+08 0
6.20949e+08 0
6.21139e+08 0
6.21206e+08 0
6.21251e+08 0
6.21352e+08 0
6.21396e+08 0
6.21486e+08 0
6.21542e+08 0
6.2162e+08 0
6.21776e+08 0
6.22179e+08 0
6.22604e+08 0
6.22682e+08 0
6.22738e+08 0
6.22906e+08 0
6.22984e+08 0
6.23108e+08 0
6.23119e+08 0
6.23209e+08 0
6.28604e+08 0
6.28716e+08 0
6.28727e+08 0
