223161 0
838842 0
1.43116e+06 0
2.02348e+06 0
2.61581e+06 0
3.20815e+06 0
3.80051e+06 0
4.39291e+06 0
4.9854e+06 0
5.57806e+06 0
6.17107e+06 0
6.85416e+06 0
7.41301e+06 0
7.44655e+06 0
9.20728e+06 0
9.22964e+06 0
1.09515e+07 0
1.09962e+07 0
1.10074e+07 0
1.31968e+07 0
1.32527e+07 0
1.33309e+07 0
1.33979e+07 0
1.63488e+07 0
1.64046e+07 0
1.64382e+07 0
1.64605e+07 0
1.64941e+07 0
2.05244e+07 0
2.0625e+07 0
2.07703e+07 0
2.08932e+07 0
2.09715e+07 0
2.10609e+07 0
2.4756e+07 0
2.48007e+07 0
2.48566e+07 0
2.49125e+07 0
2.50466e+07 0
2.52702e+07 0
2.53037e+07 0
2.99497e+07 0
2.99721e+07 0
3.00503e+07 0
3.01621e+07 0
3.02851e+07 0
3.06315e+07 0
3.07545e+07 0
3.48456e+07 0
3.49238e+07 0
3.50244e+07 0
3.53038e+07 0
3.55721e+07 0
3.56056e+07 0
3.57062e+07 0
3.57509e+07 0
4.09665e+07 0
4.12124e+07 0
4.12906e+07 0
4.13801e+07 0
4.15142e+07 0
4.16148e+07 0
4.17042e+07 0
4.1816e+07 0
4.18607e+07 0
4.75596e+07 0
4.7649e+07 0
4.76713e+07 0
4.7716e+07 0
4.77607e+07 0
4.77831e+07 0
4.78613e+07 0
4.80178e+07 0
4.81296e+07 0
4.8342e+07 0
5.43612e+07 0
5.44059e+07 0
5.44618e+07 0
5.44954e+07 0
5.45401e+07 0
5.45624e+07 0
5.45848e+07 0
5.46519e+07 0
5.47077e+07 0
5.48866e+07 0
5.49984e+07 0
6.21862e+07 0
6.21974e+07 0
6.22868e+07 0
6.2298e+07 0
6.23092e+07 0
6.23427e+07 0
6.23874e+07 0
6.24433e+07 0
6.24545e+07 0
6.24992e+07 0
6.28124e+07 0
6.2969e+07 0
6.99275e+07 0
6.99498e+07 0
6.9961e+07 0
6.99834e+07 0
7.00169e+07 0
7.00504e+07 0
7.01511e+07 0
7.02405e+07 0
7.02629e+07 0
7.02964e+07 0
7.033e+07 0
7.05872e+07 0
7.08667e+07 0
7.89745e+07 0
7.89968e+07 0
7.90192e+07 0
7.90527e+07 0
7.90751e+07 0
7.90974e+07 0
7.92316e+07 0
7.92764e+07 0
7.93212e+07 0
7.93659e+07 0
7.93882e+07 0
7.94553e+07 0
7.97686e+07 0
7.99141e+07 0
8.79878e+07 0
8.80101e+07 0
8.80437e+07 0
8.80884e+07 0
8.81219e+07 0
8.81555e+07 0
8.8189e+07 0
8.82115e+07 0
8.82562e+07 0
8.82786e+07 0
8.83009e+07 0
8.83121e+07 0
8.83345e+07 0
8.87707e+07 0
8.89497e+07 0
9.83628e+07 0
9.8374e+07 0
9.83964e+07 0
9.84076e+07 0
9.84187e+07 0
9.84411e+07 0
9.84635e+07 0
9.85194e+07 0
9.85307e+07 0
9.85754e+07 0
9.85866e+07 0
9.85978e+07 0
9.8609e+07 0
9.86313e+07 0
9.90116e+07 0
9.91458e+07 0
1.08629e+08 0
1.08651e+08 0
1.08674e+08 0
1.08685e+08 0
1.08707e+08 0
1.08797e+08 0
1.08819e+08 0
1.08853e+08 0
1.08897e+08 0
1.08976e+08 0
1.08987e+08 0
1.08998e+08 0
1.09043e+08 0
1.09065e+08 0
1.09076e+08 0
1.09546e+08 0
1.0958e+08 0
1.19991e+08 0
1.20025e+08 0
1.20047e+08 0
1.20069e+08 0
1.2008e+08 0
1.2017e+08 0
1.20192e+08 0
1.20203e+08 0
1.20248e+08 0
1.20449e+08 0
1.20472e+08 0
1.20494e+08 0
1.20517e+08 0
1.20606e+08 0
1.20639e+08 0
1.20662e+08 0
1.20841e+08 0
1.20874e+08 0
1.31632e+08 0
1.31644e+08 0
1.31655e+08 0
1.31677e+08 0
1.31699e+08 0
1.31755e+08 0
1.31789e+08 0
1.31845e+08 0
1.32091e+08 0
1.32236e+08 0
1.32259e+08 0
1.3227e+08 0
1.32281e+08 0
1.32292e+08 0
1.32303e+08 0
1.32314e+08 0
1.32505e+08 0
1.32516e+08 0
1.32527e+08 0
1.44179e+08 0
1.44202e+08 0
1.4428e+08 0
1.44291e+08 0
1.44302e+08 0
1.44325e+08 0
1.44336e+08 0
1.44347e+08 0
1.44537e+08 0
1.44548e+08 0
1.44559e+08 0
1.44571e+08 0
1.44582e+08 0
1.44593e+08 0
1.44615e+08 0
1.44638e+08 0
1.45063e+08 0
1.45074e+08 0
1.45085e+08 0
1.45097e+08 0
1.57096e+08 0
1.57107e+08 0
1.57118e+08 0
1.57129e+08 0
1.57141e+08 0
1.57174e+08 0
1.57196e+08 0
1.57308e+08 0
1.57454e+08 0
1.57476e+08 0
1.57487e+08 0
1.5751e+08 0
1.57521e+08 0
1.57532e+08 0
1.57543e+08 0
1.57566e+08 0
1.57935e+08 0
1.57957e+08 0
1.57968e+08 0
1.58002e+08 0
1.58013e+08 0
1.70561e+08 0
1.70583e+08 0
1.70594e+08 0
1.70617e+08 0
1.70639e+08 0
1.70661e+08 0
1.70684e+08 0
1.70818e+08 0
1.70919e+08 0
1.7093e+08 0
1.70941e+08 0
1.70975e+08 0
1.70986e+08 0
1.71008e+08 0
1.71019e+08 0
1.71053e+08 0
1.71467e+08 0
1.71489e+08 0
1.715e+08 0
1.71601e+08 0
1.71612e+08 0
1.71635e+08 0
1.83986e+08 0
1.84008e+08 0
1.84019e+08 0
1.84042e+08 0
1.84064e+08 0
1.84131e+08 0
1.84176e+08 0
1.84265e+08 0
1.844e+08 0
1.84467e+08 0
1.84489e+08 0
1.84601e+08 0
1.84612e+08 0
1.84634e+08 0
1.84646e+08 0
1.84657e+08 0
1.84847e+08 0
1.84869e+08 0
1.84881e+08 0
1.85037e+08 0
1.85048e+08 0
1.8506e+08 0
1.97818e+08 0
1.97841e+08 0
1.97852e+08 0
1.97863e+08 0
1.97886e+08 0
1.97897e+08 0
1.97964e+08 0
1.97986e+08 0
1.9812e+08 0
1.98176e+08 0
1.98188e+08 0
1.98199e+08 0
1.98255e+08 0
1.98277e+08 0
1.98333e+08 0
1.98411e+08 0
1.98523e+08 0
1.98702e+08 0
1.98736e+08 0
1.98747e+08 0
1.98892e+08 0
1.98904e+08 0
1.98926e+08 0
2.12444e+08 0
2.12455e+08 0
2.12466e+08 0
2.12488e+08 0
2.12555e+08 0
2.12578e+08 0
2.126e+08 0
2.1269e+08 0
2.12701e+08 0
2.12802e+08 0
2.12913e+08 0
2.12925e+08 0
2.12936e+08 0
2.1298e+08 0
2.13003e+08 0
2.13059e+08 0
2.13159e+08 0
2.13238e+08 0
2.13439e+08 0
2.13473e+08 0
2.13495e+08 0
2.13641e+08 0
2.13663e+08 0
2.13674e+08 0
2.27488e+08 0
2.27499e+08 0
2.2751e+08 0
2.27522e+08 0
2.27533e+08 0
2.27589e+08 0
2.27611e+08 0
2.27656e+08 0
2.27768e+08 0
2.27801e+08 0
2.27913e+08 0
2.28036e+08 0
2.28047e+08 0
2.2807e+08 0
2.28114e+08 0
2.28137e+08 0
2.28193e+08 0
2.28282e+08 0
2.28327e+08 0
2.28528e+08 0
2.28562e+08 0
2.28573e+08 0
2.28752e+08 0
2.28786e+08 0
2.28808e+08 0
2.43346e+08 0
2.43368e+08 0
2.4339e+08 0
2.43424e+08 0
2.43446e+08 0
2.43469e+08 0
2.43502e+08 0
2.43525e+08 0
2.43558e+08 0
2.43648e+08 0
2.43681e+08 0
2.43815e+08 0
2.4395e+08 0
2.43972e+08 0
2.43983e+08 0
2.44028e+08 0
2.4405e+08 0
2.44095e+08 0
2.44162e+08 0
2.44185e+08 0
2.44375e+08 0
2.44408e+08 0
2.4442e+08 0
2.44655e+08 0
2.44699e+08 0
2.44711e+08 0
2.59562e+08 0
2.59574e+08 0
2.59596e+08 0
2.59663e+08 0
2.59674e+08 0
2.59708e+08 0
2.59753e+08 0
2.59775e+08 0
2.59797e+08 0
2.5982e+08 0
2.60099e+08 0
2.6011e+08 0
2.60189e+08 0
2.60256e+08 0
2.60289e+08 0
2.60312e+08 0
2.60323e+08 0
2.60357e+08 0
2.6039e+08 0
2.60401e+08 0
2.60424e+08 0
2.60703e+08 0
2.60759e+08 0
2.60782e+08 0
2.60894e+08 0
2.60905e+08 0
2.60927e+08 0
2.76604e+08 0
2.76615e+08 0
2.76682e+08 0
2.76693e+08 0
2.76727e+08 0
2.76749e+08 0
2.76794e+08 0
2.76816e+08 0
2.76828e+08 0
2.7685e+08 0
2.76906e+08 0
2.77197e+08 0
2.7723e+08 0
2.77286e+08 0
2.77432e+08 0
2.77454e+08 0
2.77465e+08 0
2.77543e+08 0
2.7761e+08 0
2.777e+08 0
2.77722e+08 0
2.77745e+08 0
2.7789e+08 0
2.77935e+08 0
2.77957e+08 0
2.78047e+08 0
2.78058e+08 0
2.78069e+08 0
2.94059e+08 0
2.94092e+08 0
2.94115e+08 0
2.94126e+08 0
2.94148e+08 0
2.9416e+08 0
2.94204e+08 0
2.94215e+08 0
2.94238e+08 0
2.94406e+08 0
2.94417e+08 0
2.94461e+08 0
2.94909e+08 0
2.94942e+08 0
2.94987e+08 0
2.95099e+08 0
2.95132e+08 0
2.95144e+08 0
2.95188e+08 0
2.95211e+08 0
2.95244e+08 0
2.95267e+08 0
2.95289e+08 0
2.95468e+08 0
2.95491e+08 0
2.95513e+08 0
2.95547e+08 0
2.95558e+08 0
2.95569e+08 0
3.12256e+08 0
3.12267e+08 0
3.12323e+08 0
3.12334e+08 0
3.12345e+08 0
3.12357e+08 0
3.12368e+08 0
3.1239e+08 0
3.12468e+08 0
3.1267e+08 0
3.12703e+08 0
3.12726e+08 0
3.1277e+08 0
3.13162e+08 0
3.13207e+08 0
3.13251e+08 0
3.13307e+08 0
3.13318e+08 0
3.13341e+08 0
3.13363e+08 0
3.13374e+08 0
3.13486e+08 0
3.13531e+08 0
3.13565e+08 0
3.13721e+08 0
3.13732e+08 0
3.13744e+08 0
3.13777e+08 0
3.13788e+08 0
3.138e+08 0
3.30909e+08 0
3.30954e+08 0
3.30987e+08 0
3.3101e+08 0
3.31032e+08 0
3.31043e+08 0
3.31066e+08 0
3.31099e+08 0
3.31144e+08 0
3.31546e+08 0
3.31569e+08 0
3.31602e+08 0
3.31625e+08 0
3.31636e+08 0
3.31871e+08 0
3.31882e+08 0
3.31893e+08 0
3.31949e+08 0
3.31972e+08 0
3.31994e+08 0
3.32028e+08 0
3.32184e+08 0
3.32285e+08 0
3.32307e+08 0
3.32352e+08 0
3.32419e+08 0
3.32453e+08 0
3.32486e+08 0
3.32531e+08 0
3.32542e+08 0
3.32553e+08 0
3.50368e+08 0
3.5039e+08 0
3.50401e+08 0
3.50424e+08 0
3.50469e+08 0
3.50502e+08 0
3.50536e+08 0
3.50558e+08 0
3.50681e+08 0
3.50904e+08 0
3.50916e+08 0
3.50938e+08 0
3.50972e+08 0
3.50983e+08 0
3.50994e+08 0
3.51274e+08 0
3.51341e+08 0
3.51397e+08 0
3.51464e+08 0
3.51475e+08 0
3.5152e+08 0
3.51531e+08 0
3.51542e+08 0
3.51587e+08 0
3.5161e+08 0
3.51632e+08 0
3.51654e+08 0
3.5171e+08 0
3.51788e+08 0
3.51923e+08 0
3.51956e+08 0
3.51967e+08 0
3.70438e+08 0
3.70472e+08 0
3.70483e+08 0
3.70494e+08 0
3.70506e+08 0
3.70528e+08 0
3.70561e+08 0
3.70584e+08 0
3.70595e+08 0
3.70729e+08 0
3.7074e+08 0
3.70852e+08 0
3.70897e+08 0
3.70919e+08 0
3.70942e+08 0
3.71076e+08 0
3.71098e+08 0
3.71199e+08 0
3.71233e+08 0
3.713e+08 0
3.71322e+08 0
3.71378e+08 0
3.71412e+08 0
3.71423e+08 0
3.71434e+08 0
3.71445e+08 0
3.71457e+08 0
3.71479e+08 0
3.71512e+08 0
3.71535e+08 0
3.71624e+08 0
3.7177e+08 0
3.71792e+08 0
3.90652e+08 0
3.90685e+08 0
3.90719e+08 0
3.90752e+08 0
3.90831e+08 0
3.90853e+08 0
3.90875e+08 0
3.90909e+08 0
3.90931e+08 0
3.91077e+08 0
3.91144e+08 0
3.91356e+08 0
3.91367e+08 0
3.91423e+08 0
3.91479e+08 0
3.91569e+08 0
3.9158e+08 0
3.91591e+08 0
3.91636e+08 0
3.91759e+08 0
3.91815e+08 0
3.91826e+08 0
3.91871e+08 0
3.91904e+08 0
3.91938e+08 0
3.91949e+08 0
3.9196e+08 0
3.91972e+08 0
3.92005e+08 0
3.92027e+08 0
3.92039e+08 0
3.92072e+08 0
3.92095e+08 0
3.92106e+08 0
4.11421e+08 0
4.11444e+08 0
4.115e+08 0
4.11533e+08 0
4.11567e+08 0
4.116e+08 0
4.11634e+08 0
4.11656e+08 0
4.11679e+08 0
4.1198e+08 0
4.12103e+08 0
4.12349e+08 0
4.12416e+08 0
4.12573e+08 0
4.12584e+08 0
4.12651e+08 0
4.12663e+08 0
4.12674e+08 0
4.12696e+08 0
4.12707e+08 0
4.12752e+08 0
4.12786e+08 0
4.12797e+08 0
4.12886e+08 0
4.12987e+08 0
4.13043e+08 0
4.13065e+08 0
4.13088e+08 0
4.13099e+08 0
4.1311e+08 0
4.13121e+08 0
4.13144e+08 0
4.13166e+08 0
4.13177e+08 0
4.13188e+08 0
4.33094e+08 0
4.33139e+08 0
4.33173e+08 0
4.33217e+08 0
4.33251e+08 0
4.33284e+08 0
4.33307e+08 0
4.33329e+08 0
4.33351e+08 0
4.33407e+08 0
4.33419e+08 0
4.33955e+08 0
4.34056e+08 0
4.34212e+08 0
4.34279e+08 0
4.34335e+08 0
4.34347e+08 0
4.34358e+08 0
4.34425e+08 0
4.34436e+08 0
4.34447e+08 0
4.34514e+08 0
4.3457e+08 0
4.34582e+08 0
4.34649e+08 0
4.34705e+08 0
4.34772e+08 0
4.34817e+08 0
4.34828e+08 0
4.3485e+08 0
4.34861e+08 0
4.34872e+08 0
4.34884e+08 0
4.34895e+08 0
4.3494e+08 0
4.34962e+08 0
4.55047e+08 0
4.55103e+08 0
4.55137e+08 0
4.5517e+08 0
4.55204e+08 0
4.55226e+08 0
4.5526e+08 0
4.55282e+08 0
4.55304e+08 0
4.55327e+08 0
4.55349e+08 0
4.55718e+08 0
4.55841e+08 0
4.56232e+08 0
4.56456e+08 0
4.56612e+08 0
4.56635e+08 0
4.56646e+08 0
4.56679e+08 0
4.56702e+08 0
4.56713e+08 0
4.56814e+08 0
4.56825e+08 0
4.56836e+08 0
4.56847e+08 0
4.5687e+08 0
4.56903e+08 0
4.57037e+08 0
4.57116e+08 0
4.57149e+08 0
4.5716e+08 0
4.57194e+08 0
4.57205e+08 0
4.57228e+08 0
4.5725e+08 0
4.57261e+08 0
4.57284e+08 0
4.77536e+08 0
4.7757e+08 0
4.77592e+08 0
4.77626e+08 0
4.77659e+08 0
4.77726e+08 0
4.77749e+08 0
4.77782e+08 0
4.77805e+08 0
4.77827e+08 0
4.77838e+08 0
4.78039e+08 0
4.78129e+08 0
4.78341e+08 0
4.78967e+08 0
4.79157e+08 0
4.7918e+08 0
4.79202e+08 0
4.79336e+08 0
4.79448e+08 0
4.79459e+08 0
4.79571e+08 0
4.79594e+08 0
4.79605e+08 0
4.79627e+08 0
4.79638e+08 0
4.7965e+08 0
4.79706e+08 0
4.79773e+08 0
4.79829e+08 0
4.7984e+08 0
4.79873e+08 0
4.79896e+08 0
4.79907e+08 0
4.79974e+08 0
4.80041e+08 0
4.80108e+08 0
4.80119e+08 0
5.0073e+08 0
5.00752e+08 0
5.00775e+08 0
5.00797e+08 0
5.00842e+08 0
5.00864e+08 0
5.00887e+08 0
5.00931e+08 0
5.00965e+08 0
5.00987e+08 0
5.01066e+08 0
5.01177e+08 0
5.01211e+08 0
5.01256e+08 0
5.01502e+08 0
5.02005e+08 0
5.02038e+08 0
5.02184e+08 0
5.02407e+08 0
5.02642e+08 0
5.02664e+08 0
5.02899e+08 0
5.02922e+08 0
5.02955e+08 0
5.02977e+08 0
5.03011e+08 0
5.03033e+08 0
5.03112e+08 0
5.03123e+08 0
5.03168e+08 0
5.0319e+08 0
5.03201e+08 0
5.03212e+08 0
5.03224e+08 0
5.03235e+08 0
5.03257e+08 0
5.03436e+08 0
5.03503e+08 0
5.03526e+08 0
5.24387e+08 0
5.24398e+08 0
5.2442e+08 0
5.24432e+08 0
5.24454e+08 0
5.24476e+08 0
5.24488e+08 0
5.24521e+08 0
5.24532e+08 0
5.24622e+08 0
5.24633e+08 0
5.24666e+08 0
5.24689e+08 0
5.247e+08 0
5.24946e+08 0
5.25136e+08 0
5.25192e+08 0
5.25349e+08 0
5.25561e+08 0
5.25695e+08 0
5.25729e+08 0
5.26165e+08 0
5.26198e+08 0
5.26232e+08 0
5.26265e+08 0
5.26321e+08 0
5.26355e+08 0
5.26377e+08 0
5.2659e+08 0
5.26612e+08 0
5.26992e+08 0
5.27026e+08 0
5.27048e+08 0
5.2707e+08 0
5.27082e+08 0
5.27115e+08 0
5.27137e+08 0
5.27171e+08 0
5.27205e+08 0
5.27216e+08 0
5.48669e+08 0
5.48691e+08 0
5.48725e+08 0
5.48736e+08 0
5.48747e+08 0
5.48758e+08 0
5.48769e+08 0
5.4878e+08 0
5.48792e+08 0
5.48803e+08 0
5.48881e+08 0
5.48903e+08 0
5.48926e+08 0
5.48948e+08 0
5.49082e+08 0
5.49205e+08 0
5.49217e+08 0
5.49373e+08 0
5.49451e+08 0
5.49809e+08 0
5.49843e+08 0
5.50256e+08 0
5.50357e+08 0
5.50379e+08 0
5.50413e+08 0
5.5048e+08 0
5.50569e+08 0
5.50603e+08 0
5.50614e+08 0
5.50827e+08 0
5.50882e+08 0
5.50961e+08 0
5.50983e+08 0
5.51006e+08 0
5.5105e+08 0
5.51073e+08 0
5.51106e+08 0
5.5114e+08 0
5.51397e+08 0
5.51498e+08 0
5.51531e+08 0
5.73551e+08 0
5.73629e+08 0
5.73663e+08 0
5.73674e+08 0
5.73685e+08 0
5.73708e+08 0
5.73719e+08 0
5.73775e+08 0
5.73797e+08 0
5.73808e+08 0
5.73831e+08 0
5.73853e+08 0
5.73864e+08 0
5.73886e+08 0
5.73954e+08 0
5.73976e+08 0
5.73987e+08 0
5.7401e+08 0
5.74032e+08 0
5.74244e+08 0
5.74267e+08 0
5.74915e+08 0
5.74926e+08 0
5.74949e+08 0
5.74994e+08 0
5.75027e+08 0
5.75038e+08 0
5.75061e+08 0
5.75083e+08 0
5.75105e+08 0
5.75295e+08 0
5.7534e+08 0
5.75396e+08 0
5.75452e+08 0
5.75474e+08 0
5.75631e+08 0
5.75642e+08 0
5.7581e+08 0
5.75854e+08 0
5.76112e+08 0
5.76145e+08 0
5.76167e+08 0
5.99069e+08 0
5.99125e+08 0
5.99136e+08 0
5.99148e+08 0
5.99159e+08 0
5.9917e+08 0
5.99181e+08 0
5.99192e+08 0
5.99203e+08 0
5.99226e+08 0
5.99237e+08 0
5.99248e+08 0
5.99259e+08 0
5.99271e+08 0
5.99338e+08 0
5.99449e+08 0
5.99494e+08 0
5.99528e+08 0
5.99572e+08 0
5.9964e+08 0
5.99651e+08 0
5.99998e+08 0
6.00109e+08 0
6.00132e+08 0
6.00199e+08 0
6.00221e+08 0
6.00244e+08 0
6.00288e+08 0
6.00299e+08 0
6.00322e+08 0
6.00344e+08 0
6.00702e+08 0
6.00713e+08 0
6.0078e+08 0
6.00814e+08 0
6.00836e+08 0
6.01171e+08 0
6.01239e+08 0
6.01317e+08 0
6.01339e+08 0
6.01373e+08 0
6.01395e+08 0
6.01429e+08 0
6.26012e+08 0
6.26079e+08 0
6.26101e+08 0
6.26113e+08 0
6.26146e+08 0
6.26169e+08 0
6.2618e+08 0
6.26191e+08 0
6.26213e+08 0
6.26269e+08 0
6.2628e+08 0
6.26314e+08 0
6.26336e+08 0
6.26347e+08 0
6.26403e+08 0
6.26448e+08 0
6.26482e+08 0
6.26493e+08 0
6.26526e+08 0
6.26593e+08 0
6.26605e+08 0
6.26828e+08 0
6.26839e+08 0
6.26851e+08 0
6.26862e+08 0
6.26873e+08 0
6.26884e+08 0
6.26929e+08 0
6.26951e+08 0
6.26974e+08 0
6.26996e+08 0
6.27041e+08 0
6.27052e+08 0
6.27063e+08 0
6.27108e+08 0
6.27142e+08 0
6.27164e+08 0
6.27298e+08 0
6.2732e+08 0
6.27399e+08 0
6.2741e+08 0
6.27432e+08 0
6.27444e+08 0
6.27466e+08 0
6.32085e+08 0
6.32096e+08 0
6.32108e+08 0
