534888 0
1.12721e+06 0
1.71953e+06 0
2.31185e+06 0
2.90417e+06 0
3.4965e+06 0
4.08888e+06 0
4.68127e+06 0
5.27376e+06 0
5.86643e+06 0
6.45944e+06 0
7.15472e+06 0
8.08212e+06 0
8.10447e+06 0
8.92895e+06 0
8.96248e+06 0
1.02003e+07 0
1.0245e+07 0
1.02674e+07 0
1.25819e+07 0
1.26266e+07 0
1.2649e+07 0
1.26825e+07 0
1.47111e+07 0
1.47334e+07 0
1.54041e+07 0
1.54488e+07 0
1.54712e+07 0
1.7692e+07 0
1.77814e+07 0
1.85975e+07 0
1.86758e+07 0
1.8754e+07 0
1.87876e+07 0
2.12886e+07 0
2.13557e+07 0
2.23058e+07 0
2.24064e+07 0
2.25965e+07 0
2.26077e+07 0
2.263e+07 0
2.53815e+07 0
2.54598e+07 0
2.63318e+07 0
2.63765e+07 0
2.65331e+07 0
2.66113e+07 0
2.66337e+07 0
2.97542e+07 0
2.98101e+07 0
3.01789e+07 0
3.08498e+07 0
3.10398e+07 0
3.12857e+07 0
3.13192e+07 0
3.13415e+07 0
3.47665e+07 0
3.48224e+07 0
3.48783e+07 0
3.52807e+07 0
3.60633e+07 0
3.61527e+07 0
3.63204e+07 0
3.63875e+07 0
3.64545e+07 0
4.02963e+07 0
4.0341e+07 0
4.03858e+07 0
4.09448e+07 0
4.09671e+07 0
4.18502e+07 0
4.21409e+07 0
4.23421e+07 0
4.24315e+07 0
4.24762e+07 0
4.64692e+07 0
4.64915e+07 0
4.65139e+07 0
4.71624e+07 0
4.7196e+07 0
4.72295e+07 0
4.85262e+07 0
4.90962e+07 0
4.92638e+07 0
4.93533e+07 0
4.94091e+07 0
5.30113e+07 0
5.31007e+07 0
5.31455e+07 0
5.37604e+07 0
5.39729e+07 0
5.39953e+07 0
5.60407e+07 0
5.60966e+07 0
5.62866e+07 0
5.6443e+07 0
5.65883e+07 0
5.67225e+07 0
6.02915e+07 0
6.03362e+07 0
6.03809e+07 0
6.1074e+07 0
6.12977e+07 0
6.132e+07 0
6.3902e+07 0
6.40026e+07 0
6.41032e+07 0
6.42038e+07 0
6.43044e+07 0
6.44273e+07 0
6.45279e+07 0
6.81154e+07 0
6.82943e+07 0
6.83278e+07 0
6.87973e+07 0
6.94681e+07 0
6.95129e+07 0
7.19494e+07 0
7.205e+07 0
7.20724e+07 0
7.20948e+07 0
7.22737e+07 0
7.23407e+07 0
7.2419e+07 0
7.25084e+07 0
7.61673e+07 0
7.63462e+07 0
7.64021e+07 0
7.71735e+07 0
7.80455e+07 0
7.80678e+07 0
8.00686e+07 0
8.04933e+07 0
8.05604e+07 0
8.05715e+07 0
8.07169e+07 0
8.07951e+07 0
8.08621e+07 0
8.09516e+07 0
8.10633e+07 0
8.49909e+07 0
8.52479e+07 0
8.52815e+07 0
8.62876e+07 0
8.72268e+07 0
8.72491e+07 0
8.93504e+07 0
8.94175e+07 0
8.96969e+07 0
8.97416e+07 0
8.99093e+07 0
9.00099e+07 0
9.01105e+07 0
9.01999e+07 0
9.03228e+07 0
9.04234e+07 0
9.45314e+07 0
9.47326e+07 0
9.48332e+07 0
9.6007e+07 0
9.76838e+07 0
9.77285e+07 0
9.9148e+07 0
9.9215e+07 0
9.92598e+07 0
9.93156e+07 0
9.95615e+07 0
9.96062e+07 0
9.96733e+07 0
9.99303e+07 0
9.99638e+07 0
1.00042e+08 0
1.00411e+08 0
1.04699e+08 0
1.04733e+08 0
1.04867e+08 0
1.06342e+08 0
1.08209e+08 0
1.08265e+08 0
1.0926e+08 0
1.09316e+08 0
1.09372e+08 0
1.09439e+08 0
1.09539e+08 0
1.09618e+08 0
1.09718e+08 0
1.09819e+08 0
1.09897e+08 0
1.09975e+08 0
1.10098e+08 0
1.10925e+08 0
1.15256e+08 0
1.15413e+08 0
1.15457e+08 0
1.1728e+08 0
1.19482e+08 0
1.19493e+08 0
1.20063e+08 0
1.20141e+08 0
1.20208e+08 0
1.20286e+08 0
1.20342e+08 0
1.20532e+08 0
1.20655e+08 0
1.21169e+08 0
1.21292e+08 0
1.21628e+08 0
1.21661e+08 0
1.21706e+08 0
1.22075e+08 0
1.2635e+08 0
1.26417e+08 0
1.26663e+08 0
1.28943e+08 0
1.31011e+08 0
1.31067e+08 0
1.31727e+08 0
1.31962e+08 0
1.32107e+08 0
1.3223e+08 0
1.32409e+08 0
1.32576e+08 0
1.32666e+08 0
1.32733e+08 0
1.32789e+08 0
1.32867e+08 0
1.32967e+08 0
1.33113e+08 0
1.33224e+08 0
1.33571e+08 0
1.38191e+08 0
1.38236e+08 0
1.38403e+08 0
1.41086e+08 0
1.4321e+08 0
1.43311e+08 0
1.43702e+08 0
1.44004e+08 0
1.44104e+08 0
1.44216e+08 0
1.44317e+08 0
1.4444e+08 0
1.44529e+08 0
1.44674e+08 0
1.44831e+08 0
1.44987e+08 0
1.4511e+08 0
1.45356e+08 0
1.45568e+08 0
1.45893e+08 0
1.45926e+08 0
1.50694e+08 0
1.50727e+08 0
1.50817e+08 0
1.53656e+08 0
1.56182e+08 0
1.56205e+08 0
1.56753e+08 0
1.56875e+08 0
1.56998e+08 0
1.5711e+08 0
1.57177e+08 0
1.57222e+08 0
1.57323e+08 0
1.57557e+08 0
1.58015e+08 0
1.58161e+08 0
1.58317e+08 0
1.58451e+08 0
1.58653e+08 0
1.58731e+08 0
1.58809e+08 0
1.58876e+08 0
1.63722e+08 0
1.63756e+08 0
1.63845e+08 0
1.66126e+08 0
1.69244e+08 0
1.69278e+08 0
1.69859e+08 0
1.69948e+08 0
1.70172e+08 0
1.70373e+08 0
1.70463e+08 0
1.70507e+08 0
1.70586e+08 0
1.70731e+08 0
1.71055e+08 0
1.71536e+08 0
1.71592e+08 0
1.71659e+08 0
1.71715e+08 0
1.71804e+08 0
1.71826e+08 0
1.7186e+08 0
1.77131e+08 0
1.77164e+08 0
1.77209e+08 0
1.77287e+08 0
1.7959e+08 0
1.82765e+08 0
1.82787e+08 0
1.83335e+08 0
1.83514e+08 0
1.83603e+08 0
1.83659e+08 0
1.8367e+08 0
1.83748e+08 0
1.83838e+08 0
1.84408e+08 0
1.85045e+08 0
1.85123e+08 0
1.85257e+08 0
1.85335e+08 0
1.85414e+08 0
1.85481e+08 0
1.85525e+08 0
1.8557e+08 0
1.91009e+08 0
1.91043e+08 0
1.91076e+08 0
1.91143e+08 0
1.91221e+08 0
1.93681e+08 0
1.96833e+08 0
1.96889e+08 0
1.97727e+08 0
1.98018e+08 0
1.98152e+08 0
1.98241e+08 0
1.9832e+08 0
1.98364e+08 0
1.98398e+08 0
1.98666e+08 0
1.98744e+08 0
1.98834e+08 0
1.98923e+08 0
1.99046e+08 0
1.99191e+08 0
1.99538e+08 0
1.99605e+08 0
1.99694e+08 0
2.05525e+08 0
2.05603e+08 0
2.05637e+08 0
2.0567e+08 0
2.05737e+08 0
2.05782e+08 0
2.08878e+08 0
2.11639e+08 0
2.11706e+08 0
2.12768e+08 0
2.13014e+08 0
2.13148e+08 0
2.13171e+08 0
2.13204e+08 0
2.13282e+08 0
2.13338e+08 0
2.1345e+08 0
2.13584e+08 0
2.13718e+08 0
2.13864e+08 0
2.13987e+08 0
2.14121e+08 0
2.14221e+08 0
2.14322e+08 0
2.14411e+08 0
2.20655e+08 0
2.20678e+08 0
2.207e+08 0
2.20756e+08 0
2.20778e+08 0
2.20801e+08 0
2.20823e+08 0
2.23987e+08 0
2.27329e+08 0
2.27374e+08 0
2.28268e+08 0
2.2838e+08 0
2.28614e+08 0
2.28693e+08 0
2.28771e+08 0
2.28894e+08 0
2.29006e+08 0
2.29151e+08 0
2.29285e+08 0
2.29408e+08 0
2.29497e+08 0
2.2962e+08 0
2.29743e+08 0
2.29821e+08 0
2.29922e+08 0
2.29978e+08 0
2.36234e+08 0
2.36256e+08 0
2.3639e+08 0
2.36413e+08 0
2.36435e+08 0
2.36446e+08 0
2.3648e+08 0
2.36491e+08 0
2.3952e+08 0
2.43578e+08 0
2.43634e+08 0
2.4426e+08 0
2.4436e+08 0
2.44461e+08 0
2.44584e+08 0
2.44751e+08 0
2.44874e+08 0
2.45187e+08 0
2.45277e+08 0
2.454e+08 0
2.45478e+08 0
2.4569e+08 0
2.45724e+08 0
2.45746e+08 0
2.45836e+08 0
2.45925e+08 0
2.4597e+08 0
2.52449e+08 0
2.52483e+08 0
2.52528e+08 0
2.5255e+08 0
2.52572e+08 0
2.52606e+08 0
2.52617e+08 0
2.52651e+08 0
2.52718e+08 0
2.5625e+08 0
2.60196e+08 0
2.60497e+08 0
2.60743e+08 0
2.60799e+08 0
2.60922e+08 0
2.61012e+08 0
2.61123e+08 0
2.61213e+08 0
2.61481e+08 0
2.61604e+08 0
2.61716e+08 0
2.61772e+08 0
2.61906e+08 0
2.62006e+08 0
2.62219e+08 0
2.62275e+08 0
2.62431e+08 0
2.62498e+08 0
2.69243e+08 0
2.69276e+08 0
2.6931e+08 0
2.69321e+08 0
2.69343e+08 0
2.69422e+08 0
2.69455e+08 0
2.695e+08 0
2.69545e+08 0
2.73759e+08 0
2.73837e+08 0
2.77257e+08 0
2.77481e+08 0
2.77928e+08 0
2.78029e+08 0
2.78118e+08 0
2.78252e+08 0
2.78297e+08 0
2.78409e+08 0
2.78632e+08 0
2.78722e+08 0
2.78979e+08 0
2.79102e+08 0
2.79169e+08 0
2.79225e+08 0
2.79325e+08 0
2.79448e+08 0
2.79538e+08 0
2.79593e+08 0
2.86581e+08 0
2.86626e+08 0
2.86737e+08 0
2.86782e+08 0
2.86793e+08 0
2.86883e+08 0
2.86972e+08 0
2.87006e+08 0
2.87173e+08 0
2.91533e+08 0
2.916e+08 0
2.91644e+08 0
2.95031e+08 0
2.95165e+08 0
2.95467e+08 0
2.9559e+08 0
2.95691e+08 0
2.95735e+08 0
2.95825e+08 0
2.96127e+08 0
2.96183e+08 0
2.96294e+08 0
2.96652e+08 0
2.96764e+08 0
2.96987e+08 0
2.97043e+08 0
2.97099e+08 0
2.97144e+08 0
2.97311e+08 0
2.97345e+08 0
3.04584e+08 0
3.04595e+08 0
3.04629e+08 0
3.04763e+08 0
3.04796e+08 0
3.04897e+08 0
3.04975e+08 0
3.05031e+08 0
3.05266e+08 0
3.10151e+08 0
3.10184e+08 0
3.10251e+08 0
3.13348e+08 0
3.13426e+08 0
3.13493e+08 0
3.13716e+08 0
3.13985e+08 0
3.1404e+08 0
3.14197e+08 0
3.14275e+08 0
3.14834e+08 0
3.1499e+08 0
3.15069e+08 0
3.15382e+08 0
3.15426e+08 0
3.15471e+08 0
3.15527e+08 0
3.15561e+08 0
3.15594e+08 0
3.15672e+08 0
3.15728e+08 0
3.23106e+08 0
3.23139e+08 0
3.2324e+08 0
3.23251e+08 0
3.23296e+08 0
3.23341e+08 0
3.23486e+08 0
3.23531e+08 0
3.23799e+08 0
3.28762e+08 0
3.28784e+08 0
3.28829e+08 0
3.32428e+08 0
3.3254e+08 0
3.32629e+08 0
3.32909e+08 0
3.33412e+08 0
3.33535e+08 0
3.33837e+08 0
3.33915e+08 0
3.33982e+08 0
3.34049e+08 0
3.34094e+08 0
3.34149e+08 0
3.34395e+08 0
3.3444e+08 0
3.34529e+08 0
3.34552e+08 0
3.34619e+08 0
3.34652e+08 0
3.34686e+08 0
3.34708e+08 0
3.42216e+08 0
3.4225e+08 0
3.42306e+08 0
3.42373e+08 0
3.42406e+08 0
3.4244e+08 0
3.42462e+08 0
3.42674e+08 0
3.4301e+08 0
3.48051e+08 0
3.48163e+08 0
3.48208e+08 0
3.52265e+08 0
3.52377e+08 0
3.52489e+08 0
3.52679e+08 0
3.52824e+08 0
3.53059e+08 0
3.53137e+08 0
3.53372e+08 0
3.53461e+08 0
3.53528e+08 0
3.53584e+08 0
3.53785e+08 0
3.5383e+08 0
3.53942e+08 0
3.5402e+08 0
3.54065e+08 0
3.54098e+08 0
3.54154e+08 0
3.54199e+08 0
3.54221e+08 0
3.54299e+08 0
3.61955e+08 0
3.61977e+08 0
3.62022e+08 0
3.62133e+08 0
3.62234e+08 0
3.62256e+08 0
3.62312e+08 0
3.62379e+08 0
3.63117e+08 0
3.68069e+08 0
3.68348e+08 0
3.6855e+08 0
3.72451e+08 0
3.72663e+08 0
3.72864e+08 0
3.73032e+08 0
3.7311e+08 0
3.73188e+08 0
3.73367e+08 0
3.73434e+08 0
3.73535e+08 0
3.73568e+08 0
3.73613e+08 0
3.73647e+08 0
3.73736e+08 0
3.73792e+08 0
3.73837e+08 0
3.73892e+08 0
3.74004e+08 0
3.74038e+08 0
3.74105e+08 0
3.74239e+08 0
3.74306e+08 0
3.74373e+08 0
3.82176e+08 0
3.82232e+08 0
3.8231e+08 0
3.82411e+08 0
3.82511e+08 0
3.82634e+08 0
3.82645e+08 0
3.8269e+08 0
3.83562e+08 0
3.89285e+08 0
3.89777e+08 0
3.89844e+08 0
3.92795e+08 0
3.93007e+08 0
3.9313e+08 0
3.93242e+08 0
3.93466e+08 0
3.93589e+08 0
3.937e+08 0
3.93857e+08 0
3.93935e+08 0
3.94013e+08 0
3.94092e+08 0
3.94248e+08 0
3.9427e+08 0
3.94304e+08 0
3.9436e+08 0
3.94483e+08 0
3.94516e+08 0
3.94639e+08 0
3.94706e+08 0
3.95153e+08 0
3.95198e+08 0
3.95243e+08 0
3.95276e+08 0
4.0291e+08 0
4.03021e+08 0
4.03088e+08 0
4.03278e+08 0
4.0339e+08 0
4.03558e+08 0
4.03569e+08 0
4.0367e+08 0
4.04296e+08 0
4.10824e+08 0
4.11014e+08 0
4.11092e+08 0
4.13685e+08 0
4.13775e+08 0
4.14021e+08 0
4.14088e+08 0
4.14177e+08 0
4.14278e+08 0
4.14457e+08 0
4.14579e+08 0
4.14725e+08 0
4.14859e+08 0
4.14993e+08 0
4.15082e+08 0
4.15418e+08 0
4.1544e+08 0
4.15518e+08 0
4.15764e+08 0
4.15977e+08 0
4.16133e+08 0
4.16424e+08 0
4.16457e+08 0
4.16614e+08 0
4.16658e+08 0
4.16703e+08 0
4.16748e+08 0
4.24337e+08 0
4.24381e+08 0
4.24448e+08 0
4.24705e+08 0
4.24851e+08 0
4.24929e+08 0
4.25074e+08 0
4.25108e+08 0
4.25622e+08 0
4.32553e+08 0
4.3281e+08 0
4.32922e+08 0
4.35258e+08 0
4.35459e+08 0
4.35727e+08 0
4.35805e+08 0
4.35884e+08 0
4.36007e+08 0
4.36074e+08 0
4.36152e+08 0
4.36286e+08 0
4.36409e+08 0
4.36554e+08 0
4.367e+08 0
4.36845e+08 0
4.37158e+08 0
4.37191e+08 0
4.37325e+08 0
4.37963e+08 0
4.37996e+08 0
4.38309e+08 0
4.3832e+08 0
4.38343e+08 0
4.38398e+08 0
4.38454e+08 0
4.38521e+08 0
4.38588e+08 0
4.46423e+08 0
4.46479e+08 0
4.46524e+08 0
4.46714e+08 0
4.47016e+08 0
4.4715e+08 0
4.47228e+08 0
4.47251e+08 0
4.47865e+08 0
4.55165e+08 0
4.55612e+08 0
4.55646e+08 0
4.57702e+08 0
4.57769e+08 0
4.57848e+08 0
4.57937e+08 0
4.58094e+08 0
4.58194e+08 0
4.58507e+08 0
4.58619e+08 0
4.58742e+08 0
4.5882e+08 0
4.58976e+08 0
4.59099e+08 0
4.59189e+08 0
4.59412e+08 0
4.59815e+08 0
4.59882e+08 0
4.59971e+08 0
4.60262e+08 0
4.60351e+08 0
4.6091e+08 0
4.60999e+08 0
4.61044e+08 0
4.61067e+08 0
4.61089e+08 0
4.61111e+08 0
4.61156e+08 0
4.69204e+08 0
4.69226e+08 0
4.69248e+08 0
4.69427e+08 0
4.69718e+08 0
4.69874e+08 0
4.69975e+08 0
4.70109e+08 0
4.70444e+08 0
4.7799e+08 0
4.78437e+08 0
4.78471e+08 0
4.80416e+08 0
4.80494e+08 0
4.80617e+08 0
4.80706e+08 0
4.80941e+08 0
4.81041e+08 0
4.81142e+08 0
4.81254e+08 0
4.81366e+08 0
4.81678e+08 0
4.81768e+08 0
4.81857e+08 0
4.8198e+08 0
4.82114e+08 0
4.82204e+08 0
4.82539e+08 0
4.82606e+08 0
4.82941e+08 0
4.83187e+08 0
4.83232e+08 0
4.83746e+08 0
4.8388e+08 0
4.84048e+08 0
4.84149e+08 0
4.84204e+08 0
4.84227e+08 0
4.84249e+08 0
4.92387e+08 0
4.92442e+08 0
4.92577e+08 0
4.92644e+08 0
4.93012e+08 0
4.93046e+08 0
4.93147e+08 0
4.93281e+08 0
4.93694e+08 0
5.01553e+08 0
5.01642e+08 0
5.01687e+08 0
5.03833e+08 0
5.03923e+08 0
5.04001e+08 0
5.04113e+08 0
5.0428e+08 0
5.04392e+08 0
5.0456e+08 0
5.04705e+08 0
5.04817e+08 0
5.04996e+08 0
5.05085e+08 0
5.05152e+08 0
5.05353e+08 0
5.05454e+08 0
5.05543e+08 0
5.05644e+08 0
5.05733e+08 0
5.05834e+08 0
5.06214e+08 0
5.06549e+08 0
5.06661e+08 0
5.07175e+08 0
5.07354e+08 0
5.07477e+08 0
5.07723e+08 0
5.0779e+08 0
5.07857e+08 0
5.07868e+08 0
5.16252e+08 0
5.16319e+08 0
5.1652e+08 0
5.16654e+08 0
5.16687e+08 0
5.16844e+08 0
5.17123e+08 0
5.1719e+08 0
5.17347e+08 0
5.2534e+08 0
5.25373e+08 0
5.2544e+08 0
5.27665e+08 0
5.27799e+08 0
5.27877e+08 0
5.27989e+08 0
5.28078e+08 0
5.2819e+08 0
5.28302e+08 0
5.28425e+08 0
5.28559e+08 0
5.28704e+08 0
5.28872e+08 0
5.28995e+08 0
5.29106e+08 0
5.29229e+08 0
5.29341e+08 0
5.29431e+08 0
5.29553e+08 0
5.2971e+08 0
5.29855e+08 0
5.29956e+08 0
5.30079e+08 0
5.30772e+08 0
5.31029e+08 0
5.31062e+08 0
5.31163e+08 0
5.31733e+08 0
5.32012e+08 0
5.32124e+08 0
5.32158e+08 0
5.40776e+08 0
5.40799e+08 0
5.40888e+08 0
5.41e+08 0
5.41078e+08 0
5.41246e+08 0
5.41603e+08 0
5.41682e+08 0
5.41749e+08 0
5.49809e+08 0
5.49842e+08 0
5.49921e+08 0
5.52313e+08 0
5.52402e+08 0
5.52503e+08 0
5.52592e+08 0
5.52894e+08 0
5.53005e+08 0
5.53106e+08 0
5.53207e+08 0
5.53341e+08 0
5.53676e+08 0
5.53844e+08 0
5.54e+08 0
5.54145e+08 0
5.54268e+08 0
5.54391e+08 0
5.54503e+08 0
5.54648e+08 0
5.5476e+08 0
5.54861e+08 0
5.54939e+08 0
5.55006e+08 0
5.55062e+08 0
5.55475e+08 0
5.55632e+08 0
5.55665e+08 0
5.55856e+08 0
5.56683e+08 0
5.56794e+08 0
5.56828e+08 0
5.56839e+08 0
5.65749e+08 0
5.65793e+08 0
5.65838e+08 0
5.66039e+08 0
5.66095e+08 0
5.6624e+08 0
5.6662e+08 0
5.66687e+08 0
5.66777e+08 0
5.75094e+08 0
5.7515e+08 0
5.75184e+08 0
5.77061e+08 0
5.77128e+08 0
5.77218e+08 0
5.77609e+08 0
5.77654e+08 0
5.77698e+08 0
5.77788e+08 0
5.77888e+08 0
5.77989e+08 0
5.78134e+08 0
5.78279e+08 0
5.78425e+08 0
5.7857e+08 0
5.78738e+08 0
5.78883e+08 0
5.79039e+08 0
5.79721e+08 0
5.79878e+08 0
5.79989e+08 0
5.80068e+08 0
5.80224e+08 0
5.80358e+08 0
5.80481e+08 0
5.80794e+08 0
5.80872e+08 0
5.80884e+08 0
5.81129e+08 0
5.81901e+08 0
5.82035e+08 0
5.82068e+08 0
5.82091e+08 0
5.91195e+08 0
5.91251e+08 0
5.9134e+08 0
5.91429e+08 0
5.91619e+08 0
5.91754e+08 0
5.92e+08 0
5.92078e+08 0
5.92178e+08 0
6.00999e+08 0
6.01043e+08 0
6.01133e+08 0
6.02888e+08 0
6.03089e+08 0
6.03189e+08 0
6.0329e+08 0
6.03402e+08 0
6.03513e+08 0
6.03625e+08 0
6.03748e+08 0
6.03882e+08 0
6.04016e+08 0
6.04162e+08 0
6.04318e+08 0
6.04463e+08 0
6.04609e+08 0
6.0472e+08 0
6.04843e+08 0
6.04978e+08 0
6.05089e+08 0
6.05436e+08 0
6.05648e+08 0
6.0576e+08 0
6.06341e+08 0
6.0643e+08 0
6.06699e+08 0
6.06889e+08 0
6.07034e+08 0
6.07045e+08 0
6.07135e+08 0
6.07939e+08 0
6.0804e+08 0
6.08085e+08 0
6.08129e+08 0
6.12812e+08 0
6.12823e+08 0
6.12834e+08 0
