1927.25 0.494837
2882.92 0.661602
3836.6 0.745719
4790.27 0.796342
5743.95 0.830156
6697.62 0.85434
7651.3 0.872495
8604.97 0.886627
9558.64 0.897938
10512.3 0.907197
11466 0.914916
12419.7 0.921449
13373.3 0.927051
14327 0.931907
15280.7 0.936156
16234.4 0.939907
17188 0.943241
18141.7 0.946225
19095.4 0.94891
20049.1 0.951341
21002.7 0.95355
21956.4 0.955568
22910.1 0.957417
23863.8 0.959119
24817.4 0.96069
25771.1 0.962145
26724.8 0.963495
27678.5 0.964753
28632.1 0.965927
29585.8 0.967026
30539.5 0.968055
31493.2 0.969023
36261.5 0.878181
38168.9 0.773607
39122.5 0.78471
41983.6 0.726816
45798.3 0.657181
48659.3 0.625212
49613 0.637152
50567.6 0.648333
70060 0.494324
71013.7 0.661602
71967.4 0.745719
72921 0.796342
73874.7 0.830156
74828.4 0.85434
75782.1 0.872495
76735.7 0.886627
77689.4 0.897938
78643.1 0.907197
79596.8 0.914916
80550.4 0.921449
81504.1 0.927051
82457.8 0.931907
83411.5 0.936156
84365.1 0.939907
85318.8 0.943241
86272.5 0.946225
87226.2 0.94891
88179.8 0.951341
89133.5 0.95355
90087.2 0.955568
91040.9 0.957417
91994.5 0.959119
92948.2 0.96069
93901.9 0.962145
94855.6 0.963495
95809.2 0.964753
96762.9 0.965927
97716.6 0.967026
98670.3 0.968055
99625.9 0.968961
143607 0.49458
144563 0.661373
145517 0.745524
146470 0.796176
147424 0.830011
148378 0.854212
149331 0.872381
150285 0.886523
151239 0.897844
152193 0.907111
153146 0.914836
154100 0.921375
155054 0.926981
156007 0.931842
156961 0.936095
157915 0.939849
158868 0.943186
159822 0.946173
160776 0.948861
161729 0.951293
162683 0.953505
163637 0.955524
164590 0.957375
165544 0.959079
166498 0.960651
167451 0.962107
168405 0.963459
169361 0.964649
