3.00485e+06 3.00485e+06
8.27329e+06 5.26844e+06
8.27332e+06 5.26847e+06
9.77993e+06 1.50664e+06
9.77994e+06 1.50661e+06
1.17969e+07 2.01696e+06
1.17969e+07 2.01697e+06
1.17969e+07 2.01697e+06
1.45363e+07 2.73944e+06
1.45363e+07 2.73944e+06
1.45363e+07 2.73945e+06
1.45475e+07 2.75064e+06
1.75285e+07 2.99218e+06
1.75286e+07 2.99223e+06
1.75365e+07 3.00019e+06
1.75814e+07 3.03381e+06
1.76037e+07 3.05618e+06
2.1761e+07 4.23243e+06
2.1761e+07 4.23243e+06
2.1761e+07 4.22449e+06
2.1761e+07 4.17968e+06
2.17611e+07 4.15733e+06
2.17611e+07 4.15734e+06
2.59319e+07 4.17095e+06
2.59319e+07 4.17094e+06
2.5932e+07 4.17095e+06
2.5932e+07 4.17095e+06
2.5932e+07 4.17093e+06
2.5932e+07 4.17093e+06
2.5932e+07 4.17094e+06
3.05156e+07 4.5837e+06
3.05156e+07 4.58368e+06
3.05156e+07 4.58365e+06
3.05156e+07 4.58365e+06
3.05156e+07 4.58365e+06
3.05156e+07 4.58365e+06
3.05157e+07 4.58367e+06
3.54764e+07 4.96081e+06
3.54764e+07 4.96082e+06
3.54764e+07 4.96081e+06
3.54876e+07 4.97199e+06
3.54988e+07 4.98321e+06
3.54988e+07 4.98321e+06
3.54989e+07 4.98321e+06
3.54989e+07 4.98324e+06
4.10455e+07 5.56908e+06
4.10567e+07 5.5803e+06
4.10567e+07 5.5803e+06
4.10903e+07 5.61384e+06
4.10903e+07 5.60266e+06
4.11238e+07 5.62501e+06
4.11239e+07 5.62501e+06
4.11239e+07 5.62501e+06
4.11686e+07 5.6697e+06
4.7264e+07 6.2185e+06
4.72752e+07 6.2185e+06
4.72752e+07 6.2185e+06
4.72753e+07 6.18501e+06
4.72865e+07 6.19619e+06
4.72865e+07 6.1962e+06
4.72865e+07 6.16265e+06
4.72977e+07 6.17387e+06
4.72977e+07 6.17387e+06
4.72978e+07 6.12916e+06
5.43124e+07 7.04844e+06
5.43125e+07 7.03731e+06
5.43125e+07 7.03731e+06
5.43126e+07 7.03731e+06
5.43126e+07 7.02613e+06
5.43126e+07 7.02614e+06
5.43126e+07 7.02614e+06
5.43126e+07 7.02614e+06
5.43239e+07 7.02616e+06
5.43239e+07 7.02615e+06
5.43239e+07 7.02613e+06
6.14652e+07 7.15277e+06
6.14876e+07 7.17509e+06
6.14876e+07 7.1751e+06
6.14877e+07 7.17512e+06
6.14877e+07 7.17512e+06
6.14877e+07 7.17512e+06
6.14877e+07 7.17512e+06
6.14878e+07 7.17515e+06
6.14878e+07 7.17517e+06
6.1499e+07 7.17514e+06
6.1499e+07 7.17515e+06
6.1499e+07 7.17515e+06
7.00245e+07 8.55927e+06
7.00357e+07 8.54807e+06
7.00469e+07 8.55924e+06
7.00692e+07 8.58152e+06
7.00692e+07 8.58152e+06
7.00692e+07 8.58152e+06
7.00916e+07 8.60387e+06
7.01028e+07 8.61504e+06
7.01028e+07 8.61505e+06
7.01029e+07 8.61507e+06
7.01141e+07 8.61508e+06
7.01142e+07 8.61512e+06
7.01142e+07 8.61514e+06
7.84298e+07 8.40537e+06
7.8441e+07 8.40534e+06
7.8441e+07 8.39416e+06
7.8441e+07 8.37181e+06
7.8441e+07 8.37181e+06
7.84411e+07 8.37181e+06
7.84411e+07 8.34946e+06
7.84411e+07 8.33827e+06
7.84411e+07 8.33827e+06
7.84411e+07 8.33827e+06
7.84411e+07 8.33823e+06
7.84635e+07 8.3494e+06
7.84747e+07 8.36053e+06
7.84747e+07 8.36054e+06
8.85736e+07 1.01438e+07
8.85737e+07 1.01327e+07
8.85737e+07 1.01327e+07
8.85737e+07 1.01327e+07
8.85737e+07 1.01327e+07
8.85738e+07 1.01327e+07
8.85738e+07 1.01327e+07
8.85738e+07 1.01327e+07
8.85738e+07 1.01327e+07
8.85738e+07 1.01327e+07
8.85738e+07 1.01327e+07
8.85738e+07 1.01327e+07
8.85738e+07 1.01103e+07
8.85738e+07 1.00991e+07
8.85738e+07 1.00991e+07
9.8191e+07 9.61741e+06
9.82023e+07 9.6286e+06
9.82023e+07 9.6286e+06
9.82023e+07 9.62859e+06
9.82135e+07 9.63979e+06
9.82135e+07 9.63979e+06
9.82136e+07 9.63979e+06
9.82136e+07 9.63979e+06
9.82136e+07 9.63979e+06
9.82136e+07 9.63979e+06
9.82136e+07 9.63979e+06
9.82136e+07 9.63979e+06
9.82136e+07 9.63979e+06
9.8236e+07 9.66215e+06
9.8236e+07 9.66215e+06
9.8236e+07 9.66215e+06
1.09358e+08 1.11666e+07
1.09402e+08 1.12001e+07
1.09402e+08 1.12001e+07
1.09402e+08 1.12001e+07
1.09402e+08 1.11889e+07
1.09402e+08 1.11889e+07
1.09402e+08 1.11889e+07
1.09402e+08 1.11889e+07
1.09402e+08 1.11889e+07
1.09402e+08 1.11889e+07
1.09402e+08 1.11889e+07
1.09414e+08 1.12001e+07
1.09414e+08 1.12001e+07
1.09414e+08 1.11778e+07
1.09414e+08 1.11778e+07
1.09414e+08 1.11778e+07
1.09425e+08 1.1189e+07
1.20423e+08 1.1065e+07
1.20467e+08 1.1065e+07
1.20467e+08 1.1065e+07
1.20467e+08 1.1065e+07
1.20467e+08 1.1065e+07
1.20467e+08 1.1065e+07
1.20467e+08 1.1065e+07
1.20467e+08 1.1065e+07
1.20467e+08 1.1065e+07
1.20467e+08 1.1065e+07
1.20467e+08 1.1065e+07
1.20468e+08 1.10538e+07
1.20468e+08 1.10538e+07
1.20468e+08 1.10538e+07
1.20468e+08 1.10538e+07
1.20468e+08 1.10538e+07
1.20468e+08 1.10538e+07
1.20468e+08 1.10426e+07
1.32506e+08 1.20836e+07
1.32562e+08 1.20948e+07
1.32562e+08 1.20948e+07
1.32562e+08 1.20948e+07
1.32562e+08 1.20948e+07
1.32562e+08 1.20948e+07
1.32562e+08 1.20948e+07
1.32562e+08 1.20948e+07
1.32562e+08 1.20948e+07
1.32562e+08 1.20948e+07
1.32562e+08 1.20948e+07
1.32562e+08 1.20948e+07
1.32562e+08 1.20948e+07
1.32562e+08 1.20948e+07
1.32562e+08 1.20948e+07
1.32562e+08 1.20948e+07
1.32585e+08 1.21171e+07
1.32585e+08 1.21172e+07
1.32585e+08 1.21172e+07
1.44774e+08 1.22683e+07
1.44797e+08 1.22347e+07
1.44808e+08 1.22459e+07
1.44819e+08 1.22571e+07
1.44819e+08 1.22571e+07
1.44819e+08 1.22571e+07
1.44819e+08 1.22571e+07
1.44819e+08 1.22571e+07
1.44819e+08 1.22571e+07
1.44819e+08 1.22571e+07
1.44819e+08 1.22571e+07
1.44819e+08 1.22571e+07
1.44819e+08 1.22571e+07
1.44819e+08 1.22571e+07
1.44819e+08 1.22571e+07
1.44842e+08 1.22795e+07
1.44842e+08 1.22571e+07
1.44842e+08 1.22571e+07
1.44842e+08 1.22571e+07
1.44842e+08 1.22571e+07
1.57872e+08 1.30976e+07
1.57895e+08 1.30976e+07
1.57895e+08 1.30864e+07
1.57917e+08 1.30976e+07
1.57928e+08 1.31088e+07
1.57939e+08 1.31199e+07
1.57939e+08 1.31199e+07
1.57939e+08 1.31199e+07
1.57939e+08 1.31199e+07
1.57939e+08 1.31199e+07
1.57939e+08 1.31199e+07
1.57939e+08 1.31199e+07
1.57939e+08 1.31199e+07
1.57939e+08 1.31199e+07
1.57939e+08 1.31199e+07
1.57939e+08 1.30976e+07
1.57939e+08 1.30976e+07
1.57951e+08 1.31087e+07
1.57951e+08 1.31087e+07
1.57951e+08 1.31087e+07
1.57951e+08 1.31088e+07
1.71333e+08 1.34611e+07
1.71356e+08 1.34611e+07
1.71356e+08 1.34611e+07
1.71378e+08 1.34611e+07
1.71378e+08 1.34499e+07
1.71378e+08 1.34388e+07
1.71378e+08 1.34388e+07
1.71378e+08 1.34387e+07
1.71378e+08 1.34387e+07
1.71378e+08 1.34387e+07
1.71378e+08 1.34387e+07
1.71378e+08 1.34387e+07
1.714e+08 1.34611e+07
1.714e+08 1.34611e+07
1.714e+08 1.34611e+07
1.714e+08 1.34611e+07
1.71401e+08 1.34611e+07
1.71401e+08 1.34499e+07
1.71401e+08 1.34499e+07
1.71401e+08 1.345e+07
1.71401e+08 1.34499e+07
1.71401e+08 1.345e+07
1.84595e+08 1.32621e+07
1.84606e+08 1.32509e+07
1.84606e+08 1.32509e+07
1.84629e+08 1.32509e+07
1.84629e+08 1.32509e+07
1.84629e+08 1.32509e+07
1.84629e+08 1.32509e+07
1.84629e+08 1.32509e+07
1.84629e+08 1.32509e+07
1.84629e+08 1.32509e+07
1.84629e+08 1.32509e+07
1.84629e+08 1.32509e+07
1.84629e+08 1.32285e+07
1.84629e+08 1.32285e+07
1.84629e+08 1.32285e+07
1.8464e+08 1.32397e+07
1.84651e+08 1.32509e+07
1.84674e+08 1.32733e+07
1.84674e+08 1.32733e+07
1.84696e+08 1.32956e+07
1.84752e+08 1.33515e+07
1.84774e+08 1.33738e+07
1.98721e+08 1.41255e+07
1.98721e+08 1.41255e+07
1.98732e+08 1.41254e+07
1.98732e+08 1.41254e+07
1.98732e+08 1.41031e+07
1.98743e+08 1.41143e+07
1.98777e+08 1.41478e+07
1.98777e+08 1.41478e+07
1.98777e+08 1.41478e+07
1.98777e+08 1.41478e+07
1.98799e+08 1.41702e+07
1.98799e+08 1.41702e+07
1.98799e+08 1.41702e+07
1.98799e+08 1.41702e+07
1.98799e+08 1.41702e+07
1.98799e+08 1.41702e+07
1.98844e+08 1.42037e+07
1.98889e+08 1.42372e+07
1.98933e+08 1.42596e+07
1.98945e+08 1.42708e+07
1.98978e+08 1.4282e+07
1.99001e+08 1.42484e+07
1.99012e+08 1.42373e+07
2.13307e+08 1.45859e+07
2.13329e+08 1.46083e+07
2.13329e+08 1.46083e+07
2.1334e+08 1.46083e+07
2.13363e+08 1.46307e+07
2.13363e+08 1.46307e+07
2.13363e+08 1.46195e+07
2.13363e+08 1.45859e+07
2.13374e+08 1.45971e+07
2.13374e+08 1.45971e+07
2.13385e+08 1.46083e+07
2.13486e+08 1.46865e+07
2.13497e+08 1.46977e+07
2.13497e+08 1.46977e+07
2.13497e+08 1.46977e+07
2.13497e+08 1.46977e+07
2.13497e+08 1.46977e+07
2.1353e+08 1.46865e+07
2.13553e+08 1.46642e+07
2.13575e+08 1.46419e+07
2.13575e+08 1.46307e+07
2.1362e+08 1.46418e+07
2.1362e+08 1.46195e+07
2.13631e+08 1.46195e+07
2.28538e+08 1.52314e+07
2.28538e+08 1.5209e+07
2.28549e+08 1.52202e+07
2.28549e+08 1.5209e+07
2.28549e+08 1.5209e+07
2.2856e+08 1.51978e+07
2.28594e+08 1.52314e+07
2.28616e+08 1.52537e+07
2.28616e+08 1.52537e+07
2.2865e+08 1.52761e+07
2.28661e+08 1.52872e+07
2.28661e+08 1.5276e+07
2.28717e+08 1.52313e+07
2.28717e+08 1.52201e+07
2.28717e+08 1.52201e+07
2.28728e+08 1.52313e+07
2.28728e+08 1.52313e+07
2.28728e+08 1.52313e+07
2.28795e+08 1.52648e+07
2.28818e+08 1.52649e+07
2.28851e+08 1.5276e+07
2.28851e+08 1.5276e+07
2.2893e+08 1.53096e+07
2.28941e+08 1.53208e+07
2.28941e+08 1.53096e+07
2.44359e+08 1.58207e+07
2.44359e+08 1.58207e+07
2.44392e+08 1.58431e+07
2.44392e+08 1.58431e+07
2.44392e+08 1.58431e+07
2.44415e+08 1.58655e+07
2.44426e+08 1.58654e+07
2.44571e+08 1.59772e+07
2.44571e+08 1.59549e+07
2.44571e+08 1.59549e+07
2.44571e+08 1.59213e+07
2.44571e+08 1.59101e+07
2.44571e+08 1.59101e+07
2.44605e+08 1.58878e+07
2.44616e+08 1.5899e+07
2.44616e+08 1.5899e+07
2.44672e+08 1.59437e+07
2.44672e+08 1.59437e+07
2.44672e+08 1.59437e+07
2.44672e+08 1.58766e+07
2.44683e+08 1.58654e+07
2.44728e+08 1.58766e+07
2.44761e+08 1.59101e+07
2.44862e+08 1.59325e+07
2.44862e+08 1.59213e+07
2.44862e+08 1.59213e+07
2.60999e+08 1.66404e+07
2.61021e+08 1.66627e+07
2.61021e+08 1.66292e+07
2.61021e+08 1.66292e+07
2.61021e+08 1.66292e+07
2.61021e+08 1.66068e+07
2.61021e+08 1.65957e+07
2.61022e+08 1.65957e+07
2.61055e+08 1.64839e+07
2.61055e+08 1.64839e+07
2.61055e+08 1.64839e+07
2.61077e+08 1.65063e+07
2.61077e+08 1.65063e+07
2.61089e+08 1.65174e+07
2.61156e+08 1.6551e+07
2.61156e+08 1.65398e+07
2.61156e+08 1.65398e+07
2.61189e+08 1.65174e+07
2.612e+08 1.65286e+07
2.61212e+08 1.65398e+07
2.61212e+08 1.65398e+07
2.61234e+08 1.6551e+07
2.61268e+08 1.65398e+07
2.61268e+08 1.65062e+07
2.61368e+08 1.65063e+07
2.61368e+08 1.65063e+07
2.61368e+08 1.65063e+07
2.78143e+08 1.71437e+07
2.78143e+08 1.71213e+07
2.78143e+08 1.71213e+07
2.78143e+08 1.71213e+07
2.78154e+08 1.71325e+07
2.78154e+08 1.71325e+07
2.78154e+08 1.71325e+07
2.78165e+08 1.71437e+07
2.78165e+08 1.71437e+07
2.7821e+08 1.71549e+07
2.7821e+08 1.71549e+07
2.7821e+08 1.71549e+07
2.78221e+08 1.71437e+07
2.78221e+08 1.71437e+07
2.78232e+08 1.71437e+07
2.78288e+08 1.71325e+07
2.78299e+08 1.71437e+07
2.78322e+08 1.7166e+07
2.78333e+08 1.71437e+07
2.78344e+08 1.71437e+07
2.78344e+08 1.71325e+07
2.78344e+08 1.71325e+07
2.78344e+08 1.71102e+07
2.78423e+08 1.71548e+07
2.78434e+08 1.7166e+07
2.78601e+08 1.72331e+07
2.78602e+08 1.72331e+07
2.78613e+08 1.72443e+07
2.95946e+08 1.78034e+07
2.95957e+08 1.78145e+07
2.95957e+08 1.78145e+07
2.95969e+08 1.78257e+07
2.95969e+08 1.78145e+07
2.95969e+08 1.78145e+07
2.95969e+08 1.78145e+07
2.95969e+08 1.78034e+07
2.9598e+08 1.78145e+07
2.96013e+08 1.78034e+07
2.96013e+08 1.78034e+07
2.96024e+08 1.78145e+07
2.96025e+08 1.78145e+07
2.96047e+08 1.78257e+07
2.96047e+08 1.78257e+07
2.96103e+08 1.78704e+07
2.96136e+08 1.78481e+07
2.96181e+08 1.78816e+07
2.96215e+08 1.78928e+07
2.96215e+08 1.78816e+07
2.96215e+08 1.78704e+07
2.96215e+08 1.78704e+07
2.96248e+08 1.79039e+07
2.96248e+08 1.79039e+07
2.96259e+08 1.78369e+07
2.96259e+08 1.78257e+07
2.96383e+08 1.7781e+07
2.96394e+08 1.77922e+07
2.96394e+08 1.77811e+07
3.14401e+08 1.84549e+07
3.14468e+08 1.85107e+07
3.14468e+08 1.85107e+07
3.14468e+08 1.84996e+07
3.14468e+08 1.84996e+07
3.14468e+08 1.84996e+07
3.14468e+08 1.84996e+07
3.14468e+08 1.84996e+07
3.14479e+08 1.84996e+07
3.1449e+08 1.84772e+07
3.14491e+08 1.84772e+07
3.14491e+08 1.84772e+07
3.14491e+08 1.8466e+07
3.14491e+08 1.8466e+07
3.14513e+08 1.8466e+07
3.14513e+08 1.8466e+07
3.14535e+08 1.84325e+07
3.14546e+08 1.84102e+07
3.14558e+08 1.83766e+07
3.1458e+08 1.83655e+07
3.1458e+08 1.83655e+07
3.1458e+08 1.83655e+07
3.1458e+08 1.83655e+07
3.14591e+08 1.83431e+07
3.14591e+08 1.83431e+07
3.14636e+08 1.83766e+07
3.14636e+08 1.83767e+07
3.1477e+08 1.83878e+07
3.14793e+08 1.8399e+07
3.14793e+08 1.8399e+07
3.3349e+08 1.90893e+07
3.3349e+08 1.90223e+07
3.33502e+08 1.90335e+07
3.33513e+08 1.90447e+07
3.33513e+08 1.90446e+07
3.33513e+08 1.90446e+07
3.33513e+08 1.90446e+07
3.33513e+08 1.90446e+07
3.33513e+08 1.90335e+07
3.33513e+08 1.90223e+07
3.33513e+08 1.90223e+07
3.33513e+08 1.90223e+07
3.33513e+08 1.90223e+07
3.33535e+08 1.90447e+07
3.33535e+08 1.90447e+07
3.33535e+08 1.90223e+07
3.33535e+08 1.90223e+07
3.33569e+08 1.90335e+07
3.3358e+08 1.90335e+07
3.3358e+08 1.90223e+07
3.33602e+08 1.90223e+07
3.33636e+08 1.90558e+07
3.33636e+08 1.90558e+07
3.33636e+08 1.90558e+07
3.33636e+08 1.90447e+07
3.33636e+08 1.90447e+07
3.33681e+08 1.90447e+07
3.33681e+08 1.90447e+07
3.33804e+08 1.90335e+07
3.33849e+08 1.90559e+07
3.33849e+08 1.90559e+07
3.52985e+08 1.94943e+07
3.52985e+08 1.94943e+07
3.52985e+08 1.94831e+07
3.52996e+08 1.94832e+07
3.52996e+08 1.94832e+07
3.53007e+08 1.94944e+07
3.53007e+08 1.94944e+07
3.53007e+08 1.94944e+07
3.53007e+08 1.94944e+07
3.53007e+08 1.94943e+07
3.53007e+08 1.94943e+07
3.53007e+08 1.94944e+07
3.53007e+08 1.94944e+07
3.53007e+08 1.9472e+07
3.53007e+08 1.9472e+07
3.53007e+08 1.9472e+07
3.5303e+08 1.94944e+07
3.53041e+08 1.95056e+07
3.53063e+08 1.94944e+07
3.53063e+08 1.94832e+07
3.53063e+08 1.94832e+07
3.53063e+08 1.94608e+07
3.53086e+08 1.94497e+07
3.53097e+08 1.94608e+07
3.53097e+08 1.94608e+07
3.5313e+08 1.94944e+07
3.5313e+08 1.94944e+07
3.53175e+08 1.94944e+07
3.53175e+08 1.94944e+07
3.53298e+08 1.94944e+07
3.53321e+08 1.9472e+07
3.53321e+08 1.9472e+07
3.73087e+08 2.01024e+07
3.73087e+08 2.01024e+07
3.73087e+08 2.01024e+07
3.73098e+08 2.01024e+07
3.7311e+08 2.01136e+07
3.7311e+08 2.01025e+07
3.7311e+08 2.01025e+07
3.7311e+08 2.01025e+07
3.7311e+08 2.01024e+07
3.7311e+08 2.01024e+07
3.7311e+08 2.01024e+07
3.7311e+08 2.01024e+07
3.7311e+08 2.01024e+07
3.7311e+08 2.01024e+07
3.7311e+08 2.01024e+07
3.7311e+08 2.01024e+07
3.7311e+08 2.01024e+07
3.7311e+08 2.00801e+07
3.73121e+08 2.00801e+07
3.73121e+08 2.00577e+07
3.73132e+08 2.00689e+07
3.73143e+08 2.00801e+07
3.73143e+08 2.00801e+07
3.73143e+08 2.00577e+07
3.73166e+08 2.00689e+07
3.73166e+08 2.00689e+07
3.73166e+08 2.00354e+07
3.73177e+08 2.00466e+07
3.73278e+08 2.01025e+07
3.73278e+08 2.01025e+07
3.73378e+08 2.00801e+07
3.73378e+08 2.00577e+07
3.7339e+08 2.0069e+07
3.93646e+08 2.05589e+07
3.93646e+08 2.05589e+07
3.93691e+08 2.06036e+07
3.93702e+08 2.06036e+07
3.93702e+08 2.05924e+07
3.93702e+08 2.05924e+07
3.93702e+08 2.05924e+07
3.93702e+08 2.05924e+07
3.93702e+08 2.05924e+07
3.93702e+08 2.05924e+07
3.93702e+08 2.05924e+07
3.93702e+08 2.05924e+07
3.93702e+08 2.05924e+07
3.93702e+08 2.05924e+07
3.93702e+08 2.05924e+07
3.93702e+08 2.05924e+07
3.93702e+08 2.05924e+07
3.93702e+08 2.05924e+07
3.93713e+08 2.06036e+07
3.93713e+08 2.05924e+07
3.93713e+08 2.05924e+07
3.93713e+08 2.05812e+07
3.93713e+08 2.05701e+07
3.93713e+08 2.05701e+07
3.93736e+08 2.05924e+07
3.93736e+08 2.05701e+07
3.93758e+08 2.05924e+07
3.93758e+08 2.05924e+07
3.93758e+08 2.05812e+07
3.93848e+08 2.05701e+07
3.9387e+08 2.05924e+07
3.93881e+08 2.0503e+07
3.93893e+08 2.05142e+07
3.93893e+08 2.0503e+07
4.14839e+08 2.11935e+07
4.14851e+08 2.12047e+07
4.14851e+08 2.11599e+07
4.14851e+08 2.11487e+07
4.14851e+08 2.11487e+07
4.14862e+08 2.11599e+07
4.14862e+08 2.11599e+07
4.14862e+08 2.11599e+07
4.14862e+08 2.11599e+07
4.14862e+08 2.11599e+07
4.14862e+08 2.11599e+07
4.14862e+08 2.11599e+07
4.14862e+08 2.11599e+07
4.14862e+08 2.11599e+07
4.14862e+08 2.11599e+07
4.14862e+08 2.11599e+07
4.14862e+08 2.11599e+07
4.14862e+08 2.11599e+07
4.14862e+08 2.11488e+07
4.14862e+08 2.11488e+07
4.14862e+08 2.11488e+07
4.14873e+08 2.11599e+07
4.14873e+08 2.11599e+07
4.14873e+08 2.116e+07
4.14873e+08 2.116e+07
4.14873e+08 2.11376e+07
4.14873e+08 2.11376e+07
4.14896e+08 2.11376e+07
4.14918e+08 2.116e+07
4.14918e+08 2.116e+07
4.14952e+08 2.11041e+07
4.14974e+08 2.11041e+07
4.15041e+08 2.116e+07
4.15041e+08 2.11489e+07
4.15053e+08 2.116e+07
4.36474e+08 2.16344e+07
4.36485e+08 2.16344e+07
4.36485e+08 2.16344e+07
4.36485e+08 2.16344e+07
4.36485e+08 2.16344e+07
4.36485e+08 2.16232e+07
4.36485e+08 2.16232e+07
4.36485e+08 2.16232e+07
4.36485e+08 2.16232e+07
4.36485e+08 2.16232e+07
4.36496e+08 2.16344e+07
4.36496e+08 2.16344e+07
4.36496e+08 2.16344e+07
4.36496e+08 2.16344e+07
4.36496e+08 2.16344e+07
4.36496e+08 2.16344e+07
4.36496e+08 2.16344e+07
4.36496e+08 2.16344e+07
4.36496e+08 2.16344e+07
4.36496e+08 2.16344e+07
4.36496e+08 2.16344e+07
4.36496e+08 2.16344e+07
4.36508e+08 2.16344e+07
4.36508e+08 2.16344e+07
4.36508e+08 2.16344e+07
4.36508e+08 2.16344e+07
4.36508e+08 2.16344e+07
4.3653e+08 2.16568e+07
4.3653e+08 2.16344e+07
4.36552e+08 2.16344e+07
4.36553e+08 2.16345e+07
4.36586e+08 2.16345e+07
4.36609e+08 2.16345e+07
4.36676e+08 2.16345e+07
4.36676e+08 2.16345e+07
4.36687e+08 2.16345e+07
4.58799e+08 2.23248e+07
4.58799e+08 2.23136e+07
4.58799e+08 2.23136e+07
4.58799e+08 2.23136e+07
4.58799e+08 2.23136e+07
4.58799e+08 2.23136e+07
4.58799e+08 2.23136e+07
4.58799e+08 2.23136e+07
4.58799e+08 2.23136e+07
4.58799e+08 2.23136e+07
4.58799e+08 2.23025e+07
4.58799e+08 2.23025e+07
4.58799e+08 2.23024e+07
4.5881e+08 2.23136e+07
4.5881e+08 2.23136e+07
4.5881e+08 2.23136e+07
4.5881e+08 2.23136e+07
4.5881e+08 2.23136e+07
4.5881e+08 2.23136e+07
4.5881e+08 2.23137e+07
4.5881e+08 2.23136e+07
4.5881e+08 2.23136e+07
4.5881e+08 2.23137e+07
4.5881e+08 2.23025e+07
4.58821e+08 2.23137e+07
4.58844e+08 2.2336e+07
4.58844e+08 2.2336e+07
4.58844e+08 2.2336e+07
4.58844e+08 2.23137e+07
4.58866e+08 2.2336e+07
4.58866e+08 2.23137e+07
4.58866e+08 2.23137e+07
4.589e+08 2.23137e+07
4.58911e+08 2.23026e+07
4.58956e+08 2.22802e+07
4.58956e+08 2.22802e+07
4.59001e+08 2.23137e+07
4.8169e+08 2.28918e+07
4.8169e+08 2.28918e+07
4.81702e+08 2.2903e+07
4.81702e+08 2.2903e+07
4.81702e+08 2.2903e+07
4.81702e+08 2.2903e+07
4.81702e+08 2.29029e+07
4.81702e+08 2.29029e+07
4.81702e+08 2.29029e+07
4.81702e+08 2.29029e+07
4.81702e+08 2.2903e+07
4.81713e+08 2.29141e+07
4.81713e+08 2.29141e+07
4.81713e+08 2.2903e+07
4.81713e+08 2.2903e+07
4.81713e+08 2.2903e+07
4.81713e+08 2.2903e+07
4.81713e+08 2.2903e+07
4.81713e+08 2.29029e+07
4.81713e+08 2.29029e+07
4.81713e+08 2.29029e+07
4.81713e+08 2.29029e+07
4.81713e+08 2.29029e+07
4.81713e+08 2.2903e+07
4.81713e+08 2.2903e+07
4.81713e+08 2.28918e+07
4.81747e+08 2.2903e+07
4.81747e+08 2.2903e+07
4.81747e+08 2.2903e+07
4.81747e+08 2.2903e+07
4.81758e+08 2.28918e+07
4.81758e+08 2.28918e+07
4.81769e+08 2.2903e+07
4.81803e+08 2.2903e+07
4.81814e+08 2.2903e+07
4.81837e+08 2.28807e+07
4.81848e+08 2.28918e+07
4.81904e+08 2.2903e+07
5.05087e+08 2.33963e+07
5.05087e+08 2.33963e+07
5.05087e+08 2.33851e+07
5.05087e+08 2.33851e+07
5.05087e+08 2.33851e+07
5.05087e+08 2.33851e+07
5.05087e+08 2.33851e+07
5.05087e+08 2.33851e+07
5.05098e+08 2.33963e+07
5.05098e+08 2.33963e+07
5.05098e+08 2.33963e+07
5.05098e+08 2.33851e+07
5.05098e+08 2.33851e+07
5.05098e+08 2.33851e+07
5.0512e+08 2.34074e+07
5.05132e+08 2.34186e+07
5.05132e+08 2.34187e+07
5.05132e+08 2.34187e+07
5.05132e+08 2.34187e+07
5.05132e+08 2.34187e+07
5.05132e+08 2.34187e+07
5.05132e+08 2.34187e+07
5.05132e+08 2.34187e+07
5.05132e+08 2.34187e+07
5.05143e+08 2.34299e+07
5.05165e+08 2.34522e+07
5.05165e+08 2.34522e+07
5.05165e+08 2.34186e+07
5.05165e+08 2.34186e+07
5.05165e+08 2.34186e+07
5.05165e+08 2.34186e+07
5.05165e+08 2.34075e+07
5.05165e+08 2.34075e+07
5.05188e+08 2.34187e+07
5.05222e+08 2.34187e+07
5.05222e+08 2.34075e+07
5.05233e+08 2.33963e+07
5.05233e+08 2.33852e+07
5.05244e+08 2.33404e+07
5.29134e+08 2.40474e+07
5.29145e+08 2.40585e+07
5.29145e+08 2.40585e+07
5.29145e+08 2.40585e+07
5.29157e+08 2.40697e+07
5.29157e+08 2.40697e+07
5.29157e+08 2.40697e+07
5.29157e+08 2.40697e+07
5.29157e+08 2.40586e+07
5.29157e+08 2.40586e+07
5.29168e+08 2.40697e+07
5.29168e+08 2.40698e+07
5.29168e+08 2.40698e+07
5.29168e+08 2.40698e+07
5.29168e+08 2.40474e+07
5.29168e+08 2.40362e+07
5.29168e+08 2.40362e+07
5.29168e+08 2.40362e+07
5.29168e+08 2.40362e+07
5.29168e+08 2.40362e+07
5.29168e+08 2.40362e+07
5.29168e+08 2.40362e+07
5.29168e+08 2.40362e+07
5.29179e+08 2.40474e+07
5.29179e+08 2.40362e+07
5.2919e+08 2.4025e+07
5.29202e+08 2.40362e+07
5.29202e+08 2.40362e+07
5.29202e+08 2.40362e+07
5.29202e+08 2.40362e+07
5.29202e+08 2.40362e+07
5.29202e+08 2.40362e+07
5.29202e+08 2.40363e+07
5.29202e+08 2.40363e+07
5.29213e+08 2.40251e+07
5.29258e+08 2.40362e+07
5.29258e+08 2.40363e+07
5.29269e+08 2.40362e+07
5.29269e+08 2.40362e+07
5.29281e+08 2.40362e+07
5.53711e+08 2.45766e+07
5.53722e+08 2.45766e+07
5.53722e+08 2.45766e+07
5.53722e+08 2.45766e+07
5.53722e+08 2.45654e+07
5.53722e+08 2.45654e+07
5.53722e+08 2.45654e+07
5.53722e+08 2.45654e+07
5.53722e+08 2.45654e+07
5.53722e+08 2.45654e+07
5.53722e+08 2.45542e+07
5.53722e+08 2.45542e+07
5.53722e+08 2.45543e+07
5.53722e+08 2.45543e+07
5.53744e+08 2.45766e+07
5.53745e+08 2.45766e+07
5.53745e+08 2.45766e+07
5.53745e+08 2.45766e+07
5.53745e+08 2.45766e+07
5.53745e+08 2.45766e+07
5.53745e+08 2.45767e+07
5.53745e+08 2.45767e+07
5.53745e+08 2.45767e+07
5.53745e+08 2.45655e+07
5.53745e+08 2.45655e+07
5.53745e+08 2.45543e+07
5.53745e+08 2.45431e+07
5.53745e+08 2.45432e+07
5.53745e+08 2.45432e+07
5.53745e+08 2.45432e+07
5.53745e+08 2.45431e+07
5.53745e+08 2.45432e+07
5.53745e+08 2.45432e+07
5.53767e+08 2.45656e+07
5.53767e+08 2.45656e+07
5.5379e+08 2.45767e+07
5.53823e+08 2.45655e+07
5.53823e+08 2.45655e+07
5.53835e+08 2.45654e+07
5.53835e+08 2.45655e+07
5.53846e+08 2.45655e+07
5.78738e+08 2.50274e+07
5.78738e+08 2.50162e+07
5.78738e+08 2.50162e+07
5.78738e+08 2.50162e+07
5.78738e+08 2.50162e+07
5.78738e+08 2.50162e+07
5.78738e+08 2.50162e+07
5.78738e+08 2.50162e+07
5.78738e+08 2.50163e+07
5.78738e+08 2.50163e+07
5.78738e+08 2.50163e+07
5.7875e+08 2.50274e+07
5.78761e+08 2.50386e+07
5.78761e+08 2.50386e+07
5.78761e+08 2.50163e+07
5.78761e+08 2.50163e+07
5.78761e+08 2.50163e+07
5.78761e+08 2.50163e+07
5.78761e+08 2.50163e+07
5.78761e+08 2.50163e+07
5.78761e+08 2.50163e+07
5.78761e+08 2.50163e+07
5.78761e+08 2.50163e+07
5.78761e+08 2.50163e+07
5.78761e+08 2.50163e+07
5.78761e+08 2.50163e+07
5.78761e+08 2.50163e+07
5.78761e+08 2.50163e+07
5.78761e+08 2.50163e+07
5.78761e+08 2.50163e+07
5.78761e+08 2.50163e+07
5.78761e+08 2.50163e+07
5.78761e+08 2.50162e+07
5.78761e+08 2.50163e+07
5.78761e+08 2.49939e+07
5.78761e+08 2.49939e+07
5.78784e+08 2.49939e+07
5.7884e+08 2.50163e+07
5.7884e+08 2.50163e+07
5.78851e+08 2.50163e+07
5.78851e+08 2.50163e+07
5.78862e+08 2.50162e+07
6.04191e+08 2.5453e+07
6.04202e+08 2.54642e+07
6.04202e+08 2.54642e+07
6.04202e+08 2.54642e+07
6.04214e+08 2.54754e+07
6.04214e+08 2.54754e+07
6.04214e+08 2.54754e+07
6.04214e+08 2.54754e+07
6.04214e+08 2.54754e+07
6.04225e+08 2.54866e+07
6.04236e+08 2.54978e+07
6.04236e+08 2.54866e+07
6.04236e+08 2.54754e+07
6.04236e+08 2.54755e+07
6.04236e+08 2.54755e+07
6.04236e+08 2.54755e+07
6.04236e+08 2.54755e+07
6.04236e+08 2.54755e+07
6.04236e+08 2.54754e+07
6.04236e+08 2.54754e+07
6.04236e+08 2.54754e+07
6.04236e+08 2.54754e+07
6.04236e+08 2.54754e+07
6.04236e+08 2.54754e+07
6.04236e+08 2.54754e+07
6.04236e+08 2.54754e+07
6.04236e+08 2.54754e+07
6.04236e+08 2.54754e+07
6.04236e+08 2.54754e+07
6.04236e+08 2.54754e+07
6.04236e+08 2.54754e+07
6.04236e+08 2.54754e+07
6.04237e+08 2.54755e+07
6.04237e+08 2.54755e+07
6.04237e+08 2.54755e+07
6.04237e+08 2.54755e+07
6.04237e+08 2.54755e+07
6.04237e+08 2.54532e+07
6.04282e+08 2.54419e+07
6.04315e+08 2.54755e+07
6.04315e+08 2.54642e+07
6.04315e+08 2.54642e+07
6.04315e+08 2.5453e+07
6.28091e+08 2.38996e+07
6.28091e+08 2.38884e+07
6.28091e+08 2.38884e+07
6.28124e+08 2.39219e+07
6.28136e+08 2.39219e+07
6.28147e+08 2.39331e+07
6.28169e+08 2.39554e+07
6.28169e+08 2.39554e+07
6.28169e+08 2.39554e+07
6.28169e+08 2.39442e+07
6.28214e+08 2.39778e+07
6.28225e+08 2.3989e+07
6.2827e+08 2.40337e+07
6.28292e+08 2.4056e+07
6.28315e+08 2.40784e+07
6.28315e+08 2.40784e+07
6.28359e+08 2.41231e+07
6.28415e+08 2.4179e+07
6.28438e+08 2.42013e+07
6.28449e+08 2.42125e+07
6.2846e+08 2.42237e+07
6.2846e+08 2.42237e+07
6.2846e+08 2.42237e+07
6.2846e+08 2.42237e+07
6.2846e+08 2.42237e+07
6.2846e+08 2.42237e+07
6.28471e+08 2.42349e+07
6.28505e+08 2.42684e+07
6.28516e+08 2.42796e+07
6.28516e+08 2.42796e+07
6.28538e+08 2.4302e+07
6.2855e+08 2.43132e+07
6.2855e+08 2.43132e+07
6.28639e+08 2.44026e+07
6.28639e+08 2.44025e+07
6.28639e+08 2.44025e+07
6.28773e+08 2.45366e+07
6.28773e+08 2.45365e+07
6.28785e+08 2.45478e+07
6.28863e+08 2.45814e+07
6.28886e+08 2.45703e+07
6.28964e+08 2.46486e+07
6.28975e+08 2.46598e+07
6.29042e+08 2.47269e+07
6.32615e+08 4.52381e+06
6.32615e+08 4.52382e+06
6.32615e+08 4.52384e+06
