4.78305e+06 4.78258e+06
8.29494e+06 3.51188e+06
8.29494e+06 3.51189e+06
9.99466e+06 1.69973e+06
9.99467e+06 1.69973e+06
1.15417e+07 1.54704e+06
1.15417e+07 1.54704e+06
1.15417e+07 1.54704e+06
1.51309e+07 3.58919e+06
1.51309e+07 3.58919e+06
1.51309e+07 3.5892e+06
1.51309e+07 3.5892e+06
1.82148e+07 3.08394e+06
1.82148e+07 3.08394e+06
1.82261e+07 3.09515e+06
1.82372e+07 3.10632e+06
1.82372e+07 3.10633e+06
2.27224e+07 4.50759e+06
2.27224e+07 4.50759e+06
2.27225e+07 4.49641e+06
2.27225e+07 4.48523e+06
2.27225e+07 4.48523e+06
2.27225e+07 4.48524e+06
2.69035e+07 4.18113e+06
2.69036e+07 4.18112e+06
2.69036e+07 4.18111e+06
2.69036e+07 4.18114e+06
2.69036e+07 4.18114e+06
2.69036e+07 4.18114e+06
2.69036e+07 4.18115e+06
3.13344e+07 4.43087e+06
3.13344e+07 4.43088e+06
3.13345e+07 4.43088e+06
3.13345e+07 4.43086e+06
3.13345e+07 4.43086e+06
3.13345e+07 4.43087e+06
3.13345e+07 4.43087e+06
3.6275e+07 4.94056e+06
3.6275e+07 4.94057e+06
3.62862e+07 4.95177e+06
3.62862e+07 4.95176e+06
3.62862e+07 4.95176e+06
3.62862e+07 4.95176e+06
3.63198e+07 4.98527e+06
3.63198e+07 4.98527e+06
4.18894e+07 5.61441e+06
4.18894e+07 5.61443e+06
4.18894e+07 5.61444e+06
4.19006e+07 5.61445e+06
4.19006e+07 5.61443e+06
4.19007e+07 5.61442e+06
4.19007e+07 5.61444e+06
4.19007e+07 5.58093e+06
4.19007e+07 5.58093e+06
4.80734e+07 6.18404e+06
4.80846e+07 6.19521e+06
4.80846e+07 6.19521e+06
4.80847e+07 6.1841e+06
4.80848e+07 6.18413e+06
4.80848e+07 6.18413e+06
4.80848e+07 6.18413e+06
4.80848e+07 6.18415e+06
4.80848e+07 6.18413e+06
4.80849e+07 6.18413e+06
5.48224e+07 6.74901e+06
5.48225e+07 6.73783e+06
5.48225e+07 6.73783e+06
5.48226e+07 6.73781e+06
5.48226e+07 6.7378e+06
5.48226e+07 6.73781e+06
5.48226e+07 6.73781e+06
5.48226e+07 6.73782e+06
5.48227e+07 6.73786e+06
5.48227e+07 6.73787e+06
5.48227e+07 6.73787e+06
6.22758e+07 7.45336e+06
6.22758e+07 7.45336e+06
6.22758e+07 7.45336e+06
6.22983e+07 7.4757e+06
6.22983e+07 7.47569e+06
6.22983e+07 7.47572e+06
6.22983e+07 7.47572e+06
6.22983e+07 7.47572e+06
6.23095e+07 7.4869e+06
6.23991e+07 7.5764e+06
6.24438e+07 7.62111e+06
6.24438e+07 7.62111e+06
6.99696e+07 7.69379e+06
6.99696e+07 7.69382e+06
6.99696e+07 7.69382e+06
6.99921e+07 7.6938e+06
6.99921e+07 7.6938e+06
7.00033e+07 7.70497e+06
7.00033e+07 7.70497e+06
7.00033e+07 7.70497e+06
7.00033e+07 7.70497e+06
7.00033e+07 7.69379e+06
7.00258e+07 7.62669e+06
7.00259e+07 7.58204e+06
7.00594e+07 7.6156e+06
7.88154e+07 8.84576e+06
7.88154e+07 8.84576e+06
7.88154e+07 8.84576e+06
7.88266e+07 8.83455e+06
7.88266e+07 8.83455e+06
7.88266e+07 8.82336e+06
7.88266e+07 8.82336e+06
7.88266e+07 8.82336e+06
7.88266e+07 8.82336e+06
7.88267e+07 8.82337e+06
7.88267e+07 8.82337e+06
7.8838e+07 8.81222e+06
7.89834e+07 8.95751e+06
7.89946e+07 8.93513e+06
8.76603e+07 8.84492e+06
8.76603e+07 8.84489e+06
8.76603e+07 8.84489e+06
8.76603e+07 8.8337e+06
8.76603e+07 8.8337e+06
8.76604e+07 8.83375e+06
8.76604e+07 8.83375e+06
8.76716e+07 8.84495e+06
8.76716e+07 8.84498e+06
8.76716e+07 8.84498e+06
8.76716e+07 8.84498e+06
8.76716e+07 8.84499e+06
8.76941e+07 8.85607e+06
8.78059e+07 8.82258e+06
8.7806e+07 8.81141e+06
9.77891e+07 1.01288e+07
9.78003e+07 1.014e+07
9.78115e+07 1.01512e+07
9.78226e+07 1.01623e+07
9.78226e+07 1.01623e+07
9.78563e+07 1.01959e+07
9.78563e+07 1.01959e+07
9.78564e+07 1.01848e+07
9.78564e+07 1.01847e+07
9.78676e+07 1.01959e+07
9.78899e+07 1.02183e+07
9.78899e+07 1.02183e+07
9.78899e+07 1.02183e+07
9.79123e+07 1.02183e+07
9.79348e+07 1.01289e+07
9.79348e+07 1.01288e+07
1.07798e+08 1.00089e+07
1.0782e+08 1.00201e+07
1.0782e+08 1.00089e+07
1.0782e+08 9.9977e+06
1.0782e+08 9.9977e+06
1.07854e+08 9.99768e+06
1.07854e+08 9.99768e+06
1.0791e+08 1.00536e+07
1.07921e+08 1.00648e+07
1.07921e+08 1.00536e+07
1.07921e+08 1.00312e+07
1.07921e+08 1.00312e+07
1.07921e+08 1.00312e+07
1.07944e+08 1.00312e+07
1.07944e+08 1.00313e+07
1.07966e+08 1.00312e+07
1.07966e+08 1.00312e+07
1.19026e+08 1.12279e+07
1.19037e+08 1.12167e+07
1.19037e+08 1.12167e+07
1.19037e+08 1.12167e+07
1.19037e+08 1.12167e+07
1.19093e+08 1.12391e+07
1.19093e+08 1.12391e+07
1.19149e+08 1.12391e+07
1.19149e+08 1.1228e+07
1.19149e+08 1.1228e+07
1.19149e+08 1.1228e+07
1.19149e+08 1.1228e+07
1.19149e+08 1.1228e+07
1.19172e+08 1.1228e+07
1.19172e+08 1.12279e+07
1.19183e+08 1.12391e+07
1.19194e+08 1.1228e+07
1.19194e+08 1.1228e+07
1.30349e+08 1.13234e+07
1.30349e+08 1.13122e+07
1.30361e+08 1.13235e+07
1.30372e+08 1.13346e+07
1.30372e+08 1.13346e+07
1.30417e+08 1.13235e+07
1.30428e+08 1.13347e+07
1.30428e+08 1.12788e+07
1.30461e+08 1.13123e+07
1.30461e+08 1.13123e+07
1.30461e+08 1.13123e+07
1.30461e+08 1.13123e+07
1.30461e+08 1.13123e+07
1.30484e+08 1.13123e+07
1.30484e+08 1.13123e+07
1.30484e+08 1.13011e+07
1.30484e+08 1.12899e+07
1.30484e+08 1.129e+07
1.30484e+08 1.129e+07
1.42583e+08 1.22338e+07
1.42583e+08 1.22338e+07
1.42583e+08 1.22226e+07
1.42583e+08 1.22115e+07
1.42583e+08 1.22115e+07
1.42628e+08 1.22114e+07
1.42639e+08 1.22114e+07
1.42639e+08 1.22114e+07
1.42662e+08 1.22002e+07
1.42695e+08 1.22338e+07
1.42695e+08 1.22338e+07
1.42695e+08 1.22338e+07
1.42695e+08 1.22338e+07
1.42706e+08 1.22226e+07
1.42706e+08 1.22226e+07
1.42707e+08 1.22226e+07
1.42707e+08 1.22226e+07
1.42707e+08 1.22226e+07
1.42707e+08 1.22226e+07
1.42718e+08 1.22338e+07
1.55229e+08 1.26455e+07
1.55229e+08 1.26455e+07
1.5524e+08 1.26566e+07
1.5524e+08 1.26566e+07
1.5524e+08 1.26566e+07
1.55285e+08 1.26567e+07
1.55285e+08 1.26456e+07
1.55296e+08 1.26567e+07
1.55341e+08 1.26791e+07
1.55341e+08 1.26456e+07
1.55341e+08 1.26456e+07
1.55341e+08 1.26456e+07
1.55363e+08 1.26679e+07
1.55363e+08 1.26568e+07
1.55363e+08 1.26568e+07
1.55363e+08 1.26567e+07
1.55363e+08 1.26567e+07
1.55374e+08 1.26679e+07
1.55374e+08 1.26679e+07
1.55386e+08 1.26679e+07
1.55397e+08 1.26791e+07
1.68706e+08 1.34775e+07
1.68706e+08 1.34775e+07
1.6874e+08 1.34998e+07
1.6874e+08 1.34998e+07
1.68796e+08 1.35557e+07
1.68852e+08 1.3567e+07
1.68852e+08 1.35669e+07
1.68874e+08 1.35781e+07
1.68874e+08 1.35334e+07
1.68874e+08 1.35334e+07
1.68874e+08 1.35334e+07
1.68874e+08 1.35334e+07
1.68919e+08 1.35558e+07
1.68919e+08 1.35558e+07
1.68919e+08 1.35558e+07
1.68964e+08 1.36005e+07
1.68964e+08 1.36005e+07
1.68964e+08 1.35893e+07
1.68964e+08 1.35893e+07
1.68975e+08 1.35893e+07
1.68975e+08 1.35781e+07
1.68975e+08 1.35781e+07
1.8181e+08 1.31036e+07
1.81832e+08 1.31259e+07
1.81877e+08 1.31371e+07
1.81877e+08 1.31371e+07
1.81877e+08 1.30812e+07
1.8191e+08 1.30588e+07
1.8191e+08 1.30588e+07
1.81933e+08 1.30588e+07
1.82022e+08 1.31482e+07
1.82022e+08 1.31482e+07
1.82022e+08 1.31482e+07
1.82022e+08 1.31482e+07
1.82022e+08 1.31035e+07
1.82022e+08 1.31035e+07
1.82034e+08 1.31147e+07
1.82056e+08 1.30924e+07
1.82056e+08 1.30924e+07
1.82056e+08 1.30924e+07
1.82056e+08 1.30924e+07
1.8209e+08 1.31148e+07
1.8209e+08 1.31148e+07
1.8209e+08 1.31148e+07
1.95881e+08 1.40713e+07
1.95881e+08 1.40713e+07
1.95892e+08 1.40602e+07
1.95892e+08 1.40155e+07
1.95892e+08 1.40155e+07
1.95892e+08 1.40155e+07
1.95892e+08 1.39819e+07
1.95892e+08 1.3982e+07
1.95971e+08 1.40379e+07
1.96004e+08 1.39819e+07
1.96004e+08 1.39819e+07
1.96004e+08 1.39819e+07
1.96004e+08 1.39819e+07
1.96004e+08 1.39819e+07
1.96004e+08 1.39819e+07
1.96038e+08 1.40043e+07
1.96038e+08 1.3982e+07
1.96038e+08 1.3982e+07
1.96038e+08 1.3982e+07
1.96038e+08 1.3982e+07
1.96061e+08 1.39708e+07
1.96061e+08 1.39708e+07
1.96072e+08 1.3982e+07
2.10394e+08 1.45129e+07
2.10394e+08 1.45129e+07
2.10394e+08 1.45129e+07
2.10394e+08 1.45018e+07
2.10394e+08 1.45017e+07
2.10394e+08 1.45017e+07
2.10394e+08 1.45017e+07
2.10394e+08 1.45017e+07
2.10405e+08 1.45129e+07
2.10506e+08 1.45352e+07
2.10517e+08 1.45128e+07
2.10517e+08 1.45128e+07
2.10517e+08 1.45128e+07
2.10528e+08 1.4524e+07
2.10528e+08 1.4524e+07
2.10528e+08 1.4524e+07
2.1054e+08 1.45017e+07
2.1054e+08 1.45017e+07
2.1054e+08 1.45017e+07
2.10551e+08 1.4513e+07
2.10551e+08 1.4513e+07
2.10574e+08 1.4513e+07
2.10574e+08 1.4513e+07
2.10574e+08 1.45018e+07
2.25425e+08 1.50311e+07
2.25425e+08 1.50311e+07
2.25425e+08 1.50311e+07
2.25425e+08 1.50311e+07
2.25425e+08 1.50311e+07
2.25425e+08 1.50311e+07
2.25425e+08 1.50311e+07
2.25425e+08 1.50311e+07
2.25436e+08 1.50423e+07
2.25448e+08 1.50423e+07
2.25537e+08 1.50311e+07
2.25571e+08 1.50534e+07
2.25571e+08 1.50534e+07
2.25571e+08 1.50535e+07
2.25571e+08 1.50423e+07
2.25571e+08 1.50423e+07
2.25571e+08 1.50423e+07
2.25571e+08 1.50311e+07
2.25571e+08 1.50311e+07
2.25582e+08 1.50423e+07
2.25649e+08 1.50982e+07
2.25672e+08 1.51206e+07
2.25705e+08 1.51317e+07
2.25716e+08 1.51429e+07
2.25716e+08 1.51429e+07
2.41008e+08 1.55833e+07
2.41008e+08 1.55833e+07
2.41008e+08 1.55833e+07
2.41008e+08 1.55833e+07
2.41008e+08 1.55833e+07
2.41008e+08 1.55833e+07
2.4102e+08 1.55945e+07
2.4102e+08 1.55945e+07
2.4102e+08 1.55945e+07
2.4102e+08 1.55833e+07
2.41109e+08 1.56616e+07
2.41154e+08 1.56169e+07
2.41154e+08 1.55833e+07
2.41154e+08 1.55833e+07
2.41154e+08 1.55833e+07
2.41154e+08 1.55833e+07
2.41154e+08 1.55833e+07
2.41154e+08 1.55833e+07
2.41154e+08 1.55833e+07
2.41221e+08 1.56503e+07
2.41255e+08 1.56727e+07
2.41322e+08 1.56726e+07
2.41322e+08 1.56503e+07
2.41344e+08 1.56391e+07
2.41344e+08 1.5628e+07
2.41356e+08 1.56392e+07
2.57243e+08 1.62345e+07
2.57243e+08 1.62345e+07
2.57243e+08 1.62345e+07
2.57243e+08 1.62345e+07
2.57243e+08 1.62345e+07
2.57243e+08 1.62345e+07
2.57243e+08 1.62233e+07
2.57243e+08 1.62233e+07
2.57243e+08 1.62233e+07
2.57243e+08 1.62233e+07
2.57243e+08 1.62233e+07
2.57299e+08 1.61898e+07
2.57333e+08 1.61786e+07
2.57333e+08 1.61786e+07
2.57355e+08 1.6201e+07
2.57433e+08 1.62793e+07
2.57433e+08 1.62793e+07
2.57433e+08 1.62792e+07
2.57433e+08 1.62792e+07
2.57456e+08 1.63016e+07
2.57523e+08 1.63015e+07
2.57556e+08 1.63016e+07
2.57568e+08 1.62457e+07
2.57568e+08 1.62457e+07
2.57601e+08 1.62569e+07
2.57601e+08 1.62569e+07
2.57601e+08 1.62457e+07
2.74046e+08 1.68035e+07
2.74046e+08 1.68035e+07
2.74046e+08 1.68035e+07
2.74046e+08 1.68035e+07
2.74046e+08 1.68035e+07
2.74046e+08 1.68035e+07
2.74046e+08 1.68035e+07
2.74046e+08 1.68035e+07
2.74046e+08 1.68035e+07
2.74046e+08 1.68035e+07
2.74046e+08 1.68036e+07
2.74058e+08 1.68147e+07
2.74181e+08 1.68818e+07
2.74203e+08 1.68706e+07
2.74214e+08 1.68818e+07
2.7427e+08 1.69153e+07
2.74293e+08 1.68595e+07
2.74293e+08 1.68595e+07
2.74293e+08 1.68595e+07
2.74293e+08 1.68595e+07
2.74293e+08 1.68371e+07
2.74326e+08 1.68036e+07
2.7436e+08 1.68035e+07
2.74382e+08 1.68147e+07
2.74405e+08 1.68371e+07
2.74438e+08 1.68371e+07
2.74517e+08 1.69153e+07
2.74517e+08 1.69153e+07
2.9138e+08 1.7334e+07
2.9138e+08 1.7334e+07
2.9138e+08 1.7334e+07
2.91403e+08 1.73564e+07
2.91403e+08 1.73564e+07
2.91403e+08 1.73563e+07
2.91436e+08 1.73899e+07
2.91447e+08 1.74011e+07
2.91447e+08 1.74011e+07
2.91447e+08 1.74011e+07
2.91447e+08 1.74011e+07
2.91459e+08 1.74123e+07
2.91481e+08 1.74234e+07
2.91615e+08 1.74346e+07
2.91671e+08 1.74682e+07
2.91671e+08 1.7457e+07
2.91694e+08 1.74235e+07
2.91694e+08 1.74011e+07
2.91694e+08 1.74011e+07
2.91705e+08 1.74123e+07
2.91716e+08 1.74235e+07
2.91716e+08 1.74235e+07
2.9175e+08 1.74235e+07
2.91795e+08 1.74346e+07
2.91806e+08 1.74234e+07
2.91873e+08 1.74681e+07
2.92096e+08 1.76581e+07
2.92096e+08 1.75799e+07
2.9213e+08 1.76134e+07
3.09388e+08 1.80077e+07
3.09388e+08 1.80077e+07
3.0941e+08 1.80301e+07
3.0941e+08 1.80077e+07
3.0941e+08 1.80077e+07
3.0941e+08 1.80077e+07
3.09433e+08 1.79965e+07
3.09433e+08 1.79853e+07
3.09433e+08 1.79853e+07
3.09433e+08 1.79853e+07
3.09455e+08 1.80077e+07
3.09478e+08 1.80301e+07
3.09589e+08 1.81307e+07
3.09601e+08 1.81195e+07
3.09701e+08 1.8086e+07
3.09735e+08 1.80637e+07
3.09769e+08 1.80972e+07
3.09769e+08 1.80748e+07
3.09769e+08 1.80748e+07
3.09769e+08 1.80748e+07
3.09769e+08 1.80636e+07
3.09825e+08 1.81083e+07
3.09825e+08 1.81083e+07
3.09847e+08 1.80971e+07
3.09869e+08 1.80748e+07
3.09948e+08 1.81418e+07
3.10082e+08 1.82089e+07
3.10328e+08 1.82313e+07
3.10328e+08 1.82313e+07
3.10328e+08 1.81978e+07
3.28019e+08 1.8631e+07
3.28019e+08 1.8631e+07
3.2803e+08 1.86199e+07
3.28041e+08 1.8631e+07
3.28041e+08 1.8631e+07
3.28053e+08 1.86422e+07
3.28053e+08 1.86199e+07
3.28086e+08 1.86534e+07
3.28086e+08 1.86534e+07
3.28097e+08 1.86646e+07
3.28142e+08 1.86869e+07
3.28176e+08 1.86981e+07
3.28332e+08 1.87428e+07
3.28332e+08 1.87428e+07
3.28332e+08 1.87316e+07
3.28377e+08 1.86758e+07
3.28456e+08 1.87206e+07
3.28478e+08 1.87094e+07
3.28478e+08 1.87094e+07
3.28478e+08 1.87094e+07
3.28523e+08 1.87541e+07
3.28534e+08 1.87652e+07
3.28567e+08 1.87428e+07
3.2859e+08 1.87652e+07
3.2859e+08 1.87428e+07
3.28612e+08 1.87428e+07
3.28657e+08 1.87093e+07
3.28858e+08 1.87763e+07
3.29059e+08 1.87317e+07
3.29059e+08 1.87317e+07
3.29071e+08 1.87429e+07
3.47316e+08 1.92975e+07
3.4735e+08 1.9331e+07
3.47361e+08 1.9331e+07
3.47361e+08 1.93198e+07
3.47361e+08 1.93198e+07
3.47361e+08 1.93086e+07
3.47361e+08 1.93086e+07
3.47395e+08 1.93087e+07
3.47395e+08 1.93087e+07
3.47395e+08 1.92975e+07
3.47462e+08 1.93198e+07
3.47462e+08 1.92863e+07
3.4754e+08 1.92081e+07
3.4754e+08 1.92081e+07
3.4754e+08 1.92081e+07
3.47585e+08 1.92528e+07
3.47708e+08 1.93311e+07
3.47809e+08 1.93534e+07
3.4782e+08 1.93422e+07
3.47843e+08 1.93646e+07
3.47854e+08 1.93758e+07
3.4791e+08 1.93869e+07
3.47943e+08 1.94093e+07
3.47954e+08 1.93869e+07
3.4801e+08 1.94205e+07
3.48021e+08 1.94316e+07
3.48033e+08 1.94205e+07
3.48033e+08 1.93757e+07
3.48144e+08 1.92863e+07
3.48323e+08 1.9264e+07
3.48346e+08 1.92864e+07
3.48368e+08 1.92975e+07
3.67166e+08 1.98491e+07
3.67188e+08 1.98379e+07
3.6721e+08 1.98491e+07
3.67222e+08 1.98603e+07
3.67233e+08 1.98715e+07
3.67244e+08 1.98826e+07
3.67255e+08 1.98938e+07
3.67255e+08 1.98603e+07
3.67255e+08 1.98603e+07
3.67255e+08 1.98603e+07
3.67289e+08 1.98268e+07
3.673e+08 1.98379e+07
3.67356e+08 1.98155e+07
3.67356e+08 1.98155e+07
3.67401e+08 1.98603e+07
3.67401e+08 1.98156e+07
3.67401e+08 1.98156e+07
3.67535e+08 1.98268e+07
3.67725e+08 1.99162e+07
3.67725e+08 1.9905e+07
3.67725e+08 1.98827e+07
3.67725e+08 1.98715e+07
3.67748e+08 1.9838e+07
3.67748e+08 1.98044e+07
3.67759e+08 1.98044e+07
3.67781e+08 1.97709e+07
3.67781e+08 1.97597e+07
3.67826e+08 1.97933e+07
3.67826e+08 1.97933e+07
3.67882e+08 1.97373e+07
3.68139e+08 1.98156e+07
3.68195e+08 1.98491e+07
3.68206e+08 1.9838e+07
3.87653e+08 2.04877e+07
3.87653e+08 2.04653e+07
3.87687e+08 2.04765e+07
3.87709e+08 2.04877e+07
3.8772e+08 2.04876e+07
3.8772e+08 2.04765e+07
3.87743e+08 2.04877e+07
3.87776e+08 2.05212e+07
3.87788e+08 2.05324e+07
3.87799e+08 2.05436e+07
3.8781e+08 2.05212e+07
3.87832e+08 2.05324e+07
3.87843e+08 2.04877e+07
3.87844e+08 2.04877e+07
3.87844e+08 2.04429e+07
3.87855e+08 2.04541e+07
3.87855e+08 2.04541e+07
3.87888e+08 2.04877e+07
3.88078e+08 2.05435e+07
3.88112e+08 2.0387e+07
3.88112e+08 2.0387e+07
3.88135e+08 2.04094e+07
3.88146e+08 2.04206e+07
3.88146e+08 2.03982e+07
3.88146e+08 2.03982e+07
3.88168e+08 2.04094e+07
3.88246e+08 2.04653e+07
3.88246e+08 2.04653e+07
3.88246e+08 2.04206e+07
3.88246e+08 2.04206e+07
3.88269e+08 2.03871e+07
3.8856e+08 2.04206e+07
3.88616e+08 2.04206e+07
3.88694e+08 2.04877e+07
4.08721e+08 2.10673e+07
4.08721e+08 2.10673e+07
4.08754e+08 2.10673e+07
4.08777e+08 2.10673e+07
4.08777e+08 2.10561e+07
4.08788e+08 2.10674e+07
4.08877e+08 2.11344e+07
4.08877e+08 2.11009e+07
4.089e+08 2.11121e+07
4.089e+08 2.11009e+07
4.08911e+08 2.11009e+07
4.08933e+08 2.11009e+07
4.08956e+08 2.11121e+07
4.08956e+08 2.11121e+07
4.08956e+08 2.11121e+07
4.08967e+08 2.11121e+07
4.08967e+08 2.11121e+07
4.09023e+08 2.11344e+07
4.09213e+08 2.11345e+07
4.09213e+08 2.11345e+07
4.09213e+08 2.11009e+07
4.09224e+08 2.11121e+07
4.09235e+08 2.11009e+07
4.09235e+08 2.10897e+07
4.09235e+08 2.10897e+07
4.09247e+08 2.11009e+07
4.0928e+08 2.11121e+07
4.09347e+08 2.11009e+07
4.09347e+08 2.11009e+07
4.0937e+08 2.11232e+07
4.09392e+08 2.11456e+07
4.09392e+08 2.11232e+07
4.09661e+08 2.11009e+07
4.09672e+08 2.10562e+07
4.09772e+08 2.10786e+07
4.30405e+08 2.16841e+07
4.30405e+08 2.16841e+07
4.30427e+08 2.16729e+07
4.30438e+08 2.16618e+07
4.30438e+08 2.16618e+07
4.30472e+08 2.16841e+07
4.30494e+08 2.16171e+07
4.30494e+08 2.16171e+07
4.30584e+08 2.16842e+07
4.30584e+08 2.16842e+07
4.30595e+08 2.16842e+07
4.30629e+08 2.16953e+07
4.30629e+08 2.1673e+07
4.30629e+08 2.1673e+07
4.3064e+08 2.16841e+07
4.3064e+08 2.1673e+07
4.30684e+08 2.17177e+07
4.30729e+08 2.17065e+07
4.30875e+08 2.16618e+07
4.30875e+08 2.16618e+07
4.30875e+08 2.16618e+07
4.30908e+08 2.16953e+07
4.30931e+08 2.17065e+07
4.30953e+08 2.17177e+07
4.30953e+08 2.17177e+07
4.30953e+08 2.17177e+07
4.30953e+08 2.17065e+07
4.30964e+08 2.16842e+07
4.30976e+08 2.16283e+07
4.30998e+08 2.16507e+07
4.31009e+08 2.16395e+07
4.3102e+08 2.16283e+07
4.31032e+08 2.16395e+07
4.31278e+08 2.16171e+07
4.31367e+08 2.16953e+07
4.3139e+08 2.16171e+07
4.52668e+08 2.22638e+07
4.52669e+08 2.22638e+07
4.52747e+08 2.23197e+07
4.52758e+08 2.23197e+07
4.52758e+08 2.23197e+07
4.52769e+08 2.22974e+07
4.52859e+08 2.23644e+07
4.52881e+08 2.23867e+07
4.52881e+08 2.22973e+07
4.52881e+08 2.22973e+07
4.52881e+08 2.22861e+07
4.52881e+08 2.22526e+07
4.52881e+08 2.22526e+07
4.52881e+08 2.22526e+07
4.52881e+08 2.22414e+07
4.52904e+08 2.22638e+07
4.53004e+08 2.23197e+07
4.53094e+08 2.23644e+07
4.53239e+08 2.23644e+07
4.53239e+08 2.23644e+07
4.53239e+08 2.23644e+07
4.5325e+08 2.2342e+07
4.53262e+08 2.23532e+07
4.53284e+08 2.23532e+07
4.53284e+08 2.23309e+07
4.53284e+08 2.23309e+07
4.53284e+08 2.23309e+07
4.53306e+08 2.23532e+07
4.53318e+08 2.23533e+07
4.53318e+08 2.23421e+07
4.53351e+08 2.23532e+07
4.53351e+08 2.2342e+07
4.53351e+08 2.23309e+07
4.53362e+08 2.23309e+07
4.53564e+08 2.22861e+07
4.53597e+08 2.22302e+07
4.53597e+08 2.22079e+07
4.75649e+08 2.29809e+07
4.75649e+08 2.29809e+07
4.75728e+08 2.29809e+07
4.75728e+08 2.29697e+07
4.75784e+08 2.30256e+07
4.75828e+08 2.30591e+07
4.75828e+08 2.29697e+07
4.75828e+08 2.29474e+07
4.75828e+08 2.29473e+07
4.75828e+08 2.29473e+07
4.7584e+08 2.29585e+07
4.7584e+08 2.29585e+07
4.7584e+08 2.29585e+07
4.7584e+08 2.29585e+07
4.7584e+08 2.29585e+07
4.75951e+08 2.30479e+07
4.76041e+08 2.30367e+07
4.76086e+08 2.29921e+07
4.76209e+08 2.29697e+07
4.76209e+08 2.29697e+07
4.7622e+08 2.29809e+07
4.7622e+08 2.29697e+07
4.7622e+08 2.29586e+07
4.7622e+08 2.29586e+07
4.76243e+08 2.29586e+07
4.76243e+08 2.29585e+07
4.76243e+08 2.29585e+07
4.76243e+08 2.29585e+07
4.76243e+08 2.29362e+07
4.76254e+08 2.29362e+07
4.76254e+08 2.29362e+07
4.76265e+08 2.29138e+07
4.76265e+08 2.29138e+07
4.76265e+08 2.29138e+07
4.76299e+08 2.29362e+07
4.76556e+08 2.29921e+07
4.76612e+08 2.30145e+07
4.76623e+08 2.30257e+07
4.99315e+08 2.36654e+07
4.99337e+08 2.36877e+07
4.99348e+08 2.36207e+07
4.99348e+08 2.36207e+07
4.9936e+08 2.35759e+07
4.99427e+08 2.35983e+07
4.99427e+08 2.35983e+07
4.99427e+08 2.35983e+07
4.99449e+08 2.36207e+07
4.99483e+08 2.36542e+07
4.99483e+08 2.3643e+07
4.99505e+08 2.36654e+07
4.99505e+08 2.36654e+07
4.99516e+08 2.36765e+07
4.99539e+08 2.36989e+07
4.99606e+08 2.36542e+07
4.99628e+08 2.35871e+07
4.99684e+08 2.35983e+07
4.9983e+08 2.36206e+07
4.9983e+08 2.36206e+07
4.99852e+08 2.36319e+07
4.99863e+08 2.3643e+07
4.99863e+08 2.3643e+07
4.99863e+08 2.3643e+07
4.99863e+08 2.36431e+07
4.99863e+08 2.36207e+07
4.99863e+08 2.36207e+07
4.99863e+08 2.36207e+07
4.99863e+08 2.36207e+07
4.99863e+08 2.36207e+07
4.99863e+08 2.36095e+07
4.99863e+08 2.36095e+07
4.99863e+08 2.35984e+07
4.99863e+08 2.35984e+07
4.99863e+08 2.35983e+07
4.99875e+08 2.3576e+07
5.00266e+08 2.37101e+07
5.00322e+08 2.37101e+07
5.00356e+08 2.37324e+07
5.23582e+08 2.42672e+07
5.23593e+08 2.4256e+07
5.23593e+08 2.42448e+07
5.23593e+08 2.42448e+07
5.23593e+08 2.42337e+07
5.23616e+08 2.4189e+07
5.23616e+08 2.4189e+07
5.23649e+08 2.42225e+07
5.23694e+08 2.42448e+07
5.23716e+08 2.42337e+07
5.23727e+08 2.42448e+07
5.23739e+08 2.42337e+07
5.23739e+08 2.42337e+07
5.23772e+08 2.4256e+07
5.23772e+08 2.42337e+07
5.2385e+08 2.42448e+07
5.23873e+08 2.42448e+07
5.23951e+08 2.42672e+07
5.24041e+08 2.42113e+07
5.24052e+08 2.42225e+07
5.24052e+08 2.42002e+07
5.24063e+08 2.42002e+07
5.24063e+08 2.42001e+07
5.24063e+08 2.42001e+07
5.24063e+08 2.42001e+07
5.24063e+08 2.42001e+07
5.24063e+08 2.42001e+07
5.24063e+08 2.42002e+07
5.24063e+08 2.42001e+07
5.24063e+08 2.42002e+07
5.24064e+08 2.42002e+07
5.24075e+08 2.42114e+07
5.24097e+08 2.42337e+07
5.24108e+08 2.42449e+07
5.24108e+08 2.42449e+07
5.24108e+08 2.42449e+07
5.24108e+08 2.42337e+07
5.24477e+08 2.42113e+07
5.24477e+08 2.41554e+07
5.245e+08 2.41442e+07
5.48291e+08 2.47086e+07
5.48313e+08 2.47198e+07
5.48347e+08 2.47533e+07
5.48347e+08 2.47533e+07
5.48414e+08 2.48204e+07
5.48581e+08 2.49657e+07
5.48637e+08 2.50216e+07
5.48637e+08 2.49881e+07
5.48648e+08 2.49545e+07
5.48648e+08 2.49322e+07
5.4866e+08 2.49322e+07
5.4866e+08 2.4921e+07
5.48671e+08 2.49322e+07
5.48704e+08 2.49322e+07
5.48738e+08 2.49657e+07
5.48771e+08 2.4921e+07
5.48771e+08 2.48987e+07
5.48783e+08 2.48316e+07
5.48895e+08 2.4854e+07
5.48906e+08 2.4854e+07
5.48906e+08 2.4854e+07
5.48906e+08 2.48429e+07
5.48906e+08 2.48429e+07
5.48906e+08 2.48429e+07
5.48906e+08 2.48429e+07
5.48906e+08 2.48429e+07
5.48906e+08 2.48429e+07
5.48906e+08 2.48429e+07
5.48917e+08 2.4854e+07
5.49018e+08 2.49546e+07
5.4904e+08 2.49769e+07
5.4913e+08 2.50664e+07
5.4913e+08 2.50552e+07
5.49208e+08 2.51111e+07
5.49208e+08 2.50999e+07
5.49208e+08 2.50999e+07
5.49208e+08 2.50999e+07
5.49208e+08 2.50999e+07
5.49398e+08 2.4921e+07
5.49398e+08 2.4921e+07
5.4941e+08 2.49099e+07
5.7371e+08 2.54198e+07
5.7371e+08 2.53974e+07
5.7371e+08 2.53639e+07
5.7371e+08 2.53639e+07
5.73968e+08 2.55539e+07
5.74046e+08 2.54645e+07
5.74057e+08 2.54198e+07
5.74079e+08 2.54421e+07
5.74091e+08 2.54422e+07
5.74124e+08 2.54757e+07
5.74124e+08 2.54645e+07
5.74124e+08 2.54645e+07
5.74124e+08 2.54533e+07
5.74124e+08 2.54198e+07
5.74124e+08 2.53863e+07
5.74147e+08 2.53751e+07
5.74158e+08 2.53863e+07
5.7418e+08 2.53975e+07
5.74292e+08 2.53975e+07
5.74292e+08 2.53864e+07
5.74326e+08 2.54198e+07
5.74337e+08 2.5431e+07
5.74348e+08 2.54421e+07
5.74348e+08 2.54421e+07
5.74348e+08 2.54421e+07
5.74348e+08 2.54421e+07
5.74348e+08 2.54421e+07
5.74348e+08 2.54421e+07
5.74348e+08 2.5431e+07
5.74348e+08 2.5431e+07
5.7436e+08 2.53416e+07
5.74382e+08 2.53416e+07
5.74505e+08 2.53752e+07
5.74505e+08 2.53752e+07
5.74527e+08 2.53193e+07
5.74539e+08 2.53305e+07
5.74539e+08 2.53305e+07
5.74539e+08 2.53305e+07
5.7455e+08 2.53416e+07
5.74773e+08 2.53751e+07
5.74818e+08 2.54198e+07
5.74829e+08 2.54198e+07
5.99714e+08 2.60039e+07
5.99726e+08 2.60151e+07
5.99804e+08 2.60934e+07
5.99815e+08 2.61045e+07
5.99837e+08 2.58699e+07
5.99882e+08 2.58363e+07
5.99882e+08 2.58251e+07
5.99893e+08 2.5814e+07
5.99916e+08 2.58251e+07
5.99938e+08 2.58139e+07
5.99938e+08 2.58139e+07
5.99972e+08 2.58475e+07
6.00005e+08 2.5881e+07
6.00005e+08 2.5881e+07
6.00005e+08 2.5881e+07
6.00016e+08 2.58699e+07
6.00016e+08 2.58587e+07
6.00028e+08 2.58475e+07
6.00229e+08 2.59369e+07
6.00229e+08 2.5937e+07
6.00308e+08 2.59817e+07
6.00352e+08 2.60152e+07
6.00352e+08 2.6004e+07
6.00352e+08 2.6004e+07
6.00375e+08 2.60264e+07
6.00375e+08 2.60264e+07
6.00375e+08 2.60264e+07
6.00375e+08 2.60264e+07
6.00375e+08 2.60264e+07
6.00375e+08 2.60264e+07
6.00375e+08 2.60264e+07
6.00375e+08 2.60152e+07
6.00375e+08 2.59929e+07
6.00531e+08 2.60263e+07
6.00531e+08 2.60263e+07
6.00531e+08 2.6004e+07
6.00531e+08 2.59928e+07
6.00531e+08 2.59928e+07
6.00531e+08 2.59928e+07
6.00531e+08 2.59816e+07
6.008e+08 2.60263e+07
6.00822e+08 2.6004e+07
6.00856e+08 2.60264e+07
6.23914e+08 2.42001e+07
6.23914e+08 2.41889e+07
6.23914e+08 2.41107e+07
6.23914e+08 2.40995e+07
6.23914e+08 2.4077e+07
6.23914e+08 2.40323e+07
6.23914e+08 2.40323e+07
6.23914e+08 2.40211e+07
6.23915e+08 2.39988e+07
6.23915e+08 2.39764e+07
6.23915e+08 2.39764e+07
6.23915e+08 2.39429e+07
6.23915e+08 2.39096e+07
6.23915e+08 2.39096e+07
6.23915e+08 2.39096e+07
6.23915e+08 2.38984e+07
6.23915e+08 2.38984e+07
6.23915e+08 2.38872e+07
6.23948e+08 2.37191e+07
6.23948e+08 2.37191e+07
6.2396e+08 2.3652e+07
6.23971e+08 2.36185e+07
6.23971e+08 2.36185e+07
6.23971e+08 2.36185e+07
6.23971e+08 2.35962e+07
6.23971e+08 2.35962e+07
6.23971e+08 2.35962e+07
6.23971e+08 2.35962e+07
6.23971e+08 2.35962e+07
6.23971e+08 2.35962e+07
6.23971e+08 2.35962e+07
6.23971e+08 2.35961e+07
6.23971e+08 2.35961e+07
6.23971e+08 2.35961e+07
6.23971e+08 2.34396e+07
6.23971e+08 2.34396e+07
6.23971e+08 2.34396e+07
6.23971e+08 2.34396e+07
6.23971e+08 2.34396e+07
6.23971e+08 2.34396e+07
6.23971e+08 2.34396e+07
6.23971e+08 2.31712e+07
6.23971e+08 2.31488e+07
6.23971e+08 2.31153e+07
6.29544e+08 5.62917e+06
6.29544e+08 5.62917e+06
6.29544e+08 5.62917e+06
