3.61843e+06 3.61833e+06
8.32859e+06 4.71017e+06
8.3286e+06 4.71018e+06
1.02594e+07 1.93082e+06
1.02595e+07 1.93086e+06
1.222e+07 1.96056e+06
1.222e+07 1.96056e+06
1.22778e+07 2.0183e+06
1.54408e+07 3.22078e+06
1.54408e+07 3.22078e+06
1.54408e+07 3.22081e+06
1.54409e+07 3.16317e+06
1.87401e+07 3.29933e+06
1.87513e+07 3.3105e+06
1.87624e+07 3.32165e+06
1.87851e+07 3.34419e+06
1.87851e+07 3.3442e+06
2.27544e+07 4.01434e+06
2.27544e+07 4.00317e+06
2.27544e+07 3.99199e+06
2.27546e+07 3.96947e+06
2.27546e+07 3.9695e+06
2.27546e+07 3.9695e+06
2.68524e+07 4.09802e+06
2.68525e+07 4.09802e+06
2.68525e+07 4.09802e+06
2.6942e+07 4.18741e+06
2.69421e+07 4.18743e+06
2.69421e+07 4.18748e+06
2.69421e+07 4.18748e+06
3.10685e+07 4.21606e+06
3.10685e+07 4.21606e+06
3.10685e+07 4.21608e+06
3.10911e+07 4.14906e+06
3.10911e+07 4.14904e+06
3.10911e+07 4.14902e+06
3.10912e+07 4.14903e+06
3.56312e+07 4.5627e+06
3.56312e+07 4.5627e+06
3.56312e+07 4.56273e+06
3.56648e+07 4.59628e+06
3.5732e+07 4.64089e+06
3.57767e+07 4.6856e+06
3.57879e+07 4.69678e+06
3.57879e+07 4.69677e+06
4.08868e+07 5.2556e+06
4.08868e+07 5.2556e+06
4.09092e+07 5.278e+06
4.0954e+07 5.32271e+06
4.09764e+07 5.31159e+06
4.09989e+07 5.2669e+06
4.10101e+07 5.23336e+06
4.10548e+07 5.2669e+06
4.1066e+07 5.27808e+06
4.68203e+07 5.93352e+06
4.68203e+07 5.93352e+06
4.68763e+07 5.96708e+06
4.69434e+07 5.98945e+06
4.69434e+07 5.98946e+06
4.70664e+07 6.09e+06
4.70777e+07 6.07883e+06
4.71001e+07 6.09003e+06
4.71113e+07 6.05649e+06
4.71225e+07 6.05649e+06
5.33635e+07 6.54318e+06
5.33635e+07 6.5432e+06
5.34755e+07 6.5992e+06
5.35315e+07 6.58805e+06
5.36097e+07 6.66628e+06
5.36097e+07 6.66629e+06
5.37327e+07 6.66627e+06
5.37887e+07 6.71101e+06
5.37887e+07 6.68862e+06
5.37887e+07 6.67742e+06
5.37887e+07 6.66624e+06
6.0307e+07 6.94345e+06
6.0307e+07 6.94343e+06
6.05084e+07 7.03293e+06
6.06091e+07 7.07769e+06
6.06092e+07 6.99946e+06
6.06092e+07 6.99946e+06
6.06427e+07 6.91003e+06
6.06539e+07 6.92122e+06
6.07993e+07 7.01058e+06
6.07993e+07 7.01057e+06
6.07993e+07 7.01061e+06
6.07993e+07 7.01061e+06
6.79494e+07 7.64248e+06
6.79606e+07 7.65365e+06
6.82291e+07 7.72063e+06
6.84864e+07 7.87728e+06
6.85088e+07 7.89963e+06
6.85088e+07 7.89963e+06
6.85088e+07 7.86609e+06
6.85088e+07 7.85491e+06
6.85088e+07 7.85492e+06
6.85871e+07 7.78779e+06
6.85871e+07 7.78779e+06
6.8643e+07 7.8437e+06
6.8643e+07 7.8437e+06
7.63887e+07 8.4393e+06
7.63887e+07 8.42812e+06
7.65901e+07 8.36101e+06
7.68252e+07 8.33875e+06
7.68252e+07 8.3164e+06
7.68364e+07 8.32758e+06
7.68587e+07 8.34993e+06
7.68587e+07 8.34993e+06
7.68811e+07 8.37228e+06
7.68923e+07 8.38346e+06
7.68923e+07 8.30523e+06
7.69035e+07 8.31641e+06
7.69147e+07 8.27163e+06
7.69147e+07 8.27163e+06
8.52605e+07 8.87172e+06
8.52605e+07 8.87172e+06
8.54619e+07 8.87181e+06
8.57306e+07 8.9054e+06
8.57306e+07 8.9054e+06
8.58088e+07 8.97247e+06
8.58312e+07 8.97247e+06
8.58312e+07 8.97247e+06
8.58536e+07 8.97247e+06
8.58871e+07 8.99484e+06
8.58871e+07 8.99484e+06
8.58983e+07 9.00604e+06
8.59095e+07 9.00606e+06
8.59095e+07 8.99488e+06
8.59096e+07 8.99488e+06
9.48397e+07 9.57927e+06
9.48397e+07 9.57927e+06
9.50188e+07 9.5569e+06
9.5377e+07 9.64646e+06
9.53771e+07 9.64646e+06
9.53994e+07 9.59057e+06
9.53994e+07 9.56822e+06
9.53994e+07 9.56822e+06
9.53994e+07 9.54587e+06
9.53994e+07 9.51232e+06
9.53995e+07 9.51232e+06
9.53995e+07 9.50112e+06
9.53995e+07 9.50113e+06
9.53995e+07 9.48996e+06
9.53995e+07 9.48996e+06
9.54107e+07 9.50114e+06
1.04905e+08 1.00649e+07
1.04905e+08 1.00649e+07
1.05162e+08 1.01431e+07
1.05375e+08 9.99788e+06
1.05375e+08 9.99788e+06
1.05375e+08 9.97553e+06
1.05375e+08 9.97553e+06
1.05386e+08 9.98672e+06
1.05386e+08 9.98672e+06
1.05386e+08 9.98672e+06
1.05397e+08 9.9979e+06
1.05409e+08 1.00091e+07
1.05409e+08 1.00091e+07
1.05453e+08 1.00538e+07
1.05453e+08 1.00538e+07
1.05453e+08 1.00538e+07
1.05464e+08 1.00538e+07
1.15618e+08 1.07132e+07
1.15707e+08 1.08026e+07
1.15886e+08 1.07244e+07
1.16211e+08 1.08362e+07
1.16211e+08 1.08362e+07
1.16222e+08 1.08474e+07
1.16222e+08 1.08474e+07
1.16222e+08 1.08362e+07
1.16222e+08 1.08362e+07
1.16222e+08 1.08362e+07
1.16222e+08 1.0825e+07
1.16222e+08 1.08138e+07
1.16222e+08 1.08138e+07
1.16222e+08 1.07691e+07
1.16222e+08 1.07691e+07
1.16222e+08 1.07691e+07
1.16222e+08 1.07691e+07
1.16222e+08 1.0758e+07
1.27062e+08 1.14446e+07
1.27141e+08 1.14335e+07
1.27275e+08 1.13887e+07
1.27566e+08 1.13553e+07
1.27578e+08 1.13665e+07
1.27578e+08 1.13553e+07
1.27578e+08 1.13553e+07
1.27578e+08 1.13553e+07
1.27578e+08 1.13553e+07
1.27578e+08 1.13553e+07
1.27589e+08 1.13665e+07
1.27589e+08 1.13665e+07
1.276e+08 1.13777e+07
1.276e+08 1.13777e+07
1.276e+08 1.13777e+07
1.276e+08 1.13777e+07
1.276e+08 1.13777e+07
1.276e+08 1.13777e+07
1.276e+08 1.13777e+07
1.38928e+08 1.18653e+07
1.38939e+08 1.17983e+07
1.3904e+08 1.17647e+07
1.39521e+08 1.19547e+07
1.39521e+08 1.19435e+07
1.39521e+08 1.19435e+07
1.39521e+08 1.19435e+07
1.39521e+08 1.19435e+07
1.39555e+08 1.19771e+07
1.39555e+08 1.19771e+07
1.39566e+08 1.19771e+07
1.39566e+08 1.19771e+07
1.39566e+08 1.19659e+07
1.39566e+08 1.19659e+07
1.39566e+08 1.19659e+07
1.39566e+08 1.19659e+07
1.39566e+08 1.19659e+07
1.39566e+08 1.19659e+07
1.396e+08 1.19995e+07
1.396e+08 1.19995e+07
1.51359e+08 1.24312e+07
1.51415e+08 1.24759e+07
1.51538e+08 1.24983e+07
1.52053e+08 1.25318e+07
1.52053e+08 1.25318e+07
1.52053e+08 1.25318e+07
1.52053e+08 1.25318e+07
1.52053e+08 1.25318e+07
1.52053e+08 1.24983e+07
1.52064e+08 1.25095e+07
1.52075e+08 1.25095e+07
1.52075e+08 1.25095e+07
1.52075e+08 1.25095e+07
1.52075e+08 1.25095e+07
1.52076e+08 1.25095e+07
1.52076e+08 1.25095e+07
1.52154e+08 1.25878e+07
1.52154e+08 1.25878e+07
1.52154e+08 1.25543e+07
1.52165e+08 1.25654e+07
1.52165e+08 1.25654e+07
1.64302e+08 1.29434e+07
1.64414e+08 1.29993e+07
1.64526e+08 1.29881e+07
1.6513e+08 1.30775e+07
1.6513e+08 1.30775e+07
1.6513e+08 1.30775e+07
1.65131e+08 1.30775e+07
1.65131e+08 1.30775e+07
1.65131e+08 1.30775e+07
1.65153e+08 1.30887e+07
1.65164e+08 1.30887e+07
1.65164e+08 1.30887e+07
1.65164e+08 1.30887e+07
1.65164e+08 1.30887e+07
1.65175e+08 1.30999e+07
1.65175e+08 1.30999e+07
1.65231e+08 1.30776e+07
1.65231e+08 1.30776e+07
1.65231e+08 1.30776e+07
1.65231e+08 1.30664e+07
1.65231e+08 1.30664e+07
1.65231e+08 1.30664e+07
1.77242e+08 1.29393e+07
1.77331e+08 1.29169e+07
1.77342e+08 1.28163e+07
1.78103e+08 1.29728e+07
1.78126e+08 1.29951e+07
1.78126e+08 1.29951e+07
1.78126e+08 1.29951e+07
1.78126e+08 1.29951e+07
1.78126e+08 1.29951e+07
1.78126e+08 1.29728e+07
1.78126e+08 1.29616e+07
1.78126e+08 1.29616e+07
1.78137e+08 1.29728e+07
1.7817e+08 1.30063e+07
1.78193e+08 1.30174e+07
1.78193e+08 1.30174e+07
1.78226e+08 1.29951e+07
1.78249e+08 1.30174e+07
1.7826e+08 1.30286e+07
1.78294e+08 1.30622e+07
1.78327e+08 1.30957e+07
1.78327e+08 1.30957e+07
1.90929e+08 1.36876e+07
1.90929e+08 1.36876e+07
1.91063e+08 1.37323e+07
1.91097e+08 1.37546e+07
1.91791e+08 1.36876e+07
1.91791e+08 1.36652e+07
1.91802e+08 1.36764e+07
1.91813e+08 1.36876e+07
1.91813e+08 1.36876e+07
1.91813e+08 1.36876e+07
1.91813e+08 1.36876e+07
1.91813e+08 1.36876e+07
1.91813e+08 1.36876e+07
1.91825e+08 1.36876e+07
1.91847e+08 1.36764e+07
1.91869e+08 1.36764e+07
1.9188e+08 1.36876e+07
1.92015e+08 1.37883e+07
1.92015e+08 1.37659e+07
1.92015e+08 1.37547e+07
1.92048e+08 1.37547e+07
1.92048e+08 1.37212e+07
1.92082e+08 1.37547e+07
2.05284e+08 1.4355e+07
2.05318e+08 1.43886e+07
2.05318e+08 1.43886e+07
2.05463e+08 1.43998e+07
2.05486e+08 1.43887e+07
2.06146e+08 1.43551e+07
2.06146e+08 1.43551e+07
2.06146e+08 1.43439e+07
2.06168e+08 1.43551e+07
2.0618e+08 1.43663e+07
2.0618e+08 1.43663e+07
2.06191e+08 1.43775e+07
2.06191e+08 1.43775e+07
2.06191e+08 1.43775e+07
2.06191e+08 1.43663e+07
2.06236e+08 1.43886e+07
2.0628e+08 1.4411e+07
2.0628e+08 1.43998e+07
2.06437e+08 1.44222e+07
2.0647e+08 1.44557e+07
2.06482e+08 1.44669e+07
2.06482e+08 1.44334e+07
2.06493e+08 1.44446e+07
2.06493e+08 1.4411e+07
2.20173e+08 1.48888e+07
2.20173e+08 1.48552e+07
2.20173e+08 1.48552e+07
2.20419e+08 1.49558e+07
2.20441e+08 1.49782e+07
2.20441e+08 1.49559e+07
2.21147e+08 1.50006e+07
2.21147e+08 1.50006e+07
2.21147e+08 1.50006e+07
2.21147e+08 1.49782e+07
2.21158e+08 1.49782e+07
2.21247e+08 1.50677e+07
2.21247e+08 1.50565e+07
2.21258e+08 1.50677e+07
2.21258e+08 1.50677e+07
2.21259e+08 1.50677e+07
2.21259e+08 1.5023e+07
2.2127e+08 1.49895e+07
2.21281e+08 1.50006e+07
2.21393e+08 1.49559e+07
2.21438e+08 1.49671e+07
2.21449e+08 1.49671e+07
2.21449e+08 1.49671e+07
2.21482e+08 1.49894e+07
2.21482e+08 1.49894e+07
2.35691e+08 1.55181e+07
2.35702e+08 1.55293e+07
2.35713e+08 1.55404e+07
2.35915e+08 1.54958e+07
2.35915e+08 1.54734e+07
2.35937e+08 1.54958e+07
2.35937e+08 1.54958e+07
2.36754e+08 1.56076e+07
2.36754e+08 1.56076e+07
2.36754e+08 1.56076e+07
2.36776e+08 1.56299e+07
2.36799e+08 1.56411e+07
2.36855e+08 1.56076e+07
2.369e+08 1.56523e+07
2.36955e+08 1.5697e+07
2.36955e+08 1.5697e+07
2.36978e+08 1.57194e+07
2.37e+08 1.57417e+07
2.37045e+08 1.57752e+07
2.37045e+08 1.5764e+07
2.37045e+08 1.56522e+07
2.37112e+08 1.56746e+07
2.37123e+08 1.56746e+07
2.37123e+08 1.56746e+07
2.3719e+08 1.57082e+07
2.37191e+08 1.57082e+07
2.51676e+08 1.59853e+07
2.51721e+08 1.60188e+07
2.51755e+08 1.60412e+07
2.5199e+08 1.60747e+07
2.52023e+08 1.61082e+07
2.52023e+08 1.60859e+07
2.52079e+08 1.61418e+07
2.52079e+08 1.61418e+07
2.52907e+08 1.6153e+07
2.52907e+08 1.6153e+07
2.52918e+08 1.61642e+07
2.52929e+08 1.6153e+07
2.52941e+08 1.61418e+07
2.53019e+08 1.61642e+07
2.53019e+08 1.61195e+07
2.53086e+08 1.61306e+07
2.53097e+08 1.61418e+07
2.53109e+08 1.61307e+07
2.53109e+08 1.61083e+07
2.5312e+08 1.60748e+07
2.53131e+08 1.60859e+07
2.53187e+08 1.61418e+07
2.53232e+08 1.61194e+07
2.53232e+08 1.61082e+07
2.53232e+08 1.61082e+07
2.53411e+08 1.62201e+07
2.53422e+08 1.62313e+07
2.68267e+08 1.65907e+07
2.68323e+08 1.66019e+07
2.68379e+08 1.66242e+07
2.68737e+08 1.67472e+07
2.68759e+08 1.6736e+07
2.68759e+08 1.6736e+07
2.68793e+08 1.67136e+07
2.68793e+08 1.67136e+07
2.68793e+08 1.67136e+07
2.69665e+08 1.67584e+07
2.69665e+08 1.67584e+07
2.69665e+08 1.67472e+07
2.69677e+08 1.67472e+07
2.69688e+08 1.67472e+07
2.69945e+08 1.6926e+07
2.70001e+08 1.69819e+07
2.70001e+08 1.69148e+07
2.70001e+08 1.69037e+07
2.70001e+08 1.68925e+07
2.70001e+08 1.68925e+07
2.70012e+08 1.68925e+07
2.70046e+08 1.69149e+07
2.70068e+08 1.68813e+07
2.70068e+08 1.68366e+07
2.70068e+08 1.68366e+07
2.70079e+08 1.68478e+07
2.70158e+08 1.67472e+07
2.70169e+08 1.67472e+07
2.85378e+08 1.71109e+07
2.85467e+08 1.71444e+07
2.85467e+08 1.70885e+07
2.85903e+08 1.71668e+07
2.85903e+08 1.71444e+07
2.85926e+08 1.71668e+07
2.85993e+08 1.72003e+07
2.85993e+08 1.72003e+07
2.86004e+08 1.72115e+07
2.87101e+08 1.74351e+07
2.87101e+08 1.74351e+07
2.87101e+08 1.74351e+07
2.87101e+08 1.74351e+07
2.87179e+08 1.75022e+07
2.87257e+08 1.75692e+07
2.87335e+08 1.73904e+07
2.87358e+08 1.73568e+07
2.87414e+08 1.74127e+07
2.87414e+08 1.74127e+07
2.87414e+08 1.74127e+07
2.87447e+08 1.74462e+07
2.8747e+08 1.74574e+07
2.8747e+08 1.74239e+07
2.8747e+08 1.74015e+07
2.87503e+08 1.74351e+07
2.87503e+08 1.74351e+07
2.87503e+08 1.74239e+07
2.87559e+08 1.74016e+07
2.87571e+08 1.74015e+07
3.03286e+08 1.79082e+07
3.03376e+08 1.79083e+07
3.03376e+08 1.79083e+07
3.03734e+08 1.783e+07
3.03789e+08 1.78859e+07
3.03823e+08 1.78971e+07
3.03834e+08 1.78412e+07
3.03834e+08 1.78412e+07
3.03935e+08 1.79307e+07
3.05154e+08 1.80536e+07
3.05154e+08 1.80536e+07
3.05154e+08 1.80536e+07
3.05154e+08 1.80536e+07
3.05154e+08 1.80536e+07
3.053e+08 1.81207e+07
3.05333e+08 1.8076e+07
3.054e+08 1.80648e+07
3.054e+08 1.80425e+07
3.05434e+08 1.80201e+07
3.05445e+08 1.80313e+07
3.05479e+08 1.80648e+07
3.05479e+08 1.80313e+07
3.05479e+08 1.80089e+07
3.05479e+08 1.80089e+07
3.0549e+08 1.80201e+07
3.0549e+08 1.79866e+07
3.0549e+08 1.79866e+07
3.0549e+08 1.79866e+07
3.05591e+08 1.80313e+07
3.05591e+08 1.80201e+07
3.21761e+08 1.84745e+07
3.21873e+08 1.84969e+07
3.21884e+08 1.8508e+07
3.22264e+08 1.85303e+07
3.22297e+08 1.8508e+07
3.22297e+08 1.84745e+07
3.2232e+08 1.84857e+07
3.2232e+08 1.84857e+07
3.22398e+08 1.84634e+07
3.23852e+08 1.86981e+07
3.23852e+08 1.86981e+07
3.23852e+08 1.86981e+07
3.23852e+08 1.86981e+07
3.23852e+08 1.86981e+07
3.23852e+08 1.86981e+07
3.23919e+08 1.86199e+07
3.23919e+08 1.85863e+07
3.23998e+08 1.85976e+07
3.23998e+08 1.85976e+07
3.24065e+08 1.86311e+07
3.24076e+08 1.86311e+07
3.2411e+08 1.86311e+07
3.2411e+08 1.86311e+07
3.2411e+08 1.86311e+07
3.2411e+08 1.86311e+07
3.2411e+08 1.86199e+07
3.24143e+08 1.86534e+07
3.24143e+08 1.86534e+07
3.24143e+08 1.86534e+07
3.24211e+08 1.86199e+07
3.24278e+08 1.86869e+07
3.40835e+08 1.90746e+07
3.40947e+08 1.90746e+07
3.40947e+08 1.90634e+07
3.41305e+08 1.9041e+07
3.41394e+08 1.90969e+07
3.41394e+08 1.90969e+07
3.41417e+08 1.90969e+07
3.41417e+08 1.90969e+07
3.41529e+08 1.91305e+07
3.42916e+08 1.90634e+07
3.42916e+08 1.90634e+07
3.42916e+08 1.90634e+07
3.42916e+08 1.90634e+07
3.42916e+08 1.90634e+07
3.42916e+08 1.90635e+07
3.42916e+08 1.90635e+07
3.42983e+08 1.90634e+07
3.43005e+08 1.90858e+07
3.43207e+08 1.92088e+07
3.43229e+08 1.92311e+07
3.4324e+08 1.91752e+07
3.43307e+08 1.92311e+07
3.43307e+08 1.91976e+07
3.43318e+08 1.92088e+07
3.43318e+08 1.92088e+07
3.4333e+08 1.922e+07
3.4333e+08 1.922e+07
3.43352e+08 1.92088e+07
3.43352e+08 1.92088e+07
3.43352e+08 1.92088e+07
3.43442e+08 1.92311e+07
3.43453e+08 1.91752e+07
3.60857e+08 2.00219e+07
3.60924e+08 1.99772e+07
3.60935e+08 1.99883e+07
3.61148e+08 1.9843e+07
3.61193e+08 1.97982e+07
3.61193e+08 1.97982e+07
3.61193e+08 1.97759e+07
3.61193e+08 1.97759e+07
3.61282e+08 1.97535e+07
3.62636e+08 1.972e+07
3.62636e+08 1.972e+07
3.62636e+08 1.972e+07
3.62636e+08 1.972e+07
3.62636e+08 1.972e+07
3.62636e+08 1.972e+07
3.62636e+08 1.972e+07
3.62636e+08 1.972e+07
3.62636e+08 1.9653e+07
3.62681e+08 1.96753e+07
3.62904e+08 1.96977e+07
3.62927e+08 1.96977e+07
3.62994e+08 1.97536e+07
3.6305e+08 1.97424e+07
3.63083e+08 1.9776e+07
3.63083e+08 1.97648e+07
3.63083e+08 1.97648e+07
3.63106e+08 1.9776e+07
3.63106e+08 1.9776e+07
3.63162e+08 1.98095e+07
3.63206e+08 1.98542e+07
3.63206e+08 1.98542e+07
3.63374e+08 1.99324e+07
3.63385e+08 1.99324e+07
3.81446e+08 2.05887e+07
3.81502e+08 2.05775e+07
3.81535e+08 2.05999e+07
3.81625e+08 2.0477e+07
3.81636e+08 2.04435e+07
3.81681e+08 2.04882e+07
3.81726e+08 2.05329e+07
3.81726e+08 2.05329e+07
3.81793e+08 2.05106e+07
3.83057e+08 2.04211e+07
3.83057e+08 2.04211e+07
3.83057e+08 2.04211e+07
3.83057e+08 2.04211e+07
3.83057e+08 2.04211e+07
3.83057e+08 2.04211e+07
3.83057e+08 2.04211e+07
3.83057e+08 2.04211e+07
3.83057e+08 2.04211e+07
3.8309e+08 2.04547e+07
3.83124e+08 2.04435e+07
3.83292e+08 2.03876e+07
3.83303e+08 2.03764e+07
3.83337e+08 2.03429e+07
3.83393e+08 2.03429e+07
3.83426e+08 2.03429e+07
3.83426e+08 2.03429e+07
3.83426e+08 2.03429e+07
3.83527e+08 2.04211e+07
3.83527e+08 2.04211e+07
3.83616e+08 2.04546e+07
3.83762e+08 2.05552e+07
3.83784e+08 2.05776e+07
3.83918e+08 2.05441e+07
3.83929e+08 2.05441e+07
4.02322e+08 2.08757e+07
4.024e+08 2.0898e+07
4.024e+08 2.08645e+07
4.02445e+08 2.08197e+07
4.02467e+08 2.08309e+07
4.02512e+08 2.08309e+07
4.02545e+08 2.08197e+07
4.02556e+08 2.08309e+07
4.02646e+08 2.08533e+07
4.03921e+08 2.08646e+07
4.03921e+08 2.08646e+07
4.03921e+08 2.08646e+07
4.03922e+08 2.08646e+07
4.03922e+08 2.08646e+07
4.03922e+08 2.08646e+07
4.03922e+08 2.08646e+07
4.03922e+08 2.08646e+07
4.03922e+08 2.08646e+07
4.03922e+08 2.08311e+07
4.03922e+08 2.08311e+07
4.03933e+08 2.08087e+07
4.04078e+08 2.07863e+07
4.04078e+08 2.07751e+07
4.04112e+08 2.07751e+07
4.04134e+08 2.07416e+07
4.04168e+08 2.07417e+07
4.04168e+08 2.07417e+07
4.04168e+08 2.07417e+07
4.04212e+08 2.06858e+07
4.04291e+08 2.0764e+07
4.04313e+08 2.06969e+07
4.0447e+08 2.07081e+07
4.0466e+08 2.08757e+07
4.04738e+08 2.08199e+07
4.0476e+08 2.08311e+07
4.23646e+08 2.1325e+07
4.23669e+08 2.12691e+07
4.23691e+08 2.12914e+07
4.23714e+08 2.12691e+07
4.23736e+08 2.1269e+07
4.23781e+08 2.1269e+07
4.2387e+08 2.13249e+07
4.23881e+08 2.13249e+07
4.24127e+08 2.14814e+07
4.25526e+08 2.16044e+07
4.25526e+08 2.16044e+07
4.25526e+08 2.16044e+07
4.25526e+08 2.16044e+07
4.25526e+08 2.16044e+07
4.25526e+08 2.16044e+07
4.25559e+08 2.16379e+07
4.25559e+08 2.16379e+07
4.25559e+08 2.16379e+07
4.25559e+08 2.16379e+07
4.25559e+08 2.16379e+07
4.2556e+08 2.16379e+07
4.2556e+08 2.16268e+07
4.25593e+08 2.1515e+07
4.25593e+08 2.1515e+07
4.25593e+08 2.14814e+07
4.25604e+08 2.14703e+07
4.25694e+08 2.15262e+07
4.25716e+08 2.15485e+07
4.25716e+08 2.15485e+07
4.25728e+08 2.1515e+07
4.25739e+08 2.1448e+07
4.25739e+08 2.14256e+07
4.25772e+08 2.13027e+07
4.25862e+08 2.12021e+07
4.26253e+08 2.1515e+07
4.26253e+08 2.14927e+07
4.45543e+08 2.18962e+07
4.45543e+08 2.18738e+07
4.45554e+08 2.18626e+07
4.45621e+08 2.19074e+07
4.45643e+08 2.19074e+07
4.45677e+08 2.18962e+07
4.45845e+08 2.19743e+07
4.45845e+08 2.19632e+07
4.46035e+08 2.19073e+07
4.4769e+08 2.21643e+07
4.4769e+08 2.21644e+07
4.4769e+08 2.21644e+07
4.4769e+08 2.21644e+07
4.4769e+08 2.21644e+07
4.4769e+08 2.21644e+07
4.47702e+08 2.21421e+07
4.47702e+08 2.21421e+07
4.47702e+08 2.21421e+07
4.47702e+08 2.21421e+07
4.47702e+08 2.21421e+07
4.47702e+08 2.21421e+07
4.47702e+08 2.21421e+07
4.47702e+08 2.21421e+07
4.47713e+08 2.21197e+07
4.47758e+08 2.21644e+07
4.47758e+08 2.21644e+07
4.4778e+08 2.21756e+07
4.47802e+08 2.21085e+07
4.47814e+08 2.20974e+07
4.47814e+08 2.20974e+07
4.47814e+08 2.20862e+07
4.47825e+08 2.20862e+07
4.47825e+08 2.20862e+07
4.47836e+08 2.20639e+07
4.47926e+08 2.20639e+07
4.48295e+08 2.20415e+07
4.48295e+08 2.20415e+07
4.68158e+08 2.26156e+07
4.68169e+08 2.26268e+07
4.68203e+08 2.26491e+07
4.68404e+08 2.27833e+07
4.68404e+08 2.2761e+07
4.68404e+08 2.27274e+07
4.68471e+08 2.26269e+07
4.68505e+08 2.26604e+07
4.68785e+08 2.27498e+07
4.70529e+08 2.28392e+07
4.70541e+08 2.28503e+07
4.70541e+08 2.28503e+07
4.70541e+08 2.28503e+07
4.70541e+08 2.28503e+07
4.70552e+08 2.28615e+07
4.70563e+08 2.28615e+07
4.70563e+08 2.28615e+07
4.70563e+08 2.28615e+07
4.70563e+08 2.28615e+07
4.70563e+08 2.28615e+07
4.70563e+08 2.28615e+07
4.70563e+08 2.28615e+07
4.70563e+08 2.28616e+07
4.70563e+08 2.28616e+07
4.70563e+08 2.28504e+07
4.70586e+08 2.2828e+07
4.70586e+08 2.2828e+07
4.70597e+08 2.28168e+07
4.70597e+08 2.27945e+07
4.70619e+08 2.28057e+07
4.70619e+08 2.28057e+07
4.70619e+08 2.28057e+07
4.70631e+08 2.28057e+07
4.70642e+08 2.28169e+07
4.70653e+08 2.28169e+07
4.70687e+08 2.2761e+07
4.71045e+08 2.27499e+07
4.71078e+08 2.27834e+07
4.91196e+08 2.3038e+07
4.91319e+08 2.31498e+07
4.91342e+08 2.31386e+07
4.91543e+08 2.31385e+07
4.91543e+08 2.31385e+07
4.91543e+08 2.31385e+07
4.91621e+08 2.31497e+07
4.91632e+08 2.31274e+07
4.92147e+08 2.33622e+07
4.93902e+08 2.33731e+07
4.93902e+08 2.33619e+07
4.93902e+08 2.33619e+07
4.93902e+08 2.33619e+07
4.93902e+08 2.33619e+07
4.93914e+08 2.3362e+07
4.93914e+08 2.33508e+07
4.93914e+08 2.33508e+07
4.93914e+08 2.33508e+07
4.93914e+08 2.33508e+07
4.93925e+08 2.3362e+07
4.93925e+08 2.3362e+07
4.93925e+08 2.3362e+07
4.93925e+08 2.33619e+07
4.93925e+08 2.3362e+07
4.93925e+08 2.3362e+07
4.93925e+08 2.3362e+07
4.93925e+08 2.33397e+07
4.93925e+08 2.33397e+07
4.93948e+08 2.33509e+07
4.93959e+08 2.3362e+07
4.9397e+08 2.33509e+07
4.9397e+08 2.33509e+07
4.9397e+08 2.33509e+07
4.93982e+08 2.33509e+07
4.94015e+08 2.33733e+07
4.94015e+08 2.33621e+07
4.94071e+08 2.33845e+07
4.94395e+08 2.3351e+07
4.94429e+08 2.3351e+07
5.15185e+08 2.39883e+07
5.15274e+08 2.39547e+07
5.15274e+08 2.39324e+07
5.15341e+08 2.37982e+07
5.15341e+08 2.37982e+07
5.15363e+08 2.38206e+07
5.15408e+08 2.3787e+07
5.15419e+08 2.3787e+07
5.16247e+08 2.41e+07
5.17689e+08 2.3787e+07
5.17689e+08 2.3787e+07
5.17689e+08 2.3787e+07
5.17689e+08 2.3787e+07
5.17712e+08 2.38094e+07
5.17745e+08 2.38317e+07
5.17745e+08 2.38316e+07
5.17745e+08 2.38316e+07
5.17757e+08 2.38428e+07
5.17779e+08 2.38651e+07
5.1779e+08 2.38651e+07
5.1779e+08 2.38651e+07
5.1779e+08 2.38651e+07
5.1779e+08 2.38652e+07
5.17813e+08 2.38875e+07
5.17813e+08 2.38875e+07
5.17824e+08 2.38987e+07
5.17824e+08 2.38987e+07
5.17824e+08 2.38987e+07
5.17824e+08 2.38987e+07
5.17846e+08 2.38987e+07
5.17858e+08 2.38987e+07
5.17981e+08 2.40106e+07
5.17981e+08 2.40106e+07
5.17981e+08 2.40106e+07
5.18003e+08 2.40217e+07
5.18026e+08 2.40105e+07
5.18037e+08 2.40218e+07
5.18037e+08 2.39658e+07
5.18317e+08 2.39212e+07
5.18384e+08 2.39547e+07
5.39585e+08 2.44003e+07
5.39585e+08 2.43109e+07
5.39596e+08 2.43221e+07
5.39596e+08 2.4255e+07
5.39596e+08 2.4255e+07
5.39596e+08 2.42327e+07
5.39596e+08 2.41879e+07
5.39652e+08 2.42327e+07
5.40435e+08 2.4188e+07
5.42134e+08 2.44449e+07
5.42146e+08 2.44561e+07
5.42157e+08 2.44674e+07
5.42157e+08 2.44674e+07
5.42157e+08 2.4445e+07
5.42168e+08 2.44226e+07
5.42168e+08 2.44226e+07
5.42168e+08 2.44226e+07
5.42179e+08 2.44226e+07
5.4219e+08 2.44115e+07
5.4219e+08 2.44002e+07
5.4219e+08 2.44002e+07
5.4219e+08 2.44002e+07
5.4219e+08 2.44002e+07
5.42224e+08 2.44114e+07
5.42224e+08 2.44114e+07
5.42224e+08 2.44002e+07
5.42224e+08 2.44002e+07
5.42224e+08 2.44002e+07
5.42224e+08 2.44002e+07
5.42224e+08 2.44002e+07
5.42247e+08 2.44002e+07
5.42258e+08 2.44003e+07
5.42325e+08 2.43443e+07
5.42325e+08 2.43443e+07
5.42325e+08 2.43443e+07
5.42348e+08 2.43445e+07
5.42381e+08 2.43557e+07
5.42437e+08 2.44003e+07
5.42583e+08 2.45456e+07
5.4284e+08 2.45233e+07
5.42941e+08 2.45569e+07
5.64748e+08 2.5163e+07
5.64748e+08 2.5163e+07
5.64748e+08 2.51518e+07
5.64748e+08 2.51518e+07
5.64748e+08 2.51518e+07
5.64759e+08 2.5163e+07
5.64759e+08 2.5163e+07
5.64804e+08 2.51518e+07
5.65654e+08 2.5219e+07
5.67275e+08 2.51407e+07
5.67275e+08 2.51295e+07
5.67331e+08 2.51742e+07
5.67331e+08 2.51742e+07
5.67331e+08 2.51742e+07
5.67331e+08 2.51631e+07
5.67331e+08 2.51631e+07
5.67331e+08 2.51631e+07
5.67331e+08 2.51519e+07
5.67342e+08 2.51519e+07
5.67342e+08 2.51519e+07
5.67342e+08 2.51519e+07
5.67342e+08 2.51519e+07
5.67365e+08 2.51742e+07
5.67376e+08 2.51518e+07
5.67376e+08 2.51518e+07
5.67387e+08 2.5163e+07
5.67387e+08 2.5163e+07
5.67387e+08 2.5163e+07
5.67387e+08 2.5163e+07
5.67387e+08 2.5163e+07
5.67387e+08 2.5163e+07
5.67398e+08 2.51518e+07
5.67421e+08 2.5163e+07
5.67455e+08 2.51295e+07
5.67455e+08 2.51295e+07
5.67455e+08 2.51295e+07
5.67466e+08 2.51183e+07
5.67477e+08 2.5096e+07
5.67556e+08 2.51184e+07
5.67567e+08 2.49843e+07
5.6788e+08 2.50402e+07
5.68048e+08 2.51073e+07
5.90248e+08 2.54999e+07
5.90259e+08 2.55111e+07
5.90259e+08 2.55111e+07
5.90292e+08 2.55446e+07
5.90315e+08 2.5567e+07
5.90315e+08 2.55558e+07
5.90315e+08 2.55558e+07
5.90348e+08 2.55446e+07
5.91534e+08 2.58801e+07
5.92999e+08 2.57236e+07
5.92999e+08 2.57236e+07
5.93021e+08 2.56899e+07
5.93021e+08 2.56899e+07
5.93021e+08 2.56899e+07
5.93032e+08 2.57011e+07
5.93032e+08 2.57011e+07
5.93032e+08 2.57011e+07
5.93032e+08 2.57011e+07
5.93032e+08 2.569e+07
5.93032e+08 2.569e+07
5.93044e+08 2.57012e+07
5.93044e+08 2.57012e+07
5.93044e+08 2.56788e+07
5.93055e+08 2.56788e+07
5.93055e+08 2.56788e+07
5.93077e+08 2.569e+07
5.93077e+08 2.569e+07
5.93077e+08 2.569e+07
5.93077e+08 2.569e+07
5.931e+08 2.57124e+07
5.931e+08 2.57124e+07
5.931e+08 2.57124e+07
5.93111e+08 2.57124e+07
5.93156e+08 2.57347e+07
5.9319e+08 2.57348e+07
5.9319e+08 2.57348e+07
5.9319e+08 2.57348e+07
5.93201e+08 2.57347e+07
5.93212e+08 2.57347e+07
5.93302e+08 2.5746e+07
5.93324e+08 2.57571e+07
5.93492e+08 2.56118e+07
5.93716e+08 2.56678e+07
6.16361e+08 2.61128e+07
6.16394e+08 2.61352e+07
6.16394e+08 2.61352e+07
6.16394e+08 2.61016e+07
6.16439e+08 2.6124e+07
6.1645e+08 2.61352e+07
6.16495e+08 2.61799e+07
6.16539e+08 2.61911e+07
6.1768e+08 2.61464e+07
6.19034e+08 2.60356e+07
6.19034e+08 2.60356e+07
6.19068e+08 2.60467e+07
6.19068e+08 2.60467e+07
6.1909e+08 2.60694e+07
6.19113e+08 2.60805e+07
6.19113e+08 2.60805e+07
6.19169e+08 2.61364e+07
6.19169e+08 2.61365e+07
6.19191e+08 2.61588e+07
6.19191e+08 2.61588e+07
6.19225e+08 2.61812e+07
6.19236e+08 2.61924e+07
6.19247e+08 2.62036e+07
6.1927e+08 2.62148e+07
6.1927e+08 2.62148e+07
6.19314e+08 2.62371e+07
6.19314e+08 2.62371e+07
6.19314e+08 2.62371e+07
6.19359e+08 2.62819e+07
6.19359e+08 2.62595e+07
6.19359e+08 2.62595e+07
6.19359e+08 2.62595e+07
6.1937e+08 2.62707e+07
6.1937e+08 2.62595e+07
6.19393e+08 2.62371e+07
6.19616e+08 2.64269e+07
6.19616e+08 2.64269e+07
6.19616e+08 2.64269e+07
6.19717e+08 2.65164e+07
6.19796e+08 2.65834e+07
6.19829e+08 2.65276e+07
6.19874e+08 2.655e+07
6.19997e+08 2.65051e+07
6.20042e+08 2.6326e+07
6.23209e+08 6.84875e+06
6.23209e+08 6.81522e+06
6.23209e+08 6.81522e+06
