4.17493e+06 4.17472e+06
8.31632e+06 4.14139e+06
8.31633e+06 4.1414e+06
9.47317e+06 1.15685e+06
9.47317e+06 1.15684e+06
1.15661e+07 2.09292e+06
1.1622e+07 2.14881e+06
1.1622e+07 2.14881e+06
1.40707e+07 2.5046e+06
1.40819e+07 2.45989e+06
1.40931e+07 2.47107e+06
1.40931e+07 2.47107e+06
1.68803e+07 2.80956e+06
1.69026e+07 2.82074e+06
1.69026e+07 2.80956e+06
1.69026e+07 2.80956e+06
1.69026e+07 2.80957e+06
2.01008e+07 3.22057e+06
2.01008e+07 3.19821e+06
2.0112e+07 3.20939e+06
2.0112e+07 3.20939e+06
2.0112e+07 3.20939e+06
2.0112e+07 3.2094e+06
2.39366e+07 3.83574e+06
2.39477e+07 3.84692e+06
2.39478e+07 3.83575e+06
2.39478e+07 3.83575e+06
2.39589e+07 3.84692e+06
2.3959e+07 3.84692e+06
2.3959e+07 3.84693e+06
2.78731e+07 3.93655e+06
2.78955e+07 3.94773e+06
2.78955e+07 3.94773e+06
2.79179e+07 3.97011e+06
2.79179e+07 3.95893e+06
2.79179e+07 3.95893e+06
2.79179e+07 3.95893e+06
3.24357e+07 4.56256e+06
3.24468e+07 4.57374e+06
3.24692e+07 4.57373e+06
3.24692e+07 4.57373e+06
3.25139e+07 4.59608e+06
3.2514e+07 4.59608e+06
3.25251e+07 4.60726e+06
3.25252e+07 4.60727e+06
3.76021e+07 5.16645e+06
3.76021e+07 5.15527e+06
3.76021e+07 5.15529e+06
3.76021e+07 5.13294e+06
3.76022e+07 5.13294e+06
3.76804e+07 5.16646e+06
3.77028e+07 5.18882e+06
3.77363e+07 5.21118e+06
3.77587e+07 5.23355e+06
4.32942e+07 5.69209e+06
4.32942e+07 5.69209e+06
4.32942e+07 5.69209e+06
4.33613e+07 5.75918e+06
4.33613e+07 5.75919e+06
4.33837e+07 5.78154e+06
4.34284e+07 5.74801e+06
4.34284e+07 5.72566e+06
4.34396e+07 5.70329e+06
4.35403e+07 5.78155e+06
4.9892e+07 6.59777e+06
4.9892e+07 6.59778e+06
4.9892e+07 6.59778e+06
4.99256e+07 6.56422e+06
4.99256e+07 6.56422e+06
4.99256e+07 6.56423e+06
4.99256e+07 6.54188e+06
4.99256e+07 6.49716e+06
4.99256e+07 6.49715e+06
4.99256e+07 6.48598e+06
5.01715e+07 6.63128e+06
5.67287e+07 6.83669e+06
5.6751e+07 6.85905e+06
5.67623e+07 6.87025e+06
5.67846e+07 6.85907e+06
5.67846e+07 6.85907e+06
5.68517e+07 6.92612e+06
5.68517e+07 6.92612e+06
5.68517e+07 6.92613e+06
5.68741e+07 6.94848e+06
5.68964e+07 6.97084e+06
5.69523e+07 7.02671e+06
5.72541e+07 7.08255e+06
6.43889e+07 7.66028e+06
6.46684e+07 7.91732e+06
6.47131e+07 7.95082e+06
6.47131e+07 7.92847e+06
6.47355e+07 7.95084e+06
6.47914e+07 7.93967e+06
6.47914e+07 7.93967e+06
6.47914e+07 7.93967e+06
6.47914e+07 7.93968e+06
6.48138e+07 7.93969e+06
6.48138e+07 7.91734e+06
6.48138e+07 7.86146e+06
6.49144e+07 7.66036e+06
7.3018e+07 8.62908e+06
7.3018e+07 8.34967e+06
7.3018e+07 8.30496e+06
7.30292e+07 8.31615e+06
7.30293e+07 8.29382e+06
7.30293e+07 8.23793e+06
7.30405e+07 8.24911e+06
7.30517e+07 8.26029e+06
7.30517e+07 8.26029e+06
7.30517e+07 8.2603e+06
7.30741e+07 8.2603e+06
7.30852e+07 8.27147e+06
7.31635e+07 8.34973e+06
7.32976e+07 8.38319e+06
8.16033e+07 8.58529e+06
8.16033e+07 8.58529e+06
8.16369e+07 8.61883e+06
8.16369e+07 8.60765e+06
8.16593e+07 8.62997e+06
8.16816e+07 8.65232e+06
8.1704e+07 8.66349e+06
8.17934e+07 8.74172e+06
8.17934e+07 8.74172e+06
8.17934e+07 8.74172e+06
8.19052e+07 8.83112e+06
8.20616e+07 8.98759e+06
8.2274e+07 9.18881e+06
8.23076e+07 9.14409e+06
8.23076e+07 9.01e+06
9.10122e+07 9.40887e+06
9.10122e+07 9.40887e+06
9.10457e+07 9.40886e+06
9.12581e+07 9.62119e+06
9.14146e+07 9.75535e+06
9.14146e+07 9.733e+06
9.14258e+07 9.72183e+06
9.14482e+07 9.65477e+06
9.14706e+07 9.67715e+06
9.14706e+07 9.67716e+06
9.14706e+07 9.5654e+06
9.14706e+07 9.40893e+06
9.14706e+07 9.40894e+06
9.15601e+07 9.28601e+06
9.15601e+07 9.25248e+06
9.16383e+07 9.33072e+06
1.01185e+08 1.01726e+07
1.01185e+08 1.01726e+07
1.01185e+08 1.0139e+07
1.01185e+08 9.92671e+06
1.0133e+08 9.9155e+06
1.0133e+08 9.91549e+06
1.0133e+08 9.90432e+06
1.0133e+08 9.88196e+06
1.01352e+08 9.88193e+06
1.01352e+08 9.88193e+06
1.01364e+08 9.8931e+06
1.01442e+08 9.97133e+06
1.01487e+08 1.00161e+07
1.01666e+08 1.01055e+07
1.01666e+08 1.01055e+07
1.01811e+08 1.02508e+07
1.0199e+08 1.03515e+07
1.11956e+08 1.0771e+07
1.11956e+08 1.0771e+07
1.11967e+08 1.07822e+07
1.11967e+08 1.07822e+07
1.12012e+08 1.06816e+07
1.1209e+08 1.07599e+07
1.1209e+08 1.07599e+07
1.1209e+08 1.07599e+07
1.12112e+08 1.07599e+07
1.12146e+08 1.07935e+07
1.12157e+08 1.07935e+07
1.12157e+08 1.07152e+07
1.1218e+08 1.06928e+07
1.12202e+08 1.05363e+07
1.12202e+08 1.05363e+07
1.12202e+08 1.05363e+07
1.12269e+08 1.04581e+07
1.12537e+08 1.05475e+07
1.23129e+08 1.11735e+07
1.23163e+08 1.1207e+07
1.23174e+08 1.1207e+07
1.23174e+08 1.1207e+07
1.23208e+08 1.11959e+07
1.2323e+08 1.114e+07
1.2323e+08 1.114e+07
1.23241e+08 1.11512e+07
1.23252e+08 1.114e+07
1.23342e+08 1.1196e+07
1.23342e+08 1.11848e+07
1.23342e+08 1.11848e+07
1.23375e+08 1.11959e+07
1.23409e+08 1.12071e+07
1.23532e+08 1.133e+07
1.23577e+08 1.13747e+07
1.23655e+08 1.13859e+07
1.23655e+08 1.13859e+07
1.23722e+08 1.11848e+07
1.34916e+08 1.1787e+07
1.34916e+08 1.17534e+07
1.34916e+08 1.17423e+07
1.34927e+08 1.17534e+07
1.3495e+08 1.17422e+07
1.3495e+08 1.17199e+07
1.3495e+08 1.17199e+07
1.34961e+08 1.17199e+07
1.34961e+08 1.17087e+07
1.35106e+08 1.17646e+07
1.35106e+08 1.17646e+07
1.35106e+08 1.17646e+07
1.3514e+08 1.17646e+07
1.3514e+08 1.1731e+07
1.35185e+08 1.16528e+07
1.35218e+08 1.16416e+07
1.35285e+08 1.16305e+07
1.35285e+08 1.16305e+07
1.35285e+08 1.16305e+07
1.35431e+08 1.17087e+07
1.47232e+08 1.23154e+07
1.47254e+08 1.23377e+07
1.47254e+08 1.23377e+07
1.47254e+08 1.23266e+07
1.47265e+08 1.23154e+07
1.47299e+08 1.23489e+07
1.4731e+08 1.23601e+07
1.47399e+08 1.24384e+07
1.47399e+08 1.24384e+07
1.47522e+08 1.2416e+07
1.47522e+08 1.2416e+07
1.47522e+08 1.2416e+07
1.47545e+08 1.24048e+07
1.47556e+08 1.2416e+07
1.47556e+08 1.23713e+07
1.47556e+08 1.23377e+07
1.47567e+08 1.22819e+07
1.47567e+08 1.22819e+07
1.4759e+08 1.23042e+07
1.47757e+08 1.23266e+07
1.47757e+08 1.23266e+07
1.60196e+08 1.29645e+07
1.60196e+08 1.29421e+07
1.60207e+08 1.29533e+07
1.60207e+08 1.29533e+07
1.60207e+08 1.29421e+07
1.60219e+08 1.29198e+07
1.60241e+08 1.29309e+07
1.60375e+08 1.29756e+07
1.60409e+08 1.30092e+07
1.60487e+08 1.29644e+07
1.60487e+08 1.29644e+07
1.60487e+08 1.29644e+07
1.6052e+08 1.29756e+07
1.60532e+08 1.29756e+07
1.60532e+08 1.29756e+07
1.60532e+08 1.29756e+07
1.60576e+08 1.30092e+07
1.60588e+08 1.30204e+07
1.60621e+08 1.30316e+07
1.60688e+08 1.2931e+07
1.60688e+08 1.2931e+07
1.60688e+08 1.2931e+07
1.73267e+08 1.30705e+07
1.73267e+08 1.30706e+07
1.73267e+08 1.30594e+07
1.73278e+08 1.30706e+07
1.73289e+08 1.30817e+07
1.73289e+08 1.30706e+07
1.733e+08 1.30594e+07
1.73435e+08 1.30594e+07
1.73435e+08 1.30259e+07
1.73513e+08 1.30259e+07
1.73513e+08 1.30259e+07
1.73513e+08 1.30259e+07
1.73513e+08 1.29924e+07
1.73513e+08 1.29812e+07
1.73524e+08 1.29924e+07
1.73558e+08 1.30259e+07
1.73569e+08 1.29924e+07
1.73591e+08 1.30036e+07
1.73602e+08 1.29812e+07
1.73658e+08 1.297e+07
1.7367e+08 1.29812e+07
1.7367e+08 1.29812e+07
1.86912e+08 1.36453e+07
1.86912e+08 1.36453e+07
1.86912e+08 1.36453e+07
1.86912e+08 1.36453e+07
1.86968e+08 1.369e+07
1.86968e+08 1.36789e+07
1.87069e+08 1.37795e+07
1.87136e+08 1.38353e+07
1.87169e+08 1.37347e+07
1.87169e+08 1.37347e+07
1.87169e+08 1.36564e+07
1.8718e+08 1.36676e+07
1.8718e+08 1.36676e+07
1.87192e+08 1.36788e+07
1.87192e+08 1.36788e+07
1.87192e+08 1.36676e+07
1.87248e+08 1.369e+07
1.87259e+08 1.369e+07
1.87259e+08 1.36676e+07
1.8727e+08 1.36676e+07
1.87326e+08 1.36677e+07
1.87326e+08 1.36566e+07
1.87326e+08 1.36566e+07
2.01148e+08 1.4236e+07
2.01148e+08 1.4236e+07
2.01148e+08 1.4236e+07
2.01148e+08 1.4236e+07
2.01159e+08 1.42472e+07
2.0117e+08 1.42024e+07
2.01226e+08 1.42583e+07
2.01282e+08 1.42137e+07
2.01327e+08 1.41913e+07
2.01327e+08 1.41577e+07
2.01338e+08 1.41689e+07
2.01338e+08 1.41689e+07
2.01338e+08 1.41578e+07
2.01338e+08 1.41578e+07
2.01338e+08 1.41466e+07
2.01338e+08 1.41466e+07
2.01338e+08 1.41466e+07
2.01338e+08 1.40907e+07
2.01349e+08 1.40907e+07
2.0135e+08 1.40907e+07
2.0135e+08 1.40795e+07
2.01406e+08 1.40796e+07
2.01406e+08 1.40796e+07
2.01417e+08 1.40908e+07
2.15977e+08 1.48287e+07
2.15977e+08 1.48287e+07
2.15977e+08 1.48287e+07
2.15977e+08 1.48287e+07
2.15977e+08 1.48287e+07
2.15977e+08 1.48175e+07
2.15977e+08 1.48064e+07
2.15977e+08 1.47505e+07
2.16022e+08 1.47393e+07
2.16044e+08 1.4717e+07
2.16044e+08 1.4717e+07
2.16044e+08 1.47058e+07
2.16044e+08 1.47058e+07
2.16044e+08 1.47058e+07
2.16044e+08 1.47058e+07
2.16044e+08 1.47058e+07
2.16044e+08 1.47058e+07
2.16044e+08 1.47058e+07
2.16044e+08 1.47058e+07
2.16055e+08 1.47058e+07
2.16055e+08 1.47058e+07
2.16055e+08 1.47058e+07
2.1619e+08 1.47841e+07
2.1619e+08 1.47841e+07
2.1619e+08 1.47729e+07
2.31332e+08 1.5355e+07
2.31332e+08 1.5355e+07
2.31332e+08 1.5355e+07
2.31332e+08 1.5355e+07
2.31332e+08 1.5355e+07
2.31332e+08 1.5355e+07
2.31332e+08 1.5355e+07
2.31332e+08 1.5355e+07
2.31332e+08 1.5355e+07
2.31332e+08 1.53102e+07
2.31354e+08 1.53102e+07
2.31354e+08 1.53103e+07
2.31354e+08 1.53103e+07
2.31354e+08 1.53103e+07
2.31354e+08 1.53103e+07
2.31354e+08 1.53103e+07
2.31354e+08 1.53103e+07
2.31354e+08 1.53103e+07
2.31354e+08 1.53103e+07
2.31366e+08 1.53215e+07
2.31366e+08 1.53103e+07
2.31377e+08 1.53215e+07
2.31377e+08 1.53215e+07
2.31478e+08 1.52879e+07
2.31478e+08 1.52879e+07
2.31478e+08 1.52879e+07
2.47278e+08 1.59465e+07
2.47278e+08 1.59465e+07
2.47278e+08 1.59465e+07
2.47278e+08 1.59465e+07
2.47278e+08 1.59465e+07
2.47278e+08 1.59465e+07
2.47278e+08 1.59465e+07
2.47278e+08 1.59465e+07
2.47278e+08 1.59465e+07
2.47278e+08 1.59465e+07
2.47278e+08 1.59465e+07
2.47289e+08 1.59353e+07
2.47301e+08 1.59465e+07
2.47301e+08 1.59465e+07
2.47301e+08 1.59465e+07
2.47301e+08 1.59465e+07
2.47312e+08 1.59577e+07
2.47312e+08 1.59577e+07
2.47312e+08 1.59577e+07
2.47323e+08 1.59689e+07
2.47323e+08 1.59577e+07
2.47346e+08 1.598e+07
2.47379e+08 1.60023e+07
2.47379e+08 1.60024e+07
2.47402e+08 1.59241e+07
2.47402e+08 1.59241e+07
2.47413e+08 1.59353e+07
2.63816e+08 1.6538e+07
2.63816e+08 1.6538e+07
2.63816e+08 1.6538e+07
2.63816e+08 1.6538e+07
2.63816e+08 1.6538e+07
2.63816e+08 1.6538e+07
2.63816e+08 1.6538e+07
2.63816e+08 1.6538e+07
2.63816e+08 1.6538e+07
2.63827e+08 1.65492e+07
2.63827e+08 1.65492e+07
2.63827e+08 1.65492e+07
2.63827e+08 1.6538e+07
2.63861e+08 1.65604e+07
2.63872e+08 1.65715e+07
2.63906e+08 1.66051e+07
2.63906e+08 1.66051e+07
2.63906e+08 1.65939e+07
2.63906e+08 1.65939e+07
2.63951e+08 1.66387e+07
2.63951e+08 1.66275e+07
2.63951e+08 1.66275e+07
2.63951e+08 1.66051e+07
2.63951e+08 1.65715e+07
2.63951e+08 1.65716e+07
2.63951e+08 1.65493e+07
2.63951e+08 1.65493e+07
2.63951e+08 1.65381e+07
2.80896e+08 1.70799e+07
2.80907e+08 1.70911e+07
2.80918e+08 1.71022e+07
2.8093e+08 1.71134e+07
2.80952e+08 1.71358e+07
2.80952e+08 1.71358e+07
2.80952e+08 1.71358e+07
2.80952e+08 1.71358e+07
2.80952e+08 1.71358e+07
2.80952e+08 1.71246e+07
2.80952e+08 1.71246e+07
2.80952e+08 1.71246e+07
2.80974e+08 1.7147e+07
2.80974e+08 1.7147e+07
2.81019e+08 1.71581e+07
2.81019e+08 1.71469e+07
2.81019e+08 1.71134e+07
2.81019e+08 1.71134e+07
2.81019e+08 1.71134e+07
2.81019e+08 1.71135e+07
2.81031e+08 1.70799e+07
2.81031e+08 1.70799e+07
2.81031e+08 1.70799e+07
2.81031e+08 1.70799e+07
2.81031e+08 1.70799e+07
2.81031e+08 1.708e+07
2.81031e+08 1.708e+07
2.81031e+08 1.708e+07
2.81031e+08 1.708e+07
2.98633e+08 1.77367e+07
2.98633e+08 1.77255e+07
2.98633e+08 1.77143e+07
2.98633e+08 1.77032e+07
2.98633e+08 1.76808e+07
2.98633e+08 1.76808e+07
2.98633e+08 1.76808e+07
2.98666e+08 1.77143e+07
2.98666e+08 1.77143e+07
2.98666e+08 1.77143e+07
2.98666e+08 1.77143e+07
2.98666e+08 1.77143e+07
2.98678e+08 1.77255e+07
2.98689e+08 1.77144e+07
2.98689e+08 1.77144e+07
2.987e+08 1.76808e+07
2.987e+08 1.76808e+07
2.98711e+08 1.76921e+07
2.98711e+08 1.7692e+07
2.98711e+08 1.7692e+07
2.98711e+08 1.7692e+07
2.98723e+08 1.7692e+07
2.98723e+08 1.7692e+07
2.98723e+08 1.7692e+07
2.98723e+08 1.7692e+07
2.98723e+08 1.7692e+07
2.98723e+08 1.7692e+07
2.98757e+08 1.77256e+07
2.98757e+08 1.77255e+07
2.98757e+08 1.77255e+07
3.16926e+08 1.82937e+07
3.16926e+08 1.82937e+07
3.16926e+08 1.82937e+07
3.16926e+08 1.82937e+07
3.16927e+08 1.82937e+07
3.16927e+08 1.82937e+07
3.16927e+08 1.82937e+07
3.16927e+08 1.82602e+07
3.16927e+08 1.82602e+07
3.16927e+08 1.82602e+07
3.16927e+08 1.82602e+07
3.16938e+08 1.82714e+07
3.16938e+08 1.82602e+07
3.16938e+08 1.82602e+07
3.16949e+08 1.82602e+07
3.1696e+08 1.82714e+07
3.1696e+08 1.82603e+07
3.1696e+08 1.82603e+07
3.16983e+08 1.82714e+07
3.16983e+08 1.82714e+07
3.16983e+08 1.82715e+07
3.16983e+08 1.82714e+07
3.16983e+08 1.82602e+07
3.16983e+08 1.82602e+07
3.16983e+08 1.82602e+07
3.16994e+08 1.82714e+07
3.16994e+08 1.82714e+07
3.16994e+08 1.82714e+07
3.17062e+08 1.8305e+07
3.17062e+08 1.8305e+07
3.17062e+08 1.8305e+07
3.3577e+08 1.88436e+07
3.3577e+08 1.88436e+07
3.3577e+08 1.88436e+07
3.3577e+08 1.88436e+07
3.3577e+08 1.88436e+07
3.3577e+08 1.88436e+07
3.35781e+08 1.88548e+07
3.35781e+08 1.88548e+07
3.35781e+08 1.88548e+07
3.35781e+08 1.88548e+07
3.35781e+08 1.88548e+07
3.35781e+08 1.88436e+07
3.35781e+08 1.88436e+07
3.35793e+08 1.88548e+07
3.35793e+08 1.88548e+07
3.35804e+08 1.88548e+07
3.35804e+08 1.88437e+07
3.35804e+08 1.88437e+07
3.35804e+08 1.88436e+07
3.35837e+08 1.88548e+07
3.35838e+08 1.88548e+07
3.35838e+08 1.88548e+07
3.35849e+08 1.8866e+07
3.3586e+08 1.88772e+07
3.35871e+08 1.88883e+07
3.35871e+08 1.88883e+07
3.35871e+08 1.88771e+07
3.35871e+08 1.88772e+07
3.35883e+08 1.88884e+07
3.35939e+08 1.88771e+07
3.35939e+08 1.88771e+07
3.3595e+08 1.88883e+07
3.55206e+08 1.94363e+07
3.55206e+08 1.94363e+07
3.55206e+08 1.94363e+07
3.55206e+08 1.94363e+07
3.55218e+08 1.94475e+07
3.55218e+08 1.94475e+07
3.55218e+08 1.94363e+07
3.55218e+08 1.94363e+07
3.55218e+08 1.94364e+07
3.55218e+08 1.94364e+07
3.55251e+08 1.94699e+07
3.55251e+08 1.94699e+07
3.55274e+08 1.94923e+07
3.55274e+08 1.94811e+07
3.55274e+08 1.94811e+07
3.55296e+08 1.94923e+07
3.55296e+08 1.94923e+07
3.55296e+08 1.94923e+07
3.55307e+08 1.95034e+07
3.55307e+08 1.95034e+07
3.55307e+08 1.94699e+07
3.55307e+08 1.94699e+07
3.55308e+08 1.94699e+07
3.55308e+08 1.94587e+07
3.5533e+08 1.94699e+07
3.5533e+08 1.94587e+07
3.55341e+08 1.947e+07
3.55352e+08 1.94811e+07
3.55364e+08 1.94923e+07
3.55386e+08 1.95034e+07
3.55386e+08 1.94475e+07
3.55398e+08 1.94587e+07
3.55398e+08 1.94475e+07
3.75247e+08 2.00403e+07
3.75247e+08 2.00403e+07
3.75247e+08 2.00403e+07
3.75247e+08 2.00403e+07
3.75247e+08 2.00291e+07
3.75247e+08 2.00291e+07
3.75247e+08 2.00291e+07
3.75291e+08 2.00738e+07
3.75325e+08 2.01073e+07
3.75336e+08 2.01185e+07
3.75336e+08 2.00849e+07
3.75336e+08 2.00849e+07
3.75336e+08 2.00626e+07
3.75336e+08 2.00626e+07
3.75336e+08 2.00626e+07
3.75336e+08 2.00403e+07
3.75336e+08 2.00403e+07
3.75336e+08 2.00403e+07
3.75348e+08 2.00515e+07
3.75348e+08 2.00403e+07
3.75348e+08 2.00403e+07
3.75381e+08 2.00738e+07
3.75404e+08 2.00962e+07
3.75404e+08 2.00962e+07
3.75404e+08 2.00962e+07
3.75404e+08 2.00739e+07
3.75404e+08 2.00739e+07
3.75404e+08 2.00626e+07
3.75426e+08 2.00738e+07
3.75426e+08 2.00627e+07
3.75437e+08 2.00515e+07
3.75449e+08 2.00625e+07
3.75471e+08 2.00737e+07
3.75471e+08 2.00737e+07
3.95902e+08 2.06553e+07
3.95902e+08 2.06553e+07
3.95902e+08 2.06553e+07
3.95902e+08 2.06553e+07
3.95902e+08 2.06553e+07
3.95902e+08 2.06553e+07
3.95902e+08 2.06553e+07
3.95902e+08 2.06106e+07
3.95924e+08 2.05994e+07
3.95947e+08 2.06106e+07
3.95958e+08 2.06217e+07
3.95958e+08 2.06217e+07
3.95969e+08 2.06329e+07
3.95969e+08 2.06329e+07
3.95992e+08 2.06553e+07
3.96014e+08 2.06777e+07
3.96025e+08 2.06889e+07
3.96025e+08 2.06889e+07
3.96025e+08 2.06777e+07
3.96025e+08 2.06777e+07
3.96025e+08 2.06777e+07
3.96025e+08 2.06778e+07
3.96025e+08 2.06442e+07
3.96037e+08 2.0633e+07
3.96059e+08 2.06553e+07
3.96059e+08 2.06553e+07
3.96059e+08 2.06553e+07
3.96059e+08 2.06554e+07
3.96059e+08 2.06553e+07
3.96059e+08 2.0633e+07
3.96059e+08 2.0633e+07
3.96059e+08 2.06218e+07
3.96138e+08 2.06889e+07
3.96149e+08 2.06776e+07
3.9616e+08 2.06888e+07
4.17212e+08 2.13103e+07
4.17212e+08 2.13103e+07
4.17212e+08 2.13103e+07
4.17224e+08 2.13215e+07
4.17224e+08 2.13215e+07
4.17224e+08 2.13215e+07
4.17224e+08 2.13215e+07
4.17224e+08 2.13215e+07
4.17268e+08 2.13439e+07
4.17268e+08 2.13215e+07
4.17268e+08 2.13103e+07
4.17279e+08 2.13215e+07
4.17335e+08 2.13662e+07
4.17335e+08 2.13662e+07
4.17336e+08 2.13439e+07
4.17336e+08 2.13215e+07
4.17336e+08 2.13103e+07
4.17336e+08 2.13103e+07
4.17336e+08 2.13104e+07
4.17336e+08 2.13104e+07
4.17336e+08 2.13104e+07
4.17336e+08 2.13104e+07
4.17347e+08 2.13216e+07
4.17369e+08 2.13439e+07
4.17369e+08 2.13328e+07
4.17392e+08 2.13328e+07
4.17392e+08 2.13328e+07
4.17403e+08 2.1344e+07
4.17403e+08 2.13439e+07
4.17403e+08 2.1344e+07
4.17414e+08 2.13551e+07
4.17414e+08 2.13552e+07
4.17537e+08 2.14781e+07
4.17571e+08 2.14334e+07
4.17571e+08 2.14222e+07
4.17571e+08 2.1411e+07
4.39029e+08 2.18166e+07
4.39074e+08 2.18613e+07
4.39074e+08 2.18613e+07
4.39118e+08 2.18948e+07
4.39118e+08 2.18948e+07
4.39118e+08 2.18948e+07
4.39118e+08 2.18948e+07
4.39118e+08 2.18948e+07
4.39152e+08 2.18836e+07
4.39152e+08 2.18836e+07
4.39152e+08 2.18837e+07
4.39152e+08 2.18725e+07
4.39174e+08 2.18389e+07
4.39174e+08 2.1839e+07
4.39175e+08 2.18389e+07
4.39175e+08 2.18389e+07
4.39175e+08 2.18389e+07
4.39175e+08 2.18389e+07
4.39175e+08 2.18389e+07
4.39175e+08 2.1839e+07
4.39175e+08 2.1839e+07
4.39242e+08 2.19061e+07
4.39242e+08 2.19061e+07
4.39275e+08 2.19284e+07
4.39275e+08 2.19061e+07
4.39331e+08 2.19619e+07
4.39376e+08 2.19843e+07
4.39387e+08 2.19955e+07
4.39387e+08 2.19843e+07
4.39387e+08 2.19843e+07
4.39387e+08 2.19843e+07
4.39387e+08 2.19731e+07
4.39387e+08 2.19731e+07
4.3941e+08 2.18726e+07
4.39421e+08 2.18501e+07
4.39421e+08 2.18501e+07
4.39432e+08 2.18613e+07
4.61475e+08 2.24464e+07
4.61475e+08 2.24016e+07
4.61475e+08 2.24016e+07
4.61475e+08 2.23569e+07
4.61475e+08 2.23569e+07
4.61475e+08 2.23569e+07
4.61475e+08 2.23569e+07
4.61475e+08 2.23569e+07
4.61498e+08 2.23457e+07
4.61554e+08 2.24016e+07
4.61576e+08 2.2424e+07
4.6161e+08 2.24575e+07
4.61666e+08 2.24911e+07
4.61666e+08 2.24911e+07
4.61666e+08 2.24911e+07
4.61688e+08 2.25134e+07
4.61688e+08 2.25134e+07
4.61688e+08 2.25134e+07
4.61688e+08 2.25134e+07
4.61699e+08 2.25246e+07
4.61699e+08 2.25246e+07
4.61889e+08 2.26476e+07
4.61889e+08 2.26476e+07
4.61889e+08 2.26476e+07
4.61889e+08 2.2614e+07
4.61889e+08 2.2614e+07
4.61889e+08 2.25581e+07
4.6189e+08 2.25135e+07
4.61901e+08 2.25135e+07
4.61923e+08 2.25359e+07
4.61923e+08 2.25359e+07
4.61923e+08 2.25359e+07
4.61923e+08 2.25359e+07
4.61923e+08 2.25359e+07
4.61923e+08 2.25134e+07
4.61935e+08 2.25134e+07
4.61935e+08 2.25134e+07
4.61968e+08 2.25358e+07
4.84378e+08 2.2903e+07
4.84378e+08 2.2903e+07
4.84378e+08 2.2903e+07
4.84378e+08 2.2903e+07
4.84378e+08 2.2903e+07
4.84378e+08 2.2903e+07
4.84389e+08 2.29141e+07
4.84389e+08 2.29141e+07
4.84389e+08 2.28918e+07
4.84389e+08 2.28359e+07
4.84423e+08 2.28471e+07
4.84423e+08 2.28136e+07
4.84591e+08 2.29254e+07
4.84602e+08 2.29366e+07
4.84736e+08 2.30706e+07
4.84736e+08 2.30483e+07
4.84736e+08 2.30483e+07
4.84736e+08 2.30483e+07
4.8477e+08 2.30818e+07
4.84792e+08 2.3093e+07
4.84815e+08 2.31153e+07
4.8496e+08 2.30707e+07
4.8496e+08 2.30707e+07
4.8496e+08 2.30707e+07
4.8496e+08 2.30707e+07
4.8496e+08 2.30707e+07
4.8496e+08 2.30707e+07
4.8496e+08 2.30707e+07
4.84983e+08 2.3093e+07
4.84983e+08 2.30819e+07
4.84994e+08 2.30707e+07
4.84994e+08 2.30707e+07
4.84994e+08 2.30706e+07
4.84994e+08 2.30706e+07
4.84994e+08 2.30706e+07
4.85005e+08 2.30818e+07
4.85016e+08 2.30818e+07
4.85016e+08 2.30818e+07
4.85017e+08 2.30483e+07
5.07943e+08 2.35649e+07
5.07943e+08 2.35649e+07
5.07943e+08 2.35649e+07
5.07943e+08 2.35649e+07
5.07943e+08 2.35649e+07
5.07943e+08 2.35649e+07
5.07943e+08 2.35538e+07
5.07954e+08 2.35649e+07
5.07954e+08 2.35649e+07
5.07954e+08 2.35649e+07
5.08044e+08 2.36208e+07
5.08066e+08 2.36432e+07
5.08223e+08 2.3632e+07
5.08335e+08 2.37326e+07
5.08335e+08 2.35985e+07
5.08335e+08 2.35985e+07
5.08335e+08 2.35985e+07
5.08368e+08 2.3632e+07
5.08368e+08 2.35985e+07
5.08368e+08 2.35761e+07
5.08424e+08 2.36097e+07
5.08659e+08 2.36991e+07
5.08659e+08 2.36991e+07
5.08659e+08 2.36991e+07
5.08659e+08 2.36991e+07
5.08659e+08 2.36991e+07
5.08659e+08 2.36991e+07
5.08659e+08 2.36991e+07
5.08659e+08 2.36991e+07
5.08671e+08 2.3688e+07
5.08682e+08 2.36991e+07
5.08693e+08 2.36991e+07
5.08693e+08 2.36991e+07
5.08693e+08 2.36991e+07
5.08693e+08 2.36991e+07
5.08693e+08 2.36991e+07
5.08693e+08 2.36879e+07
5.08693e+08 2.36767e+07
5.08693e+08 2.36767e+07
5.08704e+08 2.36879e+07
5.32009e+08 2.40663e+07
5.32009e+08 2.40663e+07
5.32021e+08 2.40775e+07
5.32054e+08 2.4111e+07
5.32065e+08 2.41221e+07
5.32077e+08 2.41333e+07
5.32099e+08 2.41557e+07
5.3211e+08 2.41557e+07
5.3211e+08 2.41557e+07
5.3211e+08 2.41557e+07
5.32155e+08 2.4111e+07
5.32177e+08 2.4111e+07
5.3249e+08 2.42675e+07
5.3249e+08 2.41557e+07
5.3249e+08 2.41557e+07
5.3249e+08 2.41557e+07
5.3249e+08 2.41557e+07
5.3249e+08 2.41222e+07
5.3249e+08 2.41222e+07
5.3249e+08 2.41222e+07
5.32546e+08 2.41223e+07
5.32714e+08 2.40551e+07
5.32714e+08 2.40551e+07
5.32714e+08 2.40551e+07
5.32714e+08 2.40551e+07
5.32714e+08 2.40551e+07
5.32737e+08 2.40775e+07
5.32737e+08 2.40775e+07
5.32737e+08 2.40775e+07
5.32737e+08 2.40775e+07
5.32882e+08 2.42116e+07
5.32882e+08 2.42004e+07
5.32882e+08 2.41892e+07
5.32882e+08 2.41892e+07
5.32882e+08 2.41892e+07
5.32882e+08 2.41892e+07
5.32882e+08 2.41892e+07
5.32882e+08 2.41892e+07
5.32882e+08 2.41892e+07
5.32882e+08 2.41892e+07
5.32894e+08 2.41893e+07
5.56815e+08 2.48057e+07
5.56837e+08 2.4828e+07
5.56837e+08 2.48169e+07
5.56837e+08 2.47833e+07
5.56837e+08 2.47722e+07
5.56849e+08 2.47721e+07
5.5686e+08 2.4761e+07
5.5686e+08 2.47498e+07
5.56871e+08 2.4761e+07
5.56882e+08 2.47721e+07
5.57039e+08 2.48839e+07
5.57061e+08 2.48839e+07
5.57274e+08 2.47834e+07
5.57285e+08 2.47945e+07
5.57285e+08 2.47945e+07
5.57285e+08 2.47945e+07
5.57285e+08 2.47945e+07
5.57341e+08 2.48504e+07
5.57341e+08 2.48504e+07
5.57374e+08 2.4884e+07
5.5743e+08 2.4884e+07
5.57464e+08 2.47498e+07
5.57464e+08 2.47498e+07
5.57475e+08 2.4761e+07
5.57475e+08 2.4761e+07
5.57475e+08 2.4761e+07
5.57487e+08 2.47498e+07
5.57498e+08 2.4761e+07
5.57498e+08 2.4761e+07
5.57498e+08 2.4761e+07
5.57498e+08 2.4761e+07
5.57599e+08 2.47163e+07
5.57599e+08 2.47163e+07
5.57599e+08 2.47163e+07
5.57599e+08 2.47163e+07
5.57599e+08 2.47163e+07
5.57599e+08 2.47163e+07
5.57599e+08 2.47163e+07
5.57621e+08 2.47387e+07
5.57655e+08 2.47722e+07
5.57655e+08 2.47722e+07
5.57845e+08 2.4951e+07
5.82209e+08 2.53938e+07
5.8222e+08 2.53826e+07
5.82254e+08 2.54162e+07
5.82265e+08 2.54273e+07
5.82276e+08 2.54385e+07
5.82276e+08 2.54273e+07
5.82287e+08 2.54273e+07
5.82298e+08 2.54385e+07
5.82298e+08 2.54273e+07
5.82298e+08 2.54162e+07
5.82421e+08 2.53826e+07
5.82433e+08 2.53715e+07
5.82735e+08 2.54609e+07
5.82735e+08 2.54497e+07
5.82735e+08 2.54497e+07
5.82735e+08 2.54497e+07
5.82735e+08 2.54497e+07
5.82768e+08 2.54274e+07
5.82813e+08 2.54721e+07
5.82824e+08 2.54498e+07
5.82903e+08 2.54721e+07
5.82903e+08 2.54385e+07
5.82903e+08 2.54386e+07
5.82903e+08 2.54274e+07
5.82903e+08 2.54274e+07
5.82903e+08 2.54274e+07
5.82925e+08 2.54386e+07
5.82936e+08 2.54385e+07
5.82936e+08 2.54386e+07
5.82936e+08 2.54386e+07
5.82936e+08 2.54386e+07
5.82936e+08 2.54386e+07
5.8297e+08 2.53715e+07
5.8297e+08 2.53715e+07
5.8297e+08 2.53715e+07
5.82981e+08 2.53827e+07
5.82992e+08 2.53939e+07
5.83004e+08 2.54051e+07
5.83004e+08 2.54051e+07
5.83004e+08 2.53827e+07
5.8306e+08 2.5405e+07
5.8306e+08 2.5405e+07
5.83205e+08 2.53603e+07
6.08175e+08 2.59659e+07
6.08186e+08 2.59659e+07
6.08242e+08 2.59882e+07
6.08275e+08 2.60106e+07
6.08309e+08 2.60329e+07
6.08309e+08 2.60329e+07
6.08309e+08 2.60218e+07
6.08309e+08 2.60106e+07
6.0832e+08 2.60218e+07
6.08342e+08 2.60441e+07
6.08521e+08 2.61e+07
6.08521e+08 2.60888e+07
6.08768e+08 2.6033e+07
6.08768e+08 2.6033e+07
6.08768e+08 2.6033e+07
6.08768e+08 2.6033e+07
6.08768e+08 2.6033e+07
6.08801e+08 2.6033e+07
6.08846e+08 2.6033e+07
6.08868e+08 2.60442e+07
6.08891e+08 2.59883e+07
6.08891e+08 2.59882e+07
6.08925e+08 2.60218e+07
6.08936e+08 2.6033e+07
6.08936e+08 2.6033e+07
6.08936e+08 2.6033e+07
6.08936e+08 2.60106e+07
6.08936e+08 2.59994e+07
6.08936e+08 2.59994e+07
6.08936e+08 2.59994e+07
6.08936e+08 2.59994e+07
6.08936e+08 2.59994e+07
6.08936e+08 2.59994e+07
6.08981e+08 2.60106e+07
6.08992e+08 2.60218e+07
6.08992e+08 2.60218e+07
6.08992e+08 2.60106e+07
6.08992e+08 2.59995e+07
6.08992e+08 2.59883e+07
6.08992e+08 2.59883e+07
6.08992e+08 2.59883e+07
6.08992e+08 2.59324e+07
6.08992e+08 2.59324e+07
6.09193e+08 2.59883e+07
6.14075e+08 5.90041e+06
6.14075e+08 5.88919e+06
6.14075e+08 5.83331e+06
