4.81435e+06 4.81381e+06
8.30723e+06 3.49288e+06
8.30725e+06 3.4929e+06
9.54955e+06 1.24232e+06
9.54956e+06 1.24231e+06
1.1354e+07 1.80444e+06
1.1354e+07 1.80445e+06
1.1354e+07 1.80445e+06
1.36911e+07 2.33708e+06
1.36911e+07 2.33714e+06
1.36911e+07 2.33714e+06
1.36912e+07 2.33714e+06
1.66615e+07 2.97044e+06
1.66615e+07 2.97041e+06
1.66616e+07 2.97041e+06
1.66616e+07 2.97042e+06
1.66616e+07 2.97043e+06
2.01686e+07 3.5071e+06
2.01687e+07 3.50713e+06
2.01687e+07 3.50712e+06
2.01687e+07 3.50712e+06
2.01687e+07 3.50712e+06
2.01687e+07 3.50712e+06
2.43055e+07 4.13684e+06
2.43055e+07 4.13679e+06
2.43055e+07 4.1368e+06
2.43055e+07 4.13679e+06
2.43055e+07 4.13679e+06
2.43055e+07 4.1368e+06
2.43055e+07 4.13682e+06
2.83874e+07 4.0819e+06
2.83985e+07 4.09308e+06
2.83986e+07 4.0931e+06
2.83986e+07 4.0931e+06
2.83986e+07 4.0931e+06
2.83986e+07 4.09312e+06
2.83986e+07 4.0931e+06
3.31287e+07 4.74139e+06
3.31399e+07 4.75258e+06
3.31511e+07 4.75258e+06
3.31623e+07 4.76374e+06
3.31623e+07 4.76374e+06
3.31623e+07 4.76374e+06
3.31624e+07 4.76376e+06
3.31624e+07 4.76376e+06
3.83399e+07 5.21114e+06
3.83399e+07 5.19998e+06
3.83399e+07 5.19999e+06
3.83623e+07 5.21117e+06
3.83623e+07 5.19999e+06
3.83623e+07 5.20001e+06
3.83623e+07 5.2e+06
3.83736e+07 5.21117e+06
3.83736e+07 5.21117e+06
4.41326e+07 5.79274e+06
4.41326e+07 5.79274e+06
4.41662e+07 5.82626e+06
4.41885e+07 5.82625e+06
4.41886e+07 5.82626e+06
4.41886e+07 5.82626e+06
4.41886e+07 5.82624e+06
4.41886e+07 5.82626e+06
4.42221e+07 5.84859e+06
4.42222e+07 5.8486e+06
5.05962e+07 6.46359e+06
5.05962e+07 6.46359e+06
5.05962e+07 6.43007e+06
5.05963e+07 6.40773e+06
5.05963e+07 6.40773e+06
5.05963e+07 6.40774e+06
5.05963e+07 6.40777e+06
5.05963e+07 6.40777e+06
5.05963e+07 6.40775e+06
5.05964e+07 6.37421e+06
5.06075e+07 6.38538e+06
5.75967e+07 7.00048e+06
5.75967e+07 7.00048e+06
5.75967e+07 7.00048e+06
5.76527e+07 7.05638e+06
5.76527e+07 7.05638e+06
5.76527e+07 7.05638e+06
5.76527e+07 7.05636e+06
5.76527e+07 7.05637e+06
5.76527e+07 7.05639e+06
5.76527e+07 7.05639e+06
5.76527e+07 7.05639e+06
5.76527e+07 7.04521e+06
6.52234e+07 7.62669e+06
6.52234e+07 7.62668e+06
6.52346e+07 7.63787e+06
6.52458e+07 7.59315e+06
6.52458e+07 7.59315e+06
6.52682e+07 7.61551e+06
6.52682e+07 7.61551e+06
6.52682e+07 7.61551e+06
6.52906e+07 7.63789e+06
6.53018e+07 7.64906e+06
6.53018e+07 7.64906e+06
6.53018e+07 7.64906e+06
6.53018e+07 7.64906e+06
7.34316e+07 8.20825e+06
7.34316e+07 8.20825e+06
7.34317e+07 8.19708e+06
7.34317e+07 8.18593e+06
7.34317e+07 8.18593e+06
7.34317e+07 8.16357e+06
7.34318e+07 8.16356e+06
7.34318e+07 8.16356e+06
7.34318e+07 8.1412e+06
7.34318e+07 8.14121e+06
7.34318e+07 8.13003e+06
7.34318e+07 8.13004e+06
7.34318e+07 8.13004e+06
7.34318e+07 8.13004e+06
8.22437e+07 8.81207e+06
8.22437e+07 8.81207e+06
8.22438e+07 8.81208e+06
8.22438e+07 8.81211e+06
8.22439e+07 8.81212e+06
8.22439e+07 8.81212e+06
8.22439e+07 8.81213e+06
8.22439e+07 8.81214e+06
8.22439e+07 8.81212e+06
8.22439e+07 8.81212e+06
8.22439e+07 8.81212e+06
8.22439e+07 8.81213e+06
8.22439e+07 8.81212e+06
8.2244e+07 8.81214e+06
8.2244e+07 8.81214e+06
9.16486e+07 9.40493e+06
9.16487e+07 9.40493e+06
9.16487e+07 9.40492e+06
9.16487e+07 9.40486e+06
9.16487e+07 9.40486e+06
9.16487e+07 9.40486e+06
9.16488e+07 9.40487e+06
9.16488e+07 9.40486e+06
9.16488e+07 9.40486e+06
9.16488e+07 9.40486e+06
9.16488e+07 9.40486e+06
9.16488e+07 9.40486e+06
9.16488e+07 9.40487e+06
9.16488e+07 9.40487e+06
9.16488e+07 9.40484e+06
9.16488e+07 9.40483e+06
1.01646e+08 9.9975e+06
1.01646e+08 9.99756e+06
1.01646e+08 9.99755e+06
1.01646e+08 9.99755e+06
1.01646e+08 9.99758e+06
1.01646e+08 9.99758e+06
1.01646e+08 9.99758e+06
1.01646e+08 9.99758e+06
1.01646e+08 9.99758e+06
1.01646e+08 9.99758e+06
1.01646e+08 9.99758e+06
1.01646e+08 9.99758e+06
1.01646e+08 9.99758e+06
1.01646e+08 9.99758e+06
1.01646e+08 9.99758e+06
1.01646e+08 9.99758e+06
1.01646e+08 9.99758e+06
1.12236e+08 1.05903e+07
1.12236e+08 1.05903e+07
1.12237e+08 1.05903e+07
1.12237e+08 1.05903e+07
1.12237e+08 1.05902e+07
1.12237e+08 1.05903e+07
1.12237e+08 1.05903e+07
1.12237e+08 1.05903e+07
1.12237e+08 1.05903e+07
1.12237e+08 1.05903e+07
1.12237e+08 1.05903e+07
1.12237e+08 1.05903e+07
1.12237e+08 1.05903e+07
1.12237e+08 1.05903e+07
1.12237e+08 1.05903e+07
1.12237e+08 1.05903e+07
1.12237e+08 1.05903e+07
1.12237e+08 1.05903e+07
1.23419e+08 1.1183e+07
1.23419e+08 1.11829e+07
1.23419e+08 1.11829e+07
1.23419e+08 1.11829e+07
1.23419e+08 1.11829e+07
1.2342e+08 1.1183e+07
1.2342e+08 1.1183e+07
1.2342e+08 1.1183e+07
1.2342e+08 1.1183e+07
1.2342e+08 1.1183e+07
1.2342e+08 1.1183e+07
1.2342e+08 1.1183e+07
1.2342e+08 1.1183e+07
1.2342e+08 1.1183e+07
1.2342e+08 1.1183e+07
1.2342e+08 1.1183e+07
1.2342e+08 1.1183e+07
1.2342e+08 1.1183e+07
1.2342e+08 1.11831e+07
1.3515e+08 1.1731e+07
1.35162e+08 1.17422e+07
1.35195e+08 1.17757e+07
1.35195e+08 1.17757e+07
1.35195e+08 1.17757e+07
1.35195e+08 1.17756e+07
1.35195e+08 1.17757e+07
1.35195e+08 1.17757e+07
1.35195e+08 1.17757e+07
1.35195e+08 1.17757e+07
1.35195e+08 1.17757e+07
1.35195e+08 1.17757e+07
1.35195e+08 1.17757e+07
1.35195e+08 1.17758e+07
1.35195e+08 1.17758e+07
1.35195e+08 1.17757e+07
1.35195e+08 1.17757e+07
1.35195e+08 1.17757e+07
1.35195e+08 1.17757e+07
1.35195e+08 1.17757e+07
1.47541e+08 1.23908e+07
1.47541e+08 1.23796e+07
1.47564e+08 1.23684e+07
1.47564e+08 1.23684e+07
1.47564e+08 1.23684e+07
1.47564e+08 1.23684e+07
1.47564e+08 1.23684e+07
1.47564e+08 1.23684e+07
1.47564e+08 1.23684e+07
1.47564e+08 1.23684e+07
1.47564e+08 1.23684e+07
1.47564e+08 1.23685e+07
1.47564e+08 1.23685e+07
1.47597e+08 1.2402e+07
1.47597e+08 1.2402e+07
1.47597e+08 1.2402e+07
1.47597e+08 1.2402e+07
1.47597e+08 1.2402e+07
1.47597e+08 1.2402e+07
1.47597e+08 1.2402e+07
1.47597e+08 1.2402e+07
1.60469e+08 1.29276e+07
1.60469e+08 1.29276e+07
1.60469e+08 1.29053e+07
1.60469e+08 1.29053e+07
1.60469e+08 1.29053e+07
1.60469e+08 1.29053e+07
1.60491e+08 1.29276e+07
1.60525e+08 1.29612e+07
1.60525e+08 1.29612e+07
1.60525e+08 1.29612e+07
1.60547e+08 1.29835e+07
1.60559e+08 1.29947e+07
1.60559e+08 1.29947e+07
1.60559e+08 1.29612e+07
1.60559e+08 1.29612e+07
1.60559e+08 1.29612e+07
1.60559e+08 1.29612e+07
1.60559e+08 1.29612e+07
1.60559e+08 1.29612e+07
1.60559e+08 1.29612e+07
1.6057e+08 1.29724e+07
1.6057e+08 1.29724e+07
1.73397e+08 1.2928e+07
1.73397e+08 1.29279e+07
1.73397e+08 1.29279e+07
1.73419e+08 1.29503e+07
1.73442e+08 1.29727e+07
1.73464e+08 1.2995e+07
1.73509e+08 1.30174e+07
1.73509e+08 1.29839e+07
1.73509e+08 1.29839e+07
1.73509e+08 1.29839e+07
1.73531e+08 1.29839e+07
1.73565e+08 1.30062e+07
1.73565e+08 1.30062e+07
1.73587e+08 1.30286e+07
1.73598e+08 1.30398e+07
1.73598e+08 1.30398e+07
1.73598e+08 1.30398e+07
1.73598e+08 1.30398e+07
1.73598e+08 1.30398e+07
1.73598e+08 1.30398e+07
1.73598e+08 1.30286e+07
1.73598e+08 1.30286e+07
1.87074e+08 1.36769e+07
1.87074e+08 1.36769e+07
1.87074e+08 1.36769e+07
1.87074e+08 1.36769e+07
1.87074e+08 1.36545e+07
1.87074e+08 1.36322e+07
1.87074e+08 1.36098e+07
1.87152e+08 1.36434e+07
1.87152e+08 1.36434e+07
1.87174e+08 1.36657e+07
1.87174e+08 1.36657e+07
1.8723e+08 1.36992e+07
1.87242e+08 1.36769e+07
1.87242e+08 1.36769e+07
1.87242e+08 1.36545e+07
1.87353e+08 1.37551e+07
1.87353e+08 1.37551e+07
1.87387e+08 1.37886e+07
1.87398e+08 1.37998e+07
1.87398e+08 1.37998e+07
1.87398e+08 1.37998e+07
1.87398e+08 1.37998e+07
1.87443e+08 1.38445e+07
2.01265e+08 1.41913e+07
2.01265e+08 1.41913e+07
2.0131e+08 1.4236e+07
2.0131e+08 1.4236e+07
2.0131e+08 1.4236e+07
2.01388e+08 1.43143e+07
2.01388e+08 1.43143e+07
2.0141e+08 1.43367e+07
2.01567e+08 1.44149e+07
2.01567e+08 1.44149e+07
2.01601e+08 1.4426e+07
2.01601e+08 1.4426e+07
2.01645e+08 1.44148e+07
2.01645e+08 1.44037e+07
2.01645e+08 1.44037e+07
2.01645e+08 1.44037e+07
2.01657e+08 1.43031e+07
2.01657e+08 1.43031e+07
2.01668e+08 1.42807e+07
2.01668e+08 1.42695e+07
2.01668e+08 1.42695e+07
2.01668e+08 1.42695e+07
2.01668e+08 1.42695e+07
2.01668e+08 1.42249e+07
2.16183e+08 1.49181e+07
2.16183e+08 1.49181e+07
2.16194e+08 1.48846e+07
2.1625e+08 1.49405e+07
2.1625e+08 1.49405e+07
2.1625e+08 1.49405e+07
2.16384e+08 1.49964e+07
2.16384e+08 1.49964e+07
2.16384e+08 1.49741e+07
2.16396e+08 1.48288e+07
2.16418e+08 1.48511e+07
2.16418e+08 1.48176e+07
2.16418e+08 1.48176e+07
2.16452e+08 1.48064e+07
2.16463e+08 1.48176e+07
2.16463e+08 1.48176e+07
2.16463e+08 1.48176e+07
2.16463e+08 1.48064e+07
2.16463e+08 1.48064e+07
2.16463e+08 1.47952e+07
2.16463e+08 1.47952e+07
2.16463e+08 1.47952e+07
2.16463e+08 1.47952e+07
2.16463e+08 1.47952e+07
2.16463e+08 1.47952e+07
2.31616e+08 1.54326e+07
2.31638e+08 1.5455e+07
2.31638e+08 1.54438e+07
2.31705e+08 1.5455e+07
2.31716e+08 1.54662e+07
2.31716e+08 1.54662e+07
2.31728e+08 1.54773e+07
2.31795e+08 1.54103e+07
2.31806e+08 1.54215e+07
2.31828e+08 1.54438e+07
2.31851e+08 1.5455e+07
2.31851e+08 1.54326e+07
2.31851e+08 1.54326e+07
2.31851e+08 1.54326e+07
2.31896e+08 1.54438e+07
2.31896e+08 1.54326e+07
2.31896e+08 1.54327e+07
2.31896e+08 1.54327e+07
2.31896e+08 1.54327e+07
2.31896e+08 1.54327e+07
2.31896e+08 1.54326e+07
2.31896e+08 1.54327e+07
2.31896e+08 1.54327e+07
2.31896e+08 1.54327e+07
2.31896e+08 1.54327e+07
2.31896e+08 1.54327e+07
2.47596e+08 1.59806e+07
2.47686e+08 1.60477e+07
2.47686e+08 1.60477e+07
2.47719e+08 1.60142e+07
2.47719e+08 1.6003e+07
2.47742e+08 1.60253e+07
2.47742e+08 1.60142e+07
2.47742e+08 1.60142e+07
2.47809e+08 1.60142e+07
2.4782e+08 1.60142e+07
2.47842e+08 1.60142e+07
2.47854e+08 1.6003e+07
2.47854e+08 1.6003e+07
2.47854e+08 1.6003e+07
2.47854e+08 1.6003e+07
2.47854e+08 1.59583e+07
2.47854e+08 1.59583e+07
2.47854e+08 1.59583e+07
2.47854e+08 1.59583e+07
2.47854e+08 1.59583e+07
2.47854e+08 1.59583e+07
2.47854e+08 1.59583e+07
2.47876e+08 1.59807e+07
2.47876e+08 1.59807e+07
2.47887e+08 1.59918e+07
2.47887e+08 1.59918e+07
2.47899e+08 1.6003e+07
2.64281e+08 1.66851e+07
2.64304e+08 1.66181e+07
2.64304e+08 1.66181e+07
2.64304e+08 1.65845e+07
2.64304e+08 1.65845e+07
2.64315e+08 1.65733e+07
2.64315e+08 1.65733e+07
2.64315e+08 1.65733e+07
2.64315e+08 1.65734e+07
2.64393e+08 1.65846e+07
2.64405e+08 1.65846e+07
2.64405e+08 1.65622e+07
2.64416e+08 1.65622e+07
2.64427e+08 1.65734e+07
2.64427e+08 1.65734e+07
2.64427e+08 1.65734e+07
2.64505e+08 1.66516e+07
2.64505e+08 1.66516e+07
2.64505e+08 1.66516e+07
2.64505e+08 1.66516e+07
2.64505e+08 1.66516e+07
2.64505e+08 1.66516e+07
2.64506e+08 1.66516e+07
2.64506e+08 1.66292e+07
2.64506e+08 1.66292e+07
2.64517e+08 1.66293e+07
2.64517e+08 1.66293e+07
2.64517e+08 1.66181e+07
2.81425e+08 1.71437e+07
2.81425e+08 1.71213e+07
2.81436e+08 1.71326e+07
2.81436e+08 1.71326e+07
2.81436e+08 1.71326e+07
2.81448e+08 1.71325e+07
2.81448e+08 1.71326e+07
2.81448e+08 1.71326e+07
2.81459e+08 1.71438e+07
2.81515e+08 1.71214e+07
2.81526e+08 1.71325e+07
2.81627e+08 1.7222e+07
2.81627e+08 1.7222e+07
2.81671e+08 1.72555e+07
2.81683e+08 1.72555e+07
2.81683e+08 1.72555e+07
2.81683e+08 1.72555e+07
2.81683e+08 1.71772e+07
2.81683e+08 1.71772e+07
2.81683e+08 1.71772e+07
2.81683e+08 1.71772e+07
2.81683e+08 1.71772e+07
2.81683e+08 1.71772e+07
2.81683e+08 1.71772e+07
2.81683e+08 1.71772e+07
2.81683e+08 1.71772e+07
2.81694e+08 1.71772e+07
2.81705e+08 1.71884e+07
2.81705e+08 1.71884e+07
2.99173e+08 1.77476e+07
2.99206e+08 1.77811e+07
2.99318e+08 1.78817e+07
2.99318e+08 1.78817e+07
2.99318e+08 1.78817e+07
2.99318e+08 1.78706e+07
2.99329e+08 1.78818e+07
2.99329e+08 1.78818e+07
2.99341e+08 1.78818e+07
2.99397e+08 1.78817e+07
2.99397e+08 1.78705e+07
2.99397e+08 1.78706e+07
2.99408e+08 1.77812e+07
2.9943e+08 1.78035e+07
2.99453e+08 1.77811e+07
2.99453e+08 1.777e+07
2.99453e+08 1.777e+07
2.99453e+08 1.777e+07
2.99464e+08 1.77811e+07
2.99464e+08 1.77811e+07
2.99464e+08 1.77811e+07
2.99464e+08 1.77811e+07
2.99464e+08 1.77811e+07
2.99464e+08 1.77811e+07
2.99464e+08 1.77811e+07
2.99464e+08 1.77811e+07
2.99464e+08 1.77811e+07
2.99464e+08 1.77699e+07
2.99464e+08 1.77587e+07
2.99464e+08 1.77587e+07
3.17479e+08 1.83068e+07
3.17513e+08 1.83068e+07
3.17603e+08 1.82845e+07
3.17614e+08 1.82957e+07
3.17614e+08 1.82957e+07
3.17659e+08 1.83404e+07
3.17681e+08 1.83515e+07
3.17681e+08 1.83515e+07
3.17703e+08 1.83627e+07
3.17759e+08 1.83626e+07
3.17759e+08 1.83627e+07
3.17759e+08 1.83627e+07
3.17793e+08 1.8385e+07
3.17804e+08 1.83962e+07
3.17804e+08 1.83739e+07
3.17804e+08 1.83515e+07
3.17804e+08 1.83515e+07
3.17815e+08 1.83627e+07
3.17815e+08 1.83627e+07
3.17815e+08 1.83515e+07
3.17815e+08 1.83515e+07
3.17815e+08 1.83515e+07
3.17815e+08 1.83515e+07
3.17815e+08 1.83515e+07
3.17815e+08 1.83515e+07
3.17815e+08 1.83515e+07
3.17815e+08 1.83515e+07
3.17815e+08 1.83515e+07
3.17815e+08 1.83515e+07
3.17815e+08 1.83515e+07
3.17815e+08 1.83515e+07
3.36312e+08 1.88324e+07
3.36357e+08 1.88436e+07
3.36502e+08 1.88995e+07
3.36502e+08 1.88884e+07
3.36502e+08 1.88884e+07
3.36525e+08 1.8866e+07
3.36536e+08 1.88548e+07
3.36536e+08 1.88548e+07
3.36547e+08 1.88437e+07
3.36547e+08 1.87878e+07
3.36547e+08 1.87878e+07
3.36558e+08 1.8799e+07
3.36592e+08 1.87989e+07
3.36603e+08 1.87989e+07
3.36603e+08 1.87989e+07
3.36614e+08 1.88101e+07
3.36614e+08 1.88101e+07
3.36625e+08 1.88213e+07
3.36637e+08 1.88213e+07
3.36659e+08 1.88436e+07
3.36659e+08 1.88436e+07
3.36681e+08 1.8866e+07
3.36681e+08 1.8866e+07
3.36681e+08 1.8866e+07
3.36704e+08 1.88883e+07
3.36704e+08 1.88883e+07
3.36715e+08 1.88995e+07
3.36737e+08 1.89219e+07
3.36737e+08 1.89219e+07
3.36737e+08 1.89219e+07
3.36737e+08 1.89219e+07
3.36737e+08 1.89219e+07
3.55782e+08 1.94697e+07
3.55793e+08 1.94362e+07
3.55994e+08 1.94922e+07
3.55994e+08 1.94922e+07
3.55994e+08 1.94922e+07
3.55994e+08 1.94699e+07
3.55994e+08 1.94587e+07
3.56006e+08 1.94699e+07
3.56006e+08 1.94587e+07
3.56006e+08 1.94587e+07
3.56017e+08 1.94698e+07
3.56017e+08 1.94587e+07
3.56039e+08 1.94475e+07
3.56039e+08 1.94363e+07
3.56039e+08 1.94364e+07
3.5605e+08 1.94363e+07
3.5605e+08 1.94364e+07
3.5605e+08 1.94364e+07
3.56062e+08 1.94364e+07
3.56062e+08 1.94252e+07
3.56062e+08 1.94028e+07
3.56062e+08 1.94028e+07
3.56073e+08 1.93916e+07
3.56073e+08 1.93916e+07
3.56073e+08 1.93916e+07
3.56073e+08 1.93693e+07
3.56073e+08 1.93693e+07
3.56073e+08 1.93581e+07
3.56073e+08 1.93358e+07
3.56073e+08 1.93358e+07
3.56073e+08 1.93358e+07
3.56084e+08 1.9347e+07
3.56084e+08 1.9347e+07
3.75922e+08 2.01407e+07
3.75945e+08 2.01519e+07
3.76068e+08 2.00737e+07
3.76068e+08 2.00737e+07
3.76068e+08 2.00737e+07
3.76068e+08 2.00737e+07
3.76068e+08 2.00737e+07
3.76068e+08 2.00625e+07
3.76068e+08 2.00625e+07
3.76068e+08 2.00625e+07
3.76102e+08 2.00849e+07
3.76102e+08 2.00849e+07
3.76113e+08 2.00737e+07
3.76147e+08 2.01072e+07
3.76158e+08 2.01184e+07
3.76158e+08 2.01072e+07
3.76158e+08 2.01073e+07
3.76169e+08 2.01185e+07
3.76169e+08 2.01185e+07
3.76169e+08 2.01073e+07
3.76169e+08 2.01073e+07
3.76169e+08 2.01073e+07
3.7618e+08 2.01185e+07
3.7618e+08 2.01073e+07
3.7618e+08 2.01074e+07
3.76191e+08 2.01186e+07
3.76192e+08 2.01186e+07
3.76192e+08 2.01186e+07
3.76192e+08 2.01185e+07
3.76192e+08 2.01185e+07
3.76192e+08 2.01185e+07
3.76192e+08 2.01185e+07
3.76203e+08 2.01185e+07
3.76203e+08 2.01185e+07
3.96622e+08 2.06999e+07
3.96667e+08 2.07223e+07
3.96768e+08 2.07e+07
3.96768e+08 2.07e+07
3.96768e+08 2.07e+07
3.96768e+08 2.07e+07
3.96768e+08 2.07e+07
3.96768e+08 2.07e+07
3.96779e+08 2.07112e+07
3.96779e+08 2.07112e+07
3.96779e+08 2.06776e+07
3.96813e+08 2.07111e+07
3.96813e+08 2.07e+07
3.96813e+08 2.06664e+07
3.96813e+08 2.06552e+07
3.96813e+08 2.06552e+07
3.96824e+08 2.06664e+07
3.96824e+08 2.06552e+07
3.96835e+08 2.06664e+07
3.96835e+08 2.06664e+07
3.96858e+08 2.06888e+07
3.96869e+08 2.07e+07
3.96869e+08 2.07e+07
3.9688e+08 2.07e+07
3.9688e+08 2.07e+07
3.96891e+08 2.07112e+07
3.96903e+08 2.07112e+07
3.96903e+08 2.07112e+07
3.96914e+08 2.07224e+07
3.96925e+08 2.07336e+07
3.96925e+08 2.07336e+07
3.96925e+08 2.07336e+07
3.96925e+08 2.07336e+07
3.96936e+08 2.07336e+07
3.96948e+08 2.07448e+07
4.17982e+08 2.13597e+07
4.17982e+08 2.13151e+07
4.18072e+08 2.13039e+07
4.18072e+08 2.13039e+07
4.18072e+08 2.13039e+07
4.18072e+08 2.13039e+07
4.18083e+08 2.13151e+07
4.18083e+08 2.1315e+07
4.18083e+08 2.13039e+07
4.18106e+08 2.13262e+07
4.18106e+08 2.13262e+07
4.18106e+08 2.12927e+07
4.18106e+08 2.12927e+07
4.18106e+08 2.12927e+07
4.18106e+08 2.12927e+07
4.18128e+08 2.13151e+07
4.18173e+08 2.13486e+07
4.18195e+08 2.13709e+07
4.18195e+08 2.13597e+07
4.18206e+08 2.13709e+07
4.18206e+08 2.13709e+07
4.18218e+08 2.13598e+07
4.18218e+08 2.13486e+07
4.18218e+08 2.13486e+07
4.18218e+08 2.13374e+07
4.18218e+08 2.13374e+07
4.18218e+08 2.13262e+07
4.18218e+08 2.1315e+07
4.18218e+08 2.1315e+07
4.18218e+08 2.13038e+07
4.18218e+08 2.12926e+07
4.18218e+08 2.12926e+07
4.18218e+08 2.12927e+07
4.18218e+08 2.12927e+07
4.18229e+08 2.12927e+07
4.18229e+08 2.12815e+07
4.39856e+08 2.18742e+07
4.39856e+08 2.18743e+07
4.39991e+08 2.19189e+07
4.39991e+08 2.1919e+07
4.39991e+08 2.1919e+07
4.39991e+08 2.1919e+07
4.39991e+08 2.19078e+07
4.39991e+08 2.19078e+07
4.39991e+08 2.19078e+07
4.39991e+08 2.18854e+07
4.40002e+08 2.18966e+07
4.40002e+08 2.18966e+07
4.40002e+08 2.18966e+07
4.40002e+08 2.18966e+07
4.40058e+08 2.19525e+07
4.40058e+08 2.19301e+07
4.40058e+08 2.18854e+07
4.40058e+08 2.18631e+07
4.40058e+08 2.18631e+07
4.40092e+08 2.18854e+07
4.40092e+08 2.18854e+07
4.40103e+08 2.18854e+07
4.40103e+08 2.18854e+07
4.40103e+08 2.18854e+07
4.40103e+08 2.18854e+07
4.40103e+08 2.18854e+07
4.40103e+08 2.18854e+07
4.40103e+08 2.18854e+07
4.40103e+08 2.18854e+07
4.40103e+08 2.18854e+07
4.40103e+08 2.18854e+07
4.40103e+08 2.18854e+07
4.40103e+08 2.18854e+07
4.40103e+08 2.18854e+07
4.40103e+08 2.18854e+07
4.40115e+08 2.18855e+07
4.40126e+08 2.18967e+07
4.62368e+08 2.25116e+07
4.62424e+08 2.25675e+07
4.62503e+08 2.25117e+07
4.62536e+08 2.25452e+07
4.62536e+08 2.25452e+07
4.62536e+08 2.25452e+07
4.62536e+08 2.25452e+07
4.62536e+08 2.25452e+07
4.62536e+08 2.25452e+07
4.62536e+08 2.25452e+07
4.62536e+08 2.2534e+07
4.62536e+08 2.2534e+07
4.62536e+08 2.2534e+07
4.62536e+08 2.2534e+07
4.62559e+08 2.25005e+07
4.62559e+08 2.25005e+07
4.62581e+08 2.25228e+07
4.62581e+08 2.25228e+07
4.62581e+08 2.25228e+07
4.62581e+08 2.24893e+07
4.62581e+08 2.24893e+07
4.62592e+08 2.24893e+07
4.62592e+08 2.24893e+07
4.62592e+08 2.24893e+07
4.62592e+08 2.24893e+07
4.62592e+08 2.24893e+07
4.62592e+08 2.24893e+07
4.62592e+08 2.24893e+07
4.62592e+08 2.24893e+07
4.62592e+08 2.24893e+07
4.62592e+08 2.24893e+07
4.62592e+08 2.24893e+07
4.62592e+08 2.24893e+07
4.62592e+08 2.24893e+07
4.62592e+08 2.24893e+07
4.62593e+08 2.24893e+07
4.62604e+08 2.24894e+07
4.62638e+08 2.25118e+07
4.85416e+08 2.30485e+07
4.85428e+08 2.30038e+07
4.85607e+08 2.31044e+07
4.85607e+08 2.30709e+07
4.85607e+08 2.30709e+07
4.85607e+08 2.30709e+07
4.85607e+08 2.30709e+07
4.85607e+08 2.30709e+07
4.85607e+08 2.30709e+07
4.85607e+08 2.30709e+07
4.85607e+08 2.30709e+07
4.85607e+08 2.30709e+07
4.85607e+08 2.30709e+07
4.85607e+08 2.30708e+07
4.85618e+08 2.30597e+07
4.85618e+08 2.30597e+07
4.85618e+08 2.30373e+07
4.85618e+08 2.30374e+07
4.85618e+08 2.30373e+07
4.85618e+08 2.30373e+07
4.85618e+08 2.30373e+07
4.85641e+08 2.30485e+07
4.85663e+08 2.30709e+07
4.85663e+08 2.30709e+07
4.85663e+08 2.30709e+07
4.85663e+08 2.30709e+07
4.85663e+08 2.30709e+07
4.85674e+08 2.3082e+07
4.85674e+08 2.3082e+07
4.85674e+08 2.3082e+07
4.85674e+08 2.3082e+07
4.85674e+08 2.3082e+07
4.85674e+08 2.3082e+07
4.85675e+08 2.3082e+07
4.85675e+08 2.3082e+07
4.85675e+08 2.30821e+07
4.85675e+08 2.3082e+07
4.85697e+08 2.30932e+07
4.85697e+08 2.30597e+07
5.09024e+08 2.36077e+07
5.09047e+08 2.36189e+07
5.09282e+08 2.36748e+07
5.09282e+08 2.36747e+07
5.09282e+08 2.36747e+07
5.09282e+08 2.36748e+07
5.09282e+08 2.36748e+07
5.09282e+08 2.36748e+07
5.09293e+08 2.36859e+07
5.09293e+08 2.36859e+07
5.09293e+08 2.36859e+07
5.09293e+08 2.3686e+07
5.09293e+08 2.3686e+07
5.09293e+08 2.36859e+07
5.09304e+08 2.36859e+07
5.09304e+08 2.36859e+07
5.09304e+08 2.36859e+07
5.09315e+08 2.3697e+07
5.09315e+08 2.36971e+07
5.09316e+08 2.36971e+07
5.09327e+08 2.37083e+07
5.09327e+08 2.36859e+07
5.09327e+08 2.36635e+07
5.09327e+08 2.36635e+07
5.09327e+08 2.36635e+07
5.09327e+08 2.36635e+07
5.09327e+08 2.36635e+07
5.09338e+08 2.36747e+07
5.09338e+08 2.36635e+07
5.09338e+08 2.36635e+07
5.09338e+08 2.36635e+07
5.09338e+08 2.36635e+07
5.09349e+08 2.36748e+07
5.09349e+08 2.36748e+07
5.09349e+08 2.36747e+07
5.09349e+08 2.36748e+07
5.09361e+08 2.36859e+07
5.09361e+08 2.36859e+07
5.09361e+08 2.36636e+07
5.09394e+08 2.36971e+07
5.33057e+08 2.40328e+07
5.33158e+08 2.4111e+07
5.33471e+08 2.41893e+07
5.33471e+08 2.41893e+07
5.33471e+08 2.41893e+07
5.33471e+08 2.41892e+07
5.33482e+08 2.42004e+07
5.33482e+08 2.42004e+07
5.33482e+08 2.41892e+07
5.33482e+08 2.41892e+07
5.33482e+08 2.41892e+07
5.33482e+08 2.41892e+07
5.33482e+08 2.41892e+07
5.33493e+08 2.42004e+07
5.33538e+08 2.42339e+07
5.33538e+08 2.42339e+07
5.33538e+08 2.42339e+07
5.33572e+08 2.42563e+07
5.33583e+08 2.42674e+07
5.33583e+08 2.42674e+07
5.33583e+08 2.42563e+07
5.33583e+08 2.42563e+07
5.33583e+08 2.42563e+07
5.33583e+08 2.42563e+07
5.33583e+08 2.42563e+07
5.33583e+08 2.42563e+07
5.33594e+08 2.42675e+07
5.33594e+08 2.42675e+07
5.33594e+08 2.42563e+07
5.33594e+08 2.42563e+07
5.33594e+08 2.42563e+07
5.33605e+08 2.42675e+07
5.33605e+08 2.42675e+07
5.33617e+08 2.42675e+07
5.33617e+08 2.42675e+07
5.33617e+08 2.42674e+07
5.33617e+08 2.42675e+07
5.33617e+08 2.42563e+07
5.33617e+08 2.42563e+07
5.33617e+08 2.42563e+07
5.33617e+08 2.42227e+07
5.57582e+08 2.45249e+07
5.57615e+08 2.44578e+07
5.58298e+08 2.48267e+07
5.5832e+08 2.4849e+07
5.58331e+08 2.48602e+07
5.58331e+08 2.48602e+07
5.58331e+08 2.4849e+07
5.58331e+08 2.4849e+07
5.58331e+08 2.4849e+07
5.58331e+08 2.4849e+07
5.58331e+08 2.4849e+07
5.58331e+08 2.4849e+07
5.58331e+08 2.4849e+07
5.58342e+08 2.4849e+07
5.58354e+08 2.48155e+07
5.58354e+08 2.48155e+07
5.58354e+08 2.48155e+07
5.58354e+08 2.4782e+07
5.58354e+08 2.47708e+07
5.58354e+08 2.47708e+07
5.58354e+08 2.47708e+07
5.58354e+08 2.47708e+07
5.58354e+08 2.47708e+07
5.58354e+08 2.47708e+07
5.58354e+08 2.47708e+07
5.58365e+08 2.4782e+07
5.58365e+08 2.47707e+07
5.58365e+08 2.47707e+07
5.58365e+08 2.47707e+07
5.58365e+08 2.47707e+07
5.58365e+08 2.47707e+07
5.58365e+08 2.47707e+07
5.58365e+08 2.47596e+07
5.58365e+08 2.47596e+07
5.58421e+08 2.48043e+07
5.58421e+08 2.48043e+07
5.58421e+08 2.48043e+07
5.58466e+08 2.4849e+07
5.58466e+08 2.4849e+07
5.58466e+08 2.4849e+07
5.58466e+08 2.48489e+07
5.58466e+08 2.48489e+07
5.82856e+08 2.52741e+07
5.82912e+08 2.52964e+07
5.83661e+08 2.53635e+07
5.83661e+08 2.53411e+07
5.83672e+08 2.53412e+07
5.83672e+08 2.53412e+07
5.83672e+08 2.53412e+07
5.83672e+08 2.53412e+07
5.83672e+08 2.53412e+07
5.83672e+08 2.53412e+07
5.83672e+08 2.53412e+07
5.83672e+08 2.53412e+07
5.83672e+08 2.53412e+07
5.83672e+08 2.533e+07
5.83672e+08 2.53188e+07
5.83706e+08 2.53523e+07
5.83717e+08 2.53635e+07
5.83728e+08 2.53747e+07
5.83751e+08 2.5397e+07
5.83751e+08 2.5397e+07
5.83762e+08 2.54082e+07
5.83762e+08 2.54082e+07
5.83762e+08 2.54082e+07
5.83773e+08 2.54194e+07
5.83773e+08 2.54194e+07
5.83796e+08 2.54305e+07
5.83796e+08 2.54305e+07
5.83796e+08 2.54305e+07
5.83796e+08 2.54305e+07
5.83796e+08 2.54305e+07
5.83796e+08 2.54306e+07
5.83807e+08 2.54417e+07
5.83807e+08 2.54417e+07
5.83818e+08 2.54529e+07
5.83818e+08 2.54529e+07
5.83829e+08 2.54082e+07
5.83829e+08 2.54082e+07
5.83829e+08 2.54082e+07
5.83829e+08 2.53635e+07
5.83829e+08 2.53635e+07
5.83829e+08 2.53635e+07
5.83908e+08 2.54417e+07
5.83908e+08 2.54417e+07
6.08879e+08 2.60232e+07
6.0889e+08 2.59785e+07
6.09684e+08 2.60233e+07
6.09684e+08 2.60233e+07
6.09684e+08 2.60121e+07
6.09684e+08 2.60121e+07
6.09684e+08 2.60121e+07
6.09684e+08 2.60121e+07
6.09684e+08 2.60121e+07
6.09684e+08 2.60121e+07
6.09684e+08 2.60121e+07
6.09684e+08 2.60121e+07
6.09684e+08 2.60121e+07
6.09685e+08 2.60121e+07
6.09685e+08 2.60121e+07
6.09685e+08 2.59786e+07
6.09685e+08 2.59674e+07
6.09685e+08 2.59562e+07
6.09685e+08 2.59338e+07
6.09685e+08 2.59338e+07
6.09685e+08 2.59226e+07
6.09685e+08 2.59226e+07
6.09685e+08 2.59226e+07
6.09685e+08 2.59115e+07
6.09685e+08 2.59115e+07
6.09685e+08 2.58891e+07
6.09685e+08 2.58891e+07
6.09685e+08 2.58891e+07
6.09685e+08 2.58891e+07
6.09685e+08 2.58891e+07
6.09696e+08 2.59003e+07
6.09696e+08 2.58891e+07
6.09696e+08 2.58891e+07
6.09707e+08 2.59003e+07
6.09707e+08 2.58892e+07
6.09707e+08 2.58892e+07
6.09707e+08 2.5878e+07
6.09707e+08 2.58779e+07
6.09797e+08 2.59674e+07
6.09808e+08 2.59786e+07
6.09841e+08 2.60121e+07
6.09841e+08 2.60121e+07
6.09853e+08 2.5945e+07
6.09864e+08 2.59562e+07
6.13247e+08 4.368e+06
6.13247e+08 4.35679e+06
6.13247e+08 3.56267e+06
