4.17825e+06 4.17806e+06
8.29386e+06 4.11561e+06
8.29387e+06 4.11562e+06
9.82362e+06 1.52975e+06
9.82362e+06 1.52975e+06
1.15305e+07 1.70691e+06
1.15305e+07 1.70691e+06
1.15305e+07 1.70692e+06
1.44018e+07 2.87126e+06
1.44018e+07 2.87131e+06
1.44019e+07 2.87134e+06
1.44019e+07 2.87134e+06
1.7164e+07 2.76222e+06
1.7164e+07 2.76218e+06
1.71752e+07 2.77334e+06
1.71752e+07 2.77334e+06
1.71752e+07 2.77334e+06
2.0921e+07 3.75703e+06
2.09211e+07 3.75705e+06
2.09882e+07 3.81299e+06
2.09882e+07 3.81299e+06
2.09882e+07 3.81299e+06
2.09882e+07 3.81301e+06
2.51816e+07 4.26057e+06
2.51928e+07 4.27174e+06
2.51929e+07 4.20472e+06
2.51929e+07 4.20472e+06
2.51929e+07 4.20472e+06
2.51929e+07 4.20471e+06
2.51929e+07 4.20472e+06
2.92076e+07 4.02602e+06
2.92523e+07 4.05954e+06
2.92972e+07 4.10426e+06
2.92972e+07 4.10426e+06
2.92972e+07 4.10427e+06
2.92972e+07 4.10429e+06
2.92972e+07 4.10429e+06
3.3998e+07 4.79041e+06
3.40092e+07 4.80159e+06
3.40204e+07 4.76807e+06
3.41323e+07 4.83516e+06
3.41323e+07 4.83516e+06
3.41324e+07 4.83516e+06
3.41436e+07 4.84633e+06
3.41436e+07 4.84633e+06
3.94392e+07 5.44119e+06
3.94392e+07 5.43002e+06
3.94393e+07 5.43002e+06
3.94393e+07 5.41884e+06
3.95735e+07 5.44113e+06
3.95735e+07 5.44113e+06
3.95736e+07 5.4412e+06
3.95737e+07 5.43009e+06
3.95737e+07 5.43009e+06
4.52334e+07 5.79416e+06
4.52334e+07 5.79416e+06
4.52334e+07 5.79416e+06
4.52334e+07 5.79416e+06
4.52334e+07 5.79416e+06
4.53453e+07 5.77184e+06
4.53453e+07 5.77184e+06
4.54236e+07 5.85007e+06
4.54236e+07 5.84999e+06
4.54237e+07 5.84999e+06
5.18636e+07 6.63017e+06
5.18636e+07 6.63017e+06
5.18636e+07 6.63017e+06
5.18748e+07 6.64134e+06
5.18748e+07 6.64134e+06
5.18748e+07 6.64136e+06
5.19419e+07 6.5966e+06
5.19754e+07 6.63013e+06
5.20202e+07 6.59657e+06
5.20314e+07 6.60774e+06
5.20314e+07 6.60774e+06
5.88082e+07 6.94464e+06
5.88082e+07 6.94464e+06
5.88082e+07 6.94464e+06
5.88082e+07 6.93347e+06
5.88082e+07 6.93347e+06
5.88418e+07 6.96699e+06
5.88418e+07 6.8999e+06
5.88754e+07 6.93348e+06
5.88754e+07 6.89995e+06
5.88978e+07 6.87759e+06
5.88978e+07 6.8664e+06
5.89202e+07 6.88876e+06
6.64556e+07 7.6474e+06
6.64556e+07 7.6474e+06
6.64556e+07 7.6474e+06
6.64556e+07 7.6474e+06
6.64556e+07 7.6474e+06
6.6478e+07 7.63622e+06
6.6478e+07 7.6362e+06
6.64892e+07 7.61382e+06
6.64892e+07 7.61382e+06
6.64893e+07 7.61386e+06
6.65564e+07 7.65857e+06
6.65899e+07 7.69211e+06
6.66234e+07 7.70329e+06
7.46974e+07 8.24183e+06
7.46974e+07 8.24182e+06
7.46974e+07 8.24182e+06
7.46975e+07 8.24182e+06
7.47198e+07 8.26418e+06
7.47198e+07 8.24182e+06
7.47198e+07 8.24182e+06
7.4731e+07 8.24181e+06
7.47645e+07 8.27534e+06
7.47981e+07 8.30887e+06
7.49211e+07 8.43181e+06
7.49323e+07 8.37591e+06
7.49323e+07 8.34237e+06
7.49323e+07 8.30883e+06
8.36691e+07 8.97166e+06
8.36691e+07 8.97166e+06
8.36691e+07 8.97166e+06
8.36691e+07 8.97166e+06
8.36691e+07 8.94931e+06
8.36691e+07 8.94931e+06
8.36691e+07 8.94931e+06
8.36691e+07 8.93813e+06
8.36692e+07 8.9046e+06
8.36804e+07 8.8823e+06
8.37252e+07 8.8041e+06
8.37252e+07 8.80411e+06
8.37364e+07 8.8041e+06
8.37364e+07 8.8041e+06
8.37364e+07 8.8041e+06
9.31265e+07 9.4574e+06
9.31265e+07 9.4574e+06
9.31265e+07 9.4574e+06
9.31265e+07 9.45742e+06
9.31265e+07 9.45742e+06
9.31265e+07 9.45742e+06
9.31266e+07 9.45742e+06
9.31266e+07 9.45742e+06
9.31266e+07 9.45743e+06
9.31378e+07 9.45743e+06
9.31938e+07 9.4686e+06
9.31938e+07 9.4686e+06
9.31938e+07 9.4686e+06
9.32161e+07 9.47979e+06
9.32162e+07 9.47979e+06
9.32162e+07 9.47979e+06
1.0317e+08 1.00431e+07
1.0317e+08 1.00431e+07
1.0317e+08 1.00431e+07
1.0317e+08 1.00431e+07
1.0317e+08 1.00431e+07
1.0317e+08 1.00431e+07
1.0317e+08 1.00431e+07
1.0317e+08 1.00431e+07
1.03181e+08 1.00542e+07
1.03203e+08 1.00654e+07
1.03214e+08 1.00206e+07
1.03214e+08 1.00206e+07
1.03214e+08 1.00206e+07
1.03214e+08 9.9983e+06
1.03226e+08 1.00095e+07
1.03237e+08 1.00207e+07
1.03248e+08 1.00318e+07
1.13637e+08 1.04673e+07
1.13637e+08 1.04673e+07
1.13637e+08 1.04673e+07
1.13637e+08 1.04673e+07
1.13637e+08 1.04673e+07
1.13671e+08 1.05009e+07
1.13682e+08 1.05121e+07
1.13704e+08 1.05345e+07
1.13704e+08 1.05233e+07
1.1376e+08 1.05568e+07
1.1376e+08 1.05456e+07
1.13771e+08 1.05568e+07
1.13771e+08 1.05568e+07
1.13782e+08 1.0568e+07
1.13794e+08 1.05679e+07
1.13794e+08 1.0568e+07
1.13794e+08 1.05568e+07
1.13805e+08 1.05568e+07
1.24809e+08 1.11718e+07
1.24809e+08 1.11718e+07
1.24809e+08 1.11718e+07
1.24809e+08 1.11718e+07
1.24809e+08 1.11718e+07
1.2482e+08 1.11495e+07
1.24831e+08 1.11495e+07
1.24831e+08 1.11271e+07
1.24842e+08 1.11383e+07
1.24842e+08 1.10824e+07
1.24842e+08 1.10824e+07
1.24842e+08 1.10712e+07
1.24865e+08 1.10936e+07
1.24876e+08 1.10936e+07
1.24876e+08 1.10824e+07
1.24921e+08 1.11271e+07
1.24932e+08 1.11383e+07
1.24999e+08 1.12054e+07
1.24999e+08 1.11942e+07
1.36517e+08 1.17087e+07
1.36517e+08 1.17087e+07
1.36517e+08 1.17087e+07
1.36517e+08 1.17087e+07
1.36517e+08 1.17087e+07
1.36518e+08 1.16975e+07
1.36518e+08 1.16863e+07
1.36529e+08 1.16975e+07
1.3654e+08 1.16975e+07
1.3654e+08 1.16975e+07
1.36562e+08 1.17199e+07
1.36562e+08 1.17199e+07
1.36574e+08 1.17087e+07
1.36574e+08 1.16975e+07
1.36574e+08 1.16975e+07
1.36574e+08 1.16528e+07
1.36574e+08 1.16417e+07
1.36641e+08 1.16416e+07
1.36641e+08 1.16417e+07
1.36641e+08 1.16417e+07
1.48819e+08 1.23013e+07
1.48819e+08 1.23013e+07
1.4883e+08 1.23125e+07
1.48841e+08 1.23237e+07
1.48841e+08 1.23237e+07
1.48841e+08 1.23237e+07
1.48841e+08 1.23237e+07
1.48841e+08 1.23125e+07
1.48841e+08 1.23013e+07
1.48897e+08 1.23573e+07
1.4892e+08 1.23573e+07
1.4892e+08 1.23573e+07
1.48942e+08 1.23684e+07
1.48942e+08 1.23684e+07
1.48942e+08 1.23684e+07
1.48942e+08 1.23684e+07
1.48942e+08 1.23684e+07
1.48964e+08 1.23237e+07
1.48964e+08 1.23237e+07
1.48964e+08 1.23237e+07
1.48964e+08 1.23238e+07
1.61748e+08 1.29296e+07
1.6176e+08 1.29408e+07
1.6176e+08 1.29296e+07
1.61782e+08 1.29408e+07
1.61782e+08 1.29408e+07
1.61782e+08 1.29408e+07
1.61782e+08 1.29408e+07
1.61782e+08 1.29408e+07
1.61782e+08 1.29408e+07
1.61827e+08 1.29296e+07
1.61838e+08 1.29184e+07
1.61838e+08 1.29184e+07
1.62006e+08 1.30638e+07
1.62006e+08 1.30638e+07
1.62006e+08 1.30638e+07
1.62028e+08 1.30862e+07
1.62028e+08 1.30862e+07
1.62051e+08 1.30862e+07
1.62051e+08 1.30862e+07
1.62051e+08 1.30862e+07
1.62051e+08 1.30862e+07
1.62051e+08 1.30862e+07
1.74871e+08 1.31224e+07
1.74893e+08 1.31336e+07
1.74893e+08 1.31336e+07
1.74949e+08 1.31672e+07
1.74949e+08 1.31672e+07
1.74949e+08 1.31672e+07
1.74949e+08 1.31672e+07
1.7496e+08 1.31784e+07
1.7496e+08 1.31784e+07
1.7496e+08 1.31336e+07
1.74983e+08 1.31448e+07
1.74983e+08 1.31448e+07
1.74983e+08 1.29771e+07
1.74983e+08 1.29771e+07
1.74983e+08 1.29771e+07
1.74994e+08 1.29659e+07
1.74994e+08 1.29659e+07
1.75016e+08 1.29659e+07
1.75028e+08 1.29771e+07
1.75028e+08 1.29771e+07
1.75084e+08 1.3033e+07
1.75128e+08 1.30777e+07
1.88447e+08 1.35763e+07
1.88458e+08 1.35875e+07
1.88458e+08 1.35651e+07
1.88458e+08 1.35651e+07
1.88581e+08 1.36322e+07
1.88604e+08 1.36545e+07
1.88604e+08 1.36545e+07
1.88604e+08 1.36545e+07
1.88604e+08 1.36433e+07
1.88637e+08 1.36769e+07
1.88637e+08 1.36769e+07
1.88637e+08 1.36545e+07
1.88637e+08 1.36545e+07
1.88637e+08 1.36545e+07
1.88637e+08 1.36545e+07
1.8866e+08 1.36769e+07
1.8866e+08 1.36657e+07
1.88671e+08 1.36769e+07
1.88716e+08 1.36992e+07
1.88716e+08 1.36881e+07
1.88716e+08 1.36881e+07
1.88716e+08 1.36322e+07
1.88727e+08 1.35987e+07
2.02774e+08 1.43272e+07
2.02774e+08 1.4316e+07
2.02774e+08 1.4316e+07
2.0283e+08 1.43719e+07
2.0283e+08 1.43719e+07
2.0292e+08 1.43383e+07
2.0292e+08 1.4316e+07
2.0292e+08 1.4316e+07
2.0292e+08 1.4316e+07
2.0292e+08 1.4316e+07
2.0292e+08 1.42824e+07
2.0292e+08 1.42824e+07
2.0292e+08 1.42824e+07
2.02931e+08 1.42936e+07
2.02931e+08 1.42936e+07
2.02931e+08 1.42936e+07
2.02987e+08 1.43271e+07
2.02987e+08 1.43271e+07
2.02987e+08 1.4316e+07
2.02998e+08 1.42824e+07
2.02998e+08 1.42824e+07
2.02998e+08 1.42824e+07
2.03043e+08 1.43271e+07
2.03211e+08 1.44837e+07
2.17648e+08 1.48736e+07
2.17681e+08 1.49071e+07
2.17693e+08 1.49183e+07
2.17715e+08 1.48848e+07
2.17715e+08 1.48848e+07
2.17715e+08 1.48848e+07
2.17849e+08 1.49295e+07
2.17849e+08 1.49295e+07
2.17849e+08 1.49295e+07
2.17849e+08 1.49295e+07
2.17849e+08 1.49295e+07
2.17849e+08 1.49295e+07
2.17849e+08 1.49295e+07
2.17872e+08 1.49519e+07
2.17872e+08 1.49407e+07
2.17872e+08 1.49407e+07
2.17883e+08 1.49519e+07
2.17883e+08 1.4896e+07
2.17883e+08 1.4896e+07
2.17883e+08 1.4896e+07
2.17928e+08 1.49295e+07
2.17928e+08 1.49295e+07
2.1795e+08 1.49519e+07
2.1795e+08 1.49071e+07
2.18162e+08 1.49519e+07
2.33173e+08 1.55251e+07
2.33173e+08 1.54915e+07
2.33173e+08 1.54803e+07
2.33173e+08 1.54579e+07
2.33173e+08 1.54579e+07
2.33173e+08 1.5458e+07
2.33184e+08 1.54692e+07
2.33352e+08 1.55027e+07
2.33352e+08 1.55027e+07
2.33352e+08 1.55027e+07
2.33352e+08 1.55027e+07
2.33386e+08 1.55362e+07
2.33386e+08 1.55362e+07
2.33386e+08 1.55362e+07
2.33386e+08 1.55139e+07
2.33386e+08 1.55139e+07
2.33386e+08 1.55139e+07
2.33386e+08 1.55027e+07
2.33397e+08 1.55139e+07
2.33397e+08 1.55139e+07
2.33419e+08 1.55362e+07
2.33453e+08 1.5525e+07
2.33453e+08 1.5525e+07
2.33509e+08 1.55586e+07
2.33553e+08 1.56033e+07
2.33665e+08 1.55027e+07
2.49243e+08 1.60706e+07
2.49243e+08 1.60706e+07
2.49255e+08 1.60818e+07
2.49255e+08 1.60818e+07
2.49255e+08 1.60818e+07
2.49255e+08 1.60818e+07
2.49277e+08 1.6093e+07
2.49277e+08 1.6093e+07
2.49456e+08 1.61041e+07
2.49456e+08 1.61041e+07
2.49456e+08 1.61041e+07
2.49456e+08 1.61041e+07
2.49456e+08 1.60706e+07
2.49467e+08 1.60818e+07
2.49479e+08 1.6093e+07
2.49479e+08 1.6093e+07
2.49501e+08 1.61153e+07
2.49523e+08 1.61377e+07
2.49523e+08 1.61377e+07
2.49534e+08 1.61377e+07
2.49579e+08 1.61824e+07
2.4959e+08 1.61712e+07
2.49613e+08 1.61601e+07
2.49613e+08 1.61601e+07
2.49613e+08 1.61042e+07
2.49624e+08 1.60706e+07
2.49702e+08 1.60371e+07
2.65898e+08 1.66542e+07
2.65909e+08 1.66654e+07
2.65909e+08 1.66542e+07
2.65909e+08 1.66542e+07
2.65909e+08 1.66542e+07
2.66021e+08 1.6766e+07
2.66054e+08 1.67772e+07
2.66054e+08 1.67772e+07
2.66054e+08 1.67772e+07
2.66189e+08 1.67325e+07
2.66189e+08 1.67325e+07
2.66189e+08 1.67325e+07
2.66211e+08 1.67549e+07
2.66233e+08 1.67772e+07
2.66245e+08 1.67772e+07
2.66245e+08 1.67661e+07
2.66267e+08 1.67884e+07
2.66267e+08 1.67661e+07
2.66267e+08 1.67437e+07
2.66267e+08 1.67437e+07
2.66267e+08 1.67326e+07
2.66267e+08 1.66878e+07
2.66289e+08 1.6699e+07
2.66301e+08 1.66878e+07
2.66301e+08 1.66878e+07
2.66301e+08 1.66878e+07
2.66301e+08 1.66766e+07
2.66379e+08 1.66766e+07
2.82918e+08 1.70208e+07
2.82952e+08 1.70431e+07
2.82974e+08 1.70655e+07
2.82974e+08 1.70655e+07
2.83019e+08 1.71102e+07
2.83053e+08 1.7032e+07
2.83097e+08 1.70432e+07
2.83097e+08 1.70431e+07
2.83097e+08 1.70431e+07
2.83366e+08 1.71773e+07
2.83366e+08 1.71773e+07
2.83366e+08 1.71773e+07
2.83366e+08 1.71773e+07
2.83388e+08 1.71773e+07
2.83388e+08 1.71549e+07
2.83388e+08 1.71438e+07
2.83388e+08 1.71438e+07
2.83388e+08 1.71214e+07
2.83388e+08 1.71214e+07
2.83388e+08 1.71214e+07
2.83388e+08 1.71214e+07
2.834e+08 1.71326e+07
2.834e+08 1.71326e+07
2.83422e+08 1.71326e+07
2.83444e+08 1.71438e+07
2.83444e+08 1.71438e+07
2.83444e+08 1.71438e+07
2.83444e+08 1.71438e+07
2.83545e+08 1.71661e+07
3.00755e+08 1.7837e+07
3.00755e+08 1.78035e+07
3.00767e+08 1.77923e+07
3.00767e+08 1.77923e+07
3.00778e+08 1.77588e+07
3.00789e+08 1.77364e+07
3.00834e+08 1.77365e+07
3.00856e+08 1.77588e+07
3.00856e+08 1.77588e+07
3.0108e+08 1.77142e+07
3.0108e+08 1.77142e+07
3.0108e+08 1.77142e+07
3.0108e+08 1.77142e+07
3.0108e+08 1.77141e+07
3.0108e+08 1.76918e+07
3.0108e+08 1.76918e+07
3.0108e+08 1.76918e+07
3.01091e+08 1.77029e+07
3.0117e+08 1.77812e+07
3.0117e+08 1.77812e+07
3.0117e+08 1.77812e+07
3.0117e+08 1.77812e+07
3.0117e+08 1.777e+07
3.0117e+08 1.777e+07
3.0117e+08 1.77477e+07
3.01181e+08 1.77365e+07
3.01214e+08 1.777e+07
3.01226e+08 1.77812e+07
3.01226e+08 1.77812e+07
3.0127e+08 1.77253e+07
3.18962e+08 1.82062e+07
3.18973e+08 1.82174e+07
3.18973e+08 1.82062e+07
3.18984e+08 1.82174e+07
3.18984e+08 1.82063e+07
3.18984e+08 1.81951e+07
3.1904e+08 1.82062e+07
3.19107e+08 1.82509e+07
3.19107e+08 1.82509e+07
3.19353e+08 1.82733e+07
3.19353e+08 1.82733e+07
3.19365e+08 1.82845e+07
3.19365e+08 1.82845e+07
3.19365e+08 1.82845e+07
3.19365e+08 1.82845e+07
3.19365e+08 1.82845e+07
3.19365e+08 1.82845e+07
3.19432e+08 1.83515e+07
3.19432e+08 1.83404e+07
3.19465e+08 1.82957e+07
3.19465e+08 1.82957e+07
3.19465e+08 1.82957e+07
3.19465e+08 1.82957e+07
3.19465e+08 1.82957e+07
3.19476e+08 1.83069e+07
3.19488e+08 1.83181e+07
3.19499e+08 1.83181e+07
3.1951e+08 1.82957e+07
3.19521e+08 1.82957e+07
3.19521e+08 1.82957e+07
3.19577e+08 1.83068e+07
3.37962e+08 1.90002e+07
3.37984e+08 1.90114e+07
3.37984e+08 1.90114e+07
3.38007e+08 1.90226e+07
3.38018e+08 1.90338e+07
3.38029e+08 1.9045e+07
3.38085e+08 1.9045e+07
3.38096e+08 1.89891e+07
3.38096e+08 1.89891e+07
3.38287e+08 1.89332e+07
3.38287e+08 1.89332e+07
3.38287e+08 1.89221e+07
3.38287e+08 1.89221e+07
3.38287e+08 1.89221e+07
3.38287e+08 1.89221e+07
3.38298e+08 1.89332e+07
3.38298e+08 1.89332e+07
3.38331e+08 1.89668e+07
3.38387e+08 1.89556e+07
3.38387e+08 1.89556e+07
3.3841e+08 1.89444e+07
3.38432e+08 1.89668e+07
3.38488e+08 1.90226e+07
3.38488e+08 1.90226e+07
3.3851e+08 1.9045e+07
3.38521e+08 1.9045e+07
3.38533e+08 1.9045e+07
3.38533e+08 1.90338e+07
3.38611e+08 1.91009e+07
3.38622e+08 1.91009e+07
3.38622e+08 1.91009e+07
3.387e+08 1.91232e+07
3.57539e+08 1.95767e+07
3.57572e+08 1.9588e+07
3.57572e+08 1.9588e+07
3.57583e+08 1.95767e+07
3.57584e+08 1.95656e+07
3.57595e+08 1.95656e+07
3.57628e+08 1.95432e+07
3.57651e+08 1.95544e+07
3.57651e+08 1.95544e+07
3.57886e+08 1.95991e+07
3.57897e+08 1.96102e+07
3.57897e+08 1.96102e+07
3.57897e+08 1.96103e+07
3.57897e+08 1.96103e+07
3.57897e+08 1.96103e+07
3.57897e+08 1.95991e+07
3.57897e+08 1.95991e+07
3.57897e+08 1.95991e+07
3.57897e+08 1.95655e+07
3.57908e+08 1.95208e+07
3.57908e+08 1.95208e+07
3.57942e+08 1.9532e+07
3.58076e+08 1.96438e+07
3.58076e+08 1.95879e+07
3.58154e+08 1.96661e+07
3.58199e+08 1.96885e+07
3.58221e+08 1.96997e+07
3.58277e+08 1.97444e+07
3.58288e+08 1.97556e+07
3.58299e+08 1.96885e+07
3.58299e+08 1.96773e+07
3.58299e+08 1.96773e+07
3.58333e+08 1.96326e+07
3.77723e+08 2.01846e+07
3.77757e+08 2.01847e+07
3.77757e+08 2.01847e+07
3.77757e+08 2.01735e+07
3.77779e+08 2.01959e+07
3.77846e+08 2.02517e+07
3.77891e+08 2.02629e+07
3.77969e+08 2.03188e+07
3.77992e+08 2.03411e+07
3.78182e+08 2.02964e+07
3.78193e+08 2.02964e+07
3.78227e+08 2.03299e+07
3.78227e+08 2.03299e+07
3.78249e+08 2.03523e+07
3.78271e+08 2.03746e+07
3.78294e+08 2.0397e+07
3.78294e+08 2.0397e+07
3.78294e+08 2.0397e+07
3.78294e+08 2.0397e+07
3.78294e+08 2.0397e+07
3.78316e+08 2.04082e+07
3.78327e+08 2.04194e+07
3.78327e+08 2.03858e+07
3.78395e+08 2.03188e+07
3.78428e+08 2.03523e+07
3.7845e+08 2.02964e+07
3.78495e+08 2.02964e+07
3.78506e+08 2.02853e+07
3.7854e+08 2.02629e+07
3.78551e+08 2.02629e+07
3.78562e+08 2.02629e+07
3.78562e+08 2.02629e+07
3.78562e+08 2.02629e+07
3.78596e+08 2.02629e+07
3.98573e+08 2.08498e+07
3.98663e+08 2.09057e+07
3.98663e+08 2.09057e+07
3.98674e+08 2.09169e+07
3.98685e+08 2.09057e+07
3.98685e+08 2.08386e+07
3.98696e+08 2.08051e+07
3.98752e+08 2.07828e+07
3.98752e+08 2.07604e+07
3.99099e+08 2.09168e+07
3.99099e+08 2.09057e+07
3.99099e+08 2.08722e+07
3.99099e+08 2.08722e+07
3.99099e+08 2.08498e+07
3.99099e+08 2.08275e+07
3.99132e+08 2.08386e+07
3.99132e+08 2.08386e+07
3.99133e+08 2.08386e+07
3.992e+08 2.09057e+07
3.99211e+08 2.09169e+07
3.99211e+08 2.09169e+07
3.99211e+08 2.08945e+07
3.99278e+08 2.09504e+07
3.99278e+08 2.09504e+07
3.99311e+08 2.09169e+07
3.99323e+08 2.08945e+07
3.99323e+08 2.08722e+07
3.99334e+08 2.08386e+07
3.99379e+08 2.08722e+07
3.99379e+08 2.08386e+07
3.99423e+08 2.08722e+07
3.99457e+08 2.08945e+07
3.99457e+08 2.08945e+07
3.99468e+08 2.09057e+07
3.99479e+08 2.08834e+07
4.19859e+08 2.12863e+07
4.19994e+08 2.1331e+07
4.20016e+08 2.13533e+07
4.20038e+08 2.13645e+07
4.20038e+08 2.13533e+07
4.20038e+08 2.13533e+07
4.20072e+08 2.13756e+07
4.20128e+08 2.13757e+07
4.20128e+08 2.13757e+07
4.2043e+08 2.1331e+07
4.2043e+08 2.1331e+07
4.20441e+08 2.13422e+07
4.20475e+08 2.13757e+07
4.20531e+08 2.14316e+07
4.20531e+08 2.14316e+07
4.20542e+08 2.14092e+07
4.20542e+08 2.14092e+07
4.20553e+08 2.14204e+07
4.20564e+08 2.13645e+07
4.20564e+08 2.13533e+07
4.20564e+08 2.13533e+07
4.20564e+08 2.13533e+07
4.20564e+08 2.13533e+07
4.20609e+08 2.13309e+07
4.20609e+08 2.13309e+07
4.20609e+08 2.12974e+07
4.20609e+08 2.12863e+07
4.20609e+08 2.12863e+07
4.20654e+08 2.13198e+07
4.20654e+08 2.12751e+07
4.20676e+08 2.12974e+07
4.20754e+08 2.1331e+07
4.20799e+08 2.13422e+07
4.20821e+08 2.13645e+07
4.20844e+08 2.13757e+07
4.20844e+08 2.13645e+07
4.41938e+08 2.20783e+07
4.42083e+08 2.20895e+07
4.42117e+08 2.21007e+07
4.42117e+08 2.20784e+07
4.42117e+08 2.20784e+07
4.42117e+08 2.20784e+07
4.42162e+08 2.20896e+07
4.42184e+08 2.2056e+07
4.42184e+08 2.2056e+07
4.42452e+08 2.20225e+07
4.42452e+08 2.20225e+07
4.42452e+08 2.20113e+07
4.42452e+08 2.19778e+07
4.42464e+08 2.19331e+07
4.42464e+08 2.19331e+07
4.42475e+08 2.19331e+07
4.42486e+08 2.19442e+07
4.42486e+08 2.19331e+07
4.42486e+08 2.19219e+07
4.42486e+08 2.19219e+07
4.42486e+08 2.19219e+07
4.42486e+08 2.19219e+07
4.42486e+08 2.19219e+07
4.4252e+08 2.19554e+07
4.42542e+08 2.19331e+07
4.42542e+08 2.19331e+07
4.42631e+08 2.20225e+07
4.42631e+08 2.20224e+07
4.42631e+08 2.20224e+07
4.42777e+08 2.21231e+07
4.42777e+08 2.21231e+07
4.42777e+08 2.21007e+07
4.42799e+08 2.20448e+07
4.42844e+08 2.20449e+07
4.42844e+08 2.20225e+07
4.42877e+08 2.20337e+07
4.429e+08 2.2056e+07
4.6474e+08 2.28024e+07
4.64796e+08 2.27129e+07
4.64807e+08 2.26906e+07
4.64807e+08 2.26906e+07
4.64807e+08 2.26906e+07
4.64807e+08 2.26906e+07
4.64841e+08 2.26794e+07
4.64964e+08 2.278e+07
4.64975e+08 2.27911e+07
4.65143e+08 2.26905e+07
4.65143e+08 2.26905e+07
4.65143e+08 2.26905e+07
4.65143e+08 2.26905e+07
4.65143e+08 2.26794e+07
4.65143e+08 2.26794e+07
4.65143e+08 2.26682e+07
4.65143e+08 2.2657e+07
4.65143e+08 2.2657e+07
4.65143e+08 2.2657e+07
4.65143e+08 2.2657e+07
4.65143e+08 2.2657e+07
4.65143e+08 2.2657e+07
4.65143e+08 2.2657e+07
4.65143e+08 2.2657e+07
4.65154e+08 2.26347e+07
4.65154e+08 2.26123e+07
4.65154e+08 2.26123e+07
4.65165e+08 2.25341e+07
4.65165e+08 2.25341e+07
4.65188e+08 2.25564e+07
4.65367e+08 2.25899e+07
4.65434e+08 2.2657e+07
4.65434e+08 2.2657e+07
4.65467e+08 2.26682e+07
4.65579e+08 2.27352e+07
4.65669e+08 2.28246e+07
4.65691e+08 2.28135e+07
4.65691e+08 2.27911e+07
4.87822e+08 2.30816e+07
4.87889e+08 2.30927e+07
4.87945e+08 2.31375e+07
4.88012e+08 2.32045e+07
4.88012e+08 2.32045e+07
4.88057e+08 2.32492e+07
4.88135e+08 2.32939e+07
4.8818e+08 2.32157e+07
4.88202e+08 2.3227e+07
4.88325e+08 2.31821e+07
4.88325e+08 2.31821e+07
4.88448e+08 2.33051e+07
4.88526e+08 2.33833e+07
4.88526e+08 2.33833e+07
4.88549e+08 2.34057e+07
4.88549e+08 2.34057e+07
4.88549e+08 2.34057e+07
4.88549e+08 2.34057e+07
4.88549e+08 2.34057e+07
4.88549e+08 2.34057e+07
4.88549e+08 2.34057e+07
4.88549e+08 2.34057e+07
4.88549e+08 2.34057e+07
4.88549e+08 2.34057e+07
4.88549e+08 2.34057e+07
4.88582e+08 2.3428e+07
4.88582e+08 2.3428e+07
4.88605e+08 2.34504e+07
4.88605e+08 2.34392e+07
4.88605e+08 2.34392e+07
4.88605e+08 2.34169e+07
4.88627e+08 2.32604e+07
4.88627e+08 2.31933e+07
4.88638e+08 2.32045e+07
4.88661e+08 2.31933e+07
4.88772e+08 2.31933e+07
4.8884e+08 2.3171e+07
4.8884e+08 2.31486e+07
4.8884e+08 2.31486e+07
5.11653e+08 2.38312e+07
5.11653e+08 2.37641e+07
5.11675e+08 2.37306e+07
5.11854e+08 2.38423e+07
5.11854e+08 2.38423e+07
5.11888e+08 2.38312e+07
5.11899e+08 2.37641e+07
5.11989e+08 2.38089e+07
5.12011e+08 2.38089e+07
5.12067e+08 2.37418e+07
5.12067e+08 2.37418e+07
5.12145e+08 2.3697e+07
5.12145e+08 2.36188e+07
5.1219e+08 2.36635e+07
5.1219e+08 2.36412e+07
5.1219e+08 2.36412e+07
5.1219e+08 2.36412e+07
5.1219e+08 2.36412e+07
5.1219e+08 2.36412e+07
5.1219e+08 2.36412e+07
5.12201e+08 2.36524e+07
5.12201e+08 2.36524e+07
5.12201e+08 2.36524e+07
5.12201e+08 2.36524e+07
5.12201e+08 2.36524e+07
5.12201e+08 2.36188e+07
5.12201e+08 2.36188e+07
5.12201e+08 2.36188e+07
5.12212e+08 2.36077e+07
5.12212e+08 2.36077e+07
5.12212e+08 2.36077e+07
5.12212e+08 2.36077e+07
5.12246e+08 2.36188e+07
5.12246e+08 2.36188e+07
5.12279e+08 2.36412e+07
5.12391e+08 2.37306e+07
5.12503e+08 2.37305e+07
5.12525e+08 2.36858e+07
5.12525e+08 2.36858e+07
5.12525e+08 2.36858e+07
5.35943e+08 2.42904e+07
5.35955e+08 2.43017e+07
5.36189e+08 2.4514e+07
5.36189e+08 2.43352e+07
5.36189e+08 2.43352e+07
5.36189e+08 2.43017e+07
5.36189e+08 2.42905e+07
5.36257e+08 2.42682e+07
5.36257e+08 2.42458e+07
5.36279e+08 2.42123e+07
5.36335e+08 2.42681e+07
5.36335e+08 2.41899e+07
5.36335e+08 2.41899e+07
5.36346e+08 2.41564e+07
5.36357e+08 2.41675e+07
5.36357e+08 2.41675e+07
5.36357e+08 2.41675e+07
5.36357e+08 2.41675e+07
5.36357e+08 2.41675e+07
5.36369e+08 2.41787e+07
5.36413e+08 2.42122e+07
5.36413e+08 2.42122e+07
5.36413e+08 2.42122e+07
5.36413e+08 2.42122e+07
5.36413e+08 2.42123e+07
5.36413e+08 2.42123e+07
5.36413e+08 2.42123e+07
5.36413e+08 2.42123e+07
5.36413e+08 2.42123e+07
5.36413e+08 2.42011e+07
5.36413e+08 2.42011e+07
5.36413e+08 2.42011e+07
5.36425e+08 2.42123e+07
5.36458e+08 2.42123e+07
5.36481e+08 2.42346e+07
5.36592e+08 2.43129e+07
5.36648e+08 2.42571e+07
5.36648e+08 2.41453e+07
5.36648e+08 2.41229e+07
5.36648e+08 2.41229e+07
5.36648e+08 2.41229e+07
5.60897e+08 2.49536e+07
5.6093e+08 2.49759e+07
5.61054e+08 2.48641e+07
5.61054e+08 2.48641e+07
5.61054e+08 2.48641e+07
5.61054e+08 2.48641e+07
5.61054e+08 2.48641e+07
5.61099e+08 2.48419e+07
5.61099e+08 2.48419e+07
5.6111e+08 2.48307e+07
5.61177e+08 2.48419e+07
5.61177e+08 2.48419e+07
5.61177e+08 2.48419e+07
5.61177e+08 2.48307e+07
5.61177e+08 2.48195e+07
5.61177e+08 2.48195e+07
5.61177e+08 2.48195e+07
5.61177e+08 2.48195e+07
5.61177e+08 2.48195e+07
5.61188e+08 2.48195e+07
5.61188e+08 2.47748e+07
5.61188e+08 2.47748e+07
5.61188e+08 2.47748e+07
5.61188e+08 2.47748e+07
5.61233e+08 2.48195e+07
5.61233e+08 2.48195e+07
5.61255e+08 2.48418e+07
5.61255e+08 2.48418e+07
5.61266e+08 2.4853e+07
5.61266e+08 2.4853e+07
5.61266e+08 2.4853e+07
5.61266e+08 2.4853e+07
5.61266e+08 2.4853e+07
5.61266e+08 2.48418e+07
5.61278e+08 2.48195e+07
5.61445e+08 2.49648e+07
5.6149e+08 2.48978e+07
5.61535e+08 2.48866e+07
5.61546e+08 2.48977e+07
5.61591e+08 2.49425e+07
5.61591e+08 2.49425e+07
5.61624e+08 2.4976e+07
5.86182e+08 2.52848e+07
5.86405e+08 2.54748e+07
5.86484e+08 2.543e+07
5.86484e+08 2.54301e+07
5.86484e+08 2.54301e+07
5.86484e+08 2.54301e+07
5.86484e+08 2.54301e+07
5.86551e+08 2.54524e+07
5.86551e+08 2.54524e+07
5.86562e+08 2.54524e+07
5.86573e+08 2.53966e+07
5.86585e+08 2.54077e+07
5.86585e+08 2.54077e+07
5.86596e+08 2.54189e+07
5.86596e+08 2.54189e+07
5.86596e+08 2.54189e+07
5.86596e+08 2.54189e+07
5.86596e+08 2.54189e+07
5.86596e+08 2.54189e+07
5.86596e+08 2.54077e+07
5.86596e+08 2.54077e+07
5.86596e+08 2.54077e+07
5.86607e+08 2.54189e+07
5.86607e+08 2.54189e+07
5.86607e+08 2.53742e+07
5.86607e+08 2.53742e+07
5.86607e+08 2.53518e+07
5.86618e+08 2.5363e+07
5.86629e+08 2.53631e+07
5.86652e+08 2.53854e+07
5.86752e+08 2.5486e+07
5.86752e+08 2.5486e+07
5.86775e+08 2.55084e+07
5.86819e+08 2.55531e+07
5.86853e+08 2.55866e+07
5.86954e+08 2.5676e+07
5.8711e+08 2.56649e+07
5.872e+08 2.57096e+07
5.87356e+08 2.58214e+07
5.87356e+08 2.58102e+07
5.87367e+08 2.57766e+07
5.87379e+08 2.57878e+07
5.87435e+08 2.58101e+07
6.12198e+08 2.60162e+07
6.12265e+08 2.58597e+07
6.12332e+08 2.58485e+07
6.12399e+08 2.59156e+07
6.12399e+08 2.59157e+07
6.12399e+08 2.59157e+07
6.12399e+08 2.59157e+07
6.12612e+08 2.60608e+07
6.12623e+08 2.6072e+07
6.12623e+08 2.60608e+07
6.12645e+08 2.6072e+07
6.12645e+08 2.60608e+07
6.12657e+08 2.6072e+07
6.12657e+08 2.60608e+07
6.12657e+08 2.60608e+07
6.12657e+08 2.60608e+07
6.12679e+08 2.60832e+07
6.12679e+08 2.60832e+07
6.12679e+08 2.60832e+07
6.12679e+08 2.60832e+07
6.12679e+08 2.60832e+07
6.12679e+08 2.60832e+07
6.12679e+08 2.6072e+07
6.12679e+08 2.6072e+07
6.1269e+08 2.60832e+07
6.1269e+08 2.60832e+07
6.12701e+08 2.60944e+07
6.12701e+08 2.60832e+07
6.12914e+08 2.62844e+07
6.13048e+08 2.63961e+07
6.13104e+08 2.63514e+07
6.13126e+08 2.63738e+07
6.13126e+08 2.63738e+07
6.1316e+08 2.6385e+07
6.13238e+08 2.64185e+07
6.13238e+08 2.6385e+07
6.13272e+08 2.63179e+07
6.13361e+08 2.62509e+07
6.13361e+08 2.61615e+07
6.13439e+08 2.60833e+07
6.13451e+08 2.60944e+07
6.13484e+08 2.61168e+07
6.13507e+08 2.6128e+07
6.13618e+08 2.61839e+07
6.17059e+08 4.8613e+06
6.17059e+08 4.79423e+06
6.17059e+08 4.72715e+06
