4.82322e+06 4.82271e+06
8.36225e+06 3.53903e+06
8.36226e+06 3.53904e+06
9.94061e+06 1.57835e+06
9.97413e+06 1.61187e+06
1.24489e+07 2.50826e+06
1.24489e+07 2.50827e+06
1.24824e+07 2.50829e+06
1.53398e+07 2.89097e+06
1.53398e+07 2.89097e+06
1.53476e+07 2.89876e+06
1.55672e+07 3.08477e+06
1.83294e+07 2.98957e+06
1.83294e+07 2.98957e+06
1.83294e+07 2.9818e+06
1.84525e+07 2.88529e+06
1.85866e+07 3.01944e+06
2.1975e+07 3.64564e+06
2.19751e+07 3.64564e+06
2.19975e+07 3.66802e+06
2.2154e+07 3.70154e+06
2.2277e+07 3.69035e+06
2.23552e+07 3.76861e+06
2.59672e+07 3.99218e+06
2.59784e+07 4.00338e+06
2.60232e+07 4.0257e+06
2.63476e+07 4.19357e+06
2.65265e+07 4.24954e+06
2.70295e+07 4.67425e+06
2.70742e+07 4.71896e+06
2.99822e+07 4.01493e+06
2.99933e+07 4.01491e+06
3.00045e+07 3.9814e+06
3.05413e+07 4.19371e+06
3.08096e+07 4.28306e+06
3.08431e+07 3.81364e+06
3.08431e+07 3.76894e+06
3.46343e+07 4.65213e+06
3.46455e+07 4.66332e+06
3.46455e+07 4.65215e+06
3.47014e+07 4.69685e+06
3.52605e+07 4.71917e+06
3.53388e+07 4.52926e+06
3.53389e+07 4.49574e+06
3.53389e+07 4.49574e+06
3.9854e+07 5.21971e+06
3.98988e+07 5.25333e+06
3.98988e+07 5.25333e+06
3.99212e+07 5.27571e+06
3.99212e+07 5.21982e+06
4.0325e+07 5.06458e+06
4.07947e+07 5.45585e+06
4.08394e+07 5.50054e+06
4.08394e+07 5.50056e+06
4.56847e+07 5.83073e+06
4.5939e+07 6.04015e+06
4.5939e+07 6.04015e+06
4.5939e+07 6.01778e+06
4.5939e+07 6.01778e+06
4.5939e+07 6.01778e+06
4.61851e+07 5.86002e+06
4.66546e+07 5.8599e+06
4.67776e+07 5.93816e+06
4.69676e+07 6.1282e+06
5.22796e+07 6.59489e+06
5.2451e+07 6.51202e+06
5.24846e+07 6.54563e+06
5.24846e+07 6.54564e+06
5.24922e+07 6.55322e+06
5.24923e+07 6.55328e+06
5.25035e+07 6.56445e+06
5.26411e+07 6.45606e+06
5.30213e+07 6.36671e+06
5.31442e+07 6.36667e+06
5.33455e+07 6.37784e+06
5.93105e+07 7.03085e+06
5.947e+07 7.01898e+06
5.95821e+07 7.09745e+06
5.95821e+07 7.09747e+06
5.96045e+07 7.11227e+06
5.96045e+07 7.11226e+06
5.96046e+07 7.10114e+06
5.9627e+07 7.1235e+06
5.9763e+07 7.12189e+06
6.02138e+07 7.19255e+06
6.02474e+07 7.10315e+06
6.03704e+07 7.02493e+06
6.71248e+07 7.81428e+06
6.73932e+07 7.92323e+06
6.73932e+07 7.81116e+06
6.74044e+07 7.82233e+06
6.74156e+07 7.81114e+06
6.74156e+07 7.8111e+06
6.74156e+07 7.81105e+06
6.74157e+07 7.78876e+06
6.74157e+07 7.78876e+06
6.75452e+07 7.78219e+06
6.7727e+07 7.51315e+06
6.78164e+07 7.56906e+06
6.80401e+07 7.66968e+06
7.55994e+07 8.47468e+06
7.57337e+07 8.34049e+06
7.57449e+07 8.35166e+06
7.57449e+07 8.34052e+06
7.5745e+07 8.32933e+06
7.5745e+07 8.32933e+06
7.5745e+07 8.32933e+06
7.5745e+07 8.32928e+06
7.5745e+07 8.32928e+06
7.5745e+07 8.32929e+06
7.58878e+07 8.34257e+06
7.60136e+07 8.28666e+06
7.60398e+07 8.22336e+06
7.63603e+07 8.32023e+06
8.45682e+07 8.96881e+06
8.46801e+07 8.94643e+06
8.47584e+07 9.01353e+06
8.47696e+07 9.02468e+06
8.47696e+07 9.02468e+06
8.47696e+07 9.02468e+06
8.47696e+07 9.02468e+06
8.47697e+07 9.02468e+06
8.47697e+07 9.02468e+06
8.47697e+07 9.02468e+06
8.4781e+07 8.89323e+06
8.4781e+07 8.89324e+06
8.49608e+07 8.9471e+06
8.49608e+07 8.92096e+06
8.50943e+07 8.73402e+06
9.41152e+07 9.54698e+06
9.43501e+07 9.66996e+06
9.44172e+07 9.65876e+06
9.44173e+07 9.64764e+06
9.44173e+07 9.64764e+06
9.44173e+07 9.64764e+06
9.44173e+07 9.64764e+06
9.44173e+07 9.64762e+06
9.44173e+07 9.64762e+06
9.44173e+07 9.64762e+06
9.44398e+07 9.65881e+06
9.44398e+07 9.65881e+06
9.44398e+07 9.65881e+06
9.4496e+07 9.5352e+06
9.4496e+07 9.5352e+06
9.45452e+07 9.45091e+06
1.04012e+08 9.89717e+06
1.04359e+08 1.00091e+07
1.04415e+08 9.99787e+06
1.04482e+08 1.00649e+07
1.04482e+08 1.00649e+07
1.04482e+08 1.00649e+07
1.04482e+08 1.00649e+07
1.04482e+08 1.00649e+07
1.04482e+08 1.00649e+07
1.04482e+08 1.00649e+07
1.04605e+08 1.01655e+07
1.04605e+08 1.01655e+07
1.04605e+08 1.01655e+07
1.04617e+08 1.01207e+07
1.04617e+08 1.01207e+07
1.04628e+08 1.01319e+07
1.04673e+08 1.01273e+07
1.14741e+08 1.07282e+07
1.15031e+08 1.06722e+07
1.15087e+08 1.06722e+07
1.15098e+08 1.06163e+07
1.15098e+08 1.06163e+07
1.1511e+08 1.06275e+07
1.15154e+08 1.06722e+07
1.15166e+08 1.06834e+07
1.1521e+08 1.07281e+07
1.15289e+08 1.08063e+07
1.15333e+08 1.0728e+07
1.15333e+08 1.0728e+07
1.15333e+08 1.0728e+07
1.15356e+08 1.07392e+07
1.15356e+08 1.07392e+07
1.15356e+08 1.07392e+07
1.15356e+08 1.0728e+07
1.15378e+08 1.07057e+07
1.26024e+08 1.12839e+07
1.26315e+08 1.12839e+07
1.26315e+08 1.1228e+07
1.26315e+08 1.12168e+07
1.26315e+08 1.12168e+07
1.26326e+08 1.12168e+07
1.26326e+08 1.11721e+07
1.26326e+08 1.11609e+07
1.26326e+08 1.11162e+07
1.26326e+08 1.1038e+07
1.26449e+08 1.11161e+07
1.2645e+08 1.11161e+07
1.2645e+08 1.11161e+07
1.26561e+08 1.12055e+07
1.26561e+08 1.12056e+07
1.26573e+08 1.12168e+07
1.26573e+08 1.12168e+07
1.26584e+08 1.1228e+07
1.26595e+08 1.12168e+07
1.37957e+08 1.19325e+07
1.38136e+08 1.18206e+07
1.38136e+08 1.18206e+07
1.38136e+08 1.18206e+07
1.38158e+08 1.1843e+07
1.38169e+08 1.1843e+07
1.38181e+08 1.18542e+07
1.38181e+08 1.18542e+07
1.38181e+08 1.18542e+07
1.38203e+08 1.18765e+07
1.3827e+08 1.18206e+07
1.3827e+08 1.18206e+07
1.38293e+08 1.1843e+07
1.38304e+08 1.17424e+07
1.38371e+08 1.18094e+07
1.38382e+08 1.18094e+07
1.38438e+08 1.18653e+07
1.3846e+08 1.18765e+07
1.3846e+08 1.18765e+07
1.38494e+08 1.18989e+07
1.50403e+08 1.24458e+07
1.50481e+08 1.23452e+07
1.50481e+08 1.23452e+07
1.50481e+08 1.23452e+07
1.50515e+08 1.23564e+07
1.50604e+08 1.24346e+07
1.50615e+08 1.24346e+07
1.50626e+08 1.24458e+07
1.50638e+08 1.2457e+07
1.50638e+08 1.24346e+07
1.50749e+08 1.24793e+07
1.50749e+08 1.24793e+07
1.50772e+08 1.24793e+07
1.50861e+08 1.25576e+07
1.50884e+08 1.25129e+07
1.50884e+08 1.25017e+07
1.50884e+08 1.24458e+07
1.50884e+08 1.24234e+07
1.50884e+08 1.24234e+07
1.50984e+08 1.24905e+07
1.50984e+08 1.24905e+07
1.63542e+08 1.3139e+07
1.63609e+08 1.31279e+07
1.63631e+08 1.31502e+07
1.63631e+08 1.31502e+07
1.6381e+08 1.32955e+07
1.6381e+08 1.32061e+07
1.6381e+08 1.31949e+07
1.63956e+08 1.33291e+07
1.63956e+08 1.33179e+07
1.63956e+08 1.33179e+07
1.63956e+08 1.32061e+07
1.63956e+08 1.32061e+07
1.63956e+08 1.31838e+07
1.64012e+08 1.31502e+07
1.64034e+08 1.31502e+07
1.64034e+08 1.31502e+07
1.64034e+08 1.31502e+07
1.64056e+08 1.31726e+07
1.64056e+08 1.31726e+07
1.64168e+08 1.31838e+07
1.64191e+08 1.32062e+07
1.64191e+08 1.32062e+07
1.76514e+08 1.29726e+07
1.76514e+08 1.29055e+07
1.76537e+08 1.29056e+07
1.76537e+08 1.29056e+07
1.76638e+08 1.28274e+07
1.76638e+08 1.28274e+07
1.76638e+08 1.28274e+07
1.76895e+08 1.29392e+07
1.76895e+08 1.29392e+07
1.76995e+08 1.30397e+07
1.76995e+08 1.30397e+07
1.76995e+08 1.30397e+07
1.7704e+08 1.30845e+07
1.77085e+08 1.30733e+07
1.77107e+08 1.30733e+07
1.77107e+08 1.30733e+07
1.77107e+08 1.30733e+07
1.77141e+08 1.30844e+07
1.77141e+08 1.30844e+07
1.77264e+08 1.30956e+07
1.77264e+08 1.30732e+07
1.77264e+08 1.30732e+07
1.90272e+08 1.37571e+07
1.90272e+08 1.37571e+07
1.90272e+08 1.37571e+07
1.90305e+08 1.37682e+07
1.90305e+08 1.37682e+07
1.90428e+08 1.37906e+07
1.90428e+08 1.37906e+07
1.90428e+08 1.37906e+07
1.90551e+08 1.36565e+07
1.90551e+08 1.36565e+07
1.90685e+08 1.36901e+07
1.90719e+08 1.37236e+07
1.90719e+08 1.37236e+07
1.9073e+08 1.369e+07
1.9082e+08 1.37347e+07
1.9082e+08 1.37124e+07
1.9082e+08 1.37124e+07
1.90831e+08 1.37235e+07
1.90864e+08 1.37236e+07
1.90864e+08 1.37236e+07
1.90999e+08 1.37348e+07
1.90999e+08 1.37348e+07
1.90999e+08 1.37348e+07
2.04651e+08 1.43797e+07
2.04651e+08 1.43797e+07
2.04651e+08 1.43797e+07
2.04651e+08 1.43797e+07
2.04651e+08 1.43461e+07
2.04662e+08 1.43573e+07
2.04819e+08 1.4391e+07
2.04819e+08 1.4391e+07
2.04819e+08 1.4391e+07
2.04942e+08 1.43909e+07
2.0502e+08 1.44691e+07
2.05087e+08 1.44021e+07
2.05087e+08 1.43686e+07
2.05087e+08 1.43686e+07
2.05132e+08 1.44021e+07
2.05155e+08 1.4335e+07
2.05166e+08 1.43462e+07
2.05166e+08 1.43462e+07
2.05188e+08 1.43574e+07
2.0521e+08 1.43462e+07
2.05222e+08 1.43574e+07
2.05334e+08 1.4335e+07
2.05356e+08 1.43574e+07
2.05356e+08 1.43574e+07
2.19536e+08 1.48849e+07
2.19536e+08 1.48849e+07
2.19536e+08 1.48849e+07
2.19536e+08 1.48849e+07
2.19536e+08 1.48849e+07
2.19536e+08 1.48849e+07
2.19536e+08 1.48737e+07
2.19738e+08 1.49185e+07
2.19738e+08 1.49185e+07
2.19738e+08 1.49185e+07
2.19827e+08 1.48849e+07
2.19827e+08 1.48067e+07
2.20017e+08 1.49296e+07
2.20017e+08 1.49296e+07
2.20017e+08 1.49296e+07
2.20017e+08 1.48849e+07
2.20039e+08 1.48849e+07
2.20118e+08 1.4952e+07
2.20129e+08 1.49632e+07
2.20129e+08 1.49409e+07
2.20129e+08 1.49185e+07
2.20163e+08 1.49408e+07
2.2023e+08 1.48961e+07
2.20286e+08 1.49297e+07
2.20286e+08 1.49297e+07
2.34983e+08 1.54469e+07
2.34994e+08 1.54581e+07
2.34994e+08 1.54581e+07
2.34994e+08 1.54581e+07
2.34994e+08 1.54581e+07
2.34994e+08 1.54581e+07
2.34994e+08 1.54581e+07
2.34994e+08 1.54581e+07
2.35252e+08 1.5514e+07
2.35252e+08 1.5514e+07
2.35274e+08 1.55364e+07
2.35341e+08 1.55141e+07
2.35375e+08 1.55476e+07
2.35453e+08 1.54358e+07
2.35453e+08 1.54358e+07
2.35453e+08 1.54358e+07
2.35453e+08 1.54358e+07
2.35486e+08 1.5447e+07
2.3552e+08 1.54023e+07
2.35598e+08 1.54694e+07
2.3561e+08 1.54805e+07
2.35621e+08 1.54917e+07
2.35643e+08 1.54805e+07
2.35643e+08 1.54134e+07
2.35755e+08 1.54694e+07
2.35755e+08 1.54694e+07
2.51062e+08 1.60785e+07
2.51062e+08 1.60674e+07
2.51062e+08 1.60674e+07
2.51062e+08 1.60674e+07
2.51062e+08 1.60673e+07
2.51062e+08 1.60673e+07
2.51062e+08 1.60673e+07
2.51062e+08 1.60673e+07
2.51062e+08 1.60673e+07
2.5133e+08 1.60786e+07
2.5133e+08 1.60786e+07
2.51375e+08 1.6101e+07
2.5142e+08 1.60786e+07
2.5142e+08 1.60451e+07
2.51587e+08 1.61345e+07
2.51599e+08 1.61457e+07
2.51599e+08 1.61457e+07
2.51599e+08 1.61457e+07
2.5161e+08 1.61234e+07
2.51655e+08 1.61345e+07
2.5171e+08 1.61121e+07
2.51722e+08 1.61121e+07
2.51722e+08 1.6101e+07
2.51733e+08 1.60898e+07
2.51733e+08 1.60898e+07
2.51889e+08 1.61345e+07
2.51901e+08 1.61457e+07
2.67728e+08 1.66662e+07
2.67728e+08 1.66662e+07
2.67728e+08 1.66662e+07
2.67728e+08 1.66661e+07
2.67728e+08 1.66661e+07
2.67728e+08 1.66662e+07
2.67728e+08 1.66662e+07
2.67728e+08 1.66662e+07
2.67728e+08 1.66662e+07
2.67728e+08 1.66662e+07
2.68008e+08 1.66773e+07
2.68008e+08 1.66774e+07
2.68008e+08 1.66327e+07
2.68008e+08 1.6588e+07
2.68008e+08 1.6588e+07
2.68097e+08 1.65097e+07
2.68131e+08 1.65321e+07
2.68164e+08 1.65656e+07
2.68164e+08 1.65656e+07
2.68187e+08 1.65768e+07
2.68242e+08 1.65879e+07
2.68254e+08 1.65432e+07
2.68321e+08 1.65991e+07
2.68321e+08 1.65991e+07
2.68321e+08 1.65879e+07
2.68366e+08 1.66327e+07
2.68533e+08 1.66439e+07
2.68545e+08 1.66439e+07
2.84957e+08 1.72289e+07
2.84957e+08 1.72289e+07
2.84957e+08 1.72289e+07
2.84968e+08 1.72401e+07
2.84968e+08 1.72401e+07
2.84968e+08 1.72401e+07
2.84968e+08 1.72401e+07
2.84968e+08 1.72401e+07
2.84968e+08 1.72401e+07
2.84968e+08 1.72401e+07
2.84968e+08 1.72401e+07
2.8527e+08 1.72624e+07
2.8527e+08 1.72624e+07
2.8527e+08 1.72624e+07
2.8527e+08 1.72624e+07
2.8527e+08 1.72624e+07
2.85304e+08 1.72065e+07
2.85315e+08 1.71842e+07
2.85337e+08 1.7173e+07
2.85337e+08 1.7173e+07
2.8536e+08 1.7173e+07
2.8546e+08 1.72177e+07
2.85494e+08 1.72401e+07
2.85527e+08 1.72065e+07
2.85527e+08 1.72065e+07
2.85527e+08 1.72065e+07
2.8555e+08 1.71841e+07
2.85773e+08 1.72401e+07
2.85807e+08 1.72624e+07
3.02764e+08 1.78074e+07
3.02764e+08 1.78074e+07
3.02764e+08 1.78074e+07
3.02786e+08 1.78186e+07
3.02786e+08 1.78186e+07
3.02786e+08 1.78186e+07
3.02786e+08 1.78186e+07
3.02786e+08 1.78186e+07
3.02786e+08 1.78186e+07
3.02798e+08 1.78297e+07
3.02809e+08 1.78409e+07
3.02809e+08 1.78409e+07
3.03144e+08 1.78745e+07
3.03156e+08 1.78856e+07
3.03156e+08 1.78856e+07
3.03167e+08 1.78968e+07
3.03167e+08 1.78968e+07
3.03223e+08 1.79192e+07
3.03223e+08 1.7908e+07
3.03323e+08 1.79862e+07
3.03346e+08 1.80085e+07
3.03357e+08 1.79974e+07
3.03424e+08 1.79639e+07
3.03424e+08 1.79303e+07
3.03424e+08 1.78968e+07
3.03446e+08 1.79192e+07
3.03446e+08 1.79192e+07
3.03502e+08 1.79528e+07
3.0367e+08 1.78968e+07
3.03726e+08 1.79192e+07
3.21258e+08 1.84935e+07
3.21258e+08 1.84935e+07
3.21258e+08 1.84935e+07
3.21258e+08 1.84712e+07
3.21258e+08 1.84712e+07
3.21258e+08 1.84712e+07
3.21258e+08 1.84712e+07
3.21258e+08 1.84712e+07
3.2128e+08 1.84935e+07
3.21302e+08 1.85047e+07
3.21336e+08 1.8527e+07
3.21358e+08 1.85494e+07
3.21571e+08 1.84264e+07
3.21571e+08 1.84264e+07
3.21582e+08 1.84264e+07
3.2175e+08 1.8594e+07
3.21828e+08 1.8661e+07
3.21828e+08 1.8661e+07
3.2194e+08 1.87169e+07
3.2194e+08 1.87169e+07
3.21962e+08 1.86387e+07
3.21973e+08 1.86275e+07
3.21996e+08 1.86387e+07
3.22007e+08 1.85829e+07
3.22007e+08 1.85829e+07
3.22007e+08 1.85828e+07
3.22007e+08 1.85605e+07
3.22007e+08 1.85605e+07
3.22152e+08 1.86499e+07
3.22253e+08 1.85829e+07
3.22253e+08 1.8527e+07
3.4025e+08 1.89929e+07
3.40284e+08 1.90264e+07
3.40295e+08 1.90376e+07
3.40295e+08 1.90376e+07
3.40295e+08 1.90376e+07
3.40295e+08 1.90376e+07
3.40306e+08 1.90488e+07
3.40306e+08 1.90488e+07
3.40306e+08 1.90264e+07
3.40318e+08 1.90153e+07
3.40318e+08 1.89817e+07
3.40385e+08 1.90265e+07
3.40787e+08 1.92164e+07
3.40787e+08 1.92164e+07
3.40787e+08 1.92164e+07
3.4081e+08 1.92276e+07
3.4081e+08 1.906e+07
3.40877e+08 1.90488e+07
3.40877e+08 1.90488e+07
3.40888e+08 1.89482e+07
3.40888e+08 1.89482e+07
3.40888e+08 1.89259e+07
3.40888e+08 1.89147e+07
3.40955e+08 1.89594e+07
3.41123e+08 1.91158e+07
3.41156e+08 1.91493e+07
3.41167e+08 1.91605e+07
3.41168e+08 1.91605e+07
3.41168e+08 1.91605e+07
3.41257e+08 1.91047e+07
3.4147e+08 1.92165e+07
3.4195e+08 1.96972e+07
3.60123e+08 1.98728e+07
3.60134e+08 1.98504e+07
3.60134e+08 1.98392e+07
3.60134e+08 1.98392e+07
3.60179e+08 1.9884e+07
3.60213e+08 1.99175e+07
3.60224e+08 1.99175e+07
3.60224e+08 1.99175e+07
3.60224e+08 1.99175e+07
3.60257e+08 1.99399e+07
3.60257e+08 1.99399e+07
3.60347e+08 1.99622e+07
3.60503e+08 1.97162e+07
3.60515e+08 1.97274e+07
3.60515e+08 1.97274e+07
3.60559e+08 1.97497e+07
3.60559e+08 1.97497e+07
3.60626e+08 1.98168e+07
3.60649e+08 1.97721e+07
3.6066e+08 1.97832e+07
3.60682e+08 1.97944e+07
3.60694e+08 1.98056e+07
3.60727e+08 1.98392e+07
3.60761e+08 1.98727e+07
3.60772e+08 1.98168e+07
3.60783e+08 1.96603e+07
3.60783e+08 1.96268e+07
3.60839e+08 1.96716e+07
3.60906e+08 1.97386e+07
3.60913e+08 1.97456e+07
3.61516e+08 2.02593e+07
3.62064e+08 2.05945e+07
3.62087e+08 2.01362e+07
3.80595e+08 2.04719e+07
3.8064e+08 2.05054e+07
3.80651e+08 2.05166e+07
3.80651e+08 2.05166e+07
3.80651e+08 2.04719e+07
3.80651e+08 2.04384e+07
3.80651e+08 2.04272e+07
3.80651e+08 2.04272e+07
3.80685e+08 2.04607e+07
3.80696e+08 2.04383e+07
3.80718e+08 2.04607e+07
3.8074e+08 2.03936e+07
3.80875e+08 2.03712e+07
3.80875e+08 2.03601e+07
3.80886e+08 2.03712e+07
3.80964e+08 2.04048e+07
3.80998e+08 2.04383e+07
3.80998e+08 2.04383e+07
3.81031e+08 2.04048e+07
3.81031e+08 2.03824e+07
3.81031e+08 2.03713e+07
3.81031e+08 2.03489e+07
3.81031e+08 2.03377e+07
3.8112e+08 2.0393e+07
3.81165e+08 2.04042e+07
3.81165e+08 2.03931e+07
3.81176e+08 2.03932e+07
3.81236e+08 2.04526e+07
3.81647e+08 2.08084e+07
3.81647e+08 2.07413e+07
3.81715e+08 2.08014e+07
3.82486e+08 2.09696e+07
3.82497e+08 2.04331e+07
3.82553e+08 2.04667e+07
4.01811e+08 2.12157e+07
4.01811e+08 2.1171e+07
4.01833e+08 2.11822e+07
4.01867e+08 2.12157e+07
4.01878e+08 2.12269e+07
4.01878e+08 2.12269e+07
4.01912e+08 2.12605e+07
4.01934e+08 2.12828e+07
4.0196e+08 2.12755e+07
4.02027e+08 2.13315e+07
4.02037e+08 2.13192e+07
4.02038e+08 2.1297e+07
4.02101e+08 2.12268e+07
4.02225e+08 2.13505e+07
4.02303e+08 2.14176e+07
4.02337e+08 2.13728e+07
4.02438e+08 2.14399e+07
4.02538e+08 2.15405e+07
4.02549e+08 2.15182e+07
4.02583e+08 2.15517e+07
4.02583e+08 2.15517e+07
4.02583e+08 2.15517e+07
4.02583e+08 2.15517e+07
4.02583e+08 2.15517e+07
4.0322e+08 2.20999e+07
4.03242e+08 2.20775e+07
4.03242e+08 2.20775e+07
4.03265e+08 2.20886e+07
4.03298e+08 2.20627e+07
4.03433e+08 2.17853e+07
4.03433e+08 2.17853e+07
4.03433e+08 2.17183e+07
4.04361e+08 2.18747e+07
4.04439e+08 2.19417e+07
4.0445e+08 2.1897e+07
4.23507e+08 2.16958e+07
4.23529e+08 2.17182e+07
4.23663e+08 2.18299e+07
4.23864e+08 2.19976e+07
4.23943e+08 2.20646e+07
4.23943e+08 2.20646e+07
4.23965e+08 2.20535e+07
4.23965e+08 2.20311e+07
4.23999e+08 2.20384e+07
4.24021e+08 2.19936e+07
4.24088e+08 2.20506e+07
4.24088e+08 2.20504e+07
4.24088e+08 2.19865e+07
4.24088e+08 2.18628e+07
4.24334e+08 2.20304e+07
4.24379e+08 2.20416e+07
4.24513e+08 2.20751e+07
4.24736e+08 2.21981e+07
4.24759e+08 2.22092e+07
4.24759e+08 2.21757e+07
4.24759e+08 2.21758e+07
4.2477e+08 2.2187e+07
4.2477e+08 2.2187e+07
4.24781e+08 2.21982e+07
4.24804e+08 2.22205e+07
4.24837e+08 2.1617e+07
4.24837e+08 2.15947e+07
4.24848e+08 2.16058e+07
4.24848e+08 2.15835e+07
4.24871e+08 2.15723e+07
4.2553e+08 2.20974e+07
4.25541e+08 2.21086e+07
4.25687e+08 2.2254e+07
4.26212e+08 2.18516e+07
4.26939e+08 2.24999e+07
4.26961e+08 2.25111e+07
4.46855e+08 2.33488e+07
4.46855e+08 2.33265e+07
4.46855e+08 2.31923e+07
4.469e+08 2.30359e+07
4.469e+08 2.29576e+07
4.469e+08 2.29576e+07
4.469e+08 2.29353e+07
4.469e+08 2.29353e+07
4.469e+08 2.29017e+07
4.469e+08 2.28794e+07
4.469e+08 2.28123e+07
4.469e+08 2.28123e+07
4.469e+08 2.28123e+07
4.469e+08 2.28123e+07
4.469e+08 2.25664e+07
4.469e+08 2.25217e+07
4.469e+08 2.23876e+07
4.47258e+08 2.25218e+07
4.47314e+08 2.25553e+07
4.4747e+08 2.27118e+07
4.47482e+08 2.27229e+07
4.47515e+08 2.27453e+07
4.47515e+08 2.27453e+07
4.47515e+08 2.27453e+07
4.4756e+08 2.27788e+07
4.4756e+08 2.27565e+07
4.47649e+08 2.28124e+07
4.47661e+08 2.28236e+07
4.47661e+08 2.28124e+07
4.47739e+08 2.28907e+07
4.47739e+08 2.28683e+07
4.47974e+08 2.24436e+07
4.47974e+08 2.24324e+07
4.48231e+08 2.25442e+07
4.49036e+08 2.28236e+07
4.49058e+08 2.21194e+07
4.49282e+08 2.23206e+07
4.6968e+08 2.28248e+07
4.6968e+08 2.28248e+07
4.6968e+08 2.28248e+07
4.69803e+08 2.29031e+07
4.69837e+08 2.29366e+07
4.69859e+08 2.2959e+07
4.69971e+08 2.30707e+07
4.69993e+08 2.30931e+07
4.69993e+08 2.30931e+07
4.69993e+08 2.30931e+07
4.69993e+08 2.30931e+07
4.70083e+08 2.31825e+07
4.70083e+08 2.31825e+07
4.70083e+08 2.31825e+07
4.70116e+08 2.3216e+07
4.70116e+08 2.3216e+07
4.70139e+08 2.32384e+07
4.70452e+08 2.31937e+07
4.70452e+08 2.31378e+07
4.70463e+08 2.29926e+07
4.70463e+08 2.29814e+07
4.70497e+08 2.29814e+07
4.70497e+08 2.29814e+07
4.70497e+08 2.29814e+07
4.70497e+08 2.29814e+07
4.70497e+08 2.29367e+07
4.70497e+08 2.29367e+07
4.70497e+08 2.28473e+07
4.70508e+08 2.28473e+07
4.70519e+08 2.28584e+07
4.70597e+08 2.28584e+07
4.70597e+08 2.28584e+07
4.71302e+08 2.33278e+07
4.71302e+08 2.33278e+07
4.71592e+08 2.33614e+07
4.71928e+08 2.2892e+07
4.72599e+08 2.35403e+07
4.72655e+08 2.33727e+07
4.93748e+08 2.40683e+07
4.93749e+08 2.40683e+07
4.93749e+08 2.40684e+07
4.93816e+08 2.40124e+07
4.93816e+08 2.39789e+07
4.93816e+08 2.39566e+07
4.93849e+08 2.38784e+07
4.9386e+08 2.38672e+07
4.93861e+08 2.38672e+07
4.93861e+08 2.38672e+07
4.93861e+08 2.38672e+07
4.93861e+08 2.37778e+07
4.93861e+08 2.37778e+07
4.93861e+08 2.37778e+07
4.93861e+08 2.37442e+07
4.93861e+08 2.37442e+07
4.93861e+08 2.37219e+07
4.93905e+08 2.34535e+07
4.93917e+08 2.34647e+07
4.9395e+08 2.3487e+07
4.9395e+08 2.3487e+07
4.94062e+08 2.35652e+07
4.94062e+08 2.35652e+07
4.94095e+08 2.35988e+07
4.94107e+08 2.361e+07
4.94107e+08 2.361e+07
4.94107e+08 2.361e+07
4.94151e+08 2.36547e+07
4.94174e+08 2.36771e+07
4.94185e+08 2.36771e+07
4.94196e+08 2.36771e+07
4.94375e+08 2.37777e+07
4.94397e+08 2.38001e+07
4.95079e+08 2.37777e+07
4.95135e+08 2.38336e+07
4.95515e+08 2.3923e+07
4.96052e+08 2.41243e+07
4.96119e+08 2.35207e+07
4.96254e+08 2.35989e+07
5.17717e+08 2.39686e+07
5.17717e+08 2.39686e+07
5.17728e+08 2.39798e+07
5.17885e+08 2.40692e+07
5.17885e+08 2.40692e+07
5.17986e+08 2.41698e+07
5.17986e+08 2.41362e+07
5.17986e+08 2.41251e+07
5.17986e+08 2.41251e+07
5.17986e+08 2.41251e+07
5.17986e+08 2.41251e+07
5.17986e+08 2.41251e+07
5.17986e+08 2.41251e+07
5.17997e+08 2.41362e+07
5.17997e+08 2.41362e+07
5.17997e+08 2.41362e+07
5.17997e+08 2.41362e+07
5.18042e+08 2.41362e+07
5.18042e+08 2.4125e+07
5.18053e+08 2.41027e+07
5.18053e+08 2.41027e+07
5.18064e+08 2.40021e+07
5.18064e+08 2.40021e+07
5.18109e+08 2.40133e+07
5.18142e+08 2.40356e+07
5.18142e+08 2.40356e+07
5.18142e+08 2.40356e+07
5.18142e+08 2.40356e+07
5.18165e+08 2.40133e+07
5.18321e+08 2.41474e+07
5.18355e+08 2.41698e+07
5.18355e+08 2.41586e+07
5.18511e+08 2.41362e+07
5.18657e+08 2.42592e+07
5.19685e+08 2.46055e+07
5.19696e+08 2.45609e+07
5.1992e+08 2.44046e+07
5.20177e+08 2.41251e+07
5.20267e+08 2.41474e+07
5.2049e+08 2.42367e+07
5.42164e+08 2.44468e+07
5.42354e+08 2.46369e+07
5.42488e+08 2.47599e+07
5.42544e+08 2.46592e+07
5.42555e+08 2.46704e+07
5.42578e+08 2.45922e+07
5.42578e+08 2.45922e+07
5.426e+08 2.46145e+07
5.426e+08 2.46145e+07
5.426e+08 2.46145e+07
5.426e+08 2.46145e+07
5.426e+08 2.46145e+07
5.426e+08 2.46145e+07
5.426e+08 2.46034e+07
5.426e+08 2.46034e+07
5.426e+08 2.46034e+07
5.426e+08 2.46034e+07
5.42611e+08 2.45698e+07
5.42611e+08 2.45698e+07
5.42667e+08 2.46145e+07
5.42667e+08 2.46145e+07
5.42679e+08 2.46146e+07
5.4269e+08 2.46258e+07
5.42734e+08 2.46257e+07
5.42768e+08 2.46257e+07
5.42835e+08 2.46928e+07
5.42835e+08 2.46928e+07
5.42846e+08 2.4704e+07
5.42869e+08 2.47263e+07
5.42947e+08 2.47822e+07
5.43137e+08 2.48157e+07
5.43394e+08 2.50392e+07
5.43439e+08 2.50839e+07
5.43785e+08 2.5274e+07
5.44221e+08 2.55647e+07
5.44557e+08 2.48719e+07
5.44568e+08 2.48719e+07
5.44635e+08 2.47153e+07
5.45127e+08 2.49498e+07
5.45138e+08 2.48715e+07
5.45239e+08 2.47486e+07
5.67636e+08 2.54716e+07
5.67669e+08 2.53151e+07
5.67736e+08 2.52481e+07
5.67759e+08 2.52146e+07
5.6777e+08 2.52145e+07
5.67781e+08 2.52034e+07
5.67781e+08 2.52034e+07
5.67792e+08 2.51922e+07
5.67792e+08 2.51922e+07
5.67792e+08 2.51922e+07
5.67792e+08 2.51922e+07
5.67792e+08 2.51922e+07
5.67792e+08 2.51922e+07
5.67792e+08 2.51922e+07
5.67792e+08 2.51922e+07
5.67792e+08 2.51922e+07
5.67803e+08 2.52033e+07
5.67803e+08 2.51921e+07
5.67815e+08 2.52033e+07
5.67882e+08 2.52145e+07
5.67904e+08 2.52369e+07
5.68105e+08 2.54268e+07
5.68239e+08 2.55497e+07
5.68586e+08 2.58515e+07
5.68597e+08 2.58292e+07
5.68597e+08 2.57621e+07
5.68608e+08 2.57733e+07
5.68631e+08 2.57845e+07
5.68653e+08 2.57845e+07
5.68687e+08 2.5818e+07
5.68854e+08 2.59074e+07
5.68877e+08 2.57398e+07
5.69011e+08 2.56168e+07
5.69033e+08 2.55945e+07
5.69413e+08 2.56281e+07
5.69592e+08 2.53711e+07
5.69872e+08 2.53151e+07
5.70095e+08 2.55274e+07
5.70397e+08 2.5762e+07
5.70543e+08 2.54156e+07
5.70554e+08 2.54156e+07
5.70576e+08 2.53373e+07
5.93361e+08 2.57255e+07
5.93406e+08 2.57366e+07
5.93495e+08 2.57589e+07
5.93495e+08 2.57366e+07
5.93495e+08 2.57254e+07
5.93495e+08 2.57142e+07
5.93495e+08 2.57142e+07
5.93495e+08 2.5703e+07
5.93495e+08 2.5703e+07
5.93495e+08 2.5703e+07
5.93518e+08 2.57254e+07
5.93529e+08 2.57366e+07
5.93529e+08 2.57366e+07
5.93562e+08 2.57701e+07
5.93562e+08 2.57701e+07
5.93574e+08 2.57813e+07
5.93574e+08 2.57701e+07
5.93652e+08 2.58484e+07
5.93685e+08 2.58707e+07
5.93943e+08 2.60608e+07
5.94121e+08 2.62172e+07
5.94244e+08 2.6139e+07
5.94367e+08 2.61278e+07
5.94513e+08 2.59267e+07
5.94535e+08 2.59378e+07
5.94535e+08 2.59378e+07
5.94557e+08 2.5949e+07
5.94557e+08 2.59267e+07
5.9458e+08 2.59267e+07
5.9458e+08 2.58931e+07
5.94625e+08 2.59379e+07
5.94748e+08 2.58932e+07
5.94826e+08 2.59491e+07
5.94926e+08 2.59156e+07
5.9496e+08 2.59268e+07
5.95262e+08 2.58486e+07
5.9534e+08 2.57478e+07
5.96078e+08 2.6206e+07
5.96313e+08 2.62171e+07
5.96413e+08 2.60159e+07
5.96525e+08 2.59824e+07
5.96581e+08 2.60271e+07
5.9676e+08 2.61836e+07
6.19426e+08 2.60647e+07
6.19448e+08 2.60426e+07
6.19577e+08 2.60821e+07
6.19588e+08 2.60932e+07
6.19589e+08 2.60932e+07
6.19594e+08 2.6099e+07
6.19628e+08 2.61326e+07
6.19673e+08 2.61775e+07
6.19695e+08 2.61999e+07
6.19695e+08 2.62001e+07
6.19729e+08 2.62117e+07
6.1973e+08 2.62009e+07
6.1973e+08 2.62011e+07
6.19753e+08 2.61901e+07
6.19764e+08 2.62014e+07
6.19775e+08 2.62015e+07
6.19775e+08 2.62016e+07
6.19877e+08 2.6225e+07
6.19877e+08 2.61915e+07
6.20022e+08 2.60796e+07
6.20022e+08 2.5901e+07
6.20066e+08 2.58213e+07
6.20077e+08 2.57096e+07
6.20124e+08 2.5611e+07
6.20146e+08 2.56112e+07
6.20157e+08 2.56224e+07
6.20158e+08 2.56002e+07
6.20158e+08 2.56002e+07
6.20169e+08 2.55892e+07
6.20169e+08 2.55893e+07
6.20182e+08 2.55571e+07
6.20204e+08 2.54567e+07
6.20204e+08 2.54567e+07
6.20204e+08 2.53785e+07
6.20204e+08 2.52779e+07
6.20204e+08 2.52443e+07
6.20866e+08 2.56036e+07
6.21112e+08 2.57714e+07
6.2138e+08 2.5302e+07
6.21503e+08 2.51903e+07
6.21581e+08 2.51679e+07
6.21738e+08 2.52127e+07
6.21901e+08 2.53204e+07
6.2208e+08 2.53208e+07
6.28163e+08 8.73717e+06
6.28268e+08 8.82007e+06
6.28375e+08 8.7981e+06
