4.20292e+06 4.20258e+06
8.28395e+06 4.08103e+06
8.28396e+06 4.08104e+06
1.00909e+07 1.80694e+06
1.01133e+07 1.8293e+06
1.30265e+07 2.93563e+06
1.30366e+07 2.94571e+06
1.30833e+07 2.97006e+06
1.58442e+07 2.81768e+06
1.58666e+07 2.82996e+06
1.60246e+07 2.98803e+06
1.60246e+07 2.94132e+06
2.15862e+07 5.74204e+06
2.15862e+07 5.71969e+06
2.16757e+07 5.65104e+06
2.17763e+07 5.75162e+06
2.18769e+07 5.85221e+06
2.5572e+07 3.98571e+06
2.5572e+07 3.98571e+06
2.58179e+07 4.14218e+06
2.59073e+07 4.13102e+06
2.59632e+07 4.08632e+06
2.59632e+07 4.08632e+06
3.00839e+07 4.51191e+06
3.0218e+07 4.64603e+06
3.04304e+07 4.61251e+06
3.08327e+07 4.92542e+06
3.08327e+07 4.86954e+06
3.09221e+07 4.95895e+06
3.09221e+07 4.95896e+06
3.32919e+07 3.208e+06
3.33925e+07 3.17449e+06
3.34484e+07 3.01801e+06
3.38284e+07 2.99567e+06
3.39178e+07 3.08508e+06
3.40743e+07 3.15214e+06
3.43649e+07 3.44274e+06
3.85633e+07 5.2714e+06
3.8608e+07 5.31613e+06
3.86527e+07 5.26022e+06
3.86527e+07 5.20434e+06
3.8798e+07 4.96968e+06
3.88428e+07 4.92502e+06
3.88428e+07 4.76855e+06
3.89099e+07 4.54501e+06
4.39151e+07 5.35183e+06
4.3938e+07 5.32999e+06
4.3938e+07 5.33e+06
4.3938e+07 5.28529e+06
4.3938e+07 5.28529e+06
4.39939e+07 5.19584e+06
4.41504e+07 5.30759e+06
4.41504e+07 5.30761e+06
4.41616e+07 5.25171e+06
5.03934e+07 6.47826e+06
5.04157e+07 6.47775e+06
5.04157e+07 6.47775e+06
5.04157e+07 6.47775e+06
5.04158e+07 6.47776e+06
5.04158e+07 6.47776e+06
5.04158e+07 6.42188e+06
5.05022e+07 6.35185e+06
5.05832e+07 6.43277e+06
5.05832e+07 6.4216e+06
5.71792e+07 6.78579e+06
5.72003e+07 6.78457e+06
5.72003e+07 6.78458e+06
5.72003e+07 6.78458e+06
5.72003e+07 6.78458e+06
5.72127e+07 6.79698e+06
5.72227e+07 6.80694e+06
5.72455e+07 6.82969e+06
5.73684e+07 6.86619e+06
5.74534e+07 6.87024e+06
5.74803e+07 6.89709e+06
6.46374e+07 7.45822e+06
6.46485e+07 7.44822e+06
6.46607e+07 7.46038e+06
6.46816e+07 7.48127e+06
6.46963e+07 7.49593e+06
6.47298e+07 7.51707e+06
6.47298e+07 7.50712e+06
6.4739e+07 7.51626e+06
6.48175e+07 7.57202e+06
6.48975e+07 7.52904e+06
6.49869e+07 7.5335e+06
6.49869e+07 7.50665e+06
7.27234e+07 8.08599e+06
7.2748e+07 8.09951e+06
7.27816e+07 8.12088e+06
7.28047e+07 8.12313e+06
7.28047e+07 8.10847e+06
7.28047e+07 8.07493e+06
7.28352e+07 8.10536e+06
7.28686e+07 8.12963e+06
7.28686e+07 8.12964e+06
7.3061e+07 8.2435e+06
7.30946e+07 8.19711e+06
7.3117e+07 8.13003e+06
7.3117e+07 8.13003e+06
8.11126e+07 8.38923e+06
8.1135e+07 8.38695e+06
8.1135e+07 8.35341e+06
8.1135e+07 8.33028e+06
8.1135e+07 8.33028e+06
8.1135e+07 8.33028e+06
8.12223e+07 8.38717e+06
8.13666e+07 8.498e+06
8.13666e+07 8.49801e+06
8.13666e+07 8.49802e+06
8.15154e+07 8.45445e+06
8.15683e+07 8.47368e+06
8.16018e+07 8.48488e+06
8.16131e+07 8.49612e+06
9.03241e+07 9.21148e+06
9.03241e+07 9.18914e+06
9.03364e+07 9.20142e+06
9.03836e+07 9.24864e+06
9.03836e+07 9.24864e+06
9.04141e+07 9.27903e+06
9.04141e+07 9.19172e+06
9.04592e+07 9.09261e+06
9.04731e+07 9.10653e+06
9.04732e+07 9.10653e+06
9.07839e+07 9.2685e+06
9.0795e+07 9.27957e+06
9.09172e+07 9.34892e+06
9.09538e+07 9.35194e+06
9.09538e+07 9.3407e+06
1.00288e+08 9.96432e+06
1.003e+08 9.97545e+06
1.00312e+08 9.97584e+06
1.00337e+08 9.95286e+06
1.00337e+08 9.95286e+06
1.00337e+08 9.92247e+06
1.00337e+08 9.92247e+06
1.00368e+08 9.90892e+06
1.00368e+08 9.89499e+06
1.00368e+08 9.89499e+06
1.00591e+08 9.80751e+06
1.00591e+08 9.79644e+06
1.00591e+08 9.79645e+06
1.00758e+08 9.84084e+06
1.00881e+08 9.92763e+06
1.00881e+08 9.92763e+06
1.10849e+08 1.05601e+07
1.10869e+08 1.05697e+07
1.10911e+08 1.05988e+07
1.10912e+08 1.05756e+07
1.10946e+08 1.06092e+07
1.10946e+08 1.06092e+07
1.10946e+08 1.06092e+07
1.10968e+08 1.05999e+07
1.10968e+08 1.06e+07
1.10968e+08 1.06e+07
1.11136e+08 1.05443e+07
1.11148e+08 1.05569e+07
1.11148e+08 1.05569e+07
1.11326e+08 1.05683e+07
1.11338e+08 1.05795e+07
1.11472e+08 1.05903e+07
1.11472e+08 1.05903e+07
1.21883e+08 1.10346e+07
1.21917e+08 1.10475e+07
1.21939e+08 1.10277e+07
1.21939e+08 1.10265e+07
1.2195e+08 1.10042e+07
1.2195e+08 1.10042e+07
1.21976e+08 1.103e+07
1.21983e+08 1.10154e+07
1.21983e+08 1.10153e+07
1.22006e+08 1.10377e+07
1.22174e+08 1.10382e+07
1.22174e+08 1.10256e+07
1.22174e+08 1.10256e+07
1.22482e+08 1.11555e+07
1.22504e+08 1.11667e+07
1.22504e+08 1.11667e+07
1.22565e+08 1.10935e+07
1.22565e+08 1.10935e+07
1.33535e+08 1.16523e+07
1.3358e+08 1.16635e+07
1.33595e+08 1.16562e+07
1.33614e+08 1.16757e+07
1.33626e+08 1.16757e+07
1.33626e+08 1.16757e+07
1.33647e+08 1.16717e+07
1.3367e+08 1.16863e+07
1.33703e+08 1.17198e+07
1.33714e+08 1.17086e+07
1.33989e+08 1.18152e+07
1.33989e+08 1.18152e+07
1.34e+08 1.18263e+07
1.34196e+08 1.1714e+07
1.34229e+08 1.17249e+07
1.34263e+08 1.17584e+07
1.34363e+08 1.17981e+07
1.34386e+08 1.18205e+07
1.34386e+08 1.18205e+07
1.45825e+08 1.22896e+07
1.45836e+08 1.22562e+07
1.4586e+08 1.22651e+07
1.4586e+08 1.22456e+07
1.4586e+08 1.22344e+07
1.4586e+08 1.22344e+07
1.45871e+08 1.22238e+07
1.45871e+08 1.22015e+07
1.45882e+08 1.21784e+07
1.45893e+08 1.21784e+07
1.46302e+08 1.23126e+07
1.46346e+08 1.23573e+07
1.46358e+08 1.23573e+07
1.46556e+08 1.23599e+07
1.46676e+08 1.24467e+07
1.46676e+08 1.24132e+07
1.46799e+08 1.24355e+07
1.4681e+08 1.24244e+07
1.46832e+08 1.24467e+07
1.46832e+08 1.24467e+07
1.58742e+08 1.29166e+07
1.58742e+08 1.29054e+07
1.58742e+08 1.28819e+07
1.58742e+08 1.28819e+07
1.58742e+08 1.28819e+07
1.58742e+08 1.28819e+07
1.58742e+08 1.28708e+07
1.58742e+08 1.28708e+07
1.58742e+08 1.28603e+07
1.58742e+08 1.28491e+07
1.5917e+08 1.28686e+07
1.5917e+08 1.28239e+07
1.59193e+08 1.2835e+07
1.59493e+08 1.29372e+07
1.59629e+08 1.29528e+07
1.59651e+08 1.29752e+07
1.59772e+08 1.29729e+07
1.59828e+08 1.30176e+07
1.59872e+08 1.304e+07
1.59895e+08 1.30623e+07
1.59895e+08 1.30623e+07
1.72184e+08 1.34425e+07
1.72195e+08 1.34536e+07
1.72196e+08 1.34537e+07
1.72196e+08 1.34537e+07
1.72196e+08 1.34537e+07
1.72196e+08 1.34537e+07
1.72196e+08 1.34537e+07
1.72196e+08 1.34537e+07
1.72196e+08 1.34537e+07
1.72196e+08 1.34537e+07
1.72341e+08 1.31708e+07
1.72341e+08 1.31708e+07
1.72352e+08 1.31597e+07
1.72828e+08 1.33349e+07
1.729e+08 1.32711e+07
1.72922e+08 1.32711e+07
1.73197e+08 1.34248e+07
1.7332e+08 1.34919e+07
1.73398e+08 1.35254e+07
1.73398e+08 1.3503e+07
1.73398e+08 1.3503e+07
1.73398e+08 1.35031e+07
1.85531e+08 1.33467e+07
1.85564e+08 1.3369e+07
1.85576e+08 1.33802e+07
1.85576e+08 1.33802e+07
1.85576e+08 1.33802e+07
1.85576e+08 1.33802e+07
1.85576e+08 1.33802e+07
1.85576e+08 1.33802e+07
1.85576e+08 1.33802e+07
1.85576e+08 1.33802e+07
1.8571e+08 1.33691e+07
1.8571e+08 1.3369e+07
1.85721e+08 1.3369e+07
1.86186e+08 1.33586e+07
1.8632e+08 1.34197e+07
1.86359e+08 1.34372e+07
1.86521e+08 1.33241e+07
1.86672e+08 1.33521e+07
1.86705e+08 1.33074e+07
1.8675e+08 1.33522e+07
1.86795e+08 1.33969e+07
1.86795e+08 1.33969e+07
1.99453e+08 1.39223e+07
1.99453e+08 1.39224e+07
1.99464e+08 1.39e+07
1.99476e+08 1.39e+07
1.99476e+08 1.39e+07
1.99476e+08 1.39e+07
1.99476e+08 1.39e+07
1.99476e+08 1.39e+07
1.99476e+08 1.39e+07
1.99476e+08 1.39e+07
1.99476e+08 1.39e+07
1.99824e+08 1.41139e+07
1.99824e+08 1.41139e+07
1.99824e+08 1.41027e+07
2.00671e+08 1.44842e+07
2.01073e+08 1.47537e+07
2.01073e+08 1.47139e+07
2.01129e+08 1.46084e+07
2.01196e+08 1.45245e+07
2.01219e+08 1.45133e+07
2.01319e+08 1.45691e+07
2.0142e+08 1.4625e+07
2.01442e+08 1.46474e+07
2.14246e+08 1.4793e+07
2.14246e+08 1.4793e+07
2.14246e+08 1.4793e+07
2.14257e+08 1.4793e+07
2.14257e+08 1.47817e+07
2.14257e+08 1.47817e+07
2.14258e+08 1.47818e+07
2.14258e+08 1.47818e+07
2.14258e+08 1.47818e+07
2.14258e+08 1.47818e+07
2.14258e+08 1.47818e+07
2.14258e+08 1.47819e+07
2.14493e+08 1.46687e+07
2.14493e+08 1.46687e+07
2.14493e+08 1.46687e+07
2.15413e+08 1.47426e+07
2.15603e+08 1.45302e+07
2.15603e+08 1.45302e+07
2.15603e+08 1.44744e+07
2.15648e+08 1.4452e+07
2.15648e+08 1.44296e+07
2.15682e+08 1.43626e+07
2.15727e+08 1.43068e+07
2.15794e+08 1.43515e+07
2.29369e+08 1.51229e+07
2.29369e+08 1.51229e+07
2.29369e+08 1.51229e+07
2.29369e+08 1.51118e+07
2.29369e+08 1.51118e+07
2.29369e+08 1.51117e+07
2.29369e+08 1.51117e+07
2.29369e+08 1.51118e+07
2.29369e+08 1.51118e+07
2.29369e+08 1.51117e+07
2.29369e+08 1.51117e+07
2.29369e+08 1.51117e+07
2.29369e+08 1.51118e+07
2.297e+08 1.52074e+07
2.29711e+08 1.52185e+07
2.29744e+08 1.52509e+07
2.30902e+08 1.54886e+07
2.30902e+08 1.52986e+07
2.30902e+08 1.52986e+07
2.30902e+08 1.52986e+07
2.30947e+08 1.52986e+07
2.30947e+08 1.52986e+07
2.30958e+08 1.52762e+07
2.31047e+08 1.53209e+07
2.31114e+08 1.53209e+07
2.45249e+08 1.58801e+07
2.45249e+08 1.58801e+07
2.45249e+08 1.58801e+07
2.45249e+08 1.58801e+07
2.45249e+08 1.58801e+07
2.45249e+08 1.58801e+07
2.45249e+08 1.58801e+07
2.45249e+08 1.58801e+07
2.45249e+08 1.58801e+07
2.45249e+08 1.58801e+07
2.45249e+08 1.58801e+07
2.45249e+08 1.58801e+07
2.45249e+08 1.58801e+07
2.4525e+08 1.58801e+07
2.45535e+08 1.58352e+07
2.45546e+08 1.58342e+07
2.45591e+08 1.58477e+07
2.46548e+08 1.56465e+07
2.46571e+08 1.56688e+07
2.46582e+08 1.568e+07
2.46582e+08 1.568e+07
2.46638e+08 1.56912e+07
2.4666e+08 1.57135e+07
2.46716e+08 1.57582e+07
2.46716e+08 1.56688e+07
2.4675e+08 1.56353e+07
2.61477e+08 1.6228e+07
2.61477e+08 1.6228e+07
2.61477e+08 1.6228e+07
2.61477e+08 1.6228e+07
2.61477e+08 1.6228e+07
2.61477e+08 1.6228e+07
2.61477e+08 1.6228e+07
2.61477e+08 1.62281e+07
2.61477e+08 1.62281e+07
2.61477e+08 1.6228e+07
2.61477e+08 1.6228e+07
2.61477e+08 1.6228e+07
2.61477e+08 1.6228e+07
2.61489e+08 1.62392e+07
2.615e+08 1.62504e+07
2.62304e+08 1.67687e+07
2.62304e+08 1.67586e+07
2.62438e+08 1.68468e+07
2.6321e+08 1.66613e+07
2.6321e+08 1.66389e+07
2.6321e+08 1.66277e+07
2.63232e+08 1.66501e+07
2.63232e+08 1.65942e+07
2.63266e+08 1.66054e+07
2.63266e+08 1.65495e+07
2.63288e+08 1.65719e+07
2.63389e+08 1.66389e+07
2.78552e+08 1.70751e+07
2.78552e+08 1.70751e+07
2.78552e+08 1.70751e+07
2.78553e+08 1.70752e+07
2.78553e+08 1.70752e+07
2.78553e+08 1.70752e+07
2.78553e+08 1.70752e+07
2.78564e+08 1.70864e+07
2.78564e+08 1.70864e+07
2.78564e+08 1.70864e+07
2.78564e+08 1.70864e+07
2.78564e+08 1.70864e+07
2.78586e+08 1.71087e+07
2.78586e+08 1.71087e+07
2.7862e+08 1.71311e+07
2.7862e+08 1.71199e+07
2.79602e+08 1.72983e+07
2.79602e+08 1.72983e+07
2.79681e+08 1.72424e+07
2.8015e+08 1.69405e+07
2.8015e+08 1.69405e+07
2.80161e+08 1.69517e+07
2.80195e+08 1.69629e+07
2.8024e+08 1.70076e+07
2.8034e+08 1.70747e+07
2.80407e+08 1.71418e+07
2.80486e+08 1.71977e+07
2.80575e+08 1.71865e+07
2.95985e+08 1.74327e+07
2.95985e+08 1.74327e+07
2.95985e+08 1.74327e+07
2.95985e+08 1.74327e+07
2.95985e+08 1.74327e+07
2.95985e+08 1.74327e+07
2.95985e+08 1.74327e+07
2.96019e+08 1.74551e+07
2.96019e+08 1.74551e+07
2.96019e+08 1.74551e+07
2.9603e+08 1.74663e+07
2.9603e+08 1.74663e+07
2.9603e+08 1.74663e+07
2.96075e+08 1.74886e+07
2.96075e+08 1.74886e+07
2.96075e+08 1.74551e+07
2.96086e+08 1.74663e+07
2.97464e+08 1.78617e+07
2.97486e+08 1.7884e+07
2.97576e+08 1.78952e+07
2.97811e+08 1.76604e+07
2.97833e+08 1.76828e+07
2.97867e+08 1.77051e+07
2.97889e+08 1.7694e+07
2.97923e+08 1.76828e+07
2.97934e+08 1.75934e+07
2.97945e+08 1.75375e+07
2.98247e+08 1.77611e+07
2.98258e+08 1.76828e+07
3.14193e+08 1.82085e+07
3.14193e+08 1.82084e+07
3.14193e+08 1.82084e+07
3.14194e+08 1.82085e+07
3.14194e+08 1.82084e+07
3.14205e+08 1.82197e+07
3.14205e+08 1.82197e+07
3.14238e+08 1.82196e+07
3.14238e+08 1.82196e+07
3.14238e+08 1.82196e+07
3.14272e+08 1.82419e+07
3.14272e+08 1.8242e+07
3.14272e+08 1.8242e+07
3.14272e+08 1.8242e+07
3.14294e+08 1.82196e+07
3.14294e+08 1.82196e+07
3.14294e+08 1.82196e+07
3.14306e+08 1.82196e+07
3.15715e+08 1.82506e+07
3.15715e+08 1.82283e+07
3.15759e+08 1.81836e+07
3.15938e+08 1.81277e+07
3.15938e+08 1.81053e+07
3.15961e+08 1.80941e+07
3.15961e+08 1.80718e+07
3.16039e+08 1.81165e+07
3.16039e+08 1.81053e+07
3.16073e+08 1.81277e+07
3.1624e+08 1.79936e+07
3.1624e+08 1.79824e+07
3.32925e+08 1.87315e+07
3.32925e+08 1.87315e+07
3.32925e+08 1.87316e+07
3.32936e+08 1.87427e+07
3.32948e+08 1.87539e+07
3.3297e+08 1.8765e+07
3.3297e+08 1.8765e+07
3.3302e+08 1.87815e+07
3.3302e+08 1.87815e+07
3.33033e+08 1.87946e+07
3.33065e+08 1.87927e+07
3.33065e+08 1.87927e+07
3.33089e+08 1.88168e+07
3.33089e+08 1.88168e+07
3.33089e+08 1.88168e+07
3.33206e+08 1.89113e+07
3.33206e+08 1.89113e+07
3.33217e+08 1.89225e+07
3.33217e+08 1.89113e+07
3.3457e+08 1.8855e+07
3.3457e+08 1.8855e+07
3.34581e+08 1.88215e+07
3.34693e+08 1.87544e+07
3.34693e+08 1.87544e+07
3.34693e+08 1.8732e+07
3.34693e+08 1.8732e+07
3.34838e+08 1.87991e+07
3.34838e+08 1.87991e+07
3.34894e+08 1.88214e+07
3.35028e+08 1.87879e+07
3.35028e+08 1.87879e+07
3.52283e+08 1.93582e+07
3.52283e+08 1.93582e+07
3.52283e+08 1.93582e+07
3.52306e+08 1.93694e+07
3.52328e+08 1.93806e+07
3.52339e+08 1.93694e+07
3.52351e+08 1.93806e+07
3.52441e+08 1.94209e+07
3.52441e+08 1.94208e+07
3.52441e+08 1.94077e+07
3.52445e+08 1.93804e+07
3.52474e+08 1.94095e+07
3.52474e+08 1.93854e+07
3.5248e+08 1.9391e+07
3.52491e+08 1.9402e+07
3.52519e+08 1.94301e+07
3.52664e+08 1.94587e+07
3.52676e+08 1.94698e+07
3.52676e+08 1.94587e+07
3.52676e+08 1.94587e+07
3.53902e+08 1.93328e+07
3.53947e+08 1.93775e+07
3.54025e+08 1.94445e+07
3.5407e+08 1.93775e+07
3.5407e+08 1.93774e+07
3.5407e+08 1.93774e+07
3.5407e+08 1.93774e+07
3.5416e+08 1.93215e+07
3.54171e+08 1.93327e+07
3.54182e+08 1.9288e+07
3.54383e+08 1.93551e+07
3.5445e+08 1.94221e+07
3.72186e+08 1.99029e+07
3.72186e+08 1.99029e+07
3.72186e+08 1.9903e+07
3.72304e+08 1.99982e+07
3.72326e+08 1.99982e+07
3.72326e+08 1.9987e+07
3.72338e+08 1.9987e+07
3.72407e+08 1.99661e+07
3.72407e+08 1.99661e+07
3.72425e+08 1.99842e+07
3.72425e+08 1.99799e+07
3.72459e+08 1.99843e+07
3.72481e+08 2.0007e+07
3.72515e+08 2.0035e+07
3.72515e+08 2.00239e+07
3.72554e+08 2.00355e+07
3.72571e+08 2.00525e+07
3.72608e+08 1.99438e+07
3.72631e+08 1.9955e+07
3.72731e+08 2.00555e+07
3.72749e+08 2.00734e+07
3.73916e+08 2.00136e+07
3.73916e+08 1.99689e+07
3.74015e+08 1.99896e+07
3.74127e+08 2.00567e+07
3.74127e+08 2.00567e+07
3.74127e+08 2.00567e+07
3.74149e+08 2.00791e+07
3.74239e+08 2.00791e+07
3.74339e+08 2.01686e+07
3.74339e+08 2.01574e+07
3.74462e+08 2.0079e+07
3.74462e+08 2.0012e+07
3.92724e+08 2.05375e+07
3.92724e+08 2.05375e+07
3.92724e+08 2.05375e+07
3.92822e+08 2.05183e+07
3.92822e+08 2.04959e+07
3.92822e+08 2.04959e+07
3.92822e+08 2.04848e+07
3.92925e+08 2.05179e+07
3.92925e+08 2.05179e+07
3.92925e+08 2.04999e+07
3.9297e+08 2.05446e+07
3.92981e+08 2.05223e+07
3.92992e+08 2.05108e+07
3.93006e+08 2.04916e+07
3.93058e+08 2.05434e+07
3.93158e+08 2.06033e+07
3.93169e+08 2.05975e+07
3.93191e+08 2.06198e+07
3.93214e+08 2.06053e+07
3.9336e+08 2.07291e+07
3.93382e+08 2.06508e+07
3.93416e+08 2.06665e+07
3.94539e+08 2.06226e+07
3.9455e+08 2.06338e+07
3.94673e+08 2.06578e+07
3.94751e+08 2.06243e+07
3.94852e+08 2.07249e+07
3.94863e+08 2.07361e+07
3.94941e+08 2.0792e+07
3.94941e+08 2.07026e+07
3.9512e+08 2.07808e+07
3.9512e+08 2.07808e+07
3.9512e+08 2.06578e+07
3.9512e+08 2.06578e+07
4.13862e+08 2.11387e+07
4.13862e+08 2.11387e+07
4.13874e+08 2.11499e+07
4.14019e+08 2.11969e+07
4.14019e+08 2.11969e+07
4.1403e+08 2.12081e+07
4.1403e+08 2.12081e+07
4.14042e+08 2.11168e+07
4.14042e+08 2.11168e+07
4.14071e+08 2.11462e+07
4.14071e+08 2.11015e+07
4.14116e+08 2.11349e+07
4.14165e+08 2.11729e+07
4.14204e+08 2.1198e+07
4.14216e+08 2.11583e+07
4.14473e+08 2.13158e+07
4.14473e+08 2.13046e+07
4.14473e+08 2.12823e+07
4.14473e+08 2.12599e+07
4.14473e+08 2.12599e+07
4.1463e+08 2.12704e+07
4.1463e+08 2.1248e+07
4.1463e+08 2.12145e+07
4.15742e+08 2.12033e+07
4.15764e+08 2.12146e+07
4.15887e+08 2.12145e+07
4.16133e+08 2.13822e+07
4.16145e+08 2.12928e+07
4.16145e+08 2.12816e+07
4.16156e+08 2.12145e+07
4.16156e+08 2.12145e+07
4.1629e+08 2.11698e+07
4.1629e+08 2.11698e+07
4.16301e+08 2.1181e+07
4.16301e+08 2.1181e+07
4.35636e+08 2.17737e+07
4.35636e+08 2.17737e+07
4.35681e+08 2.18071e+07
4.35815e+08 2.1796e+07
4.35815e+08 2.1796e+07
4.35838e+08 2.18072e+07
4.35849e+08 2.18184e+07
4.3586e+08 2.18184e+07
4.3586e+08 2.18184e+07
4.35871e+08 2.18002e+07
4.35871e+08 2.18002e+07
4.35882e+08 2.17667e+07
4.35905e+08 2.174e+07
4.36039e+08 2.18347e+07
4.36073e+08 2.18562e+07
4.36296e+08 2.18228e+07
4.36296e+08 2.18228e+07
4.36296e+08 2.18228e+07
4.36296e+08 2.18228e+07
4.36296e+08 2.18228e+07
4.36296e+08 2.18228e+07
4.36308e+08 2.16775e+07
4.36319e+08 2.16887e+07
4.36319e+08 2.16887e+07
4.37471e+08 2.1729e+07
4.37527e+08 2.17625e+07
4.37538e+08 2.16507e+07
4.37874e+08 2.17402e+07
4.38008e+08 2.18631e+07
4.38008e+08 2.18631e+07
4.38019e+08 2.18631e+07
4.38019e+08 2.18631e+07
4.38064e+08 2.17737e+07
4.38064e+08 2.17737e+07
4.38097e+08 2.1796e+07
4.38097e+08 2.1796e+07
4.5807e+08 2.24335e+07
4.5807e+08 2.24335e+07
4.58081e+08 2.23999e+07
4.58137e+08 2.23217e+07
4.58171e+08 2.23553e+07
4.58171e+08 2.2333e+07
4.58171e+08 2.23218e+07
4.58215e+08 2.23553e+07
4.58238e+08 2.23777e+07
4.58305e+08 2.24336e+07
4.58327e+08 2.2456e+07
4.58327e+08 2.24448e+07
4.58584e+08 2.26795e+07
4.58719e+08 2.26795e+07
4.58719e+08 2.26459e+07
4.58741e+08 2.24447e+07
4.58741e+08 2.24447e+07
4.58763e+08 2.24671e+07
4.58763e+08 2.24671e+07
4.58763e+08 2.24671e+07
4.58763e+08 2.24671e+07
4.58797e+08 2.24895e+07
4.58808e+08 2.25006e+07
4.58808e+08 2.24895e+07
4.58842e+08 2.2523e+07
4.59793e+08 2.23216e+07
4.59837e+08 2.23104e+07
4.59837e+08 2.22992e+07
4.6005e+08 2.21762e+07
4.60095e+08 2.20868e+07
4.60095e+08 2.20868e+07
4.60195e+08 2.21762e+07
4.60218e+08 2.21986e+07
4.60296e+08 2.22321e+07
4.60296e+08 2.22321e+07
4.60341e+08 2.22433e+07
4.60341e+08 2.22433e+07
4.80984e+08 2.29142e+07
4.80995e+08 2.29254e+07
4.81006e+08 2.29254e+07
4.81018e+08 2.28807e+07
4.81051e+08 2.28807e+07
4.81051e+08 2.28807e+07
4.81063e+08 2.28919e+07
4.81197e+08 2.29814e+07
4.81264e+08 2.30262e+07
4.8132e+08 2.3015e+07
4.81409e+08 2.3082e+07
4.81409e+08 2.3082e+07
4.81655e+08 2.30708e+07
4.81678e+08 2.29591e+07
4.817e+08 2.29814e+07
4.817e+08 2.2959e+07
4.817e+08 2.2959e+07
4.817e+08 2.29367e+07
4.817e+08 2.29367e+07
4.817e+08 2.29367e+07
4.817e+08 2.29367e+07
4.81722e+08 2.29254e+07
4.81734e+08 2.29255e+07
4.81734e+08 2.29255e+07
4.81745e+08 2.29366e+07
4.81756e+08 2.29143e+07
4.82729e+08 2.29367e+07
4.82729e+08 2.2892e+07
4.82729e+08 2.2892e+07
4.83042e+08 2.29925e+07
4.83087e+08 2.29925e+07
4.83087e+08 2.29925e+07
4.83087e+08 2.28919e+07
4.83087e+08 2.28696e+07
4.83087e+08 2.27913e+07
4.83087e+08 2.27913e+07
4.83109e+08 2.27689e+07
4.8311e+08 2.27689e+07
5.04535e+08 2.35516e+07
5.04535e+08 2.35405e+07
5.04535e+08 2.35293e+07
5.04637e+08 2.36188e+07
5.04648e+08 2.35964e+07
5.04681e+08 2.363e+07
5.04681e+08 2.36188e+07
5.04927e+08 2.37305e+07
5.05061e+08 2.37975e+07
5.05061e+08 2.37416e+07
5.05061e+08 2.36522e+07
5.05084e+08 2.36746e+07
5.05263e+08 2.36077e+07
5.05285e+08 2.36077e+07
5.05285e+08 2.35853e+07
5.05285e+08 2.35853e+07
5.05285e+08 2.35853e+07
5.05285e+08 2.35853e+07
5.05285e+08 2.35853e+07
5.05285e+08 2.35853e+07
5.05285e+08 2.35853e+07
5.05285e+08 2.35629e+07
5.0533e+08 2.35965e+07
5.0533e+08 2.35965e+07
5.0533e+08 2.35965e+07
5.0533e+08 2.35853e+07
5.05352e+08 2.35965e+07
5.06203e+08 2.34735e+07
5.06203e+08 2.34735e+07
5.06203e+08 2.34735e+07
5.06348e+08 2.33059e+07
5.06442e+08 2.33549e+07
5.06442e+08 2.33549e+07
5.06453e+08 2.33661e+07
5.06453e+08 2.33661e+07
5.06464e+08 2.33773e+07
5.06487e+08 2.33997e+07
5.06487e+08 2.33773e+07
5.06487e+08 2.33773e+07
5.28416e+08 2.38805e+07
5.28438e+08 2.39029e+07
5.28461e+08 2.39252e+07
5.28517e+08 2.38806e+07
5.28517e+08 2.38694e+07
5.28662e+08 2.39811e+07
5.28685e+08 2.40035e+07
5.28808e+08 2.38806e+07
5.28998e+08 2.39365e+07
5.28998e+08 2.39365e+07
5.28998e+08 2.39365e+07
5.29032e+08 2.39477e+07
5.29266e+08 2.40035e+07
5.29266e+08 2.39812e+07
5.29266e+08 2.39812e+07
5.29266e+08 2.39812e+07
5.29266e+08 2.39812e+07
5.29267e+08 2.39812e+07
5.29267e+08 2.39812e+07
5.29278e+08 2.39924e+07
5.29278e+08 2.39924e+07
5.29278e+08 2.39924e+07
5.293e+08 2.397e+07
5.293e+08 2.397e+07
5.293e+08 2.397e+07
5.293e+08 2.397e+07
5.293e+08 2.397e+07
5.29323e+08 2.39701e+07
5.30039e+08 2.38361e+07
5.30096e+08 2.38933e+07
5.30152e+08 2.39492e+07
5.30286e+08 2.3938e+07
5.30374e+08 2.39322e+07
5.30374e+08 2.39322e+07
5.30515e+08 2.40617e+07
5.30537e+08 2.4084e+07
5.30548e+08 2.4084e+07
5.3056e+08 2.40729e+07
5.30582e+08 2.40952e+07
5.30616e+08 2.41288e+07
5.53055e+08 2.46395e+07
5.53055e+08 2.46172e+07
5.53055e+08 2.45948e+07
5.53291e+08 2.47737e+07
5.53291e+08 2.47737e+07
5.5338e+08 2.47178e+07
5.5338e+08 2.46955e+07
5.53436e+08 2.46284e+07
5.53626e+08 2.46284e+07
5.53626e+08 2.46284e+07
5.53626e+08 2.46284e+07
5.53649e+08 2.46172e+07
5.53884e+08 2.46173e+07
5.53884e+08 2.46173e+07
5.53884e+08 2.46173e+07
5.53884e+08 2.46173e+07
5.53884e+08 2.46173e+07
5.53884e+08 2.46173e+07
5.53884e+08 2.46173e+07
5.53895e+08 2.46173e+07
5.53895e+08 2.46173e+07
5.53895e+08 2.46173e+07
5.53895e+08 2.4595e+07
5.53895e+08 2.4595e+07
5.53895e+08 2.4595e+07
5.53895e+08 2.4595e+07
5.53906e+08 2.46061e+07
5.53906e+08 2.46062e+07
5.5394e+08 2.46174e+07
5.54637e+08 2.45986e+07
5.54671e+08 2.45749e+07
5.54738e+08 2.45861e+07
5.54928e+08 2.4642e+07
5.54973e+08 2.45987e+07
5.54973e+08 2.45987e+07
5.55018e+08 2.45027e+07
5.55018e+08 2.44803e+07
5.55107e+08 2.45586e+07
5.55118e+08 2.45585e+07
5.55129e+08 2.45474e+07
5.55141e+08 2.4525e+07
5.78184e+08 2.51285e+07
5.78184e+08 2.51285e+07
5.78184e+08 2.51285e+07
5.78442e+08 2.51509e+07
5.78442e+08 2.51509e+07
5.78464e+08 2.50839e+07
5.78464e+08 2.50839e+07
5.78542e+08 2.51062e+07
5.78632e+08 2.50057e+07
5.78632e+08 2.50057e+07
5.78632e+08 2.50057e+07
5.78654e+08 2.50057e+07
5.79035e+08 2.51509e+07
5.79035e+08 2.51509e+07
5.79046e+08 2.51621e+07
5.79046e+08 2.51621e+07
5.79046e+08 2.51621e+07
5.79046e+08 2.51621e+07
5.79046e+08 2.51621e+07
5.79046e+08 2.5151e+07
5.79046e+08 2.5151e+07
5.79046e+08 2.5151e+07
5.79046e+08 2.51509e+07
5.79046e+08 2.51509e+07
5.79046e+08 2.51509e+07
5.79046e+08 2.51509e+07
5.79046e+08 2.51398e+07
5.79046e+08 2.51398e+07
5.79147e+08 2.52069e+07
5.79158e+08 2.52181e+07
5.79654e+08 2.50167e+07
5.79654e+08 2.49831e+07
5.79709e+08 2.49713e+07
5.79888e+08 2.496e+07
5.79902e+08 2.49292e+07
5.79924e+08 2.49515e+07
5.79924e+08 2.49068e+07
5.79924e+08 2.49068e+07
5.79924e+08 2.48174e+07
5.79936e+08 2.48174e+07
5.7999e+08 2.48603e+07
5.80169e+08 2.50279e+07
6.03892e+08 2.57084e+07
6.03904e+08 2.57196e+07
6.03904e+08 2.57196e+07
6.04173e+08 2.57307e+07
6.04195e+08 2.57531e+07
6.04251e+08 2.57866e+07
6.04251e+08 2.57866e+07
6.04329e+08 2.57867e+07
6.04508e+08 2.58761e+07
6.0453e+08 2.58984e+07
6.0453e+08 2.58984e+07
6.04553e+08 2.58985e+07
6.04788e+08 2.57532e+07
6.04788e+08 2.57532e+07
6.04799e+08 2.57532e+07
6.04799e+08 2.57532e+07
6.04799e+08 2.57532e+07
6.04799e+08 2.57532e+07
6.04799e+08 2.57532e+07
6.04799e+08 2.57532e+07
6.04799e+08 2.57532e+07
6.04799e+08 2.57532e+07
6.04799e+08 2.57532e+07
6.04799e+08 2.57532e+07
6.04799e+08 2.57532e+07
6.04799e+08 2.57532e+07
6.04799e+08 2.57532e+07
6.04799e+08 2.57532e+07
6.04922e+08 2.57755e+07
6.04922e+08 2.57644e+07
6.04922e+08 2.57644e+07
6.05504e+08 2.585e+07
6.05509e+08 2.58549e+07
6.05588e+08 2.58789e+07
6.05761e+08 2.5873e+07
6.05761e+08 2.58592e+07
6.05772e+08 2.5848e+07
6.05772e+08 2.5848e+07
6.05772e+08 2.5848e+07
6.05806e+08 2.58815e+07
6.05884e+08 2.59486e+07
6.05884e+08 2.58946e+07
6.05907e+08 2.57381e+07
6.28718e+08 2.48261e+07
6.28797e+08 2.48932e+07
6.28953e+08 2.50497e+07
6.3006e+08 2.58879e+07
6.3006e+08 2.58655e+07
6.3006e+08 2.58097e+07
6.30072e+08 2.58209e+07
6.30139e+08 2.58097e+07
6.30161e+08 2.56531e+07
6.30161e+08 2.56308e+07
6.30161e+08 2.56308e+07
6.30161e+08 2.56085e+07
6.30218e+08 2.54297e+07
6.30229e+08 2.54409e+07
6.30229e+08 2.54297e+07
6.30229e+08 2.54297e+07
6.30229e+08 2.54297e+07
6.30251e+08 2.5452e+07
6.30262e+08 2.54632e+07
6.30274e+08 2.54744e+07
6.30307e+08 2.55079e+07
6.30318e+08 2.55191e+07
6.30318e+08 2.55191e+07
6.30341e+08 2.55415e+07
6.30341e+08 2.55415e+07
6.30341e+08 2.55415e+07
6.30341e+08 2.55415e+07
6.30341e+08 2.55415e+07
6.30341e+08 2.54189e+07
6.30341e+08 2.54189e+07
6.30341e+08 2.54189e+07
6.30409e+08 2.49048e+07
6.30409e+08 2.49048e+07
6.30409e+08 2.49e+07
6.30409e+08 2.48208e+07
6.30409e+08 2.46478e+07
6.30409e+08 2.46478e+07
6.30409e+08 2.46367e+07
6.30409e+08 2.46367e+07
6.30409e+08 2.46367e+07
6.30409e+08 2.46032e+07
6.30409e+08 2.45249e+07
6.30409e+08 2.45249e+07
6.30409e+08 2.45026e+07
6.31642e+08 2.92326e+06
6.31642e+08 2.84495e+06
6.31642e+08 2.6885e+06
