5.35222e+06 5.35124e+06
8.33405e+06 2.98183e+06
8.34523e+06 2.99301e+06
1.02262e+07 1.89214e+06
1.02262e+07 1.88097e+06
1.41443e+07 3.91811e+06
1.41443e+07 3.91812e+06
1.41443e+07 3.91812e+06
1.66154e+07 2.47106e+06
1.66154e+07 2.47106e+06
1.67607e+07 2.61636e+06
1.67607e+07 2.61637e+06
1.97466e+07 3.13119e+06
1.97466e+07 3.13119e+06
1.97466e+07 2.98589e+06
1.97466e+07 2.98589e+06
1.97466e+07 2.98589e+06
2.40687e+07 4.32213e+06
2.41022e+07 4.35566e+06
2.41469e+07 4.40037e+06
2.41693e+07 4.42272e+06
2.42699e+07 4.52334e+06
2.43035e+07 4.55687e+06
2.824e+07 4.1713e+06
2.82512e+07 4.14895e+06
2.83406e+07 4.19367e+06
2.83406e+07 4.17133e+06
2.83518e+07 4.08189e+06
2.83518e+07 4.04836e+06
2.83518e+07 4.04837e+06
3.25491e+07 4.30911e+06
3.26385e+07 4.38737e+06
3.28062e+07 4.46559e+06
3.28956e+07 4.55501e+06
3.28956e+07 4.54384e+06
3.28956e+07 4.54384e+06
3.29851e+07 4.63325e+06
3.77112e+07 5.16212e+06
3.77671e+07 5.21802e+06
3.79124e+07 5.27391e+06
3.80242e+07 5.21803e+06
3.81248e+07 5.22921e+06
3.81807e+07 5.28509e+06
3.81919e+07 5.29626e+06
3.82254e+07 5.24038e+06
4.31747e+07 5.46344e+06
4.31747e+07 5.40755e+06
4.31747e+07 5.40757e+06
4.35659e+07 5.65347e+06
4.35883e+07 5.56407e+06
4.37895e+07 5.66465e+06
4.38119e+07 5.63112e+06
4.38342e+07 5.6423e+06
4.38566e+07 5.63112e+06
4.92475e+07 6.0728e+06
4.92475e+07 6.0728e+06
4.9281e+07 6.10632e+06
4.95716e+07 6.00573e+06
4.96164e+07 6.05044e+06
4.97281e+07 6.13984e+06
4.97393e+07 5.94984e+06
4.98064e+07 5.99454e+06
4.98623e+07 6.02807e+06
4.98623e+07 6.00572e+06
5.61001e+07 6.85267e+06
5.61113e+07 6.86388e+06
5.61225e+07 6.84154e+06
5.64579e+07 6.88625e+06
5.65473e+07 6.93096e+06
5.65473e+07 6.93096e+06
5.6592e+07 6.8639e+06
5.66144e+07 6.87508e+06
5.66591e+07 6.85273e+06
5.6715e+07 6.85273e+06
5.6715e+07 6.85273e+06
6.3518e+07 7.41791e+06
6.35739e+07 7.4626e+06
6.3574e+07 7.45141e+06
6.36187e+07 7.16084e+06
6.36188e+07 7.07143e+06
6.36411e+07 7.09379e+06
6.36411e+07 7.04909e+06
6.36411e+07 7.0491e+06
6.3697e+07 7.08263e+06
6.38312e+07 7.17204e+06
6.38982e+07 7.18322e+06
6.39206e+07 7.20558e+06
7.15155e+07 7.9975e+06
7.15491e+07 7.97514e+06
7.15491e+07 7.97514e+06
7.1605e+07 7.9863e+06
7.16051e+07 7.98631e+06
7.16162e+07 7.97512e+06
7.16163e+07 7.97512e+06
7.16163e+07 7.97513e+06
7.16163e+07 7.97514e+06
7.16722e+07 7.97515e+06
7.16722e+07 7.84103e+06
7.16722e+07 7.77398e+06
7.17728e+07 7.85221e+06
8.01711e+07 8.65557e+06
8.01823e+07 8.63321e+06
8.01823e+07 8.63322e+06
8.01935e+07 8.5885e+06
8.0216e+07 8.61089e+06
8.0216e+07 8.59972e+06
8.0216e+07 8.59972e+06
8.02383e+07 8.62207e+06
8.02383e+07 8.62207e+06
8.02384e+07 8.62208e+06
8.02384e+07 8.56618e+06
8.02607e+07 8.58853e+06
8.02943e+07 8.62207e+06
8.02943e+07 8.52149e+06
8.92712e+07 9.10005e+06
8.93159e+07 9.13362e+06
8.93159e+07 9.13362e+06
8.93271e+07 9.13359e+06
8.93942e+07 9.17824e+06
8.93942e+07 9.17824e+06
8.93942e+07 9.17824e+06
8.93942e+07 9.15589e+06
8.93942e+07 9.15589e+06
8.93942e+07 9.15589e+06
8.93943e+07 9.15589e+06
8.93943e+07 9.1559e+06
8.93943e+07 9.13355e+06
8.94278e+07 9.13353e+06
8.94613e+07 9.16705e+06
9.91063e+07 9.83514e+06
9.91287e+07 9.81276e+06
9.91287e+07 9.81276e+06
9.9207e+07 9.87982e+06
9.92181e+07 9.82395e+06
9.92182e+07 9.82394e+06
9.92182e+07 9.82394e+06
9.92182e+07 9.82393e+06
9.92182e+07 9.82393e+06
9.92182e+07 9.82393e+06
9.92182e+07 9.82393e+06
9.92182e+07 9.82393e+06
9.92182e+07 9.82394e+06
9.92741e+07 9.87982e+06
9.92853e+07 9.85748e+06
9.92965e+07 9.83518e+06
1.09451e+08 1.03444e+07
1.09473e+08 1.03443e+07
1.09574e+08 1.0445e+07
1.09674e+08 1.04674e+07
1.09685e+08 1.04673e+07
1.09686e+08 1.04674e+07
1.09686e+08 1.04674e+07
1.09686e+08 1.04674e+07
1.09686e+08 1.04674e+07
1.09686e+08 1.04674e+07
1.09686e+08 1.04674e+07
1.09686e+08 1.04674e+07
1.09686e+08 1.04674e+07
1.09697e+08 1.04227e+07
1.09697e+08 1.04227e+07
1.09697e+08 1.04115e+07
1.09742e+08 1.0445e+07
1.20366e+08 1.0915e+07
1.20455e+08 1.09821e+07
1.20545e+08 1.0971e+07
1.206e+08 1.09262e+07
1.206e+08 1.0915e+07
1.20612e+08 1.09262e+07
1.20656e+08 1.09709e+07
1.20656e+08 1.09709e+07
1.20656e+08 1.09709e+07
1.20668e+08 1.09821e+07
1.20668e+08 1.09821e+07
1.20668e+08 1.09821e+07
1.20668e+08 1.09821e+07
1.20668e+08 1.0971e+07
1.20668e+08 1.0971e+07
1.20668e+08 1.0971e+07
1.20668e+08 1.0971e+07
1.20791e+08 1.10492e+07
1.31857e+08 1.1491e+07
1.32013e+08 1.1558e+07
1.32013e+08 1.14686e+07
1.32047e+08 1.14463e+07
1.32047e+08 1.14463e+07
1.32047e+08 1.14351e+07
1.32203e+08 1.15468e+07
1.32203e+08 1.15468e+07
1.32203e+08 1.15468e+07
1.32203e+08 1.15356e+07
1.32203e+08 1.15356e+07
1.32203e+08 1.15356e+07
1.32203e+08 1.15356e+07
1.32203e+08 1.15356e+07
1.32215e+08 1.15468e+07
1.32215e+08 1.15468e+07
1.32215e+08 1.15468e+07
1.32215e+08 1.15468e+07
1.32338e+08 1.15468e+07
1.43912e+08 1.20552e+07
1.44068e+08 1.20553e+07
1.44068e+08 1.20553e+07
1.44124e+08 1.20776e+07
1.44124e+08 1.20776e+07
1.44136e+08 1.20888e+07
1.44259e+08 1.20553e+07
1.4427e+08 1.20665e+07
1.44292e+08 1.20888e+07
1.44314e+08 1.21112e+07
1.44314e+08 1.21112e+07
1.44314e+08 1.21112e+07
1.44315e+08 1.21112e+07
1.44315e+08 1.21112e+07
1.44315e+08 1.21e+07
1.44337e+08 1.21224e+07
1.44337e+08 1.21223e+07
1.44359e+08 1.21447e+07
1.44359e+08 1.21447e+07
1.44482e+08 1.21447e+07
1.56605e+08 1.26928e+07
1.56728e+08 1.26593e+07
1.56772e+08 1.2704e+07
1.56795e+08 1.26705e+07
1.56806e+08 1.26816e+07
1.56851e+08 1.27152e+07
1.5694e+08 1.26816e+07
1.56951e+08 1.26816e+07
1.56951e+08 1.26593e+07
1.56951e+08 1.26369e+07
1.56996e+08 1.26816e+07
1.57041e+08 1.27263e+07
1.57052e+08 1.27375e+07
1.57052e+08 1.27375e+07
1.57052e+08 1.27375e+07
1.57086e+08 1.27487e+07
1.57086e+08 1.27487e+07
1.57108e+08 1.27487e+07
1.57108e+08 1.27487e+07
1.57175e+08 1.26928e+07
1.57186e+08 1.2704e+07
1.69644e+08 1.30397e+07
1.69745e+08 1.30173e+07
1.69779e+08 1.30061e+07
1.6979e+08 1.29949e+07
1.69801e+08 1.29949e+07
1.69801e+08 1.29502e+07
1.69868e+08 1.29279e+07
1.69946e+08 1.29949e+07
1.69969e+08 1.30173e+07
1.69969e+08 1.30173e+07
1.70047e+08 1.30508e+07
1.70047e+08 1.30061e+07
1.70103e+08 1.30508e+07
1.70103e+08 1.30508e+07
1.70103e+08 1.30508e+07
1.70114e+08 1.30285e+07
1.70114e+08 1.30285e+07
1.70136e+08 1.30285e+07
1.70137e+08 1.30285e+07
1.70215e+08 1.30397e+07
1.70215e+08 1.30286e+07
1.70304e+08 1.3118e+07
1.83039e+08 1.33945e+07
1.83274e+08 1.35286e+07
1.83274e+08 1.34951e+07
1.83274e+08 1.34839e+07
1.83285e+08 1.34839e+07
1.83318e+08 1.35175e+07
1.83464e+08 1.35957e+07
1.83486e+08 1.35398e+07
1.83531e+08 1.35622e+07
1.83531e+08 1.35622e+07
1.83576e+08 1.35286e+07
1.83576e+08 1.35286e+07
1.83576e+08 1.34727e+07
1.83576e+08 1.34727e+07
1.83587e+08 1.34839e+07
1.83609e+08 1.34951e+07
1.83632e+08 1.35174e+07
1.83643e+08 1.35062e+07
1.83676e+08 1.35398e+07
1.83878e+08 1.36627e+07
1.83911e+08 1.36962e+07
1.84023e+08 1.37186e+07
1.97065e+08 1.40266e+07
1.97133e+08 1.40937e+07
1.97267e+08 1.39931e+07
1.97267e+08 1.39931e+07
1.97267e+08 1.39931e+07
1.97356e+08 1.40713e+07
1.9739e+08 1.40713e+07
1.97423e+08 1.39595e+07
1.97446e+08 1.39595e+07
1.97446e+08 1.39148e+07
1.97446e+08 1.39148e+07
1.97446e+08 1.38701e+07
1.97446e+08 1.38701e+07
1.97479e+08 1.39036e+07
1.97513e+08 1.39372e+07
1.97546e+08 1.39595e+07
1.97613e+08 1.40042e+07
1.97647e+08 1.40154e+07
1.97658e+08 1.40154e+07
1.97759e+08 1.40824e+07
1.98061e+08 1.4183e+07
1.98139e+08 1.42277e+07
1.98217e+08 1.41942e+07
2.11481e+08 1.44151e+07
2.11648e+08 1.45157e+07
2.11693e+08 1.45604e+07
2.11805e+08 1.4538e+07
2.11805e+08 1.4538e+07
2.11805e+08 1.4538e+07
2.11827e+08 1.44709e+07
2.11827e+08 1.44374e+07
2.1185e+08 1.44262e+07
2.11995e+08 1.45492e+07
2.1204e+08 1.45939e+07
2.1204e+08 1.45939e+07
2.12051e+08 1.46051e+07
2.12051e+08 1.46051e+07
2.12051e+08 1.45715e+07
2.12095e+08 1.45827e+07
2.12174e+08 1.46274e+07
2.12174e+08 1.45604e+07
2.12241e+08 1.45939e+07
2.12263e+08 1.46051e+07
2.12442e+08 1.46833e+07
2.12766e+08 1.47056e+07
2.128e+08 1.46609e+07
2.12967e+08 1.47504e+07
2.26757e+08 1.52763e+07
2.26813e+08 1.51646e+07
2.26947e+08 1.5254e+07
2.26992e+08 1.51869e+07
2.26992e+08 1.51869e+07
2.26992e+08 1.51869e+07
2.26992e+08 1.51869e+07
2.26992e+08 1.51646e+07
2.27003e+08 1.51758e+07
2.27048e+08 1.51981e+07
2.27115e+08 1.51199e+07
2.27115e+08 1.50752e+07
2.27204e+08 1.51646e+07
2.27271e+08 1.52205e+07
2.27282e+08 1.52316e+07
2.27349e+08 1.52987e+07
2.27361e+08 1.52652e+07
2.27361e+08 1.51869e+07
2.27383e+08 1.52093e+07
2.27405e+08 1.51646e+07
2.27495e+08 1.52316e+07
2.27629e+08 1.51869e+07
2.28054e+08 1.52876e+07
2.28054e+08 1.5254e+07
2.28467e+08 1.54999e+07
2.42653e+08 1.58962e+07
2.42709e+08 1.58962e+07
2.42776e+08 1.58291e+07
2.42776e+08 1.57844e+07
2.42776e+08 1.57844e+07
2.42776e+08 1.57844e+07
2.42787e+08 1.57956e+07
2.42787e+08 1.57956e+07
2.42787e+08 1.57956e+07
2.4281e+08 1.58068e+07
2.42843e+08 1.57956e+07
2.42854e+08 1.57397e+07
2.42877e+08 1.57621e+07
2.43e+08 1.57956e+07
2.43022e+08 1.57509e+07
2.43112e+08 1.58291e+07
2.43112e+08 1.57621e+07
2.43201e+08 1.58403e+07
2.43212e+08 1.58515e+07
2.43212e+08 1.58291e+07
2.43212e+08 1.58068e+07
2.43335e+08 1.58403e+07
2.43503e+08 1.58738e+07
2.43905e+08 1.58515e+07
2.43905e+08 1.58515e+07
2.44531e+08 1.60639e+07
2.59028e+08 1.63749e+07
2.59084e+08 1.63749e+07
2.59084e+08 1.63079e+07
2.59095e+08 1.63191e+07
2.59095e+08 1.63191e+07
2.59095e+08 1.63191e+07
2.59095e+08 1.63079e+07
2.59095e+08 1.63079e+07
2.59106e+08 1.63191e+07
2.59106e+08 1.63191e+07
2.59151e+08 1.63414e+07
2.59151e+08 1.63079e+07
2.59151e+08 1.62967e+07
2.59174e+08 1.62967e+07
2.59386e+08 1.63861e+07
2.59397e+08 1.63749e+07
2.59453e+08 1.63414e+07
2.59453e+08 1.63414e+07
2.59453e+08 1.6252e+07
2.59475e+08 1.62632e+07
2.59565e+08 1.63526e+07
2.59565e+08 1.63526e+07
2.5971e+08 1.63749e+07
2.59833e+08 1.63302e+07
2.6028e+08 1.6375e+07
2.6028e+08 1.6375e+07
2.6132e+08 1.67885e+07
2.7575e+08 1.67218e+07
2.75973e+08 1.68895e+07
2.75996e+08 1.69118e+07
2.76041e+08 1.69454e+07
2.76052e+08 1.69566e+07
2.76052e+08 1.69566e+07
2.76052e+08 1.69566e+07
2.76052e+08 1.69566e+07
2.76063e+08 1.69677e+07
2.76063e+08 1.69566e+07
2.76085e+08 1.69789e+07
2.76208e+08 1.70572e+07
2.76242e+08 1.70907e+07
2.76242e+08 1.70907e+07
2.76242e+08 1.70683e+07
2.76342e+08 1.69566e+07
2.76387e+08 1.69901e+07
2.76387e+08 1.69342e+07
2.76398e+08 1.69454e+07
2.76477e+08 1.70236e+07
2.76532e+08 1.70572e+07
2.76577e+08 1.70125e+07
2.76689e+08 1.71242e+07
2.76778e+08 1.70683e+07
2.76801e+08 1.69677e+07
2.77337e+08 1.70572e+07
2.77393e+08 1.71131e+07
2.78355e+08 1.70348e+07
2.93173e+08 1.74234e+07
2.93464e+08 1.74905e+07
2.93464e+08 1.74681e+07
2.93542e+08 1.75016e+07
2.93542e+08 1.74905e+07
2.93553e+08 1.75016e+07
2.93587e+08 1.75352e+07
2.93598e+08 1.75463e+07
2.93609e+08 1.75463e+07
2.93609e+08 1.75463e+07
2.93609e+08 1.75464e+07
2.93654e+08 1.75687e+07
2.93766e+08 1.75575e+07
2.93833e+08 1.75911e+07
2.93911e+08 1.76693e+07
2.93911e+08 1.76693e+07
2.93911e+08 1.75687e+07
2.93945e+08 1.75575e+07
2.93945e+08 1.75575e+07
2.93978e+08 1.75799e+07
2.94001e+08 1.7524e+07
2.94034e+08 1.75017e+07
2.94168e+08 1.75911e+07
2.94224e+08 1.75352e+07
2.94381e+08 1.76022e+07
2.94392e+08 1.75911e+07
2.95007e+08 1.76693e+07
2.95152e+08 1.77587e+07
2.96124e+08 1.77699e+07
3.11116e+08 1.79431e+07
3.11474e+08 1.80102e+07
3.11519e+08 1.80549e+07
3.11642e+08 1.80996e+07
3.11642e+08 1.80996e+07
3.11675e+08 1.81219e+07
3.11686e+08 1.80996e+07
3.11765e+08 1.81666e+07
3.11765e+08 1.81555e+07
3.11765e+08 1.81555e+07
3.11776e+08 1.81666e+07
3.11776e+08 1.81666e+07
3.11843e+08 1.8189e+07
3.11932e+08 1.81666e+07
3.12e+08 1.81666e+07
3.12011e+08 1.80996e+07
3.12011e+08 1.80996e+07
3.12011e+08 1.80996e+07
3.12033e+08 1.80884e+07
3.12055e+08 1.81108e+07
3.12078e+08 1.80996e+07
3.12089e+08 1.80884e+07
3.12178e+08 1.81443e+07
3.12257e+08 1.80884e+07
3.12413e+08 1.8189e+07
3.12491e+08 1.81108e+07
3.12491e+08 1.80996e+07
3.13185e+08 1.81778e+07
3.13308e+08 1.81555e+07
3.14336e+08 1.82114e+07
3.29815e+08 1.86981e+07
3.29982e+08 1.85081e+07
3.30038e+08 1.85193e+07
3.30217e+08 1.85752e+07
3.30217e+08 1.85752e+07
3.3025e+08 1.85752e+07
3.3025e+08 1.8564e+07
3.30385e+08 1.86199e+07
3.30385e+08 1.86199e+07
3.30407e+08 1.86422e+07
3.30429e+08 1.86534e+07
3.30452e+08 1.86757e+07
3.30519e+08 1.86757e+07
3.30519e+08 1.86757e+07
3.30642e+08 1.87093e+07
3.3072e+08 1.87205e+07
3.30731e+08 1.87205e+07
3.30731e+08 1.87205e+07
3.30731e+08 1.87205e+07
3.30731e+08 1.86981e+07
3.30809e+08 1.8754e+07
3.3081e+08 1.87317e+07
3.30877e+08 1.87875e+07
3.30877e+08 1.86981e+07
3.3091e+08 1.86534e+07
3.31089e+08 1.86758e+07
3.31089e+08 1.85975e+07
3.311e+08 1.86087e+07
3.32117e+08 1.89329e+07
3.32196e+08 1.88881e+07
3.32777e+08 1.84411e+07
3.49072e+08 1.92577e+07
3.49095e+08 1.91124e+07
3.49218e+08 1.91794e+07
3.49396e+08 1.91795e+07
3.49408e+08 1.91906e+07
3.49408e+08 1.91571e+07
3.49419e+08 1.91683e+07
3.49463e+08 1.90789e+07
3.49575e+08 1.91906e+07
3.49575e+08 1.91683e+07
3.49642e+08 1.9213e+07
3.49732e+08 1.928e+07
3.49799e+08 1.928e+07
3.49799e+08 1.928e+07
3.49799e+08 1.928e+07
3.49967e+08 1.93248e+07
3.50022e+08 1.93024e+07
3.50022e+08 1.92912e+07
3.50034e+08 1.93024e+07
3.50056e+08 1.93248e+07
3.50067e+08 1.93359e+07
3.50078e+08 1.92689e+07
3.5009e+08 1.92801e+07
3.50134e+08 1.92577e+07
3.50179e+08 1.93024e+07
3.50179e+08 1.92689e+07
3.50391e+08 1.93024e+07
3.50391e+08 1.93024e+07
3.50391e+08 1.92912e+07
3.51543e+08 1.94253e+07
3.51587e+08 1.93918e+07
3.52415e+08 1.96378e+07
3.69018e+08 1.9946e+07
3.69074e+08 1.99795e+07
3.69264e+08 2.00466e+07
3.69432e+08 2.00354e+07
3.69432e+08 2.00242e+07
3.69432e+08 2.00242e+07
3.69465e+08 2.00466e+07
3.69521e+08 2.00577e+07
3.69566e+08 1.99907e+07
3.69622e+08 2.00466e+07
3.69633e+08 1.99907e+07
3.69801e+08 2.00689e+07
3.69823e+08 2.00242e+07
3.69823e+08 2.00242e+07
3.69868e+08 2.00689e+07
3.70002e+08 2.00354e+07
3.70002e+08 2.00354e+07
3.70091e+08 2.00689e+07
3.70091e+08 2.00689e+07
3.70125e+08 2.00913e+07
3.70125e+08 2.00689e+07
3.70147e+08 2.00801e+07
3.70181e+08 2.01025e+07
3.70214e+08 2.01248e+07
3.70214e+08 2.00801e+07
3.70214e+08 2.00354e+07
3.70281e+08 2.01025e+07
3.70438e+08 2.00466e+07
3.70438e+08 2.00466e+07
3.70449e+08 2.00578e+07
3.71679e+08 2.0136e+07
3.71712e+08 2.01248e+07
3.72584e+08 2.01696e+07
3.89502e+08 2.04842e+07
3.89547e+08 2.04731e+07
3.89782e+08 2.05178e+07
3.89994e+08 2.05625e+07
3.90005e+08 2.05736e+07
3.90005e+08 2.05736e+07
3.90028e+08 2.05625e+07
3.90084e+08 2.05625e+07
3.9014e+08 2.05736e+07
3.90184e+08 2.05625e+07
3.90184e+08 2.05513e+07
3.90318e+08 2.05178e+07
3.9033e+08 2.05066e+07
3.9033e+08 2.05066e+07
3.90341e+08 2.04731e+07
3.90553e+08 2.05513e+07
3.90553e+08 2.05513e+07
3.90598e+08 2.0596e+07
3.90676e+08 2.05848e+07
3.90676e+08 2.05848e+07
3.90687e+08 2.05625e+07
3.90699e+08 2.05737e+07
3.90777e+08 2.06296e+07
3.90788e+08 2.06072e+07
3.90788e+08 2.05737e+07
3.90788e+08 2.05737e+07
3.90822e+08 2.06072e+07
3.90822e+08 2.05401e+07
3.909e+08 2.04619e+07
3.90945e+08 2.05066e+07
3.90945e+08 2.04954e+07
3.92387e+08 2.07078e+07
3.92442e+08 2.07301e+07
3.93102e+08 2.05177e+07
4.10521e+08 2.10189e+07
4.106e+08 2.10524e+07
4.1079e+08 2.10077e+07
4.1098e+08 2.09854e+07
4.11024e+08 2.10189e+07
4.11047e+08 2.10413e+07
4.11069e+08 2.10413e+07
4.11214e+08 2.11307e+07
4.11281e+08 2.11419e+07
4.11281e+08 2.10972e+07
4.11281e+08 2.10972e+07
4.11315e+08 2.09966e+07
4.11337e+08 2.10078e+07
4.11337e+08 2.10078e+07
4.11371e+08 2.10301e+07
4.11706e+08 2.11531e+07
4.11706e+08 2.11531e+07
4.11706e+08 2.11084e+07
4.11773e+08 2.10972e+07
4.11773e+08 2.10972e+07
4.11773e+08 2.10972e+07
4.11818e+08 2.11307e+07
4.11829e+08 2.11307e+07
4.11908e+08 2.11307e+07
4.1193e+08 2.11419e+07
4.11963e+08 2.11754e+07
4.11963e+08 2.11754e+07
4.11986e+08 2.11643e+07
4.12008e+08 2.11866e+07
4.12019e+08 2.11196e+07
4.12042e+08 2.10972e+07
4.12098e+08 2.11531e+07
4.13674e+08 2.12872e+07
4.13797e+08 2.13543e+07
4.14233e+08 2.11307e+07
4.32071e+08 2.15496e+07
4.32149e+08 2.15496e+07
4.32328e+08 2.15384e+07
4.3254e+08 2.15608e+07
4.3254e+08 2.15161e+07
4.32596e+08 2.15496e+07
4.32596e+08 2.15273e+07
4.32619e+08 2.14043e+07
4.32652e+08 2.13708e+07
4.32753e+08 2.14714e+07
4.32764e+08 2.14826e+07
4.32842e+08 2.15273e+07
4.32921e+08 2.15832e+07
4.32943e+08 2.16055e+07
4.32988e+08 2.16167e+07
4.33267e+08 2.15608e+07
4.33323e+08 2.16167e+07
4.33334e+08 2.16279e+07
4.33424e+08 2.16503e+07
4.33435e+08 2.16614e+07
4.33468e+08 2.1695e+07
4.33468e+08 2.1695e+07
4.33524e+08 2.17061e+07
4.33524e+08 2.1695e+07
4.33558e+08 2.16502e+07
4.33569e+08 2.16391e+07
4.33603e+08 2.16391e+07
4.33603e+08 2.16391e+07
4.33692e+08 2.17061e+07
4.33703e+08 2.16949e+07
4.33737e+08 2.17173e+07
4.33737e+08 2.16949e+07
4.33737e+08 2.16391e+07
4.3538e+08 2.17061e+07
4.35514e+08 2.17173e+07
4.35972e+08 2.17397e+07
4.5427e+08 2.21988e+07
4.54303e+08 2.21541e+07
4.54415e+08 2.2087e+07
4.54694e+08 2.2154e+07
4.54728e+08 2.21875e+07
4.54851e+08 2.22546e+07
4.54862e+08 2.22658e+07
4.54873e+08 2.22546e+07
4.54907e+08 2.22546e+07
4.54918e+08 2.21652e+07
4.54929e+08 2.21652e+07
4.55008e+08 2.21652e+07
4.55052e+08 2.21317e+07
4.55119e+08 2.21764e+07
4.55265e+08 2.2277e+07
4.55566e+08 2.22993e+07
4.55589e+08 2.22658e+07
4.55622e+08 2.22882e+07
4.55701e+08 2.2277e+07
4.55712e+08 2.2277e+07
4.55712e+08 2.22434e+07
4.55712e+08 2.22434e+07
4.55745e+08 2.2277e+07
4.55757e+08 2.22323e+07
4.55812e+08 2.22882e+07
4.55835e+08 2.2277e+07
4.55846e+08 2.2277e+07
4.55924e+08 2.23217e+07
4.55958e+08 2.23552e+07
4.55958e+08 2.22658e+07
4.55969e+08 2.22658e+07
4.56003e+08 2.22658e+07
4.56014e+08 2.2277e+07
4.56014e+08 2.2277e+07
4.57713e+08 2.23329e+07
4.57847e+08 2.23329e+07
4.5835e+08 2.23776e+07
4.76953e+08 2.26835e+07
4.76964e+08 2.26611e+07
4.77087e+08 2.26723e+07
4.77322e+08 2.26276e+07
4.77344e+08 2.26164e+07
4.77501e+08 2.26499e+07
4.77501e+08 2.26387e+07
4.77624e+08 2.27505e+07
4.77669e+08 2.27617e+07
4.77702e+08 2.2784e+07
4.77702e+08 2.27728e+07
4.77859e+08 2.28511e+07
4.77903e+08 2.28511e+07
4.77959e+08 2.28399e+07
4.78015e+08 2.27505e+07
4.78418e+08 2.28511e+07
4.78462e+08 2.28735e+07
4.78485e+08 2.28623e+07
4.78496e+08 2.27952e+07
4.78518e+08 2.28064e+07
4.78518e+08 2.28064e+07
4.78597e+08 2.28847e+07
4.78608e+08 2.28623e+07
4.78608e+08 2.28623e+07
4.78664e+08 2.2907e+07
4.78675e+08 2.28623e+07
4.78675e+08 2.284e+07
4.78708e+08 2.28623e+07
4.78742e+08 2.28176e+07
4.78753e+08 2.27953e+07
4.7882e+08 2.28623e+07
4.7882e+08 2.28511e+07
4.78831e+08 2.28288e+07
4.78831e+08 2.28176e+07
4.78854e+08 2.284e+07
4.80732e+08 2.30188e+07
4.80754e+08 2.2907e+07
4.81279e+08 2.29294e+07
5.00346e+08 2.33926e+07
5.00346e+08 2.33815e+07
5.00379e+08 2.32921e+07
5.00614e+08 2.3292e+07
5.00614e+08 2.32697e+07
5.0067e+08 2.31691e+07
5.0067e+08 2.31691e+07
5.0067e+08 2.30461e+07
5.00703e+08 2.3035e+07
5.00703e+08 2.30014e+07
5.00704e+08 2.30014e+07
5.00882e+08 2.30238e+07
5.01016e+08 2.31132e+07
5.01106e+08 2.31467e+07
5.01352e+08 2.33368e+07
5.01821e+08 2.34039e+07
5.01833e+08 2.33703e+07
5.01833e+08 2.33479e+07
5.01889e+08 2.33927e+07
5.01889e+08 2.33703e+07
5.019e+08 2.33815e+07
5.01911e+08 2.33144e+07
5.01944e+08 2.33368e+07
5.01944e+08 2.33368e+07
5.01944e+08 2.33368e+07
5.02023e+08 2.33591e+07
5.02023e+08 2.33479e+07
5.02023e+08 2.33479e+07
5.02023e+08 2.33144e+07
5.02067e+08 2.33256e+07
5.02067e+08 2.33144e+07
5.0209e+08 2.32697e+07
5.02112e+08 2.32921e+07
5.02168e+08 2.33368e+07
5.02168e+08 2.33368e+07
5.02168e+08 2.33144e+07
5.04158e+08 2.34262e+07
5.04169e+08 2.3415e+07
5.04762e+08 2.34821e+07
5.24317e+08 2.39708e+07
5.2435e+08 2.40043e+07
5.2435e+08 2.39708e+07
5.24406e+08 2.37919e+07
5.24451e+08 2.38366e+07
5.24574e+08 2.39037e+07
5.24607e+08 2.39372e+07
5.24652e+08 2.3982e+07
5.24663e+08 2.39596e+07
5.24741e+08 2.40379e+07
5.24741e+08 2.40379e+07
5.24965e+08 2.40826e+07
5.24965e+08 2.39484e+07
5.25077e+08 2.39708e+07
5.25278e+08 2.3926e+07
5.25893e+08 2.40714e+07
5.25893e+08 2.40602e+07
5.25982e+08 2.41497e+07
5.26005e+08 2.41161e+07
5.26005e+08 2.41161e+07
5.26005e+08 2.4105e+07
5.26005e+08 2.40938e+07
5.26016e+08 2.40714e+07
5.26016e+08 2.40714e+07
5.26016e+08 2.40714e+07
5.26072e+08 2.40491e+07
5.26072e+08 2.40491e+07
5.26072e+08 2.40491e+07
5.26072e+08 2.40491e+07
5.26128e+08 2.41049e+07
5.2615e+08 2.40826e+07
5.26184e+08 2.41161e+07
5.26184e+08 2.40938e+07
5.26184e+08 2.40714e+07
5.26228e+08 2.40602e+07
5.26295e+08 2.41273e+07
5.26295e+08 2.41273e+07
5.28374e+08 2.42167e+07
5.28374e+08 2.42056e+07
5.29012e+08 2.42503e+07
5.48693e+08 2.43764e+07
5.4876e+08 2.44099e+07
5.48827e+08 2.4477e+07
5.48872e+08 2.44658e+07
5.49039e+08 2.45888e+07
5.49174e+08 2.45999e+07
5.49174e+08 2.45664e+07
5.49196e+08 2.4544e+07
5.49229e+08 2.45664e+07
5.49297e+08 2.45552e+07
5.49297e+08 2.45552e+07
5.4952e+08 2.45552e+07
5.4952e+08 2.45552e+07
5.49777e+08 2.47005e+07
5.49889e+08 2.46111e+07
5.50537e+08 2.46447e+07
5.50537e+08 2.46447e+07
5.50571e+08 2.45888e+07
5.50571e+08 2.45664e+07
5.50571e+08 2.45664e+07
5.50571e+08 2.45664e+07
5.50571e+08 2.45664e+07
5.50582e+08 2.45664e+07
5.50616e+08 2.46e+07
5.50616e+08 2.46e+07
5.50627e+08 2.45553e+07
5.50638e+08 2.45664e+07
5.50683e+08 2.46112e+07
5.50705e+08 2.46335e+07
5.50716e+08 2.46447e+07
5.50772e+08 2.46447e+07
5.50817e+08 2.4667e+07
5.50817e+08 2.46335e+07
5.50828e+08 2.46447e+07
5.50828e+08 2.46447e+07
5.50873e+08 2.46447e+07
5.50895e+08 2.46e+07
5.50985e+08 2.46894e+07
5.53086e+08 2.47117e+07
5.53109e+08 2.47341e+07
5.53668e+08 2.46559e+07
5.73786e+08 2.50932e+07
5.73887e+08 2.51267e+07
5.73954e+08 2.51267e+07
5.73976e+08 2.51044e+07
5.7411e+08 2.50708e+07
5.7411e+08 2.49367e+07
5.7411e+08 2.49367e+07
5.74177e+08 2.49814e+07
5.74256e+08 2.50262e+07
5.74502e+08 2.5205e+07
5.74502e+08 2.5205e+07
5.74535e+08 2.5015e+07
5.74535e+08 2.5015e+07
5.7477e+08 2.49926e+07
5.74904e+08 2.5015e+07
5.75664e+08 2.51267e+07
5.75664e+08 2.51267e+07
5.75709e+08 2.51379e+07
5.75709e+08 2.51379e+07
5.75709e+08 2.51379e+07
5.75709e+08 2.51379e+07
5.7572e+08 2.5149e+07
5.75731e+08 2.51491e+07
5.75754e+08 2.51379e+07
5.75765e+08 2.51491e+07
5.75776e+08 2.51491e+07
5.75798e+08 2.51602e+07
5.75866e+08 2.51826e+07
5.75866e+08 2.51603e+07
5.75899e+08 2.51938e+07
5.75955e+08 2.52385e+07
5.75977e+08 2.5205e+07
5.75989e+08 2.51714e+07
5.75989e+08 2.51714e+07
5.76011e+08 2.51826e+07
5.76067e+08 2.52385e+07
5.76134e+08 2.52609e+07
5.76134e+08 2.52385e+07
5.76223e+08 2.52385e+07
5.78492e+08 2.54062e+07
5.78492e+08 2.53838e+07
5.78984e+08 2.53168e+07
5.99432e+08 2.5646e+07
5.99577e+08 2.56907e+07
5.99644e+08 2.56907e+07
5.99678e+08 2.57018e+07
5.997e+08 2.55901e+07
5.99767e+08 2.56571e+07
5.99767e+08 2.56571e+07
5.9998e+08 2.58024e+07
6.00047e+08 2.57913e+07
6.0027e+08 2.57689e+07
6.00416e+08 2.59142e+07
6.00572e+08 2.60371e+07
6.00572e+08 2.60371e+07
6.0093e+08 2.61601e+07
6.00952e+08 2.60483e+07
6.014e+08 2.57353e+07
6.014e+08 2.57353e+07
6.01455e+08 2.57465e+07
6.01455e+08 2.57465e+07
6.01455e+08 2.57465e+07
6.01455e+08 2.57465e+07
6.01455e+08 2.57353e+07
6.01456e+08 2.57241e+07
6.01478e+08 2.57242e+07
6.01489e+08 2.57242e+07
6.015e+08 2.57241e+07
6.01545e+08 2.57465e+07
6.01601e+08 2.57353e+07
6.01601e+08 2.57353e+07
6.01646e+08 2.57465e+07
6.01668e+08 2.57689e+07
6.01701e+08 2.57465e+07
6.01769e+08 2.57913e+07
6.0178e+08 2.57913e+07
6.0178e+08 2.57913e+07
6.01847e+08 2.5836e+07
6.02059e+08 2.59924e+07
6.02059e+08 2.59254e+07
6.02126e+08 2.59924e+07
6.02126e+08 2.5903e+07
6.04395e+08 2.59031e+07
6.04395e+08 2.59031e+07
6.05044e+08 2.60596e+07
6.22884e+08 2.34517e+07
6.22884e+08 2.33064e+07
6.22884e+08 2.32393e+07
6.22884e+08 2.32058e+07
6.22884e+08 2.31834e+07
6.22895e+08 2.31275e+07
6.22895e+08 2.31276e+07
6.22906e+08 2.29264e+07
6.22917e+08 2.28705e+07
6.22929e+08 2.26582e+07
6.22951e+08 2.25352e+07
6.22951e+08 2.23788e+07
6.22951e+08 2.23788e+07
6.22951e+08 2.20211e+07
6.22962e+08 2.20099e+07
6.22973e+08 2.15739e+07
6.22973e+08 2.15739e+07
6.22973e+08 2.1518e+07
6.22985e+08 2.15292e+07
6.22996e+08 2.15404e+07
6.22996e+08 2.15404e+07
6.23007e+08 2.15515e+07
6.23018e+08 2.15627e+07
6.23041e+08 2.15627e+07
6.23041e+08 2.15515e+07
6.23063e+08 2.15627e+07
6.23063e+08 2.1518e+07
6.23074e+08 2.14733e+07
6.23074e+08 2.14733e+07
6.23074e+08 2.14286e+07
6.23074e+08 2.14063e+07
6.23074e+08 2.13727e+07
6.23074e+08 2.13727e+07
6.23074e+08 2.13057e+07
6.23074e+08 2.12945e+07
6.23074e+08 2.12945e+07
6.23119e+08 2.12722e+07
6.23119e+08 2.10598e+07
6.23119e+08 2.10598e+07
6.23119e+08 2.09928e+07
6.23119e+08 2.09928e+07
6.23187e+08 1.87911e+07
6.23187e+08 1.87911e+07
6.23231e+08 1.81873e+07
6.24072e+08 1.18797e+06
6.24072e+08 1.18797e+06
6.24072e+08 1.18797e+06
