4.75944e+06 4.75888e+06
8.21756e+06 3.45812e+06
8.21756e+06 3.45813e+06
9.91239e+06 1.69483e+06
9.9124e+06 1.69484e+06
1.14443e+07 1.53194e+06
1.14443e+07 1.53194e+06
1.14443e+07 1.53194e+06
1.41791e+07 2.73476e+06
1.41791e+07 2.73476e+06
1.41791e+07 2.73477e+06
1.41791e+07 2.73477e+06
1.70854e+07 2.90635e+06
1.70854e+07 2.90635e+06
1.70855e+07 2.90635e+06
1.7119e+07 2.93988e+06
1.71749e+07 2.99577e+06
2.09205e+07 3.83503e+06
2.0954e+07 3.86856e+06
2.12223e+07 4.1368e+06
2.12223e+07 4.10327e+06
2.12446e+07 4.06975e+06
2.12446e+07 4.06975e+06
2.52407e+07 4.32023e+06
2.52407e+07 4.2867e+06
2.52407e+07 4.01846e+06
2.52407e+07 4.01846e+06
2.52631e+07 4.01848e+06
2.52631e+07 4.01848e+06
2.52631e+07 4.01849e+06
2.84732e+07 3.23246e+06
2.85514e+07 3.31072e+06
2.87638e+07 3.5231e+06
2.89874e+07 3.74666e+06
2.92109e+07 3.94784e+06
2.9211e+07 3.94784e+06
2.92221e+07 3.95902e+06
3.33225e+07 4.84931e+06
3.33672e+07 4.89405e+06
3.37473e+07 5.19584e+06
3.39038e+07 5.13997e+06
3.39373e+07 4.94994e+06
3.39485e+07 4.73756e+06
3.39485e+07 4.73756e+06
3.40156e+07 4.79344e+06
3.85445e+07 5.22199e+06
3.86004e+07 5.23315e+06
3.86004e+07 5.23315e+06
3.90251e+07 5.27785e+06
3.9081e+07 5.17724e+06
3.9081e+07 5.14371e+06
3.90922e+07 5.14371e+06
3.91369e+07 5.18841e+06
3.92264e+07 5.21079e+06
4.43374e+07 5.79299e+06
4.44381e+07 5.8377e+06
4.45946e+07 5.9942e+06
4.47846e+07 5.75948e+06
4.47846e+07 5.75949e+06
4.48405e+07 5.75947e+06
4.49188e+07 5.83772e+06
4.49188e+07 5.82654e+06
4.493e+07 5.79303e+06
4.52542e+07 6.02778e+06
5.06892e+07 6.35176e+06
5.08904e+07 6.45234e+06
5.11251e+07 6.53058e+06
5.1304e+07 6.51939e+06
5.14269e+07 6.64234e+06
5.14605e+07 6.67588e+06
5.14829e+07 6.64237e+06
5.14829e+07 6.56413e+06
5.14829e+07 6.56413e+06
5.15052e+07 6.57529e+06
5.17289e+07 6.4747e+06
5.77485e+07 7.05926e+06
5.77708e+07 6.88043e+06
5.83855e+07 7.2604e+06
5.8475e+07 7.17097e+06
5.8475e+07 7.04804e+06
5.84862e+07 7.02568e+06
5.84974e+07 7.01449e+06
5.84974e+07 7.0145e+06
5.84974e+07 7.0145e+06
5.84974e+07 7.01452e+06
5.84974e+07 6.99216e+06
5.85757e+07 6.84689e+06
6.5674e+07 7.92551e+06
6.5674e+07 7.90315e+06
6.6054e+07 7.66845e+06
6.6054e+07 7.57905e+06
6.6054e+07 7.57904e+06
6.6054e+07 7.56786e+06
6.6054e+07 7.55667e+06
6.6054e+07 7.55667e+06
6.60541e+07 7.55668e+06
6.60541e+07 7.55669e+06
6.60876e+07 7.59022e+06
6.60876e+07 7.59022e+06
6.62666e+07 7.69082e+06
7.39744e+07 8.30047e+06
7.40527e+07 8.3787e+06
7.41309e+07 8.07695e+06
7.42204e+07 8.16635e+06
7.42651e+07 8.21105e+06
7.42763e+07 8.22223e+06
7.42763e+07 8.22223e+06
7.42874e+07 8.2334e+06
7.42875e+07 8.2334e+06
7.42875e+07 8.23341e+06
7.42875e+07 8.23342e+06
7.43434e+07 8.25576e+06
7.43434e+07 8.25577e+06
7.46788e+07 8.41229e+06
8.2974e+07 8.99954e+06
8.30857e+07 9.03307e+06
8.31752e+07 9.04422e+06
8.31975e+07 8.97717e+06
8.32311e+07 8.966e+06
8.32311e+07 8.95482e+06
8.32311e+07 8.95482e+06
8.32311e+07 8.94365e+06
8.3287e+07 8.99953e+06
8.3287e+07 8.99953e+06
8.3287e+07 8.99952e+06
8.33205e+07 9.03305e+06
8.33541e+07 9.01069e+06
8.33653e+07 9.02186e+06
8.39578e+07 9.27896e+06
9.22038e+07 9.22978e+06
9.22038e+07 9.11802e+06
9.22373e+07 9.06213e+06
9.22373e+07 9.03978e+06
9.23491e+07 9.11801e+06
9.2405e+07 9.17389e+06
9.24162e+07 9.18507e+06
9.24273e+07 9.19624e+06
9.24273e+07 9.14036e+06
9.24609e+07 9.17389e+06
9.24609e+07 9.17389e+06
9.24721e+07 9.15154e+06
9.24721e+07 9.15154e+06
9.25615e+07 9.20744e+06
9.25615e+07 9.19626e+06
9.30311e+07 9.07333e+06
1.01888e+08 9.68463e+06
1.01922e+08 9.71817e+06
1.01922e+08 9.68465e+06
1.01922e+08 9.68465e+06
1.01922e+08 9.5729e+06
1.01922e+08 9.51702e+06
1.01944e+08 9.52819e+06
1.01956e+08 9.52819e+06
1.02e+08 9.5729e+06
1.02045e+08 9.58407e+06
1.02157e+08 9.69583e+06
1.02157e+08 9.68466e+06
1.0219e+08 9.71819e+06
1.02213e+08 9.65113e+06
1.02257e+08 9.69584e+06
1.0228e+08 9.71819e+06
1.03018e+08 9.98646e+06
1.12578e+08 1.069e+07
1.12601e+08 1.06788e+07
1.12668e+08 1.07458e+07
1.12679e+08 1.0757e+07
1.12757e+08 1.08353e+07
1.1278e+08 1.08576e+07
1.12802e+08 1.08576e+07
1.12802e+08 1.08464e+07
1.12824e+08 1.08241e+07
1.12824e+08 1.07794e+07
1.12847e+08 1.069e+07
1.12891e+08 1.07347e+07
1.12925e+08 1.07347e+07
1.12981e+08 1.07682e+07
1.12981e+08 1.07235e+07
1.12992e+08 1.07347e+07
1.1307e+08 1.07906e+07
1.13674e+08 1.06565e+07
1.23643e+08 1.1065e+07
1.23699e+08 1.10985e+07
1.2371e+08 1.10426e+07
1.2371e+08 1.10315e+07
1.23744e+08 1.09868e+07
1.23744e+08 1.09644e+07
1.23789e+08 1.09868e+07
1.23789e+08 1.09868e+07
1.23822e+08 1.0998e+07
1.23822e+08 1.0998e+07
1.23833e+08 1.09868e+07
1.23834e+08 1.09421e+07
1.23834e+08 1.09086e+07
1.23834e+08 1.08527e+07
1.23878e+08 1.08974e+07
1.23878e+08 1.08863e+07
1.24024e+08 1.09533e+07
1.24057e+08 1.09868e+07
1.24918e+08 1.12439e+07
1.3533e+08 1.16863e+07
1.3543e+08 1.1731e+07
1.3543e+08 1.17198e+07
1.3543e+08 1.17198e+07
1.35564e+08 1.18204e+07
1.35564e+08 1.18204e+07
1.35564e+08 1.17757e+07
1.35564e+08 1.17757e+07
1.35576e+08 1.17533e+07
1.35609e+08 1.17869e+07
1.35609e+08 1.17757e+07
1.35632e+08 1.17981e+07
1.35643e+08 1.18092e+07
1.35643e+08 1.18092e+07
1.35654e+08 1.17757e+07
1.35699e+08 1.18204e+07
1.35855e+08 1.18316e+07
1.35866e+08 1.18093e+07
1.35866e+08 1.18093e+07
1.36806e+08 1.18876e+07
1.47267e+08 1.19373e+07
1.47267e+08 1.18367e+07
1.47491e+08 1.20602e+07
1.47491e+08 1.20602e+07
1.4777e+08 1.22055e+07
1.4777e+08 1.22055e+07
1.4777e+08 1.22055e+07
1.4777e+08 1.22055e+07
1.4777e+08 1.21943e+07
1.47848e+08 1.2239e+07
1.47848e+08 1.2239e+07
1.47848e+08 1.22167e+07
1.47848e+08 1.22055e+07
1.47871e+08 1.22278e+07
1.47882e+08 1.22278e+07
1.47915e+08 1.22167e+07
1.48172e+08 1.23173e+07
1.48172e+08 1.23061e+07
1.48173e+08 1.23061e+07
1.49447e+08 1.26414e+07
1.49447e+08 1.26414e+07
1.60324e+08 1.30569e+07
1.60324e+08 1.30569e+07
1.6038e+08 1.28893e+07
1.6038e+08 1.28893e+07
1.60503e+08 1.27328e+07
1.60603e+08 1.28334e+07
1.60626e+08 1.28558e+07
1.60626e+08 1.28558e+07
1.60648e+08 1.28781e+07
1.60726e+08 1.28781e+07
1.60726e+08 1.28781e+07
1.6076e+08 1.29116e+07
1.60771e+08 1.29228e+07
1.60771e+08 1.29005e+07
1.60782e+08 1.29005e+07
1.60782e+08 1.28669e+07
1.60939e+08 1.27663e+07
1.60995e+08 1.28222e+07
1.61017e+08 1.28445e+07
1.62381e+08 1.2934e+07
1.62381e+08 1.2934e+07
1.62415e+08 1.29676e+07
1.7323e+08 1.29056e+07
1.73386e+08 1.30621e+07
1.73386e+08 1.30062e+07
1.73386e+08 1.30062e+07
1.73565e+08 1.30621e+07
1.73587e+08 1.29839e+07
1.73632e+08 1.30062e+07
1.73632e+08 1.30062e+07
1.73744e+08 1.30956e+07
1.73755e+08 1.30286e+07
1.73755e+08 1.30286e+07
1.73811e+08 1.30509e+07
1.73811e+08 1.30397e+07
1.73844e+08 1.30733e+07
1.73844e+08 1.30621e+07
1.73844e+08 1.30621e+07
1.74001e+08 1.30621e+07
1.74001e+08 1.30062e+07
1.74001e+08 1.29838e+07
1.75264e+08 1.28833e+07
1.75264e+08 1.28833e+07
1.75264e+08 1.28498e+07
1.87032e+08 1.38028e+07
1.87066e+08 1.38364e+07
1.87077e+08 1.36911e+07
1.87099e+08 1.37134e+07
1.87099e+08 1.37134e+07
1.87334e+08 1.37693e+07
1.87357e+08 1.37693e+07
1.87357e+08 1.37246e+07
1.87357e+08 1.37246e+07
1.87368e+08 1.3624e+07
1.87368e+08 1.36128e+07
1.87379e+08 1.3624e+07
1.8739e+08 1.35793e+07
1.87401e+08 1.35905e+07
1.87502e+08 1.36575e+07
1.87614e+08 1.37693e+07
1.87647e+08 1.38028e+07
1.87647e+08 1.36464e+07
1.8767e+08 1.36687e+07
1.8767e+08 1.36687e+07
1.89056e+08 1.37917e+07
1.89056e+08 1.37917e+07
1.89056e+08 1.37917e+07
2.01415e+08 1.43828e+07
2.01415e+08 1.43493e+07
2.01471e+08 1.44051e+07
2.01471e+08 1.4394e+07
2.01493e+08 1.4394e+07
2.01493e+08 1.4394e+07
2.01493e+08 1.41593e+07
2.01493e+08 1.41369e+07
2.01493e+08 1.41369e+07
2.01493e+08 1.41369e+07
2.01538e+08 1.41704e+07
2.01538e+08 1.41704e+07
2.01605e+08 1.42263e+07
2.01616e+08 1.42263e+07
2.01616e+08 1.42152e+07
2.01862e+08 1.43605e+07
2.01874e+08 1.42599e+07
2.01885e+08 1.42375e+07
2.01907e+08 1.42599e+07
2.01907e+08 1.42375e+07
2.01929e+08 1.42599e+07
2.03305e+08 1.42488e+07
2.03305e+08 1.42488e+07
2.03305e+08 1.42488e+07
2.16128e+08 1.47132e+07
2.16162e+08 1.47467e+07
2.16162e+08 1.46908e+07
2.16262e+08 1.47914e+07
2.16262e+08 1.47914e+07
2.16296e+08 1.48026e+07
2.16307e+08 1.48138e+07
2.16307e+08 1.48138e+07
2.16307e+08 1.48138e+07
2.16307e+08 1.48138e+07
2.16307e+08 1.48138e+07
2.16341e+08 1.48026e+07
2.16352e+08 1.48138e+07
2.16397e+08 1.47914e+07
2.16676e+08 1.50597e+07
2.16676e+08 1.50597e+07
2.16698e+08 1.48361e+07
2.1671e+08 1.48361e+07
2.16777e+08 1.4892e+07
2.16777e+08 1.48697e+07
2.16777e+08 1.48697e+07
2.1681e+08 1.48808e+07
2.1823e+08 1.49256e+07
2.1823e+08 1.49256e+07
2.1823e+08 1.49256e+07
2.31538e+08 1.54095e+07
2.31605e+08 1.5443e+07
2.31605e+08 1.5443e+07
2.31683e+08 1.54206e+07
2.31683e+08 1.54206e+07
2.31683e+08 1.54206e+07
2.31694e+08 1.53983e+07
2.31694e+08 1.53871e+07
2.31694e+08 1.53871e+07
2.31717e+08 1.54095e+07
2.31717e+08 1.54095e+07
2.3175e+08 1.5443e+07
2.31773e+08 1.54318e+07
2.31795e+08 1.5443e+07
2.31795e+08 1.53983e+07
2.32197e+08 1.55212e+07
2.3222e+08 1.55436e+07
2.32231e+08 1.55324e+07
2.32242e+08 1.55324e+07
2.32309e+08 1.55324e+07
2.32309e+08 1.55324e+07
2.32354e+08 1.55771e+07
2.32354e+08 1.55436e+07
2.33729e+08 1.5499e+07
2.33729e+08 1.5499e+07
2.33729e+08 1.5499e+07
2.47648e+08 1.61105e+07
2.47648e+08 1.60435e+07
2.47659e+08 1.60546e+07
2.47671e+08 1.59876e+07
2.47704e+08 1.60211e+07
2.47704e+08 1.60211e+07
2.47704e+08 1.60099e+07
2.47704e+08 1.601e+07
2.47704e+08 1.601e+07
2.47704e+08 1.601e+07
2.47738e+08 1.60211e+07
2.47771e+08 1.60547e+07
2.47771e+08 1.60211e+07
2.47771e+08 1.59988e+07
2.47794e+08 1.59988e+07
2.47827e+08 1.60323e+07
2.48263e+08 1.60658e+07
2.48286e+08 1.60659e+07
2.48286e+08 1.60547e+07
2.48286e+08 1.60435e+07
2.48364e+08 1.60547e+07
2.48364e+08 1.60547e+07
2.48453e+08 1.60994e+07
2.48453e+08 1.60994e+07
2.49896e+08 1.61666e+07
2.49896e+08 1.61666e+07
2.49907e+08 1.61778e+07
2.64297e+08 1.66483e+07
2.64319e+08 1.66707e+07
2.64319e+08 1.66595e+07
2.64319e+08 1.66483e+07
2.64364e+08 1.66595e+07
2.64375e+08 1.66707e+07
2.6442e+08 1.67154e+07
2.64431e+08 1.67265e+07
2.64442e+08 1.67377e+07
2.64442e+08 1.67377e+07
2.64453e+08 1.67489e+07
2.64464e+08 1.67266e+07
2.6452e+08 1.67489e+07
2.64598e+08 1.68271e+07
2.64621e+08 1.68495e+07
2.6471e+08 1.69166e+07
2.64733e+08 1.69054e+07
2.64923e+08 1.66595e+07
2.64923e+08 1.66371e+07
2.64945e+08 1.66595e+07
2.65023e+08 1.67378e+07
2.65057e+08 1.66931e+07
2.65068e+08 1.67043e+07
2.65124e+08 1.66707e+07
2.65124e+08 1.66707e+07
2.66656e+08 1.67601e+07
2.66656e+08 1.67601e+07
2.66701e+08 1.67937e+07
2.81525e+08 1.72283e+07
2.81536e+08 1.72171e+07
2.81592e+08 1.7273e+07
2.81626e+08 1.73066e+07
2.81626e+08 1.72618e+07
2.81637e+08 1.72618e+07
2.81637e+08 1.72171e+07
2.81637e+08 1.7206e+07
2.81637e+08 1.71948e+07
2.81637e+08 1.71948e+07
2.81637e+08 1.71948e+07
2.81648e+08 1.71948e+07
2.81648e+08 1.71836e+07
2.81693e+08 1.71725e+07
2.81749e+08 1.71501e+07
2.81816e+08 1.71948e+07
2.81894e+08 1.71836e+07
2.81916e+08 1.71836e+07
2.82151e+08 1.72284e+07
2.82185e+08 1.72619e+07
2.82196e+08 1.72507e+07
2.82218e+08 1.71948e+07
2.82241e+08 1.71837e+07
2.82241e+08 1.71725e+07
2.82285e+08 1.71613e+07
2.82285e+08 1.71613e+07
2.83952e+08 1.72955e+07
2.83952e+08 1.72955e+07
2.84097e+08 1.73961e+07
2.99343e+08 1.78185e+07
2.99422e+08 1.78856e+07
2.99433e+08 1.78409e+07
2.99444e+08 1.78185e+07
2.99478e+08 1.78521e+07
2.99489e+08 1.78521e+07
2.995e+08 1.78632e+07
2.995e+08 1.78632e+07
2.99511e+08 1.78744e+07
2.99511e+08 1.78744e+07
2.99511e+08 1.78744e+07
2.99511e+08 1.78744e+07
2.99522e+08 1.78744e+07
2.99567e+08 1.79191e+07
2.99634e+08 1.79415e+07
2.99657e+08 1.7908e+07
2.9969e+08 1.78744e+07
2.99813e+08 1.79191e+07
2.99858e+08 1.79415e+07
2.99992e+08 1.78409e+07
3.00048e+08 1.78632e+07
3.00059e+08 1.78633e+07
3.00093e+08 1.78745e+07
3.00126e+08 1.78856e+07
3.00137e+08 1.78968e+07
3.00216e+08 1.79303e+07
3.00238e+08 1.79527e+07
3.01927e+08 1.79751e+07
3.01927e+08 1.79751e+07
3.02005e+08 1.7908e+07
3.17685e+08 1.83416e+07
3.17707e+08 1.82857e+07
3.17752e+08 1.83193e+07
3.17775e+08 1.83304e+07
3.17775e+08 1.82969e+07
3.17797e+08 1.83081e+07
3.17797e+08 1.82969e+07
3.17797e+08 1.82969e+07
3.1783e+08 1.83193e+07
3.17898e+08 1.83863e+07
3.17909e+08 1.83975e+07
3.17965e+08 1.84534e+07
3.18009e+08 1.8487e+07
3.18009e+08 1.8487e+07
3.18032e+08 1.84646e+07
3.18043e+08 1.84087e+07
3.18043e+08 1.83864e+07
3.18043e+08 1.83528e+07
3.18222e+08 1.84087e+07
3.18244e+08 1.83863e+07
3.18367e+08 1.83752e+07
3.18445e+08 1.83976e+07
3.18512e+08 1.84534e+07
3.18557e+08 1.84646e+07
3.18557e+08 1.84311e+07
3.18557e+08 1.84199e+07
3.18568e+08 1.83528e+07
3.18624e+08 1.83864e+07
3.20347e+08 1.84199e+07
3.20347e+08 1.84199e+07
3.20392e+08 1.83865e+07
3.36756e+08 1.90705e+07
3.36756e+08 1.90481e+07
3.36767e+08 1.90146e+07
3.36767e+08 1.89923e+07
3.36767e+08 1.89923e+07
3.36867e+08 1.90705e+07
3.36879e+08 1.90817e+07
3.36879e+08 1.90817e+07
3.36957e+08 1.91264e+07
3.36957e+08 1.90593e+07
3.36957e+08 1.90481e+07
3.36979e+08 1.90146e+07
3.37069e+08 1.90593e+07
3.37069e+08 1.90593e+07
3.37102e+08 1.90929e+07
3.37113e+08 1.90817e+07
3.37113e+08 1.90705e+07
3.37113e+08 1.90705e+07
3.37125e+08 1.90817e+07
3.37214e+08 1.89923e+07
3.37281e+08 1.9037e+07
3.37415e+08 1.90482e+07
3.37438e+08 1.89923e+07
3.3746e+08 1.89476e+07
3.37605e+08 1.90482e+07
3.37628e+08 1.90706e+07
3.37628e+08 1.90706e+07
3.37684e+08 1.91152e+07
3.37728e+08 1.91041e+07
3.39395e+08 1.90482e+07
3.39395e+08 1.90482e+07
3.39484e+08 1.90929e+07
3.56282e+08 1.95262e+07
3.56282e+08 1.95262e+07
3.56304e+08 1.95374e+07
3.56315e+08 1.95486e+07
3.56315e+08 1.95486e+07
3.56315e+08 1.9448e+07
3.56315e+08 1.94368e+07
3.56327e+08 1.9448e+07
3.56382e+08 1.94257e+07
3.56483e+08 1.95263e+07
3.56483e+08 1.95262e+07
3.56494e+08 1.9515e+07
3.56494e+08 1.94256e+07
3.56505e+08 1.94368e+07
3.56595e+08 1.94927e+07
3.56673e+08 1.95598e+07
3.56696e+08 1.95822e+07
3.56696e+08 1.95822e+07
3.56696e+08 1.95822e+07
3.56696e+08 1.9571e+07
3.56696e+08 1.94816e+07
3.56751e+08 1.94703e+07
3.56863e+08 1.9448e+07
3.56919e+08 1.94815e+07
3.56919e+08 1.94592e+07
3.57087e+08 1.94815e+07
3.57121e+08 1.94927e+07
3.57121e+08 1.94927e+07
3.57121e+08 1.94368e+07
3.57244e+08 1.95151e+07
3.58977e+08 1.95822e+07
3.58977e+08 1.95822e+07
3.59022e+08 1.95375e+07
3.76143e+08 1.98614e+07
3.76221e+08 1.99396e+07
3.76244e+08 1.99396e+07
3.76244e+08 1.99284e+07
3.76244e+08 1.99284e+07
3.76311e+08 1.99955e+07
3.76356e+08 2.00402e+07
3.76479e+08 2.0152e+07
3.76501e+08 2.01184e+07
3.76501e+08 2.00178e+07
3.76501e+08 2.00178e+07
3.76501e+08 2.00067e+07
3.76501e+08 2.00067e+07
3.76501e+08 1.99955e+07
3.76501e+08 1.99061e+07
3.76624e+08 1.99508e+07
3.7668e+08 1.99844e+07
3.7668e+08 1.99844e+07
3.7668e+08 1.99844e+07
3.76691e+08 1.99955e+07
3.76725e+08 2.00291e+07
3.76725e+08 2.00291e+07
3.76736e+08 1.99844e+07
3.76814e+08 1.99508e+07
3.76859e+08 1.99396e+07
3.76859e+08 1.99396e+07
3.76926e+08 1.98391e+07
3.77071e+08 1.99509e+07
3.77071e+08 1.99509e+07
3.77116e+08 1.99956e+07
3.77194e+08 1.99509e+07
3.79017e+08 2.00403e+07
3.79017e+08 2.00403e+07
3.79185e+08 2.01633e+07
3.96776e+08 2.06329e+07
3.96843e+08 2.06218e+07
3.96843e+08 2.05994e+07
3.96843e+08 2.05994e+07
3.96843e+08 2.05994e+07
3.97033e+08 2.07223e+07
3.97033e+08 2.06776e+07
3.97067e+08 2.05882e+07
3.97067e+08 2.05659e+07
3.97067e+08 2.05659e+07
3.97067e+08 2.05659e+07
3.97078e+08 2.05771e+07
3.97078e+08 2.05771e+07
3.97078e+08 2.05771e+07
3.97078e+08 2.05771e+07
3.97156e+08 2.05324e+07
3.97201e+08 2.05212e+07
3.97201e+08 2.05212e+07
3.97212e+08 2.05324e+07
3.97212e+08 2.05324e+07
3.97212e+08 2.05212e+07
3.97212e+08 2.04876e+07
3.97212e+08 2.04876e+07
3.97212e+08 2.04765e+07
3.97324e+08 2.051e+07
3.97347e+08 2.04877e+07
3.97347e+08 2.04877e+07
3.97693e+08 2.07671e+07
3.97883e+08 2.08119e+07
3.97883e+08 2.08119e+07
3.97984e+08 2.08677e+07
3.98051e+08 2.08565e+07
3.99717e+08 2.07001e+07
3.99717e+08 2.07001e+07
4.00042e+08 2.08566e+07
4.18175e+08 2.13989e+07
4.18264e+08 2.14212e+07
4.18264e+08 2.14212e+07
4.18287e+08 2.14436e+07
4.18343e+08 2.14995e+07
4.18376e+08 2.1343e+07
4.18376e+08 2.1343e+07
4.1841e+08 2.1343e+07
4.1841e+08 2.1343e+07
4.18443e+08 2.13766e+07
4.18443e+08 2.13766e+07
4.18443e+08 2.13654e+07
4.18443e+08 2.13654e+07
4.18443e+08 2.13654e+07
4.18477e+08 2.13989e+07
4.18544e+08 2.13877e+07
4.18566e+08 2.13654e+07
4.18578e+08 2.13766e+07
4.18578e+08 2.13654e+07
4.18578e+08 2.13654e+07
4.18578e+08 2.13654e+07
4.18578e+08 2.13654e+07
4.18578e+08 2.13654e+07
4.18578e+08 2.13654e+07
4.18578e+08 2.13654e+07
4.18678e+08 2.13542e+07
4.18678e+08 2.13319e+07
4.18678e+08 2.13319e+07
4.19226e+08 2.15331e+07
4.1945e+08 2.15666e+07
4.1945e+08 2.15666e+07
4.19651e+08 2.16672e+07
4.19685e+08 2.16337e+07
4.21206e+08 2.14884e+07
4.21206e+08 2.14884e+07
4.21553e+08 2.15108e+07
4.40182e+08 2.20066e+07
4.40182e+08 2.19172e+07
4.40182e+08 2.19172e+07
4.40215e+08 2.19284e+07
4.40238e+08 2.18949e+07
4.40238e+08 2.18613e+07
4.4026e+08 2.18837e+07
4.40293e+08 2.18837e+07
4.40294e+08 2.18837e+07
4.40305e+08 2.18613e+07
4.40349e+08 2.1906e+07
4.40349e+08 2.1906e+07
4.40372e+08 2.19284e+07
4.40372e+08 2.19284e+07
4.40428e+08 2.19508e+07
4.4045e+08 2.1906e+07
4.40484e+08 2.19172e+07
4.40484e+08 2.19061e+07
4.40484e+08 2.1906e+07
4.40484e+08 2.1906e+07
4.40484e+08 2.1906e+07
4.40484e+08 2.1906e+07
4.40484e+08 2.1906e+07
4.40484e+08 2.1906e+07
4.40495e+08 2.19172e+07
4.40495e+08 2.19172e+07
4.40651e+08 2.19731e+07
4.40674e+08 2.19955e+07
4.40674e+08 2.19955e+07
4.41334e+08 2.21073e+07
4.41568e+08 2.21185e+07
4.4158e+08 2.21297e+07
4.41624e+08 2.19732e+07
4.4168e+08 2.19955e+07
4.43224e+08 2.20179e+07
4.43257e+08 2.20514e+07
4.43526e+08 2.19731e+07
4.62593e+08 2.2411e+07
4.62593e+08 2.2411e+07
4.62604e+08 2.24222e+07
4.62626e+08 2.2411e+07
4.62705e+08 2.24669e+07
4.62716e+08 2.24781e+07
4.62738e+08 2.24781e+07
4.62749e+08 2.24558e+07
4.62749e+08 2.24558e+07
4.62749e+08 2.24446e+07
4.62783e+08 2.24334e+07
4.62805e+08 2.24558e+07
4.62805e+08 2.24334e+07
4.62839e+08 2.24669e+07
4.62884e+08 2.24558e+07
4.62895e+08 2.24446e+07
4.62939e+08 2.24558e+07
4.62939e+08 2.24558e+07
4.62939e+08 2.24558e+07
4.62984e+08 2.25005e+07
4.62984e+08 2.25005e+07
4.62984e+08 2.25005e+07
4.62984e+08 2.25005e+07
4.62984e+08 2.25005e+07
4.63007e+08 2.25229e+07
4.63018e+08 2.25228e+07
4.6304e+08 2.25452e+07
4.63085e+08 2.24334e+07
4.63118e+08 2.24446e+07
4.63118e+08 2.24446e+07
4.63856e+08 2.25229e+07
4.6408e+08 2.25117e+07
4.6417e+08 2.259e+07
4.64214e+08 2.259e+07
4.64415e+08 2.27353e+07
4.65769e+08 2.25453e+07
4.65769e+08 2.25117e+07
4.65948e+08 2.24222e+07
4.8563e+08 2.30373e+07
4.8563e+08 2.30373e+07
4.8563e+08 2.30261e+07
4.85675e+08 2.30484e+07
4.85675e+08 2.29702e+07
4.85731e+08 2.30149e+07
4.85775e+08 2.30373e+07
4.85798e+08 2.30485e+07
4.85798e+08 2.30485e+07
4.85809e+08 2.30596e+07
4.85842e+08 2.30596e+07
4.85842e+08 2.30373e+07
4.85842e+08 2.30373e+07
4.85842e+08 2.30037e+07
4.85932e+08 2.30484e+07
4.85932e+08 2.30373e+07
4.85943e+08 2.30037e+07
4.85977e+08 2.30373e+07
4.85977e+08 2.30373e+07
4.8601e+08 2.30261e+07
4.86021e+08 2.30373e+07
4.86033e+08 2.30485e+07
4.86033e+08 2.30485e+07
4.86033e+08 2.30485e+07
4.86033e+08 2.30485e+07
4.86033e+08 2.30261e+07
4.86033e+08 2.30149e+07
4.86044e+08 2.30037e+07
4.86133e+08 2.30485e+07
4.86178e+08 2.30596e+07
4.86178e+08 2.30596e+07
4.86905e+08 2.30484e+07
4.87207e+08 2.31267e+07
4.87307e+08 2.31379e+07
4.87307e+08 2.30932e+07
4.87386e+08 2.29702e+07
4.88974e+08 2.3205e+07
4.88974e+08 2.3205e+07
4.89041e+08 2.30932e+07
5.09349e+08 2.37194e+07
5.09361e+08 2.37306e+07
5.09372e+08 2.37418e+07
5.09394e+08 2.37195e+07
5.09394e+08 2.37195e+07
5.09405e+08 2.36748e+07
5.09461e+08 2.36859e+07
5.09472e+08 2.36747e+07
5.09484e+08 2.36859e+07
5.09495e+08 2.36859e+07
5.0954e+08 2.36971e+07
5.09573e+08 2.37306e+07
5.09573e+08 2.37306e+07
5.09618e+08 2.37753e+07
5.09663e+08 2.37307e+07
5.09674e+08 2.37418e+07
5.09696e+08 2.3753e+07
5.09719e+08 2.37418e+07
5.09719e+08 2.37418e+07
5.09763e+08 2.3753e+07
5.09763e+08 2.37418e+07
5.09763e+08 2.37306e+07
5.09763e+08 2.37306e+07
5.09763e+08 2.37306e+07
5.09763e+08 2.37306e+07
5.09775e+08 2.37418e+07
5.09775e+08 2.37418e+07
5.09775e+08 2.37418e+07
5.09786e+08 2.37418e+07
5.09831e+08 2.36971e+07
5.09898e+08 2.37195e+07
5.0992e+08 2.37418e+07
5.10703e+08 2.37977e+07
5.11183e+08 2.39766e+07
5.11206e+08 2.38983e+07
5.11228e+08 2.39207e+07
5.11228e+08 2.38425e+07
5.12761e+08 2.37866e+07
5.12772e+08 2.37978e+07
5.12794e+08 2.37531e+07
5.33643e+08 2.42931e+07
5.33643e+08 2.42819e+07
5.33665e+08 2.42931e+07
5.33665e+08 2.42708e+07
5.33665e+08 2.42708e+07
5.33698e+08 2.42931e+07
5.3371e+08 2.42484e+07
5.33732e+08 2.42596e+07
5.33766e+08 2.4282e+07
5.33788e+08 2.42931e+07
5.33788e+08 2.42484e+07
5.33844e+08 2.42708e+07
5.33866e+08 2.42931e+07
5.33922e+08 2.43043e+07
5.33945e+08 2.4282e+07
5.33967e+08 2.42931e+07
5.33967e+08 2.42708e+07
5.34001e+08 2.4282e+07
5.34001e+08 2.4282e+07
5.34034e+08 2.42708e+07
5.34034e+08 2.42708e+07
5.34045e+08 2.4282e+07
5.34045e+08 2.4282e+07
5.34056e+08 2.42931e+07
5.34056e+08 2.42931e+07
5.34057e+08 2.4282e+07
5.34079e+08 2.43043e+07
5.34079e+08 2.43043e+07
5.34079e+08 2.43043e+07
5.34079e+08 2.42932e+07
5.34112e+08 2.4282e+07
5.34202e+08 2.43043e+07
5.34224e+08 2.43043e+07
5.35074e+08 2.43714e+07
5.35499e+08 2.43155e+07
5.35532e+08 2.43267e+07
5.35555e+08 2.43268e+07
5.35566e+08 2.43379e+07
5.37143e+08 2.43827e+07
5.37199e+08 2.44274e+07
5.37199e+08 2.4405e+07
5.58412e+08 2.47691e+07
5.58479e+08 2.48362e+07
5.58501e+08 2.48362e+07
5.58523e+08 2.48585e+07
5.58523e+08 2.48585e+07
5.58579e+08 2.48809e+07
5.58602e+08 2.4892e+07
5.58613e+08 2.48809e+07
5.5868e+08 2.49144e+07
5.5868e+08 2.4892e+07
5.58702e+08 2.49144e+07
5.58702e+08 2.48585e+07
5.58714e+08 2.48473e+07
5.58758e+08 2.48362e+07
5.58859e+08 2.49144e+07
5.58859e+08 2.4892e+07
5.58904e+08 2.49368e+07
5.58904e+08 2.49032e+07
5.58904e+08 2.49032e+07
5.58926e+08 2.4892e+07
5.58937e+08 2.49032e+07
5.58937e+08 2.48921e+07
5.58937e+08 2.48921e+07
5.58937e+08 2.48809e+07
5.58937e+08 2.48809e+07
5.58949e+08 2.48921e+07
5.58971e+08 2.48921e+07
5.58971e+08 2.48921e+07
5.58971e+08 2.48921e+07
5.58971e+08 2.48921e+07
5.58971e+08 2.48921e+07
5.59016e+08 2.49032e+07
5.59049e+08 2.48474e+07
5.59072e+08 2.48474e+07
5.60022e+08 2.4948e+07
5.60402e+08 2.49033e+07
5.60425e+08 2.48921e+07
5.60458e+08 2.49033e+07
5.60469e+08 2.49033e+07
5.62102e+08 2.49592e+07
5.62102e+08 2.49033e+07
5.62114e+08 2.49145e+07
5.83865e+08 2.5453e+07
5.83865e+08 2.5386e+07
5.83865e+08 2.53636e+07
5.83887e+08 2.53636e+07
5.83887e+08 2.53636e+07
5.83921e+08 2.53412e+07
5.84021e+08 2.54195e+07
5.84021e+08 2.54083e+07
5.84088e+08 2.54083e+07
5.84088e+08 2.54083e+07
5.84088e+08 2.5386e+07
5.84088e+08 2.5386e+07
5.84088e+08 2.53748e+07
5.84133e+08 2.53748e+07
5.84301e+08 2.54419e+07
5.84301e+08 2.54419e+07
5.84312e+08 2.54083e+07
5.84312e+08 2.54083e+07
5.84312e+08 2.54084e+07
5.84312e+08 2.5386e+07
5.84335e+08 2.53972e+07
5.84335e+08 2.53972e+07
5.84335e+08 2.53972e+07
5.84346e+08 2.54084e+07
5.84346e+08 2.54084e+07
5.84368e+08 2.54195e+07
5.84379e+08 2.54084e+07
5.84379e+08 2.54084e+07
5.8439e+08 2.54195e+07
5.84391e+08 2.54195e+07
5.84391e+08 2.54195e+07
5.84391e+08 2.54195e+07
5.84424e+08 2.54084e+07
5.84458e+08 2.54084e+07
5.84469e+08 2.53972e+07
5.85609e+08 2.55872e+07
5.85934e+08 2.55314e+07
5.85934e+08 2.5509e+07
5.85956e+08 2.54978e+07
5.86023e+08 2.55537e+07
5.87679e+08 2.55761e+07
5.8769e+08 2.55873e+07
5.87712e+08 2.55984e+07
6.10031e+08 2.61659e+07
6.10031e+08 2.61659e+07
6.10031e+08 2.61659e+07
6.10031e+08 2.61435e+07
6.10042e+08 2.61547e+07
6.10042e+08 2.61212e+07
6.10165e+08 2.61435e+07
6.1021e+08 2.61883e+07
6.10265e+08 2.61771e+07
6.10265e+08 2.61771e+07
6.10265e+08 2.61771e+07
6.10265e+08 2.61771e+07
6.10277e+08 2.61883e+07
6.10321e+08 2.61883e+07
6.10433e+08 2.61324e+07
6.10444e+08 2.61436e+07
6.10444e+08 2.61324e+07
6.10444e+08 2.61324e+07
6.10478e+08 2.61659e+07
6.10478e+08 2.61659e+07
6.10512e+08 2.61771e+07
6.10512e+08 2.61771e+07
6.10512e+08 2.61771e+07
6.10512e+08 2.61659e+07
6.10512e+08 2.61659e+07
6.10523e+08 2.61548e+07
6.10523e+08 2.61436e+07
6.10523e+08 2.61436e+07
6.10523e+08 2.61324e+07
6.10523e+08 2.61324e+07
6.10523e+08 2.61324e+07
6.10534e+08 2.61436e+07
6.10534e+08 2.61436e+07
6.10545e+08 2.61212e+07
6.10568e+08 2.611e+07
6.10568e+08 2.60988e+07
6.11518e+08 2.59088e+07
6.11831e+08 2.58975e+07
6.11831e+08 2.58975e+07
6.11831e+08 2.58752e+07
6.11831e+08 2.58081e+07
6.1295e+08 2.52715e+07
6.1295e+08 2.52603e+07
6.1295e+08 2.5238e+07
6.17753e+08 7.72264e+06
6.17753e+08 7.72264e+06
6.17753e+08 7.72264e+06
