5.42927e+06 5.42854e+06
8.38422e+06 2.95495e+06
8.46286e+06 3.03359e+06
9.64803e+06 1.2638e+06
1.02263e+07 1.7634e+06
1.20135e+07 2.36548e+06
1.20135e+07 2.36548e+06
1.22038e+07 1.97755e+06
1.44734e+07 2.45992e+06
1.44734e+07 2.45992e+06
1.44734e+07 2.45993e+06
1.4541e+07 2.3372e+06
1.69784e+07 2.50497e+06
1.69784e+07 2.50499e+06
1.69784e+07 2.50499e+06
1.74483e+07 2.90726e+06
1.74483e+07 2.90727e+06
2.03332e+07 3.35477e+06
2.03332e+07 3.35478e+06
2.03332e+07 3.35478e+06
2.10603e+07 3.61206e+06
2.10603e+07 3.61206e+06
2.10604e+07 3.61207e+06
2.3923e+07 3.58988e+06
2.39566e+07 3.6234e+06
2.40237e+07 3.69047e+06
2.4952e+07 3.89162e+06
2.4952e+07 3.89162e+06
2.4952e+07 3.89162e+06
2.4952e+07 3.89163e+06
2.79044e+07 3.98137e+06
2.80944e+07 4.13783e+06
2.8128e+07 4.1043e+06
2.9101e+07 4.14905e+06
2.9101e+07 4.14905e+06
2.9101e+07 4.14905e+06
2.9101e+07 4.14905e+06
3.26123e+07 4.7079e+06
3.26123e+07 4.7079e+06
3.26235e+07 4.5291e+06
3.26235e+07 4.49556e+06
3.37978e+07 4.69683e+06
3.37979e+07 4.69683e+06
3.37979e+07 4.69683e+06
3.3809e+07 4.70801e+06
3.78631e+07 5.25082e+06
3.78743e+07 5.262e+06
3.78743e+07 5.262e+06
3.80644e+07 5.44084e+06
3.80979e+07 5.47438e+06
3.906e+07 5.26213e+06
3.906e+07 5.26214e+06
3.906e+07 5.26214e+06
3.906e+07 5.25097e+06
4.38231e+07 5.95995e+06
4.38231e+07 5.94877e+06
4.38231e+07 5.94877e+06
4.39349e+07 5.87057e+06
4.3935e+07 5.87058e+06
4.3935e+07 5.83704e+06
4.48635e+07 5.80357e+06
4.48971e+07 5.83713e+06
4.48971e+07 5.83713e+06
4.49083e+07 5.84831e+06
5.02757e+07 6.45259e+06
5.03204e+07 6.4973e+06
5.03651e+07 6.54202e+06
5.05664e+07 6.63143e+06
5.05664e+07 6.63143e+06
5.05888e+07 6.6538e+06
5.05999e+07 6.66498e+06
5.15286e+07 6.6651e+06
5.15511e+07 6.65393e+06
5.15511e+07 6.65394e+06
5.15511e+07 6.64275e+06
5.74794e+07 7.20372e+06
5.74906e+07 7.17019e+06
5.75353e+07 7.17017e+06
5.7703e+07 7.13663e+06
5.7703e+07 7.13663e+06
5.77924e+07 7.20369e+06
5.77925e+07 7.19253e+06
5.77925e+07 7.19253e+06
5.85425e+07 7.01383e+06
5.85984e+07 7.04737e+06
5.85984e+07 7.04737e+06
5.85984e+07 7.04737e+06
6.51488e+07 7.66935e+06
6.51823e+07 7.69171e+06
6.51823e+07 7.64701e+06
6.53835e+07 7.68049e+06
6.53835e+07 7.68049e+06
6.5417e+07 7.6246e+06
6.54394e+07 7.64695e+06
6.54618e+07 7.66932e+06
6.5473e+07 7.68051e+06
6.64355e+07 7.89303e+06
6.64579e+07 7.85951e+06
6.64579e+07 7.85951e+06
6.6458e+07 7.85951e+06
7.34129e+07 8.26412e+06
7.34352e+07 8.25295e+06
7.34464e+07 8.26412e+06
7.35358e+07 8.15235e+06
7.35694e+07 8.18588e+06
7.36476e+07 8.23057e+06
7.37035e+07 8.2641e+06
7.37147e+07 8.25293e+06
7.37147e+07 8.24175e+06
7.37259e+07 8.25294e+06
7.45545e+07 8.11899e+06
7.45993e+07 8.14132e+06
7.45993e+07 8.14132e+06
7.46217e+07 8.16371e+06
8.23643e+07 8.95145e+06
8.23755e+07 8.94028e+06
8.23867e+07 8.94028e+06
8.24202e+07 8.8844e+06
8.24203e+07 8.85087e+06
8.24203e+07 8.77265e+06
8.24203e+07 8.71676e+06
8.24315e+07 8.71677e+06
8.24315e+07 8.71677e+06
8.24315e+07 8.70559e+06
8.34167e+07 8.86217e+06
8.34167e+07 8.86218e+06
8.34838e+07 8.88456e+06
8.35062e+07 8.90692e+06
8.35621e+07 8.94044e+06
9.15345e+07 9.17014e+06
9.15457e+07 9.17016e+06
9.15569e+07 9.17017e+06
9.16463e+07 9.22607e+06
9.16463e+07 9.22607e+06
9.17246e+07 9.30431e+06
9.17246e+07 9.30431e+06
9.17805e+07 9.34904e+06
9.17805e+07 9.34904e+06
9.17805e+07 9.34904e+06
9.2777e+07 9.36031e+06
9.2777e+07 9.3603e+06
9.2777e+07 9.36032e+06
9.27771e+07 9.29323e+06
9.27882e+07 9.28205e+06
9.27995e+07 9.23738e+06
1.01671e+08 1.01364e+07
1.01682e+08 1.01364e+07
1.01693e+08 1.01364e+07
1.01805e+08 1.01587e+07
1.01805e+08 1.01587e+07
1.01827e+08 1.01029e+07
1.01827e+08 1.01029e+07
1.01861e+08 1.00805e+07
1.01872e+08 1.00917e+07
1.01872e+08 1.00917e+07
1.02813e+08 1.00359e+07
1.02824e+08 1.00471e+07
1.02846e+08 1.00695e+07
1.02858e+08 1.00806e+07
1.02925e+08 1.01477e+07
1.02958e+08 1.01701e+07
1.0307e+08 1.02707e+07
1.12208e+08 1.05372e+07
1.12264e+08 1.05819e+07
1.12353e+08 1.06601e+07
1.12376e+08 1.05707e+07
1.12376e+08 1.05707e+07
1.12376e+08 1.05483e+07
1.12376e+08 1.05483e+07
1.12387e+08 1.0526e+07
1.12398e+08 1.0526e+07
1.12398e+08 1.0526e+07
1.13417e+08 1.06044e+07
1.13417e+08 1.05932e+07
1.13428e+08 1.0582e+07
1.13428e+08 1.05708e+07
1.13462e+08 1.05373e+07
1.13462e+08 1.05373e+07
1.13462e+08 1.05037e+07
1.13619e+08 1.05484e+07
1.23617e+08 1.14089e+07
1.23639e+08 1.13754e+07
1.23662e+08 1.13083e+07
1.23662e+08 1.1286e+07
1.23673e+08 1.12972e+07
1.23673e+08 1.12972e+07
1.23673e+08 1.12972e+07
1.23684e+08 1.12971e+07
1.23684e+08 1.1286e+07
1.23684e+08 1.1286e+07
1.24759e+08 1.1342e+07
1.24782e+08 1.13643e+07
1.24815e+08 1.13867e+07
1.24826e+08 1.13979e+07
1.24871e+08 1.1409e+07
1.24871e+08 1.14091e+07
1.24871e+08 1.14091e+07
1.24871e+08 1.14091e+07
1.24927e+08 1.13085e+07
1.35372e+08 1.17553e+07
1.35395e+08 1.17553e+07
1.35395e+08 1.1733e+07
1.35395e+08 1.17329e+07
1.35395e+08 1.17217e+07
1.35395e+08 1.17217e+07
1.35395e+08 1.17217e+07
1.35395e+08 1.17106e+07
1.35406e+08 1.17217e+07
1.35406e+08 1.17218e+07
1.36559e+08 1.18001e+07
1.36559e+08 1.17778e+07
1.36571e+08 1.17554e+07
1.36571e+08 1.17442e+07
1.36627e+08 1.17554e+07
1.36627e+08 1.17554e+07
1.36627e+08 1.17554e+07
1.36649e+08 1.17778e+07
1.3666e+08 1.1789e+07
1.36671e+08 1.17442e+07
1.47623e+08 1.22509e+07
1.47713e+08 1.2318e+07
1.47802e+08 1.24074e+07
1.47802e+08 1.24074e+07
1.47802e+08 1.24074e+07
1.47802e+08 1.24074e+07
1.47813e+08 1.24186e+07
1.47825e+08 1.24298e+07
1.47825e+08 1.24186e+07
1.47825e+08 1.24185e+07
1.49101e+08 1.25416e+07
1.49112e+08 1.25528e+07
1.49112e+08 1.25416e+07
1.49112e+08 1.25416e+07
1.49179e+08 1.25528e+07
1.49179e+08 1.25528e+07
1.49179e+08 1.25528e+07
1.49202e+08 1.25529e+07
1.49224e+08 1.2564e+07
1.49235e+08 1.2564e+07
1.49235e+08 1.2564e+07
1.60572e+08 1.29486e+07
1.60628e+08 1.29151e+07
1.6065e+08 1.2848e+07
1.6065e+08 1.2848e+07
1.6065e+08 1.2848e+07
1.6065e+08 1.2848e+07
1.6065e+08 1.28369e+07
1.60717e+08 1.28927e+07
1.60728e+08 1.29039e+07
1.60728e+08 1.29039e+07
1.61949e+08 1.28481e+07
1.61949e+08 1.2837e+07
1.61994e+08 1.28817e+07
1.62016e+08 1.2904e+07
1.62117e+08 1.29376e+07
1.62128e+08 1.29487e+07
1.62128e+08 1.29487e+07
1.6215e+08 1.29487e+07
1.62151e+08 1.29264e+07
1.62173e+08 1.29375e+07
1.62173e+08 1.29375e+07
1.62173e+08 1.29375e+07
1.73724e+08 1.31526e+07
1.73747e+08 1.31191e+07
1.73747e+08 1.30968e+07
1.73747e+08 1.30968e+07
1.73747e+08 1.30968e+07
1.73747e+08 1.30968e+07
1.73747e+08 1.30968e+07
1.73747e+08 1.30296e+07
1.73747e+08 1.30184e+07
1.73769e+08 1.30408e+07
1.75113e+08 1.31638e+07
1.75113e+08 1.31638e+07
1.75135e+08 1.31414e+07
1.75135e+08 1.31191e+07
1.75236e+08 1.31191e+07
1.75247e+08 1.31191e+07
1.75247e+08 1.31191e+07
1.75258e+08 1.31079e+07
1.75325e+08 1.3175e+07
1.7537e+08 1.31973e+07
1.7537e+08 1.31973e+07
1.75381e+08 1.32085e+07
1.87368e+08 1.36434e+07
1.87368e+08 1.36434e+07
1.8739e+08 1.36433e+07
1.8739e+08 1.36433e+07
1.8739e+08 1.36433e+07
1.8739e+08 1.36433e+07
1.8739e+08 1.36433e+07
1.8739e+08 1.36433e+07
1.87401e+08 1.36545e+07
1.87401e+08 1.36545e+07
1.87468e+08 1.36992e+07
1.88779e+08 1.36658e+07
1.88801e+08 1.36882e+07
1.88812e+08 1.3677e+07
1.88812e+08 1.3677e+07
1.88913e+08 1.3677e+07
1.88969e+08 1.37217e+07
1.89025e+08 1.37776e+07
1.89047e+08 1.37888e+07
1.8907e+08 1.37441e+07
1.89081e+08 1.37106e+07
1.89081e+08 1.37106e+07
1.89081e+08 1.36994e+07
2.01647e+08 1.42797e+07
2.01647e+08 1.42797e+07
2.01647e+08 1.42797e+07
2.0167e+08 1.42797e+07
2.01681e+08 1.42909e+07
2.01681e+08 1.42909e+07
2.01681e+08 1.42909e+07
2.01692e+08 1.4302e+07
2.01692e+08 1.4302e+07
2.01692e+08 1.42909e+07
2.01692e+08 1.42909e+07
2.01703e+08 1.42349e+07
2.03114e+08 1.43357e+07
2.03114e+08 1.43134e+07
2.03114e+08 1.43022e+07
2.03114e+08 1.43022e+07
2.03271e+08 1.43581e+07
2.03271e+08 1.43022e+07
2.03293e+08 1.42687e+07
2.03316e+08 1.42687e+07
2.03349e+08 1.42798e+07
2.03361e+08 1.42798e+07
2.03361e+08 1.42798e+07
2.03383e+08 1.43022e+07
2.16478e+08 1.48301e+07
2.16478e+08 1.48301e+07
2.16478e+08 1.48301e+07
2.16478e+08 1.48078e+07
2.16478e+08 1.48078e+07
2.16478e+08 1.47966e+07
2.16478e+08 1.47966e+07
2.16478e+08 1.47966e+07
2.16478e+08 1.47854e+07
2.16478e+08 1.47854e+07
2.16478e+08 1.47854e+07
2.16478e+08 1.47854e+07
2.16478e+08 1.47743e+07
2.17978e+08 1.48638e+07
2.17989e+08 1.4875e+07
2.18012e+08 1.48973e+07
2.18034e+08 1.49197e+07
2.18146e+08 1.4875e+07
2.18146e+08 1.4875e+07
2.1818e+08 1.48862e+07
2.1818e+08 1.48639e+07
2.18202e+08 1.48527e+07
2.18224e+08 1.48638e+07
2.18224e+08 1.48638e+07
2.18224e+08 1.48415e+07
2.31821e+08 1.53432e+07
2.31832e+08 1.53544e+07
2.31865e+08 1.53879e+07
2.31865e+08 1.53879e+07
2.31866e+08 1.53879e+07
2.31866e+08 1.5388e+07
2.31866e+08 1.5388e+07
2.31866e+08 1.5388e+07
2.31866e+08 1.5388e+07
2.31866e+08 1.5388e+07
2.31866e+08 1.5388e+07
2.31866e+08 1.5388e+07
2.31866e+08 1.5388e+07
2.31866e+08 1.5388e+07
2.33445e+08 1.54663e+07
2.33456e+08 1.54663e+07
2.33534e+08 1.55222e+07
2.33534e+08 1.54999e+07
2.33646e+08 1.54999e+07
2.33646e+08 1.54999e+07
2.33646e+08 1.54663e+07
2.33646e+08 1.54663e+07
2.3368e+08 1.54775e+07
2.33691e+08 1.54664e+07
2.33691e+08 1.54664e+07
2.33691e+08 1.54664e+07
2.47796e+08 1.59756e+07
2.47796e+08 1.59645e+07
2.47819e+08 1.59533e+07
2.47819e+08 1.59533e+07
2.47819e+08 1.59533e+07
2.47819e+08 1.59533e+07
2.4783e+08 1.59645e+07
2.4783e+08 1.59645e+07
2.4783e+08 1.59645e+07
2.4783e+08 1.59645e+07
2.47841e+08 1.59757e+07
2.47841e+08 1.59756e+07
2.47841e+08 1.59756e+07
2.47841e+08 1.59756e+07
2.47841e+08 1.59756e+07
2.49499e+08 1.60541e+07
2.4951e+08 1.60541e+07
2.49577e+08 1.60429e+07
2.49588e+08 1.60541e+07
2.49678e+08 1.60317e+07
2.49678e+08 1.60317e+07
2.49689e+08 1.60429e+07
2.49689e+08 1.60429e+07
2.49711e+08 1.60317e+07
2.49722e+08 1.60317e+07
2.49756e+08 1.60652e+07
2.49756e+08 1.60652e+07
2.64336e+08 1.65397e+07
2.64336e+08 1.65397e+07
2.64336e+08 1.65174e+07
2.64336e+08 1.65174e+07
2.64336e+08 1.65174e+07
2.64336e+08 1.65174e+07
2.64381e+08 1.65509e+07
2.64381e+08 1.65509e+07
2.64392e+08 1.65621e+07
2.64403e+08 1.65733e+07
2.64403e+08 1.65733e+07
2.64403e+08 1.65621e+07
2.64403e+08 1.65621e+07
2.64403e+08 1.65621e+07
2.64403e+08 1.65621e+07
2.64403e+08 1.65621e+07
2.66173e+08 1.6674e+07
2.66184e+08 1.6674e+07
2.66229e+08 1.66516e+07
2.66229e+08 1.66405e+07
2.66318e+08 1.66405e+07
2.66318e+08 1.66405e+07
2.66318e+08 1.66293e+07
2.66318e+08 1.66293e+07
2.66329e+08 1.66181e+07
2.66341e+08 1.66181e+07
2.66363e+08 1.6607e+07
2.66385e+08 1.66293e+07
2.81608e+08 1.72718e+07
2.81608e+08 1.72718e+07
2.8163e+08 1.72942e+07
2.81642e+08 1.73054e+07
2.81653e+08 1.73166e+07
2.81653e+08 1.73166e+07
2.81653e+08 1.72719e+07
2.81653e+08 1.72719e+07
2.81653e+08 1.72607e+07
2.81653e+08 1.72495e+07
2.81653e+08 1.72495e+07
2.81653e+08 1.72495e+07
2.81653e+08 1.72495e+07
2.81664e+08 1.72607e+07
2.81664e+08 1.72607e+07
2.81664e+08 1.72607e+07
2.81664e+08 1.72607e+07
2.83433e+08 1.72608e+07
2.83489e+08 1.73055e+07
2.83557e+08 1.73279e+07
2.83557e+08 1.73279e+07
2.83668e+08 1.73503e+07
2.83668e+08 1.73503e+07
2.83668e+08 1.73503e+07
2.8368e+08 1.73614e+07
2.83702e+08 1.73726e+07
2.83769e+08 1.74286e+07
2.83848e+08 1.74846e+07
2.83848e+08 1.74622e+07
2.99515e+08 1.79067e+07
2.99515e+08 1.79067e+07
2.99526e+08 1.78955e+07
2.99526e+08 1.78843e+07
2.99526e+08 1.78731e+07
2.99526e+08 1.78731e+07
2.99526e+08 1.78731e+07
2.99526e+08 1.78731e+07
2.99526e+08 1.78731e+07
2.99526e+08 1.78731e+07
2.99526e+08 1.78731e+07
2.99537e+08 1.78843e+07
2.99548e+08 1.78955e+07
2.99548e+08 1.78955e+07
2.99548e+08 1.78843e+07
2.99548e+08 1.78843e+07
2.99548e+08 1.78843e+07
2.99548e+08 1.78843e+07
3.01195e+08 1.77615e+07
3.0124e+08 1.77503e+07
3.01463e+08 1.79068e+07
3.01463e+08 1.79068e+07
3.01586e+08 1.7918e+07
3.01609e+08 1.79404e+07
3.01654e+08 1.79851e+07
3.01654e+08 1.79739e+07
3.01665e+08 1.79628e+07
3.0181e+08 1.8041e+07
3.01833e+08 1.79851e+07
3.01833e+08 1.79851e+07
3.1792e+08 1.8405e+07
3.17931e+08 1.84161e+07
3.17931e+08 1.84049e+07
3.17942e+08 1.84161e+07
3.17942e+08 1.84161e+07
3.17942e+08 1.84161e+07
3.17942e+08 1.84161e+07
3.17942e+08 1.84161e+07
3.17942e+08 1.84161e+07
3.17942e+08 1.84161e+07
3.17942e+08 1.84161e+07
3.17953e+08 1.84161e+07
3.17953e+08 1.8405e+07
3.17953e+08 1.8405e+07
3.17953e+08 1.8405e+07
3.17953e+08 1.8405e+07
3.17953e+08 1.8405e+07
3.17953e+08 1.8405e+07
3.17953e+08 1.8405e+07
3.19712e+08 1.85169e+07
3.19734e+08 1.84945e+07
3.19768e+08 1.83045e+07
3.19768e+08 1.83045e+07
3.2017e+08 1.8584e+07
3.20305e+08 1.86958e+07
3.20305e+08 1.86511e+07
3.20305e+08 1.86511e+07
3.20316e+08 1.86511e+07
3.20338e+08 1.85281e+07
3.2035e+08 1.85169e+07
3.20372e+08 1.85393e+07
3.36874e+08 1.89545e+07
3.36874e+08 1.89433e+07
3.36908e+08 1.89768e+07
3.36919e+08 1.89768e+07
3.36919e+08 1.89768e+07
3.36919e+08 1.89768e+07
3.36919e+08 1.89768e+07
3.36919e+08 1.89768e+07
3.36919e+08 1.89768e+07
3.36919e+08 1.89768e+07
3.36919e+08 1.89768e+07
3.36919e+08 1.89656e+07
3.36919e+08 1.89656e+07
3.36919e+08 1.89656e+07
3.36919e+08 1.89656e+07
3.3693e+08 1.89768e+07
3.3693e+08 1.89768e+07
3.3693e+08 1.89768e+07
3.3693e+08 1.89768e+07
3.3693e+08 1.89768e+07
3.387e+08 1.89881e+07
3.38767e+08 1.90328e+07
3.38868e+08 1.90999e+07
3.38868e+08 1.90999e+07
3.39371e+08 1.92005e+07
3.39382e+08 1.90776e+07
3.39382e+08 1.90776e+07
3.39382e+08 1.90776e+07
3.39405e+08 1.90888e+07
3.39438e+08 1.90999e+07
3.39438e+08 1.90887e+07
3.39483e+08 1.91112e+07
3.56445e+08 1.95705e+07
3.56467e+08 1.95929e+07
3.56467e+08 1.95593e+07
3.56478e+08 1.95593e+07
3.56478e+08 1.95593e+07
3.56478e+08 1.95593e+07
3.56478e+08 1.95593e+07
3.56489e+08 1.95705e+07
3.56489e+08 1.95705e+07
3.56489e+08 1.95705e+07
3.56489e+08 1.95705e+07
3.56489e+08 1.95705e+07
3.56489e+08 1.95705e+07
3.56489e+08 1.95705e+07
3.56489e+08 1.95705e+07
3.56501e+08 1.95705e+07
3.56501e+08 1.95705e+07
3.56501e+08 1.95705e+07
3.56501e+08 1.95705e+07
3.56501e+08 1.95705e+07
3.56501e+08 1.95705e+07
3.58393e+08 1.96935e+07
3.58449e+08 1.96824e+07
3.58505e+08 1.96377e+07
3.58505e+08 1.96377e+07
3.59031e+08 1.96601e+07
3.59042e+08 1.96601e+07
3.59042e+08 1.96601e+07
3.59065e+08 1.96824e+07
3.59076e+08 1.96712e+07
3.59098e+08 1.96601e+07
3.59098e+08 1.96601e+07
3.59166e+08 1.96824e+07
3.76527e+08 2.0082e+07
3.76527e+08 2.00596e+07
3.76527e+08 2.00596e+07
3.76538e+08 2.00596e+07
3.76538e+08 2.00596e+07
3.76549e+08 2.00708e+07
3.76549e+08 2.00708e+07
3.76549e+08 2.00596e+07
3.7656e+08 2.00708e+07
3.7656e+08 2.00708e+07
3.7656e+08 2.00708e+07
3.7656e+08 2.00708e+07
3.7656e+08 2.00708e+07
3.7656e+08 2.00708e+07
3.7656e+08 2.00708e+07
3.7656e+08 2.00596e+07
3.7656e+08 2.00596e+07
3.7656e+08 2.00596e+07
3.7656e+08 2.00596e+07
3.7656e+08 2.00596e+07
3.76571e+08 2.00708e+07
3.76571e+08 2.00708e+07
3.78431e+08 2.00372e+07
3.78576e+08 2.01268e+07
3.78632e+08 2.01268e+07
3.78654e+08 2.01491e+07
3.79169e+08 2.0138e+07
3.79169e+08 2.01268e+07
3.7918e+08 2.0138e+07
3.79236e+08 2.01716e+07
3.79248e+08 2.01716e+07
3.7927e+08 2.01716e+07
3.7927e+08 2.01716e+07
3.79304e+08 2.0138e+07
3.97267e+08 2.07401e+07
3.97278e+08 2.07513e+07
3.97289e+08 2.07625e+07
3.973e+08 2.07625e+07
3.973e+08 2.07625e+07
3.973e+08 2.07513e+07
3.973e+08 2.07513e+07
3.973e+08 2.07513e+07
3.973e+08 2.07401e+07
3.973e+08 2.07401e+07
3.973e+08 2.07401e+07
3.973e+08 2.07401e+07
3.973e+08 2.07401e+07
3.973e+08 2.07401e+07
3.973e+08 2.07401e+07
3.973e+08 2.07401e+07
3.973e+08 2.07401e+07
3.973e+08 2.07401e+07
3.973e+08 2.07401e+07
3.973e+08 2.07401e+07
3.973e+08 2.07401e+07
3.973e+08 2.0729e+07
3.973e+08 2.0729e+07
3.99327e+08 2.08968e+07
3.99506e+08 2.09302e+07
3.99629e+08 2.09973e+07
3.99629e+08 2.0975e+07
3.99999e+08 2.08297e+07
4.0001e+08 2.08409e+07
4.00032e+08 2.08521e+07
4.00055e+08 2.08185e+07
4.00055e+08 2.08073e+07
4.00133e+08 2.08632e+07
4.00133e+08 2.08632e+07
4.00189e+08 2.08856e+07
4.18727e+08 2.14605e+07
4.1875e+08 2.14717e+07
4.1875e+08 2.14605e+07
4.1875e+08 2.14493e+07
4.1875e+08 2.14493e+07
4.1875e+08 2.14493e+07
4.1875e+08 2.14493e+07
4.1875e+08 2.14493e+07
4.1875e+08 2.14493e+07
4.1875e+08 2.14493e+07
4.1875e+08 2.14493e+07
4.1875e+08 2.14493e+07
4.1875e+08 2.14493e+07
4.1875e+08 2.14493e+07
4.1875e+08 2.14493e+07
4.1875e+08 2.14493e+07
4.1875e+08 2.14493e+07
4.1875e+08 2.14493e+07
4.1875e+08 2.14493e+07
4.1875e+08 2.14493e+07
4.18761e+08 2.14605e+07
4.18772e+08 2.14717e+07
4.18783e+08 2.14829e+07
4.18783e+08 2.14829e+07
4.21168e+08 2.18407e+07
4.21224e+08 2.17177e+07
4.21224e+08 2.15947e+07
4.21224e+08 2.15947e+07
4.21594e+08 2.15949e+07
4.21694e+08 2.16843e+07
4.21694e+08 2.16619e+07
4.21694e+08 2.16395e+07
4.21739e+08 2.16842e+07
4.2175e+08 2.16171e+07
4.2175e+08 2.16172e+07
4.21762e+08 2.15724e+07
4.40728e+08 2.20009e+07
4.40728e+08 2.19785e+07
4.40728e+08 2.19785e+07
4.40728e+08 2.19785e+07
4.40728e+08 2.19785e+07
4.40728e+08 2.19785e+07
4.40728e+08 2.19785e+07
4.40728e+08 2.19785e+07
4.40728e+08 2.19785e+07
4.40728e+08 2.19785e+07
4.40728e+08 2.19785e+07
4.40728e+08 2.19785e+07
4.40728e+08 2.19785e+07
4.40728e+08 2.19785e+07
4.40728e+08 2.19785e+07
4.40728e+08 2.19786e+07
4.40728e+08 2.19786e+07
4.40728e+08 2.19786e+07
4.40728e+08 2.19786e+07
4.40728e+08 2.19786e+07
4.40739e+08 2.19786e+07
4.40762e+08 2.19897e+07
4.40773e+08 2.20009e+07
4.40795e+08 2.20121e+07
4.40795e+08 2.20121e+07
4.43382e+08 2.22134e+07
4.43382e+08 2.21575e+07
4.43382e+08 2.21575e+07
4.43382e+08 2.21575e+07
4.43729e+08 2.21352e+07
4.43852e+08 2.21575e+07
4.43852e+08 2.21575e+07
4.43874e+08 2.21799e+07
4.43885e+08 2.21464e+07
4.43897e+08 2.21464e+07
4.43897e+08 2.21464e+07
4.43897e+08 2.21352e+07
4.63106e+08 2.23776e+07
4.63117e+08 2.23887e+07
4.63117e+08 2.23887e+07
4.63117e+08 2.23887e+07
4.63128e+08 2.23999e+07
4.63128e+08 2.23999e+07
4.63128e+08 2.23999e+07
4.63128e+08 2.23999e+07
4.63128e+08 2.23999e+07
4.63128e+08 2.23999e+07
4.63128e+08 2.23999e+07
4.6315e+08 2.24223e+07
4.6315e+08 2.24223e+07
4.6315e+08 2.24222e+07
4.6315e+08 2.24222e+07
4.6315e+08 2.24222e+07
4.63162e+08 2.24334e+07
4.63162e+08 2.24334e+07
4.63162e+08 2.24334e+07
4.63173e+08 2.24446e+07
4.63173e+08 2.24334e+07
4.63173e+08 2.24111e+07
4.63173e+08 2.23999e+07
4.63173e+08 2.23999e+07
4.63184e+08 2.23888e+07
4.63184e+08 2.23888e+07
4.65927e+08 2.25455e+07
4.65927e+08 2.25455e+07
4.65927e+08 2.25455e+07
4.65927e+08 2.25455e+07
4.66297e+08 2.2568e+07
4.66375e+08 2.25232e+07
4.66375e+08 2.25232e+07
4.66375e+08 2.25009e+07
4.6642e+08 2.25344e+07
4.66442e+08 2.25456e+07
4.66442e+08 2.25455e+07
4.66442e+08 2.25455e+07
4.86072e+08 2.29666e+07
4.86072e+08 2.29554e+07
4.86083e+08 2.29666e+07
4.86095e+08 2.29778e+07
4.86095e+08 2.29666e+07
4.86117e+08 2.29889e+07
4.86117e+08 2.29889e+07
4.86117e+08 2.2989e+07
4.86117e+08 2.29889e+07
4.86117e+08 2.29889e+07
4.86117e+08 2.29889e+07
4.86117e+08 2.29666e+07
4.86117e+08 2.29666e+07
4.86117e+08 2.29666e+07
4.86117e+08 2.29666e+07
4.86117e+08 2.29666e+07
4.86117e+08 2.29554e+07
4.86117e+08 2.29554e+07
4.86117e+08 2.29554e+07
4.86117e+08 2.29442e+07
4.86117e+08 2.29442e+07
4.86117e+08 2.29442e+07
4.86117e+08 2.29442e+07
4.86117e+08 2.29442e+07
4.86117e+08 2.29442e+07
4.86151e+08 2.29665e+07
4.86151e+08 2.29665e+07
4.88983e+08 2.30561e+07
4.88983e+08 2.30561e+07
4.88983e+08 2.30561e+07
4.88983e+08 2.30561e+07
4.89319e+08 2.30228e+07
4.89387e+08 2.30116e+07
4.89387e+08 2.30116e+07
4.89387e+08 2.30116e+07
4.89409e+08 2.29892e+07
4.8942e+08 2.2978e+07
4.89432e+08 2.29892e+07
4.89432e+08 2.29892e+07
5.09806e+08 2.37338e+07
5.09828e+08 2.37562e+07
5.09851e+08 2.37674e+07
5.09851e+08 2.37562e+07
5.09851e+08 2.37562e+07
5.09851e+08 2.37338e+07
5.09851e+08 2.37338e+07
5.09851e+08 2.37338e+07
5.09851e+08 2.37338e+07
5.09851e+08 2.37338e+07
5.09851e+08 2.37338e+07
5.09851e+08 2.37338e+07
5.09851e+08 2.37338e+07
5.09851e+08 2.37338e+07
5.09851e+08 2.37338e+07
5.09851e+08 2.37338e+07
5.09851e+08 2.37338e+07
5.09851e+08 2.37338e+07
5.09851e+08 2.37338e+07
5.09851e+08 2.37338e+07
5.09851e+08 2.37338e+07
5.09851e+08 2.37338e+07
5.09851e+08 2.37338e+07
5.09862e+08 2.3745e+07
5.09873e+08 2.37562e+07
5.09885e+08 2.37338e+07
5.09896e+08 2.3745e+07
5.09896e+08 2.3745e+07
5.12806e+08 2.38233e+07
5.12807e+08 2.38234e+07
5.12807e+08 2.38234e+07
5.12807e+08 2.38234e+07
5.13076e+08 2.37565e+07
5.13076e+08 2.36893e+07
5.13076e+08 2.36893e+07
5.13087e+08 2.37005e+07
5.13098e+08 2.36893e+07
5.13098e+08 2.36781e+07
5.1311e+08 2.36781e+07
5.13132e+08 2.37005e+07
5.34129e+08 2.43232e+07
5.34152e+08 2.43232e+07
5.34152e+08 2.43008e+07
5.34163e+08 2.4312e+07
5.34163e+08 2.4312e+07
5.34185e+08 2.43343e+07
5.34185e+08 2.43343e+07
5.34185e+08 2.43343e+07
5.34185e+08 2.43343e+07
5.34185e+08 2.43343e+07
5.34185e+08 2.43343e+07
5.34185e+08 2.43343e+07
5.34185e+08 2.43343e+07
5.34185e+08 2.43343e+07
5.34196e+08 2.43455e+07
5.34196e+08 2.43455e+07
5.34196e+08 2.43455e+07
5.34196e+08 2.43455e+07
5.34196e+08 2.43455e+07
5.34196e+08 2.43455e+07
5.34196e+08 2.43455e+07
5.34208e+08 2.43567e+07
5.34208e+08 2.43567e+07
5.34219e+08 2.43567e+07
5.34219e+08 2.43455e+07
5.34219e+08 2.43344e+07
5.34219e+08 2.43232e+07
5.34219e+08 2.43232e+07
5.34219e+08 2.43232e+07
5.37174e+08 2.43679e+07
5.37219e+08 2.44127e+07
5.37219e+08 2.44126e+07
5.37219e+08 2.44126e+07
5.37422e+08 2.43457e+07
5.37422e+08 2.43457e+07
5.37422e+08 2.43457e+07
5.37444e+08 2.43569e+07
5.37444e+08 2.43457e+07
5.37444e+08 2.43457e+07
5.37444e+08 2.43345e+07
5.37444e+08 2.43123e+07
5.58945e+08 2.48163e+07
5.58968e+08 2.48163e+07
5.5899e+08 2.48386e+07
5.5899e+08 2.48275e+07
5.59035e+08 2.48722e+07
5.59035e+08 2.48498e+07
5.59035e+08 2.48498e+07
5.59068e+08 2.48834e+07
5.59113e+08 2.49281e+07
5.59124e+08 2.49392e+07
5.59124e+08 2.49392e+07
5.59124e+08 2.49392e+07
5.59124e+08 2.49392e+07
5.59169e+08 2.49839e+07
5.59169e+08 2.49728e+07
5.59169e+08 2.49728e+07
5.59169e+08 2.49728e+07
5.59169e+08 2.49728e+07
5.5918e+08 2.4984e+07
5.5918e+08 2.4984e+07
5.5918e+08 2.4984e+07
5.5918e+08 2.49728e+07
5.59192e+08 2.4984e+07
5.59192e+08 2.49728e+07
5.59192e+08 2.49728e+07
5.59192e+08 2.49728e+07
5.59192e+08 2.49728e+07
5.59192e+08 2.49728e+07
5.59192e+08 2.49728e+07
5.59192e+08 2.49728e+07
5.62248e+08 2.50736e+07
5.6227e+08 2.50512e+07
5.6227e+08 2.50512e+07
5.62282e+08 2.50623e+07
5.62462e+08 2.504e+07
5.62462e+08 2.504e+07
5.62462e+08 2.504e+07
5.62462e+08 2.50177e+07
5.62462e+08 2.50176e+07
5.62462e+08 2.50177e+07
5.62462e+08 2.50177e+07
5.62495e+08 2.50512e+07
5.84299e+08 2.53534e+07
5.84332e+08 2.53645e+07
5.84344e+08 2.53534e+07
5.84344e+08 2.53534e+07
5.84366e+08 2.5331e+07
5.84377e+08 2.53422e+07
5.84377e+08 2.53422e+07
5.844e+08 2.5331e+07
5.84478e+08 2.53646e+07
5.84489e+08 2.53646e+07
5.845e+08 2.53758e+07
5.845e+08 2.53758e+07
5.845e+08 2.53758e+07
5.84511e+08 2.53422e+07
5.84511e+08 2.53422e+07
5.84523e+08 2.53534e+07
5.84534e+08 2.53646e+07
5.84545e+08 2.53757e+07
5.84545e+08 2.53646e+07
5.84556e+08 2.53758e+07
5.84567e+08 2.5387e+07
5.84601e+08 2.54205e+07
5.84612e+08 2.54205e+07
5.84634e+08 2.54428e+07
5.8469e+08 2.54987e+07
5.84757e+08 2.55658e+07
5.84769e+08 2.5577e+07
5.84769e+08 2.5577e+07
5.84769e+08 2.5577e+07
5.84769e+08 2.5577e+07
5.84769e+08 2.5577e+07
5.87836e+08 2.55883e+07
5.87859e+08 2.55883e+07
5.87859e+08 2.55883e+07
5.87859e+08 2.55771e+07
5.88028e+08 2.55659e+07
5.88028e+08 2.55659e+07
5.88028e+08 2.55659e+07
5.88028e+08 2.55659e+07
5.88028e+08 2.55659e+07
5.88028e+08 2.55659e+07
5.88028e+08 2.55659e+07
5.88028e+08 2.55324e+07
6.10009e+08 2.57106e+07
6.10009e+08 2.56771e+07
6.10009e+08 2.56659e+07
6.10032e+08 2.56882e+07
6.10032e+08 2.56659e+07
6.10032e+08 2.56547e+07
6.10077e+08 2.56994e+07
6.10088e+08 2.56882e+07
6.10088e+08 2.561e+07
6.10088e+08 2.55988e+07
6.10099e+08 2.55989e+07
6.10099e+08 2.55989e+07
6.10099e+08 2.55989e+07
6.1011e+08 2.55989e+07
6.1011e+08 2.55989e+07
6.10121e+08 2.55989e+07
6.10121e+08 2.55877e+07
6.10121e+08 2.55765e+07
6.10144e+08 2.55989e+07
6.10222e+08 2.56659e+07
6.10256e+08 2.56883e+07
6.10267e+08 2.5666e+07
6.10278e+08 2.56661e+07
6.10278e+08 2.56437e+07
6.10345e+08 2.56549e+07
6.10401e+08 2.56436e+07
6.10401e+08 2.56324e+07
6.10423e+08 2.56547e+07
6.10423e+08 2.56547e+07
6.10423e+08 2.56547e+07
6.10435e+08 2.56659e+07
6.12417e+08 2.45813e+07
6.12417e+08 2.45813e+07
6.12429e+08 2.457e+07
6.12429e+08 2.457e+07
6.12429e+08 2.457e+07
6.12754e+08 2.47262e+07
6.12765e+08 2.47374e+07
6.12765e+08 2.47374e+07
6.12765e+08 2.47374e+07
6.12765e+08 2.47374e+07
6.12765e+08 2.47374e+07
6.12765e+08 2.47374e+07
6.12765e+08 2.47372e+07
6.13897e+08 3.88812e+06
6.13909e+08 3.89928e+06
6.13931e+08 3.92165e+06
