4.76743e+06 4.76697e+06
8.28409e+06 3.51666e+06
8.2841e+06 3.51667e+06
1.0044e+07 1.75988e+06
1.00775e+07 1.79343e+06
1.28725e+07 2.82857e+06
1.28725e+07 2.82857e+06
1.29955e+07 2.91799e+06
1.46258e+07 1.75329e+06
1.46258e+07 1.75329e+06
1.47823e+07 1.90975e+06
1.53859e+07 2.3904e+06
1.94582e+07 4.83234e+06
1.94582e+07 4.83234e+06
1.94806e+07 4.69825e+06
1.95253e+07 4.13935e+06
1.95253e+07 4.13936e+06
2.2936e+07 3.47783e+06
2.2936e+07 3.47783e+06
2.29472e+07 3.46665e+06
2.29919e+07 3.46667e+06
2.30032e+07 3.47789e+06
2.30256e+07 3.50027e+06
2.75323e+07 4.59633e+06
2.75323e+07 4.59633e+06
2.75324e+07 4.58515e+06
2.75324e+07 4.54043e+06
2.76218e+07 4.61862e+06
2.76218e+07 4.59625e+06
2.76218e+07 4.59625e+06
3.20278e+07 4.49545e+06
3.20278e+07 4.49545e+06
3.20502e+07 4.51781e+06
3.20949e+07 4.56251e+06
3.21061e+07 4.48427e+06
3.21284e+07 4.50664e+06
3.21284e+07 4.50664e+06
3.7686e+07 5.6582e+06
3.77195e+07 5.69174e+06
3.77978e+07 5.76998e+06
3.78202e+07 5.77001e+06
3.78649e+07 5.77004e+06
3.78873e+07 5.78122e+06
3.79097e+07 5.78123e+06
3.79209e+07 5.79242e+06
4.34562e+07 5.77025e+06
4.34674e+07 5.7479e+06
4.35345e+07 5.81496e+06
4.35457e+07 5.74789e+06
4.35905e+07 5.77027e+06
4.35905e+07 5.72555e+06
4.35905e+07 5.70319e+06
4.36017e+07 5.69199e+06
4.36129e+07 5.69198e+06
5.0054e+07 6.59772e+06
5.0054e+07 6.58655e+06
5.0054e+07 6.5195e+06
5.00652e+07 6.5195e+06
5.00652e+07 6.5195e+06
5.00764e+07 6.4859e+06
5.00987e+07 6.50825e+06
5.00987e+07 6.50825e+06
5.00987e+07 6.49707e+06
5.01099e+07 6.49706e+06
5.69538e+07 6.89981e+06
5.7032e+07 6.97806e+06
5.7032e+07 6.97806e+06
5.70656e+07 7.00043e+06
5.70768e+07 7.01161e+06
5.70768e+07 7.01161e+06
5.70768e+07 7.00044e+06
5.7088e+07 6.98927e+06
5.71327e+07 7.03397e+06
5.71327e+07 7.03397e+06
5.71998e+07 7.08985e+06
6.4614e+07 7.66019e+06
6.46252e+07 7.59313e+06
6.46252e+07 7.59313e+06
6.47034e+07 7.63782e+06
6.47034e+07 7.62665e+06
6.47481e+07 7.67135e+06
6.47481e+07 7.67135e+06
6.47481e+07 7.67136e+06
6.47705e+07 7.68252e+06
6.47705e+07 7.63782e+06
6.48152e+07 7.68254e+06
6.49494e+07 7.7496e+06
7.27439e+07 8.12995e+06
7.27663e+07 8.14111e+06
7.2811e+07 8.18586e+06
7.28334e+07 8.12997e+06
7.28334e+07 8.12997e+06
7.28334e+07 8.08527e+06
7.28558e+07 8.10762e+06
7.28558e+07 8.10762e+06
7.28781e+07 8.12998e+06
7.28893e+07 8.11881e+06
7.29117e+07 8.14117e+06
7.29452e+07 8.12998e+06
7.30905e+07 8.14116e+06
8.13098e+07 8.56586e+06
8.13098e+07 8.54351e+06
8.13992e+07 8.58817e+06
8.14216e+07 8.58819e+06
8.14328e+07 8.59937e+06
8.14328e+07 8.59937e+06
8.14663e+07 8.61057e+06
8.14663e+07 8.61057e+06
8.14663e+07 8.58822e+06
8.14664e+07 8.58822e+06
8.14775e+07 8.58822e+06
8.15559e+07 8.64417e+06
8.16006e+07 8.65539e+06
8.17796e+07 8.68905e+06
9.04463e+07 9.13654e+06
9.04687e+07 9.1589e+06
9.05134e+07 9.11418e+06
9.05693e+07 9.1477e+06
9.05916e+07 9.15888e+06
9.06028e+07 9.17006e+06
9.06587e+07 9.19239e+06
9.06587e+07 9.19239e+06
9.06587e+07 9.19239e+06
9.06587e+07 9.19239e+06
9.06699e+07 9.19239e+06
9.06699e+07 9.1924e+06
9.06923e+07 9.13645e+06
9.07371e+07 9.13646e+06
9.10278e+07 9.24822e+06
1.00466e+08 1.00199e+07
1.00522e+08 1.00535e+07
1.00522e+08 1.00088e+07
1.00544e+08 9.97522e+06
1.006e+08 1.00088e+07
1.006e+08 9.9976e+06
1.00623e+08 9.96406e+06
1.00623e+08 9.96406e+06
1.00634e+08 9.97524e+06
1.00645e+08 9.98642e+06
1.00645e+08 9.97525e+06
1.00645e+08 9.97525e+06
1.00645e+08 9.97525e+06
1.00668e+08 9.97525e+06
1.00746e+08 1.00088e+07
1.01092e+08 1.00647e+07
1.11045e+08 1.0579e+07
1.11045e+08 1.05231e+07
1.11045e+08 1.05232e+07
1.11056e+08 1.0512e+07
1.11101e+08 1.05008e+07
1.11101e+08 1.05008e+07
1.11124e+08 1.05008e+07
1.11135e+08 1.0512e+07
1.11135e+08 1.05008e+07
1.11157e+08 1.0512e+07
1.11157e+08 1.0512e+07
1.11157e+08 1.0512e+07
1.11168e+08 1.05232e+07
1.1118e+08 1.05121e+07
1.11191e+08 1.05233e+07
1.11247e+08 1.05009e+07
1.11537e+08 1.04449e+07
1.22072e+08 1.10266e+07
1.22105e+08 1.10601e+07
1.22139e+08 1.10936e+07
1.2215e+08 1.10937e+07
1.22184e+08 1.10825e+07
1.22184e+08 1.10825e+07
1.22195e+08 1.10713e+07
1.22262e+08 1.11272e+07
1.22284e+08 1.11495e+07
1.22284e+08 1.11272e+07
1.22284e+08 1.11272e+07
1.22284e+08 1.11272e+07
1.22318e+08 1.11494e+07
1.22318e+08 1.11382e+07
1.22329e+08 1.11382e+07
1.22329e+08 1.11382e+07
1.22385e+08 1.11382e+07
1.22664e+08 1.11271e+07
1.3378e+08 1.17086e+07
1.33836e+08 1.17309e+07
1.33915e+08 1.17757e+07
1.33937e+08 1.17868e+07
1.33937e+08 1.17533e+07
1.33937e+08 1.17533e+07
1.33982e+08 1.17868e+07
1.33982e+08 1.17198e+07
1.34004e+08 1.17198e+07
1.34004e+08 1.17198e+07
1.34015e+08 1.1731e+07
1.34015e+08 1.1731e+07
1.34015e+08 1.16974e+07
1.34015e+08 1.16974e+07
1.34015e+08 1.16863e+07
1.34027e+08 1.16974e+07
1.34027e+08 1.16415e+07
1.34038e+08 1.16527e+07
1.34373e+08 1.17086e+07
1.4597e+08 1.21895e+07
1.46026e+08 1.21895e+07
1.46026e+08 1.21113e+07
1.46104e+08 1.21672e+07
1.46115e+08 1.21784e+07
1.46138e+08 1.22007e+07
1.46171e+08 1.21896e+07
1.46171e+08 1.21896e+07
1.46205e+08 1.22007e+07
1.46227e+08 1.22231e+07
1.46227e+08 1.22119e+07
1.46227e+08 1.22119e+07
1.46272e+08 1.22566e+07
1.46272e+08 1.22566e+07
1.46283e+08 1.22678e+07
1.46283e+08 1.22566e+07
1.46305e+08 1.2279e+07
1.46305e+08 1.22678e+07
1.46328e+08 1.22901e+07
1.46719e+08 1.2346e+07
1.58775e+08 1.28047e+07
1.58842e+08 1.28158e+07
1.58853e+08 1.2827e+07
1.59032e+08 1.29276e+07
1.59032e+08 1.29164e+07
1.59032e+08 1.2894e+07
1.59065e+08 1.2894e+07
1.59076e+08 1.29052e+07
1.59099e+08 1.2894e+07
1.59099e+08 1.28717e+07
1.59099e+08 1.28717e+07
1.59099e+08 1.28717e+07
1.59099e+08 1.2827e+07
1.59099e+08 1.2827e+07
1.59166e+08 1.28829e+07
1.59177e+08 1.2894e+07
1.59188e+08 1.28829e+07
1.59322e+08 1.3017e+07
1.59635e+08 1.33076e+07
1.59635e+08 1.29164e+07
1.59691e+08 1.29723e+07
1.71948e+08 1.31738e+07
1.71971e+08 1.31291e+07
1.71993e+08 1.31403e+07
1.71993e+08 1.29615e+07
1.72016e+08 1.29838e+07
1.72016e+08 1.29838e+07
1.72016e+08 1.29503e+07
1.72016e+08 1.29391e+07
1.72016e+08 1.29168e+07
1.72016e+08 1.29168e+07
1.72016e+08 1.29168e+07
1.72016e+08 1.29168e+07
1.72016e+08 1.29168e+07
1.72016e+08 1.29168e+07
1.72027e+08 1.28609e+07
1.72027e+08 1.28497e+07
1.72105e+08 1.29168e+07
1.72362e+08 1.30397e+07
1.72496e+08 1.28609e+07
1.7253e+08 1.28945e+07
1.72575e+08 1.28833e+07
1.72575e+08 1.28833e+07
1.85144e+08 1.31961e+07
1.85145e+08 1.31737e+07
1.85156e+08 1.31626e+07
1.85223e+08 1.32297e+07
1.8529e+08 1.32745e+07
1.8529e+08 1.32745e+07
1.8529e+08 1.32745e+07
1.85346e+08 1.33303e+07
1.85346e+08 1.33303e+07
1.85346e+08 1.33303e+07
1.85368e+08 1.33527e+07
1.8538e+08 1.33639e+07
1.85458e+08 1.34421e+07
1.85581e+08 1.3565e+07
1.85592e+08 1.3565e+07
1.85692e+08 1.36656e+07
1.85782e+08 1.36768e+07
1.85972e+08 1.36097e+07
1.86318e+08 1.38221e+07
1.86374e+08 1.38445e+07
1.86397e+08 1.38222e+07
1.86441e+08 1.38669e+07
1.99269e+08 1.41244e+07
1.99269e+08 1.41244e+07
1.99269e+08 1.41244e+07
1.99269e+08 1.41132e+07
1.99403e+08 1.41802e+07
1.99414e+08 1.41242e+07
1.99414e+08 1.41242e+07
1.99425e+08 1.41354e+07
1.99437e+08 1.40907e+07
1.99437e+08 1.40907e+07
1.99437e+08 1.40907e+07
1.9947e+08 1.41018e+07
1.9947e+08 1.40906e+07
1.9947e+08 1.40124e+07
1.99493e+08 1.39118e+07
1.99493e+08 1.39007e+07
1.99548e+08 1.3856e+07
1.99727e+08 1.39454e+07
1.99772e+08 1.38001e+07
2.00107e+08 1.37889e+07
2.00208e+08 1.38335e+07
2.00286e+08 1.38894e+07
2.0042e+08 1.39789e+07
2.1393e+08 1.4661e+07
2.1393e+08 1.4661e+07
2.1393e+08 1.4661e+07
2.1393e+08 1.4661e+07
2.1393e+08 1.4661e+07
2.13952e+08 1.45492e+07
2.14008e+08 1.45939e+07
2.14019e+08 1.46051e+07
2.14019e+08 1.4594e+07
2.14019e+08 1.45828e+07
2.14042e+08 1.46051e+07
2.14053e+08 1.46163e+07
2.14064e+08 1.4594e+07
2.14109e+08 1.46387e+07
2.14154e+08 1.46834e+07
2.14187e+08 1.46946e+07
2.14299e+08 1.48063e+07
2.14634e+08 1.50858e+07
2.14645e+08 1.49182e+07
2.14701e+08 1.49293e+07
2.14891e+08 1.4784e+07
2.15037e+08 1.48288e+07
2.15081e+08 1.47953e+07
2.15193e+08 1.47729e+07
2.29217e+08 1.52873e+07
2.29217e+08 1.52873e+07
2.29217e+08 1.52873e+07
2.29217e+08 1.52873e+07
2.29217e+08 1.52873e+07
2.29217e+08 1.52873e+07
2.29262e+08 1.53096e+07
2.29273e+08 1.52649e+07
2.29295e+08 1.52761e+07
2.29295e+08 1.52761e+07
2.29296e+08 1.52761e+07
2.29307e+08 1.52649e+07
2.29329e+08 1.52761e+07
2.29329e+08 1.52649e+07
2.2934e+08 1.52314e+07
2.29351e+08 1.51978e+07
2.29363e+08 1.51755e+07
2.29575e+08 1.52761e+07
2.29899e+08 1.52649e+07
2.29933e+08 1.52873e+07
2.30067e+08 1.53655e+07
2.30134e+08 1.52426e+07
2.30179e+08 1.5142e+07
2.30201e+08 1.51196e+07
2.30257e+08 1.50637e+07
2.45086e+08 1.58687e+07
2.45097e+08 1.58799e+07
2.45097e+08 1.58799e+07
2.45097e+08 1.58799e+07
2.45097e+08 1.58799e+07
2.45097e+08 1.58799e+07
2.45097e+08 1.58799e+07
2.45097e+08 1.58352e+07
2.45108e+08 1.58352e+07
2.4512e+08 1.5824e+07
2.4512e+08 1.5824e+07
2.45142e+08 1.58464e+07
2.45164e+08 1.58576e+07
2.45198e+08 1.58688e+07
2.45198e+08 1.58688e+07
2.45198e+08 1.58576e+07
2.45254e+08 1.59023e+07
2.45287e+08 1.59247e+07
2.45544e+08 1.59694e+07
2.45835e+08 1.59359e+07
2.45835e+08 1.59023e+07
2.46014e+08 1.59471e+07
2.46047e+08 1.59135e+07
2.46059e+08 1.588e+07
2.46092e+08 1.58912e+07
2.46137e+08 1.588e+07
2.6157e+08 1.64839e+07
2.6157e+08 1.64727e+07
2.6157e+08 1.64726e+07
2.6157e+08 1.64727e+07
2.61581e+08 1.64838e+07
2.61581e+08 1.64839e+07
2.61592e+08 1.6495e+07
2.61603e+08 1.65062e+07
2.61615e+08 1.65174e+07
2.61693e+08 1.65845e+07
2.61805e+08 1.66851e+07
2.61805e+08 1.66851e+07
2.61805e+08 1.66627e+07
2.61805e+08 1.66404e+07
2.61805e+08 1.66068e+07
2.61816e+08 1.6618e+07
2.61838e+08 1.66404e+07
2.61872e+08 1.6618e+07
2.61916e+08 1.66292e+07
2.62039e+08 1.64951e+07
2.62241e+08 1.64056e+07
2.62263e+08 1.6428e+07
2.62397e+08 1.63833e+07
2.62442e+08 1.63945e+07
2.62453e+08 1.63945e+07
2.62464e+08 1.63721e+07
2.62476e+08 1.63386e+07
2.78568e+08 1.6998e+07
2.78624e+08 1.70539e+07
2.78635e+08 1.70651e+07
2.78635e+08 1.70651e+07
2.78635e+08 1.70539e+07
2.78635e+08 1.70539e+07
2.78646e+08 1.7054e+07
2.78646e+08 1.70428e+07
2.78646e+08 1.70428e+07
2.78646e+08 1.70316e+07
2.7868e+08 1.69869e+07
2.78758e+08 1.69534e+07
2.78814e+08 1.70094e+07
2.78836e+08 1.70318e+07
2.78836e+08 1.70318e+07
2.78836e+08 1.70318e+07
2.78859e+08 1.7043e+07
2.78859e+08 1.70206e+07
2.7887e+08 1.69983e+07
2.78937e+08 1.70207e+07
2.79071e+08 1.70318e+07
2.79396e+08 1.71549e+07
2.79429e+08 1.7166e+07
2.79541e+08 1.71437e+07
2.79574e+08 1.71325e+07
2.79608e+08 1.71549e+07
2.79675e+08 1.72107e+07
2.79731e+08 1.72554e+07
2.96237e+08 1.76692e+07
2.96282e+08 1.7658e+07
2.96326e+08 1.76915e+07
2.96326e+08 1.76915e+07
2.96326e+08 1.76915e+07
2.96326e+08 1.76915e+07
2.96338e+08 1.76915e+07
2.96338e+08 1.76915e+07
2.96338e+08 1.76914e+07
2.96338e+08 1.76914e+07
2.96338e+08 1.76915e+07
2.96338e+08 1.76579e+07
2.96394e+08 1.76355e+07
2.96517e+08 1.77028e+07
2.96528e+08 1.76916e+07
2.96539e+08 1.77028e+07
2.96539e+08 1.77028e+07
2.96539e+08 1.76804e+07
2.9655e+08 1.76916e+07
2.96584e+08 1.77139e+07
2.9664e+08 1.77027e+07
2.96819e+08 1.77475e+07
2.97154e+08 1.77587e+07
2.97221e+08 1.77922e+07
2.97322e+08 1.7781e+07
2.97333e+08 1.77587e+07
2.97344e+08 1.77363e+07
2.97367e+08 1.76916e+07
2.97411e+08 1.76804e+07
3.14409e+08 1.81724e+07
3.14443e+08 1.81613e+07
3.14532e+08 1.8206e+07
3.14544e+08 1.82171e+07
3.14544e+08 1.82172e+07
3.14555e+08 1.82283e+07
3.14577e+08 1.82395e+07
3.14588e+08 1.82507e+07
3.14588e+08 1.82507e+07
3.14588e+08 1.82507e+07
3.14588e+08 1.82507e+07
3.14588e+08 1.82507e+07
3.14588e+08 1.82507e+07
3.14588e+08 1.81948e+07
3.14767e+08 1.82506e+07
3.14779e+08 1.82506e+07
3.14779e+08 1.82395e+07
3.1479e+08 1.82506e+07
3.1479e+08 1.82506e+07
3.1479e+08 1.82395e+07
3.14801e+08 1.82172e+07
3.14857e+08 1.82173e+07
3.15047e+08 1.82285e+07
3.15517e+08 1.83625e+07
3.15651e+08 1.84295e+07
3.15684e+08 1.83625e+07
3.15696e+08 1.83625e+07
3.15707e+08 1.83625e+07
3.15729e+08 1.83625e+07
3.1574e+08 1.83289e+07
3.33242e+08 1.88324e+07
3.33331e+08 1.88883e+07
3.33354e+08 1.88212e+07
3.33354e+08 1.881e+07
3.33365e+08 1.88212e+07
3.33387e+08 1.88324e+07
3.33387e+08 1.881e+07
3.33387e+08 1.87989e+07
3.33398e+08 1.881e+07
3.33398e+08 1.881e+07
3.33443e+08 1.88548e+07
3.33443e+08 1.88548e+07
3.33443e+08 1.88548e+07
3.33454e+08 1.8866e+07
3.33454e+08 1.8866e+07
3.33633e+08 1.8866e+07
3.33633e+08 1.88548e+07
3.33656e+08 1.88771e+07
3.33656e+08 1.88659e+07
3.33656e+08 1.88659e+07
3.33656e+08 1.88659e+07
3.33723e+08 1.89218e+07
3.33812e+08 1.89553e+07
3.33991e+08 1.89441e+07
3.34438e+08 1.89217e+07
3.34483e+08 1.88323e+07
3.34506e+08 1.88212e+07
3.3455e+08 1.88547e+07
3.34718e+08 1.90112e+07
3.34718e+08 1.89888e+07
3.34718e+08 1.89777e+07
3.52477e+08 1.9235e+07
3.52589e+08 1.92574e+07
3.52678e+08 1.93245e+07
3.52678e+08 1.93245e+07
3.52712e+08 1.93468e+07
3.52734e+08 1.93468e+07
3.52734e+08 1.93468e+07
3.52768e+08 1.93804e+07
3.5279e+08 1.93916e+07
3.5279e+08 1.93916e+07
3.52857e+08 1.94139e+07
3.52857e+08 1.9414e+07
3.52857e+08 1.9414e+07
3.52857e+08 1.94028e+07
3.52913e+08 1.94588e+07
3.52935e+08 1.94811e+07
3.53125e+08 1.94921e+07
3.53137e+08 1.95033e+07
3.5317e+08 1.95145e+07
3.5317e+08 1.95145e+07
3.5317e+08 1.95145e+07
3.5317e+08 1.95145e+07
3.5326e+08 1.95368e+07
3.53271e+08 1.94585e+07
3.5345e+08 1.94585e+07
3.53942e+08 1.95032e+07
3.53964e+08 1.94809e+07
3.54042e+08 1.95368e+07
3.54054e+08 1.95032e+07
3.54143e+08 1.9425e+07
3.54143e+08 1.9425e+07
3.54165e+08 1.94474e+07
3.72327e+08 1.98502e+07
3.72484e+08 1.9895e+07
3.72539e+08 1.98614e+07
3.72539e+08 1.98614e+07
3.72573e+08 1.98614e+07
3.72584e+08 1.98502e+07
3.72595e+08 1.98614e+07
3.72674e+08 1.99061e+07
3.72685e+08 1.98949e+07
3.72685e+08 1.98949e+07
3.72785e+08 1.99284e+07
3.72819e+08 1.99619e+07
3.7283e+08 1.99731e+07
3.72841e+08 1.99843e+07
3.73043e+08 2.01295e+07
3.7311e+08 2.01742e+07
3.7311e+08 2.01742e+07
3.73154e+08 2.0029e+07
3.73154e+08 2.00178e+07
3.73154e+08 1.99843e+07
3.73154e+08 1.99843e+07
3.73154e+08 1.99843e+07
3.73154e+08 1.99843e+07
3.73222e+08 1.99618e+07
3.734e+08 2.01294e+07
3.73568e+08 2.01183e+07
3.73982e+08 2.00401e+07
3.73993e+08 2.00289e+07
3.7406e+08 2.00177e+07
3.74094e+08 2.004e+07
3.74217e+08 2.00735e+07
3.74217e+08 2.00735e+07
3.74217e+08 2.00512e+07
3.92882e+08 2.05547e+07
3.93061e+08 2.0577e+07
3.93072e+08 2.05323e+07
3.93083e+08 2.05435e+07
3.93184e+08 2.06106e+07
3.93262e+08 2.06776e+07
3.93351e+08 2.07558e+07
3.93396e+08 2.07223e+07
3.93407e+08 2.07223e+07
3.93407e+08 2.07223e+07
3.93407e+08 2.06217e+07
3.93418e+08 2.05993e+07
3.93429e+08 2.05993e+07
3.93441e+08 2.05993e+07
3.93463e+08 2.04205e+07
3.93463e+08 2.03534e+07
3.93474e+08 2.03646e+07
3.93485e+08 2.03758e+07
3.93631e+08 2.04763e+07
3.93653e+08 2.04987e+07
3.93653e+08 2.04987e+07
3.93653e+08 2.04987e+07
3.93653e+08 2.04987e+07
3.93676e+08 2.0521e+07
3.93687e+08 2.04652e+07
3.93776e+08 2.03758e+07
3.93989e+08 2.04205e+07
3.94559e+08 2.05769e+07
3.94592e+08 2.05993e+07
3.94615e+08 2.05546e+07
3.94682e+08 2.05882e+07
3.94738e+08 2.05211e+07
3.9476e+08 2.05435e+07
3.94794e+08 2.0577e+07
4.14141e+08 2.12592e+07
4.14409e+08 2.13485e+07
4.14465e+08 2.13932e+07
4.14499e+08 2.14156e+07
4.14566e+08 2.1382e+07
4.14633e+08 2.13709e+07
4.14644e+08 2.12926e+07
4.14644e+08 2.12479e+07
4.14655e+08 2.12479e+07
4.14655e+08 2.12479e+07
4.14655e+08 2.12479e+07
4.14655e+08 2.12367e+07
4.14655e+08 2.12255e+07
4.14655e+08 2.12144e+07
4.14655e+08 2.1192e+07
4.14677e+08 2.12144e+07
4.14689e+08 2.12144e+07
4.14689e+08 2.12032e+07
4.148e+08 2.11696e+07
4.14834e+08 2.12032e+07
4.14845e+08 2.1192e+07
4.14845e+08 2.1192e+07
4.14845e+08 2.1192e+07
4.14845e+08 2.1192e+07
4.14845e+08 2.11697e+07
4.14901e+08 2.12144e+07
4.14946e+08 2.11697e+07
4.15125e+08 2.11361e+07
4.15561e+08 2.10019e+07
4.15583e+08 2.09908e+07
4.1565e+08 2.10355e+07
4.15885e+08 2.12032e+07
4.15963e+08 2.12255e+07
4.16231e+08 2.14714e+07
4.16231e+08 2.14379e+07
4.35903e+08 2.17624e+07
4.3616e+08 2.17512e+07
4.36171e+08 2.17065e+07
4.36183e+08 2.16841e+07
4.36194e+08 2.16283e+07
4.36227e+08 2.15947e+07
4.36294e+08 2.16506e+07
4.3635e+08 2.17065e+07
4.36362e+08 2.17065e+07
4.36473e+08 2.18183e+07
4.36473e+08 2.18183e+07
4.36496e+08 2.18407e+07
4.36507e+08 2.18518e+07
4.36529e+08 2.18742e+07
4.36529e+08 2.18742e+07
4.3654e+08 2.1863e+07
4.36574e+08 2.18853e+07
4.36585e+08 2.18965e+07
4.36608e+08 2.18071e+07
4.36641e+08 2.18071e+07
4.36652e+08 2.18182e+07
4.36652e+08 2.18071e+07
4.36652e+08 2.18071e+07
4.36652e+08 2.18071e+07
4.36652e+08 2.18071e+07
4.36652e+08 2.18071e+07
4.36697e+08 2.17959e+07
4.36719e+08 2.17735e+07
4.36865e+08 2.174e+07
4.37278e+08 2.17176e+07
4.37312e+08 2.17288e+07
4.37334e+08 2.16841e+07
4.37535e+08 2.16506e+07
4.3767e+08 2.17065e+07
4.37748e+08 2.15165e+07
4.37748e+08 2.15165e+07
4.57867e+08 2.19639e+07
4.58135e+08 2.1975e+07
4.58202e+08 2.20308e+07
4.58225e+08 2.2042e+07
4.58348e+08 2.21538e+07
4.58359e+08 2.21314e+07
4.5837e+08 2.20755e+07
4.58527e+08 2.21762e+07
4.58594e+08 2.22321e+07
4.58605e+08 2.21316e+07
4.58605e+08 2.21316e+07
4.58616e+08 2.21204e+07
4.58616e+08 2.21092e+07
4.58627e+08 2.2098e+07
4.58672e+08 2.21428e+07
4.58683e+08 2.21428e+07
4.58694e+08 2.21204e+07
4.58694e+08 2.21092e+07
4.58761e+08 2.21539e+07
4.58929e+08 2.22881e+07
4.5894e+08 2.22881e+07
4.58951e+08 2.22992e+07
4.58951e+08 2.22992e+07
4.58951e+08 2.22992e+07
4.58951e+08 2.22992e+07
4.58952e+08 2.22992e+07
4.58952e+08 2.22992e+07
4.58996e+08 2.22992e+07
4.59186e+08 2.24668e+07
4.59197e+08 2.23327e+07
4.59488e+08 2.22098e+07
4.59566e+08 2.22545e+07
4.59689e+08 2.23551e+07
4.59924e+08 2.23887e+07
4.60137e+08 2.24669e+07
4.60159e+08 2.2411e+07
4.60237e+08 2.24892e+07
4.80066e+08 2.2199e+07
4.80066e+08 2.19308e+07
4.80066e+08 2.18638e+07
4.80122e+08 2.18973e+07
4.80457e+08 2.21096e+07
4.80614e+08 2.22549e+07
4.80703e+08 2.23331e+07
4.81184e+08 2.26572e+07
4.81251e+08 2.26572e+07
4.81586e+08 2.29813e+07
4.81597e+08 2.29925e+07
4.81597e+08 2.29813e+07
4.81609e+08 2.29925e+07
4.81631e+08 2.30037e+07
4.81653e+08 2.29813e+07
4.81687e+08 2.30037e+07
4.81687e+08 2.29925e+07
4.81698e+08 2.30037e+07
4.81698e+08 2.29366e+07
4.81832e+08 2.29031e+07
4.81843e+08 2.29031e+07
4.81843e+08 2.28919e+07
4.81855e+08 2.29031e+07
4.81855e+08 2.29031e+07
4.81855e+08 2.29031e+07
4.81855e+08 2.29031e+07
4.81855e+08 2.29031e+07
4.81877e+08 2.29255e+07
4.82045e+08 2.30484e+07
4.82078e+08 2.2892e+07
4.82112e+08 2.29143e+07
4.82548e+08 2.30596e+07
4.8257e+08 2.30037e+07
4.82637e+08 2.29478e+07
4.82995e+08 2.30707e+07
4.8304e+08 2.29031e+07
4.83107e+08 2.29478e+07
4.83151e+08 2.29143e+07
5.03428e+08 2.33617e+07
5.03461e+08 2.33952e+07
5.03472e+08 2.34064e+07
5.03472e+08 2.33505e+07
5.03495e+08 2.30376e+07
5.03506e+08 2.28923e+07
5.03506e+08 2.28029e+07
5.03562e+08 2.23782e+07
5.03562e+08 2.23111e+07
5.0487e+08 2.32834e+07
5.04881e+08 2.32834e+07
5.04892e+08 2.32946e+07
5.04903e+08 2.32946e+07
5.04903e+08 2.32723e+07
5.04914e+08 2.32611e+07
5.04926e+08 2.32387e+07
5.0497e+08 2.32835e+07
5.0497e+08 2.32723e+07
5.04993e+08 2.32946e+07
5.05183e+08 2.33505e+07
5.05194e+08 2.33505e+07
5.05194e+08 2.33505e+07
5.05205e+08 2.33505e+07
5.05205e+08 2.33505e+07
5.05239e+08 2.3384e+07
5.05239e+08 2.3384e+07
5.05239e+08 2.3384e+07
5.05306e+08 2.34511e+07
5.05328e+08 2.34511e+07
5.05563e+08 2.35182e+07
5.05585e+08 2.3507e+07
5.05976e+08 2.38646e+07
5.0601e+08 2.34623e+07
5.06055e+08 2.34847e+07
5.06133e+08 2.34958e+07
5.06569e+08 2.35741e+07
5.06681e+08 2.36412e+07
5.06725e+08 2.36188e+07
5.06759e+08 2.36076e+07
5.27349e+08 2.39208e+07
5.27349e+08 2.38873e+07
5.27349e+08 2.38761e+07
5.27416e+08 2.39432e+07
5.27438e+08 2.39432e+07
5.27539e+08 2.40326e+07
5.27572e+08 2.40661e+07
5.27695e+08 2.41332e+07
5.27717e+08 2.41556e+07
5.28355e+08 2.3485e+07
5.28969e+08 2.40885e+07
5.29048e+08 2.41556e+07
5.29048e+08 2.41444e+07
5.29048e+08 2.41444e+07
5.29048e+08 2.41333e+07
5.29048e+08 2.41221e+07
5.29048e+08 2.40774e+07
5.29048e+08 2.40774e+07
5.29048e+08 2.4055e+07
5.29104e+08 2.39209e+07
5.29126e+08 2.39321e+07
5.29126e+08 2.39321e+07
5.29137e+08 2.39321e+07
5.29137e+08 2.39321e+07
5.29137e+08 2.38986e+07
5.29137e+08 2.38986e+07
5.2916e+08 2.39209e+07
5.2916e+08 2.39209e+07
5.29171e+08 2.3865e+07
5.29227e+08 2.38986e+07
5.29506e+08 2.39433e+07
5.2964e+08 2.4055e+07
5.30154e+08 2.41779e+07
5.30166e+08 2.41556e+07
5.30166e+08 2.41109e+07
5.3021e+08 2.40773e+07
5.30747e+08 2.4178e+07
5.30803e+08 2.41221e+07
5.30825e+08 2.40997e+07
5.30836e+08 2.40774e+07
5.51549e+08 2.42006e+07
5.51549e+08 2.42006e+07
5.51549e+08 2.42006e+07
5.51549e+08 2.41336e+07
5.51549e+08 2.41112e+07
5.5156e+08 2.40218e+07
5.51572e+08 2.39994e+07
5.51583e+08 2.38877e+07
5.51728e+08 2.40106e+07
5.52198e+08 2.3843e+07
5.52689e+08 2.372e+07
5.52946e+08 2.38988e+07
5.52946e+08 2.38988e+07
5.53338e+08 2.429e+07
5.53338e+08 2.429e+07
5.53338e+08 2.429e+07
5.53338e+08 2.429e+07
5.5336e+08 2.43124e+07
5.5336e+08 2.43124e+07
5.53461e+08 2.43571e+07
5.53785e+08 2.46588e+07
5.53807e+08 2.46812e+07
5.53807e+08 2.467e+07
5.5383e+08 2.46924e+07
5.5383e+08 2.46924e+07
5.5383e+08 2.46924e+07
5.5383e+08 2.467e+07
5.5383e+08 2.467e+07
5.5383e+08 2.467e+07
5.53841e+08 2.467e+07
5.53986e+08 2.47595e+07
5.54042e+08 2.4536e+07
5.54333e+08 2.46924e+07
5.54634e+08 2.44801e+07
5.54634e+08 2.44689e+07
5.54724e+08 2.45583e+07
5.54746e+08 2.4536e+07
5.55518e+08 2.47707e+07
5.55574e+08 2.47707e+07
5.55574e+08 2.47483e+07
5.55574e+08 2.47372e+07
5.76778e+08 2.52292e+07
5.76778e+08 2.52292e+07
5.76778e+08 2.52292e+07
5.7679e+08 2.52403e+07
5.76801e+08 2.52515e+07
5.76823e+08 2.52627e+07
5.76823e+08 2.52515e+07
5.76823e+08 2.52403e+07
5.76834e+08 2.51062e+07
5.76968e+08 2.47709e+07
5.77248e+08 2.45585e+07
5.77281e+08 2.4335e+07
5.77349e+08 2.44021e+07
5.77516e+08 2.41785e+07
5.77516e+08 2.41785e+07
5.77516e+08 2.41785e+07
5.77516e+08 2.41785e+07
5.77594e+08 2.42344e+07
5.77594e+08 2.42344e+07
5.77595e+08 2.41338e+07
5.77908e+08 2.41227e+07
5.7793e+08 2.41227e+07
5.78042e+08 2.42345e+07
5.78075e+08 2.42456e+07
5.78075e+08 2.42456e+07
5.78109e+08 2.42792e+07
5.78288e+08 2.4458e+07
5.78288e+08 2.4458e+07
5.78411e+08 2.4581e+07
5.78466e+08 2.46368e+07
5.78589e+08 2.47486e+07
5.79282e+08 2.52963e+07
5.79428e+08 2.53857e+07
5.79674e+08 2.5341e+07
5.79674e+08 2.50393e+07
5.79797e+08 2.51622e+07
5.79852e+08 2.51287e+07
5.79975e+08 2.52293e+07
5.80803e+08 2.52851e+07
5.80847e+08 2.52739e+07
5.80881e+08 2.53075e+07
5.80903e+08 2.53298e+07
6.02488e+08 2.57101e+07
6.025e+08 2.57213e+07
6.025e+08 2.57213e+07
6.02533e+08 2.57436e+07
6.02544e+08 2.57436e+07
6.02556e+08 2.57325e+07
6.02556e+08 2.57325e+07
6.02567e+08 2.57437e+07
6.02567e+08 2.57325e+07
6.02589e+08 2.56207e+07
6.02712e+08 2.54643e+07
6.02757e+08 2.54755e+07
6.02824e+08 2.54755e+07
6.0288e+08 2.53637e+07
6.02913e+08 2.53972e+07
6.02913e+08 2.53972e+07
6.02936e+08 2.54196e+07
6.02936e+08 2.53414e+07
6.02936e+08 2.53414e+07
6.02969e+08 2.53749e+07
6.03148e+08 2.52407e+07
6.03182e+08 2.52519e+07
6.03182e+08 2.51401e+07
6.03204e+08 2.51289e+07
6.03204e+08 2.51289e+07
6.03238e+08 2.51289e+07
6.03316e+08 2.50283e+07
6.03361e+08 2.5073e+07
6.03394e+08 2.49836e+07
6.03417e+08 2.49501e+07
6.03517e+08 2.50507e+07
6.03752e+08 2.51625e+07
6.04836e+08 2.55537e+07
6.04948e+08 2.55202e+07
6.05294e+08 2.56208e+07
6.05406e+08 2.57325e+07
6.05473e+08 2.56767e+07
6.0554e+08 2.56879e+07
6.05719e+08 2.57437e+07
6.06546e+08 2.57436e+07
6.06591e+08 2.57436e+07
6.06725e+08 2.58442e+07
6.06759e+08 2.58554e+07
6.18957e+08 1.64685e+07
6.18978e+08 1.64786e+07
6.18989e+08 1.64898e+07
6.19079e+08 1.6546e+07
6.19102e+08 1.65573e+07
6.19158e+08 1.66021e+07
6.19169e+08 1.66134e+07
6.19236e+08 1.66694e+07
6.19249e+08 1.66818e+07
6.1935e+08 1.67605e+07
6.19462e+08 1.67501e+07
6.19552e+08 1.67954e+07
6.1962e+08 1.67961e+07
6.19665e+08 1.67852e+07
6.19665e+08 1.67518e+07
6.19665e+08 1.67518e+07
6.19699e+08 1.67632e+07
6.19709e+08 1.67734e+07
6.19721e+08 1.67847e+07
6.19754e+08 1.67849e+07
6.19799e+08 1.6651e+07
6.19812e+08 1.66298e+07
6.19812e+08 1.66298e+07
6.19812e+08 1.66075e+07
6.19812e+08 1.66076e+07
6.19812e+08 1.6574e+07
6.19812e+08 1.64959e+07
6.19812e+08 1.64512e+07
6.19834e+08 1.64395e+07
6.19845e+08 1.64286e+07
6.19845e+08 1.63283e+07
6.19846e+08 1.60939e+07
6.19871e+08 1.61187e+07
6.19974e+08 1.51374e+07
6.20052e+08 1.51038e+07
6.20119e+08 1.48246e+07
6.20141e+08 1.47352e+07
6.20153e+08 1.46793e+07
6.20186e+08 1.46458e+07
6.2022e+08 1.45005e+07
6.20343e+08 1.37963e+07
6.20399e+08 1.38074e+07
6.20422e+08 1.36968e+07
6.20454e+08 1.36957e+07
6.29362e+08 1.0405e+07
6.29395e+08 1.04172e+07
6.29451e+08 1.04618e+07
