4.8155e+06 4.81493e+06
8.40696e+06 3.59146e+06
8.40697e+06 3.59146e+06
1.04509e+07 2.04394e+06
1.07638e+07 2.35687e+06
1.2486e+07 2.03509e+06
1.25195e+07 2.06862e+06
1.28436e+07 2.07981e+06
1.55497e+07 3.06366e+06
1.56391e+07 3.1196e+06
1.56391e+07 3.1196e+06
1.57062e+07 2.86257e+06
1.89491e+07 3.39948e+06
1.89491e+07 3.31002e+06
1.89491e+07 3.31002e+06
1.89492e+07 3.24295e+06
1.89492e+07 3.24295e+06
2.25275e+07 3.57841e+06
2.25499e+07 3.60075e+06
2.25499e+07 3.60075e+06
2.25499e+07 3.60075e+06
2.25499e+07 3.60075e+06
2.25611e+07 3.61195e+06
2.6598e+07 4.07049e+06
2.6598e+07 4.04814e+06
2.6598e+07 4.04815e+06
2.65981e+07 4.04818e+06
2.65981e+07 4.04821e+06
2.66429e+07 4.08178e+06
2.66429e+07 4.08178e+06
3.0814e+07 4.21599e+06
3.0814e+07 4.21599e+06
3.08476e+07 4.24955e+06
3.09371e+07 4.33896e+06
3.09371e+07 4.33894e+06
3.10489e+07 4.40599e+06
3.10489e+07 4.40599e+06
3.5589e+07 4.77502e+06
3.55891e+07 4.77503e+06
3.55891e+07 4.77503e+06
3.56897e+07 4.84209e+06
3.57009e+07 4.76382e+06
3.57232e+07 4.78618e+06
3.58015e+07 4.75258e+06
3.58686e+07 4.8197e+06
4.07669e+07 5.17782e+06
4.08339e+07 5.24487e+06
4.08339e+07 5.24488e+06
4.08339e+07 5.24488e+06
4.08563e+07 5.16663e+06
4.10575e+07 5.35663e+06
4.10687e+07 5.34545e+06
4.11805e+07 5.379e+06
4.12923e+07 5.42369e+06
4.65039e+07 5.73704e+06
4.65598e+07 5.72587e+06
4.65933e+07 5.7594e+06
4.65933e+07 5.7594e+06
4.66604e+07 5.82646e+06
4.68057e+07 5.94939e+06
4.68951e+07 5.83763e+06
4.70516e+07 5.98292e+06
4.7074e+07 5.89349e+06
4.71969e+07 5.90461e+06
5.3426e+07 6.92213e+06
5.3426e+07 6.86625e+06
5.34261e+07 6.83273e+06
5.34261e+07 6.83273e+06
5.3482e+07 6.82157e+06
5.3482e+07 6.82157e+06
5.35379e+07 6.73215e+06
5.35379e+07 6.64273e+06
5.35379e+07 6.48627e+06
5.35379e+07 6.46392e+06
5.35379e+07 6.34098e+06
6.04826e+07 7.0566e+06
6.04826e+07 7.0566e+06
6.04827e+07 7.0566e+06
6.05497e+07 7.12366e+06
6.0628e+07 7.14599e+06
6.0628e+07 7.14599e+06
6.06615e+07 7.12364e+06
6.06615e+07 7.12365e+06
6.07621e+07 7.22427e+06
6.0818e+07 7.28015e+06
6.0818e+07 7.28015e+06
6.0818e+07 7.28015e+06
6.80089e+07 7.52629e+06
6.80089e+07 7.52629e+06
6.80201e+07 7.53747e+06
6.80649e+07 7.51515e+06
6.80649e+07 7.43692e+06
6.80761e+07 7.4481e+06
6.81096e+07 7.44811e+06
6.81096e+07 7.44811e+06
6.81096e+07 7.44812e+06
6.84226e+07 7.66046e+06
6.84561e+07 7.63813e+06
6.84562e+07 7.63813e+06
6.84562e+07 7.63813e+06
7.61504e+07 8.14144e+06
7.61951e+07 8.18615e+06
7.62063e+07 8.18614e+06
7.63292e+07 8.26433e+06
7.63292e+07 8.26433e+06
7.64298e+07 8.35378e+06
7.65975e+07 8.48792e+06
7.66199e+07 8.51027e+06
7.66199e+07 8.51027e+06
7.66199e+07 8.51028e+06
7.66758e+07 8.25322e+06
7.67876e+07 8.33144e+06
7.67876e+07 8.33143e+06
7.67876e+07 8.33143e+06
8.48621e+07 8.71172e+06
8.48956e+07 8.70054e+06
8.48956e+07 8.68937e+06
8.49404e+07 8.61116e+06
8.49739e+07 8.6447e+06
8.53316e+07 8.90176e+06
8.54658e+07 8.86822e+06
8.55216e+07 8.90175e+06
8.55217e+07 8.90175e+06
8.55217e+07 8.90175e+06
8.55999e+07 8.92409e+06
8.55999e+07 8.9241e+06
8.56223e+07 8.83469e+06
8.56223e+07 8.83469e+06
8.56893e+07 8.90175e+06
9.42e+07 9.33795e+06
9.42e+07 9.30442e+06
9.42112e+07 9.3156e+06
9.44013e+07 9.4609e+06
9.44572e+07 9.48325e+06
9.46919e+07 9.36032e+06
9.49267e+07 9.4609e+06
9.49602e+07 9.43857e+06
9.49714e+07 9.44975e+06
9.49714e+07 9.44975e+06
9.49938e+07 9.39386e+06
9.50832e+07 9.48328e+06
9.50832e+07 9.48328e+06
9.50832e+07 9.46093e+06
9.50832e+07 9.46093e+06
9.51056e+07 9.41623e+06
1.04209e+08 1.00089e+07
1.0422e+08 1.00201e+07
1.04276e+08 1.00648e+07
1.04444e+08 1.00425e+07
1.04444e+08 9.98665e+06
1.04556e+08 9.86367e+06
1.0488e+08 9.95312e+06
1.04936e+08 9.97545e+06
1.04992e+08 1.00201e+07
1.04992e+08 1.00201e+07
1.05036e+08 1.00425e+07
1.05036e+08 9.95308e+06
1.05036e+08 9.95308e+06
1.05036e+08 9.95308e+06
1.05036e+08 9.95309e+06
1.05092e+08 1.0009e+07
1.05137e+08 1.00313e+07
1.14777e+08 1.05681e+07
1.14822e+08 1.06016e+07
1.14822e+08 1.05457e+07
1.15057e+08 1.06129e+07
1.15101e+08 1.06576e+07
1.15101e+08 1.05458e+07
1.15191e+08 1.0311e+07
1.15191e+08 1.02552e+07
1.15191e+08 1.01993e+07
1.15191e+08 1.01993e+07
1.1528e+08 1.0244e+07
1.15303e+08 1.02663e+07
1.15537e+08 1.0501e+07
1.15671e+08 1.06352e+07
1.15671e+08 1.06352e+07
1.15671e+08 1.06352e+07
1.1575e+08 1.06575e+07
1.15862e+08 1.07246e+07
1.25804e+08 1.10267e+07
1.25804e+08 1.0982e+07
1.25826e+08 1.10043e+07
1.26307e+08 1.12503e+07
1.2634e+08 1.12391e+07
1.26352e+08 1.12503e+07
1.26374e+08 1.11832e+07
1.26385e+08 1.11944e+07
1.26385e+08 1.11944e+07
1.2643e+08 1.12391e+07
1.26452e+08 1.11721e+07
1.26542e+08 1.12391e+07
1.26586e+08 1.10492e+07
1.26586e+08 1.0915e+07
1.26587e+08 1.0915e+07
1.26642e+08 1.09709e+07
1.26855e+08 1.1105e+07
1.26888e+08 1.11386e+07
1.27145e+08 1.12839e+07
1.37546e+08 1.17422e+07
1.37546e+08 1.17422e+07
1.37546e+08 1.17199e+07
1.38094e+08 1.17871e+07
1.38172e+08 1.18318e+07
1.38183e+08 1.18318e+07
1.38206e+08 1.18318e+07
1.38228e+08 1.1843e+07
1.38228e+08 1.1843e+07
1.38251e+08 1.18206e+07
1.38251e+08 1.17983e+07
1.3834e+08 1.17983e+07
1.3834e+08 1.17536e+07
1.3834e+08 1.17536e+07
1.3834e+08 1.17536e+07
1.38362e+08 1.17201e+07
1.38396e+08 1.15413e+07
1.38418e+08 1.15301e+07
1.38597e+08 1.17089e+07
1.3891e+08 1.17648e+07
1.49982e+08 1.24357e+07
1.49993e+08 1.24468e+07
1.49993e+08 1.24468e+07
1.50384e+08 1.22904e+07
1.50396e+08 1.22234e+07
1.5063e+08 1.24468e+07
1.5063e+08 1.24245e+07
1.50642e+08 1.24134e+07
1.50642e+08 1.24134e+07
1.50642e+08 1.2391e+07
1.50642e+08 1.2391e+07
1.50698e+08 1.23574e+07
1.50742e+08 1.24022e+07
1.50742e+08 1.24022e+07
1.50742e+08 1.24022e+07
1.50742e+08 1.23798e+07
1.50832e+08 1.24357e+07
1.50854e+08 1.24357e+07
1.50955e+08 1.23575e+07
1.51201e+08 1.22904e+07
1.51301e+08 1.23911e+07
1.62898e+08 1.29166e+07
1.62921e+08 1.29278e+07
1.62921e+08 1.29278e+07
1.63335e+08 1.29502e+07
1.63335e+08 1.2939e+07
1.63402e+08 1.27713e+07
1.63536e+08 1.29055e+07
1.63659e+08 1.30172e+07
1.63659e+08 1.30172e+07
1.63659e+08 1.30172e+07
1.63659e+08 1.30173e+07
1.63681e+08 1.29837e+07
1.6376e+08 1.30172e+07
1.6376e+08 1.30173e+07
1.6376e+08 1.30173e+07
1.6376e+08 1.30173e+07
1.63838e+08 1.30061e+07
1.63916e+08 1.3062e+07
1.64028e+08 1.30731e+07
1.64184e+08 1.29837e+07
1.64374e+08 1.30732e+07
1.64419e+08 1.31179e+07
1.76106e+08 1.32075e+07
1.76106e+08 1.31851e+07
1.76106e+08 1.31851e+07
1.76397e+08 1.30621e+07
1.7643e+08 1.30956e+07
1.76497e+08 1.30956e+07
1.76631e+08 1.30956e+07
1.7681e+08 1.31515e+07
1.7681e+08 1.31515e+07
1.76833e+08 1.31739e+07
1.76844e+08 1.31851e+07
1.76877e+08 1.31962e+07
1.76945e+08 1.31851e+07
1.76989e+08 1.32298e+07
1.77e+08 1.32409e+07
1.77e+08 1.32409e+07
1.77034e+08 1.31963e+07
1.77068e+08 1.31516e+07
1.77135e+08 1.31069e+07
1.77358e+08 1.31739e+07
1.77783e+08 1.34086e+07
1.77783e+08 1.33639e+07
1.8976e+08 1.36547e+07
1.89805e+08 1.36995e+07
1.89828e+08 1.37219e+07
1.89828e+08 1.37219e+07
1.90174e+08 1.37776e+07
1.90174e+08 1.37441e+07
1.90197e+08 1.36994e+07
1.90342e+08 1.37106e+07
1.90543e+08 1.3733e+07
1.90543e+08 1.3733e+07
1.9061e+08 1.37776e+07
1.90644e+08 1.38e+07
1.90666e+08 1.37888e+07
1.90778e+08 1.38335e+07
1.90778e+08 1.37888e+07
1.90778e+08 1.37777e+07
1.90789e+08 1.37888e+07
1.9089e+08 1.38559e+07
1.90924e+08 1.38559e+07
1.90946e+08 1.38112e+07
1.91281e+08 1.39229e+07
1.91605e+08 1.38223e+07
1.91605e+08 1.38223e+07
2.03963e+08 1.42027e+07
2.04041e+08 1.42363e+07
2.04041e+08 1.42363e+07
2.04153e+08 1.43257e+07
2.04165e+08 1.43369e+07
2.04478e+08 1.43033e+07
2.045e+08 1.43257e+07
2.045e+08 1.43033e+07
2.04679e+08 1.43368e+07
2.0488e+08 1.43368e+07
2.0488e+08 1.43368e+07
2.04914e+08 1.43033e+07
2.04981e+08 1.43368e+07
2.05014e+08 1.4348e+07
2.05104e+08 1.43257e+07
2.05126e+08 1.4348e+07
2.05149e+08 1.43704e+07
2.05149e+08 1.43592e+07
2.05283e+08 1.43927e+07
2.05696e+08 1.47727e+07
2.05719e+08 1.47727e+07
2.05864e+08 1.45828e+07
2.06032e+08 1.44263e+07
2.06032e+08 1.44263e+07
2.18809e+08 1.48454e+07
2.18932e+08 1.48901e+07
2.18932e+08 1.48901e+07
2.19055e+08 1.49013e+07
2.19055e+08 1.49013e+07
2.19077e+08 1.49125e+07
2.19368e+08 1.48901e+07
2.1939e+08 1.48901e+07
2.1939e+08 1.48901e+07
2.19468e+08 1.47895e+07
2.19792e+08 1.49124e+07
2.19793e+08 1.49124e+07
2.19848e+08 1.49348e+07
2.19893e+08 1.49124e+07
2.19971e+08 1.49571e+07
2.20027e+08 1.49236e+07
2.20117e+08 1.49907e+07
2.2015e+08 1.50019e+07
2.2015e+08 1.50019e+07
2.20329e+08 1.50466e+07
2.20575e+08 1.48789e+07
2.20575e+08 1.48566e+07
2.20843e+08 1.49795e+07
2.21156e+08 1.51248e+07
2.21156e+08 1.51248e+07
2.34227e+08 1.54184e+07
2.3435e+08 1.54184e+07
2.34372e+08 1.54408e+07
2.34574e+08 1.5519e+07
2.34574e+08 1.5519e+07
2.34574e+08 1.5519e+07
2.34574e+08 1.54966e+07
2.3473e+08 1.53625e+07
2.34808e+08 1.54184e+07
2.34876e+08 1.54855e+07
2.34987e+08 1.5519e+07
2.35054e+08 1.52619e+07
2.35289e+08 1.54966e+07
2.35289e+08 1.54407e+07
2.35379e+08 1.54854e+07
2.3549e+08 1.55189e+07
2.35535e+08 1.55078e+07
2.35804e+08 1.56866e+07
2.35804e+08 1.56531e+07
2.35804e+08 1.56531e+07
2.35904e+08 1.55749e+07
2.35994e+08 1.54184e+07
2.36038e+08 1.54631e+07
2.36441e+08 1.55972e+07
2.36809e+08 1.56531e+07
2.36809e+08 1.56531e+07
2.50297e+08 1.60703e+07
2.50398e+08 1.6048e+07
2.50398e+08 1.60256e+07
2.5061e+08 1.60367e+07
2.5061e+08 1.60367e+07
2.5061e+08 1.60367e+07
2.5061e+08 1.60367e+07
2.5061e+08 1.60367e+07
2.50845e+08 1.6115e+07
2.50901e+08 1.60926e+07
2.50901e+08 1.60256e+07
2.51002e+08 1.60144e+07
2.51113e+08 1.60591e+07
2.51259e+08 1.59697e+07
2.51371e+08 1.60814e+07
2.51494e+08 1.6115e+07
2.51639e+08 1.61485e+07
2.51684e+08 1.61485e+07
2.51952e+08 1.61485e+07
2.51952e+08 1.61485e+07
2.51952e+08 1.61485e+07
2.51952e+08 1.60479e+07
2.51952e+08 1.59585e+07
2.52466e+08 1.64279e+07
2.52623e+08 1.61821e+07
2.5307e+08 1.62603e+07
2.53126e+08 1.63161e+07
2.66952e+08 1.66551e+07
2.67008e+08 1.66104e+07
2.67008e+08 1.66104e+07
2.67221e+08 1.66104e+07
2.67232e+08 1.66216e+07
2.67232e+08 1.66216e+07
2.67232e+08 1.66216e+07
2.67243e+08 1.66328e+07
2.67243e+08 1.66328e+07
2.67444e+08 1.65992e+07
2.67444e+08 1.65433e+07
2.675e+08 1.65993e+07
2.67579e+08 1.65769e+07
2.6778e+08 1.66663e+07
2.6788e+08 1.66216e+07
2.67914e+08 1.65434e+07
2.6797e+08 1.64763e+07
2.68327e+08 1.66886e+07
2.68417e+08 1.67333e+07
2.68585e+08 1.66328e+07
2.6863e+08 1.66775e+07
2.68652e+08 1.66998e+07
2.68808e+08 1.68563e+07
2.68808e+08 1.68563e+07
2.69378e+08 1.69122e+07
2.69703e+08 1.70798e+07
2.69881e+08 1.68116e+07
2.69915e+08 1.67893e+07
2.84096e+08 1.71439e+07
2.84141e+08 1.71327e+07
2.84141e+08 1.71327e+07
2.8423e+08 1.70098e+07
2.8423e+08 1.69986e+07
2.84264e+08 1.70321e+07
2.84298e+08 1.70657e+07
2.84342e+08 1.70992e+07
2.84342e+08 1.70992e+07
2.84711e+08 1.72669e+07
2.84711e+08 1.72669e+07
2.84734e+08 1.72892e+07
2.84756e+08 1.72557e+07
2.84756e+08 1.71774e+07
2.84913e+08 1.71327e+07
2.85181e+08 1.73004e+07
2.8527e+08 1.73563e+07
2.8527e+08 1.73004e+07
2.85382e+08 1.70545e+07
2.85673e+08 1.72557e+07
2.86064e+08 1.74793e+07
2.86131e+08 1.75016e+07
2.86131e+08 1.74793e+07
2.86142e+08 1.7334e+07
2.86142e+08 1.7334e+07
2.86936e+08 1.75575e+07
2.87081e+08 1.73786e+07
2.87282e+08 1.7401e+07
2.87282e+08 1.73675e+07
3.01908e+08 1.78116e+07
3.01908e+08 1.77669e+07
3.01908e+08 1.77669e+07
3.01908e+08 1.76775e+07
3.01908e+08 1.76775e+07
3.0193e+08 1.76663e+07
3.01953e+08 1.76551e+07
3.02132e+08 1.77892e+07
3.02165e+08 1.78227e+07
3.02456e+08 1.77445e+07
3.02512e+08 1.78004e+07
3.02545e+08 1.7834e+07
3.02545e+08 1.78116e+07
3.02545e+08 1.77892e+07
3.02556e+08 1.78004e+07
3.02769e+08 1.78563e+07
3.03115e+08 1.79345e+07
3.03149e+08 1.78787e+07
3.03149e+08 1.78787e+07
3.03171e+08 1.77892e+07
3.03585e+08 1.79122e+07
3.04054e+08 1.79904e+07
3.04077e+08 1.79457e+07
3.04099e+08 1.79681e+07
3.04099e+08 1.79569e+07
3.04099e+08 1.79569e+07
3.04725e+08 1.77892e+07
3.05049e+08 1.79681e+07
3.05273e+08 1.79904e+07
3.05385e+08 1.81022e+07
3.20215e+08 1.8307e+07
3.20271e+08 1.83629e+07
3.20271e+08 1.83629e+07
3.20282e+08 1.83741e+07
3.20316e+08 1.84076e+07
3.20316e+08 1.83853e+07
3.2036e+08 1.84076e+07
3.2036e+08 1.82288e+07
3.20483e+08 1.83182e+07
3.2083e+08 1.83741e+07
3.20908e+08 1.83964e+07
3.20964e+08 1.84188e+07
3.20975e+08 1.843e+07
3.21042e+08 1.8497e+07
3.21042e+08 1.8497e+07
3.21076e+08 1.85194e+07
3.21266e+08 1.8497e+07
3.2178e+08 1.86647e+07
3.2178e+08 1.86312e+07
3.21814e+08 1.86647e+07
3.21825e+08 1.86535e+07
3.22026e+08 1.84412e+07
3.22574e+08 1.85194e+07
3.22607e+08 1.85306e+07
3.22719e+08 1.862e+07
3.22954e+08 1.88547e+07
3.22954e+08 1.88547e+07
3.2339e+08 1.86646e+07
3.23703e+08 1.86535e+07
3.23703e+08 1.84299e+07
3.23949e+08 1.8564e+07
3.39133e+08 1.89185e+07
3.39156e+08 1.88849e+07
3.39156e+08 1.88849e+07
3.39167e+08 1.88849e+07
3.39173e+08 1.8857e+07
3.39186e+08 1.88705e+07
3.39196e+08 1.88358e+07
3.39196e+08 1.88358e+07
3.39319e+08 1.88353e+07
3.39788e+08 1.89583e+07
3.39799e+08 1.88912e+07
3.39822e+08 1.88577e+07
3.39922e+08 1.89471e+07
3.40146e+08 1.91036e+07
3.40168e+08 1.91259e+07
3.40168e+08 1.9126e+07
3.40168e+08 1.90924e+07
3.40247e+08 1.89807e+07
3.40872e+08 1.90925e+07
3.40872e+08 1.90925e+07
3.40872e+08 1.90589e+07
3.40895e+08 1.90701e+07
3.41085e+08 1.90589e+07
3.41409e+08 1.88353e+07
3.41599e+08 1.89918e+07
3.41599e+08 1.88801e+07
3.41756e+08 1.88018e+07
3.41756e+08 1.88018e+07
3.418e+08 1.84107e+07
3.42203e+08 1.85001e+07
3.42315e+08 1.86118e+07
3.42415e+08 1.84665e+07
3.58744e+08 1.96104e+07
3.58744e+08 1.9588e+07
3.58744e+08 1.9588e+07
3.58744e+08 1.95768e+07
3.58744e+08 1.95712e+07
3.58766e+08 1.95801e+07
3.58777e+08 1.95813e+07
3.58777e+08 1.95813e+07
3.58777e+08 1.94588e+07
3.5914e+08 1.9352e+07
3.59207e+08 1.94079e+07
3.59285e+08 1.94637e+07
3.59364e+08 1.94414e+07
3.59554e+08 1.94079e+07
3.59598e+08 1.94302e+07
3.59643e+08 1.94749e+07
3.59643e+08 1.9475e+07
3.59643e+08 1.9475e+07
3.59666e+08 1.94191e+07
3.60381e+08 1.95086e+07
3.60426e+08 1.95533e+07
3.60459e+08 1.95868e+07
3.60493e+08 1.9598e+07
3.60683e+08 1.95979e+07
3.60907e+08 1.94973e+07
3.60974e+08 1.93744e+07
3.61041e+08 1.94415e+07
3.61287e+08 1.95309e+07
3.61287e+08 1.95309e+07
3.61342e+08 1.9542e+07
3.61555e+08 1.9352e+07
3.617e+08 1.93856e+07
3.61745e+08 1.93297e+07
3.78864e+08 2.01201e+07
3.78875e+08 2.01313e+07
3.78875e+08 2.01313e+07
3.78875e+08 2.01313e+07
3.78886e+08 2.01425e+07
3.7892e+08 2.01537e+07
3.78942e+08 2.01648e+07
3.78942e+08 2.01648e+07
3.78953e+08 2.0176e+07
3.79233e+08 2.00929e+07
3.793e+08 2.00929e+07
3.79412e+08 2.01264e+07
3.79501e+08 2.01376e+07
3.7958e+08 2.00258e+07
3.7968e+08 2.00817e+07
3.79703e+08 2.00593e+07
3.79736e+08 2.00928e+07
3.79758e+08 2.01152e+07
3.79758e+08 2.01152e+07
3.79792e+08 2.01264e+07
3.80262e+08 1.98805e+07
3.80295e+08 1.98693e+07
3.80407e+08 1.99476e+07
3.80541e+08 2.00482e+07
3.80765e+08 2.00817e+07
3.80955e+08 2.00482e+07
3.81111e+08 2.01376e+07
3.81223e+08 2.01823e+07
3.81234e+08 1.99476e+07
3.81234e+08 1.99476e+07
3.81257e+08 1.99141e+07
3.8129e+08 1.97353e+07
3.8129e+08 1.959e+07
3.81346e+08 1.96012e+07
3.99656e+08 2.07922e+07
3.99656e+08 2.0781e+07
3.99656e+08 2.0781e+07
3.99656e+08 2.0781e+07
3.99678e+08 2.07922e+07
3.99712e+08 2.07922e+07
3.99723e+08 2.0781e+07
3.99723e+08 2.0781e+07
3.99746e+08 2.07921e+07
4.00036e+08 2.08033e+07
4.00081e+08 2.0781e+07
4.00215e+08 2.08033e+07
4.00338e+08 2.08369e+07
4.00483e+08 2.09039e+07
4.00528e+08 2.08481e+07
4.00595e+08 2.08928e+07
4.00618e+08 2.08816e+07
4.0064e+08 2.08816e+07
4.0064e+08 2.08816e+07
4.0064e+08 2.08816e+07
4.00718e+08 2.09263e+07
4.01065e+08 2.08033e+07
4.01087e+08 2.07922e+07
4.01255e+08 2.08481e+07
4.01322e+08 2.0781e+07
4.01691e+08 2.09264e+07
4.01926e+08 2.0971e+07
4.02239e+08 2.11275e+07
4.02239e+08 2.10157e+07
4.02306e+08 2.10716e+07
4.02608e+08 2.13733e+07
4.02608e+08 2.1351e+07
4.02663e+08 2.13733e+07
4.02663e+08 2.13733e+07
4.02988e+08 2.16416e+07
4.20969e+08 2.13127e+07
4.20969e+08 2.13127e+07
4.21002e+08 2.13462e+07
4.21002e+08 2.13462e+07
4.21036e+08 2.13574e+07
4.21036e+08 2.13239e+07
4.21036e+08 2.13127e+07
4.21058e+08 2.13351e+07
4.21058e+08 2.13127e+07
4.21338e+08 2.13015e+07
4.21427e+08 2.13462e+07
4.21561e+08 2.13462e+07
4.21617e+08 2.12792e+07
4.21986e+08 2.15027e+07
4.21997e+08 2.14692e+07
4.21997e+08 2.14021e+07
4.2202e+08 2.14021e+07
4.2202e+08 2.13798e+07
4.2202e+08 2.13798e+07
4.2202e+08 2.13798e+07
4.22031e+08 2.1391e+07
4.22065e+08 2.13463e+07
4.22378e+08 2.13127e+07
4.22378e+08 2.12904e+07
4.22422e+08 2.11674e+07
4.2268e+08 2.13575e+07
4.2335e+08 2.16592e+07
4.23607e+08 2.16816e+07
4.24378e+08 2.21398e+07
4.24412e+08 2.21733e+07
4.24457e+08 2.21509e+07
4.24535e+08 2.19274e+07
4.24691e+08 2.20839e+07
4.24792e+08 2.21286e+07
4.24792e+08 2.21286e+07
4.24982e+08 2.19945e+07
4.42855e+08 2.18865e+07
4.42855e+08 2.18865e+07
4.42878e+08 2.18754e+07
4.42878e+08 2.18754e+07
4.42911e+08 2.18754e+07
4.42945e+08 2.19089e+07
4.42956e+08 2.19201e+07
4.42978e+08 2.19201e+07
4.42978e+08 2.19201e+07
4.43235e+08 2.18977e+07
4.4337e+08 2.19424e+07
4.43537e+08 2.19759e+07
4.43549e+08 2.19312e+07
4.4394e+08 2.19536e+07
4.4394e+08 2.19424e+07
4.4394e+08 2.19424e+07
4.4394e+08 2.19201e+07
4.4394e+08 2.19201e+07
4.4394e+08 2.19201e+07
4.43951e+08 2.19312e+07
4.43951e+08 2.19201e+07
4.43973e+08 2.19089e+07
4.44029e+08 2.19648e+07
4.44298e+08 2.192e+07
4.44298e+08 2.192e+07
4.44331e+08 2.19089e+07
4.44633e+08 2.19536e+07
4.45382e+08 2.20319e+07
4.46075e+08 2.24677e+07
4.46734e+08 2.2356e+07
4.46734e+08 2.23224e+07
4.46857e+08 2.24007e+07
4.46857e+08 2.23224e+07
4.46869e+08 2.21772e+07
4.47014e+08 2.22219e+07
4.47059e+08 2.22666e+07
4.47215e+08 2.2233e+07
4.65412e+08 2.2557e+07
4.65446e+08 2.25905e+07
4.65468e+08 2.25905e+07
4.65468e+08 2.25905e+07
4.65502e+08 2.25905e+07
4.65502e+08 2.2557e+07
4.65535e+08 2.25793e+07
4.65535e+08 2.2557e+07
4.65535e+08 2.2557e+07
4.65748e+08 2.25123e+07
4.65837e+08 2.24675e+07
4.6605e+08 2.25123e+07
4.66106e+08 2.2557e+07
4.66474e+08 2.25346e+07
4.66474e+08 2.25346e+07
4.66474e+08 2.25346e+07
4.66474e+08 2.25346e+07
4.66474e+08 2.25346e+07
4.66486e+08 2.25458e+07
4.66497e+08 2.25458e+07
4.66497e+08 2.25458e+07
4.66519e+08 2.25458e+07
4.6653e+08 2.25011e+07
4.6653e+08 2.25011e+07
4.66776e+08 2.24787e+07
4.66855e+08 2.25569e+07
4.66855e+08 2.25234e+07
4.67402e+08 2.27694e+07
4.67905e+08 2.25234e+07
4.68833e+08 2.27582e+07
4.69168e+08 2.2434e+07
4.69325e+08 2.25905e+07
4.69414e+08 2.2557e+07
4.69582e+08 2.27247e+07
4.69694e+08 2.28253e+07
4.69862e+08 2.28476e+07
4.69884e+08 2.28252e+07
4.69906e+08 2.26911e+07
4.88595e+08 2.3183e+07
4.88595e+08 2.31495e+07
4.88595e+08 2.31271e+07
4.88618e+08 2.31495e+07
4.88618e+08 2.3116e+07
4.88618e+08 2.3116e+07
4.88718e+08 2.3183e+07
4.88718e+08 2.3183e+07
4.88718e+08 2.3183e+07
4.88931e+08 2.3183e+07
4.88987e+08 2.31495e+07
4.89132e+08 2.30824e+07
4.89188e+08 2.30825e+07
4.89602e+08 2.31271e+07
4.89613e+08 2.31383e+07
4.89613e+08 2.31383e+07
4.89624e+08 2.31495e+07
4.89624e+08 2.31495e+07
4.89624e+08 2.31383e+07
4.89646e+08 2.31495e+07
4.89646e+08 2.31495e+07
4.89646e+08 2.31271e+07
4.89646e+08 2.31159e+07
4.89669e+08 2.31383e+07
4.89669e+08 2.31383e+07
4.89825e+08 2.30489e+07
4.89848e+08 2.2993e+07
4.89881e+08 2.30266e+07
4.90586e+08 2.3183e+07
4.90697e+08 2.27919e+07
4.9205e+08 2.32165e+07
4.9215e+08 2.29819e+07
4.92542e+08 2.32166e+07
4.92542e+08 2.31271e+07
4.92732e+08 2.31495e+07
4.92922e+08 2.32277e+07
4.93089e+08 2.32277e+07
4.93089e+08 2.32054e+07
4.93212e+08 2.3306e+07
5.12315e+08 2.37198e+07
5.12315e+08 2.37198e+07
5.12326e+08 2.37309e+07
5.12416e+08 2.3798e+07
5.12416e+08 2.3798e+07
5.12416e+08 2.3798e+07
5.12449e+08 2.37309e+07
5.12472e+08 2.37533e+07
5.12505e+08 2.37868e+07
5.12729e+08 2.3798e+07
5.12807e+08 2.38204e+07
5.12908e+08 2.37756e+07
5.1293e+08 2.37421e+07
5.13377e+08 2.37757e+07
5.13388e+08 2.37757e+07
5.13388e+08 2.37757e+07
5.134e+08 2.37757e+07
5.13422e+08 2.3798e+07
5.13433e+08 2.38092e+07
5.13433e+08 2.37868e+07
5.13433e+08 2.37868e+07
5.13433e+08 2.37868e+07
5.13444e+08 2.3798e+07
5.13444e+08 2.37757e+07
5.13444e+08 2.37757e+07
5.1359e+08 2.37645e+07
5.1359e+08 2.37645e+07
5.13634e+08 2.37868e+07
5.13836e+08 2.39546e+07
5.14261e+08 2.36751e+07
5.14574e+08 2.38763e+07
5.15993e+08 2.39433e+07
5.16038e+08 2.38874e+07
5.16317e+08 2.37757e+07
5.16362e+08 2.38204e+07
5.16652e+08 2.3921e+07
5.1672e+08 2.3798e+07
5.16798e+08 2.37086e+07
5.16843e+08 2.37533e+07
5.16843e+08 2.36304e+07
5.36626e+08 2.43112e+07
5.36671e+08 2.43559e+07
5.36716e+08 2.43895e+07
5.36772e+08 2.43559e+07
5.36794e+08 2.43783e+07
5.36794e+08 2.43783e+07
5.36805e+08 2.43559e+07
5.36828e+08 2.43559e+07
5.36839e+08 2.43336e+07
5.37085e+08 2.43559e+07
5.37185e+08 2.43783e+07
5.37241e+08 2.43337e+07
5.37308e+08 2.43783e+07
5.37543e+08 2.41659e+07
5.37543e+08 2.41548e+07
5.37543e+08 2.41548e+07
5.37644e+08 2.42442e+07
5.37644e+08 2.42218e+07
5.37644e+08 2.42107e+07
5.37644e+08 2.42107e+07
5.37644e+08 2.42107e+07
5.37666e+08 2.4233e+07
5.37666e+08 2.42218e+07
5.37677e+08 2.4233e+07
5.37689e+08 2.42442e+07
5.37823e+08 2.4233e+07
5.37834e+08 2.42442e+07
5.37912e+08 2.43224e+07
5.37934e+08 2.43001e+07
5.38169e+08 2.43336e+07
5.38717e+08 2.44566e+07
5.39332e+08 2.47583e+07
5.40193e+08 2.41995e+07
5.40237e+08 2.41995e+07
5.40606e+08 2.42889e+07
5.40606e+08 2.42442e+07
5.40997e+08 2.43448e+07
5.41031e+08 2.43112e+07
5.41087e+08 2.42889e+07
5.4112e+08 2.42777e+07
5.4112e+08 2.42777e+07
5.61599e+08 2.49723e+07
5.61599e+08 2.49276e+07
5.61632e+08 2.49164e+07
5.61643e+08 2.48717e+07
5.61699e+08 2.49052e+07
5.61722e+08 2.49276e+07
5.61744e+08 2.49388e+07
5.61766e+08 2.49388e+07
5.61811e+08 2.49723e+07
5.62113e+08 2.50282e+07
5.62135e+08 2.495e+07
5.62169e+08 2.49276e+07
5.6227e+08 2.49612e+07
5.6246e+08 2.49164e+07
5.62482e+08 2.49388e+07
5.62527e+08 2.49835e+07
5.62538e+08 2.48941e+07
5.62538e+08 2.48941e+07
5.62549e+08 2.49053e+07
5.62571e+08 2.49276e+07
5.62571e+08 2.49276e+07
5.62571e+08 2.49053e+07
5.62571e+08 2.49053e+07
5.62571e+08 2.48941e+07
5.62571e+08 2.48829e+07
5.62728e+08 2.49053e+07
5.62795e+08 2.49612e+07
5.62817e+08 2.49053e+07
5.62851e+08 2.49165e+07
5.62862e+08 2.49277e+07
5.6303e+08 2.48606e+07
5.63835e+08 2.51176e+07
5.64215e+08 2.48829e+07
5.65232e+08 2.50394e+07
5.65232e+08 2.49947e+07
5.65366e+08 2.476e+07
5.65366e+08 2.476e+07
5.6588e+08 2.48829e+07
5.65936e+08 2.49053e+07
5.66048e+08 2.49612e+07
5.66115e+08 2.49947e+07
5.66216e+08 2.50953e+07
5.87108e+08 2.55091e+07
5.87119e+08 2.55203e+07
5.87153e+08 2.55212e+07
5.87176e+08 2.55324e+07
5.87209e+08 2.551e+07
5.87209e+08 2.54876e+07
5.87232e+08 2.54876e+07
5.87254e+08 2.54876e+07
5.87316e+08 2.5505e+07
5.87607e+08 2.54938e+07
5.87607e+08 2.54714e+07
5.87674e+08 2.5505e+07
5.87943e+08 2.56737e+07
5.87977e+08 2.55172e+07
5.87977e+08 2.54949e+07
5.88033e+08 2.5506e+07
5.88033e+08 2.54948e+07
5.88033e+08 2.54949e+07
5.88033e+08 2.54837e+07
5.88033e+08 2.54613e+07
5.88055e+08 2.54837e+07
5.88055e+08 2.54837e+07
5.88055e+08 2.54837e+07
5.88055e+08 2.54837e+07
5.88077e+08 2.5506e+07
5.88145e+08 2.54166e+07
5.88268e+08 2.54725e+07
5.88279e+08 2.54613e+07
5.88279e+08 2.54278e+07
5.88446e+08 2.55843e+07
5.88446e+08 2.55843e+07
5.88569e+08 2.55396e+07
5.89408e+08 2.55731e+07
5.8962e+08 2.54055e+07
5.90537e+08 2.53049e+07
5.90537e+08 2.53049e+07
5.90626e+08 2.52602e+07
5.90749e+08 2.53831e+07
5.91364e+08 2.54837e+07
5.91409e+08 2.54725e+07
5.91587e+08 2.55396e+07
5.91677e+08 2.55619e+07
5.91845e+08 2.5629e+07
6.12705e+08 2.55968e+07
6.12705e+08 2.55857e+07
6.12705e+08 2.55513e+07
6.12705e+08 2.55289e+07
6.12705e+08 2.54954e+07
6.12743e+08 2.55342e+07
6.12743e+08 2.55119e+07
6.12743e+08 2.54895e+07
6.12771e+08 2.54549e+07
6.12784e+08 2.51778e+07
6.12796e+08 2.5189e+07
6.12807e+08 2.51331e+07
6.12807e+08 2.48638e+07
6.12817e+08 2.48404e+07
6.1284e+08 2.48628e+07
6.1284e+08 2.48069e+07
6.1284e+08 2.48069e+07
6.12866e+08 2.48332e+07
6.12917e+08 2.4884e+07
6.12929e+08 2.48966e+07
6.12929e+08 2.48742e+07
6.12929e+08 2.48742e+07
6.12941e+08 2.48854e+07
6.12941e+08 2.48854e+07
6.12941e+08 2.48631e+07
6.12973e+08 2.48283e+07
6.13007e+08 2.4739e+07
6.13007e+08 2.47278e+07
6.13007e+08 2.47278e+07
6.13019e+08 2.45726e+07
6.13029e+08 2.45826e+07
6.13029e+08 2.44597e+07
6.13029e+08 2.44597e+07
6.13063e+08 2.36549e+07
6.13063e+08 2.34426e+07
6.1313e+08 2.25932e+07
6.1313e+08 2.25933e+07
6.1313e+08 2.25039e+07
6.1313e+08 2.23809e+07
6.1313e+08 2.17662e+07
6.1313e+08 2.17216e+07
6.13164e+08 2.15763e+07
6.13164e+08 2.14869e+07
6.13164e+08 2.13193e+07
6.19303e+08 6.59841e+06
6.19325e+08 6.62076e+06
6.19346e+08 6.64149e+06
