4.18839e+06 4.18805e+06
8.26166e+06 4.07327e+06
8.26166e+06 4.07327e+06
9.83231e+06 1.57066e+06
9.84368e+06 1.58202e+06
1.183e+07 1.99771e+06
1.183e+07 1.99772e+06
1.18304e+07 1.98672e+06
1.45489e+07 2.71889e+06
1.45489e+07 2.71888e+06
1.4549e+07 2.71893e+06
1.4549e+07 2.71857e+06
1.75928e+07 3.04391e+06
1.75929e+07 3.04393e+06
1.76266e+07 3.07766e+06
1.76626e+07 3.11364e+06
1.76626e+07 3.11364e+06
2.15636e+07 3.97076e+06
2.15636e+07 3.97074e+06
2.15636e+07 3.93698e+06
2.15636e+07 3.90101e+06
2.15636e+07 3.90101e+06
2.15636e+07 3.90102e+06
2.59926e+07 4.42902e+06
2.59926e+07 4.42902e+06
2.59926e+07 4.429e+06
2.59926e+07 4.429e+06
2.59926e+07 4.429e+06
2.59926e+07 4.429e+06
2.59926e+07 4.429e+06
3.02587e+07 4.26614e+06
3.02588e+07 4.26614e+06
3.02588e+07 4.26616e+06
3.02588e+07 4.26616e+06
3.02588e+07 4.2662e+06
3.02589e+07 4.26622e+06
3.02589e+07 4.26622e+06
3.54572e+07 5.19842e+06
3.54572e+07 5.19842e+06
3.54572e+07 5.19842e+06
3.54572e+07 5.19841e+06
3.54572e+07 5.19841e+06
3.5502e+07 5.24314e+06
3.5502e+07 5.24315e+06
3.55021e+07 5.24322e+06
4.10951e+07 5.63797e+06
4.10952e+07 5.63799e+06
4.10952e+07 5.638e+06
4.10952e+07 5.638e+06
4.10952e+07 5.63801e+06
4.10952e+07 5.63801e+06
4.10953e+07 5.59329e+06
4.10953e+07 5.59329e+06
4.10954e+07 5.59329e+06
4.74256e+07 6.33046e+06
4.74256e+07 6.33045e+06
4.74256e+07 6.33045e+06
4.74256e+07 6.33045e+06
4.74256e+07 6.33046e+06
4.74257e+07 6.33046e+06
4.74257e+07 6.33046e+06
4.74257e+07 6.33047e+06
4.74482e+07 6.35287e+06
4.74482e+07 6.35285e+06
5.41415e+07 6.71587e+06
5.41415e+07 6.71587e+06
5.41415e+07 6.71587e+06
5.41415e+07 6.71587e+06
5.41415e+07 6.71587e+06
5.41415e+07 6.71587e+06
5.41415e+07 6.71586e+06
5.41415e+07 6.71586e+06
5.41416e+07 6.71584e+06
5.41416e+07 6.69343e+06
5.41416e+07 6.69343e+06
6.18899e+07 7.74847e+06
6.18899e+07 7.74846e+06
6.189e+07 7.74855e+06
6.189e+07 7.74855e+06
6.18901e+07 7.74855e+06
6.18901e+07 7.74855e+06
6.18901e+07 7.74855e+06
6.18901e+07 7.74856e+06
6.18901e+07 7.74856e+06
6.18901e+07 7.74856e+06
6.18902e+07 7.74858e+06
6.18902e+07 7.74858e+06
6.96538e+07 7.76383e+06
6.96538e+07 7.76383e+06
6.96874e+07 7.79736e+06
6.96986e+07 7.80859e+06
6.96986e+07 7.80859e+06
6.96987e+07 7.8086e+06
6.96987e+07 7.80861e+06
6.96987e+07 7.80861e+06
6.96987e+07 7.80862e+06
6.96987e+07 7.80862e+06
6.96987e+07 7.80861e+06
6.96988e+07 7.80858e+06
6.97324e+07 7.84213e+06
7.86141e+07 8.96037e+06
7.86141e+07 8.96038e+06
7.86142e+07 8.9268e+06
7.86143e+07 8.91564e+06
7.86143e+07 8.91564e+06
7.86143e+07 8.91564e+06
7.86143e+07 8.91562e+06
7.86143e+07 8.91562e+06
7.86143e+07 8.91562e+06
7.86143e+07 8.91563e+06
7.86143e+07 8.91563e+06
7.86144e+07 8.91568e+06
7.86144e+07 8.91567e+06
7.86145e+07 8.88214e+06
8.75798e+07 8.96565e+06
8.75798e+07 8.96567e+06
8.75799e+07 8.96567e+06
8.76359e+07 9.02159e+06
8.76359e+07 9.02158e+06
8.76359e+07 9.02158e+06
8.76359e+07 9.02158e+06
8.76471e+07 9.03277e+06
8.76583e+07 9.04395e+06
8.76583e+07 9.04395e+06
8.76583e+07 9.04395e+06
8.76583e+07 9.04395e+06
8.76583e+07 9.04392e+06
8.76584e+07 9.04394e+06
8.76584e+07 9.04392e+06
9.75103e+07 9.93055e+06
9.7611e+07 1.00312e+07
9.7734e+07 1.01541e+07
9.77788e+07 1.01429e+07
9.77788e+07 1.01429e+07
9.77788e+07 1.01429e+07
9.77788e+07 1.01429e+07
9.779e+07 1.01429e+07
9.78012e+07 1.01429e+07
9.78124e+07 1.01541e+07
9.78348e+07 1.01765e+07
9.78348e+07 1.01765e+07
9.78348e+07 1.01765e+07
9.78572e+07 1.01988e+07
9.78572e+07 1.01988e+07
9.78573e+07 1.01989e+07
1.07733e+08 1.02225e+07
1.07845e+08 1.02337e+07
1.07923e+08 1.0189e+07
1.08046e+08 1.02673e+07
1.08046e+08 1.02673e+07
1.08057e+08 1.02784e+07
1.08057e+08 1.02784e+07
1.08057e+08 1.02673e+07
1.08057e+08 1.02561e+07
1.08057e+08 1.02449e+07
1.08057e+08 1.02226e+07
1.08057e+08 1.02226e+07
1.08057e+08 1.02226e+07
1.08057e+08 1.02002e+07
1.08057e+08 1.02002e+07
1.08057e+08 1.02002e+07
1.08136e+08 1.02784e+07
1.19055e+08 1.13222e+07
1.19234e+08 1.13893e+07
1.19301e+08 1.13781e+07
1.19391e+08 1.13446e+07
1.19391e+08 1.13446e+07
1.19391e+08 1.13334e+07
1.19391e+08 1.13334e+07
1.19402e+08 1.13446e+07
1.19402e+08 1.13446e+07
1.19424e+08 1.13669e+07
1.19424e+08 1.13669e+07
1.19435e+08 1.13781e+07
1.19435e+08 1.13781e+07
1.19435e+08 1.13781e+07
1.19447e+08 1.13893e+07
1.19447e+08 1.13893e+07
1.19447e+08 1.13894e+07
1.19547e+08 1.14117e+07
1.30595e+08 1.15399e+07
1.30651e+08 1.1417e+07
1.30696e+08 1.13946e+07
1.30729e+08 1.13387e+07
1.30729e+08 1.13387e+07
1.30729e+08 1.13387e+07
1.30729e+08 1.13387e+07
1.30729e+08 1.13275e+07
1.30729e+08 1.13275e+07
1.30729e+08 1.13051e+07
1.30752e+08 1.13275e+07
1.30774e+08 1.13387e+07
1.30774e+08 1.13387e+07
1.30774e+08 1.13387e+07
1.30808e+08 1.13611e+07
1.3083e+08 1.13834e+07
1.30864e+08 1.14169e+07
1.30864e+08 1.14169e+07
1.30886e+08 1.13387e+07
1.43075e+08 1.24798e+07
1.43198e+08 1.25469e+07
1.4322e+08 1.25245e+07
1.43321e+08 1.25916e+07
1.43321e+08 1.25916e+07
1.43321e+08 1.25916e+07
1.43332e+08 1.26028e+07
1.43332e+08 1.26029e+07
1.43332e+08 1.26029e+07
1.43332e+08 1.26029e+07
1.43332e+08 1.25805e+07
1.43366e+08 1.25917e+07
1.43366e+08 1.25917e+07
1.43388e+08 1.2614e+07
1.43433e+08 1.26252e+07
1.43466e+08 1.26364e+07
1.43467e+08 1.26028e+07
1.43467e+08 1.26028e+07
1.43467e+08 1.26028e+07
1.43489e+08 1.26028e+07
1.55675e+08 1.26006e+07
1.55765e+08 1.25671e+07
1.55765e+08 1.25447e+07
1.55855e+08 1.25335e+07
1.55855e+08 1.25335e+07
1.55855e+08 1.25335e+07
1.55877e+08 1.25447e+07
1.55877e+08 1.25447e+07
1.55877e+08 1.25447e+07
1.55877e+08 1.25447e+07
1.55899e+08 1.25671e+07
1.55944e+08 1.25782e+07
1.55978e+08 1.26118e+07
1.55978e+08 1.25894e+07
1.55989e+08 1.25559e+07
1.56011e+08 1.25447e+07
1.56011e+08 1.25447e+07
1.56011e+08 1.25447e+07
1.56011e+08 1.25448e+07
1.56034e+08 1.25447e+07
1.56034e+08 1.25447e+07
1.69374e+08 1.36986e+07
1.69463e+08 1.36986e+07
1.69464e+08 1.36986e+07
1.69553e+08 1.36986e+07
1.69564e+08 1.37098e+07
1.69564e+08 1.37098e+07
1.69564e+08 1.36875e+07
1.69587e+08 1.37098e+07
1.69598e+08 1.3721e+07
1.69598e+08 1.3721e+07
1.69598e+08 1.36986e+07
1.69609e+08 1.36651e+07
1.69609e+08 1.36316e+07
1.69632e+08 1.36539e+07
1.69632e+08 1.36428e+07
1.69665e+08 1.36539e+07
1.69665e+08 1.36539e+07
1.69665e+08 1.36539e+07
1.69788e+08 1.37769e+07
1.69799e+08 1.37657e+07
1.69822e+08 1.3788e+07
1.69822e+08 1.37881e+07
1.82492e+08 1.3118e+07
1.82548e+08 1.30844e+07
1.82548e+08 1.30844e+07
1.82615e+08 1.30621e+07
1.82615e+08 1.30509e+07
1.82615e+08 1.30509e+07
1.8266e+08 1.30956e+07
1.8266e+08 1.30733e+07
1.82671e+08 1.30733e+07
1.82682e+08 1.30845e+07
1.82682e+08 1.30845e+07
1.82727e+08 1.3118e+07
1.82738e+08 1.31292e+07
1.82794e+08 1.31627e+07
1.82794e+08 1.31627e+07
1.82805e+08 1.31404e+07
1.82805e+08 1.31404e+07
1.82806e+08 1.31404e+07
1.82839e+08 1.3051e+07
1.82839e+08 1.30398e+07
1.82839e+08 1.30174e+07
1.82895e+08 1.30733e+07
1.9675e+08 1.42584e+07
1.9675e+08 1.42584e+07
1.96817e+08 1.42696e+07
1.96817e+08 1.42696e+07
1.96896e+08 1.42807e+07
1.96896e+08 1.42807e+07
1.96918e+08 1.43031e+07
1.96985e+08 1.43255e+07
1.96997e+08 1.43366e+07
1.97008e+08 1.43366e+07
1.97008e+08 1.43255e+07
1.97019e+08 1.43367e+07
1.97064e+08 1.43366e+07
1.97075e+08 1.43366e+07
1.97086e+08 1.42919e+07
1.97109e+08 1.43143e+07
1.9712e+08 1.43143e+07
1.9712e+08 1.43143e+07
1.97131e+08 1.43255e+07
1.97209e+08 1.43702e+07
1.97221e+08 1.43814e+07
1.97221e+08 1.43814e+07
1.97221e+08 1.43255e+07
2.11336e+08 1.45853e+07
2.11347e+08 1.45965e+07
2.11358e+08 1.46077e+07
2.11425e+08 1.46077e+07
2.11425e+08 1.46077e+07
2.11582e+08 1.4686e+07
2.11582e+08 1.4686e+07
2.11582e+08 1.46636e+07
2.11683e+08 1.46971e+07
2.11683e+08 1.4686e+07
2.11694e+08 1.46859e+07
2.11705e+08 1.46971e+07
2.11705e+08 1.46859e+07
2.11716e+08 1.46524e+07
2.11716e+08 1.46413e+07
2.11716e+08 1.46301e+07
2.11716e+08 1.46077e+07
2.11739e+08 1.46189e+07
2.11739e+08 1.46189e+07
2.1175e+08 1.46189e+07
2.11772e+08 1.4563e+07
2.11784e+08 1.4563e+07
2.11795e+08 1.45742e+07
2.11795e+08 1.45742e+07
2.26888e+08 1.55528e+07
2.26888e+08 1.55416e+07
2.26911e+08 1.55528e+07
2.26989e+08 1.5564e+07
2.26989e+08 1.5564e+07
2.26989e+08 1.5564e+07
2.27179e+08 1.55975e+07
2.27224e+08 1.56422e+07
2.27224e+08 1.56422e+07
2.27258e+08 1.55751e+07
2.27258e+08 1.55752e+07
2.27258e+08 1.5564e+07
2.27258e+08 1.55528e+07
2.27258e+08 1.55528e+07
2.27258e+08 1.55417e+07
2.27258e+08 1.55416e+07
2.27258e+08 1.55417e+07
2.27292e+08 1.55752e+07
2.27314e+08 1.55752e+07
2.27325e+08 1.55864e+07
2.27336e+08 1.55863e+07
2.27392e+08 1.56199e+07
2.27392e+08 1.56087e+07
2.27426e+08 1.56311e+07
2.27426e+08 1.56311e+07
2.4276e+08 1.58719e+07
2.4276e+08 1.58719e+07
2.42805e+08 1.58943e+07
2.42984e+08 1.59949e+07
2.42984e+08 1.59949e+07
2.42984e+08 1.59949e+07
2.42984e+08 1.59949e+07
2.43107e+08 1.59279e+07
2.43141e+08 1.59166e+07
2.43141e+08 1.59167e+07
2.43174e+08 1.59166e+07
2.43186e+08 1.59278e+07
2.43186e+08 1.59279e+07
2.43186e+08 1.59279e+07
2.43208e+08 1.59502e+07
2.43242e+08 1.59838e+07
2.43242e+08 1.59838e+07
2.43242e+08 1.59837e+07
2.43253e+08 1.59614e+07
2.4332e+08 1.60061e+07
2.4332e+08 1.59949e+07
2.4332e+08 1.59837e+07
2.43342e+08 1.59502e+07
2.43342e+08 1.59502e+07
2.43354e+08 1.59279e+07
2.43354e+08 1.59279e+07
2.59378e+08 1.66179e+07
2.59378e+08 1.66179e+07
2.59445e+08 1.66402e+07
2.59635e+08 1.66514e+07
2.59635e+08 1.66514e+07
2.59647e+08 1.66626e+07
2.59647e+08 1.66626e+07
2.59658e+08 1.66738e+07
2.59725e+08 1.66179e+07
2.59725e+08 1.65844e+07
2.59725e+08 1.65844e+07
2.59826e+08 1.66515e+07
2.59837e+08 1.66515e+07
2.59837e+08 1.66515e+07
2.59837e+08 1.66514e+07
2.59837e+08 1.66291e+07
2.59848e+08 1.66068e+07
2.59848e+08 1.66068e+07
2.59848e+08 1.66068e+07
2.5986e+08 1.66068e+07
2.59871e+08 1.65509e+07
2.59871e+08 1.65509e+07
2.59871e+08 1.65508e+07
2.59916e+08 1.65733e+07
2.59916e+08 1.65733e+07
2.59927e+08 1.65732e+07
2.59927e+08 1.65733e+07
2.76633e+08 1.72549e+07
2.76667e+08 1.72884e+07
2.76689e+08 1.72437e+07
2.76834e+08 1.7199e+07
2.76834e+08 1.7199e+07
2.76834e+08 1.71879e+07
2.76834e+08 1.71879e+07
2.76834e+08 1.71767e+07
2.76834e+08 1.71767e+07
2.76969e+08 1.72438e+07
2.76969e+08 1.72438e+07
2.76969e+08 1.72438e+07
2.76969e+08 1.71432e+07
2.76969e+08 1.7132e+07
2.76969e+08 1.7132e+07
2.7698e+08 1.71432e+07
2.7698e+08 1.71432e+07
2.76992e+08 1.71432e+07
2.77014e+08 1.71656e+07
2.77014e+08 1.71656e+07
2.77014e+08 1.71544e+07
2.77036e+08 1.71655e+07
2.77036e+08 1.71655e+07
2.77036e+08 1.71656e+07
2.77048e+08 1.71321e+07
2.77048e+08 1.71321e+07
2.77093e+08 1.71656e+07
2.77093e+08 1.71656e+07
2.94639e+08 1.80056e+07
2.94639e+08 1.79721e+07
2.94672e+08 1.79832e+07
2.94739e+08 1.7905e+07
2.94739e+08 1.7905e+07
2.94739e+08 1.7905e+07
2.94739e+08 1.7905e+07
2.9474e+08 1.79051e+07
2.9474e+08 1.79051e+07
2.9484e+08 1.78715e+07
2.9484e+08 1.78715e+07
2.9484e+08 1.78715e+07
2.9484e+08 1.78715e+07
2.94852e+08 1.78826e+07
2.94852e+08 1.78826e+07
2.94852e+08 1.78827e+07
2.94852e+08 1.78715e+07
2.94852e+08 1.78715e+07
2.94863e+08 1.78715e+07
2.94874e+08 1.78603e+07
2.94874e+08 1.78603e+07
2.94886e+08 1.78715e+07
2.94908e+08 1.78715e+07
2.94908e+08 1.78715e+07
2.94908e+08 1.78715e+07
2.94919e+08 1.78715e+07
2.94919e+08 1.78715e+07
2.94942e+08 1.78491e+07
2.94953e+08 1.78603e+07
3.12934e+08 1.82956e+07
3.12934e+08 1.82956e+07
3.12934e+08 1.8262e+07
3.13057e+08 1.83179e+07
3.13057e+08 1.83179e+07
3.13057e+08 1.8318e+07
3.13069e+08 1.83292e+07
3.1308e+08 1.83404e+07
3.1308e+08 1.83403e+07
3.13136e+08 1.82956e+07
3.13136e+08 1.82956e+07
3.13136e+08 1.82956e+07
3.13136e+08 1.82956e+07
3.13136e+08 1.82956e+07
3.13147e+08 1.82956e+07
3.13147e+08 1.82956e+07
3.13159e+08 1.83068e+07
3.1317e+08 1.8318e+07
3.1317e+08 1.8318e+07
3.13192e+08 1.83292e+07
3.13192e+08 1.8318e+07
3.13192e+08 1.8318e+07
3.13192e+08 1.83068e+07
3.13192e+08 1.82844e+07
3.13192e+08 1.82844e+07
3.13215e+08 1.83067e+07
3.13237e+08 1.83179e+07
3.13248e+08 1.83291e+07
3.13293e+08 1.83514e+07
3.13293e+08 1.83402e+07
3.31608e+08 1.86737e+07
3.31608e+08 1.86738e+07
3.31608e+08 1.86738e+07
3.31787e+08 1.87297e+07
3.31787e+08 1.87297e+07
3.31787e+08 1.87297e+07
3.31787e+08 1.87185e+07
3.31821e+08 1.87409e+07
3.31832e+08 1.87521e+07
3.31843e+08 1.87073e+07
3.31843e+08 1.87073e+07
3.31843e+08 1.87074e+07
3.31843e+08 1.87074e+07
3.31843e+08 1.87074e+07
3.31855e+08 1.87186e+07
3.31855e+08 1.87074e+07
3.31855e+08 1.87074e+07
3.31888e+08 1.87297e+07
3.319e+08 1.87297e+07
3.319e+08 1.87297e+07
3.31911e+08 1.87185e+07
3.31922e+08 1.87297e+07
3.31922e+08 1.87297e+07
3.31922e+08 1.87297e+07
3.31922e+08 1.87297e+07
3.31944e+08 1.87521e+07
3.32e+08 1.87856e+07
3.32012e+08 1.87744e+07
3.32023e+08 1.87744e+07
3.32023e+08 1.87297e+07
3.32023e+08 1.87297e+07
3.50977e+08 1.93693e+07
3.50977e+08 1.93693e+07
3.50977e+08 1.93693e+07
3.51235e+08 1.94475e+07
3.51246e+08 1.94587e+07
3.51257e+08 1.94699e+07
3.51257e+08 1.94699e+07
3.51291e+08 1.94699e+07
3.51291e+08 1.94587e+07
3.51291e+08 1.94475e+07
3.51291e+08 1.94475e+07
3.51291e+08 1.94476e+07
3.51291e+08 1.94476e+07
3.51291e+08 1.94476e+07
3.51291e+08 1.94476e+07
3.51291e+08 1.94364e+07
3.51291e+08 1.94364e+07
3.51291e+08 1.94364e+07
3.51291e+08 1.94028e+07
3.51325e+08 1.94251e+07
3.51325e+08 1.94251e+07
3.51336e+08 1.94252e+07
3.51347e+08 1.94252e+07
3.51347e+08 1.94252e+07
3.5137e+08 1.94476e+07
3.51414e+08 1.94923e+07
3.51426e+08 1.94811e+07
3.51437e+08 1.94364e+07
3.51459e+08 1.94475e+07
3.5147e+08 1.94476e+07
3.5147e+08 1.94476e+07
3.5147e+08 1.94476e+07
3.70945e+08 1.99679e+07
3.70945e+08 1.99679e+07
3.70945e+08 1.99679e+07
3.71135e+08 1.99009e+07
3.71169e+08 1.99232e+07
3.71258e+08 2.00015e+07
3.71259e+08 2.00015e+07
3.71259e+08 1.9968e+07
3.71259e+08 1.9968e+07
3.71259e+08 1.9968e+07
3.71259e+08 1.9968e+07
3.71259e+08 1.9968e+07
3.71259e+08 1.9968e+07
3.71259e+08 1.99679e+07
3.71259e+08 1.99679e+07
3.71259e+08 1.99679e+07
3.71259e+08 1.9968e+07
3.71259e+08 1.9968e+07
3.71259e+08 1.9968e+07
3.71259e+08 1.99679e+07
3.71293e+08 1.9968e+07
3.71293e+08 1.9968e+07
3.71326e+08 1.99903e+07
3.71326e+08 1.99791e+07
3.71349e+08 2.00015e+07
3.71349e+08 1.99791e+07
3.71405e+08 1.99903e+07
3.71416e+08 1.99903e+07
3.71416e+08 1.99792e+07
3.71438e+08 1.99791e+07
3.71449e+08 1.99791e+07
3.71449e+08 1.99791e+07
3.71449e+08 1.99791e+07
3.9146e+08 2.05146e+07
3.9146e+08 2.05146e+07
3.91471e+08 2.05258e+07
3.91773e+08 2.06377e+07
3.91795e+08 2.06265e+07
3.91863e+08 2.06042e+07
3.91863e+08 2.06042e+07
3.91952e+08 2.06936e+07
3.91952e+08 2.06936e+07
3.91952e+08 2.06936e+07
3.91952e+08 2.06936e+07
3.91952e+08 2.06936e+07
3.91953e+08 2.06936e+07
3.91953e+08 2.06936e+07
3.91953e+08 2.06936e+07
3.91953e+08 2.06936e+07
3.91953e+08 2.06936e+07
3.91953e+08 2.06936e+07
3.91953e+08 2.06936e+07
3.91953e+08 2.06936e+07
3.91964e+08 2.07047e+07
3.91975e+08 2.06824e+07
3.91975e+08 2.06824e+07
3.91997e+08 2.06712e+07
3.91998e+08 2.06712e+07
3.9202e+08 2.06712e+07
3.92109e+08 2.07607e+07
3.92121e+08 2.0716e+07
3.92121e+08 2.07048e+07
3.92121e+08 2.07048e+07
3.92121e+08 2.06825e+07
3.92143e+08 2.06936e+07
3.92154e+08 2.07048e+07
3.92154e+08 2.07048e+07
4.12563e+08 2.11031e+07
4.12563e+08 2.11031e+07
4.12608e+08 2.11366e+07
4.1291e+08 2.11366e+07
4.12943e+08 2.11478e+07
4.12999e+08 2.11367e+07
4.12999e+08 2.11367e+07
4.13111e+08 2.1159e+07
4.13111e+08 2.1159e+07
4.13111e+08 2.1159e+07
4.13111e+08 2.1159e+07
4.13123e+08 2.11702e+07
4.13123e+08 2.11702e+07
4.13123e+08 2.11702e+07
4.13123e+08 2.11702e+07
4.13123e+08 2.11702e+07
4.13123e+08 2.11702e+07
4.13123e+08 2.11702e+07
4.13123e+08 2.11702e+07
4.13123e+08 2.11702e+07
4.13123e+08 2.11702e+07
4.13145e+08 2.11814e+07
4.13168e+08 2.11926e+07
4.13168e+08 2.11926e+07
4.13168e+08 2.11702e+07
4.13179e+08 2.11814e+07
4.13179e+08 2.1159e+07
4.13269e+08 2.11591e+07
4.13269e+08 2.11479e+07
4.13269e+08 2.11479e+07
4.13269e+08 2.11479e+07
4.13269e+08 2.11479e+07
4.13269e+08 2.11255e+07
4.1328e+08 2.11255e+07
4.1328e+08 2.11255e+07
4.3437e+08 2.18074e+07
4.3437e+08 2.18074e+07
4.3437e+08 2.17627e+07
4.34795e+08 2.18856e+07
4.3484e+08 2.18968e+07
4.34863e+08 2.18633e+07
4.34874e+08 2.18745e+07
4.34986e+08 2.18745e+07
4.35019e+08 2.1908e+07
4.35019e+08 2.1908e+07
4.3502e+08 2.1908e+07
4.35031e+08 2.1908e+07
4.35031e+08 2.1908e+07
4.35031e+08 2.1908e+07
4.35031e+08 2.1908e+07
4.35031e+08 2.1908e+07
4.35031e+08 2.1908e+07
4.35031e+08 2.1908e+07
4.35031e+08 2.1908e+07
4.35053e+08 2.19304e+07
4.35053e+08 2.19304e+07
4.35053e+08 2.19304e+07
4.35053e+08 2.1908e+07
4.35076e+08 2.1908e+07
4.35076e+08 2.1908e+07
4.35109e+08 2.19415e+07
4.35109e+08 2.19304e+07
4.35109e+08 2.19304e+07
4.35154e+08 2.18856e+07
4.35165e+08 2.18968e+07
4.35165e+08 2.18968e+07
4.35165e+08 2.18968e+07
4.35165e+08 2.18968e+07
4.35165e+08 2.18968e+07
4.35165e+08 2.18857e+07
4.35165e+08 2.18857e+07
4.56792e+08 2.24222e+07
4.56792e+08 2.24222e+07
4.56904e+08 2.2534e+07
4.57195e+08 2.23999e+07
4.57251e+08 2.24111e+07
4.57251e+08 2.23887e+07
4.57251e+08 2.23775e+07
4.57375e+08 2.23887e+07
4.57431e+08 2.24111e+07
4.57442e+08 2.24223e+07
4.57442e+08 2.24223e+07
4.57453e+08 2.24223e+07
4.57453e+08 2.24223e+07
4.57453e+08 2.24223e+07
4.57453e+08 2.24223e+07
4.57453e+08 2.24223e+07
4.57453e+08 2.24223e+07
4.57453e+08 2.24223e+07
4.57453e+08 2.24223e+07
4.57453e+08 2.23999e+07
4.57453e+08 2.23999e+07
4.57453e+08 2.23999e+07
4.57453e+08 2.23999e+07
4.57498e+08 2.24446e+07
4.57498e+08 2.24222e+07
4.57498e+08 2.24222e+07
4.57498e+08 2.23887e+07
4.57498e+08 2.23887e+07
4.57498e+08 2.23887e+07
4.57543e+08 2.23887e+07
4.57543e+08 2.23775e+07
4.57543e+08 2.23775e+07
4.57554e+08 2.23887e+07
4.57554e+08 2.23887e+07
4.57554e+08 2.23887e+07
4.57554e+08 2.23888e+07
4.57554e+08 2.23888e+07
4.79659e+08 2.28663e+07
4.7967e+08 2.28775e+07
4.79793e+08 2.28887e+07
4.80129e+08 2.29334e+07
4.8014e+08 2.28887e+07
4.80151e+08 2.28999e+07
4.80151e+08 2.28999e+07
4.80308e+08 2.29334e+07
4.80342e+08 2.29111e+07
4.80386e+08 2.29446e+07
4.80386e+08 2.29446e+07
4.80386e+08 2.29334e+07
4.80386e+08 2.29334e+07
4.80386e+08 2.29334e+07
4.80386e+08 2.29334e+07
4.80386e+08 2.29334e+07
4.80386e+08 2.29334e+07
4.80386e+08 2.29334e+07
4.80386e+08 2.29334e+07
4.80386e+08 2.29334e+07
4.80386e+08 2.29334e+07
4.80386e+08 2.29334e+07
4.80386e+08 2.29334e+07
4.80386e+08 2.29334e+07
4.80387e+08 2.28887e+07
4.80387e+08 2.28886e+07
4.80387e+08 2.28887e+07
4.80387e+08 2.28887e+07
4.80387e+08 2.28887e+07
4.80409e+08 2.29111e+07
4.80432e+08 2.28887e+07
4.80432e+08 2.28887e+07
4.80432e+08 2.28887e+07
4.80432e+08 2.28775e+07
4.80432e+08 2.28775e+07
4.80454e+08 2.28999e+07
4.80454e+08 2.28999e+07
4.80454e+08 2.28999e+07
5.03295e+08 2.36363e+07
5.03306e+08 2.36363e+07
5.03429e+08 2.36364e+07
5.03698e+08 2.35693e+07
5.03709e+08 2.35693e+07
5.03754e+08 2.36029e+07
5.03776e+08 2.36252e+07
5.03888e+08 2.35805e+07
5.03944e+08 2.36029e+07
5.03945e+08 2.35582e+07
5.03945e+08 2.35582e+07
5.03945e+08 2.35582e+07
5.03945e+08 2.35582e+07
5.03945e+08 2.35582e+07
5.03945e+08 2.35582e+07
5.03945e+08 2.35582e+07
5.03945e+08 2.35582e+07
5.03945e+08 2.35582e+07
5.03945e+08 2.35582e+07
5.03945e+08 2.35582e+07
5.03945e+08 2.35582e+07
5.03945e+08 2.35582e+07
5.03945e+08 2.35582e+07
5.03945e+08 2.35582e+07
5.03945e+08 2.35582e+07
5.03945e+08 2.35582e+07
5.03945e+08 2.35582e+07
5.03945e+08 2.35582e+07
5.03945e+08 2.35582e+07
5.03945e+08 2.35582e+07
5.03956e+08 2.3547e+07
5.0399e+08 2.35581e+07
5.0399e+08 2.35581e+07
5.0399e+08 2.35581e+07
5.04001e+08 2.35693e+07
5.04012e+08 2.35805e+07
5.04012e+08 2.35582e+07
5.04012e+08 2.35582e+07
5.04012e+08 2.35582e+07
5.27482e+08 2.41865e+07
5.27504e+08 2.41977e+07
5.27683e+08 2.42536e+07
5.27974e+08 2.4276e+07
5.2803e+08 2.43207e+07
5.28041e+08 2.42872e+07
5.28064e+08 2.42872e+07
5.28198e+08 2.43095e+07
5.28209e+08 2.42648e+07
5.28209e+08 2.42648e+07
5.28209e+08 2.42648e+07
5.28209e+08 2.42648e+07
5.28209e+08 2.42648e+07
5.28209e+08 2.42648e+07
5.28209e+08 2.42648e+07
5.28209e+08 2.42648e+07
5.28209e+08 2.42648e+07
5.28209e+08 2.42648e+07
5.28209e+08 2.42648e+07
5.28209e+08 2.42648e+07
5.28209e+08 2.42648e+07
5.28209e+08 2.42648e+07
5.28209e+08 2.42648e+07
5.2821e+08 2.42648e+07
5.2821e+08 2.42648e+07
5.2821e+08 2.42648e+07
5.2821e+08 2.42648e+07
5.2821e+08 2.42648e+07
5.2821e+08 2.42648e+07
5.28232e+08 2.42871e+07
5.28232e+08 2.42871e+07
5.28254e+08 2.42983e+07
5.28266e+08 2.4276e+07
5.28266e+08 2.4276e+07
5.28266e+08 2.4276e+07
5.28266e+08 2.42648e+07
5.28266e+08 2.42536e+07
5.28266e+08 2.42535e+07
5.28266e+08 2.42535e+07
5.28266e+08 2.42535e+07
5.52367e+08 2.48849e+07
5.52445e+08 2.49409e+07
5.52635e+08 2.4952e+07
5.52948e+08 2.49744e+07
5.52971e+08 2.49408e+07
5.52993e+08 2.4952e+07
5.53027e+08 2.49632e+07
5.53072e+08 2.48738e+07
5.53094e+08 2.4885e+07
5.53094e+08 2.4885e+07
5.53094e+08 2.4885e+07
5.53094e+08 2.4885e+07
5.53094e+08 2.48849e+07
5.53094e+08 2.48849e+07
5.53094e+08 2.48849e+07
5.53094e+08 2.48849e+07
5.53094e+08 2.48849e+07
5.53094e+08 2.48849e+07
5.53094e+08 2.48849e+07
5.53094e+08 2.48849e+07
5.53094e+08 2.48849e+07
5.53094e+08 2.48849e+07
5.53094e+08 2.4885e+07
5.53095e+08 2.4885e+07
5.53117e+08 2.49074e+07
5.53117e+08 2.49074e+07
5.53117e+08 2.49074e+07
5.53117e+08 2.49074e+07
5.53117e+08 2.49074e+07
5.53117e+08 2.49074e+07
5.53117e+08 2.4885e+07
5.53117e+08 2.4885e+07
5.53128e+08 2.48738e+07
5.53128e+08 2.48626e+07
5.53128e+08 2.48626e+07
5.53128e+08 2.48626e+07
5.53128e+08 2.48625e+07
5.53128e+08 2.48625e+07
5.53128e+08 2.48626e+07
5.53128e+08 2.48626e+07
5.53128e+08 2.48626e+07
5.78011e+08 2.56448e+07
5.78112e+08 2.56672e+07
5.78336e+08 2.57008e+07
5.78616e+08 2.56672e+07
5.78616e+08 2.56449e+07
5.78638e+08 2.56449e+07
5.78649e+08 2.56225e+07
5.78672e+08 2.56002e+07
5.78717e+08 2.56225e+07
5.78717e+08 2.56225e+07
5.78717e+08 2.56225e+07
5.78717e+08 2.56225e+07
5.78717e+08 2.56225e+07
5.78717e+08 2.56225e+07
5.78717e+08 2.56225e+07
5.78717e+08 2.56225e+07
5.78739e+08 2.56449e+07
5.78739e+08 2.56449e+07
5.78739e+08 2.56449e+07
5.78739e+08 2.56449e+07
5.78739e+08 2.56448e+07
5.78739e+08 2.56448e+07
5.78739e+08 2.56448e+07
5.78739e+08 2.56448e+07
5.78739e+08 2.56224e+07
5.78739e+08 2.56224e+07
5.78751e+08 2.56336e+07
5.78751e+08 2.56336e+07
5.78751e+08 2.56336e+07
5.78751e+08 2.56336e+07
5.78751e+08 2.56336e+07
5.78751e+08 2.56336e+07
5.78751e+08 2.56336e+07
5.78751e+08 2.56224e+07
5.78751e+08 2.56225e+07
5.78751e+08 2.56225e+07
5.78751e+08 2.56225e+07
5.78751e+08 2.56225e+07
5.78751e+08 2.56225e+07
5.78751e+08 2.56225e+07
5.78751e+08 2.56225e+07
5.78751e+08 2.56225e+07
6.04261e+08 2.62499e+07
6.04351e+08 2.62387e+07
6.04485e+08 2.61493e+07
6.04832e+08 2.62164e+07
6.04832e+08 2.62164e+07
6.04832e+08 2.61941e+07
6.04832e+08 2.61829e+07
6.04877e+08 2.62053e+07
6.04877e+08 2.61605e+07
6.04877e+08 2.61605e+07
6.04877e+08 2.61605e+07
6.04877e+08 2.61605e+07
6.04888e+08 2.61716e+07
6.04888e+08 2.61716e+07
6.04888e+08 2.61716e+07
6.04888e+08 2.61716e+07
6.049e+08 2.61605e+07
6.049e+08 2.61605e+07
6.049e+08 2.61605e+07
6.049e+08 2.61605e+07
6.049e+08 2.61605e+07
6.049e+08 2.61605e+07
6.04911e+08 2.61716e+07
6.04911e+08 2.61716e+07
6.04911e+08 2.61717e+07
6.04911e+08 2.61717e+07
6.04911e+08 2.61605e+07
6.04922e+08 2.61716e+07
6.04922e+08 2.61716e+07
6.04922e+08 2.61716e+07
6.04922e+08 2.61717e+07
6.04922e+08 2.61717e+07
6.04922e+08 2.61717e+07
6.04922e+08 2.61717e+07
6.04956e+08 2.62052e+07
6.04956e+08 2.62052e+07
6.04956e+08 2.62052e+07
6.04956e+08 2.62052e+07
6.04956e+08 2.62052e+07
6.04956e+08 2.62053e+07
6.04956e+08 2.62053e+07
6.04956e+08 2.62053e+07
6.04956e+08 2.62053e+07
6.28285e+08 2.40242e+07
6.28353e+08 2.40018e+07
6.28599e+08 2.41135e+07
6.2889e+08 2.40576e+07
6.28901e+08 2.40688e+07
6.28912e+08 2.40799e+07
6.28934e+08 2.41023e+07
6.28979e+08 2.41021e+07
6.29002e+08 2.41244e+07
6.29002e+08 2.41244e+07
6.29002e+08 2.41244e+07
6.29002e+08 2.41244e+07
6.29002e+08 2.41132e+07
6.29002e+08 2.41133e+07
6.29002e+08 2.41133e+07
6.29013e+08 2.41244e+07
6.29024e+08 2.41244e+07
6.29024e+08 2.41245e+07
6.29035e+08 2.41356e+07
6.29035e+08 2.41356e+07
6.29035e+08 2.41356e+07
6.29035e+08 2.41356e+07
6.29047e+08 2.41357e+07
6.29069e+08 2.4158e+07
6.2908e+08 2.41692e+07
6.2908e+08 2.41692e+07
6.29091e+08 2.41804e+07
6.29091e+08 2.41692e+07
6.29091e+08 2.41692e+07
6.29091e+08 2.41692e+07
6.29103e+08 2.41804e+07
6.2917e+08 2.42475e+07
6.2917e+08 2.42475e+07
6.29226e+08 2.43034e+07
6.29237e+08 2.43145e+07
6.29315e+08 2.43592e+07
6.2936e+08 2.44039e+07
6.29382e+08 2.44263e+07
6.29416e+08 2.44599e+07
6.29472e+08 2.45157e+07
6.29472e+08 2.45158e+07
6.29483e+08 2.45269e+07
6.29483e+08 2.4527e+07
6.29483e+08 2.4527e+07
6.33021e+08 4.73545e+06
6.33021e+08 4.66835e+06
6.33021e+08 4.4225e+06
