4.76739e+06 4.76692e+06
8.31721e+06 3.54983e+06
8.31722e+06 3.54983e+06
9.6032e+06 1.28598e+06
9.61437e+06 1.29715e+06
1.19129e+07 2.30974e+06
1.19129e+07 2.30975e+06
1.1913e+07 2.29858e+06
1.4261e+07 2.34807e+06
1.42611e+07 2.34815e+06
1.42611e+07 2.34816e+06
1.42611e+07 2.34816e+06
1.76294e+07 3.36837e+06
1.76518e+07 3.39066e+06
1.76518e+07 3.39066e+06
1.76518e+07 3.39066e+06
1.76518e+07 3.39066e+06
2.11854e+07 3.55601e+06
2.11854e+07 3.53363e+06
2.11854e+07 3.53363e+06
2.11854e+07 3.53363e+06
2.11854e+07 3.53367e+06
2.11855e+07 3.53368e+06
2.52559e+07 4.07057e+06
2.5256e+07 4.07062e+06
2.5256e+07 4.07062e+06
2.5256e+07 4.07062e+06
2.52561e+07 4.0706e+06
2.52561e+07 4.0706e+06
2.52561e+07 4.07061e+06
2.93379e+07 4.08196e+06
2.93379e+07 4.08194e+06
2.9338e+07 4.08194e+06
2.9338e+07 4.08193e+06
2.93603e+07 4.10428e+06
2.93603e+07 4.10428e+06
2.93603e+07 4.10428e+06
3.39341e+07 4.59614e+06
3.39341e+07 4.59615e+06
3.399e+07 4.65205e+06
3.40012e+07 4.66323e+06
3.40012e+07 4.66323e+06
3.40012e+07 4.64087e+06
3.40124e+07 4.65205e+06
3.40347e+07 4.6744e+06
3.919e+07 5.25596e+06
3.919e+07 5.25598e+06
3.91901e+07 5.25599e+06
3.92124e+07 5.22242e+06
3.92236e+07 5.22242e+06
3.92236e+07 5.22242e+06
3.92236e+07 5.22242e+06
3.92236e+07 5.21124e+06
3.92236e+07 5.18889e+06
4.50387e+07 5.84868e+06
4.50387e+07 5.84866e+06
4.50387e+07 5.84866e+06
4.50387e+07 5.82632e+06
4.50387e+07 5.82632e+06
4.50388e+07 5.81515e+06
4.50388e+07 5.81515e+06
4.50388e+07 5.81515e+06
4.50388e+07 5.81515e+06
4.50388e+07 5.81515e+06
5.14465e+07 6.40783e+06
5.14465e+07 6.40783e+06
5.14466e+07 6.40784e+06
5.14466e+07 6.40783e+06
5.14466e+07 6.40783e+06
5.14466e+07 6.40784e+06
5.14466e+07 6.40784e+06
5.14466e+07 6.40784e+06
5.14466e+07 6.40784e+06
5.14466e+07 6.40784e+06
5.14466e+07 6.40784e+06
5.84845e+07 7.03796e+06
5.84845e+07 7.03796e+06
5.84845e+07 7.03795e+06
5.84845e+07 7.03794e+06
5.84845e+07 7.03794e+06
5.84845e+07 7.03794e+06
5.84845e+07 7.03794e+06
5.84845e+07 7.03795e+06
5.84846e+07 7.03795e+06
5.84846e+07 7.03795e+06
5.84846e+07 7.03795e+06
5.84846e+07 7.03795e+06
6.62232e+07 7.73866e+06
6.62232e+07 7.73866e+06
6.62344e+07 7.74985e+06
6.62344e+07 7.74985e+06
6.62344e+07 7.74985e+06
6.62344e+07 7.74985e+06
6.62344e+07 7.74985e+06
6.62344e+07 7.74985e+06
6.62344e+07 7.74986e+06
6.62344e+07 7.74987e+06
6.62344e+07 7.74987e+06
6.62456e+07 7.76104e+06
6.62456e+07 7.76104e+06
7.45282e+07 8.30507e+06
7.45282e+07 8.30507e+06
7.45282e+07 8.29389e+06
7.45282e+07 8.29389e+06
7.45394e+07 8.30506e+06
7.45394e+07 8.30506e+06
7.45394e+07 8.30506e+06
7.45506e+07 8.31624e+06
7.45506e+07 8.31623e+06
7.45506e+07 8.31624e+06
7.45618e+07 8.32741e+06
7.45618e+07 8.32741e+06
7.45618e+07 8.31624e+06
7.45619e+07 8.31624e+06
8.33595e+07 8.83132e+06
8.33595e+07 8.83132e+06
8.33596e+07 8.83132e+06
8.33596e+07 8.83132e+06
8.33596e+07 8.82014e+06
8.33596e+07 8.82014e+06
8.33596e+07 8.82014e+06
8.33708e+07 8.82015e+06
8.33708e+07 8.82015e+06
8.33708e+07 8.82015e+06
8.33708e+07 8.80897e+06
8.33708e+07 8.80898e+06
8.3382e+07 8.82015e+06
8.34043e+07 8.8425e+06
8.34044e+07 8.8425e+06
9.27685e+07 9.40895e+06
9.27685e+07 9.40895e+06
9.27685e+07 9.40895e+06
9.27685e+07 9.40895e+06
9.27685e+07 9.40895e+06
9.27685e+07 9.40895e+06
9.27685e+07 9.40895e+06
9.27685e+07 9.39777e+06
9.27685e+07 9.39777e+06
9.27686e+07 9.39777e+06
9.27686e+07 9.39777e+06
9.27686e+07 9.39778e+06
9.27686e+07 9.39779e+06
9.27686e+07 9.38661e+06
9.27686e+07 9.36426e+06
9.27686e+07 9.36426e+06
1.02651e+08 9.88203e+06
1.02651e+08 9.88203e+06
1.02673e+08 9.90438e+06
1.02684e+08 9.91556e+06
1.02684e+08 9.91556e+06
1.02684e+08 9.91556e+06
1.02684e+08 9.91556e+06
1.02684e+08 9.91556e+06
1.02684e+08 9.91556e+06
1.02684e+08 9.91556e+06
1.02684e+08 9.91556e+06
1.02695e+08 9.92672e+06
1.02707e+08 9.93792e+06
1.02718e+08 9.94918e+06
1.02718e+08 9.94919e+06
1.02729e+08 9.96037e+06
1.02729e+08 9.96037e+06
1.13254e+08 1.06034e+07
1.13254e+08 1.06034e+07
1.13265e+08 1.05922e+07
1.13265e+08 1.05811e+07
1.13276e+08 1.05922e+07
1.13276e+08 1.05922e+07
1.13276e+08 1.05922e+07
1.13276e+08 1.05922e+07
1.13276e+08 1.05922e+07
1.13276e+08 1.05922e+07
1.13276e+08 1.05922e+07
1.13276e+08 1.05811e+07
1.13276e+08 1.05699e+07
1.13288e+08 1.05698e+07
1.13321e+08 1.06034e+07
1.13332e+08 1.06146e+07
1.13332e+08 1.06034e+07
1.13332e+08 1.06034e+07
1.24293e+08 1.10394e+07
1.24293e+08 1.10394e+07
1.24293e+08 1.10283e+07
1.24293e+08 1.10283e+07
1.24293e+08 1.10171e+07
1.24293e+08 1.10171e+07
1.24293e+08 1.10171e+07
1.24293e+08 1.10171e+07
1.24293e+08 1.10171e+07
1.24293e+08 1.10171e+07
1.24293e+08 1.10171e+07
1.24293e+08 1.10171e+07
1.24293e+08 1.10171e+07
1.24293e+08 1.10059e+07
1.24294e+08 1.09724e+07
1.24316e+08 1.09835e+07
1.24316e+08 1.09835e+07
1.24338e+08 1.10059e+07
1.24361e+08 1.10282e+07
1.36069e+08 1.17758e+07
1.3608e+08 1.1787e+07
1.3608e+08 1.1787e+07
1.3608e+08 1.1787e+07
1.36092e+08 1.17981e+07
1.36092e+08 1.17981e+07
1.36103e+08 1.18093e+07
1.36103e+08 1.18093e+07
1.36103e+08 1.18093e+07
1.36103e+08 1.18093e+07
1.36103e+08 1.18093e+07
1.36103e+08 1.18093e+07
1.36103e+08 1.18093e+07
1.36103e+08 1.18093e+07
1.36159e+08 1.18652e+07
1.36159e+08 1.18428e+07
1.36159e+08 1.18428e+07
1.36159e+08 1.18205e+07
1.36159e+08 1.18205e+07
1.36159e+08 1.17981e+07
1.48329e+08 1.22596e+07
1.4834e+08 1.22596e+07
1.48362e+08 1.2282e+07
1.48385e+08 1.23043e+07
1.48396e+08 1.23043e+07
1.48396e+08 1.23043e+07
1.48407e+08 1.23043e+07
1.48407e+08 1.23043e+07
1.48429e+08 1.23267e+07
1.48441e+08 1.23379e+07
1.48441e+08 1.23379e+07
1.48485e+08 1.23826e+07
1.48485e+08 1.23826e+07
1.48485e+08 1.23826e+07
1.48508e+08 1.23491e+07
1.48508e+08 1.23491e+07
1.48508e+08 1.23491e+07
1.48508e+08 1.23491e+07
1.48508e+08 1.23491e+07
1.48519e+08 1.23602e+07
1.48519e+08 1.23603e+07
1.6136e+08 1.30316e+07
1.6136e+08 1.30204e+07
1.6136e+08 1.29981e+07
1.6136e+08 1.29757e+07
1.6136e+08 1.29645e+07
1.6136e+08 1.29645e+07
1.6136e+08 1.29533e+07
1.6136e+08 1.29533e+07
1.61383e+08 1.29533e+07
1.61394e+08 1.29533e+07
1.6145e+08 1.30092e+07
1.61506e+08 1.30204e+07
1.61528e+08 1.30428e+07
1.61528e+08 1.30428e+07
1.61584e+08 1.30763e+07
1.61584e+08 1.30763e+07
1.61584e+08 1.30763e+07
1.61595e+08 1.30875e+07
1.61595e+08 1.30875e+07
1.61595e+08 1.30763e+07
1.61618e+08 1.30986e+07
1.61618e+08 1.30987e+07
1.74342e+08 1.29812e+07
1.74342e+08 1.29812e+07
1.74342e+08 1.29812e+07
1.74342e+08 1.29812e+07
1.74342e+08 1.29812e+07
1.74342e+08 1.29812e+07
1.74342e+08 1.29812e+07
1.74342e+08 1.29812e+07
1.74342e+08 1.29588e+07
1.74342e+08 1.29477e+07
1.74342e+08 1.28918e+07
1.74353e+08 1.28471e+07
1.74364e+08 1.28359e+07
1.74386e+08 1.28583e+07
1.74409e+08 1.28247e+07
1.74431e+08 1.28471e+07
1.74442e+08 1.28582e+07
1.74454e+08 1.28582e+07
1.74454e+08 1.28582e+07
1.74565e+08 1.297e+07
1.74588e+08 1.297e+07
1.74588e+08 1.297e+07
1.88177e+08 1.38354e+07
1.88177e+08 1.38354e+07
1.88188e+08 1.38466e+07
1.88188e+08 1.38466e+07
1.88199e+08 1.38578e+07
1.88199e+08 1.38578e+07
1.88199e+08 1.38578e+07
1.88199e+08 1.38578e+07
1.88199e+08 1.38578e+07
1.88199e+08 1.38578e+07
1.88199e+08 1.38578e+07
1.88199e+08 1.38578e+07
1.88222e+08 1.38689e+07
1.88222e+08 1.38577e+07
1.88222e+08 1.38354e+07
1.88233e+08 1.38242e+07
1.88233e+08 1.38018e+07
1.88278e+08 1.38354e+07
1.88289e+08 1.38354e+07
1.88289e+08 1.38354e+07
1.883e+08 1.37348e+07
1.88311e+08 1.37236e+07
1.88334e+08 1.3746e+07
2.02391e+08 1.42138e+07
2.02391e+08 1.42138e+07
2.02413e+08 1.42361e+07
2.02447e+08 1.42585e+07
2.02458e+08 1.42697e+07
2.02469e+08 1.42696e+07
2.0248e+08 1.42808e+07
2.02491e+08 1.4292e+07
2.02503e+08 1.43032e+07
2.02503e+08 1.43032e+07
2.02503e+08 1.43032e+07
2.02503e+08 1.43032e+07
2.02536e+08 1.43367e+07
2.02547e+08 1.43255e+07
2.02547e+08 1.43255e+07
2.02559e+08 1.43367e+07
2.02559e+08 1.43255e+07
2.02559e+08 1.43255e+07
2.02603e+08 1.43255e+07
2.02603e+08 1.43143e+07
2.02603e+08 1.43143e+07
2.02614e+08 1.43144e+07
2.02615e+08 1.43032e+07
2.02615e+08 1.42808e+07
2.17085e+08 1.46947e+07
2.17119e+08 1.47283e+07
2.17119e+08 1.47059e+07
2.17197e+08 1.47506e+07
2.17197e+08 1.47506e+07
2.17197e+08 1.47394e+07
2.1722e+08 1.47506e+07
2.17242e+08 1.47618e+07
2.17264e+08 1.4773e+07
2.17264e+08 1.47618e+07
2.17264e+08 1.47618e+07
2.17264e+08 1.47618e+07
2.17264e+08 1.47618e+07
2.17309e+08 1.4773e+07
2.17331e+08 1.47841e+07
2.17354e+08 1.48065e+07
2.17365e+08 1.48065e+07
2.17365e+08 1.48065e+07
2.17365e+08 1.48065e+07
2.17376e+08 1.4773e+07
2.17376e+08 1.47729e+07
2.17376e+08 1.47729e+07
2.1741e+08 1.47953e+07
2.1741e+08 1.47953e+07
2.1741e+08 1.47954e+07
2.32407e+08 1.53215e+07
2.32418e+08 1.52992e+07
2.32418e+08 1.52992e+07
2.32452e+08 1.52545e+07
2.32463e+08 1.52657e+07
2.32474e+08 1.52768e+07
2.32474e+08 1.52768e+07
2.32508e+08 1.5288e+07
2.32508e+08 1.52657e+07
2.32519e+08 1.52545e+07
2.32519e+08 1.52545e+07
2.32541e+08 1.52768e+07
2.32541e+08 1.52768e+07
2.32552e+08 1.5288e+07
2.32564e+08 1.52545e+07
2.32575e+08 1.52433e+07
2.32575e+08 1.5221e+07
2.32575e+08 1.52098e+07
2.32586e+08 1.5221e+07
2.32586e+08 1.5221e+07
2.3262e+08 1.52433e+07
2.32631e+08 1.52545e+07
2.32631e+08 1.52545e+07
2.32743e+08 1.53327e+07
2.32798e+08 1.53886e+07
2.32854e+08 1.54445e+07
2.48387e+08 1.59801e+07
2.48387e+08 1.5969e+07
2.48387e+08 1.5969e+07
2.48387e+08 1.59354e+07
2.48387e+08 1.59243e+07
2.48398e+08 1.59242e+07
2.48398e+08 1.59242e+07
2.48398e+08 1.59243e+07
2.48398e+08 1.58907e+07
2.48398e+08 1.58907e+07
2.48398e+08 1.58795e+07
2.48398e+08 1.58795e+07
2.48443e+08 1.59019e+07
2.48454e+08 1.59131e+07
2.48465e+08 1.59131e+07
2.48465e+08 1.59019e+07
2.48488e+08 1.59131e+07
2.4851e+08 1.59354e+07
2.48521e+08 1.59466e+07
2.48521e+08 1.59354e+07
2.48544e+08 1.59578e+07
2.48544e+08 1.59243e+07
2.48566e+08 1.59354e+07
2.48577e+08 1.59466e+07
2.48577e+08 1.58348e+07
2.48723e+08 1.59242e+07
2.48779e+08 1.59242e+07
2.65149e+08 1.67617e+07
2.65149e+08 1.67617e+07
2.65149e+08 1.67617e+07
2.65149e+08 1.67617e+07
2.65149e+08 1.67617e+07
2.65149e+08 1.67505e+07
2.65149e+08 1.67505e+07
2.65149e+08 1.67505e+07
2.65149e+08 1.67505e+07
2.65149e+08 1.67505e+07
2.65149e+08 1.67505e+07
2.65149e+08 1.67505e+07
2.65149e+08 1.67505e+07
2.6516e+08 1.6717e+07
2.6516e+08 1.67058e+07
2.65171e+08 1.67059e+07
2.65183e+08 1.6717e+07
2.65205e+08 1.6717e+07
2.65216e+08 1.67059e+07
2.65216e+08 1.66947e+07
2.6525e+08 1.67282e+07
2.6525e+08 1.67058e+07
2.65272e+08 1.67282e+07
2.65272e+08 1.67058e+07
2.65272e+08 1.66947e+07
2.65272e+08 1.66947e+07
2.65294e+08 1.65717e+07
2.65306e+08 1.6527e+07
2.82397e+08 1.72477e+07
2.82397e+08 1.72477e+07
2.82397e+08 1.72477e+07
2.82397e+08 1.72477e+07
2.82397e+08 1.72477e+07
2.82397e+08 1.72477e+07
2.82397e+08 1.72477e+07
2.82397e+08 1.72477e+07
2.82397e+08 1.72477e+07
2.82397e+08 1.72477e+07
2.82397e+08 1.72477e+07
2.82408e+08 1.72589e+07
2.82408e+08 1.72589e+07
2.82408e+08 1.72589e+07
2.82408e+08 1.72477e+07
2.82408e+08 1.72477e+07
2.82408e+08 1.72365e+07
2.82408e+08 1.72253e+07
2.82408e+08 1.7203e+07
2.82408e+08 1.71918e+07
2.82408e+08 1.71918e+07
2.82419e+08 1.71694e+07
2.82441e+08 1.71918e+07
2.82453e+08 1.71806e+07
2.82464e+08 1.71918e+07
2.82464e+08 1.71918e+07
2.82475e+08 1.7203e+07
2.82509e+08 1.72142e+07
2.8252e+08 1.72142e+07
3.00144e+08 1.7748e+07
3.00144e+08 1.7748e+07
3.00144e+08 1.7748e+07
3.00145e+08 1.7748e+07
3.00145e+08 1.7748e+07
3.00145e+08 1.7748e+07
3.00145e+08 1.7748e+07
3.00145e+08 1.7748e+07
3.00145e+08 1.7748e+07
3.00145e+08 1.7748e+07
3.00145e+08 1.7748e+07
3.00145e+08 1.7748e+07
3.00145e+08 1.77368e+07
3.00178e+08 1.77703e+07
3.00178e+08 1.77703e+07
3.00178e+08 1.77703e+07
3.00178e+08 1.77703e+07
3.00178e+08 1.77703e+07
3.00178e+08 1.77703e+07
3.00178e+08 1.77703e+07
3.00178e+08 1.77703e+07
3.00178e+08 1.77703e+07
3.00178e+08 1.77591e+07
3.00178e+08 1.77368e+07
3.00178e+08 1.77256e+07
3.0029e+08 1.78262e+07
3.00346e+08 1.78821e+07
3.00379e+08 1.79045e+07
3.00435e+08 1.79268e+07
3.00435e+08 1.79156e+07
3.18438e+08 1.82938e+07
3.18461e+08 1.83162e+07
3.18461e+08 1.83162e+07
3.18472e+08 1.83274e+07
3.18483e+08 1.83386e+07
3.18505e+08 1.83609e+07
3.18505e+08 1.83609e+07
3.18528e+08 1.83833e+07
3.18539e+08 1.83944e+07
3.18539e+08 1.83944e+07
3.18539e+08 1.83944e+07
3.18539e+08 1.83944e+07
3.18539e+08 1.83944e+07
3.18584e+08 1.84392e+07
3.18595e+08 1.84168e+07
3.18595e+08 1.84168e+07
3.18595e+08 1.84168e+07
3.18617e+08 1.84391e+07
3.1864e+08 1.84615e+07
3.18662e+08 1.84839e+07
3.18662e+08 1.84839e+07
3.18684e+08 1.85062e+07
3.18707e+08 1.85286e+07
3.1874e+08 1.85621e+07
3.1874e+08 1.85621e+07
3.1874e+08 1.85621e+07
3.18863e+08 1.85734e+07
3.18886e+08 1.85399e+07
3.18886e+08 1.85064e+07
3.18886e+08 1.84505e+07
3.18886e+08 1.84505e+07
3.37383e+08 1.89443e+07
3.37394e+08 1.89331e+07
3.37394e+08 1.89331e+07
3.37427e+08 1.89555e+07
3.3745e+08 1.89666e+07
3.37461e+08 1.89555e+07
3.37472e+08 1.89666e+07
3.37483e+08 1.89555e+07
3.37483e+08 1.89443e+07
3.37483e+08 1.89443e+07
3.37517e+08 1.89778e+07
3.37528e+08 1.8989e+07
3.37528e+08 1.8989e+07
3.37528e+08 1.89443e+07
3.37528e+08 1.89443e+07
3.37528e+08 1.89331e+07
3.37528e+08 1.89331e+07
3.37528e+08 1.89331e+07
3.37528e+08 1.89108e+07
3.37528e+08 1.88884e+07
3.37528e+08 1.88661e+07
3.37528e+08 1.88661e+07
3.37539e+08 1.88549e+07
3.37539e+08 1.88325e+07
3.37584e+08 1.88437e+07
3.37584e+08 1.88437e+07
3.37584e+08 1.88437e+07
3.37741e+08 1.88773e+07
3.37752e+08 1.88661e+07
3.37752e+08 1.88661e+07
3.37763e+08 1.88773e+07
3.37785e+08 1.88996e+07
3.56908e+08 1.95258e+07
3.56953e+08 1.95593e+07
3.56964e+08 1.95705e+07
3.56976e+08 1.95482e+07
3.56976e+08 1.95258e+07
3.56976e+08 1.95147e+07
3.57009e+08 1.9537e+07
3.57009e+08 1.95258e+07
3.5702e+08 1.9537e+07
3.57031e+08 1.95482e+07
3.57031e+08 1.95147e+07
3.57043e+08 1.95147e+07
3.57043e+08 1.95147e+07
3.57054e+08 1.95258e+07
3.57076e+08 1.95482e+07
3.57076e+08 1.95482e+07
3.57076e+08 1.95482e+07
3.57076e+08 1.95482e+07
3.57076e+08 1.95482e+07
3.57076e+08 1.95482e+07
3.57076e+08 1.95482e+07
3.57076e+08 1.95482e+07
3.57076e+08 1.95482e+07
3.57087e+08 1.95482e+07
3.57087e+08 1.95482e+07
3.57087e+08 1.95035e+07
3.57087e+08 1.95035e+07
3.57087e+08 1.95035e+07
3.573e+08 1.95593e+07
3.573e+08 1.95482e+07
3.573e+08 1.95482e+07
3.57322e+08 1.95593e+07
3.57334e+08 1.95482e+07
3.76949e+08 2.00403e+07
3.7696e+08 2.00067e+07
3.7696e+08 1.99956e+07
3.7696e+08 1.99844e+07
3.7696e+08 1.99844e+07
3.7696e+08 1.99844e+07
3.77072e+08 2.00626e+07
3.77128e+08 2.01185e+07
3.7715e+08 2.01297e+07
3.7715e+08 2.01185e+07
3.7715e+08 2.01185e+07
3.77172e+08 2.01297e+07
3.77172e+08 2.01297e+07
3.77172e+08 2.01185e+07
3.77172e+08 2.00962e+07
3.77172e+08 2.00962e+07
3.77172e+08 2.00962e+07
3.77172e+08 2.00962e+07
3.77172e+08 2.00962e+07
3.77172e+08 2.00962e+07
3.77195e+08 2.01185e+07
3.77195e+08 2.01185e+07
3.77206e+08 2.01297e+07
3.77206e+08 2.01297e+07
3.77206e+08 2.01185e+07
3.77206e+08 2.01185e+07
3.77206e+08 2.01185e+07
3.77206e+08 2.01185e+07
3.77217e+08 2.01297e+07
3.77352e+08 2.00515e+07
3.77385e+08 2.00851e+07
3.77407e+08 2.01074e+07
3.77497e+08 2.01745e+07
3.77531e+08 2.01969e+07
3.97358e+08 2.04094e+07
3.9738e+08 2.04206e+07
3.97414e+08 2.04541e+07
3.97481e+08 2.05212e+07
3.97559e+08 2.05995e+07
3.97559e+08 2.05995e+07
3.97727e+08 2.06554e+07
3.97749e+08 2.06218e+07
3.97794e+08 2.06442e+07
3.97805e+08 2.06554e+07
3.97805e+08 2.06554e+07
3.97805e+08 2.0633e+07
3.97805e+08 2.0633e+07
3.97805e+08 2.0633e+07
3.97805e+08 2.0633e+07
3.97805e+08 2.0633e+07
3.97805e+08 2.0633e+07
3.97805e+08 2.0633e+07
3.97828e+08 2.06554e+07
3.9785e+08 2.06777e+07
3.97861e+08 2.06889e+07
3.97873e+08 2.06777e+07
3.97884e+08 2.06889e+07
3.97884e+08 2.06777e+07
3.97884e+08 2.06777e+07
3.97895e+08 2.06889e+07
3.97895e+08 2.06889e+07
3.97895e+08 2.06889e+07
3.97895e+08 2.06889e+07
3.97906e+08 2.06889e+07
3.98108e+08 2.0756e+07
3.98141e+08 2.0756e+07
3.98141e+08 2.07336e+07
3.98208e+08 2.07113e+07
3.98275e+08 2.07448e+07
4.1878e+08 2.14222e+07
4.18847e+08 2.14669e+07
4.1887e+08 2.14557e+07
4.18892e+08 2.1411e+07
4.19004e+08 2.14445e+07
4.19004e+08 2.14445e+07
4.19093e+08 2.13663e+07
4.19093e+08 2.13439e+07
4.19093e+08 2.12992e+07
4.19093e+08 2.12881e+07
4.19105e+08 2.12992e+07
4.19105e+08 2.12992e+07
4.19194e+08 2.13886e+07
4.19194e+08 2.13886e+07
4.19194e+08 2.13886e+07
4.19194e+08 2.13886e+07
4.19194e+08 2.13887e+07
4.19194e+08 2.13887e+07
4.19216e+08 2.13886e+07
4.19228e+08 2.13775e+07
4.19295e+08 2.14445e+07
4.19306e+08 2.14445e+07
4.19306e+08 2.14334e+07
4.19306e+08 2.14222e+07
4.19306e+08 2.14222e+07
4.19306e+08 2.14222e+07
4.19306e+08 2.1411e+07
4.19306e+08 2.1411e+07
4.19306e+08 2.1411e+07
4.19306e+08 2.1411e+07
4.19306e+08 2.13998e+07
4.19541e+08 2.14333e+07
4.19619e+08 2.1478e+07
4.1963e+08 2.14892e+07
4.19742e+08 2.1534e+07
4.19776e+08 2.15004e+07
4.40753e+08 2.19731e+07
4.40753e+08 2.1906e+07
4.40753e+08 2.18837e+07
4.40753e+08 2.18614e+07
4.40876e+08 2.18725e+07
4.40888e+08 2.18837e+07
4.40921e+08 2.18278e+07
4.40921e+08 2.18278e+07
4.40921e+08 2.18278e+07
4.40955e+08 2.18613e+07
4.40977e+08 2.18725e+07
4.41033e+08 2.19284e+07
4.41089e+08 2.18949e+07
4.411e+08 2.1906e+07
4.41156e+08 2.19619e+07
4.41156e+08 2.19619e+07
4.41201e+08 2.20067e+07
4.41212e+08 2.20178e+07
4.41223e+08 2.20067e+07
4.41245e+08 2.20178e+07
4.41245e+08 2.19508e+07
4.41245e+08 2.19396e+07
4.41245e+08 2.19396e+07
4.41245e+08 2.19396e+07
4.41257e+08 2.19508e+07
4.41257e+08 2.19508e+07
4.41268e+08 2.1962e+07
4.41268e+08 2.1962e+07
4.41268e+08 2.1962e+07
4.41279e+08 2.19731e+07
4.4129e+08 2.19843e+07
4.4129e+08 2.19843e+07
4.41514e+08 2.19731e+07
4.41648e+08 2.2029e+07
4.41648e+08 2.20178e+07
4.41727e+08 2.19843e+07
4.41738e+08 2.19619e+07
4.6339e+08 2.26364e+07
4.6339e+08 2.26364e+07
4.6349e+08 2.2737e+07
4.63513e+08 2.27593e+07
4.63535e+08 2.26587e+07
4.63558e+08 2.26699e+07
4.63558e+08 2.26364e+07
4.63558e+08 2.26364e+07
4.63558e+08 2.26364e+07
4.63558e+08 2.26028e+07
4.63558e+08 2.25805e+07
4.63647e+08 2.2614e+07
4.63658e+08 2.25693e+07
4.63681e+08 2.25805e+07
4.63848e+08 2.26923e+07
4.63893e+08 2.2737e+07
4.63927e+08 2.27258e+07
4.63938e+08 2.27258e+07
4.6396e+08 2.2737e+07
4.6396e+08 2.27146e+07
4.63971e+08 2.27258e+07
4.63982e+08 2.2737e+07
4.63994e+08 2.27482e+07
4.64016e+08 2.27705e+07
4.64027e+08 2.27817e+07
4.64083e+08 2.28264e+07
4.64094e+08 2.28376e+07
4.64117e+08 2.28488e+07
4.64139e+08 2.28711e+07
4.64173e+08 2.29047e+07
4.64173e+08 2.28935e+07
4.64173e+08 2.28823e+07
4.64206e+08 2.29158e+07
4.64273e+08 2.27594e+07
4.64296e+08 2.26476e+07
4.64296e+08 2.26476e+07
4.64329e+08 2.26028e+07
4.64329e+08 2.25917e+07
4.86639e+08 2.32495e+07
4.86639e+08 2.32495e+07
4.86651e+08 2.31601e+07
4.86651e+08 2.31377e+07
4.86684e+08 2.31489e+07
4.86684e+08 2.31266e+07
4.86684e+08 2.31266e+07
4.86707e+08 2.31489e+07
4.86718e+08 2.31601e+07
4.8674e+08 2.31825e+07
4.8674e+08 2.31825e+07
4.86874e+08 2.32272e+07
4.86885e+08 2.32272e+07
4.86953e+08 2.32719e+07
4.87008e+08 2.31601e+07
4.87031e+08 2.31378e+07
4.87098e+08 2.31713e+07
4.87131e+08 2.31936e+07
4.87176e+08 2.3216e+07
4.87176e+08 2.3216e+07
4.87176e+08 2.32048e+07
4.87176e+08 2.31936e+07
4.87254e+08 2.32607e+07
4.87277e+08 2.32607e+07
4.87277e+08 2.32607e+07
4.87299e+08 2.32719e+07
4.87333e+08 2.32495e+07
4.87333e+08 2.32384e+07
4.87355e+08 2.32384e+07
4.87377e+08 2.32384e+07
4.87377e+08 2.32048e+07
4.87377e+08 2.32048e+07
4.87377e+08 2.32048e+07
4.87377e+08 2.31713e+07
4.874e+08 2.31265e+07
4.87411e+08 2.31154e+07
4.87411e+08 2.31154e+07
4.87411e+08 2.30819e+07
4.87422e+08 2.3093e+07
5.10528e+08 2.38891e+07
5.1054e+08 2.39003e+07
5.10551e+08 2.39003e+07
5.10551e+08 2.39003e+07
5.10551e+08 2.38668e+07
5.10584e+08 2.39003e+07
5.10652e+08 2.39674e+07
5.10663e+08 2.39562e+07
5.10663e+08 2.3945e+07
5.10663e+08 2.39227e+07
5.10663e+08 2.39227e+07
5.10897e+08 2.40233e+07
5.10897e+08 2.40121e+07
5.10942e+08 2.39897e+07
5.10942e+08 2.39338e+07
5.10953e+08 2.39227e+07
5.10998e+08 2.39003e+07
5.10998e+08 2.38668e+07
5.10998e+08 2.38221e+07
5.10998e+08 2.38221e+07
5.11021e+08 2.38444e+07
5.11021e+08 2.38444e+07
5.11054e+08 2.37997e+07
5.11065e+08 2.37885e+07
5.11076e+08 2.37997e+07
5.11099e+08 2.37997e+07
5.11099e+08 2.37997e+07
5.11099e+08 2.37662e+07
5.1111e+08 2.37774e+07
5.11121e+08 2.37662e+07
5.11132e+08 2.37551e+07
5.11132e+08 2.37551e+07
5.11132e+08 2.3755e+07
5.11132e+08 2.3755e+07
5.11132e+08 2.3755e+07
5.11144e+08 2.37439e+07
5.11189e+08 2.37774e+07
5.11189e+08 2.37774e+07
5.11189e+08 2.37773e+07
5.11189e+08 2.37661e+07
5.34729e+08 2.42005e+07
5.3474e+08 2.42005e+07
5.34751e+08 2.42005e+07
5.34762e+08 2.42117e+07
5.34762e+08 2.42117e+07
5.34796e+08 2.42117e+07
5.3483e+08 2.41781e+07
5.3483e+08 2.41669e+07
5.3483e+08 2.41669e+07
5.34852e+08 2.41893e+07
5.34852e+08 2.41893e+07
5.34953e+08 2.40552e+07
5.34953e+08 2.40552e+07
5.34953e+08 2.40105e+07
5.35031e+08 2.40887e+07
5.35064e+08 2.41111e+07
5.35109e+08 2.41111e+07
5.35109e+08 2.41111e+07
5.35109e+08 2.41111e+07
5.35154e+08 2.41558e+07
5.35176e+08 2.41558e+07
5.35187e+08 2.4167e+07
5.35221e+08 2.4167e+07
5.35221e+08 2.41558e+07
5.35232e+08 2.41558e+07
5.35243e+08 2.41446e+07
5.35243e+08 2.41446e+07
5.35243e+08 2.41446e+07
5.35243e+08 2.41446e+07
5.35243e+08 2.41335e+07
5.35243e+08 2.41223e+07
5.35255e+08 2.41223e+07
5.35255e+08 2.41223e+07
5.35255e+08 2.41222e+07
5.35255e+08 2.41223e+07
5.35255e+08 2.41223e+07
5.35344e+08 2.42005e+07
5.35411e+08 2.42228e+07
5.35411e+08 2.42228e+07
5.35411e+08 2.42228e+07
5.35423e+08 2.4234e+07
5.59725e+08 2.49958e+07
5.59736e+08 2.49957e+07
5.59736e+08 2.49845e+07
5.59747e+08 2.49845e+07
5.59747e+08 2.49846e+07
5.59859e+08 2.50628e+07
5.5987e+08 2.50405e+07
5.59881e+08 2.50516e+07
5.59881e+08 2.50516e+07
5.59881e+08 2.50293e+07
5.59881e+08 2.50293e+07
5.6006e+08 2.51075e+07
5.6006e+08 2.51075e+07
5.60127e+08 2.51746e+07
5.60127e+08 2.50963e+07
5.60127e+08 2.50628e+07
5.60138e+08 2.50293e+07
5.60138e+08 2.50293e+07
5.60139e+08 2.50293e+07
5.60139e+08 2.49846e+07
5.60161e+08 2.49846e+07
5.60161e+08 2.49734e+07
5.60161e+08 2.49399e+07
5.60161e+08 2.49399e+07
5.60172e+08 2.49399e+07
5.60172e+08 2.49287e+07
5.60172e+08 2.49287e+07
5.60172e+08 2.49287e+07
5.60172e+08 2.49287e+07
5.60172e+08 2.49288e+07
5.60206e+08 2.49623e+07
5.60206e+08 2.49623e+07
5.60206e+08 2.49511e+07
5.60206e+08 2.49511e+07
5.60217e+08 2.49623e+07
5.60251e+08 2.49959e+07
5.60251e+08 2.49959e+07
5.60251e+08 2.49064e+07
5.60284e+08 2.48728e+07
5.60295e+08 2.4884e+07
5.60295e+08 2.4884e+07
5.60295e+08 2.48728e+07
5.84984e+08 2.52598e+07
5.85007e+08 2.52709e+07
5.85007e+08 2.5271e+07
5.85119e+08 2.53715e+07
5.85174e+08 2.54274e+07
5.85219e+08 2.53603e+07
5.85219e+08 2.53492e+07
5.8523e+08 2.53492e+07
5.85242e+08 2.53604e+07
5.85286e+08 2.54051e+07
5.85286e+08 2.54051e+07
5.85432e+08 2.53716e+07
5.85432e+08 2.53716e+07
5.85454e+08 2.53269e+07
5.85476e+08 2.53492e+07
5.85521e+08 2.53939e+07
5.85532e+08 2.53939e+07
5.85544e+08 2.54051e+07
5.85544e+08 2.54051e+07
5.85555e+08 2.54162e+07
5.85555e+08 2.53939e+07
5.85555e+08 2.53939e+07
5.85555e+08 2.53939e+07
5.85566e+08 2.54051e+07
5.85577e+08 2.54051e+07
5.85577e+08 2.54051e+07
5.85577e+08 2.54051e+07
5.85577e+08 2.54051e+07
5.85588e+08 2.54163e+07
5.85588e+08 2.54163e+07
5.856e+08 2.54275e+07
5.85712e+08 2.55058e+07
5.85712e+08 2.55058e+07
5.85712e+08 2.55058e+07
5.85712e+08 2.55058e+07
5.85712e+08 2.54946e+07
5.85723e+08 2.54722e+07
5.85723e+08 2.54722e+07
5.85723e+08 2.54722e+07
5.85734e+08 2.54497e+07
5.85734e+08 2.54385e+07
5.85734e+08 2.54385e+07
5.85734e+08 2.54385e+07
6.11196e+08 2.62118e+07
6.11207e+08 2.62006e+07
6.1123e+08 2.6223e+07
6.1123e+08 2.61112e+07
6.1123e+08 2.60553e+07
6.11263e+08 2.60441e+07
6.11297e+08 2.60776e+07
6.11431e+08 2.62006e+07
6.11442e+08 2.62006e+07
6.11521e+08 2.62342e+07
6.11532e+08 2.62454e+07
6.11632e+08 2.62006e+07
6.11632e+08 2.62006e+07
6.11632e+08 2.61783e+07
6.11644e+08 2.61671e+07
6.11644e+08 2.61224e+07
6.11655e+08 2.61224e+07
6.11655e+08 2.61113e+07
6.11655e+08 2.61113e+07
6.11655e+08 2.61001e+07
6.11677e+08 2.61225e+07
6.11677e+08 2.61225e+07
6.117e+08 2.61449e+07
6.11733e+08 2.61673e+07
6.11756e+08 2.61784e+07
6.11756e+08 2.61784e+07
6.11756e+08 2.61784e+07
6.11756e+08 2.61784e+07
6.11756e+08 2.61673e+07
6.11756e+08 2.61672e+07
6.11756e+08 2.6156e+07
6.11756e+08 2.60442e+07
6.11756e+08 2.60442e+07
6.11756e+08 2.60442e+07
6.11756e+08 2.60442e+07
6.11756e+08 2.60442e+07
6.11756e+08 2.60442e+07
6.11756e+08 2.6033e+07
6.11756e+08 2.6033e+07
6.11756e+08 2.6033e+07
6.11756e+08 2.60219e+07
6.11756e+08 2.60219e+07
6.11756e+08 2.60219e+07
6.11756e+08 2.60219e+07
6.1669e+08 5.49382e+06
6.16723e+08 5.51616e+06
6.16746e+08 5.51622e+06
