3.0461e+06 3.0461e+06
8.36193e+06 5.31583e+06
8.36194e+06 5.31584e+06
9.53515e+06 1.17322e+06
9.55473e+06 1.19279e+06
1.20351e+07 2.49991e+06
1.20351e+07 2.49992e+06
1.20351e+07 2.48035e+06
1.44395e+07 2.40439e+06
1.44395e+07 2.40439e+06
1.44395e+07 2.4044e+06
1.44395e+07 2.4044e+06
1.77254e+07 3.28593e+06
1.77254e+07 3.28596e+06
1.77254e+07 3.28598e+06
1.77479e+07 3.30838e+06
1.77702e+07 3.33074e+06
2.12256e+07 3.50025e+06
2.12927e+07 3.5673e+06
2.12927e+07 3.56729e+06
2.13375e+07 3.58968e+06
2.13376e+07 3.56736e+06
2.13376e+07 3.56741e+06
2.54416e+07 4.21596e+06
2.54416e+07 4.14889e+06
2.54416e+07 4.14889e+06
2.54529e+07 4.11535e+06
2.54529e+07 4.11532e+06
2.54641e+07 4.12646e+06
2.54641e+07 4.12647e+06
2.96465e+07 4.20495e+06
2.96801e+07 4.23849e+06
2.96801e+07 4.23851e+06
2.97696e+07 4.31675e+06
2.97696e+07 4.31675e+06
2.9792e+07 4.32792e+06
2.9792e+07 4.32792e+06
3.41757e+07 4.52913e+06
3.42428e+07 4.59625e+06
3.42875e+07 4.60739e+06
3.43322e+07 4.65208e+06
3.44665e+07 4.69691e+06
3.44666e+07 4.69694e+06
3.44778e+07 4.68575e+06
3.45225e+07 4.73048e+06
3.96776e+07 5.50196e+06
3.97224e+07 5.47958e+06
3.97224e+07 5.47959e+06
3.97225e+07 5.43495e+06
3.97449e+07 5.41265e+06
3.99561e+07 5.48951e+06
4.00008e+07 5.53419e+06
4.00008e+07 5.52301e+06
4.00343e+07 5.51183e+06
4.54804e+07 5.80273e+06
4.55027e+07 5.78035e+06
4.55139e+07 5.79154e+06
4.56146e+07 5.8921e+06
4.56146e+07 5.89214e+06
4.5637e+07 5.89215e+06
4.5939e+07 5.98297e+06
4.59614e+07 5.96067e+06
4.59614e+07 5.96067e+06
4.59615e+07 5.92714e+06
5.2056e+07 6.57562e+06
5.20672e+07 6.56443e+06
5.20672e+07 6.55326e+06
5.20895e+07 6.47497e+06
5.20896e+07 6.47496e+06
5.21119e+07 6.49732e+06
5.21902e+07 6.55315e+06
5.24926e+07 6.55359e+06
5.27864e+07 6.82501e+06
5.28535e+07 6.89208e+06
5.30213e+07 7.05981e+06
5.93552e+07 7.29925e+06
5.93552e+07 7.28808e+06
5.93776e+07 7.31042e+06
5.93776e+07 7.28807e+06
5.94335e+07 7.34397e+06
5.94335e+07 7.32162e+06
5.94336e+07 7.2434e+06
5.94336e+07 7.2434e+06
5.98449e+07 7.35233e+06
6.01691e+07 7.38267e+06
6.02138e+07 7.36031e+06
6.03368e+07 7.31556e+06
6.7326e+07 7.97079e+06
6.7326e+07 7.97079e+06
6.73484e+07 7.97079e+06
6.73484e+07 7.97079e+06
6.7382e+07 7.94846e+06
6.7382e+07 7.94846e+06
6.7382e+07 7.94844e+06
6.7382e+07 7.94844e+06
6.7382e+07 7.94845e+06
6.77829e+07 7.93796e+06
6.82525e+07 8.08341e+06
6.83308e+07 8.11695e+06
6.8655e+07 8.31813e+06
7.57564e+07 8.43034e+06
7.57795e+07 8.45347e+06
7.57795e+07 8.43114e+06
7.57948e+07 8.44637e+06
7.58132e+07 8.43122e+06
7.58132e+07 8.43123e+06
7.58132e+07 8.43123e+06
7.58132e+07 8.43123e+06
7.58132e+07 8.43123e+06
7.58133e+07 8.43124e+06
7.64721e+07 8.6892e+06
7.68411e+07 8.58852e+06
7.68858e+07 8.55498e+06
7.71093e+07 8.45434e+06
8.47925e+07 9.0361e+06
8.48365e+07 9.05704e+06
8.48366e+07 9.05709e+06
8.4849e+07 9.05422e+06
8.49383e+07 9.12511e+06
8.49383e+07 9.1251e+06
8.49383e+07 9.1251e+06
8.49383e+07 9.1251e+06
8.49495e+07 9.1363e+06
8.49496e+07 9.1363e+06
8.56388e+07 9.16672e+06
8.56388e+07 9.16674e+06
8.69355e+07 1.00945e+07
8.69356e+07 1.00498e+07
8.69468e+07 9.8375e+06
9.47043e+07 9.91186e+06
9.48874e+07 1.00508e+07
9.48874e+07 1.00508e+07
9.49209e+07 1.00719e+07
9.49992e+07 1.00609e+07
9.50551e+07 1.01168e+07
9.50886e+07 1.01503e+07
9.51445e+07 1.02062e+07
9.51669e+07 1.02173e+07
9.51669e+07 1.02173e+07
9.54911e+07 9.85225e+06
9.54911e+07 9.85224e+06
9.55134e+07 9.8746e+06
9.65307e+07 9.59515e+06
9.65419e+07 9.60631e+06
9.65643e+07 9.61747e+06
1.05269e+08 1.05643e+07
1.05269e+08 1.03813e+07
1.05369e+08 1.04819e+07
1.0538e+08 1.04596e+07
1.05571e+08 1.05713e+07
1.05582e+08 1.05266e+07
1.05615e+08 1.05266e+07
1.05816e+08 1.06719e+07
1.0585e+08 1.06831e+07
1.0585e+08 1.06831e+07
1.05984e+08 1.04931e+07
1.05984e+08 1.04931e+07
1.06051e+08 1.05378e+07
1.0699e+08 1.04596e+07
1.0699e+08 1.04596e+07
1.07035e+08 1.04932e+07
1.07192e+08 1.06274e+07
1.1663e+08 1.13619e+07
1.16631e+08 1.13619e+07
1.16653e+08 1.12836e+07
1.16686e+08 1.1306e+07
1.17133e+08 1.1563e+07
1.17212e+08 1.16301e+07
1.17212e+08 1.15966e+07
1.17257e+08 1.14401e+07
1.17268e+08 1.14177e+07
1.17279e+08 1.14289e+07
1.1729e+08 1.1306e+07
1.17357e+08 1.1373e+07
1.17502e+08 1.14513e+07
1.17614e+08 1.06241e+07
1.17626e+08 1.06352e+07
1.17626e+08 1.06353e+07
1.17682e+08 1.06464e+07
1.17816e+08 1.06241e+07
1.27948e+08 1.13174e+07
1.27948e+08 1.13174e+07
1.2806e+08 1.14069e+07
1.28328e+08 1.16416e+07
1.28473e+08 1.13398e+07
1.2863e+08 1.1418e+07
1.28697e+08 1.14851e+07
1.28708e+08 1.14515e+07
1.28742e+08 1.14739e+07
1.28764e+08 1.14851e+07
1.28786e+08 1.14962e+07
1.28842e+08 1.14851e+07
1.28842e+08 1.13398e+07
1.28999e+08 1.13846e+07
1.2901e+08 1.13847e+07
1.29077e+08 1.14518e+07
1.29916e+08 1.22341e+07
1.29949e+08 1.22677e+07
1.30296e+08 1.248e+07
1.40583e+08 1.26351e+07
1.40605e+08 1.26574e+07
1.40762e+08 1.27021e+07
1.40762e+08 1.24339e+07
1.40773e+08 1.22998e+07
1.40829e+08 1.21992e+07
1.40829e+08 1.21321e+07
1.40829e+08 1.2121e+07
1.40874e+08 1.21322e+07
1.40885e+08 1.2121e+07
1.40885e+08 1.20986e+07
1.40907e+08 1.20651e+07
1.40907e+08 1.20651e+07
1.40919e+08 1.19197e+07
1.40952e+08 1.19421e+07
1.40999e+08 1.19215e+07
1.41389e+08 1.14731e+07
1.41512e+08 1.15626e+07
1.41512e+08 1.15626e+07
1.42417e+08 1.21215e+07
1.53357e+08 1.27738e+07
1.53357e+08 1.27514e+07
1.53368e+08 1.26061e+07
1.53368e+08 1.26061e+07
1.53379e+08 1.26061e+07
1.53446e+08 1.26172e+07
1.53446e+08 1.26172e+07
1.53469e+08 1.26396e+07
1.53491e+08 1.26173e+07
1.53491e+08 1.26061e+07
1.53491e+08 1.26061e+07
1.53502e+08 1.25949e+07
1.53513e+08 1.26061e+07
1.53547e+08 1.26285e+07
1.53669e+08 1.27165e+07
1.54561e+08 1.35623e+07
1.54829e+08 1.34407e+07
1.54852e+08 1.33401e+07
1.54874e+08 1.33625e+07
1.55154e+08 1.27365e+07
1.55198e+08 1.27812e+07
1.66572e+08 1.32153e+07
1.66572e+08 1.32153e+07
1.66594e+08 1.32265e+07
1.66594e+08 1.32266e+07
1.66606e+08 1.32266e+07
1.66617e+08 1.31707e+07
1.66628e+08 1.31819e+07
1.66628e+08 1.31596e+07
1.66639e+08 1.31484e+07
1.66639e+08 1.31484e+07
1.66639e+08 1.31484e+07
1.66651e+08 1.31484e+07
1.66651e+08 1.31372e+07
1.66762e+08 1.32153e+07
1.67243e+08 1.35743e+07
1.67813e+08 1.32519e+07
1.67981e+08 1.31513e+07
1.68003e+08 1.31513e+07
1.68014e+08 1.31401e+07
1.68707e+08 1.35537e+07
1.69344e+08 1.41461e+07
1.69635e+08 1.44367e+07
1.79783e+08 1.32111e+07
1.79783e+08 1.32111e+07
1.79806e+08 1.32111e+07
1.79806e+08 1.32111e+07
1.79817e+08 1.32111e+07
1.79839e+08 1.32224e+07
1.79839e+08 1.32112e+07
1.7985e+08 1.32223e+07
1.79873e+08 1.32335e+07
1.79884e+08 1.32447e+07
1.79884e+08 1.32447e+07
1.79906e+08 1.32559e+07
1.79906e+08 1.32559e+07
1.80039e+08 1.32764e+07
1.80139e+08 1.28964e+07
1.8109e+08 1.32765e+07
1.81257e+08 1.32765e+07
1.81257e+08 1.32541e+07
1.8128e+08 1.32653e+07
1.81671e+08 1.29634e+07
1.81995e+08 1.26505e+07
1.81995e+08 1.23599e+07
1.93537e+08 1.37535e+07
1.93537e+08 1.37535e+07
1.93537e+08 1.37535e+07
1.9357e+08 1.37646e+07
1.9357e+08 1.37646e+07
1.9357e+08 1.37534e+07
1.93693e+08 1.3854e+07
1.93693e+08 1.3854e+07
1.93693e+08 1.38428e+07
1.93716e+08 1.38428e+07
1.93716e+08 1.38317e+07
1.93716e+08 1.38317e+07
1.93727e+08 1.38205e+07
1.93727e+08 1.38205e+07
1.93828e+08 1.37888e+07
1.93879e+08 1.37391e+07
1.94307e+08 1.3217e+07
1.94541e+08 1.3284e+07
1.94541e+08 1.3284e+07
1.94664e+08 1.33846e+07
1.95324e+08 1.36529e+07
1.95324e+08 1.33288e+07
1.95391e+08 1.33959e+07
2.08031e+08 1.44946e+07
2.08031e+08 1.44946e+07
2.08042e+08 1.45058e+07
2.08042e+08 1.45058e+07
2.08042e+08 1.44722e+07
2.08042e+08 1.44723e+07
2.08054e+08 1.44835e+07
2.08121e+08 1.44276e+07
2.08121e+08 1.44276e+07
2.08121e+08 1.44276e+07
2.08132e+08 1.44164e+07
2.08143e+08 1.44275e+07
2.08143e+08 1.44275e+07
2.08143e+08 1.44163e+07
2.08143e+08 1.44163e+07
2.08266e+08 1.44387e+07
2.083e+08 1.44213e+07
2.08699e+08 1.43929e+07
2.08789e+08 1.42476e+07
2.0908e+08 1.45383e+07
2.0908e+08 1.44153e+07
2.09761e+08 1.44376e+07
2.09817e+08 1.44935e+07
2.09907e+08 1.45159e+07
2.23084e+08 1.50526e+07
2.23084e+08 1.50526e+07
2.23084e+08 1.50414e+07
2.23084e+08 1.50414e+07
2.23084e+08 1.50414e+07
2.23084e+08 1.50415e+07
2.23084e+08 1.50415e+07
2.23095e+08 1.50415e+07
2.2314e+08 1.50191e+07
2.23151e+08 1.50303e+07
2.23162e+08 1.50414e+07
2.23162e+08 1.50303e+07
2.23162e+08 1.50191e+07
2.23162e+08 1.50191e+07
2.23162e+08 1.50191e+07
2.23162e+08 1.50191e+07
2.23297e+08 1.50303e+07
2.23297e+08 1.49967e+07
2.23911e+08 1.5212e+07
2.23911e+08 1.51226e+07
2.24448e+08 1.53684e+07
2.24482e+08 1.5402e+07
2.24906e+08 1.51449e+07
2.24951e+08 1.51338e+07
2.24985e+08 1.50779e+07
2.38717e+08 1.56336e+07
2.38717e+08 1.56336e+07
2.38717e+08 1.56336e+07
2.38717e+08 1.56336e+07
2.38717e+08 1.56336e+07
2.38717e+08 1.56336e+07
2.38717e+08 1.56336e+07
2.38717e+08 1.56335e+07
2.38718e+08 1.56223e+07
2.3874e+08 1.56e+07
2.38785e+08 1.56336e+07
2.38796e+08 1.56336e+07
2.38796e+08 1.56336e+07
2.38796e+08 1.56336e+07
2.38796e+08 1.56336e+07
2.38807e+08 1.56448e+07
2.3883e+08 1.56671e+07
2.38874e+08 1.55777e+07
2.38874e+08 1.55777e+07
2.3961e+08 1.56984e+07
2.3961e+08 1.56984e+07
2.40102e+08 1.56537e+07
2.40135e+08 1.56537e+07
2.40526e+08 1.56201e+07
2.40716e+08 1.57654e+07
2.4075e+08 1.57654e+07
2.54945e+08 1.62275e+07
2.54945e+08 1.62275e+07
2.54945e+08 1.62275e+07
2.54945e+08 1.62275e+07
2.54945e+08 1.62275e+07
2.54945e+08 1.62275e+07
2.54945e+08 1.62275e+07
2.54945e+08 1.62275e+07
2.54945e+08 1.62275e+07
2.54945e+08 1.62275e+07
2.54967e+08 1.62275e+07
2.54967e+08 1.61828e+07
2.55001e+08 1.62051e+07
2.55023e+08 1.62274e+07
2.55023e+08 1.62274e+07
2.55035e+08 1.62386e+07
2.55068e+08 1.6261e+07
2.55113e+08 1.62834e+07
2.55147e+08 1.62723e+07
2.55147e+08 1.62723e+07
2.56656e+08 1.70461e+07
2.56701e+08 1.70908e+07
2.56991e+08 1.68896e+07
2.57125e+08 1.69902e+07
2.57148e+08 1.66214e+07
2.5726e+08 1.65431e+07
2.57483e+08 1.67331e+07
2.71794e+08 1.68487e+07
2.71794e+08 1.68487e+07
2.71816e+08 1.6871e+07
2.71838e+08 1.68934e+07
2.7185e+08 1.69046e+07
2.71905e+08 1.69605e+07
2.71905e+08 1.69604e+07
2.71905e+08 1.69604e+07
2.71917e+08 1.69716e+07
2.71917e+08 1.69716e+07
2.71917e+08 1.69716e+07
2.7195e+08 1.69827e+07
2.7195e+08 1.69827e+07
2.71961e+08 1.69604e+07
2.71984e+08 1.69604e+07
2.71984e+08 1.69604e+07
2.71984e+08 1.69493e+07
2.71984e+08 1.69157e+07
2.72051e+08 1.69381e+07
2.72174e+08 1.70276e+07
2.72174e+08 1.70276e+07
2.73762e+08 1.71057e+07
2.73851e+08 1.71504e+07
2.74019e+08 1.70275e+07
2.74578e+08 1.74523e+07
2.74701e+08 1.75529e+07
2.74969e+08 1.77093e+07
2.75438e+08 1.79552e+07
2.89444e+08 1.76507e+07
2.89444e+08 1.76507e+07
2.89444e+08 1.76284e+07
2.89444e+08 1.7606e+07
2.89444e+08 1.75949e+07
2.89444e+08 1.7539e+07
2.89444e+08 1.7539e+07
2.89444e+08 1.7539e+07
2.89444e+08 1.75279e+07
2.89445e+08 1.75279e+07
2.89445e+08 1.75279e+07
2.89456e+08 1.75391e+07
2.89467e+08 1.75168e+07
2.89467e+08 1.75168e+07
2.89467e+08 1.75056e+07
2.89467e+08 1.74832e+07
2.89467e+08 1.74832e+07
2.89612e+08 1.76286e+07
2.89713e+08 1.77292e+07
2.89937e+08 1.78855e+07
2.90138e+08 1.79636e+07
2.9016e+08 1.7986e+07
2.91759e+08 1.79973e+07
2.91804e+08 1.79526e+07
2.92206e+08 1.81872e+07
2.94575e+08 1.99976e+07
2.94821e+08 2.01205e+07
2.94966e+08 1.99976e+07
2.95302e+08 1.98635e+07
3.0758e+08 1.81357e+07
3.0758e+08 1.81357e+07
3.07591e+08 1.81469e+07
3.07625e+08 1.81804e+07
3.07658e+08 1.82139e+07
3.07759e+08 1.83145e+07
3.07781e+08 1.83368e+07
3.07804e+08 1.83592e+07
3.07882e+08 1.84374e+07
3.07915e+08 1.84709e+07
3.08106e+08 1.8661e+07
3.08139e+08 1.86945e+07
3.08184e+08 1.8728e+07
3.08229e+08 1.87616e+07
3.08229e+08 1.87616e+07
3.08262e+08 1.87952e+07
3.08273e+08 1.88063e+07
3.0834e+08 1.88734e+07
3.08866e+08 1.92534e+07
3.08989e+08 1.92757e+07
3.09145e+08 1.92086e+07
3.09179e+08 1.9041e+07
3.09179e+08 1.90186e+07
3.11716e+08 1.9957e+07
3.1185e+08 2.00465e+07
3.1204e+08 1.98342e+07
3.13515e+08 1.89401e+07
3.13694e+08 1.88731e+07
3.1403e+08 1.9063e+07
3.1432e+08 1.90183e+07
3.26875e+08 1.92946e+07
3.26875e+08 1.92946e+07
3.26908e+08 1.93169e+07
3.26908e+08 1.92834e+07
3.26953e+08 1.92946e+07
3.27042e+08 1.92834e+07
3.27042e+08 1.92611e+07
3.27065e+08 1.92611e+07
3.27165e+08 1.92834e+07
3.27266e+08 1.93505e+07
3.27445e+08 1.93392e+07
3.27534e+08 1.93951e+07
3.27579e+08 1.93951e+07
3.27579e+08 1.93951e+07
3.27635e+08 1.94063e+07
3.27702e+08 1.94733e+07
3.27735e+08 1.94733e+07
3.27791e+08 1.9518e+07
3.27881e+08 1.95403e+07
3.29077e+08 2.02107e+07
3.29468e+08 2.04789e+07
3.29635e+08 2.04901e+07
3.29825e+08 2.06466e+07
3.29926e+08 2.07472e+07
3.32117e+08 2.04006e+07
3.32452e+08 2.06018e+07
3.32865e+08 2.08253e+07
3.33257e+08 1.97413e+07
3.3329e+08 1.95961e+07
3.33357e+08 1.93279e+07
3.33547e+08 1.92273e+07
3.47708e+08 2.08335e+07
3.47708e+08 2.08335e+07
3.47753e+08 2.08447e+07
3.47753e+08 2.08447e+07
3.47976e+08 2.10235e+07
3.48055e+08 2.10123e+07
3.48144e+08 2.11017e+07
3.48144e+08 2.10794e+07
3.48602e+08 2.14369e+07
3.48658e+08 2.13922e+07
3.48815e+08 2.13698e+07
3.49072e+08 2.15375e+07
3.49128e+08 2.15487e+07
3.49128e+08 2.15487e+07
3.4915e+08 2.1571e+07
3.49172e+08 2.15375e+07
3.49206e+08 2.1504e+07
3.49251e+08 2.15151e+07
3.49251e+08 2.14593e+07
3.49373e+08 2.14928e+07
3.49575e+08 2.04981e+07
3.49742e+08 2.02746e+07
3.49809e+08 2.0174e+07
3.49843e+08 2.00176e+07
3.50167e+08 2.02411e+07
3.5219e+08 2.00734e+07
3.52313e+08 1.98611e+07
3.52626e+08 1.97604e+07
3.52917e+08 1.96599e+07
3.53006e+08 1.97158e+07
3.53207e+08 1.985e+07
3.53286e+08 1.97383e+07
3.69297e+08 2.1589e+07
3.69297e+08 2.1589e+07
3.69331e+08 2.15778e+07
3.69331e+08 2.15778e+07
3.69331e+08 2.13543e+07
3.69331e+08 2.12761e+07
3.69331e+08 2.11867e+07
3.69331e+08 2.11867e+07
3.69331e+08 2.07285e+07
3.69331e+08 2.06726e+07
3.69331e+08 2.05161e+07
3.69331e+08 2.02591e+07
3.69331e+08 2.02032e+07
3.69364e+08 2.02367e+07
3.69364e+08 2.02144e+07
3.69364e+08 2.0192e+07
3.69443e+08 2.02703e+07
3.69487e+08 2.02815e+07
3.69554e+08 2.03038e+07
3.69588e+08 2.03374e+07
3.70147e+08 2.07732e+07
3.70236e+08 2.06614e+07
3.70236e+08 2.04938e+07
3.7027e+08 2.04603e+07
3.70326e+08 2.04826e+07
3.70616e+08 2.04491e+07
3.72594e+08 2.04044e+07
3.72639e+08 2.03262e+07
3.72684e+08 2.0058e+07
3.73321e+08 2.04045e+07
3.73344e+08 2.03374e+07
3.73355e+08 2.01474e+07
3.73578e+08 2.02927e+07
3.90289e+08 2.09917e+07
3.90389e+08 2.10923e+07
3.90389e+08 2.10588e+07
3.90389e+08 2.10588e+07
3.90389e+08 2.10588e+07
3.90389e+08 2.10588e+07
3.90401e+08 2.10699e+07
3.90434e+08 2.11035e+07
3.90434e+08 2.11035e+07
3.90434e+08 2.11035e+07
3.90434e+08 2.11035e+07
3.90501e+08 2.11705e+07
3.90546e+08 2.12152e+07
3.90635e+08 2.12711e+07
3.90781e+08 2.14164e+07
3.90781e+08 2.14164e+07
3.90915e+08 2.14723e+07
3.90993e+08 2.15505e+07
3.91116e+08 2.16288e+07
3.91261e+08 2.1707e+07
3.9191e+08 2.23217e+07
3.92681e+08 2.2534e+07
3.92725e+08 2.24893e+07
3.92725e+08 2.24893e+07
3.92971e+08 2.27016e+07
3.93094e+08 2.27687e+07
3.93117e+08 2.25005e+07
3.9315e+08 2.05559e+07
3.9315e+08 2.05111e+07
3.93161e+08 2.04776e+07
3.94045e+08 2.07235e+07
3.94078e+08 2.07347e+07
3.94224e+08 2.08688e+07
3.94436e+08 2.08577e+07
4.12141e+08 2.18521e+07
4.12141e+08 2.17515e+07
4.12174e+08 2.1785e+07
4.12174e+08 2.1785e+07
4.12174e+08 2.1785e+07
4.12174e+08 2.1785e+07
4.12174e+08 2.17738e+07
4.12174e+08 2.17403e+07
4.12186e+08 2.17515e+07
4.12186e+08 2.17515e+07
4.12186e+08 2.17515e+07
4.12186e+08 2.16844e+07
4.12186e+08 2.16397e+07
4.12186e+08 2.15503e+07
4.12242e+08 2.14609e+07
4.12309e+08 2.1528e+07
4.12465e+08 2.15503e+07
4.12745e+08 2.17515e+07
4.1356e+08 2.24444e+07
4.13929e+08 2.28132e+07
4.14242e+08 2.29809e+07
4.14354e+08 2.24444e+07
4.14365e+08 2.16844e+07
4.14365e+08 2.16397e+07
4.14376e+08 2.16509e+07
4.14376e+08 2.1405e+07
4.14399e+08 2.13044e+07
4.14421e+08 2.13044e+07
4.14488e+08 2.13381e+07
4.14556e+08 2.14053e+07
4.14611e+08 2.145e+07
4.15595e+08 2.15504e+07
4.1564e+08 2.15616e+07
4.15741e+08 2.1517e+07
4.16031e+08 2.15952e+07
4.34875e+08 2.27345e+07
4.34942e+08 2.28016e+07
4.35065e+08 2.2891e+07
4.35177e+08 2.30027e+07
4.35177e+08 2.30027e+07
4.35177e+08 2.30027e+07
4.35177e+08 2.30027e+07
4.35177e+08 2.30027e+07
4.35188e+08 2.30027e+07
4.35188e+08 2.30027e+07
4.35188e+08 2.30027e+07
4.35188e+08 2.30027e+07
4.35188e+08 2.30027e+07
4.35188e+08 2.30027e+07
4.35188e+08 2.29468e+07
4.35524e+08 2.32151e+07
4.35568e+08 2.31033e+07
4.35826e+08 2.30809e+07
4.3615e+08 2.25893e+07
4.36206e+08 2.22764e+07
4.36239e+08 2.231e+07
4.36239e+08 2.19971e+07
4.36239e+08 2.18853e+07
4.36239e+08 2.18741e+07
4.36239e+08 2.18741e+07
4.36251e+08 2.18742e+07
4.36251e+08 2.18742e+07
4.36251e+08 2.18518e+07
4.36251e+08 2.18295e+07
4.36619e+08 2.21311e+07
4.36944e+08 2.23881e+07
4.37044e+08 2.24328e+07
4.37201e+08 2.16058e+07
4.37268e+08 2.16282e+07
4.37659e+08 2.19187e+07
4.37939e+08 2.19075e+07
4.58314e+08 2.34382e+07
4.58314e+08 2.33711e+07
4.58314e+08 2.32482e+07
4.58314e+08 2.31364e+07
4.58314e+08 2.31364e+07
4.58314e+08 2.31364e+07
4.58336e+08 2.31588e+07
4.58336e+08 2.31588e+07
4.58336e+08 2.31476e+07
4.58336e+08 2.31476e+07
4.58336e+08 2.31476e+07
4.58336e+08 2.31476e+07
4.58336e+08 2.31476e+07
4.58403e+08 2.32147e+07
4.58403e+08 2.32147e+07
4.58437e+08 2.2913e+07
4.58437e+08 2.28683e+07
4.58459e+08 2.26336e+07
4.58582e+08 2.24323e+07
4.58683e+08 2.2477e+07
4.58705e+08 2.24658e+07
4.58828e+08 2.25887e+07
4.58873e+08 2.26334e+07
4.58906e+08 2.26669e+07
4.58917e+08 2.26781e+07
4.58917e+08 2.26781e+07
4.58951e+08 2.27004e+07
4.58985e+08 2.2734e+07
4.58996e+08 2.27451e+07
4.59063e+08 2.28122e+07
4.59409e+08 2.27899e+07
4.59588e+08 2.26446e+07
4.59622e+08 2.25777e+07
4.5979e+08 2.25889e+07
4.59857e+08 2.25888e+07
4.60606e+08 2.29464e+07
4.60718e+08 2.27787e+07
4.81809e+08 2.34955e+07
4.81809e+08 2.34955e+07
4.81809e+08 2.34955e+07
4.81809e+08 2.34955e+07
4.81809e+08 2.34955e+07
4.81809e+08 2.34955e+07
4.81809e+08 2.34731e+07
4.81809e+08 2.34731e+07
4.81809e+08 2.34731e+07
4.81809e+08 2.34731e+07
4.81831e+08 2.34955e+07
4.81831e+08 2.34955e+07
4.81843e+08 2.35066e+07
4.8201e+08 2.36072e+07
4.82044e+08 2.36407e+07
4.82089e+08 2.36519e+07
4.82089e+08 2.36519e+07
4.82122e+08 2.36631e+07
4.82145e+08 2.35625e+07
4.82223e+08 2.35402e+07
4.82301e+08 2.3596e+07
4.82391e+08 2.35626e+07
4.82391e+08 2.35179e+07
4.82458e+08 2.3585e+07
4.82469e+08 2.35626e+07
4.8248e+08 2.35626e+07
4.82491e+08 2.35738e+07
4.82491e+08 2.35402e+07
4.82536e+08 2.35514e+07
4.82536e+08 2.35403e+07
4.82558e+08 2.34955e+07
4.82726e+08 2.33167e+07
4.82872e+08 2.32833e+07
4.82905e+08 2.32833e+07
4.83308e+08 2.35178e+07
4.83319e+08 2.34619e+07
4.84068e+08 2.3462e+07
4.84414e+08 2.36966e+07
5.05978e+08 2.41688e+07
5.06e+08 2.41912e+07
5.06e+08 2.41912e+07
5.06e+08 2.41912e+07
5.06e+08 2.41912e+07
5.06e+08 2.41912e+07
5.06e+08 2.41912e+07
5.06011e+08 2.42024e+07
5.06011e+08 2.42024e+07
5.06011e+08 2.42024e+07
5.06011e+08 2.418e+07
5.06011e+08 2.418e+07
5.06023e+08 2.418e+07
5.06112e+08 2.41018e+07
5.06112e+08 2.40683e+07
5.06146e+08 2.40571e+07
5.06168e+08 2.40795e+07
5.06202e+08 2.40795e+07
5.06246e+08 2.41018e+07
5.06258e+08 2.40348e+07
5.06258e+08 2.39565e+07
5.06325e+08 2.39342e+07
5.06403e+08 2.40124e+07
5.06515e+08 2.40571e+07
5.06526e+08 2.40683e+07
5.06526e+08 2.40571e+07
5.06526e+08 2.40459e+07
5.06537e+08 2.40459e+07
5.06537e+08 2.40459e+07
5.06537e+08 2.40012e+07
5.06537e+08 2.40012e+07
5.06548e+08 2.399e+07
5.0666e+08 2.39341e+07
5.0685e+08 2.39788e+07
5.07208e+08 2.43029e+07
5.07767e+08 2.44594e+07
5.07789e+08 2.44705e+07
5.08661e+08 2.45934e+07
5.08929e+08 2.45152e+07
5.30606e+08 2.46281e+07
5.30606e+08 2.46057e+07
5.30617e+08 2.46169e+07
5.30617e+08 2.46169e+07
5.30628e+08 2.46281e+07
5.30628e+08 2.46281e+07
5.30628e+08 2.46281e+07
5.30628e+08 2.46169e+07
5.30628e+08 2.46169e+07
5.3064e+08 2.46281e+07
5.30695e+08 2.4684e+07
5.30695e+08 2.4684e+07
5.30707e+08 2.4684e+07
5.30785e+08 2.46728e+07
5.30807e+08 2.46951e+07
5.30852e+08 2.47064e+07
5.30852e+08 2.4684e+07
5.30863e+08 2.46617e+07
5.30875e+08 2.46282e+07
5.30886e+08 2.46282e+07
5.30886e+08 2.46282e+07
5.30975e+08 2.46505e+07
5.30986e+08 2.45834e+07
5.3102e+08 2.45052e+07
5.3102e+08 2.4494e+07
5.3102e+08 2.44941e+07
5.3102e+08 2.44941e+07
5.31031e+08 2.45052e+07
5.31031e+08 2.44941e+07
5.31031e+08 2.44941e+07
5.31031e+08 2.44941e+07
5.31031e+08 2.44941e+07
5.31054e+08 2.45052e+07
5.31132e+08 2.44716e+07
5.31534e+08 2.46838e+07
5.31914e+08 2.47062e+07
5.32294e+08 2.45273e+07
5.32373e+08 2.45832e+07
5.32987e+08 2.43261e+07
5.33211e+08 2.42815e+07
5.55757e+08 2.51511e+07
5.55757e+08 2.51511e+07
5.55757e+08 2.51399e+07
5.55779e+08 2.51622e+07
5.55779e+08 2.51511e+07
5.55779e+08 2.51511e+07
5.55802e+08 2.51734e+07
5.55802e+08 2.51734e+07
5.55802e+08 2.51734e+07
5.55802e+08 2.51623e+07
5.55802e+08 2.51064e+07
5.55813e+08 2.51176e+07
5.55813e+08 2.51064e+07
5.55824e+08 2.50394e+07
5.55824e+08 2.50171e+07
5.56003e+08 2.51511e+07
5.5607e+08 2.52181e+07
5.56093e+08 2.52293e+07
5.56171e+08 2.52963e+07
5.56204e+08 2.53187e+07
5.56204e+08 2.53187e+07
5.56204e+08 2.52292e+07
5.56204e+08 2.5218e+07
5.56283e+08 2.52627e+07
5.56305e+08 2.52851e+07
5.56327e+08 2.53074e+07
5.56327e+08 2.53074e+07
5.56394e+08 2.53745e+07
5.56394e+08 2.53633e+07
5.56417e+08 2.53857e+07
5.56417e+08 2.53857e+07
5.56462e+08 2.54304e+07
5.56462e+08 2.54304e+07
5.56484e+08 2.54304e+07
5.5654e+08 2.5408e+07
5.56585e+08 2.50504e+07
5.57155e+08 2.52404e+07
5.57389e+08 2.50951e+07
5.5749e+08 2.51174e+07
5.57904e+08 2.49163e+07
5.58138e+08 2.49275e+07
5.81441e+08 2.5684e+07
5.81452e+08 2.56952e+07
5.81452e+08 2.56952e+07
5.81452e+08 2.56728e+07
5.81475e+08 2.56952e+07
5.81475e+08 2.56952e+07
5.81475e+08 2.56728e+07
5.81586e+08 2.57846e+07
5.81598e+08 2.57957e+07
5.81653e+08 2.58516e+07
5.81653e+08 2.58516e+07
5.81743e+08 2.59298e+07
5.81743e+08 2.59298e+07
5.81821e+08 2.59968e+07
5.81821e+08 2.59968e+07
5.81821e+08 2.5818e+07
5.81821e+08 2.57509e+07
5.81821e+08 2.57285e+07
5.81821e+08 2.56503e+07
5.81832e+08 2.5628e+07
5.81832e+08 2.5628e+07
5.81832e+08 2.5628e+07
5.81832e+08 2.5628e+07
5.81832e+08 2.55497e+07
5.81832e+08 2.55274e+07
5.81832e+08 2.5505e+07
5.81832e+08 2.5505e+07
5.81844e+08 2.54491e+07
5.81844e+08 2.54491e+07
5.81844e+08 2.54491e+07
5.81844e+08 2.54268e+07
5.81866e+08 2.54491e+07
5.81933e+08 2.54715e+07
5.81933e+08 2.54715e+07
5.81967e+08 2.54827e+07
5.81967e+08 2.54268e+07
5.82011e+08 2.54268e+07
5.82771e+08 2.56168e+07
5.83017e+08 2.5628e+07
5.8304e+08 2.55497e+07
5.83397e+08 2.54939e+07
5.8371e+08 2.55721e+07
6.07837e+08 2.6396e+07
6.07837e+08 2.63848e+07
6.07859e+08 2.64072e+07
6.07871e+08 2.64183e+07
6.07871e+08 2.6396e+07
6.07882e+08 2.64072e+07
6.07882e+08 2.64072e+07
6.07893e+08 2.63066e+07
6.07893e+08 2.62954e+07
6.07904e+08 2.62507e+07
6.07904e+08 2.62507e+07
6.07915e+08 2.61725e+07
6.07915e+08 2.61725e+07
6.07927e+08 2.61054e+07
6.07927e+08 2.61054e+07
6.07927e+08 2.61054e+07
6.07927e+08 2.61054e+07
6.07927e+08 2.61054e+07
6.07927e+08 2.61054e+07
6.07927e+08 2.60942e+07
6.07927e+08 2.60942e+07
6.07938e+08 2.61054e+07
6.07938e+08 2.61054e+07
6.07938e+08 2.61054e+07
6.07938e+08 2.61054e+07
6.07938e+08 2.61054e+07
6.07949e+08 2.61166e+07
6.07949e+08 2.61054e+07
6.07971e+08 2.61278e+07
6.07971e+08 2.61278e+07
6.08005e+08 2.61613e+07
6.08005e+08 2.61613e+07
6.08016e+08 2.61501e+07
6.08206e+08 2.62731e+07
6.08229e+08 2.62954e+07
6.08229e+08 2.62619e+07
6.0824e+08 2.62731e+07
6.08296e+08 2.62843e+07
6.08899e+08 2.61278e+07
6.09056e+08 2.60384e+07
6.09145e+08 2.61054e+07
6.0929e+08 2.58931e+07
6.09581e+08 2.58707e+07
6.26557e+08 1.87196e+07
6.26557e+08 1.87197e+07
6.26557e+08 1.86974e+07
6.26557e+08 1.86863e+07
6.26557e+08 1.86865e+07
6.2658e+08 1.86977e+07
6.26591e+08 1.8709e+07
6.26602e+08 1.87092e+07
6.26602e+08 1.87093e+07
6.26614e+08 1.87094e+07
6.26614e+08 1.87095e+07
6.26614e+08 1.86985e+07
6.26614e+08 1.86986e+07
6.26649e+08 1.87221e+07
6.26671e+08 1.87446e+07
6.26671e+08 1.87446e+07
6.26671e+08 1.87446e+07
6.26671e+08 1.87446e+07
6.26694e+08 1.87675e+07
6.26705e+08 1.87787e+07
6.26738e+08 1.88112e+07
6.2676e+08 1.88225e+07
6.2676e+08 1.88226e+07
6.2676e+08 1.88227e+07
6.26761e+08 1.88228e+07
6.26773e+08 1.88351e+07
6.26828e+08 1.88788e+07
6.26933e+08 1.89839e+07
6.26933e+08 1.89615e+07
6.26955e+08 1.89839e+07
6.26975e+08 1.89696e+07
6.27031e+08 1.90256e+07
6.27041e+08 1.90358e+07
6.27074e+08 1.90583e+07
6.27097e+08 1.88907e+07
6.27097e+08 1.88684e+07
6.27142e+08 1.89132e+07
6.27153e+08 1.89133e+07
6.27153e+08 1.88575e+07
6.27265e+08 1.83662e+07
6.27266e+08 1.82098e+07
6.27266e+08 1.81204e+07
6.27289e+08 1.79986e+07
6.273e+08 1.77193e+07
6.34639e+08 8.08194e+06
6.34683e+08 8.12654e+06
6.34728e+08 8.17117e+06
