4.81559e+06 4.81494e+06
8.31742e+06 3.50183e+06
8.31743e+06 3.50184e+06
1.01585e+07 1.84109e+06
1.01585e+07 1.84109e+06
1.1565e+07 1.4065e+06
1.1565e+07 1.40651e+06
1.15986e+07 1.44003e+06
1.50493e+07 3.48427e+06
1.50493e+07 3.48427e+06
1.50493e+07 3.48428e+06
1.50494e+07 3.45084e+06
1.79348e+07 2.88551e+06
1.79348e+07 2.88551e+06
1.79348e+07 2.88551e+06
1.79683e+07 2.91895e+06
1.79683e+07 2.91896e+06
2.1928e+07 3.99324e+06
2.1928e+07 3.99324e+06
2.1928e+07 3.99324e+06
2.19504e+07 3.98207e+06
2.19504e+07 3.98207e+06
2.19504e+07 3.98208e+06
2.58401e+07 3.91204e+06
2.58848e+07 3.95676e+06
2.58848e+07 3.95676e+06
2.58848e+07 3.9344e+06
2.59072e+07 3.95681e+06
2.59072e+07 3.95681e+06
2.59072e+07 3.95681e+06
2.94776e+07 3.63753e+06
2.96788e+07 3.79401e+06
2.97459e+07 3.86107e+06
2.97794e+07 3.89462e+06
3.03942e+07 4.48698e+06
3.03942e+07 4.487e+06
3.03942e+07 4.487e+06
3.4096e+07 4.61845e+06
3.40961e+07 4.61846e+06
3.41855e+07 4.50669e+06
3.42302e+07 4.48435e+06
3.45991e+07 4.81965e+06
3.50798e+07 4.68556e+06
3.50798e+07 4.68555e+06
3.50798e+07 4.68555e+06
3.97629e+07 5.66684e+06
3.97629e+07 5.66684e+06
3.98076e+07 5.71157e+06
3.99641e+07 5.77865e+06
4.01318e+07 5.90161e+06
4.02772e+07 5.6781e+06
4.03554e+07 5.27566e+06
4.03554e+07 5.27566e+06
4.03555e+07 5.27566e+06
4.56592e+07 5.89635e+06
4.56592e+07 5.89635e+06
4.57151e+07 5.90752e+06
4.57822e+07 5.8181e+06
4.5894e+07 5.92988e+06
4.595e+07 5.81811e+06
4.60394e+07 5.76222e+06
4.61288e+07 5.77341e+06
4.61289e+07 5.77341e+06
4.61289e+07 5.77341e+06
5.19535e+07 6.29429e+06
5.20094e+07 6.35019e+06
5.20094e+07 6.2943e+06
5.23672e+07 6.58494e+06
5.23672e+07 6.47321e+06
5.23673e+07 6.47322e+06
5.2535e+07 6.585e+06
5.25461e+07 6.50673e+06
5.25461e+07 6.41731e+06
5.25574e+07 6.42853e+06
5.25574e+07 6.42853e+06
5.9112e+07 7.15848e+06
5.93356e+07 7.32619e+06
5.9358e+07 7.34857e+06
5.94475e+07 7.08031e+06
5.94923e+07 7.12502e+06
5.94923e+07 7.12502e+06
5.95594e+07 7.02441e+06
5.95594e+07 7.02441e+06
5.95594e+07 7.01324e+06
5.96041e+07 7.05794e+06
5.96825e+07 7.12512e+06
5.96825e+07 7.12511e+06
6.67371e+07 7.62506e+06
6.69942e+07 7.65855e+06
6.70389e+07 7.68091e+06
6.71396e+07 7.69209e+06
6.72292e+07 7.73691e+06
6.72404e+07 7.74809e+06
6.73075e+07 7.74814e+06
6.73522e+07 7.79287e+06
6.73746e+07 7.81523e+06
6.74082e+07 7.84878e+06
6.74082e+07 7.80407e+06
6.74082e+07 7.72568e+06
6.74082e+07 7.72568e+06
7.48209e+07 8.08384e+06
7.49663e+07 7.97208e+06
7.52346e+07 8.19566e+06
7.53464e+07 8.20682e+06
7.5805e+07 8.57581e+06
7.5805e+07 8.56462e+06
7.58385e+07 8.53104e+06
7.58386e+07 8.48633e+06
7.58386e+07 8.46398e+06
7.58386e+07 8.46399e+06
7.58386e+07 8.43043e+06
7.58386e+07 8.43043e+06
7.58386e+07 8.43043e+06
7.58386e+07 8.43043e+06
8.37407e+07 8.91976e+06
8.39195e+07 8.95324e+06
8.42102e+07 8.97562e+06
8.42996e+07 8.95324e+06
8.46576e+07 8.85259e+06
8.46799e+07 8.87496e+06
8.468e+07 8.84142e+06
8.468e+07 8.84142e+06
8.468e+07 8.84143e+06
8.46912e+07 8.85261e+06
8.47024e+07 8.86381e+06
8.47024e+07 8.86382e+06
8.47024e+07 8.86382e+06
8.47024e+07 8.86382e+06
8.47024e+07 8.86384e+06
9.29778e+07 9.23709e+06
9.29778e+07 9.05827e+06
9.35927e+07 9.38248e+06
9.35927e+07 9.29305e+06
9.40514e+07 9.39382e+06
9.40514e+07 9.37145e+06
9.40514e+07 9.37144e+06
9.40626e+07 9.38259e+06
9.40626e+07 9.38259e+06
9.40626e+07 9.37141e+06
9.40738e+07 9.37142e+06
9.4085e+07 9.38259e+06
9.4085e+07 9.38262e+06
9.4085e+07 9.38262e+06
9.40962e+07 9.39382e+06
9.40963e+07 9.39381e+06
1.02685e+08 9.70699e+06
1.02729e+08 9.75169e+06
1.03512e+08 9.91939e+06
1.03512e+08 9.91939e+06
1.04004e+08 9.95289e+06
1.04015e+08 9.9641e+06
1.04016e+08 9.96414e+06
1.04038e+08 9.97531e+06
1.04038e+08 9.97531e+06
1.04083e+08 1.00201e+07
1.04094e+08 1.00201e+07
1.04094e+08 1.00089e+07
1.04094e+08 1.00089e+07
1.04094e+08 1.00089e+07
1.04094e+08 1.00089e+07
1.04094e+08 9.99768e+06
1.04094e+08 9.99768e+06
1.13324e+08 1.06392e+07
1.13324e+08 1.05945e+07
1.14297e+08 1.07845e+07
1.14308e+08 1.07957e+07
1.14666e+08 1.06616e+07
1.14677e+08 1.06616e+07
1.14733e+08 1.07175e+07
1.14733e+08 1.06952e+07
1.14755e+08 1.07175e+07
1.14811e+08 1.07287e+07
1.14879e+08 1.07846e+07
1.14879e+08 1.07846e+07
1.14901e+08 1.0807e+07
1.14901e+08 1.0807e+07
1.14901e+08 1.0807e+07
1.14901e+08 1.0807e+07
1.14901e+08 1.0807e+07
1.14912e+08 1.08182e+07
1.24485e+08 1.11613e+07
1.2453e+08 1.1206e+07
1.25391e+08 1.10943e+07
1.25391e+08 1.10832e+07
1.25984e+08 1.13178e+07
1.25984e+08 1.13066e+07
1.26017e+08 1.12842e+07
1.26017e+08 1.12842e+07
1.26017e+08 1.12618e+07
1.26028e+08 1.12171e+07
1.26107e+08 1.12283e+07
1.26118e+08 1.12395e+07
1.26118e+08 1.12171e+07
1.26118e+08 1.12171e+07
1.2614e+08 1.12395e+07
1.2614e+08 1.12395e+07
1.26152e+08 1.12507e+07
1.26152e+08 1.12507e+07
1.26185e+08 1.12731e+07
1.36379e+08 1.1894e+07
1.36391e+08 1.18605e+07
1.37553e+08 1.21624e+07
1.37576e+08 1.21848e+07
1.37934e+08 1.195e+07
1.37934e+08 1.195e+07
1.37956e+08 1.19387e+07
1.37978e+08 1.19611e+07
1.37978e+08 1.19611e+07
1.3799e+08 1.19611e+07
1.38057e+08 1.19499e+07
1.38079e+08 1.19611e+07
1.38079e+08 1.19611e+07
1.38079e+08 1.19611e+07
1.3809e+08 1.19499e+07
1.38102e+08 1.19611e+07
1.38124e+08 1.19723e+07
1.38146e+08 1.19947e+07
1.38146e+08 1.19947e+07
1.38214e+08 1.20283e+07
1.48707e+08 1.23274e+07
1.4874e+08 1.23497e+07
1.5006e+08 1.25063e+07
1.5006e+08 1.24839e+07
1.50451e+08 1.25174e+07
1.50451e+08 1.25174e+07
1.50451e+08 1.24951e+07
1.50462e+08 1.24839e+07
1.50462e+08 1.24839e+07
1.50518e+08 1.25286e+07
1.50552e+08 1.24951e+07
1.50597e+08 1.25174e+07
1.50597e+08 1.25174e+07
1.50597e+08 1.25174e+07
1.50608e+08 1.25174e+07
1.50619e+08 1.25174e+07
1.50619e+08 1.2495e+07
1.50619e+08 1.24727e+07
1.50619e+08 1.24727e+07
1.50709e+08 1.2495e+07
1.50709e+08 1.2495e+07
1.61545e+08 1.28387e+07
1.61613e+08 1.28723e+07
1.63234e+08 1.31741e+07
1.63234e+08 1.31741e+07
1.63636e+08 1.31853e+07
1.63636e+08 1.31853e+07
1.63636e+08 1.31853e+07
1.6367e+08 1.32077e+07
1.6367e+08 1.32077e+07
1.6367e+08 1.31518e+07
1.63704e+08 1.31518e+07
1.63748e+08 1.31517e+07
1.63748e+08 1.31517e+07
1.63748e+08 1.31517e+07
1.63748e+08 1.31405e+07
1.63771e+08 1.31517e+07
1.63771e+08 1.31517e+07
1.63838e+08 1.32188e+07
1.63849e+08 1.32301e+07
1.63927e+08 1.32188e+07
1.63927e+08 1.32188e+07
1.6395e+08 1.32412e+07
1.74574e+08 1.30285e+07
1.74574e+08 1.29615e+07
1.76408e+08 1.31739e+07
1.76408e+08 1.31739e+07
1.76564e+08 1.2928e+07
1.76564e+08 1.2928e+07
1.76564e+08 1.2928e+07
1.76564e+08 1.28945e+07
1.76564e+08 1.28945e+07
1.76564e+08 1.28945e+07
1.76564e+08 1.28609e+07
1.76587e+08 1.28385e+07
1.76587e+08 1.28386e+07
1.76643e+08 1.28945e+07
1.76654e+08 1.29056e+07
1.76665e+08 1.28944e+07
1.76676e+08 1.29056e+07
1.76699e+08 1.28609e+07
1.7671e+08 1.28609e+07
1.7671e+08 1.27827e+07
1.76721e+08 1.27939e+07
1.76721e+08 1.27715e+07
1.88172e+08 1.35983e+07
1.88172e+08 1.35983e+07
1.88172e+08 1.35983e+07
1.90129e+08 1.37213e+07
1.90129e+08 1.37213e+07
1.90241e+08 1.36766e+07
1.90241e+08 1.36765e+07
1.90241e+08 1.36765e+07
1.90241e+08 1.36765e+07
1.90241e+08 1.36765e+07
1.90241e+08 1.36765e+07
1.90241e+08 1.36765e+07
1.90241e+08 1.36542e+07
1.9033e+08 1.37436e+07
1.9033e+08 1.36877e+07
1.9033e+08 1.36766e+07
1.90342e+08 1.36766e+07
1.90353e+08 1.36765e+07
1.9042e+08 1.37212e+07
1.90487e+08 1.37771e+07
1.90487e+08 1.37771e+07
1.90532e+08 1.38107e+07
1.90532e+08 1.38107e+07
2.02396e+08 1.4224e+07
2.02419e+08 1.42464e+07
2.02419e+08 1.42464e+07
2.02419e+08 1.42464e+07
2.04342e+08 1.42128e+07
2.04342e+08 1.42128e+07
2.04476e+08 1.42352e+07
2.04476e+08 1.42352e+07
2.04476e+08 1.42352e+07
2.04499e+08 1.42576e+07
2.04499e+08 1.42576e+07
2.04499e+08 1.42576e+07
2.0451e+08 1.42687e+07
2.0451e+08 1.42687e+07
2.04577e+08 1.42464e+07
2.04577e+08 1.42464e+07
2.04599e+08 1.42688e+07
2.04599e+08 1.42576e+07
2.04599e+08 1.42464e+07
2.04644e+08 1.4224e+07
2.04745e+08 1.42576e+07
2.04756e+08 1.42688e+07
2.04767e+08 1.42352e+07
2.04767e+08 1.42352e+07
2.17193e+08 1.47969e+07
2.17238e+08 1.48192e+07
2.1726e+08 1.48416e+07
2.17361e+08 1.49422e+07
2.17428e+08 1.50093e+07
2.18993e+08 1.46515e+07
2.18993e+08 1.46515e+07
2.19307e+08 1.48304e+07
2.19307e+08 1.48304e+07
2.19318e+08 1.48416e+07
2.19318e+08 1.48192e+07
2.19318e+08 1.48192e+07
2.19318e+08 1.48192e+07
2.19318e+08 1.48081e+07
2.19318e+08 1.48081e+07
2.19486e+08 1.49087e+07
2.19508e+08 1.4931e+07
2.19564e+08 1.49646e+07
2.19564e+08 1.49646e+07
2.19564e+08 1.49646e+07
2.19586e+08 1.49422e+07
2.1962e+08 1.48752e+07
2.1962e+08 1.4864e+07
2.1962e+08 1.48528e+07
2.1962e+08 1.48528e+07
2.32636e+08 1.54429e+07
2.32658e+08 1.54205e+07
2.32726e+08 1.54652e+07
2.32871e+08 1.55099e+07
2.32871e+08 1.54429e+07
2.32893e+08 1.54652e+07
2.34425e+08 1.54317e+07
2.34425e+08 1.54317e+07
2.34649e+08 1.53422e+07
2.34649e+08 1.53422e+07
2.34649e+08 1.53311e+07
2.34649e+08 1.53311e+07
2.34649e+08 1.53311e+07
2.34649e+08 1.53311e+07
2.34649e+08 1.53311e+07
2.3466e+08 1.53423e+07
2.34861e+08 1.53758e+07
2.34873e+08 1.53647e+07
2.34984e+08 1.54206e+07
2.34984e+08 1.54206e+07
2.34984e+08 1.54206e+07
2.35007e+08 1.54206e+07
2.3504e+08 1.54206e+07
2.35052e+08 1.54318e+07
2.35074e+08 1.54542e+07
2.35085e+08 1.54654e+07
2.4874e+08 1.61035e+07
2.48796e+08 1.61371e+07
2.48874e+08 1.61483e+07
2.49019e+08 1.61483e+07
2.49086e+08 1.62153e+07
2.49153e+08 1.626e+07
2.5045e+08 1.60253e+07
2.5045e+08 1.60253e+07
2.5045e+08 1.60253e+07
2.50808e+08 1.61594e+07
2.50808e+08 1.61594e+07
2.50808e+08 1.61594e+07
2.50808e+08 1.61594e+07
2.50819e+08 1.61706e+07
2.50842e+08 1.6193e+07
2.50842e+08 1.6193e+07
2.50842e+08 1.61818e+07
2.50909e+08 1.60477e+07
2.50909e+08 1.60365e+07
2.50965e+08 1.59806e+07
2.50965e+08 1.59806e+07
2.50965e+08 1.59806e+07
2.50987e+08 1.59806e+07
2.50987e+08 1.5947e+07
2.50987e+08 1.59358e+07
2.50999e+08 1.59247e+07
2.51032e+08 1.59471e+07
2.65525e+08 1.67855e+07
2.65581e+08 1.67855e+07
2.65648e+08 1.67744e+07
2.65905e+08 1.68861e+07
2.65928e+08 1.68414e+07
2.65928e+08 1.67744e+07
2.67158e+08 1.67073e+07
2.67158e+08 1.67073e+07
2.67169e+08 1.67185e+07
2.67169e+08 1.67185e+07
2.67493e+08 1.6685e+07
2.67493e+08 1.6685e+07
2.67493e+08 1.6685e+07
2.67493e+08 1.6685e+07
2.67493e+08 1.66738e+07
2.67493e+08 1.66515e+07
2.67493e+08 1.66515e+07
2.67493e+08 1.66515e+07
2.67572e+08 1.66627e+07
2.67572e+08 1.66627e+07
2.67639e+08 1.66739e+07
2.67639e+08 1.66739e+07
2.6765e+08 1.6685e+07
2.6765e+08 1.66627e+07
2.6765e+08 1.66627e+07
2.6765e+08 1.66627e+07
2.6774e+08 1.67409e+07
2.67762e+08 1.67297e+07
2.82797e+08 1.7272e+07
2.82898e+08 1.73168e+07
2.83066e+08 1.74173e+07
2.83166e+08 1.72609e+07
2.83233e+08 1.73056e+07
2.83233e+08 1.73056e+07
2.84485e+08 1.73279e+07
2.84553e+08 1.7395e+07
2.84586e+08 1.74173e+07
2.84586e+08 1.74173e+07
2.84586e+08 1.74173e+07
2.84765e+08 1.72721e+07
2.84765e+08 1.72721e+07
2.84765e+08 1.72721e+07
2.84765e+08 1.72721e+07
2.84765e+08 1.7272e+07
2.84777e+08 1.72832e+07
2.84777e+08 1.72832e+07
2.84777e+08 1.72833e+07
2.84944e+08 1.73727e+07
2.84956e+08 1.73839e+07
2.84989e+08 1.73503e+07
2.84989e+08 1.73503e+07
2.84989e+08 1.73392e+07
2.84989e+08 1.73392e+07
2.84989e+08 1.73392e+07
2.85012e+08 1.73616e+07
2.85045e+08 1.73057e+07
2.85045e+08 1.72833e+07
3.00701e+08 1.79042e+07
3.00891e+08 1.79936e+07
3.00959e+08 1.7893e+07
3.01048e+08 1.78818e+07
3.01137e+08 1.79042e+07
3.01137e+08 1.79042e+07
3.02367e+08 1.78818e+07
3.02423e+08 1.78706e+07
3.02423e+08 1.78371e+07
3.02434e+08 1.78483e+07
3.02434e+08 1.78483e+07
3.02468e+08 1.78818e+07
3.02658e+08 1.7893e+07
3.02658e+08 1.7893e+07
3.02658e+08 1.7893e+07
3.02658e+08 1.7893e+07
3.02658e+08 1.7893e+07
3.02681e+08 1.79043e+07
3.02681e+08 1.79043e+07
3.02748e+08 1.79713e+07
3.02905e+08 1.79601e+07
3.02905e+08 1.7949e+07
3.02916e+08 1.79266e+07
3.02916e+08 1.79266e+07
3.02916e+08 1.79266e+07
3.02916e+08 1.79266e+07
3.02916e+08 1.79266e+07
3.02916e+08 1.79043e+07
3.0295e+08 1.79043e+07
3.0295e+08 1.79043e+07
3.19175e+08 1.84737e+07
3.19321e+08 1.84291e+07
3.19443e+08 1.84849e+07
3.19488e+08 1.84403e+07
3.19667e+08 1.85297e+07
3.19768e+08 1.86303e+07
3.20785e+08 1.84179e+07
3.20819e+08 1.83955e+07
3.20841e+08 1.84179e+07
3.20931e+08 1.84961e+07
3.20953e+08 1.85185e+07
3.20964e+08 1.84961e+07
3.21076e+08 1.84179e+07
3.21076e+08 1.84179e+07
3.21076e+08 1.84179e+07
3.21076e+08 1.84179e+07
3.21076e+08 1.84179e+07
3.21076e+08 1.84179e+07
3.21155e+08 1.84738e+07
3.21155e+08 1.84738e+07
3.21233e+08 1.84849e+07
3.21323e+08 1.8418e+07
3.21323e+08 1.8418e+07
3.21323e+08 1.84067e+07
3.21323e+08 1.84067e+07
3.21334e+08 1.84179e+07
3.21345e+08 1.84291e+07
3.21356e+08 1.84403e+07
3.21356e+08 1.84403e+07
3.21412e+08 1.84627e+07
3.21412e+08 1.84627e+07
3.38108e+08 1.89331e+07
3.38444e+08 1.91231e+07
3.38522e+08 1.90784e+07
3.386e+08 1.91119e+07
3.39114e+08 1.94472e+07
3.39193e+08 1.94248e+07
3.39808e+08 1.90225e+07
3.39864e+08 1.90448e+07
3.39864e+08 1.90225e+07
3.39919e+08 1.8989e+07
3.39919e+08 1.89666e+07
3.3992e+08 1.89554e+07
3.40043e+08 1.89666e+07
3.40043e+08 1.89666e+07
3.40043e+08 1.89666e+07
3.40043e+08 1.89666e+07
3.40043e+08 1.89666e+07
3.40043e+08 1.89666e+07
3.40043e+08 1.89666e+07
3.40144e+08 1.89889e+07
3.40144e+08 1.89889e+07
3.40188e+08 1.89554e+07
3.403e+08 1.89778e+07
3.40312e+08 1.89891e+07
3.40312e+08 1.89891e+07
3.40312e+08 1.89891e+07
3.40312e+08 1.89779e+07
3.40345e+08 1.90003e+07
3.40357e+08 1.90003e+07
3.40357e+08 1.90003e+07
3.4039e+08 1.8978e+07
3.4039e+08 1.8978e+07
3.57998e+08 1.98896e+07
3.58255e+08 1.98113e+07
3.58288e+08 1.97665e+07
3.583e+08 1.96995e+07
3.58534e+08 1.94201e+07
3.58669e+08 1.9476e+07
3.59496e+08 1.96884e+07
3.59496e+08 1.96325e+07
3.59507e+08 1.96437e+07
3.59507e+08 1.95878e+07
3.59507e+08 1.95878e+07
3.59507e+08 1.95878e+07
3.59653e+08 1.96101e+07
3.59653e+08 1.96101e+07
3.59653e+08 1.96101e+07
3.59653e+08 1.96101e+07
3.59653e+08 1.96101e+07
3.59653e+08 1.96101e+07
3.59664e+08 1.96213e+07
3.59664e+08 1.96213e+07
3.59765e+08 1.96213e+07
3.59776e+08 1.96325e+07
3.59798e+08 1.96101e+07
3.59899e+08 1.9599e+07
3.59933e+08 1.96215e+07
3.59933e+08 1.96215e+07
3.59933e+08 1.96215e+07
3.59944e+08 1.96326e+07
3.59967e+08 1.96215e+07
3.59967e+08 1.96102e+07
3.59967e+08 1.96102e+07
3.60045e+08 1.9655e+07
3.60045e+08 1.9655e+07
3.78525e+08 2.05274e+07
3.78525e+08 2.02704e+07
3.78525e+08 2.02368e+07
3.78525e+08 2.02256e+07
3.78693e+08 2.01585e+07
3.78861e+08 2.01922e+07
3.79733e+08 2.02369e+07
3.79733e+08 2.02369e+07
3.79778e+08 2.02704e+07
3.79811e+08 2.03039e+07
3.79811e+08 2.03039e+07
3.79811e+08 2.03039e+07
3.7989e+08 2.02369e+07
3.7989e+08 2.02369e+07
3.7989e+08 2.02369e+07
3.7989e+08 2.02369e+07
3.7989e+08 2.02369e+07
3.7989e+08 2.02369e+07
3.7989e+08 2.02369e+07
3.7989e+08 2.02257e+07
3.7989e+08 2.02257e+07
3.80002e+08 2.02369e+07
3.80013e+08 2.02369e+07
3.80058e+08 2.02593e+07
3.80148e+08 2.02482e+07
3.80181e+08 2.02481e+07
3.80193e+08 2.02593e+07
3.80193e+08 2.02593e+07
3.80193e+08 2.02481e+07
3.80204e+08 2.0237e+07
3.80204e+08 2.0237e+07
3.80204e+08 2.0237e+07
3.80305e+08 2.02593e+07
3.80305e+08 2.02593e+07
3.99184e+08 2.06589e+07
3.99206e+08 2.06813e+07
3.99206e+08 2.06813e+07
3.99207e+08 2.06813e+07
3.99397e+08 2.07036e+07
3.99777e+08 2.0916e+07
4.00571e+08 2.08378e+07
4.00593e+08 2.08602e+07
4.00638e+08 2.08602e+07
4.00694e+08 2.08826e+07
4.00694e+08 2.08826e+07
4.00694e+08 2.08826e+07
4.00783e+08 2.08937e+07
4.00783e+08 2.08937e+07
4.00783e+08 2.08937e+07
4.00795e+08 2.09049e+07
4.00795e+08 2.09049e+07
4.00795e+08 2.09049e+07
4.00795e+08 2.09049e+07
4.00795e+08 2.09049e+07
4.00795e+08 2.09049e+07
4.00806e+08 2.09161e+07
4.00884e+08 2.08826e+07
4.00907e+08 2.08937e+07
4.0094e+08 2.08826e+07
4.01042e+08 2.08938e+07
4.01042e+08 2.08602e+07
4.01042e+08 2.0849e+07
4.01042e+08 2.0849e+07
4.01042e+08 2.0849e+07
4.01098e+08 2.08938e+07
4.01098e+08 2.08938e+07
4.01109e+08 2.0905e+07
4.01199e+08 2.08938e+07
4.01199e+08 2.08938e+07
4.2051e+08 2.13262e+07
4.20521e+08 2.1315e+07
4.20521e+08 2.1315e+07
4.20566e+08 2.13597e+07
4.20823e+08 2.14267e+07
4.21103e+08 2.1326e+07
4.21863e+08 2.12926e+07
4.21863e+08 2.12703e+07
4.21986e+08 2.13485e+07
4.22053e+08 2.13597e+07
4.22065e+08 2.13709e+07
4.22065e+08 2.13709e+07
4.22121e+08 2.13373e+07
4.22121e+08 2.13373e+07
4.22121e+08 2.13373e+07
4.22166e+08 2.13709e+07
4.22166e+08 2.13709e+07
4.22166e+08 2.13709e+07
4.22166e+08 2.13709e+07
4.22166e+08 2.13709e+07
4.22166e+08 2.13709e+07
4.22188e+08 2.13933e+07
4.22199e+08 2.13933e+07
4.22278e+08 2.13933e+07
4.22278e+08 2.13709e+07
4.22323e+08 2.13822e+07
4.22424e+08 2.13821e+07
4.22435e+08 2.13933e+07
4.22435e+08 2.13933e+07
4.22435e+08 2.13933e+07
4.22435e+08 2.13933e+07
4.22547e+08 2.14493e+07
4.22558e+08 2.14605e+07
4.22558e+08 2.14493e+07
4.22681e+08 2.14828e+07
4.22681e+08 2.14828e+07
4.42507e+08 2.19971e+07
4.42507e+08 2.19859e+07
4.42507e+08 2.19859e+07
4.42619e+08 2.2053e+07
4.42697e+08 2.18742e+07
4.43066e+08 2.19636e+07
4.43849e+08 2.19859e+07
4.43849e+08 2.19859e+07
4.43849e+08 2.18629e+07
4.44062e+08 2.20082e+07
4.44062e+08 2.19971e+07
4.44062e+08 2.19971e+07
4.44095e+08 2.19746e+07
4.44095e+08 2.19746e+07
4.44095e+08 2.19747e+07
4.44152e+08 2.1986e+07
4.44174e+08 2.20083e+07
4.44174e+08 2.20083e+07
4.44174e+08 2.20083e+07
4.44174e+08 2.20083e+07
4.44174e+08 2.20083e+07
4.44185e+08 2.19972e+07
4.44185e+08 2.19972e+07
4.44252e+08 2.20531e+07
4.44252e+08 2.19748e+07
4.44252e+08 2.19748e+07
4.44286e+08 2.19636e+07
4.44421e+08 2.19971e+07
4.44421e+08 2.1986e+07
4.44421e+08 2.1986e+07
4.44421e+08 2.1986e+07
4.44421e+08 2.1986e+07
4.44566e+08 2.20196e+07
4.44566e+08 2.20084e+07
4.44566e+08 2.20084e+07
4.44757e+08 2.20755e+07
4.44757e+08 2.20755e+07
4.65164e+08 2.26569e+07
4.65164e+08 2.26569e+07
4.65164e+08 2.26569e+07
4.65164e+08 2.25451e+07
4.65198e+08 2.25004e+07
4.65612e+08 2.25451e+07
4.66383e+08 2.2534e+07
4.66383e+08 2.2534e+07
4.66394e+08 2.25451e+07
4.66551e+08 2.24892e+07
4.66551e+08 2.24892e+07
4.66562e+08 2.25004e+07
4.66562e+08 2.24668e+07
4.66585e+08 2.24891e+07
4.66585e+08 2.24891e+07
4.66708e+08 2.25562e+07
4.66719e+08 2.2545e+07
4.66752e+08 2.25786e+07
4.66764e+08 2.25898e+07
4.66775e+08 2.2601e+07
4.66775e+08 2.2601e+07
4.66775e+08 2.25898e+07
4.66775e+08 2.25898e+07
4.66775e+08 2.25898e+07
4.66786e+08 2.25338e+07
4.66786e+08 2.25338e+07
4.66786e+08 2.25338e+07
4.66842e+08 2.25563e+07
4.66988e+08 2.25675e+07
4.66988e+08 2.25675e+07
4.66988e+08 2.25675e+07
4.66988e+08 2.25675e+07
4.67011e+08 2.259e+07
4.67201e+08 2.26346e+07
4.67201e+08 2.26346e+07
4.67201e+08 2.26346e+07
4.67447e+08 2.26905e+07
4.67447e+08 2.26905e+07
4.88317e+08 2.31523e+07
4.88317e+08 2.31523e+07
4.88317e+08 2.31523e+07
4.88317e+08 2.31523e+07
4.88317e+08 2.31187e+07
4.88697e+08 2.30851e+07
4.89535e+08 2.31523e+07
4.89547e+08 2.31635e+07
4.89547e+08 2.31523e+07
4.89647e+08 2.30964e+07
4.89647e+08 2.30964e+07
4.89659e+08 2.30964e+07
4.89681e+08 2.31188e+07
4.89681e+08 2.30964e+07
4.89692e+08 2.31076e+07
4.89793e+08 2.30852e+07
4.89793e+08 2.3074e+07
4.89826e+08 2.3074e+07
4.8986e+08 2.30964e+07
4.89871e+08 2.30964e+07
4.89871e+08 2.30964e+07
4.89871e+08 2.30964e+07
4.89883e+08 2.31076e+07
4.89883e+08 2.31077e+07
4.89883e+08 2.31077e+07
4.89883e+08 2.30965e+07
4.89883e+08 2.30965e+07
4.89883e+08 2.30965e+07
4.8995e+08 2.31076e+07
4.90085e+08 2.30965e+07
4.90096e+08 2.31076e+07
4.90096e+08 2.31076e+07
4.90096e+08 2.31076e+07
4.90141e+08 2.313e+07
4.90365e+08 2.31635e+07
4.90365e+08 2.31635e+07
4.90365e+08 2.31635e+07
4.90555e+08 2.31076e+07
4.90555e+08 2.31076e+07
5.12048e+08 2.37312e+07
5.12048e+08 2.37312e+07
5.12104e+08 2.3787e+07
5.12104e+08 2.3787e+07
5.12104e+08 2.3787e+07
5.12294e+08 2.3597e+07
5.13177e+08 2.36418e+07
5.13188e+08 2.36418e+07
5.13188e+08 2.36418e+07
5.13222e+08 2.35747e+07
5.13222e+08 2.35747e+07
5.13222e+08 2.35635e+07
5.13334e+08 2.36529e+07
5.13334e+08 2.36529e+07
5.13334e+08 2.36418e+07
5.13412e+08 2.36194e+07
5.13423e+08 2.36306e+07
5.13446e+08 2.36194e+07
5.13457e+08 2.35971e+07
5.13502e+08 2.36306e+07
5.13502e+08 2.36306e+07
5.13502e+08 2.36307e+07
5.13502e+08 2.36194e+07
5.13513e+08 2.36306e+07
5.13513e+08 2.36306e+07
5.13513e+08 2.36306e+07
5.13513e+08 2.36306e+07
5.13513e+08 2.36306e+07
5.13513e+08 2.36306e+07
5.13547e+08 2.3597e+07
5.13704e+08 2.36195e+07
5.13704e+08 2.36083e+07
5.13715e+08 2.36195e+07
5.13715e+08 2.36195e+07
5.13883e+08 2.37424e+07
5.14051e+08 2.36866e+07
5.14085e+08 2.37202e+07
5.14085e+08 2.37202e+07
5.14264e+08 2.37089e+07
5.14264e+08 2.37089e+07
5.36389e+08 2.43418e+07
5.3649e+08 2.44424e+07
5.3649e+08 2.43865e+07
5.3649e+08 2.43865e+07
5.36501e+08 2.43977e+07
5.36602e+08 2.43083e+07
5.37497e+08 2.43195e+07
5.37497e+08 2.43083e+07
5.37497e+08 2.43083e+07
5.3753e+08 2.43082e+07
5.37541e+08 2.43194e+07
5.37564e+08 2.43418e+07
5.37631e+08 2.42971e+07
5.37631e+08 2.42971e+07
5.37631e+08 2.42971e+07
5.37721e+08 2.43083e+07
5.37743e+08 2.43195e+07
5.37788e+08 2.43418e+07
5.3781e+08 2.43531e+07
5.37833e+08 2.43307e+07
5.37844e+08 2.43419e+07
5.37855e+08 2.4353e+07
5.37866e+08 2.43642e+07
5.37866e+08 2.4353e+07
5.37866e+08 2.4353e+07
5.37866e+08 2.4353e+07
5.37866e+08 2.4353e+07
5.37866e+08 2.4353e+07
5.37866e+08 2.4353e+07
5.37866e+08 2.4353e+07
5.37878e+08 2.43306e+07
5.38001e+08 2.42971e+07
5.38012e+08 2.43082e+07
5.38012e+08 2.42971e+07
5.38012e+08 2.42971e+07
5.38192e+08 2.43084e+07
5.38471e+08 2.44202e+07
5.38483e+08 2.43979e+07
5.38494e+08 2.44091e+07
5.38651e+08 2.43866e+07
5.38651e+08 2.43866e+07
5.61194e+08 2.48043e+07
5.61194e+08 2.47037e+07
5.61429e+08 2.49385e+07
5.61429e+08 2.49385e+07
5.6144e+08 2.49385e+07
5.61541e+08 2.49386e+07
5.62446e+08 2.49497e+07
5.62469e+08 2.49721e+07
5.62502e+08 2.50056e+07
5.62514e+08 2.49833e+07
5.62514e+08 2.49721e+07
5.62536e+08 2.49721e+07
5.62581e+08 2.49497e+07
5.62581e+08 2.49497e+07
5.62603e+08 2.49721e+07
5.62625e+08 2.4905e+07
5.62659e+08 2.49161e+07
5.62693e+08 2.4905e+07
5.62726e+08 2.49162e+07
5.62738e+08 2.4905e+07
5.62738e+08 2.48938e+07
5.62749e+08 2.48938e+07
5.6276e+08 2.48938e+07
5.62771e+08 2.4905e+07
5.62771e+08 2.4905e+07
5.62771e+08 2.4905e+07
5.62771e+08 2.4905e+07
5.62771e+08 2.4905e+07
5.62771e+08 2.4905e+07
5.62771e+08 2.4905e+07
5.62771e+08 2.4905e+07
5.62783e+08 2.4905e+07
5.62873e+08 2.48715e+07
5.62873e+08 2.48603e+07
5.62884e+08 2.48715e+07
5.62895e+08 2.48826e+07
5.63108e+08 2.49162e+07
5.63455e+08 2.49833e+07
5.63455e+08 2.49721e+07
5.63455e+08 2.49609e+07
5.636e+08 2.49498e+07
5.636e+08 2.49498e+07
5.8674e+08 2.55458e+07
5.8674e+08 2.55458e+07
5.86896e+08 2.54675e+07
5.86963e+08 2.55346e+07
5.86963e+08 2.55234e+07
5.87187e+08 2.56464e+07
5.88015e+08 2.55682e+07
5.88015e+08 2.55458e+07
5.88015e+08 2.55123e+07
5.88126e+08 2.56129e+07
5.88126e+08 2.56129e+07
5.88126e+08 2.55905e+07
5.88138e+08 2.5557e+07
5.88138e+08 2.5557e+07
5.88138e+08 2.55346e+07
5.88182e+08 2.5557e+07
5.88194e+08 2.55346e+07
5.88261e+08 2.55682e+07
5.88272e+08 2.55457e+07
5.88306e+08 2.55681e+07
5.88306e+08 2.55681e+07
5.88306e+08 2.55569e+07
5.88306e+08 2.55458e+07
5.88306e+08 2.55346e+07
5.88306e+08 2.55346e+07
5.88306e+08 2.55346e+07
5.88317e+08 2.55458e+07
5.88317e+08 2.55458e+07
5.88317e+08 2.55458e+07
5.88317e+08 2.55458e+07
5.88317e+08 2.55458e+07
5.88317e+08 2.55458e+07
5.88351e+08 2.55682e+07
5.88407e+08 2.55346e+07
5.88419e+08 2.55458e+07
5.88419e+08 2.55346e+07
5.88419e+08 2.55235e+07
5.88687e+08 2.55793e+07
5.89034e+08 2.55794e+07
5.89057e+08 2.56018e+07
5.89057e+08 2.56018e+07
5.89169e+08 2.55683e+07
5.89169e+08 2.55683e+07
6.12743e+08 2.60034e+07
6.12743e+08 2.60034e+07
6.12821e+08 2.59251e+07
6.12922e+08 2.59586e+07
6.12922e+08 2.59586e+07
6.13224e+08 2.60369e+07
6.1413e+08 2.61151e+07
6.1413e+08 2.61151e+07
6.14174e+08 2.61598e+07
6.14197e+08 2.60705e+07
6.14197e+08 2.60705e+07
6.14197e+08 2.60705e+07
6.14208e+08 2.60705e+07
6.14208e+08 2.60705e+07
6.14208e+08 2.60705e+07
6.14242e+08 2.60593e+07
6.14242e+08 2.60481e+07
6.14298e+08 2.6037e+07
6.14309e+08 2.60369e+07
6.1432e+08 2.60145e+07
6.1432e+08 2.60145e+07
6.1432e+08 2.60145e+07
6.1432e+08 2.60145e+07
6.1432e+08 2.60145e+07
6.1432e+08 2.60145e+07
6.1432e+08 2.60145e+07
6.1432e+08 2.60033e+07
6.14331e+08 2.60145e+07
6.14331e+08 2.60145e+07
6.14343e+08 2.60257e+07
6.14343e+08 2.60257e+07
6.14343e+08 2.60257e+07
6.14343e+08 2.60257e+07
6.14365e+08 2.60145e+07
6.14478e+08 2.60704e+07
6.14478e+08 2.60592e+07
6.14478e+08 2.60592e+07
6.145e+08 2.60816e+07
6.14702e+08 2.60145e+07
6.15116e+08 2.60817e+07
6.15116e+08 2.60593e+07
6.15127e+08 2.60705e+07
6.15396e+08 2.62271e+07
6.15396e+08 2.62271e+07
6.207e+08 7.95735e+06
6.20745e+08 8.00205e+06
6.20767e+08 7.94619e+06
