5.38467e+06 5.38374e+06
8.29634e+06 2.91167e+06
8.29636e+06 2.91168e+06
1.02457e+07 1.94936e+06
1.03131e+07 2.01671e+06
1.17339e+07 1.48819e+06
1.17786e+07 1.53293e+06
1.28859e+07 2.57282e+06
1.44068e+07 2.67291e+06
1.44069e+07 2.62826e+06
1.44069e+07 2.62827e+06
1.47761e+07 1.89018e+06
1.69227e+07 2.51592e+06
1.69291e+07 2.5222e+06
1.69704e+07 2.56352e+06
1.76899e+07 2.91387e+06
1.76899e+07 2.91388e+06
2.05075e+07 3.5848e+06
2.05188e+07 3.58967e+06
2.05636e+07 3.59317e+06
2.12573e+07 3.56736e+06
2.12573e+07 3.56736e+06
2.12573e+07 3.56737e+06
2.43656e+07 3.85807e+06
2.43768e+07 3.85807e+06
2.44651e+07 3.90156e+06
2.54431e+07 4.18584e+06
2.54431e+07 4.18584e+06
2.54767e+07 4.21937e+06
2.54767e+07 4.21938e+06
2.86972e+07 4.33164e+06
2.87196e+07 4.34274e+06
2.87309e+07 4.26572e+06
2.94469e+07 4.00373e+06
2.95028e+07 4.05966e+06
2.95028e+07 4.02613e+06
2.95252e+07 4.04848e+06
3.33269e+07 4.62972e+06
3.33381e+07 4.6409e+06
3.33381e+07 4.61855e+06
3.345e+07 4.71918e+06
3.4183e+07 4.73614e+06
3.42054e+07 4.70258e+06
3.42054e+07 4.70257e+06
3.42054e+07 4.68022e+06
3.85997e+07 5.27281e+06
3.86333e+07 5.29517e+06
3.86333e+07 5.29518e+06
3.86333e+07 5.29522e+06
3.86894e+07 5.23935e+06
3.95845e+07 5.40154e+06
3.96069e+07 5.40154e+06
3.96069e+07 5.40154e+06
3.96069e+07 5.40154e+06
4.45153e+07 5.91554e+06
4.45265e+07 5.89319e+06
4.45265e+07 5.89319e+06
4.45377e+07 5.90439e+06
4.45378e+07 5.90441e+06
4.46049e+07 5.91554e+06
4.55003e+07 5.91572e+06
4.55459e+07 5.93901e+06
4.55673e+07 5.96038e+06
4.55673e+07 5.96038e+06
5.11114e+07 6.59606e+06
5.11114e+07 6.58488e+06
5.11114e+07 6.58488e+06
5.11225e+07 6.58481e+06
5.11449e+07 6.60716e+06
5.11449e+07 6.60716e+06
5.12233e+07 6.61835e+06
5.20962e+07 6.59598e+06
5.21074e+07 6.5615e+06
5.21298e+07 6.56248e+06
5.2141e+07 6.57367e+06
5.8138e+07 7.02665e+06
5.8138e+07 7.02665e+06
5.8138e+07 7.02665e+06
5.8138e+07 7.01547e+06
5.8138e+07 6.99312e+06
5.8138e+07 6.99312e+06
5.82276e+07 7.00431e+06
5.82276e+07 7.00436e+06
5.92794e+07 7.18318e+06
5.92906e+07 7.18318e+06
5.93018e+07 7.17202e+06
5.9313e+07 7.17205e+06
6.59274e+07 7.78936e+06
6.59274e+07 7.78936e+06
6.59274e+07 7.78936e+06
6.59274e+07 7.78936e+06
6.59274e+07 7.78936e+06
6.59499e+07 7.81182e+06
6.59611e+07 7.73349e+06
6.59723e+07 7.74465e+06
6.59723e+07 7.74466e+06
6.70801e+07 7.80071e+06
6.71137e+07 7.82305e+06
6.72366e+07 7.93484e+06
6.72479e+07 7.93489e+06
7.42781e+07 8.35072e+06
7.42893e+07 8.36195e+06
7.42893e+07 8.36197e+06
7.42894e+07 8.36197e+06
7.42894e+07 8.36197e+06
7.42895e+07 8.3396e+06
7.4446e+07 8.4849e+06
7.44572e+07 8.48488e+06
7.44572e+07 8.48488e+06
7.44572e+07 8.48488e+06
7.55986e+07 8.51845e+06
7.56545e+07 8.54085e+06
7.57104e+07 8.4738e+06
7.58783e+07 8.63034e+06
8.32432e+07 8.96516e+06
8.33216e+07 9.03225e+06
8.33552e+07 9.06581e+06
8.33775e+07 9.08816e+06
8.33775e+07 9.08816e+06
8.34558e+07 9.16631e+06
8.34781e+07 9.03213e+06
8.34893e+07 9.03213e+06
8.36011e+07 9.14393e+06
8.36011e+07 9.14395e+06
8.47314e+07 9.13282e+06
8.47426e+07 9.144e+06
8.47649e+07 9.11044e+06
8.49438e+07 9.2334e+06
8.50557e+07 9.17747e+06
9.28973e+07 9.65404e+06
9.32103e+07 9.88874e+06
9.32103e+07 9.85516e+06
9.32103e+07 9.83281e+06
9.32103e+07 9.83281e+06
9.32551e+07 9.79932e+06
9.32551e+07 9.77696e+06
9.32551e+07 9.76579e+06
9.32886e+07 9.68754e+06
9.32887e+07 9.68752e+06
9.44413e+07 9.70995e+06
9.44749e+07 9.73232e+06
9.44749e+07 9.73234e+06
9.46092e+07 9.8442e+06
9.46763e+07 9.73244e+06
9.48216e+07 9.76588e+06
1.02881e+08 9.98347e+06
1.02959e+08 9.74869e+06
1.02959e+08 9.74869e+06
1.02959e+08 9.74869e+06
1.02959e+08 9.74869e+06
1.02981e+08 9.72631e+06
1.02981e+08 9.72631e+06
1.02981e+08 9.72631e+06
1.02981e+08 9.69276e+06
1.02981e+08 9.69276e+06
1.04414e+08 9.97232e+06
1.04436e+08 9.96114e+06
1.04481e+08 1.00058e+07
1.0457e+08 9.96102e+06
1.04604e+08 9.99462e+06
1.04805e+08 1.01288e+07
1.04861e+08 1.00394e+07
1.13691e+08 1.08098e+07
1.13724e+08 1.07651e+07
1.13724e+08 1.07651e+07
1.13724e+08 1.07651e+07
1.13724e+08 1.07651e+07
1.13724e+08 1.07427e+07
1.1378e+08 1.07986e+07
1.1378e+08 1.07986e+07
1.1378e+08 1.07986e+07
1.1378e+08 1.07986e+07
1.15089e+08 1.06757e+07
1.15101e+08 1.06645e+07
1.15123e+08 1.06422e+07
1.15134e+08 1.05639e+07
1.15201e+08 1.05975e+07
1.15201e+08 1.05975e+07
1.15369e+08 1.05639e+07
1.15447e+08 1.05863e+07
1.24862e+08 1.11716e+07
1.24885e+08 1.11605e+07
1.24885e+08 1.11605e+07
1.24885e+08 1.11605e+07
1.24885e+08 1.11605e+07
1.24885e+08 1.11605e+07
1.24885e+08 1.11046e+07
1.24918e+08 1.11381e+07
1.24918e+08 1.11381e+07
1.24918e+08 1.11381e+07
1.26339e+08 1.12499e+07
1.26339e+08 1.12387e+07
1.26362e+08 1.12387e+07
1.26362e+08 1.12276e+07
1.2644e+08 1.12388e+07
1.2644e+08 1.12388e+07
1.26518e+08 1.11493e+07
1.26541e+08 1.11717e+07
1.26619e+08 1.11717e+07
1.36683e+08 1.18205e+07
1.36683e+08 1.17981e+07
1.36716e+08 1.18317e+07
1.36716e+08 1.18316e+07
1.36716e+08 1.18316e+07
1.36716e+08 1.18316e+07
1.36716e+08 1.18316e+07
1.36727e+08 1.18093e+07
1.3675e+08 1.18316e+07
1.36783e+08 1.18652e+07
1.38126e+08 1.17871e+07
1.38126e+08 1.17871e+07
1.38126e+08 1.17648e+07
1.38126e+08 1.17648e+07
1.38238e+08 1.17983e+07
1.38238e+08 1.17983e+07
1.38272e+08 1.17536e+07
1.38283e+08 1.17424e+07
1.38294e+08 1.17536e+07
1.38361e+08 1.17424e+07
1.49006e+08 1.23238e+07
1.49006e+08 1.23238e+07
1.49018e+08 1.23015e+07
1.49018e+08 1.23015e+07
1.49029e+08 1.23127e+07
1.49029e+08 1.23127e+07
1.49029e+08 1.23127e+07
1.49029e+08 1.23015e+07
1.49085e+08 1.2335e+07
1.49219e+08 1.24356e+07
1.50584e+08 1.24581e+07
1.50584e+08 1.2458e+07
1.50584e+08 1.2458e+07
1.50584e+08 1.2458e+07
1.50752e+08 1.2514e+07
1.50752e+08 1.2514e+07
1.50763e+08 1.24916e+07
1.50797e+08 1.2514e+07
1.50797e+08 1.25028e+07
1.50842e+08 1.24804e+07
1.50842e+08 1.24804e+07
1.62276e+08 1.32697e+07
1.62276e+08 1.32697e+07
1.62276e+08 1.32585e+07
1.62276e+08 1.32585e+07
1.62287e+08 1.32585e+07
1.62287e+08 1.32585e+07
1.62287e+08 1.32585e+07
1.62287e+08 1.32585e+07
1.62343e+08 1.32585e+07
1.62489e+08 1.32698e+07
1.63776e+08 1.31915e+07
1.63798e+08 1.32139e+07
1.63798e+08 1.32139e+07
1.63798e+08 1.32139e+07
1.63955e+08 1.32028e+07
1.63966e+08 1.3214e+07
1.63966e+08 1.32028e+07
1.64e+08 1.32028e+07
1.64e+08 1.32028e+07
1.64e+08 1.31581e+07
1.64e+08 1.31581e+07
1.64e+08 1.31581e+07
1.75354e+08 1.30783e+07
1.75354e+08 1.30783e+07
1.75354e+08 1.30783e+07
1.75354e+08 1.30783e+07
1.75354e+08 1.30671e+07
1.75354e+08 1.30671e+07
1.75366e+08 1.30783e+07
1.75366e+08 1.30783e+07
1.75388e+08 1.30447e+07
1.755e+08 1.30112e+07
1.76877e+08 1.31006e+07
1.76921e+08 1.3123e+07
1.76933e+08 1.31342e+07
1.76933e+08 1.31342e+07
1.77123e+08 1.31676e+07
1.77134e+08 1.31677e+07
1.77134e+08 1.31677e+07
1.77134e+08 1.31341e+07
1.77134e+08 1.31341e+07
1.77134e+08 1.31341e+07
1.77145e+08 1.31453e+07
1.77167e+08 1.31677e+07
1.89065e+08 1.37103e+07
1.89065e+08 1.37103e+07
1.89065e+08 1.37103e+07
1.89065e+08 1.37103e+07
1.89076e+08 1.37215e+07
1.89087e+08 1.37327e+07
1.89087e+08 1.37327e+07
1.89154e+08 1.37886e+07
1.89166e+08 1.37998e+07
1.89188e+08 1.37998e+07
1.89233e+08 1.37327e+07
1.90643e+08 1.37663e+07
1.90654e+08 1.37328e+07
1.90699e+08 1.37664e+07
1.9071e+08 1.37775e+07
1.90878e+08 1.37551e+07
1.90923e+08 1.37887e+07
1.90923e+08 1.37887e+07
1.90923e+08 1.37887e+07
1.90923e+08 1.37887e+07
1.90934e+08 1.37999e+07
1.90934e+08 1.37887e+07
1.90945e+08 1.37775e+07
2.0332e+08 1.42549e+07
2.03331e+08 1.42661e+07
2.03331e+08 1.42661e+07
2.03331e+08 1.42661e+07
2.03331e+08 1.42662e+07
2.03331e+08 1.4255e+07
2.03398e+08 1.43109e+07
2.03398e+08 1.43109e+07
2.0342e+08 1.42662e+07
2.03432e+08 1.42662e+07
2.03432e+08 1.42438e+07
2.03476e+08 1.42438e+07
2.05021e+08 1.4378e+07
2.05032e+08 1.4378e+07
2.05055e+08 1.43556e+07
2.05055e+08 1.43445e+07
2.05245e+08 1.43669e+07
2.05289e+08 1.43669e+07
2.05289e+08 1.43669e+07
2.05289e+08 1.43669e+07
2.05289e+08 1.43669e+07
2.0529e+08 1.43557e+07
2.05301e+08 1.43669e+07
2.05301e+08 1.43557e+07
2.18115e+08 1.47951e+07
2.18148e+08 1.48175e+07
2.18171e+08 1.48398e+07
2.18171e+08 1.48399e+07
2.18171e+08 1.48399e+07
2.18193e+08 1.48622e+07
2.18193e+08 1.48622e+07
2.18216e+08 1.48175e+07
2.18227e+08 1.48286e+07
2.18249e+08 1.48286e+07
2.1826e+08 1.48286e+07
2.18294e+08 1.48622e+07
2.18316e+08 1.48398e+07
2.1995e+08 1.49294e+07
2.19961e+08 1.49294e+07
2.19973e+08 1.49182e+07
2.19984e+08 1.49294e+07
2.20107e+08 1.48623e+07
2.20152e+08 1.48622e+07
2.20152e+08 1.48623e+07
2.20174e+08 1.48846e+07
2.20174e+08 1.48846e+07
2.20174e+08 1.48846e+07
2.20241e+08 1.49405e+07
2.20241e+08 1.49405e+07
2.33525e+08 1.54104e+07
2.33536e+08 1.53881e+07
2.3357e+08 1.53993e+07
2.33592e+08 1.54216e+07
2.33592e+08 1.54216e+07
2.33615e+08 1.5444e+07
2.33626e+08 1.54328e+07
2.33626e+08 1.54328e+07
2.33637e+08 1.54216e+07
2.33637e+08 1.54104e+07
2.33693e+08 1.5444e+07
2.33715e+08 1.54552e+07
2.33749e+08 1.54552e+07
2.33749e+08 1.54328e+07
2.35394e+08 1.54441e+07
2.35439e+08 1.54776e+07
2.35461e+08 1.54888e+07
2.35484e+08 1.55e+07
2.35529e+08 1.54217e+07
2.35529e+08 1.5377e+07
2.35629e+08 1.54776e+07
2.35641e+08 1.54664e+07
2.35641e+08 1.54664e+07
2.35685e+08 1.55112e+07
2.35752e+08 1.55112e+07
2.35752e+08 1.55112e+07
2.49461e+08 1.59361e+07
2.49562e+08 1.60255e+07
2.49596e+08 1.60255e+07
2.49596e+08 1.60031e+07
2.49596e+08 1.60031e+07
2.49607e+08 1.59919e+07
2.49607e+08 1.59808e+07
2.49618e+08 1.5992e+07
2.4964e+08 1.60143e+07
2.49651e+08 1.60143e+07
2.49651e+08 1.60143e+07
2.49719e+08 1.60255e+07
2.49719e+08 1.60031e+07
2.49786e+08 1.60367e+07
2.49808e+08 1.6059e+07
2.51498e+08 1.61039e+07
2.51509e+08 1.60703e+07
2.51509e+08 1.60479e+07
2.51509e+08 1.60256e+07
2.51509e+08 1.59808e+07
2.51565e+08 1.60367e+07
2.51722e+08 1.60927e+07
2.51733e+08 1.60927e+07
2.51733e+08 1.60927e+07
2.51756e+08 1.60703e+07
2.51823e+08 1.60704e+07
2.51856e+08 1.61039e+07
2.66103e+08 1.66422e+07
2.66148e+08 1.65863e+07
2.66171e+08 1.65751e+07
2.66171e+08 1.65751e+07
2.66171e+08 1.65751e+07
2.66182e+08 1.65752e+07
2.66193e+08 1.65863e+07
2.66193e+08 1.65752e+07
2.66193e+08 1.65752e+07
2.66204e+08 1.6564e+07
2.66204e+08 1.65528e+07
2.66204e+08 1.65528e+07
2.66249e+08 1.65304e+07
2.6626e+08 1.65416e+07
2.66428e+08 1.66422e+07
2.66517e+08 1.67093e+07
2.68241e+08 1.67429e+07
2.68252e+08 1.6743e+07
2.68252e+08 1.6743e+07
2.68252e+08 1.67429e+07
2.68264e+08 1.67541e+07
2.68286e+08 1.67205e+07
2.68454e+08 1.67317e+07
2.68476e+08 1.6743e+07
2.68476e+08 1.6743e+07
2.68499e+08 1.6743e+07
2.68633e+08 1.681e+07
2.68633e+08 1.67764e+07
2.83339e+08 1.72352e+07
2.83361e+08 1.72127e+07
2.83361e+08 1.71904e+07
2.83361e+08 1.71904e+07
2.83361e+08 1.71904e+07
2.83395e+08 1.72128e+07
2.83395e+08 1.72017e+07
2.83395e+08 1.72017e+07
2.83395e+08 1.72017e+07
2.83395e+08 1.71905e+07
2.83417e+08 1.72129e+07
2.83417e+08 1.72129e+07
2.83417e+08 1.72129e+07
2.83417e+08 1.71682e+07
2.83462e+08 1.72017e+07
2.83574e+08 1.71458e+07
2.83574e+08 1.70564e+07
2.85521e+08 1.728e+07
2.85532e+08 1.72799e+07
2.85544e+08 1.72912e+07
2.85544e+08 1.72912e+07
2.85555e+08 1.72912e+07
2.85555e+08 1.72688e+07
2.85745e+08 1.72912e+07
2.85823e+08 1.73471e+07
2.85823e+08 1.73471e+07
2.8589e+08 1.73918e+07
2.85902e+08 1.72689e+07
2.85902e+08 1.72689e+07
3.01299e+08 1.79601e+07
3.01299e+08 1.79377e+07
3.01299e+08 1.79377e+07
3.01299e+08 1.79377e+07
3.01299e+08 1.79377e+07
3.01321e+08 1.79264e+07
3.01332e+08 1.79376e+07
3.01332e+08 1.79376e+07
3.01332e+08 1.79376e+07
3.01344e+08 1.79488e+07
3.01377e+08 1.796e+07
3.01377e+08 1.796e+07
3.01377e+08 1.796e+07
3.01377e+08 1.796e+07
3.01377e+08 1.796e+07
3.01523e+08 1.80607e+07
3.01556e+08 1.79824e+07
3.01579e+08 1.80047e+07
3.03537e+08 1.8016e+07
3.03537e+08 1.80049e+07
3.03537e+08 1.79937e+07
3.03537e+08 1.79937e+07
3.03548e+08 1.79937e+07
3.03548e+08 1.79937e+07
3.03716e+08 1.79713e+07
3.03839e+08 1.80159e+07
3.03839e+08 1.80159e+07
3.03873e+08 1.79825e+07
3.0394e+08 1.80385e+07
3.0394e+08 1.80385e+07
3.19912e+08 1.86134e+07
3.19912e+08 1.86134e+07
3.19912e+08 1.86134e+07
3.19912e+08 1.86134e+07
3.19912e+08 1.86134e+07
3.19934e+08 1.86133e+07
3.19957e+08 1.86245e+07
3.19957e+08 1.86245e+07
3.19957e+08 1.86245e+07
3.19979e+08 1.86356e+07
3.20069e+08 1.86915e+07
3.2008e+08 1.87027e+07
3.20113e+08 1.87362e+07
3.20113e+08 1.87362e+07
3.20125e+08 1.87474e+07
3.20125e+08 1.87475e+07
3.20169e+08 1.86468e+07
3.20181e+08 1.86245e+07
3.20181e+08 1.86021e+07
3.22173e+08 1.86358e+07
3.22173e+08 1.86358e+07
3.22173e+08 1.86358e+07
3.22173e+08 1.86358e+07
3.22184e+08 1.86358e+07
3.22184e+08 1.86358e+07
3.22341e+08 1.86246e+07
3.22475e+08 1.86357e+07
3.22475e+08 1.86357e+07
3.22531e+08 1.86581e+07
3.22632e+08 1.86916e+07
3.22632e+08 1.86916e+07
3.38997e+08 1.90847e+07
3.38997e+08 1.90847e+07
3.39008e+08 1.90959e+07
3.39008e+08 1.90959e+07
3.39019e+08 1.91071e+07
3.3903e+08 1.90959e+07
3.39041e+08 1.90847e+07
3.39042e+08 1.90847e+07
3.39042e+08 1.90847e+07
3.39064e+08 1.90847e+07
3.39097e+08 1.90288e+07
3.39097e+08 1.90176e+07
3.39097e+08 1.89841e+07
3.39097e+08 1.89841e+07
3.39097e+08 1.89841e+07
3.39097e+08 1.89729e+07
3.39142e+08 1.90177e+07
3.39187e+08 1.90177e+07
3.39209e+08 1.90289e+07
3.39232e+08 1.90512e+07
3.4118e+08 1.90066e+07
3.4118e+08 1.90066e+07
3.4118e+08 1.90066e+07
3.4118e+08 1.90066e+07
3.41202e+08 1.90178e+07
3.41202e+08 1.90178e+07
3.41347e+08 1.90066e+07
3.41403e+08 1.89284e+07
3.41403e+08 1.89284e+07
3.41538e+08 1.90066e+07
3.41616e+08 1.89842e+07
3.41616e+08 1.89842e+07
3.58693e+08 1.96959e+07
3.58693e+08 1.96959e+07
3.58693e+08 1.96848e+07
3.58693e+08 1.96848e+07
3.58693e+08 1.96736e+07
3.58693e+08 1.96624e+07
3.58693e+08 1.96512e+07
3.58704e+08 1.96625e+07
3.58704e+08 1.96625e+07
3.58715e+08 1.96513e+07
3.58726e+08 1.96289e+07
3.58726e+08 1.96289e+07
3.58726e+08 1.96289e+07
3.58726e+08 1.96289e+07
3.58726e+08 1.96289e+07
3.58726e+08 1.96289e+07
3.58726e+08 1.96289e+07
3.58827e+08 1.96847e+07
3.58883e+08 1.9696e+07
3.58883e+08 1.96736e+07
3.58939e+08 1.97072e+07
3.60853e+08 1.96737e+07
3.60853e+08 1.96737e+07
3.60853e+08 1.96737e+07
3.60853e+08 1.96737e+07
3.60853e+08 1.96513e+07
3.60853e+08 1.96513e+07
3.61032e+08 1.96849e+07
3.61077e+08 1.96737e+07
3.61077e+08 1.96737e+07
3.61267e+08 1.97296e+07
3.61301e+08 1.96849e+07
3.61301e+08 1.96849e+07
3.78881e+08 2.0188e+07
3.78881e+08 2.0188e+07
3.78892e+08 2.01991e+07
3.78892e+08 2.01991e+07
3.78914e+08 2.02215e+07
3.78914e+08 2.02215e+07
3.78925e+08 2.02327e+07
3.78959e+08 2.0255e+07
3.78959e+08 2.0255e+07
3.78959e+08 2.02438e+07
3.78993e+08 2.02662e+07
3.78993e+08 2.02662e+07
3.78993e+08 2.02662e+07
3.78993e+08 2.02662e+07
3.78993e+08 2.02662e+07
3.78993e+08 2.02662e+07
3.78993e+08 2.02662e+07
3.78993e+08 2.02662e+07
3.79071e+08 2.02438e+07
3.79093e+08 2.02102e+07
3.79093e+08 2.02102e+07
3.79149e+08 2.02102e+07
3.81097e+08 2.02439e+07
3.81097e+08 2.02439e+07
3.81097e+08 2.02439e+07
3.81097e+08 2.02439e+07
3.81097e+08 2.0244e+07
3.81097e+08 2.0244e+07
3.81288e+08 2.02551e+07
3.81288e+08 2.02104e+07
3.8131e+08 2.02327e+07
3.81511e+08 2.02439e+07
3.81545e+08 2.02439e+07
3.81567e+08 2.02663e+07
3.9952e+08 2.06393e+07
3.99553e+08 2.06728e+07
3.99565e+08 2.06728e+07
3.99565e+08 2.06728e+07
3.99576e+08 2.06617e+07
3.99587e+08 2.06728e+07
3.99587e+08 2.06617e+07
3.99654e+08 2.06952e+07
3.99654e+08 2.06952e+07
3.99654e+08 2.06952e+07
3.99665e+08 2.06729e+07
3.99665e+08 2.06729e+07
3.99677e+08 2.0684e+07
3.99688e+08 2.06952e+07
3.99688e+08 2.06952e+07
3.99688e+08 2.06952e+07
3.99699e+08 2.07064e+07
3.99699e+08 2.07064e+07
3.99699e+08 2.06281e+07
3.99699e+08 2.06281e+07
3.99744e+08 2.06505e+07
3.99766e+08 2.06728e+07
3.99788e+08 2.06393e+07
4.01893e+08 2.07959e+07
4.01893e+08 2.07959e+07
4.01893e+08 2.07959e+07
4.01893e+08 2.07959e+07
4.01893e+08 2.07959e+07
4.01893e+08 2.07959e+07
4.02072e+08 2.07847e+07
4.02072e+08 2.07847e+07
4.02072e+08 2.07624e+07
4.02207e+08 2.06953e+07
4.02341e+08 2.07959e+07
4.02341e+08 2.07736e+07
4.20768e+08 2.1248e+07
4.20768e+08 2.12144e+07
4.20768e+08 2.12033e+07
4.20768e+08 2.12033e+07
4.20779e+08 2.12033e+07
4.20813e+08 2.12256e+07
4.20869e+08 2.12815e+07
4.2088e+08 2.12256e+07
4.20891e+08 2.12368e+07
4.20891e+08 2.12368e+07
4.20891e+08 2.12256e+07
4.20891e+08 2.12256e+07
4.20891e+08 2.12145e+07
4.20891e+08 2.12033e+07
4.20891e+08 2.12033e+07
4.20891e+08 2.12033e+07
4.20891e+08 2.11921e+07
4.20902e+08 2.12033e+07
4.20947e+08 2.1248e+07
4.20958e+08 2.12592e+07
4.20958e+08 2.12592e+07
4.21003e+08 2.12591e+07
4.21036e+08 2.12703e+07
4.21126e+08 2.13374e+07
4.23208e+08 2.13152e+07
4.23208e+08 2.13152e+07
4.23208e+08 2.13152e+07
4.23208e+08 2.13152e+07
4.23264e+08 2.13711e+07
4.23264e+08 2.13711e+07
4.2341e+08 2.13376e+07
4.23421e+08 2.13488e+07
4.23421e+08 2.13488e+07
4.23533e+08 2.13263e+07
4.23712e+08 2.13711e+07
4.23712e+08 2.13711e+07
4.42535e+08 2.17671e+07
4.42591e+08 2.1823e+07
4.42602e+08 2.18342e+07
4.42625e+08 2.18566e+07
4.42625e+08 2.18454e+07
4.42647e+08 2.18342e+07
4.4268e+08 2.18118e+07
4.42725e+08 2.18454e+07
4.42736e+08 2.18454e+07
4.42748e+08 2.18566e+07
4.42748e+08 2.18566e+07
4.42748e+08 2.18566e+07
4.42748e+08 2.18566e+07
4.42759e+08 2.18678e+07
4.42759e+08 2.18678e+07
4.42759e+08 2.18678e+07
4.42759e+08 2.18678e+07
4.42759e+08 2.18566e+07
4.4277e+08 2.18231e+07
4.4277e+08 2.18119e+07
4.42792e+08 2.18342e+07
4.42792e+08 2.17895e+07
4.42815e+08 2.18119e+07
4.42815e+08 2.17784e+07
4.42893e+08 2.17672e+07
4.45143e+08 2.19349e+07
4.45177e+08 2.19685e+07
4.45177e+08 2.19685e+07
4.45177e+08 2.19685e+07
4.45255e+08 2.19909e+07
4.45255e+08 2.19909e+07
4.4539e+08 2.19797e+07
4.4539e+08 2.19685e+07
4.4539e+08 2.19685e+07
4.45468e+08 2.1935e+07
4.45725e+08 2.20132e+07
4.45759e+08 2.20467e+07
4.6509e+08 2.25553e+07
4.65124e+08 2.2533e+07
4.65146e+08 2.25442e+07
4.65247e+08 2.26224e+07
4.65247e+08 2.26224e+07
4.65258e+08 2.26112e+07
4.65269e+08 2.25889e+07
4.65281e+08 2.25553e+07
4.65292e+08 2.25553e+07
4.65292e+08 2.25442e+07
4.65292e+08 2.25442e+07
4.65303e+08 2.25554e+07
4.65437e+08 2.26895e+07
4.65504e+08 2.27454e+07
4.65504e+08 2.27454e+07
4.65504e+08 2.27454e+07
4.65504e+08 2.27454e+07
4.65504e+08 2.27454e+07
4.65527e+08 2.27565e+07
4.6556e+08 2.27901e+07
4.65571e+08 2.27789e+07
4.65605e+08 2.28124e+07
4.65605e+08 2.27901e+07
4.65627e+08 2.28124e+07
4.65638e+08 2.28236e+07
4.65661e+08 2.27678e+07
4.6771e+08 2.25666e+07
4.67799e+08 2.26226e+07
4.67799e+08 2.26226e+07
4.67811e+08 2.26338e+07
4.67844e+08 2.2589e+07
4.67844e+08 2.2589e+07
4.68012e+08 2.26225e+07
4.68012e+08 2.26225e+07
4.68012e+08 2.26225e+07
4.68068e+08 2.26002e+07
4.68471e+08 2.27455e+07
4.68515e+08 2.27567e+07
4.88066e+08 2.29757e+07
4.88167e+08 2.30428e+07
4.88211e+08 2.30651e+07
4.88301e+08 2.3054e+07
4.88301e+08 2.3054e+07
4.88301e+08 2.30429e+07
4.88301e+08 2.30317e+07
4.88323e+08 2.30428e+07
4.88469e+08 2.31769e+07
4.88469e+08 2.31769e+07
4.88502e+08 2.32105e+07
4.88513e+08 2.32105e+07
4.88536e+08 2.30987e+07
4.88547e+08 2.30428e+07
4.88581e+08 2.30764e+07
4.88592e+08 2.30875e+07
4.88614e+08 2.31099e+07
4.88614e+08 2.31099e+07
4.88625e+08 2.30987e+07
4.88636e+08 2.30764e+07
4.88659e+08 2.30876e+07
4.88659e+08 2.3054e+07
4.88659e+08 2.3054e+07
4.88659e+08 2.30317e+07
4.8867e+08 2.30428e+07
4.8867e+08 2.30317e+07
4.88681e+08 2.30205e+07
4.90652e+08 2.29423e+07
4.9082e+08 2.30206e+07
4.90842e+08 2.3043e+07
4.90865e+08 2.30542e+07
4.90921e+08 2.30765e+07
4.90921e+08 2.30765e+07
4.91133e+08 2.31212e+07
4.91156e+08 2.31435e+07
4.912e+08 2.31883e+07
4.912e+08 2.31324e+07
4.91592e+08 2.31212e+07
4.91636e+08 2.31212e+07
5.1187e+08 2.38035e+07
5.11881e+08 2.3714e+07
5.11959e+08 2.37475e+07
5.1216e+08 2.38593e+07
5.12205e+08 2.3904e+07
5.1225e+08 2.39487e+07
5.1225e+08 2.39487e+07
5.1225e+08 2.39264e+07
5.12317e+08 2.38481e+07
5.12317e+08 2.38481e+07
5.12328e+08 2.38258e+07
5.12339e+08 2.38258e+07
5.1235e+08 2.38146e+07
5.12362e+08 2.38146e+07
5.12362e+08 2.37811e+07
5.12362e+08 2.37699e+07
5.12362e+08 2.37476e+07
5.12362e+08 2.37476e+07
5.12362e+08 2.37364e+07
5.12418e+08 2.37811e+07
5.12418e+08 2.37587e+07
5.12418e+08 2.37587e+07
5.12418e+08 2.37587e+07
5.12418e+08 2.37587e+07
5.12418e+08 2.37476e+07
5.12418e+08 2.37476e+07
5.12418e+08 2.37476e+07
5.12418e+08 2.37364e+07
5.14445e+08 2.37925e+07
5.14579e+08 2.37589e+07
5.14579e+08 2.37365e+07
5.14657e+08 2.37924e+07
5.1468e+08 2.37588e+07
5.14735e+08 2.38147e+07
5.15004e+08 2.38706e+07
5.15082e+08 2.39265e+07
5.15105e+08 2.39041e+07
5.15105e+08 2.39041e+07
5.15384e+08 2.37924e+07
5.1544e+08 2.38036e+07
5.36265e+08 2.43958e+07
5.36265e+08 2.43846e+07
5.36265e+08 2.43063e+07
5.36433e+08 2.42727e+07
5.36444e+08 2.42392e+07
5.36567e+08 2.43175e+07
5.36567e+08 2.43176e+07
5.36567e+08 2.43176e+07
5.36657e+08 2.43399e+07
5.36668e+08 2.43511e+07
5.3669e+08 2.43623e+07
5.36724e+08 2.43846e+07
5.36724e+08 2.43734e+07
5.36724e+08 2.43623e+07
5.36724e+08 2.43623e+07
5.36724e+08 2.43623e+07
5.36735e+08 2.43734e+07
5.36735e+08 2.43734e+07
5.36735e+08 2.43734e+07
5.36735e+08 2.43176e+07
5.36735e+08 2.43176e+07
5.36769e+08 2.43511e+07
5.3678e+08 2.43623e+07
5.3678e+08 2.43623e+07
5.3678e+08 2.43623e+07
5.3678e+08 2.43623e+07
5.3678e+08 2.43623e+07
5.3678e+08 2.43623e+07
5.3678e+08 2.43623e+07
5.38841e+08 2.43959e+07
5.38964e+08 2.43847e+07
5.38964e+08 2.43847e+07
5.39008e+08 2.43512e+07
5.39031e+08 2.43512e+07
5.39087e+08 2.43512e+07
5.395e+08 2.44965e+07
5.39534e+08 2.44517e+07
5.39534e+08 2.44294e+07
5.3959e+08 2.44853e+07
5.39836e+08 2.44518e+07
5.39858e+08 2.44183e+07
5.61396e+08 2.51304e+07
5.61407e+08 2.51416e+07
5.61407e+08 2.51416e+07
5.61418e+08 2.49851e+07
5.61418e+08 2.49739e+07
5.61631e+08 2.50634e+07
5.61631e+08 2.50634e+07
5.61642e+08 2.50745e+07
5.61675e+08 2.50186e+07
5.61698e+08 2.50298e+07
5.61709e+08 2.50187e+07
5.61709e+08 2.49852e+07
5.61709e+08 2.49851e+07
5.61709e+08 2.49851e+07
5.61709e+08 2.49851e+07
5.61709e+08 2.49851e+07
5.61709e+08 2.4974e+07
5.61709e+08 2.4974e+07
5.61709e+08 2.4974e+07
5.61709e+08 2.4974e+07
5.6172e+08 2.49852e+07
5.6172e+08 2.49516e+07
5.6172e+08 2.49404e+07
5.6172e+08 2.49404e+07
5.6172e+08 2.49405e+07
5.6172e+08 2.49405e+07
5.6172e+08 2.49405e+07
5.6172e+08 2.49405e+07
5.6172e+08 2.49404e+07
5.6172e+08 2.49405e+07
5.63826e+08 2.49852e+07
5.63926e+08 2.49629e+07
5.63949e+08 2.49852e+07
5.63982e+08 2.4974e+07
5.63982e+08 2.49517e+07
5.64038e+08 2.49517e+07
5.64407e+08 2.49069e+07
5.64441e+08 2.49069e+07
5.64486e+08 2.49516e+07
5.64553e+08 2.49628e+07
5.64843e+08 2.50076e+07
5.64989e+08 2.51305e+07
5.8698e+08 2.55848e+07
5.86992e+08 2.55848e+07
5.86992e+08 2.55848e+07
5.86992e+08 2.55736e+07
5.86992e+08 2.55736e+07
5.87193e+08 2.55624e+07
5.87215e+08 2.55848e+07
5.87227e+08 2.55848e+07
5.87227e+08 2.55513e+07
5.8726e+08 2.55624e+07
5.87271e+08 2.55624e+07
5.87271e+08 2.55624e+07
5.87271e+08 2.55624e+07
5.87271e+08 2.55624e+07
5.87271e+08 2.55624e+07
5.87283e+08 2.55736e+07
5.87283e+08 2.55736e+07
5.87283e+08 2.55736e+07
5.87283e+08 2.55736e+07
5.87283e+08 2.55736e+07
5.87283e+08 2.55624e+07
5.87283e+08 2.55624e+07
5.87283e+08 2.55624e+07
5.87294e+08 2.55737e+07
5.87316e+08 2.5596e+07
5.87316e+08 2.5596e+07
5.87316e+08 2.5596e+07
5.87316e+08 2.5596e+07
5.87316e+08 2.5596e+07
5.87316e+08 2.5596e+07
5.87316e+08 2.5596e+07
5.89489e+08 2.56631e+07
5.89645e+08 2.5719e+07
5.89645e+08 2.56966e+07
5.89645e+08 2.56631e+07
5.89645e+08 2.56631e+07
5.89713e+08 2.56743e+07
5.90003e+08 2.5596e+07
5.90015e+08 2.55737e+07
5.90026e+08 2.55401e+07
5.90104e+08 2.55513e+07
5.90618e+08 2.57749e+07
5.90764e+08 2.57749e+07
6.1333e+08 2.635e+07
6.13353e+08 2.63612e+07
6.13353e+08 2.63612e+07
6.13364e+08 2.63724e+07
6.13398e+08 2.64059e+07
6.1351e+08 2.63167e+07
6.1351e+08 2.62943e+07
6.13521e+08 2.62943e+07
6.13521e+08 2.62943e+07
6.13532e+08 2.6272e+07
6.13532e+08 2.62608e+07
6.13543e+08 2.6272e+07
6.13543e+08 2.6272e+07
6.13543e+08 2.6272e+07
6.13543e+08 2.6272e+07
6.13543e+08 2.62608e+07
6.13543e+08 2.62608e+07
6.13543e+08 2.62608e+07
6.13544e+08 2.62608e+07
6.13544e+08 2.62608e+07
6.13544e+08 2.62608e+07
6.13544e+08 2.62608e+07
6.13544e+08 2.62608e+07
6.13566e+08 2.62719e+07
6.13566e+08 2.62496e+07
6.13566e+08 2.62496e+07
6.13566e+08 2.62496e+07
6.13566e+08 2.62496e+07
6.13566e+08 2.62496e+07
6.13566e+08 2.62496e+07
6.13566e+08 2.62496e+07
6.15347e+08 2.58581e+07
6.15347e+08 2.58581e+07
6.15358e+08 2.57127e+07
6.15358e+08 2.57127e+07
6.15358e+08 2.57127e+07
6.15358e+08 2.57127e+07
6.15358e+08 2.56456e+07
6.15392e+08 2.53883e+07
6.15392e+08 2.53772e+07
6.15392e+08 2.5366e+07
6.15392e+08 2.52877e+07
6.15492e+08 2.4874e+07
6.15504e+08 2.47398e+07
6.16713e+08 3.38262e+06
6.16713e+08 3.36026e+06
6.16713e+08 3.36026e+06
