5.36342e+06 5.36253e+06
8.27396e+06 2.91054e+06
8.27812e+06 2.9147e+06
9.80241e+06 1.52844e+06
9.80241e+06 1.52429e+06
1.17443e+07 1.94186e+06
1.17879e+07 1.9855e+06
1.18326e+07 2.0302e+06
1.45362e+07 2.79189e+06
1.45362e+07 2.74828e+06
1.45362e+07 2.74829e+06
1.45476e+07 2.71498e+06
1.74272e+07 2.89101e+06
1.74384e+07 2.90216e+06
1.74384e+07 2.90216e+06
1.75283e+07 2.98067e+06
1.75283e+07 2.98069e+06
2.16596e+07 4.23244e+06
2.16596e+07 4.22126e+06
2.16596e+07 4.22126e+06
2.17609e+07 4.23261e+06
2.17609e+07 4.2326e+06
2.17609e+07 4.2326e+06
2.56966e+07 4.03696e+06
2.56966e+07 4.03696e+06
2.56966e+07 4.03696e+06
2.59318e+07 4.17095e+06
2.59318e+07 4.17095e+06
2.59319e+07 4.17098e+06
2.59319e+07 4.17099e+06
3.01909e+07 4.4943e+06
3.01909e+07 4.4943e+06
3.02021e+07 4.50548e+06
3.05157e+07 4.58383e+06
3.05157e+07 4.58383e+06
3.05493e+07 4.6174e+06
3.05493e+07 4.61741e+06
3.51405e+07 4.94966e+06
3.51629e+07 4.97204e+06
3.51629e+07 4.97205e+06
3.51853e+07 4.98322e+06
3.5499e+07 4.9833e+06
3.5499e+07 4.9833e+06
3.54991e+07 4.94986e+06
3.54991e+07 4.94985e+06
4.07654e+07 5.62484e+06
4.07766e+07 5.61368e+06
4.07766e+07 5.61369e+06
4.0799e+07 5.63609e+06
4.08102e+07 5.62491e+06
4.11687e+07 5.66974e+06
4.11687e+07 5.66974e+06
4.11689e+07 5.66978e+06
4.11689e+07 5.66978e+06
4.68498e+07 6.08438e+06
4.6861e+07 6.08438e+06
4.68722e+07 6.09557e+06
4.68834e+07 6.08441e+06
4.68834e+07 6.08442e+06
4.6917e+07 6.10679e+06
4.72978e+07 6.12912e+06
4.72978e+07 6.12912e+06
4.72982e+07 6.12925e+06
4.72982e+07 6.12925e+06
5.39764e+07 7.12665e+06
5.39876e+07 7.12663e+06
5.39988e+07 7.12668e+06
5.40548e+07 7.17137e+06
5.40548e+07 7.17137e+06
5.40548e+07 7.17137e+06
5.40772e+07 7.16021e+06
5.43352e+07 7.03741e+06
5.43352e+07 7.03741e+06
5.44585e+07 7.16036e+06
5.44585e+07 7.16036e+06
6.11627e+07 7.18625e+06
6.11627e+07 7.17509e+06
6.12522e+07 7.25335e+06
6.1297e+07 7.24217e+06
6.1297e+07 7.24217e+06
6.1297e+07 7.24217e+06
6.1297e+07 7.21979e+06
6.13194e+07 7.24216e+06
6.15662e+07 7.23097e+06
6.15662e+07 7.23097e+06
6.16897e+07 7.23116e+06
6.16897e+07 7.23116e+06
6.98001e+07 8.63746e+06
6.98001e+07 8.63744e+06
6.98674e+07 8.61516e+06
6.99233e+07 8.62631e+06
6.99233e+07 8.62631e+06
6.99233e+07 8.62631e+06
6.99457e+07 8.64868e+06
6.99457e+07 8.62632e+06
6.99457e+07 8.62633e+06
7.01703e+07 8.60407e+06
7.01703e+07 8.60407e+06
7.03162e+07 8.62645e+06
7.03162e+07 8.62646e+06
7.80936e+07 8.29347e+06
7.80936e+07 8.29347e+06
7.82503e+07 8.38295e+06
7.82503e+07 8.32704e+06
7.82503e+07 8.32706e+06
7.82727e+07 8.34943e+06
7.82727e+07 8.32706e+06
7.82839e+07 8.33824e+06
7.82839e+07 8.33824e+06
7.82839e+07 8.33824e+06
7.86315e+07 8.46124e+06
7.86315e+07 8.46124e+06
7.87999e+07 8.48372e+06
7.87999e+07 8.48375e+06
8.82263e+07 1.01327e+07
8.82375e+07 1.01439e+07
8.84276e+07 1.01773e+07
8.84276e+07 1.01773e+07
8.84277e+07 1.01773e+07
8.84501e+07 1.01774e+07
8.84725e+07 1.01997e+07
8.84726e+07 1.01887e+07
8.84726e+07 1.01887e+07
8.84726e+07 1.01887e+07
8.87194e+07 1.00879e+07
8.87195e+07 1.00879e+07
8.87307e+07 1.00991e+07
8.89662e+07 1.01663e+07
8.89663e+07 1.01663e+07
9.78772e+07 9.65092e+06
9.79332e+07 9.69564e+06
9.80003e+07 9.57268e+06
9.80003e+07 9.57268e+06
9.80227e+07 9.59499e+06
9.80227e+07 9.57266e+06
9.80339e+07 9.56147e+06
9.81012e+07 9.6286e+06
9.81124e+07 9.63979e+06
9.81124e+07 9.63979e+06
9.83145e+07 9.59502e+06
9.83145e+07 9.59502e+06
9.83257e+07 9.60622e+06
9.83481e+07 9.61741e+06
9.86956e+07 9.72937e+06
9.86956e+07 9.72937e+06
1.09178e+08 1.13007e+07
1.092e+08 1.12672e+07
1.092e+08 1.12001e+07
1.092e+08 1.12001e+07
1.092e+08 1.11778e+07
1.09212e+08 1.1189e+07
1.09212e+08 1.11778e+07
1.09301e+08 1.12001e+07
1.09313e+08 1.12001e+07
1.09324e+08 1.12113e+07
1.09515e+08 1.12002e+07
1.09515e+08 1.12002e+07
1.09515e+08 1.1189e+07
1.09526e+08 1.11778e+07
1.09526e+08 1.11778e+07
1.09929e+08 1.12339e+07
1.0993e+08 1.12339e+07
1.20254e+08 1.10761e+07
1.20254e+08 1.10537e+07
1.20254e+08 1.10537e+07
1.20254e+08 1.10538e+07
1.20265e+08 1.10649e+07
1.20277e+08 1.10649e+07
1.20277e+08 1.10649e+07
1.20355e+08 1.10538e+07
1.20355e+08 1.10426e+07
1.20366e+08 1.10426e+07
1.20624e+08 1.11097e+07
1.20647e+08 1.11321e+07
1.20647e+08 1.11321e+07
1.20669e+08 1.11432e+07
1.2068e+08 1.11544e+07
1.2068e+08 1.11544e+07
1.21391e+08 1.14615e+07
1.21526e+08 1.15967e+07
1.32338e+08 1.20836e+07
1.32338e+08 1.20836e+07
1.32338e+08 1.20836e+07
1.32349e+08 1.20948e+07
1.32349e+08 1.20836e+07
1.32394e+08 1.21172e+07
1.32427e+08 1.21507e+07
1.32461e+08 1.2106e+07
1.32461e+08 1.2106e+07
1.32472e+08 1.2106e+07
1.32753e+08 1.21284e+07
1.32764e+08 1.21172e+07
1.32764e+08 1.21172e+07
1.32764e+08 1.20948e+07
1.32764e+08 1.20837e+07
1.32775e+08 1.20949e+07
1.33334e+08 1.19433e+07
1.33347e+08 1.19557e+07
1.33547e+08 1.20205e+07
1.44595e+08 1.2257e+07
1.44595e+08 1.2257e+07
1.44595e+08 1.2257e+07
1.44606e+08 1.22571e+07
1.44606e+08 1.2257e+07
1.44606e+08 1.22123e+07
1.4464e+08 1.22123e+07
1.44696e+08 1.22347e+07
1.44696e+08 1.22347e+07
1.44696e+08 1.22236e+07
1.45099e+08 1.23465e+07
1.45099e+08 1.23353e+07
1.45099e+08 1.23353e+07
1.45099e+08 1.23353e+07
1.45099e+08 1.23353e+07
1.4511e+08 1.23353e+07
1.46028e+08 1.26942e+07
1.46051e+08 1.27043e+07
1.46076e+08 1.27294e+07
1.46412e+08 1.28648e+07
1.57681e+08 1.30863e+07
1.57681e+08 1.30863e+07
1.57681e+08 1.30864e+07
1.57704e+08 1.30975e+07
1.57715e+08 1.31087e+07
1.57737e+08 1.31311e+07
1.5776e+08 1.31199e+07
1.57782e+08 1.30864e+07
1.57782e+08 1.30864e+07
1.57816e+08 1.31199e+07
1.58219e+08 1.312e+07
1.58219e+08 1.312e+07
1.58219e+08 1.312e+07
1.5823e+08 1.31311e+07
1.5823e+08 1.31312e+07
1.5823e+08 1.312e+07
1.5897e+08 1.29416e+07
1.58981e+08 1.29303e+07
1.59026e+08 1.295e+07
1.59515e+08 1.31032e+07
1.59515e+08 1.31032e+07
1.7112e+08 1.34387e+07
1.7112e+08 1.34387e+07
1.7112e+08 1.34387e+07
1.71131e+08 1.34276e+07
1.71131e+08 1.34164e+07
1.71131e+08 1.3394e+07
1.71131e+08 1.33717e+07
1.71221e+08 1.34387e+07
1.71221e+08 1.34387e+07
1.71232e+08 1.34164e+07
1.71703e+08 1.34834e+07
1.71703e+08 1.34834e+07
1.71703e+08 1.34834e+07
1.71703e+08 1.34723e+07
1.71714e+08 1.34834e+07
1.71714e+08 1.34834e+07
1.72373e+08 1.34029e+07
1.72373e+08 1.33918e+07
1.72384e+08 1.33582e+07
1.72766e+08 1.32508e+07
1.72766e+08 1.32508e+07
1.72766e+08 1.32508e+07
1.84359e+08 1.32397e+07
1.84359e+08 1.32397e+07
1.84359e+08 1.32397e+07
1.84393e+08 1.3262e+07
1.84393e+08 1.3262e+07
1.84449e+08 1.33179e+07
1.84449e+08 1.33179e+07
1.84461e+08 1.32396e+07
1.84461e+08 1.32397e+07
1.84461e+08 1.32285e+07
1.84987e+08 1.32844e+07
1.84987e+08 1.32844e+07
1.84998e+08 1.32956e+07
1.84998e+08 1.32956e+07
1.84998e+08 1.32844e+07
1.85009e+08 1.32956e+07
1.85997e+08 1.36235e+07
1.85997e+08 1.36235e+07
1.86008e+08 1.36236e+07
1.86623e+08 1.38571e+07
1.86623e+08 1.38571e+07
1.86623e+08 1.38571e+07
1.98485e+08 1.41254e+07
1.98485e+08 1.41254e+07
1.98485e+08 1.41254e+07
1.98485e+08 1.41254e+07
1.98575e+08 1.41813e+07
1.98575e+08 1.41813e+07
1.98586e+08 1.41366e+07
1.98586e+08 1.41366e+07
1.98597e+08 1.41366e+07
1.98597e+08 1.41367e+07
1.98608e+08 1.41478e+07
1.99168e+08 1.41814e+07
1.9918e+08 1.41925e+07
1.99191e+08 1.41925e+07
1.99191e+08 1.41926e+07
1.99213e+08 1.42149e+07
1.99258e+08 1.42484e+07
2.00158e+08 1.41609e+07
2.00169e+08 1.41721e+07
2.00191e+08 1.41833e+07
2.0084e+08 1.42169e+07
2.0084e+08 1.42169e+07
2.0084e+08 1.42169e+07
2.13082e+08 1.45971e+07
2.13082e+08 1.45971e+07
2.13082e+08 1.45971e+07
2.13082e+08 1.45971e+07
2.13082e+08 1.45971e+07
2.1316e+08 1.4586e+07
2.13172e+08 1.45971e+07
2.13172e+08 1.45859e+07
2.13172e+08 1.45859e+07
2.13217e+08 1.46195e+07
2.13217e+08 1.46195e+07
2.13217e+08 1.46083e+07
2.139e+08 1.47313e+07
2.139e+08 1.47201e+07
2.139e+08 1.47089e+07
2.139e+08 1.47089e+07
2.13911e+08 1.46977e+07
2.13911e+08 1.4653e+07
2.1483e+08 1.46722e+07
2.14852e+08 1.46834e+07
2.14863e+08 1.46723e+07
2.15545e+08 1.47058e+07
2.15545e+08 1.47058e+07
2.15545e+08 1.47058e+07
2.28324e+08 1.52424e+07
2.28324e+08 1.52424e+07
2.28324e+08 1.52424e+07
2.28336e+08 1.52536e+07
2.28336e+08 1.52536e+07
2.28336e+08 1.52536e+07
2.28369e+08 1.5209e+07
2.28369e+08 1.51978e+07
2.28369e+08 1.51978e+07
2.2837e+08 1.51978e+07
2.28414e+08 1.51978e+07
2.28415e+08 1.51978e+07
2.28415e+08 1.51978e+07
2.29153e+08 1.52537e+07
2.29165e+08 1.52649e+07
2.29165e+08 1.52649e+07
2.29165e+08 1.52649e+07
2.29198e+08 1.52873e+07
2.29209e+08 1.52984e+07
2.29838e+08 1.50078e+07
2.29838e+08 1.49855e+07
2.2989e+08 1.50269e+07
2.30863e+08 1.53176e+07
2.30863e+08 1.53176e+07
2.30885e+08 1.534e+07
2.44112e+08 1.57871e+07
2.44112e+08 1.57872e+07
2.44112e+08 1.57872e+07
2.44112e+08 1.5776e+07
2.44145e+08 1.58095e+07
2.44145e+08 1.58095e+07
2.44156e+08 1.58207e+07
2.44179e+08 1.58095e+07
2.44179e+08 1.58095e+07
2.44179e+08 1.58095e+07
2.44179e+08 1.58095e+07
2.44224e+08 1.58095e+07
2.44224e+08 1.58095e+07
2.44258e+08 1.58431e+07
2.45108e+08 1.59549e+07
2.45108e+08 1.59437e+07
2.45108e+08 1.59437e+07
2.45108e+08 1.59437e+07
2.45131e+08 1.59325e+07
2.45131e+08 1.59214e+07
2.45815e+08 1.59774e+07
2.45815e+08 1.59774e+07
2.4586e+08 1.59695e+07
2.4633e+08 1.54666e+07
2.4633e+08 1.54666e+07
2.46363e+08 1.54777e+07
2.60551e+08 1.64391e+07
2.60562e+08 1.64503e+07
2.60584e+08 1.64727e+07
2.60584e+08 1.64727e+07
2.60584e+08 1.64392e+07
2.60584e+08 1.64392e+07
2.60596e+08 1.64392e+07
2.60596e+08 1.64392e+07
2.60618e+08 1.64392e+07
2.60618e+08 1.64392e+07
2.60618e+08 1.64392e+07
2.60618e+08 1.64392e+07
2.60663e+08 1.64392e+07
2.60663e+08 1.64392e+07
2.60719e+08 1.64616e+07
2.61592e+08 1.64839e+07
2.61592e+08 1.64839e+07
2.61592e+08 1.64839e+07
2.61592e+08 1.64839e+07
2.61615e+08 1.6484e+07
2.61615e+08 1.6484e+07
2.62386e+08 1.65708e+07
2.62386e+08 1.65708e+07
2.62386e+08 1.65261e+07
2.62771e+08 1.6441e+07
2.62771e+08 1.6441e+07
2.62791e+08 1.64282e+07
2.77627e+08 1.70765e+07
2.77627e+08 1.70654e+07
2.77638e+08 1.70542e+07
2.77638e+08 1.70542e+07
2.77638e+08 1.70542e+07
2.77639e+08 1.70542e+07
2.77672e+08 1.70766e+07
2.77683e+08 1.70878e+07
2.77683e+08 1.70878e+07
2.77728e+08 1.71101e+07
2.77728e+08 1.71101e+07
2.7774e+08 1.71213e+07
2.7774e+08 1.71213e+07
2.77829e+08 1.7166e+07
2.77829e+08 1.7166e+07
2.77829e+08 1.71102e+07
2.78725e+08 1.71325e+07
2.78725e+08 1.71326e+07
2.78725e+08 1.71326e+07
2.78725e+08 1.71326e+07
2.78747e+08 1.71326e+07
2.78747e+08 1.71326e+07
2.79594e+08 1.72078e+07
2.79594e+08 1.72078e+07
2.79594e+08 1.72078e+07
2.80002e+08 1.72315e+07
2.80024e+08 1.72538e+07
2.80092e+08 1.73002e+07
2.95352e+08 1.77251e+07
2.95386e+08 1.77586e+07
2.95386e+08 1.77474e+07
2.95386e+08 1.77474e+07
2.95386e+08 1.77474e+07
2.95397e+08 1.77586e+07
2.95397e+08 1.77251e+07
2.95397e+08 1.7714e+07
2.95397e+08 1.7714e+07
2.95465e+08 1.77363e+07
2.95465e+08 1.77363e+07
2.95465e+08 1.77363e+07
2.95498e+08 1.77586e+07
2.95498e+08 1.77586e+07
2.95577e+08 1.77475e+07
2.95577e+08 1.77475e+07
2.95745e+08 1.79151e+07
2.96495e+08 1.77699e+07
2.96495e+08 1.77699e+07
2.96495e+08 1.77699e+07
2.96506e+08 1.7781e+07
2.96517e+08 1.77699e+07
2.96517e+08 1.77699e+07
2.9738e+08 1.77866e+07
2.9738e+08 1.77866e+07
2.97402e+08 1.78089e+07
2.97764e+08 1.77617e+07
2.97764e+08 1.77394e+07
2.97853e+08 1.77617e+07
3.13707e+08 1.83543e+07
3.13707e+08 1.83207e+07
3.13707e+08 1.83207e+07
3.13707e+08 1.83207e+07
3.13707e+08 1.83207e+07
3.13718e+08 1.83207e+07
3.13718e+08 1.83207e+07
3.1374e+08 1.83431e+07
3.1374e+08 1.83431e+07
3.1383e+08 1.83654e+07
3.1383e+08 1.83654e+07
3.1383e+08 1.83654e+07
3.1383e+08 1.83654e+07
3.13875e+08 1.83766e+07
3.13875e+08 1.83766e+07
3.14177e+08 1.86001e+07
3.14177e+08 1.86001e+07
3.14222e+08 1.84772e+07
3.14871e+08 1.83767e+07
3.14882e+08 1.83878e+07
3.14882e+08 1.83878e+07
3.14882e+08 1.83766e+07
3.14894e+08 1.83767e+07
3.14894e+08 1.83768e+07
3.15696e+08 1.83155e+07
3.15696e+08 1.83155e+07
3.15729e+08 1.83267e+07
3.16428e+08 1.86645e+07
3.16428e+08 1.86645e+07
3.16451e+08 1.85974e+07
3.32718e+08 1.90111e+07
3.32718e+08 1.90111e+07
3.32729e+08 1.90223e+07
3.3274e+08 1.90334e+07
3.3274e+08 1.90334e+07
3.3274e+08 1.90222e+07
3.32751e+08 1.90334e+07
3.32763e+08 1.90223e+07
3.32763e+08 1.90223e+07
3.32785e+08 1.89552e+07
3.32796e+08 1.89664e+07
3.32796e+08 1.89664e+07
3.32796e+08 1.89664e+07
3.32796e+08 1.89664e+07
3.32841e+08 1.89664e+07
3.32886e+08 1.90111e+07
3.33221e+08 1.90446e+07
3.33221e+08 1.90446e+07
3.33255e+08 1.90335e+07
3.33927e+08 1.90558e+07
3.33927e+08 1.90447e+07
3.33927e+08 1.90447e+07
3.33927e+08 1.90447e+07
3.3395e+08 1.9056e+07
3.3395e+08 1.90559e+07
3.34567e+08 1.88718e+07
3.3459e+08 1.88942e+07
3.34601e+08 1.88722e+07
3.3533e+08 1.89017e+07
3.35352e+08 1.8924e+07
3.35442e+08 1.89911e+07
3.52022e+08 1.93043e+07
3.52033e+08 1.93155e+07
3.52033e+08 1.93043e+07
3.52044e+08 1.93043e+07
3.52044e+08 1.93043e+07
3.52056e+08 1.93155e+07
3.52056e+08 1.93043e+07
3.52089e+08 1.93266e+07
3.52123e+08 1.93602e+07
3.52279e+08 1.94943e+07
3.52279e+08 1.94831e+07
3.52291e+08 1.94943e+07
3.52291e+08 1.94943e+07
3.52302e+08 1.95055e+07
3.52302e+08 1.95055e+07
3.52391e+08 1.95502e+07
3.5247e+08 1.95838e+07
3.52705e+08 1.94832e+07
3.52705e+08 1.94832e+07
3.52794e+08 1.95391e+07
3.53399e+08 1.94721e+07
3.53399e+08 1.94721e+07
3.5341e+08 1.94832e+07
3.5341e+08 1.94832e+07
3.53455e+08 1.95057e+07
3.53456e+08 1.95057e+07
3.54102e+08 1.95342e+07
3.54225e+08 1.96348e+07
3.54225e+08 1.96232e+07
3.55002e+08 1.96719e+07
3.55041e+08 1.96886e+07
3.5532e+08 1.98787e+07
3.71957e+08 1.99347e+07
3.71979e+08 1.99459e+07
3.71979e+08 1.99459e+07
3.7199e+08 1.99459e+07
3.7199e+08 1.99459e+07
3.7199e+08 1.99348e+07
3.7199e+08 1.99348e+07
3.72057e+08 1.99683e+07
3.72069e+08 1.99459e+07
3.7227e+08 1.99906e+07
3.7227e+08 1.99906e+07
3.7227e+08 1.99795e+07
3.72304e+08 2.0013e+07
3.72326e+08 2.00242e+07
3.72348e+08 2.00465e+07
3.72483e+08 2.00912e+07
3.72527e+08 2.01359e+07
3.72539e+08 2.00689e+07
3.72796e+08 2.00912e+07
3.72796e+08 2.00912e+07
3.72863e+08 2.00689e+07
3.73446e+08 2.00466e+07
3.73446e+08 2.00466e+07
3.73446e+08 2.00354e+07
3.73457e+08 2.00466e+07
3.73547e+08 2.00914e+07
3.73569e+08 2.01137e+07
3.74201e+08 2.00994e+07
3.74514e+08 2.02896e+07
3.74514e+08 2.02896e+07
3.75309e+08 2.03071e+07
3.7532e+08 2.02792e+07
3.75499e+08 2.01786e+07
3.92549e+08 2.05924e+07
3.92549e+08 2.057e+07
3.92549e+08 2.057e+07
3.92549e+08 2.05588e+07
3.9256e+08 2.057e+07
3.92571e+08 2.05812e+07
3.92572e+08 2.05812e+07
3.92639e+08 2.05812e+07
3.92661e+08 2.05924e+07
3.92896e+08 2.06259e+07
3.92907e+08 2.06371e+07
3.92941e+08 2.06706e+07
3.92941e+08 2.06371e+07
3.92941e+08 2.06147e+07
3.92941e+08 2.05924e+07
3.93064e+08 2.05812e+07
3.93064e+08 2.05365e+07
3.93064e+08 2.05365e+07
3.9312e+08 2.05812e+07
3.93366e+08 2.057e+07
3.93366e+08 2.057e+07
3.93523e+08 2.06595e+07
3.94027e+08 2.05813e+07
3.94027e+08 2.05813e+07
3.94027e+08 2.05813e+07
3.9405e+08 2.05926e+07
3.94117e+08 2.057e+07
3.94151e+08 2.05813e+07
3.94722e+08 2.05212e+07
3.95382e+08 2.08681e+07
3.95382e+08 2.08681e+07
3.95966e+08 2.06567e+07
3.96055e+08 2.0735e+07
3.96256e+08 2.07574e+07
4.13664e+08 2.11152e+07
4.13664e+08 2.11152e+07
4.13664e+08 2.11152e+07
4.13675e+08 2.11264e+07
4.13698e+08 2.11376e+07
4.13709e+08 2.11376e+07
4.13709e+08 2.11376e+07
4.1372e+08 2.10816e+07
4.13731e+08 2.10705e+07
4.14101e+08 2.12046e+07
4.14101e+08 2.11935e+07
4.14101e+08 2.11599e+07
4.14101e+08 2.11599e+07
4.14101e+08 2.11599e+07
4.14101e+08 2.11599e+07
4.14123e+08 2.10593e+07
4.14123e+08 2.10593e+07
4.14134e+08 2.10705e+07
4.14302e+08 2.11822e+07
4.14313e+08 2.11934e+07
4.14492e+08 2.11265e+07
4.14504e+08 2.11376e+07
4.14694e+08 2.11711e+07
4.15176e+08 2.11489e+07
4.15198e+08 2.11713e+07
4.15198e+08 2.11713e+07
4.15198e+08 2.11489e+07
4.1521e+08 2.1093e+07
4.15255e+08 2.1104e+07
4.15905e+08 2.11827e+07
4.16518e+08 2.11361e+07
4.16518e+08 2.11361e+07
4.17186e+08 2.12206e+07
4.17253e+08 2.11983e+07
4.17466e+08 2.12095e+07
4.35287e+08 2.16232e+07
4.35299e+08 2.16344e+07
4.35299e+08 2.16344e+07
4.3531e+08 2.16344e+07
4.35377e+08 2.16791e+07
4.35377e+08 2.16679e+07
4.35377e+08 2.16679e+07
4.35377e+08 2.16567e+07
4.35377e+08 2.16455e+07
4.35769e+08 2.16679e+07
4.35791e+08 2.16903e+07
4.35802e+08 2.17014e+07
4.35813e+08 2.17126e+07
4.35813e+08 2.17126e+07
4.35813e+08 2.17126e+07
4.3588e+08 2.17573e+07
4.3588e+08 2.17573e+07
4.3588e+08 2.17462e+07
4.35903e+08 2.16009e+07
4.35903e+08 2.15897e+07
4.35914e+08 2.16009e+07
4.36149e+08 2.16568e+07
4.36149e+08 2.16456e+07
4.36429e+08 2.1735e+07
4.36822e+08 2.16457e+07
4.36844e+08 2.16457e+07
4.36844e+08 2.16458e+07
4.36855e+08 2.1657e+07
4.36856e+08 2.16458e+07
4.36889e+08 2.16346e+07
4.37653e+08 2.17483e+07
4.38281e+08 2.17626e+07
4.38303e+08 2.17849e+07
4.39131e+08 2.19447e+07
4.39176e+08 2.19223e+07
4.39433e+08 2.1967e+07
4.57556e+08 2.22689e+07
4.57612e+08 2.23136e+07
4.57612e+08 2.23136e+07
4.57635e+08 2.23248e+07
4.57668e+08 2.22913e+07
4.57668e+08 2.22913e+07
4.57668e+08 2.22913e+07
4.57691e+08 2.23136e+07
4.57724e+08 2.23471e+07
4.58049e+08 2.22801e+07
4.58049e+08 2.22577e+07
4.58049e+08 2.22465e+07
4.58049e+08 2.22354e+07
4.58049e+08 2.22354e+07
4.58049e+08 2.22354e+07
4.58138e+08 2.22577e+07
4.58194e+08 2.23136e+07
4.58194e+08 2.23136e+07
4.58261e+08 2.23583e+07
4.58261e+08 2.23583e+07
4.58261e+08 2.23471e+07
4.58508e+08 2.23584e+07
4.58508e+08 2.23584e+07
4.58508e+08 2.23584e+07
4.58743e+08 2.23137e+07
4.59136e+08 2.23138e+07
4.59147e+08 2.23026e+07
4.59169e+08 2.23249e+07
4.5918e+08 2.2325e+07
4.59181e+08 2.2325e+07
4.59192e+08 2.23026e+07
4.60052e+08 2.2399e+07
4.60748e+08 2.24668e+07
4.60759e+08 2.24556e+07
4.61821e+08 2.26905e+07
4.61967e+08 2.27911e+07
4.62034e+08 2.2601e+07
4.80426e+08 2.28694e+07
4.80426e+08 2.28135e+07
4.80426e+08 2.28135e+07
4.8047e+08 2.28359e+07
4.80471e+08 2.28023e+07
4.80526e+08 2.28582e+07
4.80526e+08 2.28582e+07
4.80571e+08 2.28806e+07
4.80571e+08 2.28471e+07
4.80851e+08 2.28023e+07
4.80929e+08 2.28806e+07
4.80929e+08 2.28806e+07
4.80929e+08 2.28806e+07
4.80929e+08 2.28806e+07
4.8094e+08 2.28918e+07
4.81041e+08 2.29029e+07
4.81075e+08 2.28806e+07
4.81075e+08 2.28806e+07
4.81153e+08 2.28918e+07
4.81153e+08 2.28918e+07
4.81153e+08 2.28918e+07
4.81411e+08 2.2903e+07
4.81411e+08 2.2903e+07
4.81422e+08 2.29141e+07
4.81422e+08 2.29141e+07
4.81646e+08 2.2903e+07
4.8205e+08 2.29143e+07
4.8205e+08 2.29031e+07
4.82083e+08 2.29143e+07
4.82095e+08 2.29142e+07
4.82095e+08 2.29142e+07
4.82106e+08 2.29142e+07
4.82966e+08 2.29141e+07
4.8363e+08 2.28819e+07
4.8363e+08 2.28707e+07
4.84793e+08 2.29713e+07
4.84994e+08 2.30273e+07
4.85195e+08 2.31614e+07
5.03844e+08 2.34186e+07
5.03856e+08 2.34298e+07
5.03856e+08 2.34298e+07
5.03856e+08 2.33851e+07
5.03878e+08 2.34074e+07
5.03889e+08 2.33627e+07
5.039e+08 2.33739e+07
5.039e+08 2.33292e+07
5.039e+08 2.33292e+07
5.04202e+08 2.33515e+07
5.04225e+08 2.32957e+07
5.04225e+08 2.32957e+07
5.04236e+08 2.33068e+07
5.04247e+08 2.3318e+07
5.04247e+08 2.33068e+07
5.0437e+08 2.33292e+07
5.04404e+08 2.33292e+07
5.04404e+08 2.33292e+07
5.04415e+08 2.32621e+07
5.04415e+08 2.32621e+07
5.04415e+08 2.32621e+07
5.04807e+08 2.33963e+07
5.04807e+08 2.33963e+07
5.04818e+08 2.33963e+07
5.04818e+08 2.33963e+07
5.04818e+08 2.33963e+07
5.05064e+08 2.34186e+07
5.05469e+08 2.34188e+07
5.05469e+08 2.34188e+07
5.05469e+08 2.33852e+07
5.05513e+08 2.34188e+07
5.05525e+08 2.34299e+07
5.05525e+08 2.34187e+07
5.06444e+08 2.34778e+07
5.07364e+08 2.37342e+07
5.07364e+08 2.37342e+07
5.08382e+08 2.35889e+07
5.08896e+08 2.39018e+07
5.08985e+08 2.379e+07
5.27869e+08 2.4025e+07
5.27869e+08 2.40138e+07
5.27869e+08 2.40138e+07
5.27869e+08 2.40138e+07
5.27869e+08 2.39915e+07
5.27892e+08 2.40026e+07
5.27892e+08 2.39914e+07
5.27892e+08 2.39914e+07
5.27903e+08 2.40026e+07
5.28216e+08 2.40138e+07
5.28283e+08 2.40585e+07
5.28283e+08 2.40585e+07
5.28283e+08 2.40473e+07
5.28283e+08 2.40361e+07
5.28283e+08 2.40361e+07
5.28339e+08 2.39691e+07
5.28351e+08 2.39467e+07
5.28362e+08 2.39579e+07
5.28384e+08 2.39691e+07
5.28418e+08 2.40026e+07
5.28418e+08 2.40026e+07
5.28843e+08 2.40361e+07
5.28843e+08 2.40361e+07
5.28843e+08 2.4025e+07
5.28854e+08 2.40361e+07
5.28854e+08 2.40362e+07
5.28865e+08 2.40474e+07
5.29112e+08 2.40474e+07
5.29482e+08 2.40139e+07
5.29505e+08 2.40363e+07
5.29505e+08 2.40363e+07
5.2955e+08 2.40364e+07
5.2955e+08 2.40252e+07
5.2955e+08 2.40252e+07
5.30356e+08 2.39124e+07
5.31538e+08 2.4174e+07
5.31538e+08 2.4174e+07
5.32399e+08 2.40175e+07
5.33036e+08 2.41404e+07
5.33092e+08 2.41069e+07
5.52423e+08 2.45542e+07
5.52424e+08 2.45542e+07
5.52435e+08 2.45654e+07
5.52435e+08 2.45654e+07
5.52435e+08 2.45654e+07
5.52435e+08 2.4543e+07
5.52435e+08 2.4543e+07
5.52435e+08 2.4543e+07
5.52435e+08 2.45319e+07
5.52726e+08 2.45095e+07
5.52726e+08 2.44424e+07
5.52759e+08 2.4476e+07
5.52793e+08 2.45095e+07
5.52793e+08 2.45095e+07
5.52793e+08 2.45095e+07
5.52793e+08 2.44536e+07
5.52849e+08 2.44983e+07
5.5286e+08 2.44983e+07
5.52894e+08 2.45095e+07
5.52894e+08 2.4476e+07
5.52894e+08 2.4476e+07
5.53297e+08 2.44536e+07
5.53297e+08 2.44536e+07
5.53308e+08 2.44648e+07
5.53319e+08 2.44648e+07
5.53319e+08 2.44648e+07
5.53319e+08 2.44536e+07
5.53353e+08 2.44872e+07
5.53688e+08 2.45766e+07
5.53959e+08 2.44761e+07
5.53981e+08 2.44761e+07
5.53981e+08 2.44761e+07
5.54115e+08 2.45656e+07
5.54115e+08 2.45656e+07
5.54115e+08 2.45656e+07
5.54888e+08 2.4532e+07
5.56129e+08 2.45912e+07
5.56129e+08 2.45912e+07
5.5689e+08 2.44906e+07
5.57672e+08 2.4636e+07
5.57874e+08 2.47813e+07
5.77395e+08 2.49714e+07
5.77417e+08 2.49938e+07
5.77417e+08 2.49827e+07
5.77417e+08 2.49827e+07
5.77417e+08 2.49827e+07
5.77417e+08 2.49827e+07
5.77417e+08 2.49827e+07
5.77417e+08 2.49827e+07
5.77417e+08 2.49827e+07
5.77518e+08 2.47926e+07
5.7753e+08 2.48038e+07
5.77541e+08 2.47815e+07
5.77541e+08 2.47479e+07
5.77597e+08 2.48038e+07
5.77597e+08 2.48038e+07
5.77608e+08 2.4815e+07
5.77675e+08 2.48262e+07
5.77697e+08 2.48374e+07
5.7772e+08 2.48262e+07
5.77764e+08 2.48709e+07
5.77764e+08 2.48709e+07
5.78357e+08 2.50609e+07
5.78357e+08 2.50609e+07
5.78357e+08 2.50497e+07
5.78369e+08 2.50497e+07
5.7838e+08 2.50609e+07
5.78391e+08 2.50721e+07
5.78391e+08 2.50386e+07
5.78693e+08 2.5005e+07
5.78693e+08 2.5005e+07
5.78964e+08 2.50051e+07
5.78975e+08 2.4994e+07
5.78997e+08 2.50164e+07
5.79132e+08 2.50163e+07
5.79132e+08 2.50163e+07
5.79132e+08 2.50163e+07
5.79894e+08 2.50053e+07
5.81068e+08 2.49386e+07
5.8109e+08 2.4961e+07
5.81739e+08 2.48491e+07
5.82387e+08 2.47151e+07
5.82868e+08 2.49946e+07
6.02792e+08 2.53971e+07
6.02792e+08 2.53747e+07
6.02803e+08 2.53859e+07
6.02848e+08 2.54307e+07
6.02848e+08 2.54307e+07
6.02848e+08 2.54307e+07
6.02848e+08 2.54307e+07
6.02859e+08 2.54419e+07
6.02859e+08 2.54419e+07
6.02994e+08 2.54754e+07
6.02994e+08 2.54642e+07
6.02994e+08 2.5453e+07
6.02994e+08 2.5453e+07
6.02994e+08 2.53971e+07
6.02994e+08 2.53971e+07
6.03027e+08 2.54195e+07
6.03117e+08 2.54418e+07
6.0315e+08 2.5453e+07
6.03173e+08 2.5453e+07
6.03173e+08 2.54083e+07
6.03173e+08 2.54083e+07
6.03822e+08 2.54642e+07
6.03822e+08 2.54642e+07
6.03833e+08 2.54754e+07
6.03844e+08 2.54754e+07
6.03855e+08 2.54754e+07
6.03855e+08 2.54642e+07
6.03855e+08 2.54642e+07
6.04146e+08 2.5453e+07
6.04169e+08 2.54754e+07
6.04169e+08 2.54754e+07
6.04439e+08 2.54756e+07
6.04439e+08 2.54643e+07
6.04439e+08 2.5442e+07
6.0454e+08 2.54084e+07
6.04563e+08 2.54308e+07
6.04563e+08 2.54308e+07
6.05738e+08 2.58439e+07
6.06632e+08 2.55645e+07
6.06688e+08 2.5598e+07
6.07437e+08 2.56985e+07
6.08153e+08 2.57657e+07
6.08723e+08 2.58553e+07
6.26713e+08 2.39212e+07
6.26713e+08 2.39212e+07
6.26769e+08 2.39659e+07
6.26803e+08 2.39547e+07
6.26803e+08 2.39546e+07
6.26803e+08 2.39546e+07
6.26803e+08 2.39547e+07
6.26814e+08 2.39547e+07
6.26825e+08 2.39659e+07
6.26881e+08 2.38877e+07
6.26881e+08 2.38877e+07
6.26881e+08 2.38877e+07
6.26881e+08 2.38877e+07
6.26882e+08 2.38877e+07
6.26882e+08 2.38877e+07
6.26893e+08 2.38654e+07
6.26904e+08 2.37871e+07
6.26915e+08 2.37647e+07
6.26915e+08 2.37424e+07
6.26915e+08 2.37424e+07
6.26926e+08 2.37536e+07
6.26982e+08 2.31609e+07
6.26982e+08 2.31608e+07
6.26982e+08 2.31497e+07
6.27016e+08 2.3172e+07
6.27038e+08 2.31832e+07
6.27061e+08 2.32055e+07
6.27117e+08 2.32614e+07
6.27441e+08 2.32949e+07
6.27475e+08 2.33061e+07
6.27497e+08 2.33284e+07
6.27867e+08 2.34274e+07
6.27867e+08 2.34275e+07
6.27889e+08 2.34498e+07
6.27889e+08 2.34498e+07
6.27945e+08 2.34049e+07
6.27967e+08 2.34048e+07
6.2799e+08 2.34272e+07
6.28561e+08 2.28231e+07
6.28785e+08 2.21523e+07
6.28785e+08 2.20964e+07
6.29065e+08 2.16272e+07
6.29266e+08 2.11133e+07
6.29479e+08 2.07556e+07
6.32066e+08 5.35276e+06
6.32066e+08 5.35276e+06
6.32066e+08 5.29686e+06
