4.80333e+06 4.80278e+06
8.35101e+06 3.54768e+06
8.35102e+06 3.54768e+06
9.82014e+06 1.46912e+06
9.82017e+06 1.46915e+06
1.18698e+07 2.04967e+06
1.18698e+07 2.04968e+06
1.18698e+07 2.04965e+06
1.44009e+07 2.53107e+06
1.44445e+07 2.57467e+06
1.4478e+07 2.6082e+06
1.45154e+07 2.64554e+06
1.81681e+07 3.7672e+06
1.81681e+07 3.7236e+06
1.82352e+07 3.75714e+06
1.82352e+07 3.7198e+06
1.82352e+07 3.71981e+06
2.15049e+07 3.33678e+06
2.15272e+07 3.35913e+06
2.15496e+07 3.31442e+06
2.17508e+07 3.51565e+06
2.19521e+07 3.71691e+06
2.21087e+07 3.87348e+06
2.6479e+07 4.97411e+06
2.6479e+07 4.95176e+06
2.6479e+07 4.92941e+06
2.69149e+07 5.16411e+06
2.70603e+07 5.10818e+06
2.70938e+07 4.98519e+06
2.70939e+07 4.9852e+06
3.08077e+07 4.32872e+06
3.08077e+07 4.32872e+06
3.08077e+07 4.32872e+06
3.10872e+07 4.1723e+06
3.14785e+07 4.41819e+06
3.15455e+07 4.45168e+06
3.15455e+07 4.45168e+06
3.59972e+07 5.18947e+06
3.59972e+07 5.18947e+06
3.60642e+07 5.25654e+06
3.60642e+07 5.25654e+06
3.65114e+07 5.42416e+06
3.66232e+07 5.1447e+06
3.67238e+07 5.17825e+06
3.67238e+07 5.17825e+06
4.23086e+07 6.31145e+06
4.2331e+07 6.33382e+06
4.2331e+07 6.33383e+06
4.2331e+07 6.26676e+06
4.2331e+07 6.26676e+06
4.25322e+07 6.02086e+06
4.25993e+07 5.97615e+06
4.26775e+07 5.95376e+06
4.26776e+07 5.95376e+06
4.88387e+07 6.5301e+06
4.90846e+07 6.75364e+06
4.9107e+07 6.77601e+06
4.91629e+07 6.83192e+06
4.91629e+07 6.83193e+06
4.91629e+07 6.83193e+06
4.92859e+07 6.75368e+06
4.92859e+07 6.68663e+06
4.93195e+07 6.64191e+06
4.94424e+07 6.76486e+06
5.54554e+07 6.61665e+06
5.54777e+07 6.3931e+06
5.55783e+07 6.47131e+06
5.56119e+07 6.44898e+06
5.56119e+07 6.44898e+06
5.56119e+07 6.44899e+06
5.56119e+07 6.44899e+06
5.58579e+07 6.57198e+06
5.58803e+07 6.59433e+06
5.59361e+07 6.61669e+06
5.59585e+07 6.51611e+06
6.33488e+07 7.89348e+06
6.34159e+07 7.93819e+06
6.34494e+07 7.87113e+06
6.34718e+07 7.8599e+06
6.34718e+07 7.8599e+06
6.34718e+07 7.8599e+06
6.34718e+07 7.8599e+06
6.34718e+07 7.8599e+06
6.35613e+07 7.70337e+06
6.35613e+07 7.68102e+06
6.3606e+07 7.66983e+06
6.36507e+07 7.69218e+06
7.10418e+07 7.69292e+06
7.10418e+07 7.62586e+06
7.10418e+07 7.59233e+06
7.10418e+07 7.56998e+06
7.10641e+07 7.59233e+06
7.10642e+07 7.59233e+06
7.10642e+07 7.59233e+06
7.10642e+07 7.59233e+06
7.10642e+07 7.59234e+06
7.10754e+07 7.5141e+06
7.11089e+07 7.54765e+06
7.11089e+07 7.50295e+06
7.11425e+07 7.49177e+06
7.97377e+07 8.69595e+06
7.97377e+07 8.69595e+06
7.97377e+07 8.69595e+06
7.97377e+07 8.69595e+06
7.97377e+07 8.6736e+06
7.97377e+07 8.6736e+06
7.97378e+07 8.6736e+06
7.97378e+07 8.6736e+06
7.97378e+07 8.6736e+06
7.97378e+07 8.6736e+06
7.97378e+07 8.66242e+06
7.97713e+07 8.6624e+06
7.9816e+07 8.70711e+06
7.98272e+07 8.68476e+06
8.85732e+07 8.83552e+06
8.8618e+07 8.88024e+06
8.8618e+07 8.88024e+06
8.8618e+07 8.88024e+06
8.8618e+07 8.88024e+06
8.8618e+07 8.88024e+06
8.8618e+07 8.88024e+06
8.8618e+07 8.88024e+06
8.8618e+07 8.88024e+06
8.8618e+07 8.88024e+06
8.8618e+07 8.88024e+06
8.8618e+07 8.88024e+06
8.8618e+07 8.84671e+06
8.86516e+07 8.83553e+06
8.87857e+07 8.95847e+06
9.76443e+07 9.07103e+06
9.77113e+07 9.09337e+06
9.77113e+07 9.09337e+06
9.77113e+07 9.09337e+06
9.77113e+07 9.09337e+06
9.77896e+07 9.17161e+06
9.77896e+07 9.17161e+06
9.79237e+07 9.30573e+06
9.81361e+07 9.51808e+06
9.81584e+07 9.54044e+06
9.82367e+07 9.61867e+06
9.82926e+07 9.67455e+06
9.84491e+07 9.83104e+06
9.85385e+07 9.92049e+06
9.86279e+07 9.97637e+06
9.86391e+07 9.85345e+06
1.07569e+08 9.9247e+06
1.07569e+08 9.85765e+06
1.07569e+08 9.85765e+06
1.07625e+08 9.91353e+06
1.07658e+08 9.94705e+06
1.07692e+08 9.90234e+06
1.07737e+08 9.94705e+06
1.0777e+08 9.84646e+06
1.07983e+08 9.84646e+06
1.07983e+08 9.82411e+06
1.07983e+08 9.74587e+06
1.07983e+08 9.68999e+06
1.08027e+08 9.57821e+06
1.08318e+08 9.77937e+06
1.0843e+08 9.89117e+06
1.08586e+08 9.95824e+06
1.08676e+08 1.00365e+07
1.1775e+08 1.0181e+07
1.1775e+08 1.0181e+07
1.1775e+08 1.0181e+07
1.1775e+08 1.01252e+07
1.17907e+08 1.02481e+07
1.18354e+08 1.06617e+07
1.18376e+08 1.06393e+07
1.18376e+08 1.06058e+07
1.18477e+08 1.0494e+07
1.18488e+08 1.05052e+07
1.1851e+08 1.05275e+07
1.18532e+08 1.05499e+07
1.18532e+08 1.05052e+07
1.18734e+08 1.04158e+07
1.18957e+08 1.05275e+07
1.19013e+08 1.05834e+07
1.19248e+08 1.06617e+07
1.19337e+08 1.06617e+07
1.28835e+08 1.1085e+07
1.28891e+08 1.11409e+07
1.28913e+08 1.11632e+07
1.28913e+08 1.11632e+07
1.29014e+08 1.11074e+07
1.29059e+08 1.0705e+07
1.2917e+08 1.07944e+07
1.29193e+08 1.08168e+07
1.29204e+08 1.07274e+07
1.29204e+08 1.07162e+07
1.29237e+08 1.07274e+07
1.29271e+08 1.07386e+07
1.29282e+08 1.07497e+07
1.29293e+08 1.05598e+07
1.29673e+08 1.07162e+07
1.29741e+08 1.07274e+07
1.3002e+08 1.07721e+07
1.30121e+08 1.08727e+07
1.30165e+08 1.0828e+07
1.40712e+08 1.18772e+07
1.40746e+08 1.18548e+07
1.40779e+08 1.1866e+07
1.40802e+08 1.18884e+07
1.4088e+08 1.1866e+07
1.40992e+08 1.19331e+07
1.40992e+08 1.18213e+07
1.40992e+08 1.1799e+07
1.4107e+08 1.1866e+07
1.41115e+08 1.19107e+07
1.41226e+08 1.19889e+07
1.41249e+08 1.19778e+07
1.41249e+08 1.19666e+07
1.41249e+08 1.19554e+07
1.41282e+08 1.16089e+07
1.41495e+08 1.17542e+07
1.41506e+08 1.14859e+07
1.41718e+08 1.15977e+07
1.41763e+08 1.16424e+07
1.41942e+08 1.17765e+07
1.53058e+08 1.23455e+07
1.53114e+08 1.23679e+07
1.53136e+08 1.23567e+07
1.53136e+08 1.23344e+07
1.53348e+08 1.24684e+07
1.53371e+08 1.2379e+07
1.53382e+08 1.23901e+07
1.53382e+08 1.23901e+07
1.53382e+08 1.23119e+07
1.53382e+08 1.22672e+07
1.53382e+08 1.21554e+07
1.53382e+08 1.21331e+07
1.53382e+08 1.21331e+07
1.53382e+08 1.21331e+07
1.53382e+08 1.20996e+07
1.53494e+08 1.1999e+07
1.53494e+08 1.19878e+07
1.53527e+08 1.1809e+07
1.53572e+08 1.1809e+07
1.53583e+08 1.16414e+07
1.53583e+08 1.16414e+07
1.66298e+08 1.32407e+07
1.66332e+08 1.32183e+07
1.66343e+08 1.32071e+07
1.66377e+08 1.32407e+07
1.66399e+08 1.30507e+07
1.66399e+08 1.30283e+07
1.66399e+08 1.30172e+07
1.66399e+08 1.30172e+07
1.66399e+08 1.30172e+07
1.66399e+08 1.30172e+07
1.66399e+08 1.30172e+07
1.6641e+08 1.30284e+07
1.6641e+08 1.30284e+07
1.66477e+08 1.30956e+07
1.66489e+08 1.31068e+07
1.66545e+08 1.30508e+07
1.66545e+08 1.30508e+07
1.66556e+08 1.30285e+07
1.66634e+08 1.3062e+07
1.66757e+08 1.31738e+07
1.66858e+08 1.32744e+07
1.66858e+08 1.32744e+07
1.79148e+08 1.28501e+07
1.79171e+08 1.2839e+07
1.79171e+08 1.28278e+07
1.79305e+08 1.29284e+07
1.79428e+08 1.30289e+07
1.79428e+08 1.30289e+07
1.79428e+08 1.30289e+07
1.79428e+08 1.30289e+07
1.79461e+08 1.30624e+07
1.79461e+08 1.30624e+07
1.79462e+08 1.30624e+07
1.79462e+08 1.30512e+07
1.79473e+08 1.30624e+07
1.79573e+08 1.30958e+07
1.79573e+08 1.30846e+07
1.79573e+08 1.30288e+07
1.79585e+08 1.304e+07
1.79585e+08 1.30288e+07
1.79585e+08 1.29506e+07
1.79607e+08 1.28499e+07
1.79607e+08 1.27494e+07
1.79607e+08 1.27494e+07
1.9258e+08 1.34312e+07
1.92635e+08 1.3487e+07
1.9287e+08 1.36994e+07
1.93016e+08 1.38447e+07
1.9306e+08 1.37553e+07
1.93172e+08 1.37441e+07
1.93172e+08 1.37441e+07
1.93206e+08 1.37776e+07
1.93206e+08 1.37776e+07
1.93217e+08 1.37553e+07
1.93217e+08 1.37553e+07
1.93262e+08 1.38e+07
1.93284e+08 1.38224e+07
1.93407e+08 1.39341e+07
1.93407e+08 1.38335e+07
1.93407e+08 1.38335e+07
1.93407e+08 1.38335e+07
1.93407e+08 1.38223e+07
1.93407e+08 1.38223e+07
1.93407e+08 1.38223e+07
1.93418e+08 1.38111e+07
1.93418e+08 1.38111e+07
1.93429e+08 1.38223e+07
2.06548e+08 1.39688e+07
2.06593e+08 1.39576e+07
2.06705e+08 1.40694e+07
2.06917e+08 1.40471e+07
2.07286e+08 1.42706e+07
2.07431e+08 1.43712e+07
2.07498e+08 1.43265e+07
2.07521e+08 1.43488e+07
2.07521e+08 1.43153e+07
2.07554e+08 1.43488e+07
2.07599e+08 1.43824e+07
2.07599e+08 1.43824e+07
2.07655e+08 1.43935e+07
2.07677e+08 1.43935e+07
2.07689e+08 1.42818e+07
2.07722e+08 1.43153e+07
2.07733e+08 1.43265e+07
2.07733e+08 1.43265e+07
2.07733e+08 1.43265e+07
2.07745e+08 1.43377e+07
2.07745e+08 1.43377e+07
2.07745e+08 1.43265e+07
2.07745e+08 1.43265e+07
2.07756e+08 1.43265e+07
2.21301e+08 1.47528e+07
2.21301e+08 1.47081e+07
2.21502e+08 1.47975e+07
2.21838e+08 1.49205e+07
2.21871e+08 1.4954e+07
2.2214e+08 1.48534e+07
2.2233e+08 1.48981e+07
2.22352e+08 1.48534e+07
2.22397e+08 1.48757e+07
2.2243e+08 1.49093e+07
2.22464e+08 1.49093e+07
2.22464e+08 1.48646e+07
2.22475e+08 1.48757e+07
2.22475e+08 1.48198e+07
2.2252e+08 1.48422e+07
2.22598e+08 1.49093e+07
2.22609e+08 1.48869e+07
2.22732e+08 1.49987e+07
2.22754e+08 1.5021e+07
2.22777e+08 1.50434e+07
2.22788e+08 1.50434e+07
2.22788e+08 1.50434e+07
2.22788e+08 1.50434e+07
2.22788e+08 1.50434e+07
2.22788e+08 1.50322e+07
2.36306e+08 1.50045e+07
2.36306e+08 1.50045e+07
2.36596e+08 1.5094e+07
2.37155e+08 1.53175e+07
2.37334e+08 1.54628e+07
2.37334e+08 1.54628e+07
2.37446e+08 1.53064e+07
2.37625e+08 1.52952e+07
2.37658e+08 1.53063e+07
2.37792e+08 1.53958e+07
2.37893e+08 1.54628e+07
2.37904e+08 1.54405e+07
2.37904e+08 1.54405e+07
2.37904e+08 1.54293e+07
2.37904e+08 1.54293e+07
2.37982e+08 1.54628e+07
2.38016e+08 1.54181e+07
2.38016e+08 1.54069e+07
2.38262e+08 1.55298e+07
2.38262e+08 1.55075e+07
2.38273e+08 1.54963e+07
2.38273e+08 1.54851e+07
2.38307e+08 1.55187e+07
2.38329e+08 1.5541e+07
2.3834e+08 1.55522e+07
2.3834e+08 1.55522e+07
2.51761e+08 1.54555e+07
2.51839e+08 1.55338e+07
2.52454e+08 1.58579e+07
2.52544e+08 1.53885e+07
2.5317e+08 1.58355e+07
2.53326e+08 1.5992e+07
2.53494e+08 1.60479e+07
2.53494e+08 1.60479e+07
2.53494e+08 1.58691e+07
2.53572e+08 1.59138e+07
2.53594e+08 1.5802e+07
2.5365e+08 1.57573e+07
2.5374e+08 1.58356e+07
2.53773e+08 1.58691e+07
2.53773e+08 1.58691e+07
2.53773e+08 1.58691e+07
2.53773e+08 1.57909e+07
2.53796e+08 1.57797e+07
2.5384e+08 1.58244e+07
2.54209e+08 1.59473e+07
2.54354e+08 1.60926e+07
2.54388e+08 1.61149e+07
2.54388e+08 1.61149e+07
2.54444e+08 1.61373e+07
2.54489e+08 1.61596e+07
2.545e+08 1.61596e+07
2.545e+08 1.61596e+07
2.68255e+08 1.64933e+07
2.68322e+08 1.64822e+07
2.69138e+08 1.66833e+07
2.69216e+08 1.66722e+07
2.69395e+08 1.62251e+07
2.69585e+08 1.62586e+07
2.70166e+08 1.66721e+07
2.70166e+08 1.66722e+07
2.70199e+08 1.67057e+07
2.70199e+08 1.67057e+07
2.70199e+08 1.66274e+07
2.70199e+08 1.66051e+07
2.703e+08 1.66498e+07
2.70345e+08 1.66051e+07
2.70345e+08 1.65716e+07
2.70345e+08 1.65716e+07
2.70356e+08 1.65828e+07
2.70356e+08 1.65828e+07
2.70479e+08 1.66834e+07
2.70512e+08 1.66722e+07
2.7068e+08 1.6471e+07
2.7068e+08 1.63257e+07
2.70703e+08 1.63145e+07
2.70926e+08 1.65381e+07
2.71094e+08 1.66498e+07
2.7115e+08 1.6661e+07
2.71183e+08 1.66833e+07
2.71239e+08 1.67392e+07
2.85309e+08 1.70545e+07
2.85309e+08 1.69875e+07
2.86293e+08 1.71551e+07
2.86371e+08 1.71551e+07
2.86472e+08 1.70769e+07
2.86472e+08 1.68869e+07
2.87042e+08 1.68757e+07
2.87176e+08 1.70098e+07
2.87209e+08 1.70098e+07
2.8722e+08 1.7021e+07
2.8722e+08 1.7021e+07
2.8722e+08 1.7021e+07
2.87254e+08 1.70545e+07
2.87388e+08 1.7088e+07
2.8741e+08 1.70657e+07
2.87444e+08 1.70992e+07
2.87444e+08 1.70992e+07
2.87444e+08 1.7088e+07
2.87466e+08 1.71104e+07
2.87545e+08 1.70657e+07
2.87589e+08 1.70769e+07
2.8769e+08 1.70098e+07
2.87701e+08 1.7021e+07
2.87791e+08 1.70881e+07
2.87858e+08 1.69316e+07
2.87969e+08 1.68757e+07
2.88193e+08 1.70433e+07
2.8826e+08 1.70769e+07
2.88428e+08 1.71886e+07
3.03068e+08 1.7759e+07
3.03068e+08 1.7759e+07
3.03884e+08 1.75914e+07
3.04264e+08 1.78931e+07
3.04353e+08 1.7882e+07
3.04376e+08 1.79043e+07
3.04454e+08 1.74125e+07
3.04678e+08 1.75019e+07
3.04935e+08 1.77255e+07
3.05002e+08 1.77814e+07
3.05002e+08 1.77814e+07
3.05002e+08 1.77814e+07
3.05024e+08 1.78037e+07
3.05058e+08 1.78037e+07
3.05069e+08 1.76808e+07
3.05069e+08 1.76584e+07
3.0508e+08 1.76361e+07
3.0508e+08 1.76361e+07
3.05225e+08 1.77814e+07
3.05225e+08 1.7759e+07
3.05393e+08 1.78484e+07
3.05483e+08 1.78931e+07
3.0555e+08 1.78596e+07
3.05583e+08 1.7882e+07
3.05684e+08 1.78931e+07
3.05985e+08 1.81278e+07
3.06075e+08 1.81055e+07
3.06075e+08 1.7882e+07
3.06108e+08 1.78484e+07
3.0622e+08 1.77926e+07
3.21343e+08 1.82746e+07
3.21343e+08 1.82746e+07
3.21734e+08 1.78499e+07
3.22338e+08 1.80735e+07
3.22505e+08 1.81517e+07
3.2255e+08 1.81741e+07
3.2274e+08 1.82858e+07
3.22796e+08 1.81182e+07
3.22919e+08 1.79841e+07
3.22997e+08 1.79952e+07
3.23265e+08 1.82635e+07
3.23265e+08 1.82635e+07
3.23422e+08 1.83976e+07
3.23433e+08 1.84088e+07
3.23466e+08 1.84088e+07
3.23466e+08 1.83976e+07
3.23467e+08 1.83976e+07
3.23511e+08 1.84311e+07
3.23511e+08 1.84311e+07
3.23556e+08 1.83305e+07
3.23567e+08 1.83417e+07
3.23679e+08 1.82858e+07
3.23902e+08 1.84199e+07
3.23958e+08 1.84088e+07
3.24037e+08 1.84535e+07
3.24059e+08 1.83752e+07
3.24148e+08 1.81629e+07
3.24148e+08 1.80735e+07
3.24283e+08 1.82076e+07
3.24573e+08 1.84647e+07
3.2464e+08 1.84199e+07
3.40343e+08 1.90006e+07
3.40343e+08 1.90006e+07
3.40567e+08 1.88329e+07
3.41338e+08 1.90006e+07
3.41394e+08 1.88888e+07
3.41618e+08 1.90676e+07
3.41673e+08 1.89335e+07
3.41763e+08 1.8967e+07
3.41919e+08 1.90006e+07
3.41942e+08 1.89447e+07
3.42199e+08 1.89335e+07
3.42221e+08 1.89559e+07
3.42579e+08 1.91571e+07
3.42635e+08 1.92018e+07
3.42702e+08 1.92688e+07
3.42724e+08 1.92576e+07
3.42914e+08 1.94476e+07
3.42914e+08 1.94476e+07
3.42959e+08 1.94476e+07
3.42959e+08 1.94476e+07
3.42959e+08 1.94029e+07
3.43026e+08 1.94588e+07
3.43026e+08 1.93471e+07
3.43026e+08 1.91235e+07
3.43182e+08 1.92241e+07
3.43261e+08 1.92241e+07
3.43261e+08 1.92017e+07
3.43328e+08 1.91794e+07
3.4335e+08 1.92017e+07
3.43417e+08 1.91347e+07
3.43752e+08 1.91794e+07
3.43797e+08 1.9157e+07
3.59791e+08 1.94477e+07
3.59791e+08 1.94477e+07
3.59948e+08 1.93807e+07
3.60283e+08 1.89448e+07
3.60305e+08 1.89113e+07
3.60417e+08 1.87996e+07
3.60697e+08 1.90231e+07
3.60831e+08 1.90678e+07
3.61233e+08 1.93136e+07
3.61233e+08 1.92913e+07
3.61445e+08 1.92466e+07
3.61445e+08 1.92242e+07
3.61725e+08 1.9146e+07
3.61982e+08 1.93472e+07
3.61982e+08 1.92801e+07
3.62071e+08 1.93472e+07
3.62071e+08 1.93472e+07
3.6215e+08 1.92354e+07
3.62217e+08 1.93025e+07
3.6234e+08 1.93807e+07
3.6234e+08 1.93807e+07
3.62362e+08 1.94031e+07
3.62362e+08 1.9336e+07
3.62373e+08 1.93472e+07
3.62373e+08 1.93472e+07
3.62373e+08 1.91907e+07
3.62809e+08 1.95483e+07
3.62921e+08 1.96601e+07
3.63044e+08 1.9716e+07
3.63044e+08 1.96937e+07
3.63055e+08 1.96378e+07
3.63189e+08 1.94366e+07
3.63223e+08 1.94254e+07
3.79976e+08 2.01854e+07
3.79976e+08 2.01854e+07
3.80088e+08 2.01406e+07
3.80479e+08 2.01965e+07
3.80479e+08 2.01741e+07
3.80547e+08 2.01294e+07
3.80547e+08 1.985e+07
3.80547e+08 1.97159e+07
3.80848e+08 1.96153e+07
3.8105e+08 1.98165e+07
3.8153e+08 2.00848e+07
3.81564e+08 2.01183e+07
3.8181e+08 2.00848e+07
3.81977e+08 1.99954e+07
3.82011e+08 2.00289e+07
3.82011e+08 1.99395e+07
3.82011e+08 1.99395e+07
3.82044e+08 1.99731e+07
3.82067e+08 1.99172e+07
3.82089e+08 1.98725e+07
3.82134e+08 1.97943e+07
3.82145e+08 1.98054e+07
3.82257e+08 1.98948e+07
3.82324e+08 1.99619e+07
3.82324e+08 1.99507e+07
3.82324e+08 1.99507e+07
3.82424e+08 2.00513e+07
3.82424e+08 1.96154e+07
3.82961e+08 2.00401e+07
3.82994e+08 1.99507e+07
3.83006e+08 1.99619e+07
3.83073e+08 2.00178e+07
3.83173e+08 1.99842e+07
3.8324e+08 2.00178e+07
4.00711e+08 2.07342e+07
4.00711e+08 2.07342e+07
4.00791e+08 2.07025e+07
4.01025e+08 2.0546e+07
4.01025e+08 2.0546e+07
4.01193e+08 2.06466e+07
4.01193e+08 2.06466e+07
4.01238e+08 2.06914e+07
4.01339e+08 2.04902e+07
4.01551e+08 2.05013e+07
4.02188e+08 2.06578e+07
4.02255e+08 2.06913e+07
4.02657e+08 2.08478e+07
4.02657e+08 2.06802e+07
4.02657e+08 2.06467e+07
4.02691e+08 2.06802e+07
4.02725e+08 2.07137e+07
4.02725e+08 2.06802e+07
4.02736e+08 2.0669e+07
4.02736e+08 2.0669e+07
4.02736e+08 2.06467e+07
4.02736e+08 2.0602e+07
4.02736e+08 2.05908e+07
4.02781e+08 2.05237e+07
4.02781e+08 2.04567e+07
4.02781e+08 2.04567e+07
4.02881e+08 2.05572e+07
4.02903e+08 2.0479e+07
4.02971e+08 2.05461e+07
4.02971e+08 2.00096e+07
4.02971e+08 1.99761e+07
4.02993e+08 1.99873e+07
4.03574e+08 2.05014e+07
4.03697e+08 2.05237e+07
4.03697e+08 2.04567e+07
4.21983e+08 2.12723e+07
4.21983e+08 2.12723e+07
4.22028e+08 2.1237e+07
4.22374e+08 2.13488e+07
4.22453e+08 2.1427e+07
4.22453e+08 2.12594e+07
4.22453e+08 2.12594e+07
4.22587e+08 2.13488e+07
4.22587e+08 2.12482e+07
4.22654e+08 2.11029e+07
4.22911e+08 2.07229e+07
4.23336e+08 2.10805e+07
4.2357e+08 2.09129e+07
4.2357e+08 2.09129e+07
4.2357e+08 2.09129e+07
4.23582e+08 2.08905e+07
4.23582e+08 2.0857e+07
4.23671e+08 2.09464e+07
4.23705e+08 2.09688e+07
4.23716e+08 2.098e+07
4.23738e+08 2.10023e+07
4.23749e+08 2.10135e+07
4.23794e+08 2.10582e+07
4.23839e+08 2.11029e+07
4.23839e+08 2.10582e+07
4.23872e+08 2.10918e+07
4.23872e+08 2.10918e+07
4.23962e+08 2.10806e+07
4.23962e+08 2.10582e+07
4.24006e+08 2.10359e+07
4.24051e+08 2.10806e+07
4.24085e+08 2.11141e+07
4.24085e+08 2.10918e+07
4.24509e+08 2.09353e+07
4.24666e+08 2.09688e+07
4.24666e+08 2.09688e+07
4.4388e+08 2.18967e+07
4.4388e+08 2.18967e+07
4.43924e+08 2.18967e+07
4.44193e+08 2.18185e+07
4.44305e+08 2.1852e+07
4.44305e+08 2.1852e+07
4.44338e+08 2.18856e+07
4.44539e+08 2.19526e+07
4.44539e+08 2.19526e+07
4.44595e+08 2.19415e+07
4.44752e+08 2.18409e+07
4.44852e+08 2.15168e+07
4.45378e+08 2.18073e+07
4.45422e+08 2.1852e+07
4.45467e+08 2.18968e+07
4.4549e+08 2.19079e+07
4.45523e+08 2.19415e+07
4.45523e+08 2.1852e+07
4.45534e+08 2.18297e+07
4.45545e+08 2.18297e+07
4.45579e+08 2.18409e+07
4.45579e+08 2.18297e+07
4.45613e+08 2.18633e+07
4.45646e+08 2.18521e+07
4.45657e+08 2.18186e+07
4.45668e+08 2.18297e+07
4.45702e+08 2.18297e+07
4.45702e+08 2.18297e+07
4.45702e+08 2.17403e+07
4.45702e+08 2.17403e+07
4.45713e+08 2.17068e+07
4.45758e+08 2.17068e+07
4.45803e+08 2.1718e+07
4.45803e+08 2.1718e+07
4.46037e+08 2.1528e+07
4.4616e+08 2.14944e+07
4.4616e+08 2.14944e+07
4.6638e+08 2.25007e+07
4.6638e+08 2.25007e+07
4.66391e+08 2.24671e+07
4.66615e+08 2.24225e+07
4.66615e+08 2.23107e+07
4.66671e+08 2.23666e+07
4.66682e+08 2.23442e+07
4.66772e+08 2.22324e+07
4.66816e+08 2.22771e+07
4.66816e+08 2.22213e+07
4.67029e+08 2.22771e+07
4.67163e+08 2.23107e+07
4.67487e+08 2.21095e+07
4.67644e+08 2.22212e+07
4.67878e+08 2.24112e+07
4.67957e+08 2.24671e+07
4.67979e+08 2.2456e+07
4.68046e+08 2.25231e+07
4.6808e+08 2.25454e+07
4.6808e+08 2.25342e+07
4.68091e+08 2.25119e+07
4.68091e+08 2.25119e+07
4.68102e+08 2.24895e+07
4.68102e+08 2.24895e+07
4.68113e+08 2.24672e+07
4.68136e+08 2.24784e+07
4.68136e+08 2.24672e+07
4.68147e+08 2.24448e+07
4.68147e+08 2.24448e+07
4.68147e+08 2.24448e+07
4.68158e+08 2.2456e+07
4.68158e+08 2.24448e+07
4.68203e+08 2.24448e+07
4.68214e+08 2.24113e+07
4.68259e+08 2.2456e+07
4.68292e+08 2.22549e+07
4.68426e+08 2.2266e+07
4.68426e+08 2.2266e+07
4.89563e+08 2.31829e+07
4.89574e+08 2.31941e+07
4.89641e+08 2.325e+07
4.901e+08 2.34846e+07
4.901e+08 2.34846e+07
4.901e+08 2.34288e+07
4.90133e+08 2.34511e+07
4.90156e+08 2.33841e+07
4.90189e+08 2.33729e+07
4.90189e+08 2.33729e+07
4.90346e+08 2.3317e+07
4.90558e+08 2.33952e+07
4.90759e+08 2.32723e+07
4.90905e+08 2.32611e+07
4.91095e+08 2.32164e+07
4.91095e+08 2.31381e+07
4.91184e+08 2.32052e+07
4.91218e+08 2.31716e+07
4.91218e+08 2.31381e+07
4.91229e+08 2.31493e+07
4.9124e+08 2.31493e+07
4.9124e+08 2.31493e+07
4.91263e+08 2.31605e+07
4.91285e+08 2.31828e+07
4.91285e+08 2.31828e+07
4.91285e+08 2.31716e+07
4.91296e+08 2.31605e+07
4.91296e+08 2.31605e+07
4.91307e+08 2.31605e+07
4.9133e+08 2.31828e+07
4.91341e+08 2.3194e+07
4.91363e+08 2.32052e+07
4.91363e+08 2.32052e+07
4.91441e+08 2.32387e+07
4.91441e+08 2.32275e+07
4.91531e+08 2.32722e+07
4.91676e+08 2.3384e+07
4.91967e+08 2.35405e+07
4.92067e+08 2.36411e+07
5.13272e+08 2.37085e+07
5.13305e+08 2.37309e+07
5.13484e+08 2.38426e+07
5.13797e+08 2.36973e+07
5.13864e+08 2.37644e+07
5.13864e+08 2.37644e+07
5.1392e+08 2.37868e+07
5.13931e+08 2.37756e+07
5.13931e+08 2.3742e+07
5.14054e+08 2.3865e+07
5.14155e+08 2.38091e+07
5.14345e+08 2.37868e+07
5.14535e+08 2.37756e+07
5.14602e+08 2.36974e+07
5.14747e+08 2.36527e+07
5.1477e+08 2.3675e+07
5.14814e+08 2.36303e+07
5.14848e+08 2.36303e+07
5.14937e+08 2.37197e+07
5.1496e+08 2.37309e+07
5.1496e+08 2.37197e+07
5.1496e+08 2.37197e+07
5.14971e+08 2.37085e+07
5.14993e+08 2.37085e+07
5.14993e+08 2.37085e+07
5.15005e+08 2.37197e+07
5.15005e+08 2.37197e+07
5.15016e+08 2.37197e+07
5.15016e+08 2.37197e+07
5.15016e+08 2.37085e+07
5.15027e+08 2.36973e+07
5.15072e+08 2.37309e+07
5.15172e+08 2.38091e+07
5.15172e+08 2.38091e+07
5.15195e+08 2.37532e+07
5.15251e+08 2.38091e+07
5.15251e+08 2.37197e+07
5.15407e+08 2.37308e+07
5.15686e+08 2.37197e+07
5.1572e+08 2.36526e+07
5.37852e+08 2.45808e+07
5.37852e+08 2.45472e+07
5.38121e+08 2.46367e+07
5.38914e+08 2.51172e+07
5.38937e+08 2.50725e+07
5.38937e+08 2.50725e+07
5.38937e+08 2.50166e+07
5.38937e+08 2.50054e+07
5.38948e+08 2.50166e+07
5.38948e+08 2.48936e+07
5.39015e+08 2.48601e+07
5.39071e+08 2.4726e+07
5.3925e+08 2.47148e+07
5.39283e+08 2.46812e+07
5.39283e+08 2.4536e+07
5.39283e+08 2.45136e+07
5.39295e+08 2.44801e+07
5.39295e+08 2.44466e+07
5.39317e+08 2.43795e+07
5.39317e+08 2.43571e+07
5.39317e+08 2.43571e+07
5.39328e+08 2.43683e+07
5.39339e+08 2.43683e+07
5.39339e+08 2.4346e+07
5.39351e+08 2.43571e+07
5.39373e+08 2.43683e+07
5.39373e+08 2.43683e+07
5.39395e+08 2.43907e+07
5.39473e+08 2.44577e+07
5.39518e+08 2.45024e+07
5.39563e+08 2.45471e+07
5.39697e+08 2.46701e+07
5.40088e+08 2.50166e+07
5.40111e+08 2.49383e+07
5.40111e+08 2.49383e+07
5.40111e+08 2.4916e+07
5.40278e+08 2.50278e+07
5.40301e+08 2.50501e+07
5.40535e+08 2.51283e+07
5.40636e+08 2.49495e+07
5.40714e+08 2.49942e+07
5.62813e+08 2.4961e+07
5.62836e+08 2.49834e+07
5.63372e+08 2.52517e+07
5.63797e+08 2.48828e+07
5.63842e+08 2.49051e+07
5.63875e+08 2.49387e+07
5.63909e+08 2.49722e+07
5.63954e+08 2.50169e+07
5.63954e+08 2.50057e+07
5.63954e+08 2.50057e+07
5.63954e+08 2.49387e+07
5.64066e+08 2.49946e+07
5.64144e+08 2.4894e+07
5.64177e+08 2.4894e+07
5.642e+08 2.49163e+07
5.642e+08 2.49163e+07
5.64222e+08 2.49275e+07
5.64244e+08 2.49498e+07
5.64244e+08 2.49275e+07
5.64244e+08 2.49275e+07
5.64244e+08 2.49275e+07
5.64244e+08 2.49163e+07
5.64256e+08 2.49163e+07
5.64256e+08 2.49163e+07
5.64256e+08 2.49051e+07
5.64278e+08 2.49051e+07
5.64312e+08 2.49386e+07
5.64323e+08 2.49275e+07
5.64334e+08 2.48604e+07
5.64345e+08 2.48716e+07
5.6439e+08 2.48716e+07
5.64435e+08 2.48716e+07
5.64669e+08 2.49722e+07
5.65027e+08 2.49386e+07
5.65116e+08 2.50057e+07
5.65172e+08 2.50616e+07
5.65239e+08 2.51287e+07
5.6553e+08 2.52516e+07
5.6553e+08 2.52292e+07
5.65765e+08 2.52293e+07
5.65765e+08 2.51287e+07
5.65798e+08 2.5084e+07
5.88848e+08 2.60345e+07
5.88848e+08 2.60121e+07
5.89407e+08 2.60344e+07
5.89519e+08 2.57214e+07
5.89541e+08 2.5699e+07
5.89541e+08 2.56655e+07
5.89552e+08 2.56431e+07
5.89586e+08 2.5632e+07
5.89586e+08 2.5632e+07
5.89586e+08 2.5632e+07
5.89586e+08 2.5632e+07
5.89697e+08 2.5632e+07
5.89731e+08 2.55873e+07
5.89742e+08 2.55649e+07
5.89742e+08 2.55426e+07
5.89742e+08 2.55426e+07
5.89753e+08 2.55314e+07
5.8982e+08 2.55761e+07
5.89843e+08 2.55984e+07
5.89865e+08 2.56208e+07
5.89865e+08 2.56208e+07
5.89899e+08 2.56543e+07
5.89899e+08 2.56431e+07
5.8991e+08 2.56543e+07
5.89932e+08 2.56767e+07
5.89955e+08 2.56767e+07
5.89955e+08 2.56432e+07
5.89999e+08 2.56767e+07
5.90022e+08 2.56879e+07
5.90145e+08 2.57996e+07
5.90201e+08 2.58555e+07
5.90447e+08 2.60567e+07
5.9048e+08 2.60455e+07
5.90581e+08 2.59114e+07
5.90938e+08 2.59114e+07
5.91017e+08 2.59002e+07
5.91028e+08 2.58555e+07
5.9124e+08 2.60008e+07
5.91285e+08 2.5755e+07
5.91318e+08 2.57885e+07
5.91553e+08 2.57885e+07
5.91598e+08 2.58333e+07
5.91699e+08 2.59003e+07
6.14546e+08 2.5698e+07
6.14546e+08 2.5698e+07
6.14669e+08 2.52626e+07
6.14681e+08 2.5162e+07
6.14691e+08 2.51498e+07
6.14691e+08 2.51499e+07
6.14691e+08 2.51387e+07
6.14758e+08 2.51724e+07
6.14793e+08 2.52072e+07
6.14871e+08 2.52855e+07
6.14882e+08 2.52966e+07
6.14972e+08 2.52744e+07
6.14972e+08 2.52409e+07
6.14994e+08 2.52521e+07
6.15004e+08 2.52623e+07
6.15027e+08 2.52847e+07
6.15039e+08 2.52858e+07
6.15095e+08 2.52748e+07
6.15161e+08 2.53184e+07
6.15185e+08 2.53196e+07
6.15185e+08 2.53196e+07
6.15196e+08 2.52972e+07
6.1523e+08 2.53308e+07
6.15274e+08 2.53644e+07
6.15286e+08 2.53533e+07
6.15342e+08 2.53869e+07
6.15364e+08 2.54093e+07
6.15409e+08 2.54094e+07
6.15419e+08 2.53972e+07
6.15454e+08 2.53091e+07
6.15454e+08 2.52532e+07
6.1551e+08 2.50633e+07
6.1552e+08 2.50736e+07
6.15554e+08 2.50736e+07
6.1561e+08 2.50289e+07
6.15789e+08 2.48504e+07
6.15845e+08 2.48282e+07
6.15857e+08 2.48294e+07
6.15901e+08 2.46608e+07
6.16025e+08 2.47405e+07
6.16025e+08 2.4707e+07
6.16184e+08 2.46304e+07
6.16205e+08 2.4607e+07
6.16328e+08 2.46298e+07
6.22894e+08 8.34781e+06
6.22905e+08 8.35897e+06
6.23095e+08 8.42556e+06
