5.44026e+06 5.4393e+06
8.37307e+06 2.93281e+06
8.37308e+06 2.93281e+06
9.51362e+06 1.14055e+06
9.51363e+06 1.14055e+06
1.22913e+07 2.77765e+06
1.22913e+07 2.77765e+06
1.22913e+07 2.77766e+06
1.52098e+07 2.91849e+06
1.52209e+07 2.92967e+06
1.52433e+07 2.95204e+06
1.52769e+07 2.98559e+06
1.86426e+07 3.43283e+06
1.86426e+07 3.42165e+06
1.86426e+07 3.39928e+06
1.8665e+07 3.38808e+06
1.8665e+07 3.38809e+06
2.22359e+07 3.59337e+06
2.2236e+07 3.59337e+06
2.2236e+07 3.59337e+06
2.22807e+07 3.61574e+06
2.23142e+07 3.64927e+06
2.23142e+07 3.64928e+06
2.68973e+07 4.66138e+06
2.68973e+07 4.66138e+06
2.68973e+07 4.66138e+06
2.69197e+07 4.63902e+06
2.69197e+07 4.60548e+06
2.69198e+07 4.60551e+06
2.69198e+07 4.60551e+06
3.12721e+07 4.37478e+06
3.12945e+07 4.39714e+06
3.13057e+07 4.40834e+06
3.13729e+07 4.45316e+06
3.13953e+07 4.47554e+06
3.13953e+07 4.47551e+06
3.13953e+07 4.47551e+06
3.63356e+07 5.06353e+06
3.63356e+07 5.06354e+06
3.63357e+07 5.04118e+06
3.63804e+07 5.07469e+06
3.65817e+07 5.20881e+06
3.65929e+07 5.19762e+06
3.65929e+07 5.19762e+06
3.65929e+07 5.19762e+06
4.22607e+07 5.92503e+06
4.22607e+07 5.92503e+06
4.22607e+07 5.92503e+06
4.23166e+07 5.98091e+06
4.23613e+07 5.98091e+06
4.25402e+07 5.95855e+06
4.26185e+07 6.0256e+06
4.26297e+07 6.03678e+06
4.26297e+07 6.03678e+06
4.87396e+07 6.47892e+06
4.87508e+07 6.49012e+06
4.87843e+07 6.52365e+06
4.87843e+07 6.46777e+06
4.88179e+07 6.5013e+06
4.88179e+07 6.4566e+06
4.90416e+07 6.50133e+06
4.91198e+07 6.50134e+06
4.9131e+07 6.50134e+06
4.9131e+07 6.50134e+06
5.54829e+07 6.74333e+06
5.54829e+07 6.73214e+06
5.54829e+07 6.69861e+06
5.54829e+07 6.69861e+06
5.5483e+07 6.6651e+06
5.55389e+07 6.721e+06
5.55501e+07 6.73218e+06
5.57849e+07 6.74333e+06
5.59861e+07 6.86628e+06
5.60532e+07 6.92218e+06
5.60532e+07 6.92218e+06
6.31096e+07 7.62669e+06
6.31096e+07 7.62669e+06
6.31767e+07 7.69377e+06
6.31991e+07 7.71612e+06
6.32438e+07 7.7608e+06
6.3255e+07 7.71608e+06
6.3255e+07 7.70491e+06
6.3255e+07 7.70491e+06
6.33891e+07 7.60419e+06
6.38138e+07 7.82774e+06
6.38138e+07 7.76067e+06
6.38139e+07 7.76067e+06
7.10159e+07 7.90633e+06
7.10159e+07 7.90633e+06
7.1016e+07 7.83926e+06
7.1016e+07 7.8169e+06
7.1016e+07 7.77221e+06
7.1016e+07 7.76103e+06
7.1016e+07 7.76106e+06
7.1016e+07 7.76106e+06
7.10272e+07 7.77224e+06
7.10272e+07 7.63813e+06
7.14967e+07 7.68284e+06
7.14967e+07 7.68284e+06
7.14967e+07 7.68284e+06
7.96492e+07 8.63325e+06
7.97163e+07 8.70031e+06
7.97386e+07 8.72266e+06
7.97386e+07 8.72266e+06
7.97386e+07 8.72265e+06
7.97386e+07 8.72265e+06
7.97386e+07 8.72262e+06
7.97498e+07 8.73379e+06
7.97498e+07 8.72262e+06
7.97498e+07 8.72262e+06
7.97499e+07 8.72263e+06
8.03088e+07 8.81207e+06
8.03423e+07 8.8456e+06
8.03423e+07 8.84561e+06
8.87857e+07 9.13651e+06
8.87857e+07 9.06944e+06
8.87857e+07 9.04709e+06
8.87857e+07 9.04709e+06
8.87857e+07 9.04709e+06
8.87857e+07 9.04709e+06
8.87857e+07 9.04709e+06
8.87857e+07 9.03592e+06
8.87858e+07 9.03592e+06
8.87858e+07 9.03592e+06
8.8797e+07 9.0471e+06
8.8797e+07 9.0471e+06
8.9177e+07 8.86822e+06
8.92217e+07 8.87941e+06
8.92552e+07 8.91292e+06
9.847e+07 9.68433e+06
9.847e+07 9.68433e+06
9.84812e+07 9.69552e+06
9.84812e+07 9.69552e+06
9.85259e+07 9.74023e+06
9.8526e+07 9.74023e+06
9.8526e+07 9.74023e+06
9.85372e+07 9.75142e+06
9.85595e+07 9.77377e+06
9.85819e+07 9.79612e+06
9.87495e+07 9.9526e+06
9.87943e+07 9.99732e+06
9.88278e+07 1.00309e+07
9.89285e+07 9.75155e+06
9.89956e+07 9.7739e+06
9.89956e+07 9.74037e+06
1.08624e+08 1.01543e+07
1.08624e+08 1.01543e+07
1.08669e+08 1.01878e+07
1.08669e+08 1.01878e+07
1.08703e+08 1.01766e+07
1.08758e+08 1.02325e+07
1.08803e+08 1.02772e+07
1.08826e+08 1.02884e+07
1.08826e+08 1.02661e+07
1.08826e+08 1.02437e+07
1.08826e+08 1.0076e+07
1.08893e+08 1.00984e+07
1.08893e+08 1.00649e+07
1.09206e+08 1.02771e+07
1.09206e+08 1.02771e+07
1.09206e+08 1.02101e+07
1.09262e+08 1.0266e+07
1.19517e+08 1.08922e+07
1.19584e+08 1.09593e+07
1.19584e+08 1.09146e+07
1.19595e+08 1.09258e+07
1.19606e+08 1.09034e+07
1.19606e+08 1.08475e+07
1.19617e+08 1.0814e+07
1.1964e+08 1.0814e+07
1.1964e+08 1.0814e+07
1.19662e+08 1.08363e+07
1.19684e+08 1.08587e+07
1.19729e+08 1.08363e+07
1.19785e+08 1.08922e+07
1.19953e+08 1.0747e+07
1.19997e+08 1.07917e+07
1.2002e+08 1.08141e+07
1.20053e+08 1.08476e+07
1.20132e+08 1.08699e+07
1.307e+08 1.11831e+07
1.30756e+08 1.1172e+07
1.30756e+08 1.1172e+07
1.30845e+08 1.12503e+07
1.30867e+08 1.12615e+07
1.30935e+08 1.13285e+07
1.30979e+08 1.13621e+07
1.30979e+08 1.13397e+07
1.3099e+08 1.13509e+07
1.3099e+08 1.13285e+07
1.3099e+08 1.13062e+07
1.3099e+08 1.12615e+07
1.31091e+08 1.13062e+07
1.31214e+08 1.12614e+07
1.31315e+08 1.13173e+07
1.31326e+08 1.13061e+07
1.31404e+08 1.13508e+07
1.31404e+08 1.13508e+07
1.31594e+08 1.14626e+07
1.42643e+08 1.19433e+07
1.42732e+08 1.19768e+07
1.42755e+08 1.19992e+07
1.43045e+08 1.22004e+07
1.43045e+08 1.21781e+07
1.43057e+08 1.21222e+07
1.4309e+08 1.2111e+07
1.43101e+08 1.21221e+07
1.43101e+08 1.2111e+07
1.43124e+08 1.21333e+07
1.43157e+08 1.21668e+07
1.4318e+08 1.21892e+07
1.43202e+08 1.2111e+07
1.43247e+08 1.20327e+07
1.43403e+08 1.20886e+07
1.43426e+08 1.20998e+07
1.43459e+08 1.20551e+07
1.43459e+08 1.20551e+07
1.43526e+08 1.21222e+07
1.43794e+08 1.22003e+07
1.55012e+08 1.23688e+07
1.55012e+08 1.22793e+07
1.55068e+08 1.23128e+07
1.55548e+08 1.25027e+07
1.55593e+08 1.25474e+07
1.55615e+08 1.25586e+07
1.55627e+08 1.25363e+07
1.55627e+08 1.25251e+07
1.55638e+08 1.25363e+07
1.55638e+08 1.2514e+07
1.55638e+08 1.24804e+07
1.55783e+08 1.26035e+07
1.55806e+08 1.26035e+07
1.55973e+08 1.27265e+07
1.55984e+08 1.25812e+07
1.55996e+08 1.257e+07
1.56063e+08 1.26036e+07
1.56074e+08 1.26147e+07
1.56074e+08 1.25477e+07
1.56174e+08 1.238e+07
1.56219e+08 1.24248e+07
1.68375e+08 1.33632e+07
1.68431e+08 1.34191e+07
1.68464e+08 1.33967e+07
1.68666e+08 1.31175e+07
1.68666e+08 1.30728e+07
1.68666e+08 1.30504e+07
1.68688e+08 1.30615e+07
1.68688e+08 1.30615e+07
1.68722e+08 1.30839e+07
1.68733e+08 1.30951e+07
1.68778e+08 1.31398e+07
1.68901e+08 1.31174e+07
1.68968e+08 1.31621e+07
1.69147e+08 1.31733e+07
1.69169e+08 1.31845e+07
1.69169e+08 1.31733e+07
1.6927e+08 1.32068e+07
1.69314e+08 1.32403e+07
1.69337e+08 1.32627e+07
1.69381e+08 1.32068e+07
1.6965e+08 1.34304e+07
1.6965e+08 1.34304e+07
1.80476e+08 1.21009e+07
1.80521e+08 1.20897e+07
1.80576e+08 1.21121e+07
1.81772e+08 1.31066e+07
1.81795e+08 1.31289e+07
1.81828e+08 1.31625e+07
1.81873e+08 1.31848e+07
1.81873e+08 1.31848e+07
1.8194e+08 1.32183e+07
1.8194e+08 1.32072e+07
1.82007e+08 1.32295e+07
1.82085e+08 1.31849e+07
1.8213e+08 1.31625e+07
1.82466e+08 1.3319e+07
1.82521e+08 1.33526e+07
1.82522e+08 1.33526e+07
1.82522e+08 1.3252e+07
1.82522e+08 1.32073e+07
1.82533e+08 1.31961e+07
1.82644e+08 1.32632e+07
1.82957e+08 1.33079e+07
1.83002e+08 1.33526e+07
1.93593e+08 1.31173e+07
1.93683e+08 1.32068e+07
1.93895e+08 1.33744e+07
1.93973e+08 1.33968e+07
1.95001e+08 1.32291e+07
1.9527e+08 1.3475e+07
1.95314e+08 1.34862e+07
1.95437e+08 1.35644e+07
1.95471e+08 1.35979e+07
1.95516e+08 1.35756e+07
1.95516e+08 1.35756e+07
1.95717e+08 1.37097e+07
1.96119e+08 1.40337e+07
1.96153e+08 1.40226e+07
1.96399e+08 1.39332e+07
1.96488e+08 1.39668e+07
1.966e+08 1.40785e+07
1.96611e+08 1.40897e+07
1.96611e+08 1.40897e+07
1.96611e+08 1.40785e+07
1.96611e+08 1.39668e+07
1.96745e+08 1.37879e+07
1.97014e+08 1.40115e+07
2.07941e+08 1.43482e+07
2.08008e+08 1.43258e+07
2.08053e+08 1.43705e+07
2.08131e+08 1.42364e+07
2.08142e+08 1.41693e+07
2.08847e+08 1.38452e+07
2.09484e+08 1.42141e+07
2.09484e+08 1.41694e+07
2.09841e+08 1.44041e+07
2.09897e+08 1.44264e+07
2.09953e+08 1.44376e+07
2.09953e+08 1.44376e+07
2.09976e+08 1.42588e+07
2.10199e+08 1.40799e+07
2.10702e+08 1.45493e+07
2.10937e+08 1.45381e+07
2.11026e+08 1.4538e+07
2.11116e+08 1.45157e+07
2.11138e+08 1.45269e+07
2.11149e+08 1.45381e+07
2.11172e+08 1.45604e+07
2.11172e+08 1.45604e+07
2.11183e+08 1.44375e+07
2.11418e+08 1.44041e+07
2.22772e+08 1.48304e+07
2.22794e+08 1.47857e+07
2.2285e+08 1.47969e+07
2.2285e+08 1.47187e+07
2.2285e+08 1.47187e+07
2.2285e+08 1.47075e+07
2.2285e+08 1.40034e+07
2.23599e+08 1.41151e+07
2.24046e+08 1.45622e+07
2.24303e+08 1.44616e+07
2.2437e+08 1.44727e+07
2.24392e+08 1.44392e+07
2.24426e+08 1.44727e+07
2.24448e+08 1.44727e+07
2.24627e+08 1.4428e+07
2.25242e+08 1.45398e+07
2.25745e+08 1.48081e+07
2.25913e+08 1.48863e+07
2.26013e+08 1.48974e+07
2.26192e+08 1.50539e+07
2.26214e+08 1.50651e+07
2.26226e+08 1.50539e+07
2.26248e+08 1.50763e+07
2.26293e+08 1.51098e+07
2.26539e+08 1.51209e+07
2.38333e+08 1.55614e+07
2.384e+08 1.56061e+07
2.38423e+08 1.55726e+07
2.38423e+08 1.55726e+07
2.38423e+08 1.55726e+07
2.38423e+08 1.55726e+07
2.38445e+08 1.5595e+07
2.38501e+08 1.56508e+07
2.38523e+08 1.49244e+07
2.38523e+08 1.44774e+07
2.38903e+08 1.46003e+07
2.38993e+08 1.46226e+07
2.39328e+08 1.49356e+07
2.39328e+08 1.4902e+07
2.39842e+08 1.53938e+07
2.39965e+08 1.53379e+07
2.40457e+08 1.52149e+07
2.41228e+08 1.5483e+07
2.41351e+08 1.54384e+07
2.41362e+08 1.5349e+07
2.41474e+08 1.52819e+07
2.41496e+08 1.52819e+07
2.41496e+08 1.52708e+07
2.41552e+08 1.53043e+07
2.4172e+08 1.54273e+07
2.42223e+08 1.56843e+07
2.54282e+08 1.59486e+07
2.54326e+08 1.59262e+07
2.54326e+08 1.59039e+07
2.54326e+08 1.59039e+07
2.54338e+08 1.5915e+07
2.54338e+08 1.5915e+07
2.54449e+08 1.60044e+07
2.54449e+08 1.60045e+07
2.54449e+08 1.59486e+07
2.54494e+08 1.59709e+07
2.54494e+08 1.59709e+07
2.54785e+08 1.58815e+07
2.54818e+08 1.58256e+07
2.54874e+08 1.55462e+07
2.54908e+08 1.55798e+07
2.5512e+08 1.5278e+07
2.55142e+08 1.51774e+07
2.55757e+08 1.53003e+07
2.56349e+08 1.51215e+07
2.56551e+08 1.51997e+07
2.57244e+08 1.58815e+07
2.5749e+08 1.60156e+07
2.5768e+08 1.61833e+07
2.5768e+08 1.61833e+07
2.57713e+08 1.61609e+07
2.57803e+08 1.60826e+07
2.5825e+08 1.60267e+07
2.7096e+08 1.66787e+07
2.7096e+08 1.6634e+07
2.7096e+08 1.6634e+07
2.70994e+08 1.66675e+07
2.71095e+08 1.67569e+07
2.71106e+08 1.67681e+07
2.71206e+08 1.67569e+07
2.71206e+08 1.67569e+07
2.71206e+08 1.67569e+07
2.71206e+08 1.67569e+07
2.71218e+08 1.67234e+07
2.71273e+08 1.67793e+07
2.71385e+08 1.66005e+07
2.71408e+08 1.65893e+07
2.71486e+08 1.66116e+07
2.71542e+08 1.6634e+07
2.71642e+08 1.65222e+07
2.71743e+08 1.66005e+07
2.71788e+08 1.60305e+07
2.71978e+08 1.56281e+07
2.72179e+08 1.56281e+07
2.74045e+08 1.68016e+07
2.74045e+08 1.65557e+07
2.74537e+08 1.68575e+07
2.74627e+08 1.69469e+07
2.74794e+08 1.70811e+07
2.74939e+08 1.7137e+07
2.75621e+08 1.73716e+07
2.87809e+08 1.68488e+07
2.87809e+08 1.68488e+07
2.87854e+08 1.68935e+07
2.88189e+08 1.71953e+07
2.882e+08 1.71059e+07
2.8839e+08 1.72847e+07
2.8839e+08 1.71841e+07
2.88446e+08 1.724e+07
2.88469e+08 1.72624e+07
2.88491e+08 1.72847e+07
2.88502e+08 1.72959e+07
2.88569e+08 1.73518e+07
2.8858e+08 1.73071e+07
2.8867e+08 1.72847e+07
2.88681e+08 1.72735e+07
2.88748e+08 1.72624e+07
2.88849e+08 1.73071e+07
2.88893e+08 1.72512e+07
2.88905e+08 1.71618e+07
2.88916e+08 1.71282e+07
2.88938e+08 1.69606e+07
2.88938e+08 1.67594e+07
2.89586e+08 1.55412e+07
2.89676e+08 1.56306e+07
2.92135e+08 1.75977e+07
2.92414e+08 1.77877e+07
2.92492e+08 1.76982e+07
2.92504e+08 1.75641e+07
2.92671e+08 1.705e+07
3.05672e+08 1.78627e+07
3.05717e+08 1.79075e+07
3.05717e+08 1.78628e+07
3.06086e+08 1.78963e+07
3.06186e+08 1.79857e+07
3.06399e+08 1.80081e+07
3.06432e+08 1.80416e+07
3.06533e+08 1.80863e+07
3.06555e+08 1.80863e+07
3.06555e+08 1.8064e+07
3.06566e+08 1.8064e+07
3.06566e+08 1.8064e+07
3.06589e+08 1.80193e+07
3.06656e+08 1.80752e+07
3.06712e+08 1.80416e+07
3.06712e+08 1.80305e+07
3.06712e+08 1.79634e+07
3.06712e+08 1.78628e+07
3.0679e+08 1.78963e+07
3.06801e+08 1.78963e+07
3.06801e+08 1.78852e+07
3.06801e+08 1.78628e+07
3.06801e+08 1.78628e+07
3.06801e+08 1.72146e+07
3.0689e+08 1.72146e+07
3.10746e+08 1.86117e+07
3.10769e+08 1.83546e+07
3.10769e+08 1.82764e+07
3.10769e+08 1.82652e+07
3.10769e+08 1.80975e+07
3.24013e+08 1.83407e+07
3.24292e+08 1.85754e+07
3.24292e+08 1.85754e+07
3.24393e+08 1.83072e+07
3.24762e+08 1.85754e+07
3.25041e+08 1.86425e+07
3.25041e+08 1.8609e+07
3.25041e+08 1.85084e+07
3.25142e+08 1.85866e+07
3.25175e+08 1.86202e+07
3.2522e+08 1.86537e+07
3.25242e+08 1.8676e+07
3.25242e+08 1.86537e+07
3.25276e+08 1.86872e+07
3.25276e+08 1.86202e+07
3.25276e+08 1.85643e+07
3.25287e+08 1.85755e+07
3.25287e+08 1.85755e+07
3.25287e+08 1.85755e+07
3.25287e+08 1.84972e+07
3.25287e+08 1.84861e+07
3.25287e+08 1.84861e+07
3.25287e+08 1.84861e+07
3.25298e+08 1.84972e+07
3.25298e+08 1.84972e+07
3.25365e+08 1.84749e+07
3.29255e+08 1.85084e+07
3.29288e+08 1.85196e+07
3.29288e+08 1.85196e+07
3.29288e+08 1.85196e+07
3.29288e+08 1.85196e+07
3.42671e+08 1.8658e+07
3.43341e+08 1.90492e+07
3.43352e+08 1.90603e+07
3.43811e+08 1.9418e+07
3.43867e+08 1.91051e+07
3.44135e+08 1.90939e+07
3.44191e+08 1.91497e+07
3.44213e+08 1.91721e+07
3.44303e+08 1.91609e+07
3.44403e+08 1.9228e+07
3.44403e+08 1.91833e+07
3.44437e+08 1.91945e+07
3.44448e+08 1.92056e+07
3.44448e+08 1.91721e+07
3.44448e+08 1.91721e+07
3.44448e+08 1.91721e+07
3.44448e+08 1.91721e+07
3.44448e+08 1.91609e+07
3.44448e+08 1.91609e+07
3.44459e+08 1.91721e+07
3.44459e+08 1.91721e+07
3.4447e+08 1.91833e+07
3.44515e+08 1.9228e+07
3.44638e+08 1.9351e+07
3.44638e+08 1.93398e+07
3.44649e+08 1.9351e+07
3.44683e+08 1.93175e+07
3.48461e+08 1.92057e+07
3.48528e+08 1.92392e+07
3.48528e+08 1.92392e+07
3.48583e+08 1.92951e+07
3.48606e+08 1.93175e+07
3.6128e+08 1.86095e+07
3.62331e+08 1.89895e+07
3.6242e+08 1.90677e+07
3.6327e+08 1.94589e+07
3.6327e+08 1.9403e+07
3.63616e+08 1.94813e+07
3.63817e+08 1.96266e+07
3.63817e+08 1.96042e+07
3.64019e+08 1.9716e+07
3.64041e+08 1.96377e+07
3.64052e+08 1.96489e+07
3.64052e+08 1.96154e+07
3.64052e+08 1.96042e+07
3.64074e+08 1.96266e+07
3.64108e+08 1.96601e+07
3.64119e+08 1.96713e+07
3.64119e+08 1.96713e+07
3.64119e+08 1.96713e+07
3.64142e+08 1.96936e+07
3.64142e+08 1.96936e+07
3.64153e+08 1.96936e+07
3.64153e+08 1.96936e+07
3.6422e+08 1.97495e+07
3.6422e+08 1.97048e+07
3.64354e+08 1.97159e+07
3.64421e+08 1.9783e+07
3.64421e+08 1.97718e+07
3.64466e+08 1.9783e+07
3.68042e+08 1.95819e+07
3.68132e+08 1.96043e+07
3.68132e+08 1.96043e+07
3.68367e+08 1.97831e+07
3.68389e+08 1.97832e+07
3.81402e+08 2.01219e+07
3.81715e+08 1.93843e+07
3.81715e+08 1.92949e+07
3.83548e+08 2.02784e+07
3.83559e+08 2.02896e+07
3.83783e+08 2.01666e+07
3.83962e+08 2.01444e+07
3.84006e+08 2.01891e+07
3.8404e+08 2.00214e+07
3.84073e+08 2.00326e+07
3.84096e+08 2.00438e+07
3.84174e+08 2.0122e+07
3.84208e+08 2.01555e+07
3.84286e+08 2.02114e+07
3.84286e+08 2.01779e+07
3.84375e+08 2.02561e+07
3.84375e+08 2.02561e+07
3.84398e+08 2.02785e+07
3.84398e+08 2.02785e+07
3.84431e+08 2.02897e+07
3.84454e+08 2.0312e+07
3.84465e+08 2.0312e+07
3.84465e+08 2.0312e+07
3.84476e+08 2.02561e+07
3.84476e+08 2.02561e+07
3.84532e+08 2.01779e+07
3.84543e+08 2.0122e+07
3.84599e+08 2.01779e+07
3.84755e+08 2.02897e+07
3.88444e+08 2.04015e+07
3.88578e+08 2.04462e+07
3.88634e+08 2.05021e+07
3.88824e+08 2.04574e+07
3.88913e+08 2.05244e+07
4.02102e+08 2.07003e+07
4.02382e+08 2.06667e+07
4.02382e+08 2.06667e+07
4.04304e+08 2.07561e+07
4.04338e+08 2.07784e+07
4.0455e+08 2.07672e+07
4.04673e+08 2.07113e+07
4.04695e+08 2.0689e+07
4.04707e+08 2.06666e+07
4.0474e+08 2.06667e+07
4.0474e+08 2.06443e+07
4.0474e+08 2.05661e+07
4.0474e+08 2.05326e+07
4.04997e+08 2.07114e+07
4.04997e+08 2.07114e+07
4.05008e+08 2.06332e+07
4.05064e+08 2.0689e+07
4.05064e+08 2.06667e+07
4.05064e+08 2.06667e+07
4.05109e+08 2.07114e+07
4.05143e+08 2.07114e+07
4.05176e+08 2.07226e+07
4.05243e+08 2.07785e+07
4.05243e+08 2.07785e+07
4.05366e+08 2.08902e+07
4.05377e+08 2.09014e+07
4.05444e+08 2.09126e+07
4.05512e+08 2.09685e+07
4.05601e+08 2.1002e+07
4.05623e+08 2.08679e+07
4.09457e+08 2.10132e+07
4.09669e+08 2.10914e+07
4.09703e+08 2.10691e+07
4.09759e+08 2.0935e+07
4.09904e+08 2.09909e+07
4.23434e+08 2.13317e+07
4.2397e+08 2.15888e+07
4.2397e+08 2.15888e+07
4.25066e+08 2.07617e+07
4.25166e+08 2.08287e+07
4.25748e+08 2.11975e+07
4.26016e+08 2.13429e+07
4.26083e+08 2.13876e+07
4.26094e+08 2.13876e+07
4.26117e+08 2.13764e+07
4.26139e+08 2.13988e+07
4.2615e+08 2.14099e+07
4.26161e+08 2.14211e+07
4.26184e+08 2.11864e+07
4.26228e+08 2.12311e+07
4.26251e+08 2.12423e+07
4.26295e+08 2.12311e+07
4.26295e+08 2.12311e+07
4.26318e+08 2.12535e+07
4.26351e+08 2.12423e+07
4.26418e+08 2.13094e+07
4.26452e+08 2.13094e+07
4.26463e+08 2.1287e+07
4.26508e+08 2.12647e+07
4.26586e+08 2.13429e+07
4.26676e+08 2.13093e+07
4.2672e+08 2.13429e+07
4.26787e+08 2.13428e+07
4.26787e+08 2.12758e+07
4.26787e+08 2.11864e+07
4.26821e+08 2.11975e+07
4.31091e+08 2.16335e+07
4.31225e+08 2.15552e+07
4.31348e+08 2.16446e+07
4.31381e+08 2.16223e+07
4.31471e+08 2.15664e+07
4.4556e+08 2.21266e+07
4.46063e+08 2.2093e+07
4.46142e+08 2.21713e+07
4.46399e+08 2.13331e+07
4.46902e+08 2.17354e+07
4.47204e+08 2.1456e+07
4.48008e+08 2.19924e+07
4.4812e+08 2.20372e+07
4.48165e+08 2.20707e+07
4.48165e+08 2.20483e+07
4.48176e+08 2.20371e+07
4.48198e+08 2.20483e+07
4.48198e+08 2.20371e+07
4.4821e+08 2.20259e+07
4.48232e+08 2.20036e+07
4.48232e+08 2.19812e+07
4.48277e+08 2.19813e+07
4.48299e+08 2.20036e+07
4.48299e+08 2.19813e+07
4.48344e+08 2.19925e+07
4.48377e+08 2.1959e+07
4.48377e+08 2.19254e+07
4.484e+08 2.19478e+07
4.484e+08 2.19366e+07
4.484e+08 2.18919e+07
4.48422e+08 2.1836e+07
4.48456e+08 2.17801e+07
4.48489e+08 2.1769e+07
4.48489e+08 2.17019e+07
4.485e+08 2.17131e+07
4.485e+08 2.17131e+07
4.48512e+08 2.16907e+07
4.52915e+08 2.18247e+07
4.5296e+08 2.17353e+07
4.53608e+08 2.22606e+07
4.53631e+08 2.22494e+07
4.53631e+08 2.216e+07
4.67562e+08 2.20015e+07
4.68311e+08 2.22473e+07
4.68635e+08 2.24932e+07
4.6878e+08 2.23815e+07
4.69015e+08 2.21133e+07
4.69171e+08 2.1968e+07
4.7068e+08 2.2672e+07
4.70714e+08 2.25938e+07
4.70736e+08 2.25714e+07
4.7077e+08 2.2605e+07
4.70781e+08 2.2605e+07
4.70781e+08 2.25826e+07
4.70803e+08 2.2605e+07
4.70815e+08 2.2605e+07
4.70837e+08 2.2605e+07
4.70848e+08 2.26162e+07
4.70915e+08 2.26385e+07
4.7096e+08 2.26609e+07
4.71005e+08 2.27056e+07
4.71094e+08 2.27503e+07
4.71094e+08 2.27168e+07
4.71094e+08 2.27168e+07
4.71094e+08 2.26944e+07
4.71105e+08 2.27056e+07
4.71105e+08 2.27056e+07
4.71105e+08 2.27056e+07
4.71105e+08 2.26833e+07
4.71105e+08 2.26497e+07
4.71161e+08 2.26721e+07
4.71161e+08 2.26721e+07
4.71161e+08 2.26609e+07
4.71262e+08 2.27615e+07
4.71262e+08 2.27503e+07
4.7523e+08 2.23144e+07
4.7523e+08 2.22697e+07
4.76291e+08 2.26831e+07
4.76291e+08 2.26608e+07
4.76325e+08 2.26943e+07
4.91412e+08 2.38503e+07
4.91681e+08 2.33697e+07
4.92217e+08 2.3582e+07
4.92563e+08 2.37832e+07
4.93167e+08 2.4152e+07
4.93636e+08 2.44649e+07
4.93983e+08 2.33026e+07
4.94061e+08 2.33474e+07
4.94128e+08 2.3392e+07
4.94128e+08 2.33585e+07
4.94128e+08 2.33473e+07
4.94128e+08 2.33473e+07
4.94128e+08 2.3325e+07
4.9414e+08 2.3325e+07
4.94184e+08 2.33474e+07
4.94207e+08 2.33585e+07
4.94263e+08 2.33474e+07
4.94363e+08 2.34032e+07
4.94464e+08 2.34591e+07
4.94754e+08 2.36603e+07
4.94788e+08 2.36938e+07
4.94866e+08 2.3772e+07
4.94866e+08 2.3772e+07
4.94866e+08 2.37609e+07
4.94967e+08 2.38615e+07
4.94967e+08 2.38615e+07
4.94967e+08 2.38615e+07
4.94967e+08 2.38615e+07
4.95e+08 2.3895e+07
4.95056e+08 2.3895e+07
4.95056e+08 2.3895e+07
4.95112e+08 2.39509e+07
4.9528e+08 2.40179e+07
4.9528e+08 2.40179e+07
4.98588e+08 2.33585e+07
4.98655e+08 2.34256e+07
4.99706e+08 2.34144e+07
4.99739e+08 2.3448e+07
4.99851e+08 2.35263e+07
5.15096e+08 2.36836e+07
5.15733e+08 2.40524e+07
5.16225e+08 2.40077e+07
5.16661e+08 2.40971e+07
5.16739e+08 2.35719e+07
5.17409e+08 2.3773e+07
5.17946e+08 2.3963e+07
5.18024e+08 2.3963e+07
5.18047e+08 2.39182e+07
5.18058e+08 2.39295e+07
5.18103e+08 2.39742e+07
5.18103e+08 2.39742e+07
5.18125e+08 2.39966e+07
5.18147e+08 2.40077e+07
5.18214e+08 2.40301e+07
5.18226e+08 2.40189e+07
5.18382e+08 2.41195e+07
5.18852e+08 2.44883e+07
5.18874e+08 2.44101e+07
5.18896e+08 2.41418e+07
5.18896e+08 2.41083e+07
5.18952e+08 2.4086e+07
5.18952e+08 2.4086e+07
5.18975e+08 2.41083e+07
5.18975e+08 2.40077e+07
5.18975e+08 2.40077e+07
5.1903e+08 2.40636e+07
5.1912e+08 2.4153e+07
5.1912e+08 2.4153e+07
5.19209e+08 2.42089e+07
5.19232e+08 2.41754e+07
5.19299e+08 2.42425e+07
5.19299e+08 2.41866e+07
5.19433e+08 2.41531e+07
5.19701e+08 2.44214e+07
5.21948e+08 2.33595e+07
5.22227e+08 2.35719e+07
5.23635e+08 2.39294e+07
5.23736e+08 2.39965e+07
5.23915e+08 2.40636e+07
5.4084e+08 2.57437e+07
5.41208e+08 2.54754e+07
5.41454e+08 2.52295e+07
5.42415e+08 2.57547e+07
5.42449e+08 2.571e+07
5.42505e+08 2.50954e+07
5.42516e+08 2.45701e+07
5.42572e+08 2.45478e+07
5.42606e+08 2.4559e+07
5.4265e+08 2.45925e+07
5.42751e+08 2.46484e+07
5.42751e+08 2.46484e+07
5.42874e+08 2.4749e+07
5.43008e+08 2.48608e+07
5.43299e+08 2.50843e+07
5.43366e+08 2.51401e+07
5.43478e+08 2.50954e+07
5.43511e+08 2.46595e+07
5.43533e+08 2.46595e+07
5.43556e+08 2.46595e+07
5.43556e+08 2.46595e+07
5.43589e+08 2.46372e+07
5.43645e+08 2.46931e+07
5.43925e+08 2.49502e+07
5.43992e+08 2.50173e+07
5.44014e+08 2.50396e+07
5.44092e+08 2.5062e+07
5.44092e+08 2.5062e+07
5.44406e+08 2.52856e+07
5.44406e+08 2.52856e+07
5.44428e+08 2.52185e+07
5.44428e+08 2.51962e+07
5.44607e+08 2.53079e+07
5.44607e+08 2.53079e+07
5.46026e+08 2.65931e+07
5.46339e+08 2.66378e+07
5.4768e+08 2.57324e+07
5.47781e+08 2.55536e+07
5.47948e+08 2.43131e+07
5.48082e+08 2.43466e+07
5.49223e+08 2.53078e+07
5.65996e+08 2.51566e+07
5.66611e+08 2.54024e+07
5.66901e+08 2.54472e+07
5.67315e+08 2.48995e+07
5.6736e+08 2.49107e+07
5.67617e+08 2.51119e+07
5.6765e+08 2.51342e+07
5.67684e+08 2.51119e+07
5.67684e+08 2.50783e+07
5.67785e+08 2.51343e+07
5.68075e+08 2.53243e+07
5.68153e+08 2.54025e+07
5.68254e+08 2.53802e+07
5.68478e+08 2.54696e+07
5.68534e+08 2.52348e+07
5.68578e+08 2.52125e+07
5.68668e+08 2.51901e+07
5.6869e+08 2.5179e+07
5.6869e+08 2.51566e+07
5.6869e+08 2.51343e+07
5.68701e+08 2.51455e+07
5.68757e+08 2.51678e+07
5.68847e+08 2.52014e+07
5.6935e+08 2.54249e+07
5.69394e+08 2.54026e+07
5.69417e+08 2.54026e+07
5.69551e+08 2.54585e+07
5.69685e+08 2.55926e+07
5.70836e+08 2.64307e+07
5.70836e+08 2.64307e+07
5.71037e+08 2.66318e+07
5.7135e+08 2.69224e+07
5.71417e+08 2.69895e+07
5.71484e+08 2.68777e+07
5.71484e+08 2.68777e+07
5.71574e+08 2.55478e+07
5.7192e+08 2.55813e+07
5.72345e+08 2.46649e+07
5.72345e+08 2.45643e+07
5.72345e+08 2.43966e+07
5.72345e+08 2.42625e+07
5.74346e+08 2.5123e+07
5.92395e+08 2.63993e+07
5.92395e+08 2.57846e+07
5.92999e+08 2.60975e+07
5.931e+08 2.57846e+07
5.93122e+08 2.57623e+07
5.93301e+08 2.56841e+07
5.93357e+08 2.57065e+07
5.93413e+08 2.57288e+07
5.93457e+08 2.57735e+07
5.93659e+08 2.58741e+07
5.94173e+08 2.60977e+07
5.9424e+08 2.60865e+07
5.94296e+08 2.60418e+07
5.94329e+08 2.58518e+07
5.94329e+08 2.57959e+07
5.94352e+08 2.57736e+07
5.94385e+08 2.57177e+07
5.9443e+08 2.574e+07
5.9443e+08 2.574e+07
5.94464e+08 2.57736e+07
5.94508e+08 2.58072e+07
5.94654e+08 2.58966e+07
5.94721e+08 2.58742e+07
5.96855e+08 2.75058e+07
5.96956e+08 2.75616e+07
5.97381e+08 2.7964e+07
5.97381e+08 2.78299e+07
5.97381e+08 2.76957e+07
5.97582e+08 2.67458e+07
5.97582e+08 2.67458e+07
5.97627e+08 2.67905e+07
5.97727e+08 2.66899e+07
5.97727e+08 2.6377e+07
5.97828e+08 2.64105e+07
5.97973e+08 2.64888e+07
5.98074e+08 2.65893e+07
5.98152e+08 2.65782e+07
5.98152e+08 2.62317e+07
5.98219e+08 2.58741e+07
5.98286e+08 2.59411e+07
5.98286e+08 2.59411e+07
5.98431e+08 2.60864e+07
6.00611e+08 2.62653e+07
6.14754e+08 2.23585e+07
6.14754e+08 2.23586e+07
6.1481e+08 2.18111e+07
6.14888e+08 2.17888e+07
6.14967e+08 2.18449e+07
6.15243e+08 2.19426e+07
6.15314e+08 2.19573e+07
6.15434e+08 2.20208e+07
6.15512e+08 2.20544e+07
6.15635e+08 2.19762e+07
6.15897e+08 2.17241e+07
6.15919e+08 2.16794e+07
6.1602e+08 2.17244e+07
6.16121e+08 2.17917e+07
6.16132e+08 2.18029e+07
6.16188e+08 2.18366e+07
6.162e+08 2.18144e+07
6.16278e+08 2.18481e+07
6.16278e+08 2.18481e+07
6.16323e+08 2.18595e+07
6.16379e+08 2.18709e+07
6.16391e+08 2.17369e+07
6.16436e+08 2.17147e+07
6.16469e+08 1.9614e+07
6.1647e+08 1.95134e+07
6.1647e+08 1.90889e+07
6.1647e+08 1.90889e+07
6.1647e+08 1.9089e+07
6.1647e+08 1.88879e+07
6.1647e+08 1.88881e+07
6.16481e+08 1.88546e+07
6.16481e+08 1.87541e+07
6.16481e+08 1.87542e+07
6.16482e+08 1.87543e+07
6.16515e+08 1.86873e+07
6.16538e+08 1.85646e+07
6.16549e+08 1.84753e+07
6.1656e+08 1.84083e+07
6.16594e+08 1.84419e+07
6.16605e+08 1.83861e+07
6.16605e+08 1.83192e+07
6.16605e+08 1.83193e+07
6.16628e+08 1.81964e+07
6.17527e+08 1.69157e+07
6.23236e+08 8.48224e+06
6.23259e+08 8.50453e+06
6.23348e+08 8.53803e+06
