3.6295e+06 3.62942e+06
8.32975e+06 4.70024e+06
8.32975e+06 4.70025e+06
9.45988e+06 1.13013e+06
9.45989e+06 1.13013e+06
1.13539e+07 1.89399e+06
1.13539e+07 1.894e+06
1.13539e+07 1.894e+06
1.36908e+07 2.33696e+06
1.36908e+07 2.33696e+06
1.36909e+07 2.33697e+06
1.36909e+07 2.33697e+06
1.66166e+07 2.92579e+06
1.66166e+07 2.92579e+06
1.6639e+07 2.94814e+06
1.66614e+07 2.9705e+06
1.66614e+07 2.97051e+06
1.99784e+07 3.36179e+06
2.00678e+07 3.45119e+06
2.00678e+07 3.42883e+06
2.01125e+07 3.45119e+06
2.01126e+07 3.45119e+06
2.01126e+07 3.4512e+06
2.43052e+07 4.32675e+06
2.43052e+07 4.23737e+06
2.43052e+07 4.23737e+06
2.43052e+07 4.19267e+06
2.43052e+07 4.19267e+06
2.43053e+07 4.19268e+06
2.43053e+07 4.19269e+06
2.82641e+07 3.95899e+06
2.83648e+07 4.05959e+06
2.83648e+07 4.05959e+06
2.83648e+07 4.05958e+06
2.83648e+07 4.05958e+06
2.8376e+07 4.07073e+06
2.8376e+07 4.07073e+06
3.29832e+07 4.71905e+06
3.29832e+07 4.71906e+06
3.29833e+07 4.61847e+06
3.29944e+07 4.62966e+06
3.29945e+07 4.62966e+06
3.30056e+07 4.64084e+06
3.30056e+07 4.62966e+06
3.30057e+07 4.62966e+06
3.82614e+07 5.27819e+06
3.82614e+07 5.27821e+06
3.82614e+07 5.27821e+06
3.82615e+07 5.2782e+06
3.82615e+07 5.26702e+06
3.82615e+07 5.26702e+06
3.82615e+07 5.25584e+06
3.82615e+07 5.25585e+06
3.82615e+07 5.25586e+06
4.40764e+07 5.81502e+06
4.40876e+07 5.82623e+06
4.40876e+07 5.82623e+06
4.40988e+07 5.8374e+06
4.40989e+07 5.8374e+06
4.40989e+07 5.8374e+06
4.40989e+07 5.83741e+06
4.40989e+07 5.83741e+06
4.41213e+07 5.85978e+06
4.41325e+07 5.87096e+06
5.0473e+07 6.39655e+06
5.05959e+07 6.50831e+06
5.0596e+07 6.50831e+06
5.05961e+07 6.49723e+06
5.05961e+07 6.49723e+06
5.05961e+07 6.49723e+06
5.05961e+07 6.49723e+06
5.05961e+07 6.49722e+06
5.05961e+07 6.49722e+06
5.05961e+07 6.47484e+06
5.05961e+07 6.46365e+06
5.74287e+07 6.95579e+06
5.74288e+07 6.83284e+06
5.74288e+07 6.83283e+06
5.75295e+07 6.93341e+06
5.75295e+07 6.93341e+06
5.75295e+07 6.93341e+06
5.75519e+07 6.95577e+06
5.75519e+07 6.95578e+06
5.75519e+07 6.95578e+06
5.75519e+07 6.95578e+06
5.75519e+07 6.95578e+06
5.75631e+07 6.96696e+06
6.50555e+07 7.62671e+06
6.50666e+07 7.63785e+06
6.50666e+07 7.63785e+06
6.51896e+07 7.66016e+06
6.51897e+07 7.66016e+06
6.51897e+07 7.66016e+06
6.51897e+07 7.6378e+06
6.51897e+07 7.63782e+06
6.51897e+07 7.63783e+06
6.51897e+07 7.63783e+06
6.51897e+07 7.63783e+06
6.52009e+07 7.64902e+06
6.52009e+07 7.63784e+06
7.32749e+07 8.21941e+06
7.32749e+07 8.20825e+06
7.32749e+07 8.20825e+06
7.33532e+07 8.16357e+06
7.33979e+07 8.20829e+06
7.34203e+07 8.23064e+06
7.34203e+07 8.23067e+06
7.34203e+07 8.23065e+06
7.34204e+07 8.23066e+06
7.34204e+07 8.23068e+06
7.34204e+07 8.23068e+06
7.34204e+07 8.23068e+06
7.34204e+07 8.2195e+06
7.34204e+07 8.2195e+06
8.21988e+07 8.92389e+06
8.22212e+07 8.9463e+06
8.22324e+07 8.95748e+06
8.22324e+07 8.87916e+06
8.22324e+07 8.83444e+06
8.22324e+07 8.81209e+06
8.22324e+07 8.81206e+06
8.22324e+07 8.81206e+06
8.22324e+07 8.81206e+06
8.22324e+07 8.81205e+06
8.22324e+07 8.81205e+06
8.22325e+07 8.81206e+06
8.22436e+07 8.82325e+06
8.22437e+07 8.82324e+06
8.22437e+07 8.82325e+06
9.16372e+07 9.4384e+06
9.16372e+07 9.41602e+06
9.16372e+07 9.40485e+06
9.16484e+07 9.41602e+06
9.16484e+07 9.41604e+06
9.16485e+07 9.41609e+06
9.16485e+07 9.41609e+06
9.16485e+07 9.41609e+06
9.16485e+07 9.41609e+06
9.16486e+07 9.41613e+06
9.16486e+07 9.41614e+06
9.16486e+07 9.41613e+06
9.16486e+07 9.41614e+06
9.16486e+07 9.40496e+06
9.16486e+07 9.40496e+06
9.16487e+07 9.40501e+06
1.01646e+08 1.00088e+07
1.01646e+08 1.00087e+07
1.01646e+08 1.00087e+07
1.01646e+08 9.99755e+06
1.01646e+08 9.99753e+06
1.01646e+08 9.99749e+06
1.01646e+08 9.99749e+06
1.01646e+08 9.99749e+06
1.01646e+08 9.99748e+06
1.01646e+08 9.99749e+06
1.01646e+08 9.99752e+06
1.01646e+08 9.99752e+06
1.01646e+08 9.99752e+06
1.01646e+08 9.99752e+06
1.01646e+08 9.99757e+06
1.01646e+08 9.99761e+06
1.01646e+08 9.99764e+06
1.12236e+08 1.05903e+07
1.12236e+08 1.05903e+07
1.12236e+08 1.05903e+07
1.12236e+08 1.05903e+07
1.12236e+08 1.05903e+07
1.12236e+08 1.05903e+07
1.12236e+08 1.05904e+07
1.12236e+08 1.05904e+07
1.12236e+08 1.05904e+07
1.12236e+08 1.05904e+07
1.12236e+08 1.05903e+07
1.12236e+08 1.05903e+07
1.12236e+08 1.05903e+07
1.12236e+08 1.05903e+07
1.12236e+08 1.05903e+07
1.12236e+08 1.05903e+07
1.12237e+08 1.05903e+07
1.12237e+08 1.05904e+07
1.23419e+08 1.11829e+07
1.23419e+08 1.1183e+07
1.23419e+08 1.1183e+07
1.23419e+08 1.1183e+07
1.23419e+08 1.1183e+07
1.23419e+08 1.1183e+07
1.23419e+08 1.1183e+07
1.23419e+08 1.1183e+07
1.23419e+08 1.11831e+07
1.23419e+08 1.1183e+07
1.23419e+08 1.1183e+07
1.23419e+08 1.1183e+07
1.23419e+08 1.1183e+07
1.2342e+08 1.1183e+07
1.2342e+08 1.1183e+07
1.2342e+08 1.11831e+07
1.2342e+08 1.11831e+07
1.2342e+08 1.11831e+07
1.2342e+08 1.11831e+07
1.35117e+08 1.16976e+07
1.35128e+08 1.17087e+07
1.35128e+08 1.17087e+07
1.35139e+08 1.17199e+07
1.3515e+08 1.17311e+07
1.3515e+08 1.17311e+07
1.3515e+08 1.1731e+07
1.3515e+08 1.1731e+07
1.35195e+08 1.17757e+07
1.35195e+08 1.17757e+07
1.35195e+08 1.17757e+07
1.35195e+08 1.17757e+07
1.35195e+08 1.17758e+07
1.35195e+08 1.17758e+07
1.35195e+08 1.17758e+07
1.35195e+08 1.17758e+07
1.35195e+08 1.17757e+07
1.35195e+08 1.17757e+07
1.35195e+08 1.17757e+07
1.35196e+08 1.17758e+07
1.47496e+08 1.23796e+07
1.47508e+08 1.23796e+07
1.47519e+08 1.23908e+07
1.47519e+08 1.23796e+07
1.4753e+08 1.23796e+07
1.47541e+08 1.23908e+07
1.47541e+08 1.23908e+07
1.47564e+08 1.24132e+07
1.47564e+08 1.23685e+07
1.47564e+08 1.23685e+07
1.47564e+08 1.23685e+07
1.47564e+08 1.23685e+07
1.47564e+08 1.23685e+07
1.47564e+08 1.23685e+07
1.47564e+08 1.23685e+07
1.47564e+08 1.23684e+07
1.47564e+08 1.23684e+07
1.47575e+08 1.23797e+07
1.47586e+08 1.23908e+07
1.47698e+08 1.25026e+07
1.47698e+08 1.25026e+07
1.60446e+08 1.295e+07
1.60469e+08 1.29612e+07
1.60469e+08 1.295e+07
1.60469e+08 1.295e+07
1.60469e+08 1.29388e+07
1.60469e+08 1.29276e+07
1.60469e+08 1.29276e+07
1.60469e+08 1.29053e+07
1.60525e+08 1.29612e+07
1.60525e+08 1.29612e+07
1.60525e+08 1.29612e+07
1.60525e+08 1.29612e+07
1.60525e+08 1.29612e+07
1.60547e+08 1.29836e+07
1.60547e+08 1.29836e+07
1.60559e+08 1.29948e+07
1.60559e+08 1.29948e+07
1.60559e+08 1.29836e+07
1.60559e+08 1.29724e+07
1.60704e+08 1.30059e+07
1.60726e+08 1.30282e+07
1.60738e+08 1.30394e+07
1.73397e+08 1.29503e+07
1.73397e+08 1.2928e+07
1.73397e+08 1.2928e+07
1.73408e+08 1.29392e+07
1.73419e+08 1.29504e+07
1.73464e+08 1.29951e+07
1.73464e+08 1.29951e+07
1.73509e+08 1.30398e+07
1.73509e+08 1.29839e+07
1.73509e+08 1.29839e+07
1.73509e+08 1.29839e+07
1.7352e+08 1.29951e+07
1.73531e+08 1.30063e+07
1.73554e+08 1.30063e+07
1.73554e+08 1.30063e+07
1.73598e+08 1.30398e+07
1.73598e+08 1.30398e+07
1.73598e+08 1.30398e+07
1.73598e+08 1.30398e+07
1.73677e+08 1.29727e+07
1.73722e+08 1.29951e+07
1.73744e+08 1.30063e+07
1.87074e+08 1.36769e+07
1.87074e+08 1.36769e+07
1.87074e+08 1.36769e+07
1.87074e+08 1.36769e+07
1.87074e+08 1.36658e+07
1.87074e+08 1.36546e+07
1.87096e+08 1.36322e+07
1.8713e+08 1.36658e+07
1.8713e+08 1.3621e+07
1.87174e+08 1.36657e+07
1.87174e+08 1.36657e+07
1.87174e+08 1.36657e+07
1.87174e+08 1.36545e+07
1.87186e+08 1.36545e+07
1.87197e+08 1.36433e+07
1.87219e+08 1.36657e+07
1.87353e+08 1.37551e+07
1.87365e+08 1.37663e+07
1.87387e+08 1.37887e+07
1.87421e+08 1.38222e+07
1.87465e+08 1.37887e+07
1.87477e+08 1.37551e+07
1.87477e+08 1.37328e+07
2.01265e+08 1.41913e+07
2.0131e+08 1.4236e+07
2.01332e+08 1.42584e+07
2.01332e+08 1.42584e+07
2.01343e+08 1.42696e+07
2.01377e+08 1.43031e+07
2.01388e+08 1.43143e+07
2.01444e+08 1.43478e+07
2.01466e+08 1.43366e+07
2.01466e+08 1.43366e+07
2.01556e+08 1.43813e+07
2.016e+08 1.4426e+07
2.016e+08 1.4426e+07
2.016e+08 1.4426e+07
2.01623e+08 1.44372e+07
2.01645e+08 1.44484e+07
2.01645e+08 1.4426e+07
2.01668e+08 1.43143e+07
2.01668e+08 1.43031e+07
2.01668e+08 1.42808e+07
2.01679e+08 1.42585e+07
2.0169e+08 1.42249e+07
2.0169e+08 1.42137e+07
2.0169e+08 1.42137e+07
2.16217e+08 1.49517e+07
2.1625e+08 1.49405e+07
2.1625e+08 1.49182e+07
2.1625e+08 1.49182e+07
2.16261e+08 1.49293e+07
2.16261e+08 1.49182e+07
2.16261e+08 1.48846e+07
2.16306e+08 1.49182e+07
2.16396e+08 1.49517e+07
2.16396e+08 1.49294e+07
2.16396e+08 1.49294e+07
2.16396e+08 1.48399e+07
2.16396e+08 1.47952e+07
2.16396e+08 1.47952e+07
2.16396e+08 1.47952e+07
2.16452e+08 1.48287e+07
2.16452e+08 1.48064e+07
2.16452e+08 1.48064e+07
2.16463e+08 1.47952e+07
2.16463e+08 1.47953e+07
2.16497e+08 1.48289e+07
2.1653e+08 1.48512e+07
2.1653e+08 1.484e+07
2.16553e+08 1.48624e+07
2.16597e+08 1.4907e+07
2.31683e+08 1.54661e+07
2.3175e+08 1.54997e+07
2.31772e+08 1.55221e+07
2.31772e+08 1.55221e+07
2.31783e+08 1.55221e+07
2.31783e+08 1.55221e+07
2.31783e+08 1.55221e+07
2.31795e+08 1.55332e+07
2.31795e+08 1.54885e+07
2.31828e+08 1.54326e+07
2.31828e+08 1.54326e+07
2.31828e+08 1.54326e+07
2.31828e+08 1.54326e+07
2.3184e+08 1.54438e+07
2.3184e+08 1.54438e+07
2.3184e+08 1.54438e+07
2.31873e+08 1.54215e+07
2.31884e+08 1.54326e+07
2.31896e+08 1.54438e+07
2.31896e+08 1.54327e+07
2.31896e+08 1.54327e+07
2.31907e+08 1.54103e+07
2.31974e+08 1.54439e+07
2.31974e+08 1.54438e+07
2.31974e+08 1.54215e+07
2.31974e+08 1.53768e+07
2.47742e+08 1.60589e+07
2.47775e+08 1.60253e+07
2.47775e+08 1.6003e+07
2.47798e+08 1.60254e+07
2.47798e+08 1.60142e+07
2.47798e+08 1.60142e+07
2.47798e+08 1.60142e+07
2.47798e+08 1.60142e+07
2.47798e+08 1.6003e+07
2.47798e+08 1.6003e+07
2.4782e+08 1.59918e+07
2.4782e+08 1.59918e+07
2.4782e+08 1.59918e+07
2.47831e+08 1.6003e+07
2.47854e+08 1.60142e+07
2.47854e+08 1.60142e+07
2.47854e+08 1.60142e+07
2.47854e+08 1.59806e+07
2.47854e+08 1.59695e+07
2.47854e+08 1.59583e+07
2.47943e+08 1.60477e+07
2.47943e+08 1.60477e+07
2.47944e+08 1.60366e+07
2.47955e+08 1.59807e+07
2.47955e+08 1.59807e+07
2.47966e+08 1.59919e+07
2.47966e+08 1.59919e+07
2.64315e+08 1.65734e+07
2.6436e+08 1.65846e+07
2.6436e+08 1.65846e+07
2.6436e+08 1.65622e+07
2.64371e+08 1.65734e+07
2.64371e+08 1.65734e+07
2.64371e+08 1.65734e+07
2.64371e+08 1.65734e+07
2.64371e+08 1.65734e+07
2.64371e+08 1.65734e+07
2.64371e+08 1.65734e+07
2.64393e+08 1.65734e+07
2.64393e+08 1.65734e+07
2.64393e+08 1.65734e+07
2.64393e+08 1.65622e+07
2.64405e+08 1.6551e+07
2.64405e+08 1.6551e+07
2.64416e+08 1.65622e+07
2.64505e+08 1.66516e+07
2.64505e+08 1.66517e+07
2.64506e+08 1.66517e+07
2.64528e+08 1.65846e+07
2.64528e+08 1.65846e+07
2.64551e+08 1.66069e+07
2.64562e+08 1.66069e+07
2.64562e+08 1.66069e+07
2.64562e+08 1.65957e+07
2.64607e+08 1.66404e+07
2.81448e+08 1.71326e+07
2.8147e+08 1.71102e+07
2.8147e+08 1.71102e+07
2.8147e+08 1.71102e+07
2.81492e+08 1.71214e+07
2.81492e+08 1.71214e+07
2.81492e+08 1.71214e+07
2.81504e+08 1.71325e+07
2.81515e+08 1.71437e+07
2.81515e+08 1.71437e+07
2.81526e+08 1.71549e+07
2.81526e+08 1.71549e+07
2.81593e+08 1.71996e+07
2.81615e+08 1.7222e+07
2.81627e+08 1.72332e+07
2.81627e+08 1.72332e+07
2.8166e+08 1.72555e+07
2.81683e+08 1.72779e+07
2.81683e+08 1.72667e+07
2.81683e+08 1.71773e+07
2.81716e+08 1.72109e+07
2.81716e+08 1.72108e+07
2.81716e+08 1.71885e+07
2.81716e+08 1.71885e+07
2.81739e+08 1.71885e+07
2.81739e+08 1.71773e+07
2.81739e+08 1.71773e+07
2.81739e+08 1.71773e+07
2.81773e+08 1.71661e+07
2.99329e+08 1.78817e+07
2.99329e+08 1.78593e+07
2.99329e+08 1.78593e+07
2.99329e+08 1.78593e+07
2.99341e+08 1.78482e+07
2.99341e+08 1.78482e+07
2.99363e+08 1.78705e+07
2.99363e+08 1.78594e+07
2.99374e+08 1.78594e+07
2.99374e+08 1.78594e+07
2.99397e+08 1.78706e+07
2.99397e+08 1.78706e+07
2.99397e+08 1.78706e+07
2.99408e+08 1.78147e+07
2.99408e+08 1.77923e+07
2.99408e+08 1.77812e+07
2.99408e+08 1.77812e+07
2.99453e+08 1.77924e+07
2.99464e+08 1.77812e+07
2.99464e+08 1.77812e+07
2.99486e+08 1.78036e+07
2.99486e+08 1.777e+07
2.99486e+08 1.777e+07
2.99486e+08 1.777e+07
2.99486e+08 1.777e+07
2.99498e+08 1.77588e+07
2.9952e+08 1.77812e+07
2.9952e+08 1.77812e+07
2.9952e+08 1.77812e+07
2.99554e+08 1.77812e+07
3.17603e+08 1.82732e+07
3.17603e+08 1.82732e+07
3.17614e+08 1.82844e+07
3.17614e+08 1.82844e+07
3.17659e+08 1.8318e+07
3.1767e+08 1.83291e+07
3.17703e+08 1.83403e+07
3.17703e+08 1.83403e+07
3.17759e+08 1.8385e+07
3.17759e+08 1.8385e+07
3.17759e+08 1.83626e+07
3.17759e+08 1.83627e+07
3.17759e+08 1.83627e+07
3.17759e+08 1.83627e+07
3.1777e+08 1.83627e+07
3.1777e+08 1.83627e+07
3.1777e+08 1.83627e+07
3.17804e+08 1.83962e+07
3.17815e+08 1.83628e+07
3.17815e+08 1.83516e+07
3.17827e+08 1.83628e+07
3.17827e+08 1.83404e+07
3.17827e+08 1.83403e+07
3.17827e+08 1.83403e+07
3.17827e+08 1.83403e+07
3.17827e+08 1.83403e+07
3.17894e+08 1.83963e+07
3.17894e+08 1.83739e+07
3.17894e+08 1.83739e+07
3.17894e+08 1.83739e+07
3.17894e+08 1.83404e+07
3.36502e+08 1.88995e+07
3.36502e+08 1.88995e+07
3.36502e+08 1.88883e+07
3.36502e+08 1.88883e+07
3.36502e+08 1.88436e+07
3.36525e+08 1.88548e+07
3.36525e+08 1.88213e+07
3.36536e+08 1.88324e+07
3.36547e+08 1.87877e+07
3.36547e+08 1.87877e+07
3.36547e+08 1.87877e+07
3.36547e+08 1.87877e+07
3.36547e+08 1.87877e+07
3.36547e+08 1.87877e+07
3.36547e+08 1.87877e+07
3.36558e+08 1.87878e+07
3.36603e+08 1.88325e+07
3.36614e+08 1.88437e+07
3.36625e+08 1.88213e+07
3.36737e+08 1.89219e+07
3.36737e+08 1.89219e+07
3.3676e+08 1.89331e+07
3.3676e+08 1.8933e+07
3.3676e+08 1.8933e+07
3.3676e+08 1.8933e+07
3.3676e+08 1.8933e+07
3.3676e+08 1.8933e+07
3.36827e+08 1.89331e+07
3.36827e+08 1.89331e+07
3.36827e+08 1.89331e+07
3.36827e+08 1.8933e+07
3.36827e+08 1.89331e+07
3.55994e+08 1.94922e+07
3.55994e+08 1.94922e+07
3.55994e+08 1.94922e+07
3.55994e+08 1.94922e+07
3.55994e+08 1.94922e+07
3.55994e+08 1.94699e+07
3.55994e+08 1.94699e+07
3.55994e+08 1.94587e+07
3.56017e+08 1.94699e+07
3.56017e+08 1.94699e+07
3.56017e+08 1.94699e+07
3.56039e+08 1.94923e+07
3.56039e+08 1.94923e+07
3.56039e+08 1.94923e+07
3.56039e+08 1.94923e+07
3.56039e+08 1.94811e+07
3.56039e+08 1.94811e+07
3.56051e+08 1.94476e+07
3.56051e+08 1.94364e+07
3.56062e+08 1.94364e+07
3.56073e+08 1.93357e+07
3.56084e+08 1.93469e+07
3.56084e+08 1.93246e+07
3.56084e+08 1.93246e+07
3.56084e+08 1.93246e+07
3.56084e+08 1.93246e+07
3.56107e+08 1.93469e+07
3.56107e+08 1.93469e+07
3.56353e+08 1.95258e+07
3.56353e+08 1.95257e+07
3.56353e+08 1.95257e+07
3.56353e+08 1.95258e+07
3.56353e+08 1.95258e+07
3.76102e+08 2.01074e+07
3.76102e+08 2.01074e+07
3.76102e+08 2.01074e+07
3.76102e+08 2.01074e+07
3.76102e+08 2.01074e+07
3.76124e+08 2.01297e+07
3.76135e+08 2.01409e+07
3.76135e+08 2.01409e+07
3.76158e+08 2.01409e+07
3.76158e+08 2.01409e+07
3.76158e+08 2.01409e+07
3.76158e+08 2.01185e+07
3.76158e+08 2.01185e+07
3.76158e+08 2.01185e+07
3.76158e+08 2.01185e+07
3.76169e+08 2.01297e+07
3.76169e+08 2.01297e+07
3.76169e+08 2.01297e+07
3.76169e+08 2.01185e+07
3.76169e+08 2.01185e+07
3.76169e+08 2.01073e+07
3.7618e+08 2.01072e+07
3.7618e+08 2.0096e+07
3.7618e+08 2.0096e+07
3.7618e+08 2.0096e+07
3.7618e+08 2.0096e+07
3.76191e+08 2.01072e+07
3.76203e+08 2.00961e+07
3.76203e+08 2.00961e+07
3.76415e+08 2.00626e+07
3.76416e+08 2.00626e+07
3.76416e+08 2.00626e+07
3.76471e+08 2.01185e+07
3.76472e+08 2.01186e+07
3.96813e+08 2.07112e+07
3.96813e+08 2.07113e+07
3.96813e+08 2.07113e+07
3.96813e+08 2.07113e+07
3.96813e+08 2.07113e+07
3.96824e+08 2.07001e+07
3.96824e+08 2.06889e+07
3.96824e+08 2.06889e+07
3.96835e+08 2.06777e+07
3.96847e+08 2.06889e+07
3.96847e+08 2.06889e+07
3.96869e+08 2.07112e+07
3.96869e+08 2.07112e+07
3.96869e+08 2.07112e+07
3.96869e+08 2.07112e+07
3.96869e+08 2.07001e+07
3.96869e+08 2.07001e+07
3.96869e+08 2.07001e+07
3.96869e+08 2.07001e+07
3.9688e+08 2.07113e+07
3.9688e+08 2.07113e+07
3.9688e+08 2.07113e+07
3.96914e+08 2.07336e+07
3.96914e+08 2.07336e+07
3.96914e+08 2.07336e+07
3.96925e+08 2.07448e+07
3.96925e+08 2.07448e+07
3.96925e+08 2.07336e+07
3.96936e+08 2.07336e+07
3.96936e+08 2.07336e+07
3.9706e+08 2.06442e+07
3.9706e+08 2.06441e+07
3.9706e+08 2.06441e+07
3.97127e+08 2.06553e+07
3.97183e+08 2.07112e+07
4.1815e+08 2.13375e+07
4.18206e+08 2.13934e+07
4.18206e+08 2.13934e+07
4.18206e+08 2.13934e+07
4.18206e+08 2.13934e+07
4.18206e+08 2.13822e+07
4.18206e+08 2.13822e+07
4.18218e+08 2.13934e+07
4.18218e+08 2.13822e+07
4.18218e+08 2.1371e+07
4.18218e+08 2.1371e+07
4.18218e+08 2.13487e+07
4.18218e+08 2.13487e+07
4.18218e+08 2.13487e+07
4.18218e+08 2.13487e+07
4.18218e+08 2.13487e+07
4.18218e+08 2.13487e+07
4.18218e+08 2.13487e+07
4.18218e+08 2.13488e+07
4.18218e+08 2.13376e+07
4.18218e+08 2.13376e+07
4.18218e+08 2.13376e+07
4.18218e+08 2.13376e+07
4.18229e+08 2.13153e+07
4.18229e+08 2.13153e+07
4.18229e+08 2.13153e+07
4.18229e+08 2.13041e+07
4.18229e+08 2.1304e+07
4.18229e+08 2.1304e+07
4.1824e+08 2.13041e+07
4.18252e+08 2.13152e+07
4.18364e+08 2.13039e+07
4.18386e+08 2.13263e+07
4.18386e+08 2.13263e+07
4.18397e+08 2.12704e+07
4.18487e+08 2.1304e+07
4.40069e+08 2.1919e+07
4.40092e+08 2.18854e+07
4.40103e+08 2.18966e+07
4.40103e+08 2.18966e+07
4.40103e+08 2.18966e+07
4.40103e+08 2.18966e+07
4.40103e+08 2.18966e+07
4.40103e+08 2.18854e+07
4.40103e+08 2.18855e+07
4.40103e+08 2.18855e+07
4.40103e+08 2.18855e+07
4.40103e+08 2.18855e+07
4.40103e+08 2.18855e+07
4.40103e+08 2.18855e+07
4.40103e+08 2.18855e+07
4.40103e+08 2.18855e+07
4.40103e+08 2.18855e+07
4.40103e+08 2.18855e+07
4.40114e+08 2.18967e+07
4.40115e+08 2.18966e+07
4.40115e+08 2.18966e+07
4.40115e+08 2.18966e+07
4.40115e+08 2.18966e+07
4.40115e+08 2.18966e+07
4.40115e+08 2.18855e+07
4.40115e+08 2.18855e+07
4.40115e+08 2.18855e+07
4.40126e+08 2.18966e+07
4.40137e+08 2.19078e+07
4.40137e+08 2.19078e+07
4.40171e+08 2.19303e+07
4.40171e+08 2.19191e+07
4.40283e+08 2.19191e+07
4.40283e+08 2.18967e+07
4.40283e+08 2.18967e+07
4.40283e+08 2.18856e+07
4.40384e+08 2.18967e+07
4.62581e+08 2.25117e+07
4.62581e+08 2.24893e+07
4.62581e+08 2.24781e+07
4.62581e+08 2.24781e+07
4.62581e+08 2.24781e+07
4.62581e+08 2.24781e+07
4.62581e+08 2.24781e+07
4.62581e+08 2.24781e+07
4.62592e+08 2.24893e+07
4.62592e+08 2.24893e+07
4.62592e+08 2.24893e+07
4.62592e+08 2.24893e+07
4.62593e+08 2.24894e+07
4.62593e+08 2.24894e+07
4.62604e+08 2.25006e+07
4.62604e+08 2.25006e+07
4.62604e+08 2.25006e+07
4.62604e+08 2.25006e+07
4.62604e+08 2.24894e+07
4.62604e+08 2.24894e+07
4.62604e+08 2.24894e+07
4.62604e+08 2.24894e+07
4.62604e+08 2.24894e+07
4.62604e+08 2.24894e+07
4.62604e+08 2.24894e+07
4.62604e+08 2.24894e+07
4.62615e+08 2.25005e+07
4.62615e+08 2.25005e+07
4.62615e+08 2.24893e+07
4.62649e+08 2.25118e+07
4.62649e+08 2.25118e+07
4.6275e+08 2.25789e+07
4.62761e+08 2.25901e+07
4.62817e+08 2.25341e+07
4.62817e+08 2.25341e+07
4.62817e+08 2.25341e+07
4.62817e+08 2.25341e+07
4.62873e+08 2.24895e+07
4.85618e+08 2.30373e+07
4.8563e+08 2.30485e+07
4.8563e+08 2.30485e+07
4.85641e+08 2.30597e+07
4.85641e+08 2.30597e+07
4.85641e+08 2.30597e+07
4.85641e+08 2.30597e+07
4.85641e+08 2.30597e+07
4.85674e+08 2.3082e+07
4.85674e+08 2.3082e+07
4.85674e+08 2.3082e+07
4.85675e+08 2.3082e+07
4.85675e+08 2.30821e+07
4.85675e+08 2.30821e+07
4.85686e+08 2.3082e+07
4.85686e+08 2.3082e+07
4.85686e+08 2.3082e+07
4.85686e+08 2.3082e+07
4.85686e+08 2.3082e+07
4.85686e+08 2.3082e+07
4.85686e+08 2.3082e+07
4.85686e+08 2.3082e+07
4.85686e+08 2.3082e+07
4.85686e+08 2.3082e+07
4.85686e+08 2.3082e+07
4.85697e+08 2.30932e+07
4.85697e+08 2.30932e+07
4.85697e+08 2.3082e+07
4.85697e+08 2.3082e+07
4.85697e+08 2.3082e+07
4.85709e+08 2.30598e+07
4.8572e+08 2.3071e+07
4.85787e+08 2.30374e+07
4.85787e+08 2.30262e+07
4.85809e+08 2.29927e+07
4.85821e+08 2.30039e+07
4.85821e+08 2.30039e+07
4.85832e+08 2.3015e+07
4.85955e+08 2.30821e+07
5.09338e+08 2.37195e+07
5.09338e+08 2.37084e+07
5.09338e+08 2.37084e+07
5.09338e+08 2.36972e+07
5.09338e+08 2.36972e+07
5.09338e+08 2.36972e+07
5.09349e+08 2.37084e+07
5.09349e+08 2.37084e+07
5.09349e+08 2.36748e+07
5.09349e+08 2.36748e+07
5.09349e+08 2.36748e+07
5.0936e+08 2.3686e+07
5.09361e+08 2.3686e+07
5.09361e+08 2.36859e+07
5.09361e+08 2.36747e+07
5.09361e+08 2.36747e+07
5.09361e+08 2.36747e+07
5.09361e+08 2.36747e+07
5.09361e+08 2.36747e+07
5.09361e+08 2.36747e+07
5.09361e+08 2.36747e+07
5.09361e+08 2.36747e+07
5.09361e+08 2.36747e+07
5.09361e+08 2.36747e+07
5.09361e+08 2.36747e+07
5.09361e+08 2.36636e+07
5.09361e+08 2.36636e+07
5.09361e+08 2.36636e+07
5.09361e+08 2.36636e+07
5.09361e+08 2.36636e+07
5.09361e+08 2.36636e+07
5.09439e+08 2.37307e+07
5.0945e+08 2.37307e+07
5.09473e+08 2.3686e+07
5.09473e+08 2.3686e+07
5.09507e+08 2.36971e+07
5.09518e+08 2.36971e+07
5.09518e+08 2.36971e+07
5.09529e+08 2.36971e+07
5.0963e+08 2.36748e+07
5.33605e+08 2.42675e+07
5.33605e+08 2.42675e+07
5.33617e+08 2.42787e+07
5.33617e+08 2.42787e+07
5.33617e+08 2.42787e+07
5.33617e+08 2.42787e+07
5.33617e+08 2.42675e+07
5.33617e+08 2.42675e+07
5.33617e+08 2.42675e+07
5.33617e+08 2.42675e+07
5.33617e+08 2.42675e+07
5.33617e+08 2.42564e+07
5.33617e+08 2.42563e+07
5.33617e+08 2.42563e+07
5.33617e+08 2.42563e+07
5.33617e+08 2.42563e+07
5.33617e+08 2.42563e+07
5.33617e+08 2.42563e+07
5.33617e+08 2.42563e+07
5.33617e+08 2.42563e+07
5.33617e+08 2.42563e+07
5.33617e+08 2.42563e+07
5.33617e+08 2.42563e+07
5.33617e+08 2.42563e+07
5.33617e+08 2.42563e+07
5.33617e+08 2.42563e+07
5.33617e+08 2.42563e+07
5.33617e+08 2.42563e+07
5.33617e+08 2.42563e+07
5.33617e+08 2.42563e+07
5.33617e+08 2.42563e+07
5.33617e+08 2.42563e+07
5.33662e+08 2.42228e+07
5.33662e+08 2.42116e+07
5.33707e+08 2.4234e+07
5.33707e+08 2.4234e+07
5.33718e+08 2.42116e+07
5.33729e+08 2.42116e+07
5.33729e+08 2.42116e+07
5.33741e+08 2.42116e+07
5.33897e+08 2.42675e+07
5.58466e+08 2.48602e+07
5.58466e+08 2.48602e+07
5.58466e+08 2.4849e+07
5.58466e+08 2.4849e+07
5.58466e+08 2.48491e+07
5.58466e+08 2.48491e+07
5.58466e+08 2.4849e+07
5.58466e+08 2.4849e+07
5.58466e+08 2.4849e+07
5.58466e+08 2.4849e+07
5.58466e+08 2.4849e+07
5.58466e+08 2.4849e+07
5.58466e+08 2.4849e+07
5.58466e+08 2.4849e+07
5.58466e+08 2.4849e+07
5.58466e+08 2.4849e+07
5.58466e+08 2.4849e+07
5.58466e+08 2.4849e+07
5.58466e+08 2.4849e+07
5.58466e+08 2.4849e+07
5.58466e+08 2.4849e+07
5.58466e+08 2.4849e+07
5.58466e+08 2.4849e+07
5.58466e+08 2.4849e+07
5.58466e+08 2.4849e+07
5.58466e+08 2.4849e+07
5.58466e+08 2.4849e+07
5.58466e+08 2.4849e+07
5.58466e+08 2.4849e+07
5.58466e+08 2.4849e+07
5.58466e+08 2.4849e+07
5.58466e+08 2.4849e+07
5.58466e+08 2.4849e+07
5.58522e+08 2.48602e+07
5.58533e+08 2.48714e+07
5.58567e+08 2.48602e+07
5.58567e+08 2.48602e+07
5.58567e+08 2.4849e+07
5.58567e+08 2.48379e+07
5.58567e+08 2.48379e+07
5.58578e+08 2.48379e+07
5.58758e+08 2.48603e+07
5.83829e+08 2.53635e+07
5.83829e+08 2.53635e+07
5.83829e+08 2.53635e+07
5.83829e+08 2.53635e+07
5.83852e+08 2.53859e+07
5.83863e+08 2.5397e+07
5.83863e+08 2.5397e+07
5.83874e+08 2.54083e+07
5.83885e+08 2.54194e+07
5.83908e+08 2.54418e+07
5.83908e+08 2.54417e+07
5.83908e+08 2.54417e+07
5.83908e+08 2.54417e+07
5.83908e+08 2.54417e+07
5.83908e+08 2.54417e+07
5.83908e+08 2.54417e+07
5.83908e+08 2.54417e+07
5.83908e+08 2.54417e+07
5.83908e+08 2.54418e+07
5.83908e+08 2.54417e+07
5.83908e+08 2.54417e+07
5.83908e+08 2.54417e+07
5.83908e+08 2.54417e+07
5.83908e+08 2.54417e+07
5.83908e+08 2.54417e+07
5.83908e+08 2.54417e+07
5.83908e+08 2.54417e+07
5.83908e+08 2.54417e+07
5.83908e+08 2.54417e+07
5.83908e+08 2.54417e+07
5.83908e+08 2.54417e+07
5.83908e+08 2.54417e+07
5.83908e+08 2.54417e+07
5.83908e+08 2.54417e+07
5.83986e+08 2.54641e+07
5.83986e+08 2.54529e+07
5.84031e+08 2.54641e+07
5.84031e+08 2.54641e+07
5.84042e+08 2.54753e+07
5.84042e+08 2.54753e+07
5.84054e+08 2.54864e+07
5.84054e+08 2.54753e+07
5.84211e+08 2.54529e+07
6.09841e+08 2.60122e+07
6.09841e+08 2.60122e+07
6.09853e+08 2.60234e+07
6.09853e+08 2.60234e+07
6.09853e+08 2.6001e+07
6.09853e+08 2.59898e+07
6.09853e+08 2.59898e+07
6.09853e+08 2.59786e+07
6.09853e+08 2.59674e+07
6.09853e+08 2.59451e+07
6.09853e+08 2.59451e+07
6.09853e+08 2.59451e+07
6.09853e+08 2.59451e+07
6.09853e+08 2.59451e+07
6.09853e+08 2.59451e+07
6.09864e+08 2.59562e+07
6.09864e+08 2.59562e+07
6.09875e+08 2.59674e+07
6.09886e+08 2.59786e+07
6.09886e+08 2.59786e+07
6.09886e+08 2.59786e+07
6.09886e+08 2.59786e+07
6.09898e+08 2.59897e+07
6.09898e+08 2.59897e+07
6.09898e+08 2.59897e+07
6.09909e+08 2.60009e+07
6.09909e+08 2.60009e+07
6.0992e+08 2.60121e+07
6.0992e+08 2.60121e+07
6.0992e+08 2.60121e+07
6.0992e+08 2.60121e+07
6.0992e+08 2.60121e+07
6.0992e+08 2.60121e+07
6.0992e+08 2.60121e+07
6.0992e+08 2.60121e+07
6.09999e+08 2.60121e+07
6.09999e+08 2.60121e+07
6.10021e+08 2.59897e+07
6.10021e+08 2.59897e+07
6.10021e+08 2.59785e+07
6.10021e+08 2.59785e+07
6.10021e+08 2.59673e+07
6.10021e+08 2.59673e+07
6.10234e+08 2.60232e+07
6.12754e+08 2.91239e+06
6.12754e+08 2.91241e+06
6.12754e+08 2.90122e+06
