4.18612e+06 4.1858e+06
8.30747e+06 4.12135e+06
8.30748e+06 4.12136e+06
9.82199e+06 1.51452e+06
9.822e+06 1.51452e+06
1.1365e+07 1.54304e+06
1.1365e+07 1.54304e+06
1.1365e+07 1.54305e+06
1.41782e+07 2.81318e+06
1.42229e+07 2.85788e+06
1.42229e+07 2.85789e+06
1.42229e+07 2.85789e+06
1.70296e+07 2.85143e+06
1.7052e+07 2.82909e+06
1.70744e+07 2.85144e+06
1.71414e+07 2.9185e+06
1.7175e+07 2.95203e+06
2.19358e+07 4.90621e+06
2.19359e+07 4.88385e+06
2.19359e+07 4.8615e+06
2.19359e+07 4.79444e+06
2.19694e+07 4.79447e+06
2.207e+07 4.89508e+06
2.61646e+07 4.22879e+06
2.61758e+07 4.23997e+06
2.62094e+07 4.27352e+06
2.62094e+07 4.27352e+06
2.62877e+07 4.31822e+06
2.62988e+07 4.22879e+06
2.62988e+07 4.22879e+06
3.05548e+07 4.39019e+06
3.06666e+07 4.49082e+06
3.0812e+07 4.60258e+06
3.08343e+07 4.62493e+06
3.09238e+07 4.63611e+06
3.09238e+07 4.62493e+06
3.09797e+07 4.68081e+06
3.55978e+07 5.043e+06
3.5609e+07 5.05418e+06
3.5732e+07 5.06539e+06
3.58997e+07 5.08777e+06
3.58997e+07 5.06541e+06
3.60115e+07 5.08777e+06
3.60115e+07 5.08777e+06
3.60451e+07 5.06543e+06
4.14429e+07 5.84506e+06
4.14429e+07 5.83389e+06
4.151e+07 5.90099e+06
4.18007e+07 6.06867e+06
4.19237e+07 6.02394e+06
4.19237e+07 6.02394e+06
4.19908e+07 5.97926e+06
4.2002e+07 5.99045e+06
4.20802e+07 6.03515e+06
4.7552e+07 6.10906e+06
4.7552e+07 6.10906e+06
4.75967e+07 6.08673e+06
4.80104e+07 6.20967e+06
4.80216e+07 6.22087e+06
4.82564e+07 6.33273e+06
4.82564e+07 6.33273e+06
4.82788e+07 6.28801e+06
4.82788e+07 6.27682e+06
4.83347e+07 6.25448e+06
5.44596e+07 6.90762e+06
5.45714e+07 7.01939e+06
5.46049e+07 7.00817e+06
5.51528e+07 7.14239e+06
5.51863e+07 7.16473e+06
5.51863e+07 7.16474e+06
5.53541e+07 7.0977e+06
5.53541e+07 7.0977e+06
5.55107e+07 7.23186e+06
5.55107e+07 7.23186e+06
5.55778e+07 7.24313e+06
6.1909e+07 7.44941e+06
6.19984e+07 7.42706e+06
6.20655e+07 7.46061e+06
6.25464e+07 7.39359e+06
6.26135e+07 7.42715e+06
6.26359e+07 7.44954e+06
6.26918e+07 7.33771e+06
6.26918e+07 7.33772e+06
6.26918e+07 7.33772e+06
6.28372e+07 7.32659e+06
6.28372e+07 7.32659e+06
6.3005e+07 7.42714e+06
6.98333e+07 7.9243e+06
6.98892e+07 7.89077e+06
7.0068e+07 8.00252e+06
7.05265e+07 7.98011e+06
7.06271e+07 8.0136e+06
7.07054e+07 8.06951e+06
7.07502e+07 8.05836e+06
7.07502e+07 8.05836e+06
7.07614e+07 8.06954e+06
7.07726e+07 8.08074e+06
7.10075e+07 8.17023e+06
7.10187e+07 8.18142e+06
7.11194e+07 8.11438e+06
7.84387e+07 8.60537e+06
7.84387e+07 8.54947e+06
7.84834e+07 8.41538e+06
7.89977e+07 8.47124e+06
7.91989e+07 8.57186e+06
7.92437e+07 8.53832e+06
7.94898e+07 8.73958e+06
7.94898e+07 8.73958e+06
7.94898e+07 8.72841e+06
7.94898e+07 8.72841e+06
7.94898e+07 8.71722e+06
7.96576e+07 8.65011e+06
7.96576e+07 8.63892e+06
7.97024e+07 8.58301e+06
8.74096e+07 8.97098e+06
8.74096e+07 8.97098e+06
8.7432e+07 8.94863e+06
8.78681e+07 8.87035e+06
8.82034e+07 9.00451e+06
8.82705e+07 9.02684e+06
8.85836e+07 9.09384e+06
8.85836e+07 9.09384e+06
8.8606e+07 9.11619e+06
8.8606e+07 9.11619e+06
8.8606e+07 9.11619e+06
8.8606e+07 9.1162e+06
8.87403e+07 9.08274e+06
8.87403e+07 9.08274e+06
8.87851e+07 9.08272e+06
9.67783e+07 9.36866e+06
9.67895e+07 9.37984e+06
9.70242e+07 9.59218e+06
9.76838e+07 9.81576e+06
9.78963e+07 9.69282e+06
9.79522e+07 9.68163e+06
9.81535e+07 9.56995e+06
9.81536e+07 9.56995e+06
9.81536e+07 9.5476e+06
9.81759e+07 9.56997e+06
9.81759e+07 9.56997e+06
9.8176e+07 9.56997e+06
9.8176e+07 9.56997e+06
9.83662e+07 9.62588e+06
9.83662e+07 9.62588e+06
9.83886e+07 9.60352e+06
1.07137e+08 1.03584e+07
1.07159e+08 1.03695e+07
1.07193e+08 1.01684e+07
1.07472e+08 9.78825e+06
1.07785e+08 9.88886e+06
1.07919e+08 9.96715e+06
1.08244e+08 1.009e+07
1.08244e+08 1.009e+07
1.08244e+08 1.009e+07
1.08244e+08 1.00677e+07
1.08244e+08 1.00677e+07
1.08244e+08 1.00677e+07
1.08255e+08 1.00789e+07
1.084e+08 1.00342e+07
1.084e+08 1.00342e+07
1.084e+08 1.00342e+07
1.08423e+08 1.00341e+07
1.18169e+08 1.10321e+07
1.18236e+08 1.10768e+07
1.18292e+08 1.10991e+07
1.18314e+08 1.0842e+07
1.18594e+08 1.08084e+07
1.18739e+08 1.08196e+07
1.19007e+08 1.07637e+07
1.19019e+08 1.07749e+07
1.19041e+08 1.07973e+07
1.19041e+08 1.07973e+07
1.19074e+08 1.08308e+07
1.19074e+08 1.08308e+07
1.19074e+08 1.08196e+07
1.19254e+08 1.08532e+07
1.19254e+08 1.08532e+07
1.19265e+08 1.08644e+07
1.19276e+08 1.08756e+07
1.19287e+08 1.08644e+07
1.29551e+08 1.1382e+07
1.29596e+08 1.13597e+07
1.29618e+08 1.13262e+07
1.29618e+08 1.13038e+07
1.2983e+08 1.12368e+07
1.2983e+08 1.10914e+07
1.29987e+08 1.09796e+07
1.30043e+08 1.10243e+07
1.30099e+08 1.10579e+07
1.30099e+08 1.10579e+07
1.30121e+08 1.10467e+07
1.30132e+08 1.10579e+07
1.30132e+08 1.10579e+07
1.30423e+08 1.11696e+07
1.30446e+08 1.1192e+07
1.30457e+08 1.1192e+07
1.30457e+08 1.11808e+07
1.30457e+08 1.11808e+07
1.30457e+08 1.11696e+07
1.41532e+08 1.19815e+07
1.41577e+08 1.19815e+07
1.41655e+08 1.20373e+07
1.41655e+08 1.20373e+07
1.41655e+08 1.18249e+07
1.41655e+08 1.18249e+07
1.41901e+08 1.19144e+07
1.42047e+08 1.20038e+07
1.42058e+08 1.19591e+07
1.4208e+08 1.19815e+07
1.4208e+08 1.19591e+07
1.4208e+08 1.19479e+07
1.42103e+08 1.19703e+07
1.42427e+08 1.20038e+07
1.42427e+08 1.19815e+07
1.42427e+08 1.19703e+07
1.42438e+08 1.19815e+07
1.42472e+08 1.2015e+07
1.42472e+08 1.2015e+07
1.42472e+08 1.2015e+07
1.54045e+08 1.25126e+07
1.54067e+08 1.24903e+07
1.54067e+08 1.2412e+07
1.54067e+08 1.2412e+07
1.54067e+08 1.2412e+07
1.54067e+08 1.2412e+07
1.54179e+08 1.22778e+07
1.54257e+08 1.22107e+07
1.54347e+08 1.2289e+07
1.54369e+08 1.2289e+07
1.54369e+08 1.2289e+07
1.54369e+08 1.2289e+07
1.5438e+08 1.22778e+07
1.5475e+08 1.23225e+07
1.5475e+08 1.23225e+07
1.54761e+08 1.23337e+07
1.54761e+08 1.23225e+07
1.54794e+08 1.23225e+07
1.54794e+08 1.23225e+07
1.54817e+08 1.23449e+07
1.54839e+08 1.23673e+07
1.67383e+08 1.33383e+07
1.67383e+08 1.33159e+07
1.67383e+08 1.33159e+07
1.67383e+08 1.33159e+07
1.67383e+08 1.33159e+07
1.67383e+08 1.33159e+07
1.67383e+08 1.32041e+07
1.67383e+08 1.31258e+07
1.67383e+08 1.30364e+07
1.67383e+08 1.3014e+07
1.67417e+08 1.30475e+07
1.67473e+08 1.31034e+07
1.67473e+08 1.30923e+07
1.67887e+08 1.3137e+07
1.67887e+08 1.3137e+07
1.67887e+08 1.31258e+07
1.67887e+08 1.31258e+07
1.67942e+08 1.31482e+07
1.67942e+08 1.31481e+07
1.67954e+08 1.3137e+07
1.67976e+08 1.3137e+07
1.67976e+08 1.3137e+07
1.80434e+08 1.30509e+07
1.80434e+08 1.30509e+07
1.80434e+08 1.30509e+07
1.80434e+08 1.30509e+07
1.80434e+08 1.30509e+07
1.80434e+08 1.30509e+07
1.80434e+08 1.30509e+07
1.80434e+08 1.30509e+07
1.80434e+08 1.30509e+07
1.80434e+08 1.30509e+07
1.80456e+08 1.30397e+07
1.80479e+08 1.30062e+07
1.80479e+08 1.30062e+07
1.8068e+08 1.27938e+07
1.8068e+08 1.27938e+07
1.80692e+08 1.2805e+07
1.80692e+08 1.2805e+07
1.80703e+08 1.27603e+07
1.80703e+08 1.27603e+07
1.80736e+08 1.27826e+07
1.80781e+08 1.2805e+07
1.80781e+08 1.2805e+07
1.94059e+08 1.36245e+07
1.94059e+08 1.36245e+07
1.94059e+08 1.36245e+07
1.94059e+08 1.36245e+07
1.9407e+08 1.36357e+07
1.9407e+08 1.36357e+07
1.94114e+08 1.36804e+07
1.94114e+08 1.36804e+07
1.94114e+08 1.36804e+07
1.94114e+08 1.36804e+07
1.94114e+08 1.36804e+07
1.94137e+08 1.36804e+07
1.94137e+08 1.3658e+07
1.94137e+08 1.3658e+07
1.94238e+08 1.35573e+07
1.94271e+08 1.35909e+07
1.94305e+08 1.36132e+07
1.94305e+08 1.36132e+07
1.94316e+08 1.36132e+07
1.94338e+08 1.36356e+07
1.94417e+08 1.36803e+07
1.94439e+08 1.36579e+07
1.9445e+08 1.36691e+07
2.08415e+08 1.43567e+07
2.08415e+08 1.43568e+07
2.08415e+08 1.43568e+07
2.08426e+08 1.43679e+07
2.08426e+08 1.43679e+07
2.08482e+08 1.44127e+07
2.08494e+08 1.44239e+07
2.08516e+08 1.44015e+07
2.08516e+08 1.44015e+07
2.08516e+08 1.44015e+07
2.08516e+08 1.44015e+07
2.08516e+08 1.44015e+07
2.08516e+08 1.43792e+07
2.08516e+08 1.43792e+07
2.08516e+08 1.43792e+07
2.08583e+08 1.43456e+07
2.08583e+08 1.43121e+07
2.08617e+08 1.43121e+07
2.08617e+08 1.43121e+07
2.08628e+08 1.43121e+07
2.08639e+08 1.43009e+07
2.08695e+08 1.42785e+07
2.08706e+08 1.42674e+07
2.08706e+08 1.42562e+07
2.23288e+08 1.48725e+07
2.23288e+08 1.48725e+07
2.23288e+08 1.48725e+07
2.23299e+08 1.48725e+07
2.23299e+08 1.48725e+07
2.23321e+08 1.48948e+07
2.23366e+08 1.48837e+07
2.23388e+08 1.48948e+07
2.234e+08 1.48837e+07
2.234e+08 1.48837e+07
2.234e+08 1.48837e+07
2.234e+08 1.48837e+07
2.234e+08 1.48837e+07
2.234e+08 1.48837e+07
2.234e+08 1.48837e+07
2.234e+08 1.48837e+07
2.23478e+08 1.48949e+07
2.23512e+08 1.49284e+07
2.23579e+08 1.49619e+07
2.23579e+08 1.49619e+07
2.23579e+08 1.49507e+07
2.23579e+08 1.49396e+07
2.23746e+08 1.50513e+07
2.23746e+08 1.50401e+07
2.23758e+08 1.50513e+07
2.38691e+08 1.54032e+07
2.38702e+08 1.54144e+07
2.38702e+08 1.54144e+07
2.38725e+08 1.54257e+07
2.38736e+08 1.54369e+07
2.38736e+08 1.54369e+07
2.38736e+08 1.54145e+07
2.38736e+08 1.53698e+07
2.38736e+08 1.53474e+07
2.38736e+08 1.53362e+07
2.38736e+08 1.53362e+07
2.38736e+08 1.53362e+07
2.38736e+08 1.53362e+07
2.38736e+08 1.53362e+07
2.38736e+08 1.53362e+07
2.38769e+08 1.53698e+07
2.38769e+08 1.53698e+07
2.39083e+08 1.56045e+07
2.39083e+08 1.5571e+07
2.39127e+08 1.55486e+07
2.39127e+08 1.55486e+07
2.3915e+08 1.55709e+07
2.39183e+08 1.56045e+07
2.39217e+08 1.54703e+07
2.39239e+08 1.54927e+07
2.39239e+08 1.54815e+07
2.54728e+08 1.60367e+07
2.54728e+08 1.60255e+07
2.54739e+08 1.60367e+07
2.54761e+08 1.60367e+07
2.54761e+08 1.60255e+07
2.54761e+08 1.60255e+07
2.54761e+08 1.60255e+07
2.54761e+08 1.60255e+07
2.54795e+08 1.6059e+07
2.54795e+08 1.6059e+07
2.54795e+08 1.6059e+07
2.54795e+08 1.6059e+07
2.54806e+08 1.60702e+07
2.54806e+08 1.60702e+07
2.54817e+08 1.60814e+07
2.54817e+08 1.60814e+07
2.54828e+08 1.6059e+07
2.54851e+08 1.60814e+07
2.55231e+08 1.61484e+07
2.55231e+08 1.61484e+07
2.55231e+08 1.61037e+07
2.55253e+08 1.61261e+07
2.55253e+08 1.61037e+07
2.55265e+08 1.60814e+07
2.55309e+08 1.60926e+07
2.55309e+08 1.60702e+07
2.55309e+08 1.60703e+07
2.71366e+08 1.66382e+07
2.71377e+08 1.66494e+07
2.71377e+08 1.66382e+07
2.71388e+08 1.6627e+07
2.71388e+08 1.6627e+07
2.71388e+08 1.6627e+07
2.71388e+08 1.6627e+07
2.71422e+08 1.66606e+07
2.71422e+08 1.66606e+07
2.71444e+08 1.66494e+07
2.71444e+08 1.66494e+07
2.71467e+08 1.66718e+07
2.71489e+08 1.66941e+07
2.71511e+08 1.67053e+07
2.71534e+08 1.67277e+07
2.71556e+08 1.67388e+07
2.71567e+08 1.675e+07
2.7159e+08 1.67612e+07
2.7178e+08 1.69289e+07
2.71925e+08 1.66942e+07
2.71925e+08 1.66942e+07
2.71925e+08 1.66943e+07
2.71925e+08 1.66719e+07
2.71959e+08 1.67054e+07
2.71981e+08 1.67166e+07
2.72004e+08 1.66942e+07
2.72004e+08 1.66942e+07
2.72004e+08 1.66943e+07
2.88635e+08 1.72694e+07
2.88635e+08 1.72583e+07
2.88669e+08 1.72918e+07
2.88669e+08 1.72807e+07
2.88669e+08 1.72807e+07
2.88669e+08 1.72807e+07
2.88669e+08 1.72807e+07
2.88747e+08 1.73254e+07
2.88747e+08 1.73254e+07
2.88747e+08 1.7303e+07
2.8877e+08 1.73253e+07
2.8877e+08 1.73253e+07
2.88781e+08 1.73142e+07
2.88792e+08 1.7303e+07
2.88792e+08 1.72806e+07
2.88814e+08 1.72806e+07
2.88814e+08 1.72583e+07
2.88814e+08 1.72471e+07
2.88881e+08 1.72918e+07
2.89027e+08 1.72472e+07
2.89307e+08 1.73814e+07
2.89307e+08 1.73814e+07
2.89307e+08 1.73813e+07
2.89307e+08 1.73813e+07
2.89307e+08 1.73478e+07
2.89329e+08 1.73478e+07
2.89329e+08 1.73255e+07
2.89329e+08 1.73255e+07
2.89329e+08 1.73254e+07
3.06424e+08 1.77891e+07
3.06424e+08 1.77891e+07
3.06469e+08 1.78003e+07
3.06469e+08 1.78003e+07
3.06469e+08 1.78003e+07
3.06469e+08 1.78003e+07
3.06469e+08 1.78003e+07
3.0648e+08 1.77332e+07
3.0648e+08 1.77332e+07
3.06481e+08 1.77332e+07
3.06481e+08 1.77109e+07
3.06481e+08 1.77109e+07
3.06481e+08 1.77109e+07
3.06481e+08 1.76997e+07
3.06503e+08 1.77109e+07
3.06503e+08 1.77109e+07
3.06559e+08 1.77445e+07
3.06559e+08 1.77445e+07
3.06559e+08 1.77445e+07
3.06637e+08 1.77557e+07
3.06973e+08 1.79458e+07
3.07174e+08 1.78676e+07
3.07174e+08 1.78676e+07
3.07185e+08 1.78789e+07
3.07185e+08 1.78789e+07
3.07197e+08 1.78901e+07
3.07197e+08 1.78677e+07
3.07197e+08 1.78677e+07
3.07197e+08 1.78677e+07
3.07197e+08 1.78677e+07
3.24955e+08 1.85303e+07
3.24955e+08 1.85303e+07
3.25022e+08 1.85527e+07
3.25067e+08 1.85974e+07
3.25067e+08 1.85974e+07
3.25067e+08 1.85974e+07
3.25089e+08 1.86197e+07
3.25089e+08 1.86086e+07
3.251e+08 1.86197e+07
3.251e+08 1.86197e+07
3.251e+08 1.86197e+07
3.251e+08 1.86197e+07
3.251e+08 1.86197e+07
3.251e+08 1.86198e+07
3.251e+08 1.86198e+07
3.251e+08 1.85975e+07
3.251e+08 1.85975e+07
3.25123e+08 1.85639e+07
3.25123e+08 1.85639e+07
3.25123e+08 1.85639e+07
3.25145e+08 1.85081e+07
3.25447e+08 1.84744e+07
3.25694e+08 1.85193e+07
3.25694e+08 1.85193e+07
3.25694e+08 1.85081e+07
3.25694e+08 1.85081e+07
3.25716e+08 1.85193e+07
3.25761e+08 1.85641e+07
3.25761e+08 1.85641e+07
3.25761e+08 1.85641e+07
3.25761e+08 1.85641e+07
3.44039e+08 1.90842e+07
3.44039e+08 1.90842e+07
3.44061e+08 1.90395e+07
3.44184e+08 1.91178e+07
3.44184e+08 1.91178e+07
3.44196e+08 1.9129e+07
3.44196e+08 1.91066e+07
3.44196e+08 1.91066e+07
3.44196e+08 1.90955e+07
3.44196e+08 1.90955e+07
3.44196e+08 1.90955e+07
3.44207e+08 1.91066e+07
3.44207e+08 1.91066e+07
3.44263e+08 1.91625e+07
3.44263e+08 1.91625e+07
3.44263e+08 1.91625e+07
3.44285e+08 1.91849e+07
3.44296e+08 1.91961e+07
3.4433e+08 1.92073e+07
3.4433e+08 1.92073e+07
3.4433e+08 1.92073e+07
3.44397e+08 1.9252e+07
3.44498e+08 1.90508e+07
3.44688e+08 1.89949e+07
3.44733e+08 1.90396e+07
3.448e+08 1.91067e+07
3.44811e+08 1.91179e+07
3.44957e+08 1.92409e+07
3.45035e+08 1.92744e+07
3.45035e+08 1.92744e+07
3.45046e+08 1.92856e+07
3.45058e+08 1.92968e+07
3.63758e+08 1.97195e+07
3.6377e+08 1.97307e+07
3.63837e+08 1.97754e+07
3.63859e+08 1.96748e+07
3.6387e+08 1.9686e+07
3.63893e+08 1.96972e+07
3.63893e+08 1.96972e+07
3.63904e+08 1.97084e+07
3.63926e+08 1.97307e+07
3.63926e+08 1.97307e+07
3.63926e+08 1.97307e+07
3.63949e+08 1.97419e+07
3.6396e+08 1.97531e+07
3.64005e+08 1.9742e+07
3.64027e+08 1.97643e+07
3.64027e+08 1.97643e+07
3.64027e+08 1.97643e+07
3.64038e+08 1.97531e+07
3.64061e+08 1.97643e+07
3.64072e+08 1.9742e+07
3.64106e+08 1.97755e+07
3.64106e+08 1.97755e+07
3.6415e+08 1.97531e+07
3.64184e+08 1.96861e+07
3.64397e+08 1.97085e+07
3.64408e+08 1.9675e+07
3.64419e+08 1.9619e+07
3.64419e+08 1.96079e+07
3.64486e+08 1.95295e+07
3.64554e+08 1.95184e+07
3.64554e+08 1.95184e+07
3.6461e+08 1.95631e+07
3.64621e+08 1.95631e+07
3.84048e+08 2.02891e+07
3.84126e+08 2.03562e+07
3.84126e+08 2.02891e+07
3.84171e+08 2.03114e+07
3.84171e+08 2.03003e+07
3.84171e+08 2.02779e+07
3.84182e+08 2.02891e+07
3.84182e+08 2.02779e+07
3.84216e+08 2.02891e+07
3.84216e+08 2.02891e+07
3.84216e+08 2.02891e+07
3.84227e+08 2.02779e+07
3.84272e+08 2.03115e+07
3.84383e+08 2.03786e+07
3.84395e+08 2.03674e+07
3.84395e+08 2.03674e+07
3.84395e+08 2.03674e+07
3.84395e+08 2.03674e+07
3.84395e+08 2.03563e+07
3.84395e+08 2.03339e+07
3.84439e+08 2.03674e+07
3.8444e+08 2.03339e+07
3.8444e+08 2.03339e+07
3.84462e+08 2.03115e+07
3.84529e+08 2.03451e+07
3.84731e+08 2.03339e+07
3.84731e+08 2.03228e+07
3.84731e+08 2.03116e+07
3.84787e+08 2.03675e+07
3.84798e+08 2.03116e+07
3.84843e+08 2.02892e+07
3.84843e+08 2.02892e+07
3.84899e+08 2.02892e+07
3.84899e+08 2.0278e+07
4.04895e+08 2.08473e+07
4.04917e+08 2.07914e+07
4.04917e+08 2.07914e+07
4.04951e+08 2.07803e+07
4.04985e+08 2.08138e+07
4.04985e+08 2.08138e+07
4.04985e+08 2.08026e+07
4.04985e+08 2.08026e+07
4.04985e+08 2.0769e+07
4.04996e+08 2.07802e+07
4.04996e+08 2.07802e+07
4.05029e+08 2.08026e+07
4.05141e+08 2.08697e+07
4.05186e+08 2.08026e+07
4.05208e+08 2.08138e+07
4.05208e+08 2.08138e+07
4.0522e+08 2.08249e+07
4.0522e+08 2.0825e+07
4.0522e+08 2.0825e+07
4.0522e+08 2.0825e+07
4.0522e+08 2.0825e+07
4.05231e+08 2.07914e+07
4.05298e+08 2.08585e+07
4.05298e+08 2.08585e+07
4.05298e+08 2.08362e+07
4.05332e+08 2.08026e+07
4.05623e+08 2.0892e+07
4.05623e+08 2.0892e+07
4.05634e+08 2.09032e+07
4.05645e+08 2.08585e+07
4.0569e+08 2.0892e+07
4.05724e+08 2.08808e+07
4.05724e+08 2.08809e+07
4.05724e+08 2.0825e+07
4.05724e+08 2.0825e+07
4.26216e+08 2.13214e+07
4.26227e+08 2.13102e+07
4.26227e+08 2.13102e+07
4.26306e+08 2.1355e+07
4.26317e+08 2.13326e+07
4.26362e+08 2.13773e+07
4.26362e+08 2.13773e+07
4.26373e+08 2.13885e+07
4.26373e+08 2.13885e+07
4.26384e+08 2.13885e+07
4.26384e+08 2.13885e+07
4.26384e+08 2.13549e+07
4.26396e+08 2.12544e+07
4.26407e+08 2.12208e+07
4.26407e+08 2.11984e+07
4.26418e+08 2.12096e+07
4.26418e+08 2.11984e+07
4.26429e+08 2.12096e+07
4.26552e+08 2.13325e+07
4.26552e+08 2.13325e+07
4.26552e+08 2.13325e+07
4.26552e+08 2.13325e+07
4.26552e+08 2.13214e+07
4.26619e+08 2.13214e+07
4.26631e+08 2.13326e+07
4.26631e+08 2.13325e+07
4.26698e+08 2.13661e+07
4.27067e+08 2.14443e+07
4.27067e+08 2.14443e+07
4.27067e+08 2.14332e+07
4.2709e+08 2.14443e+07
4.27112e+08 2.1422e+07
4.27123e+08 2.13996e+07
4.27157e+08 2.14332e+07
4.27168e+08 2.14444e+07
4.27179e+08 2.14555e+07
4.48326e+08 2.21098e+07
4.48382e+08 2.21547e+07
4.48382e+08 2.21547e+07
4.48505e+08 2.21994e+07
4.48505e+08 2.21882e+07
4.48505e+08 2.21435e+07
4.48505e+08 2.21435e+07
4.48505e+08 2.21323e+07
4.48505e+08 2.21323e+07
4.48505e+08 2.21211e+07
4.48505e+08 2.21211e+07
4.48505e+08 2.21211e+07
4.48539e+08 2.21434e+07
4.4855e+08 2.21434e+07
4.4855e+08 2.21434e+07
4.4855e+08 2.21322e+07
4.4855e+08 2.21322e+07
4.4855e+08 2.2121e+07
4.4855e+08 2.1998e+07
4.48561e+08 2.20092e+07
4.48573e+08 2.20204e+07
4.48595e+08 2.20428e+07
4.48595e+08 2.20428e+07
4.48684e+08 2.21322e+07
4.48752e+08 2.21322e+07
4.48774e+08 2.21434e+07
4.48796e+08 2.21657e+07
4.48808e+08 2.21098e+07
4.49367e+08 2.22998e+07
4.49378e+08 2.2311e+07
4.49378e+08 2.2311e+07
4.49378e+08 2.22887e+07
4.4939e+08 2.22775e+07
4.49423e+08 2.22998e+07
4.49434e+08 2.22775e+07
4.4949e+08 2.23222e+07
4.4949e+08 2.2311e+07
4.71009e+08 2.26834e+07
4.71166e+08 2.27842e+07
4.71166e+08 2.27842e+07
4.712e+08 2.26946e+07
4.712e+08 2.26946e+07
4.71222e+08 2.27169e+07
4.71222e+08 2.27169e+07
4.71222e+08 2.27169e+07
4.71222e+08 2.27169e+07
4.71222e+08 2.27169e+07
4.71222e+08 2.27169e+07
4.71222e+08 2.27169e+07
4.71256e+08 2.27169e+07
4.71267e+08 2.27169e+07
4.71278e+08 2.27281e+07
4.71278e+08 2.27281e+07
4.71278e+08 2.27281e+07
4.71289e+08 2.27393e+07
4.71289e+08 2.27393e+07
4.71345e+08 2.2784e+07
4.71345e+08 2.27728e+07
4.71345e+08 2.27505e+07
4.71345e+08 2.27505e+07
4.71345e+08 2.27505e+07
4.71345e+08 2.26611e+07
4.71435e+08 2.26833e+07
4.71435e+08 2.2661e+07
4.71469e+08 2.26722e+07
4.71502e+08 2.26946e+07
4.71983e+08 2.26163e+07
4.71983e+08 2.26051e+07
4.71995e+08 2.26163e+07
4.72006e+08 2.26275e+07
4.72006e+08 2.26163e+07
4.72006e+08 2.25828e+07
4.72073e+08 2.26387e+07
4.72218e+08 2.27281e+07
4.72229e+08 2.27392e+07
4.94226e+08 2.32162e+07
4.94539e+08 2.33727e+07
4.94539e+08 2.33727e+07
4.94539e+08 2.33392e+07
4.9455e+08 2.33504e+07
4.9455e+08 2.3328e+07
4.9455e+08 2.3328e+07
4.9455e+08 2.3328e+07
4.94573e+08 2.33504e+07
4.94573e+08 2.33504e+07
4.94595e+08 2.33727e+07
4.94595e+08 2.33727e+07
4.94595e+08 2.33392e+07
4.94629e+08 2.33616e+07
4.94629e+08 2.33504e+07
4.94629e+08 2.33504e+07
4.9464e+08 2.33616e+07
4.9464e+08 2.33504e+07
4.9464e+08 2.33504e+07
4.9464e+08 2.32945e+07
4.94651e+08 2.33056e+07
4.94651e+08 2.33056e+07
4.94651e+08 2.33056e+07
4.94651e+08 2.33056e+07
4.94696e+08 2.33504e+07
4.94696e+08 2.33504e+07
4.94752e+08 2.33168e+07
4.94752e+08 2.33168e+07
4.94797e+08 2.3328e+07
4.9483e+08 2.33278e+07
4.95367e+08 2.33839e+07
4.95378e+08 2.3395e+07
4.9539e+08 2.3395e+07
4.95423e+08 2.34174e+07
4.95423e+08 2.34174e+07
4.95434e+08 2.34286e+07
4.95457e+08 2.33839e+07
4.95457e+08 2.32386e+07
4.95457e+08 2.32274e+07
5.18021e+08 2.37956e+07
5.18357e+08 2.3818e+07
5.18357e+08 2.3818e+07
5.18357e+08 2.3818e+07
5.18368e+08 2.3818e+07
5.18368e+08 2.3818e+07
5.18368e+08 2.3818e+07
5.18368e+08 2.3818e+07
5.18391e+08 2.3818e+07
5.18469e+08 2.38962e+07
5.18469e+08 2.38739e+07
5.18469e+08 2.38739e+07
5.18491e+08 2.38962e+07
5.18502e+08 2.38738e+07
5.18514e+08 2.3885e+07
5.18514e+08 2.3885e+07
5.18514e+08 2.38738e+07
5.1857e+08 2.39297e+07
5.1857e+08 2.39297e+07
5.18581e+08 2.39409e+07
5.18581e+08 2.39297e+07
5.18581e+08 2.39297e+07
5.18603e+08 2.39521e+07
5.18603e+08 2.39521e+07
5.18648e+08 2.39521e+07
5.18648e+08 2.39521e+07
5.18648e+08 2.39521e+07
5.1867e+08 2.39186e+07
5.1867e+08 2.39186e+07
5.18715e+08 2.39185e+07
5.18715e+08 2.3885e+07
5.19185e+08 2.3818e+07
5.19196e+08 2.3818e+07
5.19196e+08 2.38068e+07
5.19208e+08 2.37844e+07
5.19219e+08 2.37956e+07
5.19241e+08 2.38068e+07
5.19308e+08 2.38515e+07
5.19308e+08 2.38515e+07
5.19331e+08 2.38739e+07
5.42333e+08 2.43121e+07
5.42848e+08 2.4491e+07
5.4287e+08 2.45134e+07
5.42904e+08 2.45469e+07
5.42926e+08 2.45581e+07
5.42926e+08 2.45581e+07
5.42949e+08 2.45805e+07
5.42949e+08 2.45805e+07
5.42993e+08 2.46028e+07
5.42993e+08 2.45246e+07
5.42993e+08 2.45246e+07
5.43016e+08 2.45469e+07
5.43016e+08 2.45246e+07
5.43016e+08 2.45134e+07
5.43016e+08 2.45022e+07
5.43016e+08 2.45022e+07
5.43016e+08 2.45022e+07
5.43016e+08 2.44463e+07
5.43016e+08 2.44463e+07
5.43072e+08 2.4491e+07
5.43072e+08 2.44911e+07
5.43072e+08 2.44911e+07
5.43072e+08 2.44687e+07
5.43072e+08 2.44687e+07
5.43083e+08 2.44352e+07
5.43083e+08 2.44352e+07
5.43094e+08 2.44464e+07
5.43094e+08 2.44464e+07
5.43161e+08 2.44911e+07
5.43161e+08 2.44911e+07
5.43217e+08 2.45022e+07
5.43217e+08 2.45022e+07
5.43632e+08 2.44463e+07
5.43643e+08 2.44463e+07
5.43643e+08 2.44463e+07
5.43665e+08 2.44575e+07
5.43665e+08 2.44463e+07
5.43676e+08 2.44351e+07
5.43755e+08 2.44463e+07
5.43788e+08 2.44798e+07
5.43822e+08 2.4491e+07
5.67185e+08 2.48513e+07
5.67901e+08 2.50525e+07
5.67901e+08 2.50302e+07
5.67968e+08 2.50638e+07
5.67968e+08 2.50414e+07
5.6799e+08 2.50637e+07
5.6799e+08 2.50414e+07
5.6799e+08 2.50414e+07
5.68012e+08 2.5019e+07
5.68013e+08 2.5019e+07
5.68013e+08 2.5019e+07
5.68013e+08 2.49967e+07
5.68024e+08 2.50078e+07
5.68024e+08 2.50078e+07
5.68024e+08 2.50078e+07
5.68035e+08 2.5019e+07
5.68035e+08 2.5019e+07
5.68035e+08 2.5019e+07
5.68035e+08 2.5019e+07
5.68035e+08 2.49631e+07
5.68035e+08 2.49631e+07
5.68035e+08 2.49631e+07
5.68046e+08 2.49743e+07
5.68046e+08 2.49743e+07
5.68124e+08 2.50413e+07
5.68124e+08 2.50413e+07
5.68147e+08 2.50525e+07
5.68147e+08 2.50525e+07
5.68147e+08 2.49854e+07
5.68147e+08 2.49855e+07
5.68147e+08 2.49854e+07
5.68147e+08 2.49295e+07
5.68147e+08 2.49295e+07
5.68606e+08 2.49742e+07
5.68606e+08 2.4963e+07
5.68617e+08 2.49742e+07
5.68662e+08 2.49966e+07
5.68673e+08 2.50077e+07
5.68673e+08 2.49966e+07
5.68695e+08 2.49407e+07
5.68718e+08 2.49295e+07
5.68751e+08 2.49295e+07
5.92723e+08 2.5538e+07
5.93405e+08 2.55045e+07
5.93405e+08 2.55045e+07
5.93472e+08 2.55045e+07
5.93495e+08 2.55269e+07
5.93495e+08 2.55045e+07
5.93562e+08 2.55716e+07
5.93562e+08 2.55716e+07
5.93606e+08 2.5594e+07
5.93606e+08 2.5594e+07
5.93629e+08 2.56163e+07
5.93629e+08 2.56163e+07
5.93629e+08 2.56051e+07
5.9364e+08 2.56163e+07
5.9364e+08 2.56163e+07
5.9364e+08 2.56052e+07
5.93662e+08 2.56275e+07
5.93662e+08 2.56275e+07
5.93662e+08 2.56275e+07
5.93662e+08 2.56275e+07
5.93662e+08 2.56275e+07
5.93662e+08 2.56275e+07
5.93663e+08 2.56164e+07
5.93663e+08 2.56164e+07
5.93674e+08 2.55493e+07
5.93674e+08 2.55493e+07
5.93674e+08 2.55269e+07
5.93674e+08 2.55269e+07
5.93674e+08 2.55269e+07
5.93674e+08 2.55269e+07
5.93674e+08 2.55269e+07
5.93674e+08 2.55269e+07
5.93674e+08 2.55269e+07
5.93674e+08 2.55269e+07
5.94188e+08 2.55827e+07
5.94222e+08 2.56163e+07
5.94222e+08 2.56051e+07
5.94233e+08 2.55715e+07
5.94244e+08 2.55716e+07
5.94244e+08 2.55716e+07
5.94244e+08 2.55492e+07
5.94244e+08 2.55268e+07
5.94256e+08 2.55045e+07
6.18701e+08 2.59786e+07
6.18903e+08 2.54976e+07
6.18903e+08 2.54976e+07
6.18925e+08 2.54528e+07
6.18925e+08 2.54305e+07
6.18925e+08 2.54305e+07
6.18925e+08 2.53634e+07
6.18925e+08 2.53634e+07
6.18947e+08 2.5341e+07
6.18947e+08 2.5341e+07
6.18947e+08 2.53186e+07
6.18947e+08 2.53186e+07
6.18947e+08 2.53186e+07
6.18959e+08 2.53186e+07
6.18959e+08 2.53186e+07
6.18959e+08 2.53186e+07
6.18959e+08 2.52963e+07
6.18959e+08 2.52963e+07
6.18959e+08 2.52963e+07
6.18959e+08 2.52963e+07
6.18959e+08 2.52963e+07
6.18959e+08 2.52963e+07
6.1897e+08 2.53074e+07
6.1897e+08 2.53074e+07
6.18981e+08 2.53074e+07
6.18981e+08 2.53074e+07
6.18981e+08 2.53074e+07
6.18981e+08 2.53074e+07
6.18981e+08 2.53074e+07
6.18992e+08 2.53186e+07
6.18992e+08 2.53186e+07
6.18992e+08 2.53186e+07
6.18992e+08 2.53186e+07
6.18992e+08 2.53186e+07
6.18992e+08 2.53186e+07
6.19619e+08 2.54305e+07
6.19697e+08 2.54753e+07
6.19764e+08 2.55424e+07
6.19764e+08 2.55312e+07
6.19787e+08 2.55424e+07
6.19832e+08 2.55871e+07
6.19843e+08 2.55983e+07
6.19843e+08 2.55983e+07
6.19843e+08 2.55871e+07
6.26269e+08 7.56737e+06
6.2628e+08 7.37731e+06
6.2628e+08 7.37732e+06
