3.58478e+06 3.58467e+06
8.24028e+06 4.65549e+06
8.24028e+06 4.6555e+06
9.77605e+06 1.53577e+06
9.77605e+06 1.53577e+06
1.16098e+07 1.83371e+06
1.16098e+07 1.83371e+06
1.16098e+07 1.83371e+06
1.4145e+07 2.53523e+06
1.4145e+07 2.53523e+06
1.41562e+07 2.54642e+06
1.41562e+07 2.54642e+06
1.69741e+07 2.82909e+06
1.69964e+07 2.85146e+06
1.69965e+07 2.84028e+06
1.69965e+07 2.84028e+06
1.69965e+07 2.84029e+06
2.034e+07 3.36596e+06
2.03624e+07 3.36594e+06
2.03624e+07 3.36594e+06
2.03624e+07 3.36594e+06
2.03624e+07 3.36594e+06
2.0396e+07 3.39949e+06
2.45878e+07 4.24775e+06
2.4599e+07 4.23658e+06
2.4599e+07 4.23658e+06
2.4599e+07 4.23658e+06
2.46102e+07 4.24777e+06
2.46102e+07 4.21423e+06
2.46102e+07 4.21424e+06
2.84856e+07 3.89778e+06
2.84968e+07 3.89779e+06
2.84968e+07 3.89779e+06
2.85191e+07 3.92015e+06
2.85415e+07 3.93132e+06
2.85415e+07 3.93134e+06
2.85415e+07 3.93133e+06
3.30928e+07 4.60726e+06
3.3104e+07 4.61845e+06
3.3104e+07 4.60727e+06
3.31152e+07 4.61844e+06
3.31376e+07 4.61844e+06
3.31376e+07 4.59608e+06
3.316e+07 4.61843e+06
3.316e+07 4.61843e+06
3.83263e+07 5.23349e+06
3.83263e+07 5.22231e+06
3.83263e+07 5.22231e+06
3.83263e+07 5.22231e+06
3.83263e+07 5.21114e+06
3.83264e+07 5.18878e+06
3.83264e+07 5.18881e+06
3.83264e+07 5.16646e+06
3.836e+07 5.19999e+06
4.40408e+07 5.71447e+06
4.4052e+07 5.72565e+06
4.4052e+07 5.72565e+06
4.4052e+07 5.72565e+06
4.40632e+07 5.73683e+06
4.40744e+07 5.74802e+06
4.41079e+07 5.78155e+06
4.42085e+07 5.88212e+06
4.42532e+07 5.92681e+06
4.43427e+07 5.98271e+06
5.03297e+07 6.28896e+06
5.03633e+07 6.31135e+06
5.03633e+07 6.31135e+06
5.03633e+07 6.31136e+06
5.03634e+07 6.30021e+06
5.03858e+07 6.32258e+06
5.04193e+07 6.34497e+06
5.04753e+07 6.36736e+06
5.05647e+07 6.3562e+06
5.05647e+07 6.3115e+06
5.07212e+07 6.37857e+06
5.7129e+07 6.7993e+06
5.71291e+07 6.76576e+06
5.71291e+07 6.76575e+06
5.71291e+07 6.76575e+06
5.71626e+07 6.79926e+06
5.72186e+07 6.8328e+06
5.73639e+07 6.9446e+06
5.74087e+07 6.98932e+06
5.76658e+07 7.1905e+06
5.77217e+07 7.15695e+06
5.77552e+07 7.19047e+06
5.79899e+07 7.2687e+06
6.4461e+07 7.33198e+06
6.44611e+07 7.33199e+06
6.4584e+07 7.45495e+06
6.46288e+07 7.49966e+06
6.46847e+07 7.52203e+06
6.46959e+07 7.47731e+06
6.49531e+07 7.58919e+06
6.50202e+07 7.61156e+06
6.50202e+07 7.61157e+06
6.52326e+07 7.56688e+06
6.52327e+07 7.511e+06
6.52327e+07 7.47747e+06
6.52886e+07 7.29863e+06
7.21997e+07 7.73872e+06
7.23451e+07 7.88407e+06
7.25576e+07 7.97351e+06
7.25799e+07 7.95117e+06
7.27029e+07 8.01823e+06
7.27253e+07 8.02939e+06
7.30049e+07 8.05175e+06
7.3139e+07 8.11882e+06
7.32173e+07 8.19705e+06
7.32285e+07 8.20823e+06
7.33068e+07 8.07413e+06
7.33291e+07 8.09648e+06
7.33291e+07 8.09648e+06
7.35415e+07 8.25295e+06
8.06095e+07 8.40979e+06
8.07213e+07 8.37621e+06
8.08443e+07 8.28675e+06
8.0889e+07 8.30911e+06
8.10679e+07 8.36497e+06
8.11573e+07 8.43207e+06
8.17051e+07 8.70027e+06
8.18505e+07 8.71146e+06
8.1884e+07 8.66675e+06
8.19176e+07 8.68911e+06
8.19959e+07 8.68912e+06
8.19959e+07 8.68914e+06
8.20966e+07 8.76746e+06
8.20966e+07 8.76746e+06
8.22084e+07 8.66687e+06
9.00366e+07 9.42711e+06
9.00925e+07 9.3712e+06
9.00926e+07 9.24825e+06
9.01037e+07 9.2147e+06
9.0115e+07 9.04709e+06
9.03274e+07 9.17006e+06
9.08864e+07 9.18131e+06
9.10095e+07 9.15899e+06
9.10095e+07 9.12546e+06
9.10542e+07 9.13665e+06
9.11549e+07 9.15896e+06
9.1222e+07 9.22605e+06
9.1222e+07 9.22605e+06
9.15238e+07 9.42721e+06
9.15573e+07 9.46075e+06
9.16356e+07 9.42721e+06
9.96094e+07 9.57272e+06
9.96094e+07 9.51684e+06
9.96094e+07 9.51685e+06
9.96206e+07 9.51685e+06
9.9643e+07 9.52808e+06
9.99001e+07 9.57274e+06
1.00649e+08 9.76272e+06
1.00772e+08 9.76274e+06
1.00795e+08 9.7851e+06
1.00873e+08 9.81863e+06
1.00973e+08 9.81862e+06
1.01152e+08 9.9304e+06
1.01175e+08 9.95278e+06
1.0151e+08 9.98631e+06
1.0151e+08 9.98632e+06
1.0151e+08 9.95278e+06
1.01532e+08 9.8969e+06
1.09931e+08 1.0322e+07
1.1001e+08 1.04002e+07
1.10021e+08 1.04114e+07
1.10021e+08 1.04002e+07
1.10144e+08 1.05007e+07
1.102e+08 1.02996e+07
1.11161e+08 1.0512e+07
1.11362e+08 1.05902e+07
1.11362e+08 1.05678e+07
1.1143e+08 1.05567e+07
1.1143e+08 1.04561e+07
1.1153e+08 1.03779e+07
1.11631e+08 1.04561e+07
1.11776e+08 1.02661e+07
1.11799e+08 1.02885e+07
1.11821e+08 1.03109e+07
1.11855e+08 1.03444e+07
1.11877e+08 1.03444e+07
1.20947e+08 1.10153e+07
1.20969e+08 1.09595e+07
1.20991e+08 1.09707e+07
1.20991e+08 1.09707e+07
1.21036e+08 1.08924e+07
1.21193e+08 1.0993e+07
1.22311e+08 1.11494e+07
1.22512e+08 1.11494e+07
1.22512e+08 1.11494e+07
1.22557e+08 1.11271e+07
1.22579e+08 1.11494e+07
1.22736e+08 1.12053e+07
1.22747e+08 1.11159e+07
1.22803e+08 1.10264e+07
1.22803e+08 1.10041e+07
1.22836e+08 1.10152e+07
1.2287e+08 1.10152e+07
1.2287e+08 1.10153e+07
1.22914e+08 1.10376e+07
1.32722e+08 1.17757e+07
1.32734e+08 1.17645e+07
1.32756e+08 1.17645e+07
1.32767e+08 1.17756e+07
1.32767e+08 1.17309e+07
1.32879e+08 1.16862e+07
1.33952e+08 1.16416e+07
1.34165e+08 1.16527e+07
1.34165e+08 1.16527e+07
1.34198e+08 1.16416e+07
1.34265e+08 1.16863e+07
1.34511e+08 1.17757e+07
1.34522e+08 1.17757e+07
1.34567e+08 1.17645e+07
1.34567e+08 1.17645e+07
1.34578e+08 1.17422e+07
1.34578e+08 1.17086e+07
1.34578e+08 1.17086e+07
1.34668e+08 1.17981e+07
1.34713e+08 1.17981e+07
1.44789e+08 1.20667e+07
1.44789e+08 1.20555e+07
1.448e+08 1.20443e+07
1.44901e+08 1.21338e+07
1.44923e+08 1.21562e+07
1.44968e+08 1.20891e+07
1.46131e+08 1.21784e+07
1.46399e+08 1.22343e+07
1.46488e+08 1.23237e+07
1.46544e+08 1.23461e+07
1.46611e+08 1.2346e+07
1.4688e+08 1.23684e+07
1.46913e+08 1.23908e+07
1.46958e+08 1.23908e+07
1.46958e+08 1.23908e+07
1.46958e+08 1.23796e+07
1.46958e+08 1.23796e+07
1.46958e+08 1.23796e+07
1.46969e+08 1.23013e+07
1.47047e+08 1.23349e+07
1.47081e+08 1.23684e+07
1.57605e+08 1.28158e+07
1.57672e+08 1.28828e+07
1.5775e+08 1.29499e+07
1.57784e+08 1.28828e+07
1.57896e+08 1.29723e+07
1.57985e+08 1.3017e+07
1.58935e+08 1.28046e+07
1.59125e+08 1.27264e+07
1.59449e+08 1.29611e+07
1.59516e+08 1.29723e+07
1.5955e+08 1.29388e+07
1.59852e+08 1.29723e+07
1.59874e+08 1.29611e+07
1.5993e+08 1.29723e+07
1.59941e+08 1.29835e+07
1.59941e+08 1.29835e+07
1.59997e+08 1.30394e+07
1.60009e+08 1.30506e+07
1.60009e+08 1.30394e+07
1.6002e+08 1.29724e+07
1.60053e+08 1.29724e+07
1.60076e+08 1.29947e+07
1.7051e+08 1.29055e+07
1.70544e+08 1.2872e+07
1.706e+08 1.28496e+07
1.707e+08 1.29167e+07
1.70734e+08 1.28385e+07
1.70902e+08 1.29167e+07
1.71886e+08 1.29503e+07
1.72098e+08 1.29727e+07
1.72254e+08 1.2805e+07
1.72344e+08 1.28274e+07
1.72366e+08 1.28162e+07
1.72802e+08 1.29503e+07
1.7297e+08 1.30956e+07
1.72981e+08 1.30509e+07
1.72992e+08 1.30509e+07
1.73026e+08 1.30845e+07
1.73037e+08 1.30397e+07
1.73048e+08 1.30397e+07
1.73048e+08 1.30397e+07
1.73093e+08 1.30732e+07
1.73104e+08 1.30509e+07
1.73104e+08 1.30285e+07
1.84109e+08 1.35986e+07
1.8412e+08 1.36098e+07
1.84131e+08 1.35875e+07
1.84187e+08 1.35875e+07
1.84254e+08 1.3554e+07
1.84288e+08 1.35539e+07
1.84579e+08 1.3677e+07
1.85451e+08 1.3565e+07
1.86054e+08 1.39562e+07
1.86144e+08 1.38892e+07
1.862e+08 1.38557e+07
1.862e+08 1.38333e+07
1.8658e+08 1.37774e+07
1.86613e+08 1.36433e+07
1.86636e+08 1.36545e+07
1.86636e+08 1.36433e+07
1.86703e+08 1.36769e+07
1.86714e+08 1.36769e+07
1.86725e+08 1.36769e+07
1.86748e+08 1.36992e+07
1.86826e+08 1.37328e+07
1.86826e+08 1.37216e+07
1.86848e+08 1.3744e+07
1.9811e+08 1.40014e+07
1.9811e+08 1.39902e+07
1.98155e+08 1.40349e+07
1.98334e+08 1.42026e+07
1.9839e+08 1.42026e+07
1.98446e+08 1.41915e+07
1.98446e+08 1.41579e+07
1.9915e+08 1.45713e+07
1.99687e+08 1.4236e+07
2.00156e+08 1.41019e+07
2.00178e+08 1.40349e+07
2.00357e+08 1.41578e+07
2.00357e+08 1.41578e+07
2.00726e+08 1.41466e+07
2.00793e+08 1.41802e+07
2.00805e+08 1.4169e+07
2.00805e+08 1.4169e+07
2.00894e+08 1.41914e+07
2.00894e+08 1.41802e+07
2.01028e+08 1.43031e+07
2.01185e+08 1.44372e+07
2.01218e+08 1.43925e+07
2.01263e+08 1.44372e+07
2.01297e+08 1.44484e+07
2.12805e+08 1.46947e+07
2.12805e+08 1.46947e+07
2.12984e+08 1.48288e+07
2.13096e+08 1.47618e+07
2.13096e+08 1.47618e+07
2.13152e+08 1.47617e+07
2.13386e+08 1.49405e+07
2.13409e+08 1.49628e+07
2.1399e+08 1.48398e+07
2.14482e+08 1.47952e+07
2.15175e+08 1.50187e+07
2.15175e+08 1.49964e+07
2.15287e+08 1.49293e+07
2.15343e+08 1.49852e+07
2.15488e+08 1.47617e+07
2.15645e+08 1.48511e+07
2.15645e+08 1.48399e+07
2.15645e+08 1.48399e+07
2.16125e+08 1.52311e+07
2.16125e+08 1.52311e+07
2.16136e+08 1.51081e+07
2.1617e+08 1.49852e+07
2.16192e+08 1.4974e+07
2.16215e+08 1.49517e+07
2.16327e+08 1.50299e+07
2.28137e+08 1.53321e+07
2.28137e+08 1.53321e+07
2.28372e+08 1.53879e+07
2.28651e+08 1.55555e+07
2.28651e+08 1.55555e+07
2.28651e+08 1.55555e+07
2.28651e+08 1.54996e+07
2.28852e+08 1.54661e+07
2.28886e+08 1.54773e+07
2.29456e+08 1.54661e+07
2.30026e+08 1.55444e+07
2.30451e+08 1.52761e+07
2.30473e+08 1.52985e+07
2.30641e+08 1.53544e+07
2.30798e+08 1.5455e+07
2.30921e+08 1.54326e+07
2.30932e+08 1.52873e+07
2.30932e+08 1.52873e+07
2.30932e+08 1.52874e+07
2.3158e+08 1.5455e+07
2.3158e+08 1.5455e+07
2.3158e+08 1.54438e+07
2.31726e+08 1.55556e+07
2.31759e+08 1.55667e+07
2.3186e+08 1.5645e+07
2.31972e+08 1.5645e+07
2.44196e+08 1.60588e+07
2.44196e+08 1.60588e+07
2.44352e+08 1.59806e+07
2.44431e+08 1.57794e+07
2.44431e+08 1.57794e+07
2.44509e+08 1.58577e+07
2.44565e+08 1.59135e+07
2.44565e+08 1.59136e+07
2.44889e+08 1.60365e+07
2.4509e+08 1.62041e+07
2.45414e+08 1.59583e+07
2.46063e+08 1.60365e+07
2.46432e+08 1.59806e+07
2.46432e+08 1.59583e+07
2.46577e+08 1.59359e+07
2.46689e+08 1.58912e+07
2.46834e+08 1.59136e+07
2.47181e+08 1.62489e+07
2.47181e+08 1.62489e+07
2.47248e+08 1.63159e+07
2.47896e+08 1.63159e+07
2.47896e+08 1.63159e+07
2.47896e+08 1.63159e+07
2.47997e+08 1.62712e+07
2.4803e+08 1.62712e+07
2.48086e+08 1.62265e+07
2.4822e+08 1.62489e+07
2.60881e+08 1.66851e+07
2.60948e+08 1.67521e+07
2.60993e+08 1.66404e+07
2.61071e+08 1.66404e+07
2.61105e+08 1.66739e+07
2.61116e+08 1.66068e+07
2.61172e+08 1.66068e+07
2.61239e+08 1.66739e+07
2.61306e+08 1.6741e+07
2.61552e+08 1.66627e+07
2.61686e+08 1.65957e+07
2.62245e+08 1.68304e+07
2.62524e+08 1.64616e+07
2.62848e+08 1.64169e+07
2.62848e+08 1.64169e+07
2.62983e+08 1.64057e+07
2.63161e+08 1.64727e+07
2.63631e+08 1.67969e+07
2.63843e+08 1.66627e+07
2.63843e+08 1.66627e+07
2.63899e+08 1.66515e+07
2.64615e+08 1.67187e+07
2.64626e+08 1.67298e+07
2.64626e+08 1.67298e+07
2.64671e+08 1.6674e+07
2.64671e+08 1.66405e+07
2.64671e+08 1.65845e+07
2.64805e+08 1.65846e+07
2.78036e+08 1.71548e+07
2.78081e+08 1.71325e+07
2.78081e+08 1.70878e+07
2.78159e+08 1.70878e+07
2.78159e+08 1.70543e+07
2.78192e+08 1.70766e+07
2.78293e+08 1.71213e+07
2.78494e+08 1.72555e+07
2.78528e+08 1.72219e+07
2.7874e+08 1.71884e+07
2.78785e+08 1.72331e+07
2.78818e+08 1.71325e+07
2.79288e+08 1.70431e+07
2.79377e+08 1.68531e+07
2.79836e+08 1.69872e+07
2.79869e+08 1.70208e+07
2.80015e+08 1.7032e+07
2.80205e+08 1.70431e+07
2.80965e+08 1.73337e+07
2.81043e+08 1.71996e+07
2.8111e+08 1.72666e+07
2.81278e+08 1.73784e+07
2.81814e+08 1.71996e+07
2.81814e+08 1.71884e+07
2.81814e+08 1.71884e+07
2.81837e+08 1.71661e+07
2.81848e+08 1.71773e+07
2.81859e+08 1.71884e+07
2.81949e+08 1.71438e+07
2.95761e+08 1.77252e+07
2.95839e+08 1.77587e+07
2.95895e+08 1.78146e+07
2.9604e+08 1.78816e+07
2.9604e+08 1.78816e+07
2.96074e+08 1.78817e+07
2.96163e+08 1.78705e+07
2.96208e+08 1.7714e+07
2.96219e+08 1.76917e+07
2.96342e+08 1.76023e+07
2.96387e+08 1.76023e+07
2.96398e+08 1.76135e+07
2.96421e+08 1.76024e+07
2.96924e+08 1.76358e+07
2.96957e+08 1.75799e+07
2.97527e+08 1.76917e+07
2.97594e+08 1.77253e+07
2.97807e+08 1.77923e+07
2.98053e+08 1.78482e+07
2.9869e+08 1.77252e+07
2.99014e+08 1.79712e+07
2.99014e+08 1.79041e+07
2.99171e+08 1.78929e+07
2.99551e+08 1.77365e+07
2.99562e+08 1.77476e+07
2.99562e+08 1.77476e+07
2.99596e+08 1.77588e+07
2.99607e+08 1.77588e+07
2.9964e+08 1.77812e+07
2.99842e+08 1.78929e+07
3.14112e+08 1.83515e+07
3.14112e+08 1.82732e+07
3.14112e+08 1.82173e+07
3.1418e+08 1.81391e+07
3.1418e+08 1.81391e+07
3.14247e+08 1.81727e+07
3.14392e+08 1.82286e+07
3.14448e+08 1.82398e+07
3.14448e+08 1.82286e+07
3.14604e+08 1.82621e+07
3.14649e+08 1.82621e+07
3.14705e+08 1.83068e+07
3.14739e+08 1.83179e+07
3.14772e+08 1.83515e+07
3.15029e+08 1.81056e+07
3.15029e+08 1.80721e+07
3.15912e+08 1.8385e+07
3.15912e+08 1.8318e+07
3.16237e+08 1.84297e+07
3.16337e+08 1.82844e+07
3.16829e+08 1.81391e+07
3.17399e+08 1.8385e+07
3.17444e+08 1.84297e+07
3.17679e+08 1.8508e+07
3.17936e+08 1.8385e+07
3.17936e+08 1.83738e+07
3.17936e+08 1.83738e+07
3.17958e+08 1.83627e+07
3.17969e+08 1.83627e+07
3.18081e+08 1.84409e+07
3.18238e+08 1.83962e+07
3.32922e+08 1.881e+07
3.32945e+08 1.88324e+07
3.32967e+08 1.88548e+07
3.32967e+08 1.87878e+07
3.32967e+08 1.87878e+07
3.33046e+08 1.87989e+07
3.33157e+08 1.87654e+07
3.33303e+08 1.88548e+07
3.3337e+08 1.89219e+07
3.33504e+08 1.88995e+07
3.33515e+08 1.8866e+07
3.33515e+08 1.88101e+07
3.33526e+08 1.87877e+07
3.33582e+08 1.88101e+07
3.33582e+08 1.88101e+07
3.33828e+08 1.87989e+07
3.33839e+08 1.88101e+07
3.34913e+08 1.90001e+07
3.3498e+08 1.90671e+07
3.3508e+08 1.88436e+07
3.35281e+08 1.89442e+07
3.35483e+08 1.86536e+07
3.35852e+08 1.84524e+07
3.3603e+08 1.85866e+07
3.36634e+08 1.89554e+07
3.36914e+08 1.89777e+07
3.36936e+08 1.90001e+07
3.3697e+08 1.90336e+07
3.3697e+08 1.90113e+07
3.36992e+08 1.90224e+07
3.37104e+08 1.90225e+07
3.37227e+08 1.89889e+07
3.52281e+08 1.93581e+07
3.52292e+08 1.9347e+07
3.52381e+08 1.9414e+07
3.52393e+08 1.94252e+07
3.52393e+08 1.94252e+07
3.52448e+08 1.94028e+07
3.52705e+08 1.9548e+07
3.52784e+08 1.9481e+07
3.52817e+08 1.94475e+07
3.52817e+08 1.93134e+07
3.52907e+08 1.93916e+07
3.52907e+08 1.93916e+07
3.52929e+08 1.94028e+07
3.52985e+08 1.94028e+07
3.52996e+08 1.9414e+07
3.53276e+08 1.94475e+07
3.53309e+08 1.9481e+07
3.53332e+08 1.94922e+07
3.54405e+08 1.94922e+07
3.54449e+08 1.94698e+07
3.54472e+08 1.93916e+07
3.54539e+08 1.92575e+07
3.54695e+08 1.92128e+07
3.5512e+08 1.92686e+07
3.55131e+08 1.91009e+07
3.55601e+08 1.89669e+07
3.56361e+08 1.94475e+07
3.56439e+08 1.95035e+07
3.56462e+08 1.94923e+07
3.56462e+08 1.94923e+07
3.56484e+08 1.94923e+07
3.56529e+08 1.94252e+07
3.56663e+08 1.94363e+07
3.72265e+08 1.99843e+07
3.72265e+08 1.99731e+07
3.72455e+08 2.00737e+07
3.72477e+08 2.00849e+07
3.72533e+08 2.01408e+07
3.72567e+08 2.01184e+07
3.72679e+08 1.99731e+07
3.72857e+08 2.00737e+07
3.7288e+08 2.00625e+07
3.72902e+08 2.00849e+07
3.73003e+08 2.00961e+07
3.73003e+08 2.00961e+07
3.73036e+08 2.01072e+07
3.73238e+08 2.02525e+07
3.73249e+08 2.02525e+07
3.73361e+08 2.00849e+07
3.73416e+08 2.01073e+07
3.73416e+08 2.01073e+07
3.7345e+08 2.01185e+07
3.74311e+08 1.99061e+07
3.74311e+08 1.98614e+07
3.74467e+08 1.99955e+07
3.74568e+08 2.0029e+07
3.74803e+08 2.01073e+07
3.75138e+08 2.00179e+07
3.75138e+08 2.00068e+07
3.7544e+08 1.9839e+07
3.761e+08 1.97384e+07
3.76234e+08 1.97943e+07
3.76256e+08 1.97943e+07
3.76256e+08 1.97943e+07
3.76312e+08 1.98278e+07
3.76368e+08 1.9839e+07
3.76469e+08 1.98055e+07
3.92753e+08 2.04876e+07
3.92797e+08 2.05323e+07
3.9311e+08 2.06553e+07
3.93155e+08 2.06776e+07
3.93312e+08 2.07782e+07
3.93312e+08 2.07447e+07
3.93312e+08 2.06329e+07
3.93591e+08 2.07335e+07
3.9368e+08 2.08006e+07
3.9368e+08 2.07782e+07
3.93725e+08 2.07223e+07
3.93736e+08 2.07335e+07
3.9377e+08 2.07335e+07
3.93882e+08 2.06441e+07
3.93915e+08 2.06665e+07
3.94083e+08 2.07224e+07
3.94083e+08 2.06665e+07
3.94116e+08 2.07e+07
3.94117e+08 2.06665e+07
3.94117e+08 2.06665e+07
3.94731e+08 2.04206e+07
3.9481e+08 2.04988e+07
3.94832e+08 2.03647e+07
3.95044e+08 2.04765e+07
3.95346e+08 2.05435e+07
3.95637e+08 2.04989e+07
3.95637e+08 2.04989e+07
3.96196e+08 2.07559e+07
3.96554e+08 2.04542e+07
3.96598e+08 2.03647e+07
3.96621e+08 2.03647e+07
3.96643e+08 2.0387e+07
3.9671e+08 2.03982e+07
3.96755e+08 2.0387e+07
3.96867e+08 2.03982e+07
4.13933e+08 2.11809e+07
4.13978e+08 2.11809e+07
4.14627e+08 2.15163e+07
4.14649e+08 2.14939e+07
4.14671e+08 2.13598e+07
4.14683e+08 2.1371e+07
4.14694e+08 2.13822e+07
4.1494e+08 2.13486e+07
4.14962e+08 2.12815e+07
4.14962e+08 2.12815e+07
4.15051e+08 2.13263e+07
4.15174e+08 2.1438e+07
4.15208e+08 2.1438e+07
4.15253e+08 2.1371e+07
4.15264e+08 2.13486e+07
4.15353e+08 2.12704e+07
4.15376e+08 2.12927e+07
4.15409e+08 2.12927e+07
4.15443e+08 2.13263e+07
4.15454e+08 2.13374e+07
4.15454e+08 2.13374e+07
4.15935e+08 2.12033e+07
4.16013e+08 2.12033e+07
4.16091e+08 2.12592e+07
4.16304e+08 2.12592e+07
4.16438e+08 2.10915e+07
4.16986e+08 2.13486e+07
4.17008e+08 2.1371e+07
4.17377e+08 2.1181e+07
4.17623e+08 2.10692e+07
4.17623e+08 2.10245e+07
4.17623e+08 2.10021e+07
4.1769e+08 2.10468e+07
4.17902e+08 2.11921e+07
4.18014e+08 2.12592e+07
4.18014e+08 2.11474e+07
4.35875e+08 2.19413e+07
4.35875e+08 2.18966e+07
4.3659e+08 2.19637e+07
4.36635e+08 2.19861e+07
4.36646e+08 2.19749e+07
4.36691e+08 2.20084e+07
4.36691e+08 2.19972e+07
4.36769e+08 2.18296e+07
4.36836e+08 2.18743e+07
4.36847e+08 2.18854e+07
4.36948e+08 2.18966e+07
4.37127e+08 2.19525e+07
4.37149e+08 2.19413e+07
4.37172e+08 2.1919e+07
4.37172e+08 2.19078e+07
4.37228e+08 2.18743e+07
4.37228e+08 2.18519e+07
4.37239e+08 2.18296e+07
4.37295e+08 2.18519e+07
4.37306e+08 2.18519e+07
4.37317e+08 2.18631e+07
4.37675e+08 2.17401e+07
4.37708e+08 2.17737e+07
4.37831e+08 2.18184e+07
4.37988e+08 2.18966e+07
4.37999e+08 2.16954e+07
4.381e+08 2.16619e+07
4.38737e+08 2.17513e+07
4.38737e+08 2.1729e+07
4.3924e+08 2.18631e+07
4.39329e+08 2.17066e+07
4.39374e+08 2.17513e+07
4.39408e+08 2.17848e+07
4.39408e+08 2.17178e+07
4.39721e+08 2.18184e+07
4.39877e+08 2.18631e+07
4.39877e+08 2.18631e+07
4.58353e+08 2.24782e+07
4.58353e+08 2.24782e+07
4.5908e+08 2.24893e+07
4.5908e+08 2.24446e+07
4.59136e+08 2.24893e+07
4.59158e+08 2.2467e+07
4.59158e+08 2.2467e+07
4.59258e+08 2.24893e+07
4.5927e+08 2.24334e+07
4.59326e+08 2.24781e+07
4.59393e+08 2.24446e+07
4.59516e+08 2.23887e+07
4.59538e+08 2.23887e+07
4.59583e+08 2.24111e+07
4.59583e+08 2.24111e+07
4.59616e+08 2.23887e+07
4.59672e+08 2.24446e+07
4.59672e+08 2.24334e+07
4.59695e+08 2.23999e+07
4.59695e+08 2.23887e+07
4.59739e+08 2.24222e+07
4.60041e+08 2.23664e+07
4.60164e+08 2.24558e+07
4.60164e+08 2.24558e+07
4.60265e+08 2.24334e+07
4.60354e+08 2.23664e+07
4.60354e+08 2.23552e+07
4.60466e+08 2.23664e+07
4.61237e+08 2.25005e+07
4.61271e+08 2.2534e+07
4.61696e+08 2.24558e+07
4.6183e+08 2.25005e+07
4.61864e+08 2.24893e+07
4.61864e+08 2.24558e+07
4.61908e+08 2.25005e+07
4.62188e+08 2.2467e+07
4.62389e+08 2.25117e+07
4.62389e+08 2.25117e+07
4.81457e+08 2.31045e+07
4.81592e+08 2.32386e+07
4.8205e+08 2.29703e+07
4.82083e+08 2.30038e+07
4.82083e+08 2.29479e+07
4.82095e+08 2.29367e+07
4.82117e+08 2.29591e+07
4.82151e+08 2.2892e+07
4.82184e+08 2.29144e+07
4.82206e+08 2.28809e+07
4.82318e+08 2.29256e+07
4.82508e+08 2.29926e+07
4.82519e+08 2.29814e+07
4.82519e+08 2.29367e+07
4.82519e+08 2.29367e+07
4.82642e+08 2.30262e+07
4.82642e+08 2.29703e+07
4.8271e+08 2.30373e+07
4.8271e+08 2.3015e+07
4.8271e+08 2.3015e+07
4.82765e+08 2.30262e+07
4.83112e+08 2.30708e+07
4.83146e+08 2.29814e+07
4.83157e+08 2.29926e+07
4.83224e+08 2.30597e+07
4.83313e+08 2.30485e+07
4.83324e+08 2.29703e+07
4.83324e+08 2.29703e+07
4.83414e+08 2.29479e+07
4.84264e+08 2.30261e+07
4.84264e+08 2.29926e+07
4.84565e+08 2.28697e+07
4.84767e+08 2.29368e+07
4.84867e+08 2.30038e+07
4.84867e+08 2.30038e+07
4.84923e+08 2.3015e+07
4.85046e+08 2.28585e+07
4.8537e+08 2.29815e+07
4.85382e+08 2.29926e+07
5.05479e+08 2.40212e+07
5.05557e+08 2.39653e+07
5.05602e+08 2.35518e+07
5.05613e+08 2.35294e+07
5.05613e+08 2.35294e+07
5.05624e+08 2.35294e+07
5.05635e+08 2.35183e+07
5.05646e+08 2.34959e+07
5.05702e+08 2.35183e+07
5.05747e+08 2.35406e+07
5.05836e+08 2.35183e+07
5.06015e+08 2.35071e+07
5.0606e+08 2.35406e+07
5.06071e+08 2.35518e+07
5.06094e+08 2.35742e+07
5.0625e+08 2.36077e+07
5.06272e+08 2.363e+07
5.06295e+08 2.35853e+07
5.06317e+08 2.36077e+07
5.06351e+08 2.36412e+07
5.06373e+08 2.36077e+07
5.06664e+08 2.35518e+07
5.06697e+08 2.35518e+07
5.06697e+08 2.35406e+07
5.06798e+08 2.35742e+07
5.06876e+08 2.3563e+07
5.0691e+08 2.35966e+07
5.06921e+08 2.35966e+07
5.06921e+08 2.35966e+07
5.06966e+08 2.35518e+07
5.0776e+08 2.34959e+07
5.07815e+08 2.35518e+07
5.08095e+08 2.35294e+07
5.08352e+08 2.35853e+07
5.08374e+08 2.35071e+07
5.08419e+08 2.35518e+07
5.08497e+08 2.35742e+07
5.0862e+08 2.35742e+07
5.08933e+08 2.3563e+07
5.08933e+08 2.35518e+07
5.29545e+08 2.40663e+07
5.29579e+08 2.40216e+07
5.29623e+08 2.40216e+07
5.29623e+08 2.40104e+07
5.29701e+08 2.40886e+07
5.29713e+08 2.40886e+07
5.29757e+08 2.41222e+07
5.29757e+08 2.4111e+07
5.29836e+08 2.41333e+07
5.2988e+08 2.41333e+07
5.30026e+08 2.41892e+07
5.30182e+08 2.41669e+07
5.30205e+08 2.41445e+07
5.30216e+08 2.41445e+07
5.30272e+08 2.41781e+07
5.30383e+08 2.41333e+07
5.30473e+08 2.42004e+07
5.30473e+08 2.4178e+07
5.30529e+08 2.42116e+07
5.30529e+08 2.4178e+07
5.30529e+08 2.41557e+07
5.30853e+08 2.41892e+07
5.30864e+08 2.41669e+07
5.30864e+08 2.41669e+07
5.30998e+08 2.42004e+07
5.31099e+08 2.42227e+07
5.31099e+08 2.41892e+07
5.3111e+08 2.42004e+07
5.31133e+08 2.42116e+07
5.31133e+08 2.42116e+07
5.31133e+08 2.41669e+07
5.3196e+08 2.42004e+07
5.31971e+08 2.41557e+07
5.32128e+08 2.40328e+07
5.32273e+08 2.3921e+07
5.3234e+08 2.39657e+07
5.3253e+08 2.4111e+07
5.3253e+08 2.40328e+07
5.32709e+08 2.40887e+07
5.33078e+08 2.41445e+07
5.33078e+08 2.41445e+07
5.54182e+08 2.46366e+07
5.54238e+08 2.4659e+07
5.54282e+08 2.4659e+07
5.54305e+08 2.46813e+07
5.54316e+08 2.46143e+07
5.54327e+08 2.46143e+07
5.54405e+08 2.46478e+07
5.5445e+08 2.46925e+07
5.54584e+08 2.47484e+07
5.54584e+08 2.47037e+07
5.54841e+08 2.48154e+07
5.54886e+08 2.47037e+07
5.54886e+08 2.46813e+07
5.54908e+08 2.46925e+07
5.5502e+08 2.47484e+07
5.55132e+08 2.47484e+07
5.55132e+08 2.4659e+07
5.55165e+08 2.46925e+07
5.55266e+08 2.47372e+07
5.553e+08 2.47708e+07
5.55322e+08 2.47931e+07
5.55601e+08 2.47484e+07
5.55601e+08 2.47372e+07
5.55601e+08 2.47372e+07
5.55736e+08 2.47372e+07
5.55792e+08 2.46925e+07
5.55825e+08 2.4726e+07
5.55848e+08 2.47372e+07
5.55859e+08 2.47261e+07
5.55881e+08 2.47484e+07
5.55892e+08 2.47596e+07
5.55959e+08 2.48267e+07
5.56731e+08 2.47708e+07
5.56742e+08 2.47708e+07
5.5691e+08 2.47819e+07
5.5701e+08 2.47373e+07
5.57077e+08 2.47373e+07
5.57212e+08 2.46814e+07
5.5729e+08 2.47596e+07
5.57379e+08 2.46702e+07
5.57603e+08 2.45249e+07
5.57625e+08 2.45473e+07
5.79523e+08 2.53411e+07
5.79523e+08 2.52852e+07
5.79545e+08 2.52629e+07
5.79646e+08 2.53411e+07
5.79679e+08 2.53635e+07
5.7969e+08 2.53635e+07
5.7969e+08 2.52852e+07
5.79836e+08 2.53858e+07
5.79936e+08 2.53523e+07
5.80015e+08 2.54306e+07
5.80216e+08 2.53747e+07
5.80227e+08 2.53411e+07
5.80227e+08 2.53411e+07
5.80249e+08 2.53411e+07
5.80361e+08 2.53411e+07
5.80417e+08 2.52852e+07
5.80473e+08 2.53411e+07
5.80518e+08 2.53523e+07
5.80618e+08 2.53523e+07
5.80629e+08 2.53299e+07
5.80652e+08 2.53299e+07
5.80931e+08 2.53299e+07
5.80931e+08 2.53299e+07
5.80931e+08 2.53299e+07
5.80954e+08 2.52182e+07
5.80954e+08 2.51623e+07
5.81088e+08 2.52629e+07
5.81088e+08 2.52405e+07
5.81088e+08 2.52293e+07
5.81155e+08 2.52741e+07
5.81155e+08 2.52741e+07
5.81177e+08 2.52853e+07
5.81278e+08 2.53188e+07
5.82083e+08 2.53523e+07
5.82117e+08 2.53747e+07
5.82251e+08 2.53412e+07
5.82463e+08 2.54529e+07
5.82508e+08 2.54306e+07
5.8253e+08 2.53188e+07
5.82553e+08 2.52629e+07
5.82776e+08 2.5397e+07
5.82944e+08 2.53411e+07
5.82944e+08 2.53188e+07
6.05378e+08 2.58555e+07
6.05378e+08 2.58555e+07
6.05389e+08 2.58444e+07
6.05557e+08 2.59114e+07
6.05602e+08 2.59226e+07
6.05602e+08 2.59114e+07
6.05624e+08 2.59338e+07
6.05691e+08 2.58555e+07
6.05848e+08 2.59115e+07
6.05904e+08 2.58891e+07
6.06127e+08 2.59115e+07
6.06161e+08 2.59338e+07
6.06161e+08 2.59338e+07
6.06194e+08 2.5945e+07
6.06284e+08 2.59226e+07
6.06306e+08 2.58891e+07
6.06317e+08 2.58444e+07
6.06362e+08 2.58444e+07
6.0644e+08 2.58221e+07
6.06452e+08 2.58221e+07
6.0653e+08 2.58779e+07
6.06865e+08 2.59338e+07
6.06888e+08 2.59562e+07
6.06888e+08 2.59562e+07
6.06966e+08 2.6012e+07
6.06966e+08 2.6012e+07
6.06988e+08 2.59002e+07
6.06988e+08 2.59002e+07
6.06988e+08 2.59002e+07
6.06988e+08 2.58332e+07
6.06988e+08 2.58332e+07
6.07111e+08 2.59338e+07
6.07134e+08 2.59562e+07
6.07335e+08 2.60568e+07
6.07983e+08 2.59003e+07
6.08073e+08 2.59562e+07
6.08129e+08 2.58779e+07
6.08397e+08 2.59338e+07
6.08453e+08 2.5945e+07
6.08464e+08 2.59338e+07
6.0852e+08 2.59674e+07
6.08755e+08 2.59786e+07
6.089e+08 2.59562e+07
6.08934e+08 2.59898e+07
6.15183e+08 9.8046e+06
6.15183e+08 9.80461e+06
6.15183e+08 9.79353e+06
