5.38471e+06 5.38374e+06
8.50868e+06 3.12397e+06
8.68751e+06 3.30279e+06
1.02037e+07 1.69506e+06
1.02337e+07 1.54615e+06
1.23528e+07 2.14908e+06
1.25205e+07 2.31677e+06
1.25653e+07 2.33161e+06
1.44103e+07 2.05752e+06
1.46259e+07 2.10538e+06
1.47041e+07 2.18361e+06
1.53051e+07 2.73982e+06
1.734e+07 2.92968e+06
1.77094e+07 3.08353e+06
1.78325e+07 3.12834e+06
1.82462e+07 2.9411e+06
1.82574e+07 2.95228e+06
2.0829e+07 3.48901e+06
2.12991e+07 3.58971e+06
2.13551e+07 3.52263e+06
2.18023e+07 3.55614e+06
2.18135e+07 3.55614e+06
2.18135e+07 3.55615e+06
2.49555e+07 4.12646e+06
2.54591e+07 4.15991e+06
2.54591e+07 4.10396e+06
2.59398e+07 4.13751e+06
2.59622e+07 4.14871e+06
2.59846e+07 4.1711e+06
2.59958e+07 4.18229e+06
2.90933e+07 4.13781e+06
2.96752e+07 4.21614e+06
2.96752e+07 4.21614e+06
2.99212e+07 3.98137e+06
3.00666e+07 4.10435e+06
3.01672e+07 4.18258e+06
3.02119e+07 4.21613e+06
3.38013e+07 4.70803e+06
3.38013e+07 4.70804e+06
3.45399e+07 4.86466e+06
3.45399e+07 4.86466e+06
3.4786e+07 4.86475e+06
3.4976e+07 4.90943e+06
3.50766e+07 4.90942e+06
3.51437e+07 4.93178e+06
3.9158e+07 5.35669e+06
3.91692e+07 5.36787e+06
3.91692e+07 5.36787e+06
4.00165e+07 5.47661e+06
4.00388e+07 5.49898e+06
4.04191e+07 5.63315e+06
4.05757e+07 5.59965e+06
4.06092e+07 5.53257e+06
4.06986e+07 5.55491e+06
4.51937e+07 6.03567e+06
4.51937e+07 6.02449e+06
4.52049e+07 6.0357e+06
4.58825e+07 5.86606e+06
4.58825e+07 5.86606e+06
4.59496e+07 5.91081e+06
4.64977e+07 6.07855e+06
4.68107e+07 6.23508e+06
4.68107e+07 6.20155e+06
4.69449e+07 6.24626e+06
5.1742e+07 6.54826e+06
5.1742e+07 6.54826e+06
5.17755e+07 6.57061e+06
5.2303e+07 6.42048e+06
5.23254e+07 6.44283e+06
5.23254e+07 6.44284e+06
5.24261e+07 6.47642e+06
5.32648e+07 6.76713e+06
5.34884e+07 6.67765e+06
5.34884e+07 6.67765e+06
5.3522e+07 6.57708e+06
5.88781e+07 7.1362e+06
5.88782e+07 7.1362e+06
5.88894e+07 7.11384e+06
5.94721e+07 7.16906e+06
5.94721e+07 7.14671e+06
5.94721e+07 7.14671e+06
5.9595e+07 7.16897e+06
5.95951e+07 7.16898e+06
6.0389e+07 7.12424e+06
6.06686e+07 7.18017e+06
6.06686e+07 7.18017e+06
6.07022e+07 7.18022e+06
6.66734e+07 7.79522e+06
6.66845e+07 7.80639e+06
6.66846e+07 7.7952e+06
6.73184e+07 7.84629e+06
6.73407e+07 7.86865e+06
6.73519e+07 7.87983e+06
6.73519e+07 7.75687e+06
6.73519e+07 7.75687e+06
6.73519e+07 7.75688e+06
6.84702e+07 8.08122e+06
6.86044e+07 7.93587e+06
6.86044e+07 7.93587e+06
6.86827e+07 7.9805e+06
7.50565e+07 8.38316e+06
7.50565e+07 8.37198e+06
7.50677e+07 8.38316e+06
7.56092e+07 8.29089e+06
7.56987e+07 8.35799e+06
7.57211e+07 8.3692e+06
7.57435e+07 8.39161e+06
7.57435e+07 8.39161e+06
7.57547e+07 8.40279e+06
7.57547e+07 8.4028e+06
7.68729e+07 8.40263e+06
7.71412e+07 8.53675e+06
7.71412e+07 8.53675e+06
7.72531e+07 8.57036e+06
8.4063e+07 9.00648e+06
8.4063e+07 9.00648e+06
8.4063e+07 8.99531e+06
8.44393e+07 8.8301e+06
8.454e+07 8.84124e+06
8.46294e+07 8.90829e+06
8.4663e+07 8.91945e+06
8.4663e+07 8.91946e+06
8.47077e+07 8.95302e+06
8.47078e+07 8.95302e+06
8.6083e+07 9.21015e+06
8.6083e+07 9.21016e+06
8.61054e+07 8.96423e+06
8.61166e+07 8.97541e+06
8.66308e+07 9.37777e+06
9.34187e+07 9.35571e+06
9.34187e+07 9.35571e+06
9.34187e+07 9.35571e+06
9.3982e+07 9.54261e+06
9.41385e+07 9.59853e+06
9.41609e+07 9.53151e+06
9.42617e+07 9.59869e+06
9.42617e+07 9.59868e+06
9.42841e+07 9.57632e+06
9.42841e+07 9.57632e+06
9.55922e+07 9.5092e+06
9.56146e+07 9.53155e+06
9.56146e+07 9.53156e+06
9.57264e+07 9.62097e+06
9.57264e+07 9.60979e+06
9.6587e+07 9.95621e+06
1.03599e+08 1.01801e+07
1.03599e+08 1.01801e+07
1.03599e+08 1.01801e+07
1.0399e+08 1.00084e+07
1.04113e+08 9.97487e+06
1.04169e+08 1.00084e+07
1.04326e+08 1.00643e+07
1.04326e+08 1.00643e+07
1.0444e+08 1.01562e+07
1.0444e+08 1.01562e+07
1.06082e+08 1.04896e+07
1.0616e+08 1.05455e+07
1.06194e+08 1.0579e+07
1.06216e+08 1.04896e+07
1.06238e+08 1.0512e+07
1.06283e+08 1.05567e+07
1.07065e+08 1.04785e+07
1.14368e+08 1.07692e+07
1.14368e+08 1.07692e+07
1.14368e+08 1.07692e+07
1.14783e+08 1.07922e+07
1.14872e+08 1.07587e+07
1.14962e+08 1.07922e+07
1.15152e+08 1.08258e+07
1.15152e+08 1.08258e+07
1.15264e+08 1.08233e+07
1.15275e+08 1.08345e+07
1.16883e+08 1.08014e+07
1.16984e+08 1.08238e+07
1.17163e+08 1.0969e+07
1.17185e+08 1.0969e+07
1.17219e+08 1.09802e+07
1.17342e+08 1.11032e+07
1.17375e+08 1.1092e+07
1.18225e+08 1.11591e+07
1.25751e+08 1.13829e+07
1.25751e+08 1.13829e+07
1.25751e+08 1.13829e+07
1.26031e+08 1.12487e+07
1.26065e+08 1.11929e+07
1.26244e+08 1.12823e+07
1.2649e+08 1.13382e+07
1.2649e+08 1.13383e+07
1.26557e+08 1.12936e+07
1.26557e+08 1.12824e+07
1.28302e+08 1.14186e+07
1.28481e+08 1.14969e+07
1.28715e+08 1.15528e+07
1.28749e+08 1.1564e+07
1.28805e+08 1.15863e+07
1.28905e+08 1.1564e+07
1.29129e+08 1.1754e+07
1.29129e+08 1.1754e+07
1.30515e+08 1.22904e+07
1.37673e+08 1.19218e+07
1.37684e+08 1.19329e+07
1.37684e+08 1.19329e+07
1.38009e+08 1.19777e+07
1.38054e+08 1.19889e+07
1.38188e+08 1.19442e+07
1.38512e+08 1.20224e+07
1.38524e+08 1.20336e+07
1.38557e+08 1.20001e+07
1.38569e+08 1.20113e+07
1.40465e+08 1.21627e+07
1.40811e+08 1.23303e+07
1.40878e+08 1.21627e+07
1.40968e+08 1.22186e+07
1.40968e+08 1.21627e+07
1.41146e+08 1.22409e+07
1.4137e+08 1.22409e+07
1.41426e+08 1.22967e+07
1.41471e+08 1.23415e+07
1.42957e+08 1.2442e+07
1.50339e+08 1.26659e+07
1.50339e+08 1.26547e+07
1.50339e+08 1.26547e+07
1.50653e+08 1.26435e+07
1.50664e+08 1.261e+07
1.5082e+08 1.26324e+07
1.51156e+08 1.26436e+07
1.51156e+08 1.26324e+07
1.51212e+08 1.26548e+07
1.51234e+08 1.26659e+07
1.53251e+08 1.27869e+07
1.53341e+08 1.25299e+07
1.53564e+08 1.26863e+07
1.53687e+08 1.27199e+07
1.53687e+08 1.27199e+07
1.53766e+08 1.26193e+07
1.53889e+08 1.25187e+07
1.54123e+08 1.26976e+07
1.5428e+08 1.28093e+07
1.5504e+08 1.20829e+07
1.55319e+08 1.23623e+07
1.63338e+08 1.29995e+07
1.63349e+08 1.30107e+07
1.63349e+08 1.30107e+07
1.63686e+08 1.30331e+07
1.63686e+08 1.30219e+07
1.63831e+08 1.30108e+07
1.64178e+08 1.3022e+07
1.64189e+08 1.30332e+07
1.64234e+08 1.3022e+07
1.64268e+08 1.30331e+07
1.66203e+08 1.29518e+07
1.6655e+08 1.32089e+07
1.66695e+08 1.31307e+07
1.66718e+08 1.30301e+07
1.66718e+08 1.30301e+07
1.67299e+08 1.3533e+07
1.675e+08 1.36113e+07
1.67723e+08 1.36001e+07
1.67735e+08 1.34548e+07
1.68204e+08 1.31642e+07
1.68282e+08 1.2963e+07
1.68282e+08 1.2963e+07
1.76424e+08 1.3086e+07
1.76424e+08 1.30749e+07
1.76435e+08 1.3086e+07
1.76772e+08 1.30861e+07
1.76794e+08 1.31084e+07
1.76917e+08 1.30861e+07
1.77365e+08 1.31868e+07
1.77365e+08 1.31756e+07
1.7751e+08 1.32761e+07
1.77533e+08 1.32649e+07
1.795e+08 1.32968e+07
1.79768e+08 1.32186e+07
1.80238e+08 1.35426e+07
1.80316e+08 1.35985e+07
1.80316e+08 1.35985e+07
1.81121e+08 1.38221e+07
1.81289e+08 1.37886e+07
1.81467e+08 1.37439e+07
1.81523e+08 1.37886e+07
1.81803e+08 1.35986e+07
1.81803e+08 1.35204e+07
1.81803e+08 1.35204e+07
1.90079e+08 1.36547e+07
1.90079e+08 1.36547e+07
1.90079e+08 1.36547e+07
1.90112e+08 1.36771e+07
1.90415e+08 1.36436e+07
1.9046e+08 1.3666e+07
1.90583e+08 1.36659e+07
1.91031e+08 1.36659e+07
1.91053e+08 1.36882e+07
1.91254e+08 1.37441e+07
1.91288e+08 1.37553e+07
1.93441e+08 1.39413e+07
1.93888e+08 1.41201e+07
1.94313e+08 1.40754e+07
1.94313e+08 1.39972e+07
1.94313e+08 1.39972e+07
1.95163e+08 1.40419e+07
1.95241e+08 1.39524e+07
1.95599e+08 1.41313e+07
1.95755e+08 1.42318e+07
1.96158e+08 1.43548e+07
1.96225e+08 1.44219e+07
1.96269e+08 1.44666e+07
2.04367e+08 1.4288e+07
2.04378e+08 1.42992e+07
2.04378e+08 1.42992e+07
2.04378e+08 1.42992e+07
2.04378e+08 1.42657e+07
2.04692e+08 1.42768e+07
2.04692e+08 1.42321e+07
2.04793e+08 1.42098e+07
2.05386e+08 1.43551e+07
2.05386e+08 1.43327e+07
2.05654e+08 1.43998e+07
2.05665e+08 1.43774e+07
2.08166e+08 1.47249e+07
2.08569e+08 1.46802e+07
2.08938e+08 1.46243e+07
2.08938e+08 1.46243e+07
2.08938e+08 1.46243e+07
2.09943e+08 1.47807e+07
2.10011e+08 1.47696e+07
2.10122e+08 1.45237e+07
2.10256e+08 1.45014e+07
2.10838e+08 1.46802e+07
2.11195e+08 1.49708e+07
2.11285e+08 1.50155e+07
2.19282e+08 1.49152e+07
2.19282e+08 1.49041e+07
2.19282e+08 1.49041e+07
2.19316e+08 1.49376e+07
2.19316e+08 1.49376e+07
2.19349e+08 1.49712e+07
2.1954e+08 1.48481e+07
2.19596e+08 1.4904e+07
2.19731e+08 1.49376e+07
2.20334e+08 1.49488e+07
2.2039e+08 1.50046e+07
2.20681e+08 1.5027e+07
2.20703e+08 1.50382e+07
2.23499e+08 1.53328e+07
2.2408e+08 1.55117e+07
2.24539e+08 1.56011e+07
2.24628e+08 1.56906e+07
2.24651e+08 1.57129e+07
2.25098e+08 1.51541e+07
2.25332e+08 1.53218e+07
2.25332e+08 1.521e+07
2.25556e+08 1.52994e+07
2.25813e+08 1.49752e+07
2.26115e+08 1.49194e+07
2.26294e+08 1.50088e+07
2.34682e+08 1.54003e+07
2.34716e+08 1.54338e+07
2.34716e+08 1.54338e+07
2.34749e+08 1.54338e+07
2.34749e+08 1.54338e+07
2.34749e+08 1.54338e+07
2.34772e+08 1.54227e+07
2.34985e+08 1.5445e+07
2.34985e+08 1.53891e+07
2.35187e+08 1.54562e+07
2.35813e+08 1.54785e+07
2.35847e+08 1.54562e+07
2.36216e+08 1.55345e+07
2.36216e+08 1.55121e+07
2.39654e+08 1.6155e+07
2.40135e+08 1.60543e+07
2.40414e+08 1.58755e+07
2.40861e+08 1.62331e+07
2.40995e+08 1.63449e+07
2.41219e+08 1.61214e+07
2.41275e+08 1.59426e+07
2.41398e+08 1.60655e+07
2.41588e+08 1.6032e+07
2.41834e+08 1.60209e+07
2.42147e+08 1.6032e+07
2.42337e+08 1.60432e+07
2.50726e+08 1.60435e+07
2.50726e+08 1.601e+07
2.50726e+08 1.601e+07
2.50815e+08 1.6066e+07
2.50827e+08 1.60772e+07
2.50838e+08 1.60884e+07
2.50883e+08 1.61106e+07
2.50894e+08 1.61218e+07
2.51018e+08 1.60324e+07
2.51018e+08 1.60324e+07
2.51286e+08 1.60994e+07
2.52047e+08 1.62336e+07
2.52047e+08 1.62e+07
2.52382e+08 1.61665e+07
2.52393e+08 1.61777e+07
2.56205e+08 1.6551e+07
2.57133e+08 1.6998e+07
2.57289e+08 1.6875e+07
2.57435e+08 1.65733e+07
2.57468e+08 1.64727e+07
2.57926e+08 1.67073e+07
2.57926e+08 1.66514e+07
2.58038e+08 1.66402e+07
2.58317e+08 1.67296e+07
2.58709e+08 1.68749e+07
2.5882e+08 1.66737e+07
2.59033e+08 1.6696e+07
2.673e+08 1.65737e+07
2.673e+08 1.65737e+07
2.67333e+08 1.66072e+07
2.67434e+08 1.66183e+07
2.67434e+08 1.66071e+07
2.67434e+08 1.65959e+07
2.67445e+08 1.65624e+07
2.67456e+08 1.65624e+07
2.67456e+08 1.65624e+07
2.67636e+08 1.66183e+07
2.67636e+08 1.66183e+07
2.67916e+08 1.66295e+07
2.6881e+08 1.67637e+07
2.68933e+08 1.68866e+07
2.6909e+08 1.67078e+07
2.6909e+08 1.66966e+07
2.73587e+08 1.73815e+07
2.74637e+08 1.75044e+07
2.74939e+08 1.76497e+07
2.75062e+08 1.76273e+07
2.75129e+08 1.76608e+07
2.75129e+08 1.72026e+07
2.75129e+08 1.72026e+07
2.75129e+08 1.70909e+07
2.75207e+08 1.68897e+07
2.75319e+08 1.66102e+07
2.75364e+08 1.65432e+07
2.75855e+08 1.68226e+07
2.84525e+08 1.72254e+07
2.84558e+08 1.72589e+07
2.84592e+08 1.72589e+07
2.84603e+08 1.71695e+07
2.84603e+08 1.71695e+07
2.84614e+08 1.71806e+07
2.84626e+08 1.71806e+07
2.84626e+08 1.71695e+07
2.84648e+08 1.71918e+07
2.84839e+08 1.7203e+07
2.84839e+08 1.7203e+07
2.84839e+08 1.72031e+07
2.85107e+08 1.71918e+07
2.86125e+08 1.73148e+07
2.8617e+08 1.72366e+07
2.8636e+08 1.72702e+07
2.86394e+08 1.73037e+07
2.9168e+08 1.80939e+07
2.92429e+08 1.77921e+07
2.92575e+08 1.76356e+07
2.92575e+08 1.75127e+07
2.92753e+08 1.76245e+07
2.9282e+08 1.76916e+07
2.9282e+08 1.76916e+07
2.9282e+08 1.76916e+07
2.9291e+08 1.77027e+07
2.92966e+08 1.76469e+07
2.92966e+08 1.76022e+07
2.93011e+08 1.71551e+07
3.02295e+08 1.77701e+07
3.02317e+08 1.77589e+07
3.02351e+08 1.77589e+07
3.02385e+08 1.77813e+07
3.02385e+08 1.77813e+07
3.02385e+08 1.77701e+07
3.02396e+08 1.77701e+07
3.02407e+08 1.77813e+07
3.02418e+08 1.77701e+07
3.02631e+08 1.77925e+07
3.02643e+08 1.78037e+07
3.02643e+08 1.78037e+07
3.02643e+08 1.78037e+07
3.02911e+08 1.78037e+07
3.03918e+08 1.77925e+07
3.0394e+08 1.77701e+07
3.0451e+08 1.81502e+07
3.0451e+08 1.81167e+07
3.10401e+08 1.87202e+07
3.10557e+08 1.81279e+07
3.10702e+08 1.81279e+07
3.10714e+08 1.8139e+07
3.10758e+08 1.80049e+07
3.10859e+08 1.80384e+07
3.11161e+08 1.83402e+07
3.11228e+08 1.84073e+07
3.11239e+08 1.83291e+07
3.11261e+08 1.82956e+07
3.11261e+08 1.82956e+07
3.11261e+08 1.82509e+07
3.20635e+08 1.83404e+07
3.20714e+08 1.83964e+07
3.20714e+08 1.83629e+07
3.20759e+08 1.83741e+07
3.2077e+08 1.83853e+07
3.2077e+08 1.83853e+07
3.2077e+08 1.83741e+07
3.20781e+08 1.83741e+07
3.20781e+08 1.83629e+07
3.21005e+08 1.8374e+07
3.21006e+08 1.83629e+07
3.21006e+08 1.83629e+07
3.21017e+08 1.83741e+07
3.21017e+08 1.83741e+07
3.2133e+08 1.84188e+07
3.22326e+08 1.84087e+07
3.22337e+08 1.83975e+07
3.22919e+08 1.84087e+07
3.22997e+08 1.8487e+07
3.28742e+08 1.83417e+07
3.29044e+08 1.8487e+07
3.29357e+08 1.86546e+07
3.29547e+08 1.88335e+07
3.29704e+08 1.89453e+07
3.29849e+08 1.899e+07
3.29927e+08 1.87664e+07
3.29938e+08 1.87105e+07
3.29961e+08 1.87217e+07
3.29961e+08 1.86993e+07
3.29961e+08 1.86993e+07
3.29972e+08 1.87105e+07
3.39603e+08 1.89679e+07
3.39637e+08 1.89231e+07
3.39682e+08 1.89679e+07
3.39726e+08 1.89678e+07
3.39738e+08 1.89679e+07
3.39738e+08 1.89679e+07
3.39738e+08 1.89679e+07
3.39749e+08 1.89679e+07
3.39749e+08 1.89679e+07
3.39951e+08 1.89455e+07
3.39951e+08 1.89454e+07
3.39973e+08 1.89677e+07
3.39996e+08 1.89789e+07
3.40007e+08 1.89901e+07
3.40007e+08 1.89901e+07
3.40365e+08 1.9035e+07
3.41398e+08 1.90716e+07
3.41398e+08 1.90604e+07
3.42091e+08 1.91722e+07
3.42225e+08 1.92281e+07
3.47792e+08 1.90493e+07
3.48082e+08 1.90381e+07
3.48697e+08 1.93399e+07
3.48786e+08 1.92393e+07
3.49055e+08 1.9351e+07
3.49256e+08 1.94069e+07
3.49256e+08 1.93287e+07
3.49368e+08 1.94293e+07
3.4939e+08 1.94293e+07
3.4939e+08 1.94293e+07
3.4939e+08 1.94293e+07
3.4939e+08 1.94181e+07
3.59256e+08 1.9653e+07
3.5929e+08 1.96531e+07
3.59324e+08 1.96419e+07
3.59391e+08 1.96643e+07
3.59402e+08 1.96642e+07
3.59402e+08 1.96642e+07
3.59402e+08 1.96642e+07
3.59413e+08 1.96643e+07
3.59413e+08 1.96643e+07
3.59638e+08 1.96866e+07
3.59638e+08 1.96866e+07
3.59638e+08 1.96643e+07
3.59649e+08 1.96531e+07
3.5966e+08 1.9653e+07
3.5966e+08 1.9653e+07
3.60041e+08 1.96755e+07
3.60041e+08 1.96755e+07
3.61078e+08 1.96801e+07
3.61078e+08 1.96801e+07
3.61693e+08 1.96018e+07
3.61905e+08 1.96801e+07
3.67114e+08 1.93225e+07
3.68098e+08 2.00154e+07
3.68556e+08 1.98589e+07
3.68656e+08 1.98701e+07
3.68936e+08 1.98813e+07
3.69037e+08 1.97807e+07
3.69081e+08 1.98254e+07
3.69249e+08 1.98813e+07
3.69249e+08 1.98589e+07
3.69249e+08 1.98589e+07
3.69282e+08 1.98925e+07
3.69282e+08 1.98925e+07
3.79496e+08 2.02392e+07
3.79518e+08 2.0228e+07
3.79529e+08 2.02056e+07
3.79585e+08 2.01945e+07
3.79585e+08 2.01833e+07
3.79585e+08 2.01833e+07
3.79596e+08 2.01945e+07
3.7963e+08 2.02169e+07
3.7963e+08 2.02169e+07
3.79843e+08 2.02057e+07
3.79866e+08 2.0228e+07
3.79866e+08 2.0228e+07
3.79866e+08 2.02169e+07
3.79877e+08 2.02169e+07
3.79888e+08 2.0228e+07
3.80302e+08 2.02615e+07
3.80302e+08 2.02615e+07
3.80302e+08 2.02615e+07
3.81363e+08 2.02846e+07
3.81385e+08 2.03069e+07
3.81911e+08 2.02176e+07
3.82089e+08 2.0184e+07
3.86706e+08 1.95917e+07
3.88505e+08 2.04076e+07
3.89064e+08 2.05081e+07
3.89142e+08 2.04858e+07
3.89489e+08 2.05528e+07
3.89556e+08 2.05193e+07
3.89601e+08 2.05193e+07
3.89813e+08 2.05641e+07
3.89813e+08 2.05641e+07
3.89835e+08 2.05864e+07
3.89835e+08 2.05529e+07
3.89847e+08 2.05641e+07
4.00362e+08 2.08661e+07
4.00373e+08 2.08549e+07
4.00373e+08 2.08437e+07
4.00395e+08 2.08102e+07
4.00418e+08 2.08326e+07
4.00418e+08 2.08326e+07
4.0044e+08 2.08438e+07
4.00463e+08 2.08326e+07
4.00463e+08 2.08326e+07
4.00575e+08 2.0732e+07
4.00721e+08 2.0855e+07
4.00721e+08 2.0855e+07
4.00721e+08 2.08549e+07
4.00732e+08 2.08549e+07
4.00765e+08 2.08773e+07
4.01135e+08 2.08325e+07
4.01179e+08 2.08772e+07
4.01179e+08 2.08772e+07
4.02204e+08 2.08416e+07
4.02204e+08 2.08416e+07
4.02204e+08 2.08192e+07
4.02741e+08 2.08305e+07
4.02909e+08 2.08193e+07
4.07637e+08 2.09311e+07
4.0919e+08 2.06852e+07
4.10163e+08 2.10988e+07
4.10297e+08 2.11547e+07
4.10543e+08 2.10541e+07
4.10643e+08 2.10876e+07
4.10722e+08 2.11211e+07
4.10901e+08 2.10876e+07
4.10901e+08 2.10876e+07
4.10901e+08 2.10652e+07
4.10901e+08 2.10652e+07
4.10901e+08 2.1054e+07
4.21707e+08 2.1345e+07
4.21718e+08 2.1345e+07
4.2174e+08 2.13673e+07
4.21785e+08 2.13897e+07
4.21785e+08 2.13673e+07
4.21785e+08 2.13673e+07
4.21796e+08 2.13561e+07
4.21808e+08 2.13449e+07
4.21808e+08 2.13449e+07
4.21898e+08 2.13226e+07
4.22077e+08 2.13561e+07
4.22077e+08 2.13561e+07
4.22077e+08 2.13561e+07
4.22088e+08 2.13561e+07
4.22122e+08 2.13561e+07
4.22513e+08 2.13785e+07
4.22524e+08 2.1345e+07
4.22524e+08 2.1345e+07
4.23475e+08 2.12706e+07
4.23497e+08 2.12929e+07
4.23497e+08 2.12929e+07
4.23497e+08 2.12929e+07
4.24034e+08 2.12929e+07
4.24267e+08 2.13584e+07
4.29752e+08 2.21153e+07
4.30344e+08 2.11542e+07
4.31719e+08 2.15565e+07
4.31719e+08 2.14224e+07
4.32177e+08 2.16348e+07
4.32435e+08 2.17912e+07
4.32535e+08 2.18136e+07
4.32647e+08 2.17465e+07
4.32658e+08 2.17577e+07
4.32669e+08 2.17689e+07
4.32669e+08 2.17689e+07
4.3267e+08 2.17689e+07
4.43699e+08 2.19927e+07
4.43733e+08 2.2015e+07
4.43744e+08 2.20038e+07
4.43789e+08 2.20038e+07
4.43789e+08 2.20038e+07
4.43789e+08 2.20038e+07
4.43789e+08 2.19926e+07
4.438e+08 2.19927e+07
4.438e+08 2.19928e+07
4.43846e+08 2.19479e+07
4.44069e+08 2.19927e+07
4.44069e+08 2.19927e+07
4.44069e+08 2.19927e+07
4.44148e+08 2.20598e+07
4.44181e+08 2.20598e+07
4.44495e+08 2.19815e+07
4.44539e+08 2.20151e+07
4.44539e+08 2.20151e+07
4.45479e+08 2.20039e+07
4.4549e+08 2.19927e+07
4.4549e+08 2.19927e+07
4.4549e+08 2.19927e+07
4.45523e+08 2.20263e+07
4.46086e+08 2.20519e+07
4.4639e+08 2.21228e+07
4.51476e+08 2.17237e+07
4.51621e+08 2.12767e+07
4.53588e+08 2.1869e+07
4.53689e+08 2.19695e+07
4.54337e+08 2.21596e+07
4.54795e+08 2.23608e+07
4.54874e+08 2.23384e+07
4.54952e+08 2.23049e+07
4.54974e+08 2.23161e+07
4.54997e+08 2.23273e+07
4.54997e+08 2.23273e+07
4.54997e+08 2.23273e+07
4.66284e+08 2.25846e+07
4.66317e+08 2.25846e+07
4.66329e+08 2.25846e+07
4.66351e+08 2.25622e+07
4.66362e+08 2.25734e+07
4.66362e+08 2.25734e+07
4.66362e+08 2.25735e+07
4.66363e+08 2.25623e+07
4.66363e+08 2.25623e+07
4.66374e+08 2.25287e+07
4.66621e+08 2.25511e+07
4.66632e+08 2.25622e+07
4.66632e+08 2.25622e+07
4.66755e+08 2.2607e+07
4.66755e+08 2.25734e+07
4.67124e+08 2.26293e+07
4.67124e+08 2.25846e+07
4.67146e+08 2.26069e+07
4.68097e+08 2.26182e+07
4.68097e+08 2.2607e+07
4.68097e+08 2.2607e+07
4.68097e+08 2.2607e+07
4.68164e+08 2.26405e+07
4.68164e+08 2.26406e+07
4.68733e+08 2.2647e+07
4.69054e+08 2.26644e+07
4.74241e+08 2.27651e+07
4.74353e+08 2.27315e+07
4.7613e+08 2.25415e+07
4.76297e+08 2.26086e+07
4.77024e+08 2.26868e+07
4.7765e+08 2.28544e+07
4.77706e+08 2.28321e+07
4.77795e+08 2.28432e+07
4.77806e+08 2.2832e+07
4.77818e+08 2.28208e+07
4.77829e+08 2.2832e+07
4.77851e+08 2.28544e+07
4.89452e+08 2.31676e+07
4.89452e+08 2.31341e+07
4.89452e+08 2.31229e+07
4.89452e+08 2.31006e+07
4.89452e+08 2.30894e+07
4.89452e+08 2.30894e+07
4.89452e+08 2.30893e+07
4.89474e+08 2.31118e+07
4.89486e+08 2.3123e+07
4.89486e+08 2.31117e+07
4.89755e+08 2.31341e+07
4.89788e+08 2.31565e+07
4.89799e+08 2.31677e+07
4.89956e+08 2.32012e+07
4.89989e+08 2.32347e+07
4.90258e+08 2.31341e+07
4.90303e+08 2.31788e+07
4.90314e+08 2.31677e+07
4.91264e+08 2.31677e+07
4.91264e+08 2.31677e+07
4.91264e+08 2.31677e+07
4.9132e+08 2.32236e+07
4.91343e+08 2.31788e+07
4.91393e+08 2.32295e+07
4.91416e+08 2.32519e+07
4.91972e+08 2.32386e+07
4.92386e+08 2.33321e+07
4.98244e+08 2.40027e+07
4.9849e+08 2.41369e+07
4.9982e+08 2.36898e+07
4.99909e+08 2.36116e+07
5.0011e+08 2.30863e+07
5.01038e+08 2.3388e+07
5.01116e+08 2.34103e+07
5.01172e+08 2.33769e+07
5.0125e+08 2.34439e+07
5.01284e+08 2.34663e+07
5.01284e+08 2.34551e+07
5.01385e+08 2.35333e+07
5.13142e+08 2.369e+07
5.13142e+08 2.369e+07
5.13142e+08 2.369e+07
5.13142e+08 2.36899e+07
5.13142e+08 2.369e+07
5.13142e+08 2.369e+07
5.13142e+08 2.369e+07
5.13164e+08 2.369e+07
5.13176e+08 2.36901e+07
5.13198e+08 2.37124e+07
5.13489e+08 2.37348e+07
5.13523e+08 2.37348e+07
5.13557e+08 2.37571e+07
5.13747e+08 2.37907e+07
5.1378e+08 2.37907e+07
5.14015e+08 2.37572e+07
5.14015e+08 2.37125e+07
5.1406e+08 2.3746e+07
5.15022e+08 2.37572e+07
5.15077e+08 2.3813e+07
5.15077e+08 2.3813e+07
5.15089e+08 2.37683e+07
5.15089e+08 2.3746e+07
5.15133e+08 2.374e+07
5.15145e+08 2.37288e+07
5.16017e+08 2.4045e+07
5.1605e+08 2.40785e+07
5.16262e+08 2.3876e+07
5.22209e+08 2.39654e+07
5.22544e+08 2.40548e+07
5.23137e+08 2.33172e+07
5.23137e+08 2.32278e+07
5.23349e+08 2.3239e+07
5.2364e+08 2.26019e+07
5.25137e+08 2.40213e+07
5.25272e+08 2.40995e+07
5.25305e+08 2.40547e+07
5.25316e+08 2.40324e+07
5.25361e+08 2.40771e+07
5.25406e+08 2.40212e+07
5.3751e+08 2.43681e+07
5.3751e+08 2.4368e+07
5.3751e+08 2.43681e+07
5.3751e+08 2.43681e+07
5.3751e+08 2.43681e+07
5.3751e+08 2.4368e+07
5.3751e+08 2.4368e+07
5.37544e+08 2.43792e+07
5.37544e+08 2.4368e+07
5.37578e+08 2.43792e+07
5.37902e+08 2.44128e+07
5.37947e+08 2.4424e+07
5.37981e+08 2.4424e+07
5.38215e+08 2.44687e+07
5.38238e+08 2.44575e+07
5.38495e+08 2.44799e+07
5.38495e+08 2.44799e+07
5.38573e+08 2.45134e+07
5.39501e+08 2.44798e+07
5.39546e+08 2.44686e+07
5.39546e+08 2.44686e+07
5.39546e+08 2.44575e+07
5.39546e+08 2.44575e+07
5.39557e+08 2.44239e+07
5.39557e+08 2.44128e+07
5.40552e+08 2.45352e+07
5.40664e+08 2.46134e+07
5.40664e+08 2.46134e+07
5.4082e+08 2.45576e+07
5.46867e+08 2.46581e+07
5.47169e+08 2.46246e+07
5.47761e+08 2.46246e+07
5.47761e+08 2.46246e+07
5.47761e+08 2.44123e+07
5.47761e+08 2.41217e+07
5.49874e+08 2.47365e+07
5.49986e+08 2.47142e+07
5.49986e+08 2.46807e+07
5.50064e+08 2.47478e+07
5.50064e+08 2.47031e+07
5.50098e+08 2.46919e+07
5.62436e+08 2.49267e+07
5.62436e+08 2.49267e+07
5.62448e+08 2.49379e+07
5.62448e+08 2.49379e+07
5.62448e+08 2.49379e+07
5.62448e+08 2.49379e+07
5.62448e+08 2.49379e+07
5.62459e+08 2.49155e+07
5.6247e+08 2.49267e+07
5.62493e+08 2.49155e+07
5.62907e+08 2.5005e+07
5.62918e+08 2.49714e+07
5.62918e+08 2.49379e+07
5.63209e+08 2.49938e+07
5.63209e+08 2.49714e+07
5.635e+08 2.5005e+07
5.63601e+08 2.51055e+07
5.63657e+08 2.50832e+07
5.64529e+08 2.50273e+07
5.6454e+08 2.49938e+07
5.6454e+08 2.49938e+07
5.6454e+08 2.49938e+07
5.6454e+08 2.49938e+07
5.6454e+08 2.49826e+07
5.6454e+08 2.49826e+07
5.65625e+08 2.50728e+07
5.6568e+08 2.50169e+07
5.65703e+08 2.50393e+07
5.65781e+08 2.4961e+07
5.65792e+08 2.49722e+07
5.72655e+08 2.5788e+07
5.72801e+08 2.56315e+07
5.72801e+08 2.50392e+07
5.72801e+08 2.50392e+07
5.7289e+08 2.51286e+07
5.73024e+08 2.52628e+07
5.75014e+08 2.51398e+07
5.75148e+08 2.51621e+07
5.75148e+08 2.51621e+07
5.75148e+08 2.50839e+07
5.75193e+08 2.51285e+07
5.7526e+08 2.51621e+07
5.87889e+08 2.54531e+07
5.87889e+08 2.54531e+07
5.87889e+08 2.54419e+07
5.87889e+08 2.54419e+07
5.87889e+08 2.54419e+07
5.8789e+08 2.5442e+07
5.8789e+08 2.5442e+07
5.87912e+08 2.54531e+07
5.87924e+08 2.54531e+07
5.87957e+08 2.54643e+07
5.8845e+08 2.55426e+07
5.8845e+08 2.55314e+07
5.88472e+08 2.55537e+07
5.88763e+08 2.55537e+07
5.88785e+08 2.55761e+07
5.89098e+08 2.55984e+07
5.89098e+08 2.54978e+07
5.89188e+08 2.55314e+07
5.90027e+08 2.54978e+07
5.90027e+08 2.54867e+07
5.90027e+08 2.54867e+07
5.90027e+08 2.54867e+07
5.90027e+08 2.54867e+07
5.90027e+08 2.54867e+07
5.9006e+08 2.55202e+07
5.91234e+08 2.56096e+07
5.91279e+08 2.55984e+07
5.91312e+08 2.56096e+07
5.91391e+08 2.56096e+07
5.91413e+08 2.56208e+07
5.91413e+08 2.56208e+07
5.98377e+08 2.57214e+07
5.98745e+08 2.59449e+07
5.98801e+08 2.60008e+07
5.98801e+08 2.60008e+07
5.99025e+08 2.61349e+07
5.99103e+08 2.6079e+07
6.00713e+08 2.56991e+07
6.00925e+08 2.57774e+07
6.00925e+08 2.57774e+07
6.00925e+08 2.57775e+07
6.00959e+08 2.57663e+07
6.01015e+08 2.57551e+07
6.13801e+08 2.59118e+07
6.13835e+08 2.59454e+07
6.13846e+08 2.59566e+07
6.13846e+08 2.59566e+07
6.13846e+08 2.59566e+07
6.13846e+08 2.59565e+07
6.13846e+08 2.59565e+07
6.13846e+08 2.59339e+07
6.13846e+08 2.59226e+07
6.13869e+08 2.59111e+07
6.13947e+08 2.54972e+07
6.13947e+08 2.54972e+07
6.13947e+08 2.54749e+07
6.13947e+08 2.51842e+07
6.13947e+08 2.51619e+07
6.13947e+08 2.48486e+07
6.13947e+08 2.48486e+07
6.13947e+08 2.47592e+07
6.13947e+08 2.39208e+07
6.13947e+08 2.39208e+07
6.13947e+08 2.39208e+07
6.13947e+08 2.39208e+07
6.13947e+08 2.39208e+07
6.13947e+08 2.39208e+07
6.13947e+08 2.38872e+07
6.13981e+08 2.27473e+07
6.13981e+08 2.27026e+07
6.13981e+08 2.2669e+07
6.13981e+08 2.25908e+07
6.13981e+08 2.25684e+07
6.13981e+08 2.25684e+07
6.1425e+08 1.58733e+07
6.1425e+08 1.58733e+07
6.14339e+08 1.55939e+07
6.14339e+08 1.5538e+07
6.14339e+08 1.5538e+07
6.14339e+08 1.53144e+07
6.14339e+08 1.52362e+07
6.14351e+08 1.36379e+07
6.14351e+08 1.34253e+07
6.14351e+08 1.34253e+07
6.14351e+08 1.34253e+07
6.14351e+08 1.33917e+07
6.14351e+08 1.33358e+07
6.14766e+08 964366
6.14766e+08 930756
6.14766e+08 919543
