4.79206e+06 4.7918e+06
8.32936e+06 3.53731e+06
8.32937e+06 3.53731e+06
9.64018e+06 1.31082e+06
9.67372e+06 1.34435e+06
1.19948e+07 2.35463e+06
1.19948e+07 2.35464e+06
1.19948e+07 2.32111e+06
1.43992e+07 2.40435e+06
1.44439e+07 2.44911e+06
1.44551e+07 2.46029e+06
1.44663e+07 2.47148e+06
1.75973e+07 3.19818e+06
1.75974e+07 3.15344e+06
1.75974e+07 3.14227e+06
1.75974e+07 3.13107e+06
1.75974e+07 3.13108e+06
2.10528e+07 3.45548e+06
2.11089e+07 3.51152e+06
2.11089e+07 3.51152e+06
2.11201e+07 3.52272e+06
2.11201e+07 3.52272e+06
2.11201e+07 3.52273e+06
2.51794e+07 4.12662e+06
2.53696e+07 4.26066e+06
2.53919e+07 4.28301e+06
2.54143e+07 4.29419e+06
2.54143e+07 4.29419e+06
2.54143e+07 4.29419e+06
2.54143e+07 4.2942e+06
2.93732e+07 4.19375e+06
2.94627e+07 4.09316e+06
2.94627e+07 4.0708e+06
2.96304e+07 4.21613e+06
2.9664e+07 4.24968e+06
2.9664e+07 4.24968e+06
2.9664e+07 4.24968e+06
3.42e+07 4.82677e+06
3.42223e+07 4.84915e+06
3.44504e+07 4.98767e+06
3.44504e+07 4.98767e+06
3.45399e+07 4.90943e+06
3.46629e+07 4.99893e+06
3.46629e+07 4.99893e+06
3.46629e+07 4.99893e+06
3.97369e+07 5.53697e+06
3.97705e+07 5.54812e+06
3.97705e+07 5.54813e+06
4.00277e+07 5.57727e+06
4.00277e+07 5.57727e+06
4.00948e+07 5.55489e+06
4.02514e+07 5.58847e+06
4.02849e+07 5.62202e+06
4.0352e+07 5.68908e+06
4.60727e+07 6.33579e+06
4.60727e+07 6.30226e+06
4.60839e+07 6.31346e+06
4.64417e+07 6.41403e+06
4.64417e+07 6.41404e+06
4.64417e+07 6.41404e+06
4.64641e+07 6.36934e+06
4.66654e+07 6.41398e+06
4.66654e+07 6.38043e+06
4.66654e+07 6.31337e+06
5.24261e+07 6.35336e+06
5.24261e+07 6.35336e+06
5.2482e+07 6.39812e+06
5.27281e+07 6.28642e+06
5.27617e+07 6.31997e+06
5.27617e+07 6.31998e+06
5.27617e+07 6.31998e+06
5.29517e+07 6.48762e+06
5.35219e+07 6.85658e+06
5.3522e+07 6.85658e+06
5.3522e+07 6.85659e+06
6.03778e+07 7.95173e+06
6.03778e+07 7.95173e+06
6.03778e+07 7.8958e+06
6.05232e+07 7.79506e+06
6.05343e+07 7.77269e+06
6.05344e+07 7.77269e+06
6.05344e+07 7.77269e+06
6.05679e+07 7.80623e+06
6.06685e+07 7.71682e+06
6.0691e+07 7.16906e+06
6.07357e+07 7.21379e+06
6.07358e+07 7.21378e+06
6.81013e+07 7.72344e+06
6.81013e+07 7.72344e+06
6.81795e+07 7.80166e+06
6.82354e+07 7.71226e+06
6.8269e+07 7.73462e+06
6.8269e+07 7.73462e+06
6.8269e+07 7.73462e+06
6.83025e+07 7.73462e+06
6.83025e+07 7.73462e+06
6.83919e+07 7.7234e+06
6.92863e+07 8.59525e+06
6.95992e+07 8.86345e+06
6.97334e+07 8.99763e+06
7.71524e+07 9.05113e+06
7.71524e+07 9.05113e+06
7.71524e+07 8.97289e+06
7.71636e+07 8.92816e+06
7.71636e+07 8.89463e+06
7.71636e+07 8.89463e+06
7.71636e+07 8.89463e+06
7.71971e+07 8.89463e+06
7.71972e+07 8.89463e+06
7.72083e+07 8.90581e+06
7.72083e+07 8.8164e+06
7.80578e+07 8.77153e+06
7.8069e+07 8.46979e+06
7.82143e+07 8.48088e+06
8.6139e+07 8.98658e+06
8.6139e+07 8.98658e+06
8.6139e+07 8.98658e+06
8.6139e+07 8.97541e+06
8.6139e+07 8.97541e+06
8.61837e+07 9.02012e+06
8.61837e+07 9.02012e+06
8.61837e+07 8.98658e+06
8.61949e+07 8.99776e+06
8.62061e+07 8.99776e+06
8.64632e+07 9.25483e+06
8.68879e+07 9.67954e+06
8.91568e+07 1.1099e+07
8.98275e+07 1.17585e+07
9.01069e+07 1.18926e+07
9.78388e+07 1.16999e+07
9.80959e+07 1.19569e+07
9.80959e+07 1.19569e+07
9.81406e+07 1.20016e+07
9.81965e+07 1.20575e+07
9.82971e+07 1.21134e+07
9.82971e+07 1.21134e+07
9.8353e+07 1.21693e+07
9.8353e+07 1.21581e+07
9.8353e+07 1.21469e+07
9.83866e+07 1.19234e+07
9.85095e+07 1.16217e+07
9.85095e+07 1.16217e+07
9.92808e+07 1.01239e+07
9.93814e+07 9.55389e+06
9.97279e+07 9.62099e+06
1.08418e+08 1.0579e+07
1.08574e+08 1.04785e+07
1.08574e+08 1.04785e+07
1.08574e+08 1.04337e+07
1.08597e+08 1.04002e+07
1.08731e+08 1.04337e+07
1.0882e+08 1.05231e+07
1.0882e+08 1.04673e+07
1.08876e+08 1.05231e+07
1.08887e+08 1.05343e+07
1.08999e+08 1.06125e+07
1.09089e+08 1.0579e+07
1.09133e+08 1.06237e+07
1.1043e+08 1.11491e+07
1.10754e+08 1.14733e+07
1.10877e+08 1.14958e+07
1.11838e+08 1.21105e+07
1.2141e+08 1.29922e+07
1.21813e+08 1.32382e+07
1.21846e+08 1.32717e+07
1.21857e+08 1.32829e+07
1.22003e+08 1.34059e+07
1.22014e+08 1.3283e+07
1.22103e+08 1.3283e+07
1.22126e+08 1.33054e+07
1.22148e+08 1.32719e+07
1.22148e+08 1.32607e+07
1.22148e+08 1.31489e+07
1.22148e+08 1.30595e+07
1.22148e+08 1.30148e+07
1.22282e+08 1.18523e+07
1.22372e+08 1.16175e+07
1.22372e+08 1.16175e+07
1.22461e+08 1.15839e+07
1.23188e+08 1.13491e+07
1.33444e+08 1.20335e+07
1.34125e+08 1.23129e+07
1.34125e+08 1.22793e+07
1.34125e+08 1.22681e+07
1.34215e+08 1.22122e+07
1.34248e+08 1.22346e+07
1.34293e+08 1.21898e+07
1.34293e+08 1.21674e+07
1.34315e+08 1.21674e+07
1.34338e+08 1.21898e+07
1.34338e+08 1.21898e+07
1.34338e+08 1.21898e+07
1.3436e+08 1.22122e+07
1.3436e+08 1.2078e+07
1.34383e+08 1.2011e+07
1.34461e+08 1.20892e+07
1.34897e+08 1.24357e+07
1.35042e+08 1.2581e+07
1.35433e+08 1.22458e+07
1.46948e+08 1.3504e+07
1.4764e+08 1.35151e+07
1.47685e+08 1.35598e+07
1.47685e+08 1.35598e+07
1.47831e+08 1.36156e+07
1.47853e+08 1.36045e+07
1.47853e+08 1.35598e+07
1.47853e+08 1.35598e+07
1.47864e+08 1.35486e+07
1.47898e+08 1.35598e+07
1.47898e+08 1.35598e+07
1.47898e+08 1.35598e+07
1.47898e+08 1.35374e+07
1.4792e+08 1.35598e+07
1.47942e+08 1.35598e+07
1.47954e+08 1.34927e+07
1.47976e+08 1.30793e+07
1.47987e+08 1.29452e+07
1.47987e+08 1.29452e+07
1.4801e+08 1.25763e+07
1.59947e+08 1.29994e+07
1.60796e+08 1.31558e+07
1.60796e+08 1.31111e+07
1.60841e+08 1.31558e+07
1.60852e+08 1.30217e+07
1.60852e+08 1.29993e+07
1.60852e+08 1.29993e+07
1.60852e+08 1.29994e+07
1.60863e+08 1.29994e+07
1.60875e+08 1.2977e+07
1.60875e+08 1.2977e+07
1.60875e+08 1.2977e+07
1.60875e+08 1.2977e+07
1.60875e+08 1.29546e+07
1.60875e+08 1.29323e+07
1.60886e+08 1.29323e+07
1.60908e+08 1.29323e+07
1.60931e+08 1.29434e+07
1.60931e+08 1.29434e+07
1.60931e+08 1.29211e+07
1.60931e+08 1.29211e+07
1.73927e+08 1.39802e+07
1.73983e+08 1.31868e+07
1.74028e+08 1.32315e+07
1.74028e+08 1.31868e+07
1.7405e+08 1.3198e+07
1.7405e+08 1.3198e+07
1.7405e+08 1.3198e+07
1.74061e+08 1.32092e+07
1.74117e+08 1.3254e+07
1.7414e+08 1.32651e+07
1.74151e+08 1.32763e+07
1.74162e+08 1.32875e+07
1.74162e+08 1.32875e+07
1.74162e+08 1.32875e+07
1.74173e+08 1.32987e+07
1.74196e+08 1.33099e+07
1.74207e+08 1.32987e+07
1.74241e+08 1.33099e+07
1.74241e+08 1.33099e+07
1.74241e+08 1.33099e+07
1.74252e+08 1.33211e+07
1.74252e+08 1.33211e+07
1.87481e+08 1.35539e+07
1.87593e+08 1.36098e+07
1.87638e+08 1.36098e+07
1.87638e+08 1.36098e+07
1.87649e+08 1.35986e+07
1.87649e+08 1.35986e+07
1.8766e+08 1.36098e+07
1.87671e+08 1.36099e+07
1.87694e+08 1.35763e+07
1.87694e+08 1.35539e+07
1.87727e+08 1.35763e+07
1.87761e+08 1.35987e+07
1.87761e+08 1.35987e+07
1.87761e+08 1.35987e+07
1.87761e+08 1.35875e+07
1.87772e+08 1.35763e+07
1.87839e+08 1.36322e+07
1.8785e+08 1.36098e+07
1.87862e+08 1.3621e+07
1.87862e+08 1.3621e+07
1.87929e+08 1.36769e+07
1.87951e+08 1.36992e+07
2.01579e+08 1.40977e+07
2.01612e+08 1.41313e+07
2.01691e+08 1.40977e+07
2.01769e+08 1.41313e+07
2.0178e+08 1.41425e+07
2.0178e+08 1.41313e+07
2.0178e+08 1.41313e+07
2.01836e+08 1.4176e+07
2.0187e+08 1.41984e+07
2.01903e+08 1.42095e+07
2.01903e+08 1.42095e+07
2.01903e+08 1.4176e+07
2.01903e+08 1.41424e+07
2.01926e+08 1.41648e+07
2.01926e+08 1.41648e+07
2.01926e+08 1.41648e+07
2.01926e+08 1.41536e+07
2.01948e+08 1.41089e+07
2.02015e+08 1.41648e+07
2.02015e+08 1.41536e+07
2.02015e+08 1.41536e+07
2.02026e+08 1.40977e+07
2.02026e+08 1.40754e+07
2.16315e+08 1.47362e+07
2.16427e+08 1.48144e+07
2.16427e+08 1.48144e+07
2.16539e+08 1.48479e+07
2.16583e+08 1.48144e+07
2.16583e+08 1.48032e+07
2.16595e+08 1.48144e+07
2.16595e+08 1.48144e+07
2.16595e+08 1.47584e+07
2.16595e+08 1.47249e+07
2.16617e+08 1.47137e+07
2.16628e+08 1.47249e+07
2.16639e+08 1.47361e+07
2.16673e+08 1.47696e+07
2.16706e+08 1.47808e+07
2.16706e+08 1.47808e+07
2.16706e+08 1.47808e+07
2.16729e+08 1.48031e+07
2.1674e+08 1.4792e+07
2.1674e+08 1.47249e+07
2.1674e+08 1.47249e+07
2.16774e+08 1.47584e+07
2.16774e+08 1.47473e+07
2.16774e+08 1.47473e+07
2.31816e+08 1.55007e+07
2.31827e+08 1.54001e+07
2.31827e+08 1.54001e+07
2.31883e+08 1.53441e+07
2.31883e+08 1.53441e+07
2.31916e+08 1.53329e+07
2.3195e+08 1.53665e+07
2.31961e+08 1.53665e+07
2.31961e+08 1.53665e+07
2.31961e+08 1.53665e+07
2.31961e+08 1.53665e+07
2.32006e+08 1.53888e+07
2.32006e+08 1.53776e+07
2.32006e+08 1.53665e+07
2.32039e+08 1.53665e+07
2.32039e+08 1.53329e+07
2.32039e+08 1.53329e+07
2.32039e+08 1.53329e+07
2.32039e+08 1.53106e+07
2.32062e+08 1.53217e+07
2.32073e+08 1.53329e+07
2.32073e+08 1.53329e+07
2.32073e+08 1.52994e+07
2.32073e+08 1.52994e+07
2.32073e+08 1.52994e+07
2.47602e+08 1.57862e+07
2.47669e+08 1.58421e+07
2.47669e+08 1.58421e+07
2.47814e+08 1.59315e+07
2.47814e+08 1.59315e+07
2.47814e+08 1.59315e+07
2.47837e+08 1.59203e+07
2.4787e+08 1.59203e+07
2.4787e+08 1.59091e+07
2.4787e+08 1.59091e+07
2.47881e+08 1.59203e+07
2.47937e+08 1.59762e+07
2.47937e+08 1.59315e+07
2.47937e+08 1.59315e+07
2.47937e+08 1.59315e+07
2.47993e+08 1.59538e+07
2.47993e+08 1.59539e+07
2.47993e+08 1.59539e+07
2.47993e+08 1.59539e+07
2.47993e+08 1.59539e+07
2.48004e+08 1.59427e+07
2.48027e+08 1.59538e+07
2.48027e+08 1.59538e+07
2.48027e+08 1.59538e+07
2.48027e+08 1.59539e+07
2.48027e+08 1.59539e+07
2.6422e+08 1.66181e+07
2.64242e+08 1.65734e+07
2.64253e+08 1.65846e+07
2.64321e+08 1.65063e+07
2.64321e+08 1.65063e+07
2.64321e+08 1.65063e+07
2.64332e+08 1.64951e+07
2.64332e+08 1.64952e+07
2.64332e+08 1.64616e+07
2.64332e+08 1.64616e+07
2.64332e+08 1.64616e+07
2.64343e+08 1.64616e+07
2.64376e+08 1.64392e+07
2.64377e+08 1.64392e+07
2.64377e+08 1.64392e+07
2.64377e+08 1.64392e+07
2.64377e+08 1.63834e+07
2.64399e+08 1.64057e+07
2.6441e+08 1.64169e+07
2.6441e+08 1.64169e+07
2.6441e+08 1.64169e+07
2.6441e+08 1.64057e+07
2.64522e+08 1.64951e+07
2.64555e+08 1.65287e+07
2.64589e+08 1.65622e+07
2.64623e+08 1.65957e+07
2.64656e+08 1.66293e+07
2.81322e+08 1.71022e+07
2.81344e+08 1.71022e+07
2.81344e+08 1.7091e+07
2.81356e+08 1.70351e+07
2.81367e+08 1.70463e+07
2.81367e+08 1.70463e+07
2.81367e+08 1.70351e+07
2.81367e+08 1.70351e+07
2.81367e+08 1.70351e+07
2.81367e+08 1.70351e+07
2.81378e+08 1.70463e+07
2.81389e+08 1.70575e+07
2.81389e+08 1.70463e+07
2.81389e+08 1.70128e+07
2.81389e+08 1.70128e+07
2.81389e+08 1.70128e+07
2.81389e+08 1.70128e+07
2.81445e+08 1.70686e+07
2.81445e+08 1.70463e+07
2.81479e+08 1.70686e+07
2.8149e+08 1.70798e+07
2.81512e+08 1.71022e+07
2.81523e+08 1.71134e+07
2.81557e+08 1.70351e+07
2.81568e+08 1.70128e+07
2.81635e+08 1.70463e+07
2.81635e+08 1.70128e+07
2.81658e+08 1.70017e+07
2.99058e+08 1.77364e+07
2.99092e+08 1.77476e+07
2.99092e+08 1.77476e+07
2.99103e+08 1.77475e+07
2.99103e+08 1.77364e+07
2.99103e+08 1.77364e+07
2.99103e+08 1.77364e+07
2.99103e+08 1.77364e+07
2.99103e+08 1.77364e+07
2.99103e+08 1.77364e+07
2.99114e+08 1.77476e+07
2.99114e+08 1.77364e+07
2.99114e+08 1.77252e+07
2.99126e+08 1.77364e+07
2.99126e+08 1.77364e+07
2.99137e+08 1.77476e+07
2.99137e+08 1.77476e+07
2.99148e+08 1.77587e+07
2.99159e+08 1.7714e+07
2.99215e+08 1.77699e+07
2.99215e+08 1.77364e+07
2.99226e+08 1.77364e+07
2.99238e+08 1.77253e+07
2.99238e+08 1.77141e+07
2.99238e+08 1.76805e+07
2.99238e+08 1.76694e+07
2.99294e+08 1.76582e+07
2.99305e+08 1.76694e+07
2.99349e+08 1.76917e+07
3.17276e+08 1.82174e+07
3.17287e+08 1.8195e+07
3.17287e+08 1.8195e+07
3.17287e+08 1.81838e+07
3.17298e+08 1.8195e+07
3.17298e+08 1.8195e+07
3.17298e+08 1.8195e+07
3.17321e+08 1.82174e+07
3.17321e+08 1.82174e+07
3.17332e+08 1.82285e+07
3.17332e+08 1.82174e+07
3.17332e+08 1.82174e+07
3.17354e+08 1.82397e+07
3.17365e+08 1.82509e+07
3.17377e+08 1.82509e+07
3.17388e+08 1.82621e+07
3.1741e+08 1.82733e+07
3.17421e+08 1.82845e+07
3.17421e+08 1.82733e+07
3.17444e+08 1.82845e+07
3.17488e+08 1.82733e+07
3.175e+08 1.82845e+07
3.175e+08 1.82734e+07
3.175e+08 1.82621e+07
3.175e+08 1.82621e+07
3.175e+08 1.82621e+07
3.175e+08 1.82621e+07
3.176e+08 1.83068e+07
3.176e+08 1.82956e+07
3.176e+08 1.82509e+07
3.36154e+08 1.88782e+07
3.36176e+08 1.88894e+07
3.3621e+08 1.8923e+07
3.3621e+08 1.8923e+07
3.36221e+08 1.8923e+07
3.36221e+08 1.8923e+07
3.36221e+08 1.8923e+07
3.36232e+08 1.89118e+07
3.36232e+08 1.89118e+07
3.36232e+08 1.89006e+07
3.36232e+08 1.89006e+07
3.36244e+08 1.89118e+07
3.36255e+08 1.89007e+07
3.36255e+08 1.89007e+07
3.36255e+08 1.88896e+07
3.36255e+08 1.88784e+07
3.36266e+08 1.88783e+07
3.36288e+08 1.88783e+07
3.36288e+08 1.88671e+07
3.36288e+08 1.88671e+07
3.36288e+08 1.88448e+07
3.36288e+08 1.88001e+07
3.36288e+08 1.87889e+07
3.36288e+08 1.87888e+07
3.36378e+08 1.88782e+07
3.36445e+08 1.89453e+07
3.36479e+08 1.89788e+07
3.36479e+08 1.89788e+07
3.36501e+08 1.89006e+07
3.36501e+08 1.89006e+07
3.36501e+08 1.89006e+07
3.55762e+08 1.96083e+07
3.55785e+08 1.96083e+07
3.55796e+08 1.95859e+07
3.55796e+08 1.95859e+07
3.55796e+08 1.95747e+07
3.55807e+08 1.95859e+07
3.55807e+08 1.95859e+07
3.55807e+08 1.95747e+07
3.55807e+08 1.95747e+07
3.55807e+08 1.95747e+07
3.55818e+08 1.95859e+07
3.55829e+08 1.95859e+07
3.55829e+08 1.95747e+07
3.55829e+08 1.95746e+07
3.5583e+08 1.95746e+07
3.5583e+08 1.95746e+07
3.55841e+08 1.95858e+07
3.55841e+08 1.95746e+07
3.55841e+08 1.95523e+07
3.55852e+08 1.95635e+07
3.55897e+08 1.96082e+07
3.55941e+08 1.96529e+07
3.55953e+08 1.96641e+07
3.55953e+08 1.96641e+07
3.55953e+08 1.96641e+07
3.55964e+08 1.95858e+07
3.55986e+08 1.95411e+07
3.56008e+08 1.953e+07
3.56008e+08 1.953e+07
3.56009e+08 1.95076e+07
3.56009e+08 1.95076e+07
3.56009e+08 1.95076e+07
3.75845e+08 2.00825e+07
3.75856e+08 2.00713e+07
3.75867e+08 2.00713e+07
3.75867e+08 2.00713e+07
3.75867e+08 2.00713e+07
3.75945e+08 2.01384e+07
3.75979e+08 2.01719e+07
3.75979e+08 2.01719e+07
3.76001e+08 2.01943e+07
3.76001e+08 2.01943e+07
3.76001e+08 2.01831e+07
3.76013e+08 2.01831e+07
3.76024e+08 2.01943e+07
3.76024e+08 2.01943e+07
3.76024e+08 2.01943e+07
3.76046e+08 2.02167e+07
3.76046e+08 2.02167e+07
3.76046e+08 2.02055e+07
3.76046e+08 2.02055e+07
3.76057e+08 2.02167e+07
3.76069e+08 2.02167e+07
3.76069e+08 2.01719e+07
3.76124e+08 2.01831e+07
3.76124e+08 2.01719e+07
3.76124e+08 2.01719e+07
3.76124e+08 2.0172e+07
3.76125e+08 2.01608e+07
3.76147e+08 2.01608e+07
3.76147e+08 2.01384e+07
3.76158e+08 2.01496e+07
3.76158e+08 2.01496e+07
3.76158e+08 2.01496e+07
3.76158e+08 2.01496e+07
3.96599e+08 2.07541e+07
3.9661e+08 2.07541e+07
3.96644e+08 2.07764e+07
3.96644e+08 2.07764e+07
3.96666e+08 2.07988e+07
3.96666e+08 2.07206e+07
3.96666e+08 2.0687e+07
3.96677e+08 2.06982e+07
3.96688e+08 2.0687e+07
3.967e+08 2.06982e+07
3.967e+08 2.06982e+07
3.96744e+08 2.07317e+07
3.96767e+08 2.07429e+07
3.96767e+08 2.07429e+07
3.96767e+08 2.07429e+07
3.96767e+08 2.07206e+07
3.96767e+08 2.07206e+07
3.96778e+08 2.07317e+07
3.96778e+08 2.07317e+07
3.96778e+08 2.07317e+07
3.96811e+08 2.07541e+07
3.96811e+08 2.07429e+07
3.96834e+08 2.07653e+07
3.96834e+08 2.07094e+07
3.96834e+08 2.07094e+07
3.96834e+08 2.07094e+07
3.96834e+08 2.07094e+07
3.96867e+08 2.07429e+07
3.96867e+08 2.07206e+07
3.96867e+08 2.07206e+07
3.96868e+08 2.07094e+07
3.96868e+08 2.07094e+07
3.96868e+08 2.07094e+07
3.96901e+08 2.07429e+07
4.17843e+08 2.12439e+07
4.17854e+08 2.12439e+07
4.17854e+08 2.12104e+07
4.17854e+08 2.12104e+07
4.17854e+08 2.1188e+07
4.17854e+08 2.11881e+07
4.17854e+08 2.11881e+07
4.17854e+08 2.11769e+07
4.17921e+08 2.12329e+07
4.17933e+08 2.12329e+07
4.17933e+08 2.12329e+07
4.17933e+08 2.11882e+07
4.17933e+08 2.11658e+07
4.17944e+08 2.1177e+07
4.17944e+08 2.1177e+07
4.17944e+08 2.1177e+07
4.17944e+08 2.1177e+07
4.17944e+08 2.11659e+07
4.17955e+08 2.1177e+07
4.17955e+08 2.1177e+07
4.17977e+08 2.11994e+07
4.17977e+08 2.11659e+07
4.17989e+08 2.1177e+07
4.18011e+08 2.1177e+07
4.18011e+08 2.1177e+07
4.18011e+08 2.1177e+07
4.18011e+08 2.1177e+07
4.18011e+08 2.1177e+07
4.18067e+08 2.11994e+07
4.18067e+08 2.11994e+07
4.18089e+08 2.12217e+07
4.18089e+08 2.12217e+07
4.18112e+08 2.12441e+07
4.18112e+08 2.12441e+07
4.18112e+08 2.12106e+07
4.39746e+08 2.1903e+07
4.39746e+08 2.18919e+07
4.39746e+08 2.18918e+07
4.39746e+08 2.18918e+07
4.39746e+08 2.18918e+07
4.39746e+08 2.18918e+07
4.39768e+08 2.19142e+07
4.39802e+08 2.19477e+07
4.39824e+08 2.1903e+07
4.39824e+08 2.18918e+07
4.39836e+08 2.1903e+07
4.39836e+08 2.1903e+07
4.39836e+08 2.1903e+07
4.39836e+08 2.18918e+07
4.39836e+08 2.18918e+07
4.39836e+08 2.18918e+07
4.39836e+08 2.18918e+07
4.39836e+08 2.18918e+07
4.39836e+08 2.18807e+07
4.39836e+08 2.18807e+07
4.39836e+08 2.18807e+07
4.39836e+08 2.18583e+07
4.39847e+08 2.18695e+07
4.39869e+08 2.18807e+07
4.39869e+08 2.18583e+07
4.39869e+08 2.18583e+07
4.39869e+08 2.18583e+07
4.39869e+08 2.18583e+07
4.39869e+08 2.18583e+07
4.39914e+08 2.18471e+07
4.39925e+08 2.18583e+07
4.39936e+08 2.18471e+07
4.39936e+08 2.18471e+07
4.39959e+08 2.18471e+07
4.39981e+08 2.18695e+07
4.40003e+08 2.18918e+07
4.62006e+08 2.22601e+07
4.62073e+08 2.23272e+07
4.62118e+08 2.23718e+07
4.62129e+08 2.2383e+07
4.62129e+08 2.2383e+07
4.62129e+08 2.2383e+07
4.62207e+08 2.24389e+07
4.62207e+08 2.24053e+07
4.62263e+08 2.24388e+07
4.62274e+08 2.245e+07
4.62274e+08 2.24389e+07
4.62274e+08 2.24389e+07
4.62274e+08 2.24389e+07
4.62274e+08 2.24389e+07
4.62274e+08 2.24389e+07
4.62274e+08 2.24389e+07
4.62275e+08 2.24389e+07
4.62275e+08 2.24389e+07
4.62275e+08 2.24389e+07
4.62275e+08 2.2439e+07
4.62275e+08 2.2439e+07
4.62275e+08 2.2439e+07
4.62275e+08 2.2439e+07
4.62275e+08 2.24278e+07
4.62286e+08 2.24167e+07
4.62297e+08 2.24279e+07
4.62297e+08 2.24279e+07
4.62319e+08 2.24502e+07
4.62331e+08 2.24614e+07
4.62331e+08 2.24614e+07
4.62331e+08 2.24167e+07
4.62331e+08 2.24055e+07
4.62331e+08 2.23943e+07
4.62331e+08 2.23943e+07
4.62364e+08 2.24055e+07
4.62375e+08 2.23943e+07
4.62375e+08 2.23719e+07
4.84771e+08 2.27649e+07
4.84816e+08 2.27425e+07
4.84905e+08 2.27873e+07
4.84905e+08 2.27761e+07
4.84905e+08 2.27761e+07
4.8495e+08 2.28208e+07
4.84972e+08 2.27649e+07
4.85084e+08 2.28767e+07
4.8514e+08 2.28767e+07
4.85229e+08 2.29549e+07
4.85229e+08 2.29549e+07
4.85229e+08 2.29549e+07
4.85274e+08 2.29996e+07
4.85274e+08 2.29996e+07
4.85285e+08 2.30108e+07
4.85285e+08 2.30108e+07
4.85296e+08 2.30219e+07
4.85296e+08 2.30219e+07
4.85297e+08 2.3022e+07
4.85297e+08 2.3022e+07
4.85297e+08 2.3022e+07
4.85297e+08 2.3022e+07
4.85297e+08 2.3022e+07
4.85297e+08 2.30221e+07
4.85297e+08 2.30221e+07
4.85297e+08 2.30109e+07
4.85297e+08 2.29998e+07
4.85297e+08 2.29998e+07
4.85308e+08 2.29886e+07
4.85308e+08 2.29774e+07
4.85319e+08 2.29886e+07
4.8533e+08 2.29998e+07
4.85342e+08 2.30109e+07
4.85342e+08 2.30109e+07
4.85342e+08 2.30109e+07
4.85353e+08 2.29886e+07
4.85353e+08 2.29774e+07
4.85353e+08 2.29774e+07
5.08304e+08 2.35331e+07
5.08304e+08 2.34884e+07
5.0836e+08 2.34548e+07
5.0836e+08 2.34548e+07
5.0836e+08 2.34548e+07
5.0836e+08 2.34101e+07
5.08393e+08 2.34213e+07
5.08461e+08 2.33767e+07
5.0855e+08 2.34102e+07
5.0855e+08 2.33208e+07
5.0855e+08 2.33208e+07
5.0855e+08 2.33208e+07
5.0855e+08 2.32761e+07
5.0855e+08 2.32761e+07
5.0855e+08 2.32649e+07
5.08584e+08 2.32985e+07
5.08595e+08 2.32985e+07
5.08595e+08 2.32985e+07
5.08651e+08 2.33543e+07
5.08662e+08 2.33655e+07
5.08662e+08 2.33655e+07
5.08707e+08 2.34102e+07
5.08886e+08 2.3589e+07
5.08886e+08 2.35889e+07
5.08897e+08 2.36001e+07
5.08908e+08 2.36114e+07
5.08908e+08 2.36114e+07
5.08908e+08 2.36114e+07
5.08908e+08 2.36115e+07
5.08908e+08 2.36003e+07
5.08908e+08 2.36003e+07
5.0892e+08 2.36004e+07
5.0892e+08 2.35892e+07
5.0892e+08 2.3578e+07
5.0892e+08 2.3578e+07
5.08942e+08 2.36004e+07
5.08953e+08 2.36004e+07
5.08953e+08 2.36004e+07
5.08953e+08 2.36004e+07
5.32303e+08 2.39989e+07
5.32325e+08 2.40213e+07
5.32359e+08 2.39989e+07
5.3237e+08 2.40101e+07
5.3237e+08 2.40101e+07
5.32415e+08 2.40548e+07
5.32448e+08 2.40548e+07
5.32672e+08 2.42111e+07
5.32694e+08 2.41441e+07
5.32705e+08 2.41552e+07
5.32705e+08 2.41552e+07
5.32705e+08 2.41552e+07
5.32717e+08 2.41664e+07
5.32728e+08 2.41776e+07
5.32739e+08 2.41888e+07
5.3275e+08 2.41664e+07
5.3275e+08 2.41552e+07
5.32795e+08 2.41999e+07
5.32806e+08 2.41552e+07
5.32806e+08 2.4144e+07
5.32806e+08 2.4144e+07
5.32806e+08 2.40993e+07
5.32829e+08 2.39429e+07
5.3284e+08 2.3954e+07
5.3284e+08 2.39429e+07
5.32963e+08 2.40547e+07
5.32963e+08 2.40547e+07
5.32974e+08 2.40658e+07
5.32985e+08 2.4077e+07
5.33019e+08 2.41105e+07
5.33019e+08 2.41105e+07
5.33052e+08 2.41441e+07
5.33153e+08 2.42337e+07
5.33164e+08 2.42448e+07
5.33187e+08 2.42672e+07
5.33187e+08 2.42672e+07
5.33198e+08 2.4256e+07
5.33198e+08 2.42449e+07
5.33198e+08 2.42449e+07
5.33198e+08 2.42449e+07
5.56436e+08 2.41328e+07
5.5657e+08 2.42446e+07
5.5667e+08 2.43117e+07
5.5667e+08 2.43005e+07
5.56704e+08 2.4334e+07
5.56816e+08 2.44011e+07
5.56816e+08 2.43675e+07
5.57006e+08 2.4334e+07
5.57006e+08 2.43116e+07
5.57028e+08 2.43228e+07
5.57229e+08 2.4524e+07
5.57252e+08 2.45464e+07
5.57252e+08 2.45352e+07
5.57274e+08 2.45464e+07
5.5733e+08 2.45911e+07
5.57352e+08 2.46023e+07
5.57364e+08 2.46134e+07
5.57397e+08 2.46023e+07
5.57408e+08 2.46023e+07
5.57431e+08 2.46246e+07
5.57453e+08 2.4647e+07
5.57531e+08 2.47252e+07
5.57565e+08 2.47364e+07
5.57587e+08 2.47476e+07
5.57598e+08 2.47588e+07
5.57677e+08 2.47139e+07
5.57677e+08 2.47139e+07
5.57677e+08 2.47139e+07
5.57699e+08 2.47251e+07
5.5771e+08 2.47251e+07
5.57721e+08 2.47027e+07
5.57766e+08 2.47474e+07
5.578e+08 2.47473e+07
5.57856e+08 2.47026e+07
5.57856e+08 2.46914e+07
5.57856e+08 2.46691e+07
5.57856e+08 2.46691e+07
5.57856e+08 2.46579e+07
5.57856e+08 2.46579e+07
5.57856e+08 2.46579e+07
5.57856e+08 2.46579e+07
5.81072e+08 2.46367e+07
5.81151e+08 2.45809e+07
5.81173e+08 2.45026e+07
5.8124e+08 2.45697e+07
5.81251e+08 2.45474e+07
5.81486e+08 2.46704e+07
5.8152e+08 2.47039e+07
5.8162e+08 2.46145e+07
5.81743e+08 2.47374e+07
5.81922e+08 2.48939e+07
5.82101e+08 2.48716e+07
5.82135e+08 2.48828e+07
5.82146e+08 2.48939e+07
5.8219e+08 2.49163e+07
5.8219e+08 2.48604e+07
5.82224e+08 2.48716e+07
5.82258e+08 2.48939e+07
5.82258e+08 2.48604e+07
5.82258e+08 2.48492e+07
5.82258e+08 2.48269e+07
5.82269e+08 2.48157e+07
5.82291e+08 2.47598e+07
5.82314e+08 2.47486e+07
5.82347e+08 2.47598e+07
5.82515e+08 2.49163e+07
5.82559e+08 2.48827e+07
5.82582e+08 2.49051e+07
5.82593e+08 2.49163e+07
5.82638e+08 2.49386e+07
5.8266e+08 2.4961e+07
5.82694e+08 2.49833e+07
5.8285e+08 2.51287e+07
5.82895e+08 2.51287e+07
5.82962e+08 2.51622e+07
5.83141e+08 2.5285e+07
5.83141e+08 2.5285e+07
5.83141e+08 2.5285e+07
5.83141e+08 2.5285e+07
5.83141e+08 2.52849e+07
5.83141e+08 2.52849e+07
5.83141e+08 2.52849e+07
5.83141e+08 2.52849e+07
6.06436e+08 2.53636e+07
6.06671e+08 2.55201e+07
6.06671e+08 2.54977e+07
6.0676e+08 2.55201e+07
6.0685e+08 2.55984e+07
6.07006e+08 2.55201e+07
6.07118e+08 2.55983e+07
6.07152e+08 2.55313e+07
6.07263e+08 2.55201e+07
6.07431e+08 2.55089e+07
6.07576e+08 2.54754e+07
6.07576e+08 2.54418e+07
6.07599e+08 2.5453e+07
6.07621e+08 2.54306e+07
6.07621e+08 2.54306e+07
6.07632e+08 2.54083e+07
6.07666e+08 2.54083e+07
6.07666e+08 2.54083e+07
6.07666e+08 2.54083e+07
6.07688e+08 2.54307e+07
6.07688e+08 2.54195e+07
6.07711e+08 2.54195e+07
6.07767e+08 2.5453e+07
6.07778e+08 2.54307e+07
6.07856e+08 2.53413e+07
6.07856e+08 2.52966e+07
6.07923e+08 2.53413e+07
6.08102e+08 2.55089e+07
6.08136e+08 2.54978e+07
6.08147e+08 2.54866e+07
6.08158e+08 2.54978e+07
6.08169e+08 2.54755e+07
6.08236e+08 2.5386e+07
6.08359e+08 2.54643e+07
6.08415e+08 2.54531e+07
6.08706e+08 2.55649e+07
6.08706e+08 2.55649e+07
6.08717e+08 2.55761e+07
6.08717e+08 2.55761e+07
6.08717e+08 2.55761e+07
6.08717e+08 2.55761e+07
6.08717e+08 2.55761e+07
6.08717e+08 2.55761e+07
6.22708e+08 1.62721e+07
6.23071e+08 1.64006e+07
6.23071e+08 1.64006e+07
6.23144e+08 1.63837e+07
6.2319e+08 1.63402e+07
6.23234e+08 1.62276e+07
6.23234e+08 1.6116e+07
6.23302e+08 1.61508e+07
6.23346e+08 1.60827e+07
6.23403e+08 1.59723e+07
6.23637e+08 1.60611e+07
6.23671e+08 1.60947e+07
6.23683e+08 1.60847e+07
6.23739e+08 1.61184e+07
6.2374e+08 1.61184e+07
6.23761e+08 1.61286e+07
6.23783e+08 1.61176e+07
6.23807e+08 1.61412e+07
6.23807e+08 1.61412e+07
6.23807e+08 1.61189e+07
6.23807e+08 1.61189e+07
6.2383e+08 1.61194e+07
6.23854e+08 1.6087e+07
6.23865e+08 1.6087e+07
6.23953e+08 1.60968e+07
6.23953e+08 1.60968e+07
6.23977e+08 1.60535e+07
6.24009e+08 1.59074e+07
6.24021e+08 1.58852e+07
6.24021e+08 1.58741e+07
6.24021e+08 1.5863e+07
6.24021e+08 1.58519e+07
6.24021e+08 1.58519e+07
6.24077e+08 1.5841e+07
6.24077e+08 1.57183e+07
6.24089e+08 1.56736e+07
6.24216e+08 1.55105e+07
6.24257e+08 1.55512e+07
6.24279e+08 1.55624e+07
6.24291e+08 1.55736e+07
6.24291e+08 1.55737e+07
6.24324e+08 1.56073e+07
6.24369e+08 1.56521e+07
6.24391e+08 1.56745e+07
6.31164e+08 8.45615e+06
6.31388e+08 8.31685e+06
6.31411e+08 8.3392e+06
