5.40803e+06 5.40714e+06
8.34096e+06 2.93293e+06
8.34097e+06 2.93294e+06
1.02596e+07 1.91864e+06
1.02596e+07 1.91865e+06
1.31714e+07 2.91181e+06
1.31826e+07 2.92299e+06
1.33838e+07 3.12414e+06
1.57212e+07 2.54984e+06
1.57366e+07 2.55402e+06
1.57925e+07 2.60992e+06
1.58037e+07 2.41993e+06
1.94695e+07 3.74823e+06
1.94921e+07 3.75551e+06
1.95257e+07 3.73315e+06
1.95257e+07 3.72197e+06
1.96142e+07 3.81054e+06
2.29468e+07 3.47733e+06
2.29468e+07 3.4547e+06
2.29468e+07 3.42118e+06
2.29469e+07 3.42122e+06
2.29504e+07 3.3362e+06
2.29605e+07 3.34624e+06
2.73004e+07 4.35355e+06
2.73004e+07 4.35356e+06
2.73329e+07 4.38607e+06
2.74336e+07 4.4867e+06
2.75997e+07 4.64927e+06
2.76668e+07 4.70631e+06
2.76892e+07 4.72869e+06
3.16815e+07 4.38115e+06
3.16815e+07 4.38114e+06
3.16815e+07 4.34863e+06
3.16816e+07 4.24797e+06
3.18471e+07 4.24742e+06
3.18918e+07 4.22504e+06
3.19474e+07 4.25824e+06
3.65461e+07 4.86457e+06
3.65486e+07 4.86709e+06
3.65486e+07 4.8671e+06
3.66603e+07 4.97879e+06
3.67449e+07 5.06331e+06
3.69013e+07 5.05421e+06
3.69623e+07 5.07047e+06
3.69623e+07 5.01491e+06
4.21685e+07 5.62242e+06
4.21685e+07 5.61992e+06
4.21685e+07 5.61993e+06
4.21685e+07 5.61992e+06
4.2191e+07 5.53063e+06
4.22357e+07 5.49084e+06
4.22357e+07 5.3344e+06
4.24185e+07 5.4562e+06
4.24744e+07 5.51209e+06
4.81993e+07 6.0308e+06
4.81993e+07 6.03079e+06
4.81993e+07 6.03079e+06
4.81993e+07 6.03079e+06
4.81993e+07 6.03079e+06
4.82553e+07 6.06431e+06
4.83112e+07 6.07551e+06
4.83448e+07 6.10903e+06
4.85778e+07 6.15931e+06
4.87567e+07 6.28226e+06
5.48996e+07 6.70028e+06
5.49356e+07 6.73631e+06
5.49356e+07 6.73631e+06
5.49444e+07 6.74511e+06
5.49556e+07 6.75629e+06
5.49556e+07 6.7563e+06
5.50545e+07 6.7992e+06
5.51104e+07 6.79914e+06
5.51558e+07 6.81104e+06
5.53563e+07 6.77847e+06
5.54569e+07 6.70028e+06
6.20215e+07 7.12188e+06
6.21349e+07 7.19927e+06
6.21349e+07 7.19927e+06
6.21349e+07 7.19047e+06
6.2145e+07 7.18937e+06
6.2145e+07 7.18939e+06
6.22672e+07 7.21274e+06
6.22672e+07 7.21275e+06
6.22672e+07 7.15685e+06
6.23231e+07 7.16733e+06
6.26021e+07 7.24586e+06
6.29032e+07 7.44624e+06
6.9951e+07 7.92955e+06
7.00079e+07 7.873e+06
7.0019e+07 7.88407e+06
7.0019e+07 7.88408e+06
7.0063e+07 7.91799e+06
7.00862e+07 7.94122e+06
7.03078e+07 8.04061e+06
7.0319e+07 8.05179e+06
7.03302e+07 8.06298e+06
7.03302e+07 8.06298e+06
7.03546e+07 8.03144e+06
7.07224e+07 8.12028e+06
7.09199e+07 8.0167e+06
7.85245e+07 8.57345e+06
7.85357e+07 8.52776e+06
7.85357e+07 8.51669e+06
7.85357e+07 8.5167e+06
7.85357e+07 8.47273e+06
7.85357e+07 8.44948e+06
7.87817e+07 8.47392e+06
7.87817e+07 8.46274e+06
7.87818e+07 8.4516e+06
7.87818e+07 8.45161e+06
7.87818e+07 8.45161e+06
7.87867e+07 8.43209e+06
7.91633e+07 8.44086e+06
7.92583e+07 8.33847e+06
8.74332e+07 8.90877e+06
8.74444e+07 8.90876e+06
8.74556e+07 8.91995e+06
8.74556e+07 8.91994e+06
8.75674e+07 9.03169e+06
8.75674e+07 9.03169e+06
8.7791e+07 9.00929e+06
8.7791e+07 9.00929e+06
8.78246e+07 9.0428e+06
8.78246e+07 9.0428e+06
8.78672e+07 9.08539e+06
8.78672e+07 9.08541e+06
8.79308e+07 9.14418e+06
8.81916e+07 9.02828e+06
8.83054e+07 9.04709e+06
9.72631e+07 9.82984e+06
9.72743e+07 9.82985e+06
9.72855e+07 9.82984e+06
9.72966e+07 9.84101e+06
9.7375e+07 9.80754e+06
9.73861e+07 9.81871e+06
9.75427e+07 9.75167e+06
9.75427e+07 9.75167e+06
9.75427e+07 9.71812e+06
9.75427e+07 9.71812e+06
9.75875e+07 9.72028e+06
9.75987e+07 9.73145e+06
9.75987e+07 9.73146e+06
9.75987e+07 9.66785e+06
9.78894e+07 9.6978e+06
9.79229e+07 9.6175e+06
1.07272e+08 1.0009e+07
1.07294e+08 1.00202e+07
1.07294e+08 1.0009e+07
1.07294e+08 9.99781e+06
1.07496e+08 1.01208e+07
1.0754e+08 1.01543e+07
1.07826e+08 1.02835e+07
1.07829e+08 1.02861e+07
1.07829e+08 1.02861e+07
1.07862e+08 1.03196e+07
1.07929e+08 1.0342e+07
1.08005e+08 1.04064e+07
1.08005e+08 1.04064e+07
1.08005e+08 1.04064e+07
1.08005e+08 1.04064e+07
1.0812e+08 1.02304e+07
1.08204e+08 1.02815e+07
1.1818e+08 1.09077e+07
1.18191e+08 1.08965e+07
1.18191e+08 1.08965e+07
1.18213e+08 1.09189e+07
1.18247e+08 1.07512e+07
1.18247e+08 1.07065e+07
1.18728e+08 1.09016e+07
1.1875e+08 1.09214e+07
1.1875e+08 1.09213e+07
1.1875e+08 1.08878e+07
1.18755e+08 1.08252e+07
1.18777e+08 1.0772e+07
1.18788e+08 1.07832e+07
1.18802e+08 1.07968e+07
1.18802e+08 1.07968e+07
1.18836e+08 1.08306e+07
1.18934e+08 1.0814e+07
1.19115e+08 1.09103e+07
1.2952e+08 1.13403e+07
1.29587e+08 1.13962e+07
1.29587e+08 1.13963e+07
1.29621e+08 1.14074e+07
1.29722e+08 1.14746e+07
1.29722e+08 1.14746e+07
1.30225e+08 1.14969e+07
1.30236e+08 1.14857e+07
1.30236e+08 1.14857e+07
1.30258e+08 1.15081e+07
1.30258e+08 1.15036e+07
1.30258e+08 1.14812e+07
1.30281e+08 1.14924e+07
1.30281e+08 1.14787e+07
1.30281e+08 1.14787e+07
1.30338e+08 1.1502e+07
1.30352e+08 1.14178e+07
1.30352e+08 1.14178e+07
1.30534e+08 1.14194e+07
1.41627e+08 1.21067e+07
1.41638e+08 1.20508e+07
1.41638e+08 1.20507e+07
1.41638e+08 1.20172e+07
1.42041e+08 1.2319e+07
1.42063e+08 1.23414e+07
1.42365e+08 1.21402e+07
1.42432e+08 1.21961e+07
1.42432e+08 1.21961e+07
1.42432e+08 1.21738e+07
1.42432e+08 1.21737e+07
1.42432e+08 1.21737e+07
1.42443e+08 1.21626e+07
1.42443e+08 1.21626e+07
1.42466e+08 1.2185e+07
1.42499e+08 1.21614e+07
1.4251e+08 1.21588e+07
1.4251e+08 1.21588e+07
1.4251e+08 1.21588e+07
1.42566e+08 1.2032e+07
1.54346e+08 1.27188e+07
1.54402e+08 1.27636e+07
1.54402e+08 1.27636e+07
1.54402e+08 1.27636e+07
1.54581e+08 1.25401e+07
1.54704e+08 1.26407e+07
1.55128e+08 1.27636e+07
1.55129e+08 1.26966e+07
1.55129e+08 1.26966e+07
1.55129e+08 1.26966e+07
1.5514e+08 1.27077e+07
1.5514e+08 1.27077e+07
1.55196e+08 1.27524e+07
1.55196e+08 1.27524e+07
1.55196e+08 1.27301e+07
1.55207e+08 1.27077e+07
1.55229e+08 1.27189e+07
1.55229e+08 1.27189e+07
1.55229e+08 1.27189e+07
1.55285e+08 1.27188e+07
1.55285e+08 1.27188e+07
1.67609e+08 1.32636e+07
1.67665e+08 1.32637e+07
1.67665e+08 1.32637e+07
1.67665e+08 1.32637e+07
1.68034e+08 1.34536e+07
1.68101e+08 1.33978e+07
1.68493e+08 1.33644e+07
1.68504e+08 1.33756e+07
1.68538e+08 1.34091e+07
1.68549e+08 1.34203e+07
1.68549e+08 1.34091e+07
1.68549e+08 1.34091e+07
1.68549e+08 1.33532e+07
1.68549e+08 1.33532e+07
1.68549e+08 1.33532e+07
1.6856e+08 1.33532e+07
1.6856e+08 1.33309e+07
1.68571e+08 1.3342e+07
1.68571e+08 1.3342e+07
1.68605e+08 1.33197e+07
1.68605e+08 1.33197e+07
1.68616e+08 1.33309e+07
1.80705e+08 1.30957e+07
1.80761e+08 1.30956e+07
1.80794e+08 1.31292e+07
1.80817e+08 1.31516e+07
1.81219e+08 1.31851e+07
1.8132e+08 1.32186e+07
1.81589e+08 1.30957e+07
1.81622e+08 1.3118e+07
1.81644e+08 1.31068e+07
1.81644e+08 1.30957e+07
1.81644e+08 1.30957e+07
1.81645e+08 1.30957e+07
1.81689e+08 1.31404e+07
1.81689e+08 1.31404e+07
1.81689e+08 1.31404e+07
1.81689e+08 1.31292e+07
1.817e+08 1.31404e+07
1.817e+08 1.31292e+07
1.81701e+08 1.31292e+07
1.81756e+08 1.31516e+07
1.81756e+08 1.31516e+07
1.81756e+08 1.31404e+07
1.94572e+08 1.38667e+07
1.94616e+08 1.39115e+07
1.94717e+08 1.39562e+07
1.94795e+08 1.40009e+07
1.9484e+08 1.40232e+07
1.95008e+08 1.37886e+07
1.95008e+08 1.3688e+07
1.95455e+08 1.38669e+07
1.95511e+08 1.38893e+07
1.95523e+08 1.38781e+07
1.95534e+08 1.38893e+07
1.95534e+08 1.38893e+07
1.95545e+08 1.39005e+07
1.95556e+08 1.38669e+07
1.95556e+08 1.38669e+07
1.95556e+08 1.38669e+07
1.95556e+08 1.38669e+07
1.95567e+08 1.38669e+07
1.95579e+08 1.38781e+07
1.95579e+08 1.38781e+07
1.9559e+08 1.38333e+07
1.9559e+08 1.38333e+07
1.95623e+08 1.38669e+07
2.09087e+08 1.45149e+07
2.09087e+08 1.44702e+07
2.09098e+08 1.44814e+07
2.09221e+08 1.45038e+07
2.09243e+08 1.44479e+07
2.09254e+08 1.44144e+07
2.09366e+08 1.43584e+07
2.09366e+08 1.43584e+07
2.09881e+08 1.44256e+07
2.09937e+08 1.44256e+07
2.09959e+08 1.44367e+07
2.09959e+08 1.44255e+07
2.0997e+08 1.44367e+07
2.09971e+08 1.44255e+07
2.09971e+08 1.44143e+07
2.09982e+08 1.44255e+07
2.09982e+08 1.44255e+07
2.09982e+08 1.44255e+07
2.09982e+08 1.44143e+07
2.09982e+08 1.44032e+07
2.09993e+08 1.44143e+07
2.10015e+08 1.44255e+07
2.10015e+08 1.44255e+07
2.1009e+08 1.44668e+07
2.24241e+08 1.51549e+07
2.24241e+08 1.51549e+07
2.24241e+08 1.51437e+07
2.24253e+08 1.50319e+07
2.24253e+08 1.50319e+07
2.24253e+08 1.50095e+07
2.24286e+08 1.50319e+07
2.24354e+08 1.49872e+07
2.24398e+08 1.50319e+07
2.24969e+08 1.50878e+07
2.25014e+08 1.50766e+07
2.25014e+08 1.50543e+07
2.25025e+08 1.50654e+07
2.25036e+08 1.50654e+07
2.25036e+08 1.50654e+07
2.25058e+08 1.50878e+07
2.25058e+08 1.50766e+07
2.2507e+08 1.50878e+07
2.2507e+08 1.50878e+07
2.2507e+08 1.50878e+07
2.25092e+08 1.51102e+07
2.25092e+08 1.5099e+07
2.25092e+08 1.50766e+07
2.25092e+08 1.50766e+07
2.25125e+08 1.50353e+07
2.39886e+08 1.56443e+07
2.39886e+08 1.56443e+07
2.39886e+08 1.56443e+07
2.39886e+08 1.56332e+07
2.39886e+08 1.56332e+07
2.39886e+08 1.56332e+07
2.39886e+08 1.56332e+07
2.3992e+08 1.56332e+07
2.40031e+08 1.56779e+07
2.40031e+08 1.56332e+07
2.40714e+08 1.5745e+07
2.40714e+08 1.57003e+07
2.40736e+08 1.57226e+07
2.40736e+08 1.57115e+07
2.40747e+08 1.57115e+07
2.40747e+08 1.57115e+07
2.40759e+08 1.57003e+07
2.40781e+08 1.57226e+07
2.40781e+08 1.57114e+07
2.40781e+08 1.57114e+07
2.40792e+08 1.57226e+07
2.40792e+08 1.57002e+07
2.40792e+08 1.57003e+07
2.40815e+08 1.57226e+07
2.40837e+08 1.5745e+07
2.4087e+08 1.5745e+07
2.5618e+08 1.62938e+07
2.5618e+08 1.62938e+07
2.5618e+08 1.62938e+07
2.5618e+08 1.62938e+07
2.5618e+08 1.62938e+07
2.5618e+08 1.62938e+07
2.56202e+08 1.63162e+07
2.56213e+08 1.63274e+07
2.56213e+08 1.62939e+07
2.56325e+08 1.62939e+07
2.56325e+08 1.62939e+07
2.57008e+08 1.62939e+07
2.57064e+08 1.63497e+07
2.57064e+08 1.63274e+07
2.57086e+08 1.63497e+07
2.57086e+08 1.63386e+07
2.57086e+08 1.63386e+07
2.57086e+08 1.63274e+07
2.57086e+08 1.6305e+07
2.57086e+08 1.6305e+07
2.57108e+08 1.63274e+07
2.5712e+08 1.63274e+07
2.57131e+08 1.63386e+07
2.57142e+08 1.63498e+07
2.57142e+08 1.63274e+07
2.57142e+08 1.6305e+07
2.57164e+08 1.62939e+07
2.73021e+08 1.68417e+07
2.73021e+08 1.68417e+07
2.73032e+08 1.68529e+07
2.73033e+08 1.68529e+07
2.73033e+08 1.68529e+07
2.73066e+08 1.68864e+07
2.73066e+08 1.68641e+07
2.73066e+08 1.68529e+07
2.73066e+08 1.68529e+07
2.73077e+08 1.6864e+07
2.73201e+08 1.68754e+07
2.73201e+08 1.68754e+07
2.73995e+08 1.6987e+07
2.73995e+08 1.69312e+07
2.74006e+08 1.69423e+07
2.74006e+08 1.692e+07
2.74006e+08 1.692e+07
2.74017e+08 1.69312e+07
2.74028e+08 1.69423e+07
2.74028e+08 1.69423e+07
2.74028e+08 1.69423e+07
2.74028e+08 1.692e+07
2.7404e+08 1.692e+07
2.7404e+08 1.69088e+07
2.74073e+08 1.69311e+07
2.74084e+08 1.69423e+07
2.74084e+08 1.69423e+07
2.7414e+08 1.69758e+07
2.90484e+08 1.74623e+07
2.90484e+08 1.74623e+07
2.90484e+08 1.74511e+07
2.90484e+08 1.74511e+07
2.90517e+08 1.74847e+07
2.90517e+08 1.74512e+07
2.9054e+08 1.74736e+07
2.90551e+08 1.74848e+07
2.90551e+08 1.74848e+07
2.90551e+08 1.74736e+07
2.90562e+08 1.74848e+07
2.90641e+08 1.744e+07
2.90652e+08 1.74512e+07
2.91502e+08 1.7507e+07
2.91502e+08 1.7507e+07
2.91513e+08 1.7507e+07
2.91513e+08 1.7507e+07
2.91524e+08 1.75182e+07
2.91524e+08 1.7507e+07
2.91524e+08 1.74959e+07
2.91547e+08 1.75182e+07
2.91547e+08 1.75182e+07
2.91558e+08 1.75294e+07
2.91558e+08 1.75182e+07
2.91558e+08 1.75182e+07
2.91614e+08 1.75406e+07
2.91614e+08 1.75294e+07
2.91614e+08 1.75294e+07
2.91614e+08 1.74735e+07
3.08545e+08 1.8061e+07
3.08545e+08 1.8061e+07
3.08545e+08 1.8061e+07
3.08545e+08 1.8061e+07
3.08567e+08 1.80497e+07
3.08578e+08 1.8061e+07
3.08634e+08 1.80944e+07
3.08645e+08 1.80944e+07
3.08645e+08 1.80944e+07
3.08645e+08 1.80944e+07
3.08645e+08 1.80832e+07
3.08668e+08 1.81056e+07
3.08724e+08 1.80833e+07
3.08724e+08 1.80721e+07
3.0963e+08 1.8128e+07
3.09641e+08 1.81392e+07
3.09663e+08 1.81504e+07
3.09663e+08 1.81504e+07
3.09663e+08 1.81392e+07
3.09663e+08 1.81392e+07
3.09663e+08 1.81392e+07
3.09663e+08 1.81168e+07
3.09675e+08 1.8128e+07
3.09719e+08 1.81615e+07
3.0973e+08 1.81727e+07
3.0973e+08 1.81727e+07
3.0973e+08 1.81168e+07
3.0973e+08 1.81168e+07
3.09742e+08 1.8128e+07
3.09786e+08 1.81727e+07
3.27153e+08 1.86081e+07
3.27164e+08 1.86193e+07
3.27164e+08 1.86193e+07
3.27164e+08 1.86193e+07
3.27175e+08 1.86081e+07
3.27242e+08 1.8664e+07
3.27242e+08 1.86081e+07
3.27276e+08 1.86304e+07
3.27276e+08 1.86304e+07
3.27287e+08 1.86416e+07
3.27298e+08 1.86528e+07
3.27298e+08 1.86304e+07
3.27366e+08 1.86416e+07
3.27366e+08 1.86416e+07
3.27422e+08 1.86975e+07
3.28316e+08 1.86864e+07
3.28316e+08 1.86752e+07
3.28316e+08 1.86528e+07
3.28327e+08 1.8664e+07
3.28339e+08 1.86752e+07
3.28339e+08 1.86752e+07
3.28339e+08 1.86752e+07
3.2835e+08 1.86864e+07
3.28361e+08 1.86864e+07
3.28383e+08 1.8664e+07
3.28395e+08 1.8664e+07
3.28417e+08 1.86864e+07
3.28417e+08 1.86864e+07
3.28428e+08 1.86976e+07
3.28428e+08 1.86864e+07
3.2845e+08 1.86641e+07
3.46298e+08 1.91457e+07
3.4631e+08 1.91457e+07
3.4631e+08 1.91457e+07
3.46332e+08 1.91681e+07
3.46354e+08 1.91792e+07
3.46377e+08 1.91345e+07
3.46377e+08 1.91345e+07
3.4641e+08 1.91344e+07
3.4641e+08 1.91344e+07
3.46444e+08 1.91568e+07
3.46444e+08 1.91457e+07
3.46455e+08 1.91568e+07
3.46634e+08 1.92687e+07
3.46634e+08 1.92687e+07
3.46668e+08 1.93022e+07
3.46679e+08 1.92575e+07
3.47562e+08 1.92463e+07
3.47562e+08 1.92463e+07
3.47562e+08 1.92463e+07
3.47574e+08 1.92463e+07
3.47585e+08 1.92463e+07
3.47585e+08 1.92463e+07
3.47585e+08 1.92463e+07
3.47618e+08 1.92686e+07
3.4763e+08 1.92686e+07
3.47641e+08 1.92575e+07
3.47641e+08 1.92463e+07
3.47652e+08 1.92351e+07
3.47652e+08 1.92351e+07
3.47652e+08 1.92239e+07
3.47652e+08 1.92239e+07
3.47674e+08 1.92239e+07
3.66087e+08 1.97891e+07
3.66087e+08 1.97779e+07
3.66099e+08 1.97891e+07
3.6611e+08 1.97779e+07
3.6611e+08 1.97556e+07
3.6611e+08 1.97332e+07
3.6611e+08 1.97332e+07
3.66132e+08 1.9722e+07
3.66132e+08 1.9722e+07
3.66188e+08 1.97444e+07
3.66199e+08 1.97556e+07
3.66199e+08 1.97444e+07
3.66468e+08 1.98339e+07
3.66468e+08 1.98339e+07
3.66468e+08 1.98003e+07
3.66491e+08 1.98115e+07
3.66491e+08 1.98115e+07
3.67408e+08 1.98451e+07
3.67441e+08 1.98786e+07
3.67441e+08 1.98786e+07
3.67452e+08 1.98786e+07
3.67452e+08 1.98675e+07
3.67452e+08 1.98675e+07
3.67452e+08 1.98675e+07
3.67452e+08 1.98339e+07
3.67475e+08 1.98451e+07
3.67486e+08 1.98451e+07
3.67497e+08 1.98563e+07
3.67497e+08 1.98451e+07
3.67508e+08 1.98563e+07
3.67508e+08 1.98563e+07
3.67531e+08 1.98787e+07
3.67531e+08 1.98563e+07
3.86492e+08 2.04048e+07
3.86503e+08 2.0416e+07
3.86526e+08 2.04271e+07
3.86526e+08 2.0416e+07
3.86537e+08 2.04272e+07
3.86548e+08 2.04383e+07
3.86548e+08 2.04383e+07
3.86548e+08 2.0416e+07
3.86548e+08 2.0416e+07
3.86582e+08 2.03936e+07
3.86604e+08 2.04047e+07
3.86604e+08 2.04047e+07
3.86962e+08 2.04942e+07
3.86962e+08 2.04942e+07
3.86974e+08 2.05054e+07
3.8703e+08 2.05389e+07
3.8703e+08 2.05389e+07
3.8703e+08 2.05389e+07
3.87946e+08 2.05389e+07
3.87946e+08 2.05054e+07
3.87946e+08 2.05054e+07
3.87969e+08 2.05166e+07
3.87969e+08 2.05166e+07
3.87969e+08 2.05166e+07
3.87969e+08 2.05166e+07
3.87969e+08 2.05166e+07
3.87969e+08 2.04942e+07
3.87969e+08 2.04831e+07
3.8798e+08 2.04831e+07
3.8798e+08 2.04831e+07
3.8798e+08 2.04719e+07
3.87991e+08 2.04831e+07
3.88003e+08 2.04719e+07
3.88014e+08 2.0483e+07
4.07554e+08 2.10614e+07
4.07565e+08 2.10614e+07
4.07576e+08 2.10503e+07
4.07576e+08 2.10503e+07
4.07576e+08 2.10391e+07
4.07576e+08 2.10279e+07
4.07587e+08 2.10391e+07
4.07599e+08 2.10504e+07
4.07621e+08 2.10728e+07
4.07666e+08 2.1084e+07
4.07677e+08 2.10728e+07
4.07688e+08 2.1084e+07
4.08069e+08 2.11063e+07
4.08091e+08 2.11287e+07
4.08113e+08 2.11399e+07
4.08136e+08 2.11063e+07
4.08136e+08 2.11063e+07
4.08136e+08 2.11063e+07
4.09075e+08 2.11287e+07
4.09086e+08 2.11399e+07
4.09086e+08 2.11399e+07
4.09086e+08 2.11399e+07
4.09086e+08 2.11175e+07
4.09086e+08 2.11175e+07
4.09086e+08 2.11175e+07
4.09086e+08 2.11175e+07
4.09086e+08 2.11175e+07
4.09086e+08 2.11175e+07
4.09109e+08 2.11399e+07
4.0912e+08 2.11399e+07
4.0912e+08 2.11399e+07
4.0912e+08 2.11399e+07
4.0912e+08 2.11288e+07
4.09131e+08 2.11288e+07
4.09131e+08 2.11176e+07
4.29092e+08 2.15387e+07
4.29104e+08 2.15387e+07
4.29126e+08 2.15499e+07
4.29137e+08 2.15611e+07
4.29137e+08 2.15611e+07
4.29137e+08 2.15611e+07
4.29137e+08 2.15499e+07
4.29171e+08 2.15722e+07
4.29216e+08 2.15946e+07
4.29227e+08 2.15612e+07
4.29261e+08 2.15836e+07
4.29283e+08 2.15948e+07
4.29753e+08 2.16842e+07
4.29775e+08 2.16841e+07
4.29775e+08 2.16618e+07
4.29786e+08 2.16506e+07
4.29798e+08 2.16618e+07
4.2982e+08 2.16842e+07
4.30703e+08 2.16283e+07
4.30703e+08 2.16171e+07
4.30703e+08 2.16171e+07
4.30703e+08 2.16171e+07
4.30703e+08 2.16171e+07
4.30703e+08 2.16171e+07
4.30703e+08 2.16171e+07
4.30715e+08 2.16283e+07
4.30715e+08 2.16284e+07
4.30715e+08 2.16284e+07
4.30715e+08 2.16284e+07
4.30726e+08 2.16172e+07
4.30737e+08 2.16172e+07
4.30737e+08 2.16172e+07
4.30737e+08 2.16172e+07
4.30737e+08 2.16172e+07
4.30737e+08 2.1606e+07
4.30748e+08 2.16171e+07
4.51224e+08 2.21314e+07
4.51257e+08 2.21538e+07
4.51302e+08 2.21761e+07
4.51313e+08 2.21762e+07
4.51313e+08 2.21762e+07
4.51313e+08 2.21762e+07
4.51313e+08 2.21762e+07
4.51347e+08 2.21762e+07
4.51369e+08 2.21538e+07
4.51403e+08 2.21762e+07
4.5147e+08 2.22097e+07
4.51481e+08 2.21986e+07
4.5203e+08 2.22769e+07
4.5203e+08 2.22545e+07
4.5203e+08 2.22545e+07
4.52052e+08 2.22657e+07
4.52108e+08 2.23104e+07
4.52108e+08 2.2288e+07
4.52947e+08 2.22434e+07
4.52947e+08 2.22434e+07
4.52947e+08 2.22434e+07
4.52947e+08 2.22434e+07
4.52947e+08 2.22435e+07
4.52947e+08 2.22435e+07
4.52947e+08 2.22435e+07
4.52947e+08 2.22435e+07
4.52947e+08 2.22323e+07
4.52947e+08 2.22322e+07
4.52947e+08 2.22322e+07
4.52947e+08 2.22322e+07
4.52947e+08 2.2221e+07
4.52947e+08 2.22098e+07
4.52947e+08 2.22098e+07
4.52947e+08 2.22098e+07
4.52969e+08 2.22322e+07
4.52969e+08 2.22322e+07
4.5297e+08 2.2221e+07
4.73892e+08 2.26683e+07
4.7397e+08 2.27129e+07
4.74004e+08 2.27018e+07
4.74037e+08 2.27241e+07
4.74037e+08 2.27241e+07
4.74038e+08 2.27241e+07
4.74038e+08 2.27241e+07
4.74105e+08 2.27577e+07
4.74116e+08 2.27465e+07
4.74172e+08 2.27688e+07
4.74228e+08 2.27577e+07
4.74262e+08 2.27801e+07
4.74899e+08 2.28696e+07
4.74899e+08 2.28696e+07
4.74899e+08 2.28696e+07
4.74899e+08 2.28472e+07
4.74899e+08 2.27913e+07
4.74922e+08 2.28137e+07
4.75761e+08 2.28138e+07
4.75761e+08 2.28138e+07
4.75761e+08 2.28138e+07
4.75761e+08 2.28138e+07
4.75761e+08 2.28137e+07
4.75761e+08 2.28137e+07
4.75761e+08 2.28137e+07
4.75761e+08 2.28137e+07
4.75761e+08 2.28137e+07
4.75761e+08 2.28137e+07
4.75761e+08 2.28137e+07
4.75761e+08 2.28137e+07
4.75761e+08 2.28137e+07
4.75761e+08 2.28137e+07
4.75761e+08 2.28137e+07
4.75761e+08 2.28137e+07
4.75761e+08 2.28137e+07
4.75772e+08 2.28025e+07
4.75772e+08 2.28025e+07
4.75783e+08 2.28137e+07
4.97078e+08 2.3186e+07
4.97078e+08 2.31078e+07
4.971e+08 2.30966e+07
4.97156e+08 2.31189e+07
4.97246e+08 2.32083e+07
4.97246e+08 2.32083e+07
4.97246e+08 2.32083e+07
4.97369e+08 2.32642e+07
4.97369e+08 2.3253e+07
4.97459e+08 2.32866e+07
4.97526e+08 2.32978e+07
4.97582e+08 2.33202e+07
4.98276e+08 2.33762e+07
4.98276e+08 2.33762e+07
4.98287e+08 2.33874e+07
4.98287e+08 2.33874e+07
4.9841e+08 2.35103e+07
4.9841e+08 2.34879e+07
4.99114e+08 2.33538e+07
4.99114e+08 2.33538e+07
4.99114e+08 2.33538e+07
4.99114e+08 2.33538e+07
4.99114e+08 2.33538e+07
4.99114e+08 2.33538e+07
4.99114e+08 2.33538e+07
4.99114e+08 2.33538e+07
4.99114e+08 2.33538e+07
4.99115e+08 2.33538e+07
4.99115e+08 2.33538e+07
4.99115e+08 2.33538e+07
4.99115e+08 2.33538e+07
4.99115e+08 2.33539e+07
4.99115e+08 2.33539e+07
4.99115e+08 2.33539e+07
4.99115e+08 2.33538e+07
4.99115e+08 2.33539e+07
4.99126e+08 2.33538e+07
4.99126e+08 2.33538e+07
4.99137e+08 2.33538e+07
5.2081e+08 2.37315e+07
5.20821e+08 2.37426e+07
5.20821e+08 2.37203e+07
5.20854e+08 2.36979e+07
5.20865e+08 2.36197e+07
5.20866e+08 2.36197e+07
5.20877e+08 2.36308e+07
5.20977e+08 2.36084e+07
5.20977e+08 2.36084e+07
5.21179e+08 2.37202e+07
5.21268e+08 2.37425e+07
5.21403e+08 2.38209e+07
5.22164e+08 2.3888e+07
5.22164e+08 2.3888e+07
5.22164e+08 2.38768e+07
5.22186e+08 2.38992e+07
5.22275e+08 2.38656e+07
5.22287e+08 2.38768e+07
5.22991e+08 2.38768e+07
5.22991e+08 2.38768e+07
5.22991e+08 2.38768e+07
5.22991e+08 2.38769e+07
5.22991e+08 2.38769e+07
5.22991e+08 2.38769e+07
5.22991e+08 2.38769e+07
5.22991e+08 2.38769e+07
5.22991e+08 2.38769e+07
5.22991e+08 2.38769e+07
5.22991e+08 2.38769e+07
5.22991e+08 2.38769e+07
5.22991e+08 2.38769e+07
5.22991e+08 2.38769e+07
5.22991e+08 2.38768e+07
5.22991e+08 2.38768e+07
5.23003e+08 2.3888e+07
5.23014e+08 2.38992e+07
5.23026e+08 2.39111e+07
5.23026e+08 2.38999e+07
5.23037e+08 2.39111e+07
5.23048e+08 2.39113e+07
5.45319e+08 2.45098e+07
5.45331e+08 2.45097e+07
5.45331e+08 2.45097e+07
5.45331e+08 2.44762e+07
5.45331e+08 2.4465e+07
5.45331e+08 2.4465e+07
5.45331e+08 2.44539e+07
5.45386e+08 2.44091e+07
5.45398e+08 2.44203e+07
5.45521e+08 2.43421e+07
5.45666e+08 2.43979e+07
5.45857e+08 2.44539e+07
5.46729e+08 2.45657e+07
5.46729e+08 2.45657e+07
5.46785e+08 2.46216e+07
5.46841e+08 2.46551e+07
5.46998e+08 2.47222e+07
5.4702e+08 2.47333e+07
5.47546e+08 2.45545e+07
5.47568e+08 2.45768e+07
5.47568e+08 2.45769e+07
5.47568e+08 2.45768e+07
5.47568e+08 2.45768e+07
5.47568e+08 2.45768e+07
5.47568e+08 2.45768e+07
5.47568e+08 2.45768e+07
5.47568e+08 2.45768e+07
5.47568e+08 2.45768e+07
5.47568e+08 2.45768e+07
5.47568e+08 2.45769e+07
5.47568e+08 2.45769e+07
5.47568e+08 2.45769e+07
5.47568e+08 2.45769e+07
5.47568e+08 2.45769e+07
5.47579e+08 2.45881e+07
5.47591e+08 2.45881e+07
5.4764e+08 2.46261e+07
5.47685e+08 2.4659e+07
5.47696e+08 2.46702e+07
5.47763e+08 2.47261e+07
5.47797e+08 2.47483e+07
5.70414e+08 2.50952e+07
5.70426e+08 2.50952e+07
5.70437e+08 2.51064e+07
5.70437e+08 2.51064e+07
5.70448e+08 2.51176e+07
5.70448e+08 2.51176e+07
5.70459e+08 2.51287e+07
5.7047e+08 2.5084e+07
5.70482e+08 2.5084e+07
5.70594e+08 2.50729e+07
5.70661e+08 2.49946e+07
5.70974e+08 2.51175e+07
5.71914e+08 2.51848e+07
5.72015e+08 2.52854e+07
5.72059e+08 2.52742e+07
5.72071e+08 2.52295e+07
5.7216e+08 2.51625e+07
5.7216e+08 2.51401e+07
5.72708e+08 2.51623e+07
5.72708e+08 2.514e+07
5.72742e+08 2.51735e+07
5.72742e+08 2.51736e+07
5.72742e+08 2.51736e+07
5.72742e+08 2.51736e+07
5.72742e+08 2.51735e+07
5.72742e+08 2.51735e+07
5.72742e+08 2.51735e+07
5.72742e+08 2.51735e+07
5.72742e+08 2.51735e+07
5.72742e+08 2.51735e+07
5.72742e+08 2.51735e+07
5.72742e+08 2.51736e+07
5.72742e+08 2.51736e+07
5.72742e+08 2.51736e+07
5.72742e+08 2.51736e+07
5.72757e+08 2.5178e+07
5.72757e+08 2.51668e+07
5.72788e+08 2.51482e+07
5.72858e+08 2.51734e+07
5.72902e+08 2.52058e+07
5.72988e+08 2.52247e+07
5.73033e+08 2.52359e+07
5.96016e+08 2.5602e+07
5.96039e+08 2.56132e+07
5.96039e+08 2.5602e+07
5.96084e+08 2.56467e+07
5.96084e+08 2.56355e+07
5.96095e+08 2.56467e+07
5.96106e+08 2.56467e+07
5.96173e+08 2.57025e+07
5.96207e+08 2.57249e+07
5.96319e+08 2.5725e+07
5.96319e+08 2.56579e+07
5.9671e+08 2.57361e+07
5.97751e+08 2.58367e+07
5.97818e+08 2.58031e+07
5.97829e+08 2.57696e+07
5.9793e+08 2.58591e+07
5.98254e+08 2.60938e+07
5.98254e+08 2.60938e+07
5.98478e+08 2.57695e+07
5.98478e+08 2.57696e+07
5.98511e+08 2.57696e+07
5.98511e+08 2.57696e+07
5.98511e+08 2.57696e+07
5.98511e+08 2.57696e+07
5.98511e+08 2.57696e+07
5.98511e+08 2.57696e+07
5.98511e+08 2.57696e+07
5.98511e+08 2.57696e+07
5.98511e+08 2.57696e+07
5.98511e+08 2.57696e+07
5.98511e+08 2.57697e+07
5.98511e+08 2.57697e+07
5.98511e+08 2.57697e+07
5.98512e+08 2.57697e+07
5.98512e+08 2.57697e+07
5.98512e+08 2.57697e+07
5.98512e+08 2.57541e+07
5.98523e+08 2.57653e+07
5.98524e+08 2.57356e+07
5.98535e+08 2.56767e+07
5.98591e+08 2.56891e+07
5.98679e+08 2.56914e+07
5.9872e+08 2.56878e+07
6.20577e+08 2.45604e+07
6.20599e+08 2.45604e+07
6.20599e+08 2.45604e+07
6.20599e+08 2.45157e+07
6.20599e+08 2.45157e+07
6.20599e+08 2.45045e+07
6.20599e+08 2.44933e+07
6.20599e+08 2.44263e+07
6.20599e+08 2.43928e+07
6.20756e+08 2.44375e+07
6.20779e+08 2.44599e+07
6.20924e+08 2.42139e+07
6.21294e+08 2.35432e+07
6.21294e+08 2.34761e+07
6.21294e+08 2.34649e+07
6.21294e+08 2.33643e+07
6.21439e+08 2.31856e+07
6.21473e+08 2.32191e+07
6.21909e+08 2.34316e+07
6.21932e+08 2.3454e+07
6.21943e+08 2.34316e+07
6.22043e+08 2.35322e+07
6.22044e+08 2.35322e+07
6.22044e+08 2.35322e+07
6.22077e+08 2.35657e+07
6.22099e+08 2.35881e+07
6.22155e+08 2.3644e+07
6.222e+08 2.36887e+07
6.22222e+08 2.3711e+07
6.22234e+08 2.37222e+07
6.22301e+08 2.37893e+07
6.22357e+08 2.38452e+07
6.22435e+08 2.39234e+07
6.22502e+08 2.39905e+07
6.22524e+08 2.40128e+07
6.2258e+08 2.40687e+07
6.2258e+08 2.40687e+07
6.22614e+08 2.41022e+07
6.22636e+08 2.41134e+07
6.2267e+08 2.4146e+07
6.22692e+08 2.41572e+07
6.22726e+08 2.41348e+07
6.22815e+08 2.41359e+07
6.22815e+08 2.40947e+07
6.24617e+08 4.04023e+06
6.24617e+08 4.01787e+06
6.24617e+08 4.01787e+06
