5.40454e+06 5.40362e+06
8.39579e+06 2.99126e+06
8.3958e+06 2.99126e+06
1.03929e+07 1.99709e+06
1.04935e+07 2.09771e+06
1.226e+07 1.86708e+06
1.226e+07 1.86709e+06
1.226e+07 1.76653e+06
1.46306e+07 2.37066e+06
1.46307e+07 2.37068e+06
1.46307e+07 2.37068e+06
1.46308e+07 2.37073e+06
1.77741e+07 3.14346e+06
1.77741e+07 3.14346e+06
1.77742e+07 3.1435e+06
1.78077e+07 3.17698e+06
1.78078e+07 3.17699e+06
2.13527e+07 3.57863e+06
2.13527e+07 3.57861e+06
2.13639e+07 3.58974e+06
2.1364e+07 3.55624e+06
2.1364e+07 3.55624e+06
2.1364e+07 3.55626e+06
2.53617e+07 4.00901e+06
2.53617e+07 4.00901e+06
2.53617e+07 3.99784e+06
2.53618e+07 3.99779e+06
2.53618e+07 3.99784e+06
2.53618e+07 3.99783e+06
2.53619e+07 3.99784e+06
2.96287e+07 4.267e+06
2.96287e+07 4.267e+06
2.964e+07 4.27824e+06
2.964e+07 4.27823e+06
2.964e+07 4.27818e+06
2.964e+07 4.27818e+06
2.96736e+07 4.31176e+06
3.42132e+07 4.58443e+06
3.42132e+07 4.58444e+06
3.42132e+07 4.58444e+06
3.42804e+07 4.64043e+06
3.44034e+07 4.76342e+06
3.44482e+07 4.80818e+06
3.44706e+07 4.83056e+06
3.45266e+07 4.85299e+06
3.96434e+07 5.43027e+06
3.96434e+07 5.43027e+06
3.96435e+07 5.4303e+06
3.96435e+07 5.43036e+06
3.96996e+07 5.41914e+06
3.97667e+07 5.36328e+06
3.98115e+07 5.36332e+06
3.98675e+07 5.39694e+06
3.99906e+07 5.46396e+06
4.56917e+07 6.04832e+06
4.56918e+07 6.04832e+06
4.56918e+07 6.04829e+06
4.57141e+07 6.07062e+06
4.57142e+07 6.07062e+06
4.57255e+07 6.02593e+06
4.57256e+07 5.95889e+06
4.58264e+07 6.01484e+06
4.59159e+07 6.04838e+06
4.59431e+07 5.95258e+06
5.23885e+07 6.69676e+06
5.23885e+07 6.69676e+06
5.24221e+07 6.73034e+06
5.24221e+07 6.70797e+06
5.24221e+07 6.70797e+06
5.24221e+07 6.70798e+06
5.24335e+07 6.70805e+06
5.24337e+07 6.70806e+06
5.25903e+07 6.7639e+06
5.26463e+07 6.73043e+06
5.27023e+07 6.7592e+06
5.95965e+07 7.208e+06
5.96077e+07 7.21917e+06
5.96413e+07 7.21916e+06
5.96413e+07 7.2192e+06
5.96413e+07 7.2192e+06
5.96413e+07 7.2192e+06
5.96975e+07 7.26394e+06
5.96975e+07 7.26398e+06
5.96976e+07 7.26394e+06
5.97424e+07 7.15218e+06
5.98209e+07 7.17458e+06
5.98546e+07 7.15226e+06
6.75187e+07 7.92223e+06
6.75187e+07 7.91106e+06
6.75747e+07 7.93348e+06
6.76307e+07 7.98941e+06
6.76307e+07 7.98941e+06
6.76643e+07 8.02295e+06
6.78322e+07 8.13477e+06
6.78323e+07 8.1348e+06
6.78323e+07 8.1348e+06
6.78323e+07 8.13475e+06
6.78884e+07 8.14597e+06
6.79333e+07 8.11239e+06
6.79894e+07 8.13477e+06
7.59615e+07 8.44275e+06
7.59727e+07 8.45395e+06
7.60286e+07 8.45391e+06
7.62076e+07 8.57689e+06
7.62076e+07 8.57689e+06
7.62076e+07 8.54336e+06
7.62638e+07 8.43156e+06
7.63198e+07 8.48744e+06
7.63198e+07 8.48744e+06
7.63198e+07 8.48744e+06
7.63198e+07 8.48744e+06
7.63981e+07 8.5097e+06
7.63984e+07 8.46508e+06
7.64321e+07 8.44273e+06
8.48982e+07 8.93668e+06
8.49988e+07 9.02613e+06
8.50101e+07 8.98148e+06
8.51667e+07 8.95911e+06
8.51667e+07 8.95911e+06
8.51667e+07 8.9591e+06
8.52451e+07 8.98133e+06
8.53235e+07 9.00375e+06
8.53235e+07 9.00375e+06
8.53235e+07 9.00375e+06
8.53235e+07 9.00375e+06
8.53235e+07 9.00376e+06
8.53794e+07 8.98135e+06
8.54355e+07 9.03714e+06
8.54695e+07 9.03735e+06
9.44444e+07 9.54619e+06
9.45003e+07 9.50153e+06
9.46011e+07 9.59098e+06
9.47018e+07 9.53503e+06
9.4713e+07 9.54622e+06
9.47241e+07 9.5574e+06
9.48697e+07 9.6246e+06
9.49146e+07 9.59105e+06
9.49146e+07 9.59105e+06
9.49146e+07 9.59105e+06
9.49146e+07 9.59105e+06
9.4937e+07 9.61342e+06
9.4937e+07 9.61343e+06
9.4937e+07 9.55753e+06
9.50376e+07 9.60211e+06
9.51051e+07 9.63562e+06
1.04395e+08 9.95023e+06
1.04495e+08 9.99501e+06
1.0463e+08 1.00285e+07
1.04697e+08 9.99499e+06
1.04697e+08 9.98385e+06
1.04697e+08 9.97266e+06
1.04887e+08 1.00173e+07
1.04932e+08 1.00173e+07
1.04943e+08 1.00284e+07
1.04954e+08 1.00396e+07
1.04965e+08 1.00508e+07
1.04999e+08 1.00621e+07
1.04999e+08 1.00621e+07
1.04999e+08 1.00621e+07
1.04999e+08 1.00621e+07
1.05033e+08 9.99503e+06
1.05134e+08 1.00285e+07
1.14949e+08 1.05544e+07
1.15139e+08 1.06439e+07
1.15206e+08 1.05768e+07
1.15229e+08 1.05321e+07
1.15229e+08 1.05321e+07
1.1524e+08 1.05433e+07
1.15464e+08 1.05769e+07
1.15497e+08 1.05656e+07
1.15497e+08 1.05544e+07
1.15542e+08 1.05881e+07
1.15542e+08 1.05769e+07
1.15665e+08 1.06663e+07
1.15688e+08 1.06886e+07
1.15688e+08 1.06886e+07
1.15688e+08 1.06886e+07
1.15688e+08 1.06886e+07
1.1571e+08 1.06775e+07
1.15822e+08 1.06886e+07
1.2617e+08 1.12207e+07
1.26416e+08 1.12766e+07
1.26427e+08 1.12207e+07
1.26438e+08 1.12095e+07
1.2645e+08 1.12207e+07
1.2645e+08 1.12096e+07
1.26685e+08 1.12207e+07
1.26685e+08 1.11871e+07
1.26685e+08 1.11872e+07
1.26763e+08 1.12207e+07
1.26785e+08 1.12431e+07
1.26864e+08 1.11984e+07
1.26864e+08 1.1176e+07
1.26864e+08 1.1176e+07
1.26875e+08 1.11872e+07
1.26875e+08 1.11872e+07
1.26931e+08 1.12207e+07
1.26931e+08 1.12208e+07
1.27009e+08 1.11872e+07
1.38056e+08 1.18863e+07
1.38235e+08 1.18193e+07
1.3828e+08 1.18528e+07
1.38314e+08 1.18752e+07
1.38325e+08 1.18753e+07
1.38459e+08 1.20094e+07
1.38549e+08 1.18641e+07
1.38549e+08 1.18641e+07
1.38549e+08 1.18641e+07
1.38582e+08 1.18193e+07
1.38593e+08 1.18082e+07
1.38683e+08 1.18194e+07
1.38683e+08 1.18194e+07
1.38683e+08 1.18194e+07
1.38694e+08 1.18194e+07
1.38694e+08 1.18194e+07
1.38773e+08 1.18418e+07
1.38773e+08 1.18418e+07
1.38773e+08 1.18418e+07
1.38885e+08 1.18752e+07
1.50423e+08 1.2367e+07
1.50591e+08 1.23558e+07
1.50636e+08 1.23558e+07
1.50658e+08 1.23447e+07
1.50737e+08 1.24117e+07
1.5086e+08 1.24006e+07
1.50927e+08 1.23782e+07
1.50927e+08 1.23782e+07
1.50927e+08 1.23782e+07
1.50949e+08 1.2367e+07
1.50949e+08 1.23559e+07
1.5105e+08 1.2367e+07
1.51061e+08 1.23782e+07
1.51084e+08 1.24006e+07
1.51084e+08 1.23894e+07
1.51095e+08 1.24006e+07
1.51117e+08 1.23447e+07
1.51117e+08 1.23447e+07
1.51117e+08 1.23447e+07
1.51252e+08 1.2367e+07
1.51252e+08 1.2367e+07
1.63317e+08 1.28942e+07
1.6353e+08 1.29389e+07
1.63552e+08 1.29165e+07
1.63564e+08 1.29054e+07
1.63687e+08 1.29503e+07
1.63743e+08 1.28831e+07
1.63844e+08 1.29166e+07
1.63844e+08 1.29167e+07
1.63844e+08 1.29167e+07
1.63877e+08 1.29279e+07
1.63877e+08 1.29279e+07
1.639e+08 1.28496e+07
1.63933e+08 1.2872e+07
1.63933e+08 1.28496e+07
1.63933e+08 1.28496e+07
1.63933e+08 1.28384e+07
1.63978e+08 1.28608e+07
1.63978e+08 1.28608e+07
1.64001e+08 1.28831e+07
1.64101e+08 1.28496e+07
1.64101e+08 1.28496e+07
1.64112e+08 1.28608e+07
1.76335e+08 1.30175e+07
1.76547e+08 1.30175e+07
1.76547e+08 1.29952e+07
1.76592e+08 1.30287e+07
1.76715e+08 1.30286e+07
1.76771e+08 1.30286e+07
1.76827e+08 1.29839e+07
1.7685e+08 1.30062e+07
1.7685e+08 1.30062e+07
1.76872e+08 1.29951e+07
1.76872e+08 1.29951e+07
1.7694e+08 1.30398e+07
1.76962e+08 1.30286e+07
1.76973e+08 1.30398e+07
1.76973e+08 1.30398e+07
1.76973e+08 1.30398e+07
1.77007e+08 1.30286e+07
1.77007e+08 1.30286e+07
1.7704e+08 1.30398e+07
1.77096e+08 1.29951e+07
1.77096e+08 1.29951e+07
1.77107e+08 1.29951e+07
1.89911e+08 1.35764e+07
1.89933e+08 1.35988e+07
1.90068e+08 1.35206e+07
1.90113e+08 1.35652e+07
1.90213e+08 1.36212e+07
1.90303e+08 1.35877e+07
1.90348e+08 1.35765e+07
1.90415e+08 1.35878e+07
1.90415e+08 1.35655e+07
1.90415e+08 1.35655e+07
1.90449e+08 1.35766e+07
1.90449e+08 1.35766e+07
1.90449e+08 1.35095e+07
1.90483e+08 1.35206e+07
1.90505e+08 1.35318e+07
1.90516e+08 1.3543e+07
1.90516e+08 1.3543e+07
1.90572e+08 1.35653e+07
1.90617e+08 1.361e+07
1.90639e+08 1.35988e+07
1.90729e+08 1.36324e+07
1.90729e+08 1.36324e+07
1.9074e+08 1.36324e+07
2.04119e+08 1.42076e+07
2.0413e+08 1.41964e+07
2.0413e+08 1.41965e+07
2.04309e+08 1.42412e+07
2.04388e+08 1.42748e+07
2.04455e+08 1.42413e+07
2.04567e+08 1.42637e+07
2.04589e+08 1.42414e+07
2.04656e+08 1.42412e+07
2.04656e+08 1.42412e+07
2.04656e+08 1.42412e+07
2.04735e+08 1.42859e+07
2.04735e+08 1.42859e+07
2.04768e+08 1.43194e+07
2.0478e+08 1.42971e+07
2.0478e+08 1.42747e+07
2.0478e+08 1.42635e+07
2.0478e+08 1.42635e+07
2.04858e+08 1.42859e+07
2.04869e+08 1.42524e+07
2.04878e+08 1.42384e+07
2.05028e+08 1.42994e+07
2.05079e+08 1.43503e+07
2.05079e+08 1.43391e+07
2.18952e+08 1.48339e+07
2.18964e+08 1.48339e+07
2.19064e+08 1.49345e+07
2.19221e+08 1.49122e+07
2.19221e+08 1.49122e+07
2.19244e+08 1.48564e+07
2.19334e+08 1.48788e+07
2.19412e+08 1.48452e+07
2.19423e+08 1.4834e+07
2.19457e+08 1.48004e+07
2.19457e+08 1.48004e+07
2.19457e+08 1.48004e+07
2.19613e+08 1.48786e+07
2.19613e+08 1.48786e+07
2.19636e+08 1.48675e+07
2.19658e+08 1.48787e+07
2.19692e+08 1.49123e+07
2.19692e+08 1.49123e+07
2.19692e+08 1.49123e+07
2.19785e+08 1.49267e+07
2.19785e+08 1.49155e+07
2.19829e+08 1.49519e+07
2.2001e+08 1.49824e+07
2.20055e+08 1.49763e+07
2.20055e+08 1.49763e+07
2.34462e+08 1.55094e+07
2.34507e+08 1.5543e+07
2.34529e+08 1.54648e+07
2.34697e+08 1.54759e+07
2.34731e+08 1.55095e+07
2.34731e+08 1.55095e+07
2.34798e+08 1.55542e+07
2.34865e+08 1.55319e+07
2.3491e+08 1.54983e+07
2.34944e+08 1.55207e+07
2.34978e+08 1.55206e+07
2.34978e+08 1.55206e+07
2.35033e+08 1.55765e+07
2.35089e+08 1.5476e+07
2.35089e+08 1.5476e+07
2.35123e+08 1.54871e+07
2.35139e+08 1.54808e+07
2.35199e+08 1.55073e+07
2.35199e+08 1.55073e+07
2.35199e+08 1.55073e+07
2.35318e+08 1.55336e+07
2.35318e+08 1.55335e+07
2.35357e+08 1.55274e+07
2.35552e+08 1.55415e+07
2.3563e+08 1.55751e+07
2.35686e+08 1.5631e+07
2.50592e+08 1.61306e+07
2.50626e+08 1.61194e+07
2.5066e+08 1.61306e+07
2.50828e+08 1.61307e+07
2.50839e+08 1.61083e+07
2.50839e+08 1.61083e+07
2.50918e+08 1.61195e+07
2.50918e+08 1.61195e+07
2.51007e+08 1.61419e+07
2.5103e+08 1.61196e+07
2.51108e+08 1.61642e+07
2.51153e+08 1.61753e+07
2.51153e+08 1.61753e+07
2.51198e+08 1.61642e+07
2.51276e+08 1.61866e+07
2.51287e+08 1.61978e+07
2.5131e+08 1.61866e+07
2.51343e+08 1.62041e+07
2.51343e+08 1.6144e+07
2.51343e+08 1.6144e+07
2.51343e+08 1.6144e+07
2.5141e+08 1.60921e+07
2.51433e+08 1.61145e+07
2.51466e+08 1.61093e+07
2.51691e+08 1.61393e+07
2.51781e+08 1.61505e+07
2.5187e+08 1.6184e+07
2.67307e+08 1.6715e+07
2.67375e+08 1.67485e+07
2.67386e+08 1.67262e+07
2.67509e+08 1.66815e+07
2.67509e+08 1.66704e+07
2.67509e+08 1.66704e+07
2.6761e+08 1.66926e+07
2.6761e+08 1.66926e+07
2.6761e+08 1.66927e+07
2.67734e+08 1.67262e+07
2.67734e+08 1.67039e+07
2.67823e+08 1.6715e+07
2.67823e+08 1.66703e+07
2.67823e+08 1.66703e+07
2.67834e+08 1.66368e+07
2.67991e+08 1.67151e+07
2.68047e+08 1.67597e+07
2.68058e+08 1.67485e+07
2.68058e+08 1.6715e+07
2.68069e+08 1.67262e+07
2.68092e+08 1.67485e+07
2.68103e+08 1.67597e+07
2.68125e+08 1.6715e+07
2.68181e+08 1.67485e+07
2.68181e+08 1.6715e+07
2.68472e+08 1.67807e+07
2.68584e+08 1.6803e+07
2.68651e+08 1.67807e+07
2.84481e+08 1.71738e+07
2.84582e+08 1.72074e+07
2.84605e+08 1.72186e+07
2.84717e+08 1.72075e+07
2.84728e+08 1.72187e+07
2.84728e+08 1.72187e+07
2.84795e+08 1.71851e+07
2.84795e+08 1.71851e+07
2.84829e+08 1.72187e+07
2.84907e+08 1.71739e+07
2.84907e+08 1.71739e+07
2.84941e+08 1.72074e+07
2.85008e+08 1.71851e+07
2.85042e+08 1.72186e+07
2.85042e+08 1.72186e+07
2.85042e+08 1.72074e+07
2.85243e+08 1.72521e+07
2.85243e+08 1.71962e+07
2.85243e+08 1.71851e+07
2.85254e+08 1.71962e+07
2.85299e+08 1.72297e+07
2.85299e+08 1.72074e+07
2.85299e+08 1.71962e+07
2.85322e+08 1.71962e+07
2.85377e+08 1.71962e+07
2.85377e+08 1.71962e+07
2.85869e+08 1.73974e+07
2.85881e+08 1.72968e+07
2.85903e+08 1.72522e+07
3.0232e+08 1.78386e+07
3.02443e+08 1.7861e+07
3.02454e+08 1.78498e+07
3.02544e+08 1.78275e+07
3.02544e+08 1.78162e+07
3.02544e+08 1.78162e+07
3.02656e+08 1.7861e+07
3.02668e+08 1.78721e+07
3.02735e+08 1.79057e+07
3.02735e+08 1.78274e+07
3.02735e+08 1.78274e+07
3.02735e+08 1.78274e+07
3.02791e+08 1.78497e+07
3.02836e+08 1.78275e+07
3.02836e+08 1.77939e+07
3.02836e+08 1.77939e+07
3.02847e+08 1.78051e+07
3.03071e+08 1.78274e+07
3.03071e+08 1.78274e+07
3.03071e+08 1.78274e+07
3.03082e+08 1.78274e+07
3.03115e+08 1.78162e+07
3.03127e+08 1.78274e+07
3.03149e+08 1.78498e+07
3.0316e+08 1.78386e+07
3.0316e+08 1.77827e+07
3.0316e+08 1.77827e+07
3.03663e+08 1.77939e+07
3.03675e+08 1.77939e+07
3.03744e+08 1.78408e+07
3.20815e+08 1.84956e+07
3.20849e+08 1.84062e+07
3.20861e+08 1.84062e+07
3.20995e+08 1.84509e+07
3.20995e+08 1.84509e+07
3.20995e+08 1.84509e+07
3.21096e+08 1.84397e+07
3.21096e+08 1.84285e+07
3.21174e+08 1.84396e+07
3.21186e+08 1.84508e+07
3.21186e+08 1.84508e+07
3.21186e+08 1.84508e+07
3.21208e+08 1.84173e+07
3.21208e+08 1.84173e+07
3.21253e+08 1.84174e+07
3.21253e+08 1.84174e+07
3.21253e+08 1.84174e+07
3.21287e+08 1.84397e+07
3.21499e+08 1.84285e+07
3.21499e+08 1.84285e+07
3.2151e+08 1.84397e+07
3.21521e+08 1.84397e+07
3.21544e+08 1.84285e+07
3.21544e+08 1.84173e+07
3.21544e+08 1.8395e+07
3.21544e+08 1.83838e+07
3.21544e+08 1.83838e+07
3.21544e+08 1.83838e+07
3.22148e+08 1.84844e+07
3.22173e+08 1.84981e+07
3.22364e+08 1.86199e+07
3.3982e+08 1.90042e+07
3.39842e+08 1.8993e+07
3.39887e+08 1.90265e+07
3.40033e+08 1.90378e+07
3.40033e+08 1.90378e+07
3.40033e+08 1.90378e+07
3.40123e+08 1.90266e+07
3.40123e+08 1.90266e+07
3.40134e+08 1.89595e+07
3.40179e+08 1.8993e+07
3.40179e+08 1.8993e+07
3.40179e+08 1.8993e+07
3.40212e+08 1.90041e+07
3.40235e+08 1.90264e+07
3.40235e+08 1.90264e+07
3.40246e+08 1.8993e+07
3.40246e+08 1.8993e+07
3.40246e+08 1.8993e+07
3.4028e+08 1.8993e+07
3.40526e+08 1.90265e+07
3.40526e+08 1.90265e+07
3.40537e+08 1.90265e+07
3.40537e+08 1.90153e+07
3.40537e+08 1.8993e+07
3.40537e+08 1.8993e+07
3.40537e+08 1.8993e+07
3.40548e+08 1.90042e+07
3.40548e+08 1.90042e+07
3.4057e+08 1.90265e+07
3.41308e+08 1.91604e+07
3.41375e+08 1.92026e+07
3.41543e+08 1.91792e+07
3.59518e+08 1.96983e+07
3.59518e+08 1.96759e+07
3.59596e+08 1.97094e+07
3.59798e+08 1.97654e+07
3.59798e+08 1.97653e+07
3.59798e+08 1.97653e+07
3.59888e+08 1.97654e+07
3.59888e+08 1.97654e+07
3.59899e+08 1.97653e+07
3.59899e+08 1.97206e+07
3.59899e+08 1.97206e+07
3.59899e+08 1.97206e+07
3.59899e+08 1.96871e+07
3.59899e+08 1.96647e+07
3.59899e+08 1.96647e+07
3.59944e+08 1.96981e+07
3.59944e+08 1.96981e+07
3.59944e+08 1.96981e+07
3.59989e+08 1.97428e+07
3.60034e+08 1.9754e+07
3.60246e+08 1.97205e+07
3.60246e+08 1.97205e+07
3.60246e+08 1.97093e+07
3.60269e+08 1.97317e+07
3.60269e+08 1.97317e+07
3.6028e+08 1.97429e+07
3.6028e+08 1.97429e+07
3.6028e+08 1.97317e+07
3.60291e+08 1.97429e+07
3.60291e+08 1.97205e+07
3.61074e+08 1.97656e+07
3.6132e+08 1.99445e+07
3.6132e+08 1.97768e+07
3.79681e+08 2.01633e+07
3.79715e+08 2.01969e+07
3.79793e+08 2.01969e+07
3.79973e+08 2.01745e+07
3.79973e+08 2.01745e+07
3.79973e+08 2.01745e+07
3.80074e+08 2.01857e+07
3.80074e+08 2.01857e+07
3.80074e+08 2.01745e+07
3.80074e+08 2.01745e+07
3.80074e+08 2.01745e+07
3.80074e+08 2.01745e+07
3.80074e+08 2.01745e+07
3.80074e+08 2.01745e+07
3.80074e+08 2.01745e+07
3.8013e+08 2.01856e+07
3.8013e+08 2.01856e+07
3.8013e+08 2.01856e+07
3.8013e+08 2.01856e+07
3.80275e+08 2.02863e+07
3.8032e+08 2.02863e+07
3.80454e+08 2.02079e+07
3.80454e+08 2.02079e+07
3.80454e+08 2.02079e+07
3.80499e+08 2.02303e+07
3.80499e+08 2.02303e+07
3.80521e+08 2.02415e+07
3.80521e+08 2.02415e+07
3.80521e+08 2.02415e+07
3.80521e+08 2.02303e+07
3.80521e+08 2.02303e+07
3.81338e+08 2.0264e+07
3.81505e+08 2.01857e+07
3.81505e+08 2.01857e+07
4.00515e+08 2.08343e+07
4.00616e+08 2.09013e+07
4.00628e+08 2.08342e+07
4.00807e+08 2.08343e+07
4.00807e+08 2.08343e+07
4.00807e+08 2.08343e+07
4.00919e+08 2.08454e+07
4.00919e+08 2.08454e+07
4.00919e+08 2.08454e+07
4.00919e+08 2.08454e+07
4.00919e+08 2.08454e+07
4.00942e+08 2.08678e+07
4.00964e+08 2.08901e+07
4.00964e+08 2.08901e+07
4.00964e+08 2.08901e+07
4.01076e+08 2.0946e+07
4.01076e+08 2.0946e+07
4.01076e+08 2.0946e+07
4.01076e+08 2.0946e+07
4.01076e+08 2.0946e+07
4.01244e+08 2.09684e+07
4.01255e+08 2.09349e+07
4.01333e+08 2.0879e+07
4.01333e+08 2.0879e+07
4.01344e+08 2.08902e+07
4.01344e+08 2.08454e+07
4.01355e+08 2.08566e+07
4.01378e+08 2.08566e+07
4.01389e+08 2.08678e+07
4.014e+08 2.0879e+07
4.014e+08 2.0879e+07
4.01434e+08 2.09125e+07
4.02239e+08 2.09013e+07
4.02485e+08 2.09796e+07
4.02496e+08 2.09908e+07
4.21965e+08 2.14498e+07
4.21999e+08 2.13829e+07
4.2201e+08 2.13827e+07
4.22179e+08 2.13715e+07
4.22179e+08 2.13715e+07
4.22179e+08 2.13715e+07
4.22324e+08 2.1405e+07
4.22324e+08 2.1405e+07
4.22324e+08 2.1405e+07
4.22347e+08 2.14274e+07
4.22358e+08 2.14386e+07
4.22358e+08 2.14162e+07
4.22358e+08 2.13939e+07
4.22358e+08 2.13939e+07
4.2238e+08 2.14162e+07
4.2247e+08 2.13939e+07
4.2247e+08 2.13939e+07
4.2247e+08 2.13939e+07
4.22481e+08 2.14051e+07
4.22481e+08 2.14051e+07
4.22492e+08 2.14163e+07
4.22637e+08 2.13939e+07
4.22693e+08 2.14386e+07
4.2276e+08 2.14274e+07
4.22772e+08 2.14386e+07
4.22772e+08 2.14274e+07
4.22772e+08 2.14274e+07
4.22772e+08 2.14163e+07
4.22805e+08 2.14274e+07
4.22805e+08 2.14162e+07
4.22861e+08 2.14609e+07
4.22861e+08 2.14609e+07
4.22884e+08 2.14497e+07
4.23689e+08 2.14497e+07
4.23856e+08 2.13714e+07
4.23924e+08 2.14273e+07
4.43918e+08 2.19529e+07
4.43974e+08 2.19753e+07
4.43997e+08 2.19865e+07
4.44165e+08 2.19863e+07
4.44165e+08 2.19863e+07
4.44199e+08 2.20198e+07
4.44277e+08 2.19528e+07
4.44288e+08 2.1964e+07
4.44288e+08 2.1964e+07
4.44311e+08 2.1964e+07
4.44333e+08 2.19752e+07
4.44344e+08 2.19863e+07
4.44344e+08 2.19863e+07
4.44366e+08 2.20087e+07
4.44422e+08 2.20422e+07
4.44467e+08 2.19975e+07
4.44478e+08 2.20087e+07
4.44489e+08 2.20199e+07
4.44489e+08 2.20087e+07
4.44512e+08 2.2031e+07
4.44545e+08 2.20534e+07
4.44613e+08 2.19751e+07
4.44624e+08 2.19863e+07
4.44646e+08 2.19528e+07
4.44713e+08 2.19528e+07
4.44736e+08 2.1964e+07
4.44736e+08 2.1964e+07
4.44747e+08 2.19751e+07
4.44769e+08 2.19975e+07
4.4478e+08 2.19752e+07
4.44792e+08 2.19863e+07
4.44814e+08 2.19528e+07
4.4487e+08 2.20087e+07
4.44903e+08 2.20199e+07
4.45608e+08 2.19192e+07
4.45764e+08 2.1908e+07
4.45887e+08 2.19639e+07
4.66441e+08 2.25229e+07
4.66531e+08 2.25564e+07
4.66542e+08 2.25453e+07
4.66721e+08 2.25563e+07
4.66721e+08 2.25563e+07
4.66721e+08 2.25227e+07
4.668e+08 2.25228e+07
4.66822e+08 2.2534e+07
4.66833e+08 2.25451e+07
4.66867e+08 2.25563e+07
4.66878e+08 2.25451e+07
4.669e+08 2.25563e+07
4.66934e+08 2.25899e+07
4.66934e+08 2.25675e+07
4.6699e+08 2.25675e+07
4.67023e+08 2.25563e+07
4.67046e+08 2.25675e+07
4.67057e+08 2.25675e+07
4.67091e+08 2.2601e+07
4.67091e+08 2.25787e+07
4.67113e+08 2.25675e+07
4.67158e+08 2.25451e+07
4.67169e+08 2.25451e+07
4.6718e+08 2.25563e+07
4.6718e+08 2.2534e+07
4.67258e+08 2.25451e+07
4.67314e+08 2.25787e+07
4.67314e+08 2.25787e+07
4.67337e+08 2.25898e+07
4.67381e+08 2.26122e+07
4.67415e+08 2.26346e+07
4.67415e+08 2.26234e+07
4.67437e+08 2.26234e+07
4.6746e+08 2.25899e+07
4.6746e+08 2.25564e+07
4.68053e+08 2.24446e+07
4.68176e+08 2.24111e+07
4.6822e+08 2.23328e+07
4.8953e+08 2.30892e+07
4.89653e+08 2.31226e+07
4.89698e+08 2.31562e+07
4.89766e+08 2.30443e+07
4.89766e+08 2.30443e+07
4.89777e+08 2.30555e+07
4.89833e+08 2.30332e+07
4.89866e+08 2.30443e+07
4.899e+08 2.30667e+07
4.89911e+08 2.30443e+07
4.89911e+08 2.30331e+07
4.89934e+08 2.30331e+07
4.89989e+08 2.30555e+07
4.89989e+08 2.30555e+07
4.90001e+08 2.30108e+07
4.90068e+08 2.30443e+07
4.90135e+08 2.3089e+07
4.90202e+08 2.31449e+07
4.90202e+08 2.31114e+07
4.90202e+08 2.31114e+07
4.90202e+08 2.3089e+07
4.90236e+08 2.30778e+07
4.90325e+08 2.31561e+07
4.90325e+08 2.31449e+07
4.90325e+08 2.31449e+07
4.90325e+08 2.31449e+07
4.90392e+08 2.31337e+07
4.90392e+08 2.30778e+07
4.90392e+08 2.30778e+07
4.90403e+08 2.30667e+07
4.90437e+08 2.30555e+07
4.9047e+08 2.30555e+07
4.90482e+08 2.30667e+07
4.90504e+08 2.30667e+07
4.90538e+08 2.30778e+07
4.90538e+08 2.30778e+07
4.91197e+08 2.31449e+07
4.91242e+08 2.30667e+07
4.91276e+08 2.30555e+07
5.13238e+08 2.37075e+07
5.13316e+08 2.36628e+07
5.13372e+08 2.3674e+07
5.13384e+08 2.36181e+07
5.13384e+08 2.36181e+07
5.13406e+08 2.36293e+07
5.13507e+08 2.36739e+07
5.13552e+08 2.36851e+07
5.13552e+08 2.36516e+07
5.13596e+08 2.36851e+07
5.13596e+08 2.36851e+07
5.13596e+08 2.36628e+07
5.13663e+08 2.3674e+07
5.13663e+08 2.3674e+07
5.13663e+08 2.36628e+07
5.13753e+08 2.36852e+07
5.13786e+08 2.36516e+07
5.13898e+08 2.36963e+07
5.13898e+08 2.36963e+07
5.13898e+08 2.36963e+07
5.13898e+08 2.36963e+07
5.13921e+08 2.36852e+07
5.14021e+08 2.36963e+07
5.14021e+08 2.36963e+07
5.14021e+08 2.36963e+07
5.14021e+08 2.36963e+07
5.14021e+08 2.36963e+07
5.14044e+08 2.36516e+07
5.14044e+08 2.36516e+07
5.14044e+08 2.36516e+07
5.14044e+08 2.36405e+07
5.14189e+08 2.37522e+07
5.14223e+08 2.37522e+07
5.14223e+08 2.3741e+07
5.14223e+08 2.37187e+07
5.14234e+08 2.36963e+07
5.14234e+08 2.36963e+07
5.14927e+08 2.37294e+07
5.15072e+08 2.383e+07
5.15173e+08 2.38971e+07
5.37533e+08 2.42957e+07
5.37589e+08 2.42732e+07
5.37646e+08 2.42732e+07
5.37679e+08 2.42955e+07
5.37679e+08 2.42955e+07
5.37679e+08 2.42731e+07
5.37802e+08 2.42955e+07
5.37825e+08 2.42732e+07
5.37825e+08 2.42732e+07
5.37825e+08 2.42285e+07
5.37825e+08 2.42285e+07
5.37858e+08 2.4262e+07
5.37858e+08 2.4195e+07
5.37858e+08 2.4195e+07
5.37858e+08 2.4195e+07
5.37903e+08 2.41503e+07
5.37993e+08 2.42061e+07
5.38116e+08 2.42173e+07
5.38116e+08 2.42173e+07
5.38116e+08 2.42173e+07
5.38116e+08 2.42173e+07
5.38149e+08 2.42285e+07
5.38172e+08 2.41502e+07
5.38183e+08 2.41614e+07
5.38183e+08 2.41614e+07
5.38183e+08 2.41614e+07
5.38194e+08 2.41726e+07
5.38227e+08 2.42061e+07
5.38328e+08 2.42844e+07
5.38351e+08 2.43067e+07
5.38351e+08 2.43067e+07
5.38373e+08 2.43291e+07
5.38541e+08 2.43514e+07
5.38552e+08 2.43291e+07
5.38552e+08 2.43291e+07
5.38552e+08 2.43291e+07
5.38552e+08 2.43179e+07
5.38563e+08 2.43291e+07
5.39334e+08 2.44073e+07
5.39424e+08 2.43515e+07
5.39513e+08 2.43403e+07
5.62547e+08 2.50136e+07
5.62581e+08 2.49912e+07
5.62648e+08 2.50024e+07
5.62693e+08 2.50135e+07
5.62726e+08 2.5047e+07
5.62749e+08 2.50694e+07
5.62805e+08 2.50023e+07
5.62816e+08 2.49912e+07
5.62816e+08 2.49912e+07
5.62838e+08 2.50135e+07
5.62838e+08 2.50135e+07
5.62861e+08 2.50024e+07
5.62905e+08 2.50471e+07
5.62905e+08 2.50471e+07
5.62973e+08 2.51141e+07
5.63051e+08 2.51477e+07
5.63062e+08 2.50694e+07
5.63062e+08 2.49465e+07
5.63062e+08 2.49465e+07
5.63084e+08 2.49688e+07
5.63084e+08 2.49688e+07
5.63129e+08 2.498e+07
5.63196e+08 2.50247e+07
5.63196e+08 2.50135e+07
5.6323e+08 2.50471e+07
5.63263e+08 2.50807e+07
5.63263e+08 2.50695e+07
5.63286e+08 2.50583e+07
5.63386e+08 2.50583e+07
5.63386e+08 2.50583e+07
5.6342e+08 2.50695e+07
5.6342e+08 2.50695e+07
5.63498e+08 2.51254e+07
5.63655e+08 2.51142e+07
5.63655e+08 2.5103e+07
5.63655e+08 2.5103e+07
5.63655e+08 2.5103e+07
5.63655e+08 2.5103e+07
5.637e+08 2.51365e+07
5.64326e+08 2.49916e+07
5.64449e+08 2.50251e+07
5.64561e+08 2.50475e+07
5.88059e+08 2.55125e+07
5.88183e+08 2.56018e+07
5.8825e+08 2.56018e+07
5.88261e+08 2.55683e+07
5.88272e+08 2.55459e+07
5.88283e+08 2.55347e+07
5.88328e+08 2.55237e+07
5.88362e+08 2.5546e+07
5.88418e+08 2.56018e+07
5.88429e+08 2.55907e+07
5.88451e+08 2.5613e+07
5.88451e+08 2.55907e+07
5.88463e+08 2.55571e+07
5.88463e+08 2.55571e+07
5.88463e+08 2.54901e+07
5.88552e+08 2.55012e+07
5.88574e+08 2.55124e+07
5.88586e+08 2.55236e+07
5.88608e+08 2.55459e+07
5.88619e+08 2.55348e+07
5.8863e+08 2.5546e+07
5.88664e+08 2.55348e+07
5.88664e+08 2.54677e+07
5.88675e+08 2.54789e+07
5.88776e+08 2.55459e+07
5.88798e+08 2.55348e+07
5.88798e+08 2.55348e+07
5.88821e+08 2.55348e+07
5.88888e+08 2.55012e+07
5.88888e+08 2.55012e+07
5.88888e+08 2.55012e+07
5.88977e+08 2.55571e+07
5.88977e+08 2.55571e+07
5.89111e+08 2.5613e+07
5.89134e+08 2.54789e+07
5.89134e+08 2.54789e+07
5.89156e+08 2.55013e+07
5.89178e+08 2.55236e+07
5.89178e+08 2.55236e+07
5.89257e+08 2.55571e+07
5.89883e+08 2.55571e+07
5.89972e+08 2.55236e+07
5.90241e+08 2.56801e+07
6.13945e+08 2.58862e+07
6.13957e+08 2.57741e+07
6.1399e+08 2.57405e+07
6.1399e+08 2.57293e+07
6.1399e+08 2.57181e+07
6.1399e+08 2.5707e+07
6.1399e+08 2.5662e+07
6.1399e+08 2.56284e+07
6.1399e+08 2.55725e+07
6.1399e+08 2.55613e+07
6.1399e+08 2.5539e+07
6.1399e+08 2.5539e+07
6.14013e+08 2.55501e+07
6.14013e+08 2.55501e+07
6.14013e+08 2.55501e+07
6.14013e+08 2.54607e+07
6.14013e+08 2.54383e+07
6.14013e+08 2.54271e+07
6.14013e+08 2.54048e+07
6.14013e+08 2.53936e+07
6.14013e+08 2.53824e+07
6.14013e+08 2.53489e+07
6.14013e+08 2.53489e+07
6.14013e+08 2.53377e+07
6.14013e+08 2.52371e+07
6.14013e+08 2.52147e+07
6.14013e+08 2.52147e+07
6.14013e+08 2.51923e+07
6.14013e+08 2.51252e+07
6.14013e+08 2.51252e+07
6.14013e+08 2.51252e+07
6.14013e+08 2.50357e+07
6.14013e+08 2.50357e+07
6.14013e+08 2.50357e+07
6.14013e+08 2.49016e+07
6.14013e+08 2.48792e+07
6.14013e+08 2.48792e+07
6.14013e+08 2.48569e+07
6.14013e+08 2.48345e+07
6.14013e+08 2.48345e+07
6.14024e+08 2.47675e+07
6.14047e+08 2.41636e+07
6.14091e+08 2.41188e+07
6.14102e+08 2.38616e+07
6.1775e+08 3.80458e+06
6.1775e+08 3.79339e+06
6.1775e+08 3.75982e+06
