4.75959e+06 4.75916e+06
8.25027e+06 3.49069e+06
8.25029e+06 3.4907e+06
9.80872e+06 1.55845e+06
9.80873e+06 1.55844e+06
1.14523e+07 1.64359e+06
1.14523e+07 1.6436e+06
1.14523e+07 1.6436e+06
1.44788e+07 3.02648e+06
1.45012e+07 3.04883e+06
1.45012e+07 3.04885e+06
1.45124e+07 3.06008e+06
1.74419e+07 2.96306e+06
1.74419e+07 2.94071e+06
1.74419e+07 2.9407e+06
1.74866e+07 2.97419e+06
1.74866e+07 2.97419e+06
2.10758e+07 3.63397e+06
2.10758e+07 3.63398e+06
2.10759e+07 3.63399e+06
2.11206e+07 3.63398e+06
2.11206e+07 3.63398e+06
2.11206e+07 3.63399e+06
2.54317e+07 4.35583e+06
2.5454e+07 4.37817e+06
2.54652e+07 4.38935e+06
2.54652e+07 4.34465e+06
2.54988e+07 4.37821e+06
2.55212e+07 4.40058e+06
2.55212e+07 4.40059e+06
2.96313e+07 4.19963e+06
2.97431e+07 4.28907e+06
2.97543e+07 4.28905e+06
2.97543e+07 4.28905e+06
2.9799e+07 4.30021e+06
2.9799e+07 4.27783e+06
2.9799e+07 4.27783e+06
3.47271e+07 5.09586e+06
3.47272e+07 5.09587e+06
3.47719e+07 5.02881e+06
3.47719e+07 5.01763e+06
3.47719e+07 5.01763e+06
3.48166e+07 5.01764e+06
3.48166e+07 5.01764e+06
3.48167e+07 5.01764e+06
4.01706e+07 5.44343e+06
4.02041e+07 5.47696e+06
4.02041e+07 5.47697e+06
4.026e+07 5.48813e+06
4.02824e+07 5.51051e+06
4.02824e+07 5.51051e+06
4.03048e+07 5.4882e+06
4.03048e+07 5.4882e+06
4.03049e+07 5.48821e+06
4.61348e+07 5.96424e+06
4.61348e+07 5.9307e+06
4.61348e+07 5.93071e+06
4.61349e+07 5.87484e+06
4.61349e+07 5.87484e+06
4.61349e+07 5.85247e+06
4.61461e+07 5.86365e+06
4.63808e+07 6.076e+06
4.64032e+07 6.09835e+06
4.64032e+07 6.09835e+06
5.29338e+07 6.79896e+06
5.29562e+07 6.82134e+06
5.30009e+07 6.86604e+06
5.30121e+07 6.87721e+06
5.30233e+07 6.8884e+06
5.30233e+07 6.88843e+06
5.30233e+07 6.88843e+06
5.30793e+07 6.93318e+06
5.31577e+07 6.77683e+06
5.31577e+07 6.75448e+06
5.31577e+07 6.75448e+06
6.01344e+07 7.20067e+06
6.01345e+07 7.17829e+06
6.01345e+07 7.13359e+06
6.01345e+07 7.1224e+06
6.01345e+07 7.11122e+06
6.01345e+07 7.1112e+06
6.01345e+07 7.11119e+06
6.01345e+07 7.1112e+06
6.01682e+07 7.08894e+06
6.02018e+07 7.0441e+06
6.02018e+07 7.0441e+06
6.02131e+07 7.05537e+06
6.82711e+07 8.13666e+06
6.82711e+07 8.13669e+06
6.82712e+07 8.13669e+06
6.82712e+07 8.13669e+06
6.82712e+07 8.13672e+06
6.82824e+07 8.14792e+06
6.82825e+07 8.14796e+06
6.83161e+07 8.18159e+06
6.83161e+07 8.1816e+06
6.83385e+07 8.1703e+06
6.83385e+07 8.13674e+06
6.83385e+07 8.13676e+06
6.83499e+07 8.13682e+06
7.67814e+07 8.51028e+06
7.67814e+07 8.51024e+06
7.67814e+07 8.51024e+06
7.67814e+07 8.51024e+06
7.67814e+07 8.51019e+06
7.67815e+07 8.49905e+06
7.67815e+07 8.49901e+06
7.68152e+07 8.49907e+06
7.68152e+07 8.49907e+06
7.68152e+07 8.49908e+06
7.68488e+07 8.51028e+06
7.686e+07 8.52145e+06
7.68712e+07 8.53266e+06
7.6972e+07 8.6221e+06
8.63479e+07 9.56652e+06
8.63479e+07 9.56652e+06
8.63591e+07 9.57771e+06
8.63591e+07 9.57771e+06
8.63703e+07 9.58888e+06
8.63927e+07 9.61121e+06
8.63927e+07 9.61121e+06
8.64375e+07 9.62237e+06
8.64376e+07 9.62237e+06
8.64376e+07 9.62237e+06
8.64823e+07 9.63356e+06
8.64823e+07 9.63356e+06
8.64823e+07 9.62239e+06
8.64936e+07 9.62243e+06
8.6572e+07 9.60001e+06
9.60937e+07 9.74581e+06
9.60937e+07 9.74581e+06
9.61049e+07 9.74581e+06
9.61049e+07 9.74581e+06
9.61161e+07 9.74582e+06
9.61161e+07 9.72343e+06
9.61161e+07 9.72343e+06
9.61385e+07 9.701e+06
9.61386e+07 9.701e+06
9.61386e+07 9.701e+06
9.6161e+07 9.67865e+06
9.6161e+07 9.67865e+06
9.6161e+07 9.67865e+06
9.6161e+07 9.67866e+06
9.62728e+07 9.77917e+06
9.63736e+07 9.80164e+06
1.06724e+08 1.06304e+07
1.0678e+08 1.06863e+07
1.06802e+08 1.06974e+07
1.06825e+08 1.07198e+07
1.06847e+08 1.0731e+07
1.06881e+08 1.07645e+07
1.06881e+08 1.07645e+07
1.07026e+08 1.08875e+07
1.07026e+08 1.08875e+07
1.07048e+08 1.09098e+07
1.0706e+08 1.08986e+07
1.0706e+08 1.08986e+07
1.0706e+08 1.08986e+07
1.07071e+08 1.09098e+07
1.07071e+08 1.09098e+07
1.07071e+08 1.0798e+07
1.07171e+08 1.07979e+07
1.17768e+08 1.10437e+07
1.17768e+08 1.09878e+07
1.17768e+08 1.09655e+07
1.17768e+08 1.09431e+07
1.17779e+08 1.09319e+07
1.1779e+08 1.09096e+07
1.1779e+08 1.09096e+07
1.17824e+08 1.07978e+07
1.17824e+08 1.07978e+07
1.17835e+08 1.07866e+07
1.17846e+08 1.07866e+07
1.17846e+08 1.07866e+07
1.17846e+08 1.07866e+07
1.17846e+08 1.07754e+07
1.17846e+08 1.07754e+07
1.17846e+08 1.07754e+07
1.17846e+08 1.07755e+07
1.17846e+08 1.06748e+07
1.29331e+08 1.15633e+07
1.29331e+08 1.15633e+07
1.29342e+08 1.15745e+07
1.29387e+08 1.16192e+07
1.2951e+08 1.1731e+07
1.29566e+08 1.17757e+07
1.29566e+08 1.17757e+07
1.29633e+08 1.18092e+07
1.29633e+08 1.18092e+07
1.29633e+08 1.17981e+07
1.29633e+08 1.17869e+07
1.29667e+08 1.18204e+07
1.29667e+08 1.18204e+07
1.29678e+08 1.18316e+07
1.29678e+08 1.18316e+07
1.29678e+08 1.18316e+07
1.29711e+08 1.18652e+07
1.29712e+08 1.18652e+07
1.29712e+08 1.18652e+07
1.41351e+08 1.20197e+07
1.41474e+08 1.21427e+07
1.41597e+08 1.22545e+07
1.41597e+08 1.22098e+07
1.41686e+08 1.21763e+07
1.41686e+08 1.21204e+07
1.41686e+08 1.21204e+07
1.41686e+08 1.20533e+07
1.41686e+08 1.20533e+07
1.41686e+08 1.20533e+07
1.41686e+08 1.20533e+07
1.41686e+08 1.20198e+07
1.41686e+08 1.20198e+07
1.41686e+08 1.20086e+07
1.41698e+08 1.20198e+07
1.41698e+08 1.20198e+07
1.41698e+08 1.19863e+07
1.41709e+08 1.19975e+07
1.41709e+08 1.19975e+07
1.41731e+08 1.20198e+07
1.54186e+08 1.28357e+07
1.5422e+08 1.27462e+07
1.54287e+08 1.26903e+07
1.54287e+08 1.26903e+07
1.54354e+08 1.26679e+07
1.54399e+08 1.27126e+07
1.54399e+08 1.27126e+07
1.54399e+08 1.27126e+07
1.5441e+08 1.27238e+07
1.5441e+08 1.27238e+07
1.5441e+08 1.27238e+07
1.5441e+08 1.27238e+07
1.54421e+08 1.2735e+07
1.54444e+08 1.27573e+07
1.545e+08 1.28021e+07
1.54522e+08 1.28245e+07
1.54701e+08 1.30033e+07
1.54757e+08 1.30481e+07
1.54757e+08 1.30481e+07
1.54768e+08 1.30369e+07
1.54768e+08 1.30369e+07
1.67485e+08 1.32989e+07
1.67485e+08 1.32654e+07
1.6753e+08 1.3243e+07
1.6753e+08 1.3243e+07
1.67664e+08 1.331e+07
1.67664e+08 1.32653e+07
1.67664e+08 1.32653e+07
1.67664e+08 1.32653e+07
1.67664e+08 1.32542e+07
1.67664e+08 1.32542e+07
1.67664e+08 1.32542e+07
1.67664e+08 1.32542e+07
1.67664e+08 1.3243e+07
1.67664e+08 1.32206e+07
1.67698e+08 1.31983e+07
1.67698e+08 1.31759e+07
1.67844e+08 1.31424e+07
1.67922e+08 1.31647e+07
1.67944e+08 1.31871e+07
1.67978e+08 1.32095e+07
1.67978e+08 1.32095e+07
1.67978e+08 1.32095e+07
1.80615e+08 1.31294e+07
1.80671e+08 1.31853e+07
1.80671e+08 1.31406e+07
1.80693e+08 1.3163e+07
1.80816e+08 1.31518e+07
1.80816e+08 1.31518e+07
1.80816e+08 1.31518e+07
1.80816e+08 1.31518e+07
1.80816e+08 1.31518e+07
1.80816e+08 1.31518e+07
1.80816e+08 1.31518e+07
1.80816e+08 1.31518e+07
1.80816e+08 1.31518e+07
1.80816e+08 1.31518e+07
1.80827e+08 1.31293e+07
1.80827e+08 1.31293e+07
1.80984e+08 1.31406e+07
1.80984e+08 1.30624e+07
1.80984e+08 1.304e+07
1.81018e+08 1.304e+07
1.81029e+08 1.30512e+07
1.81051e+08 1.30736e+07
1.94504e+08 1.38888e+07
1.94504e+08 1.38888e+07
1.94504e+08 1.3833e+07
1.94504e+08 1.3833e+07
1.94504e+08 1.38106e+07
1.94671e+08 1.38554e+07
1.94671e+08 1.38554e+07
1.94671e+08 1.38554e+07
1.94671e+08 1.38554e+07
1.94672e+08 1.38554e+07
1.94672e+08 1.38554e+07
1.94672e+08 1.38554e+07
1.94672e+08 1.38554e+07
1.94672e+08 1.38554e+07
1.94683e+08 1.38666e+07
1.94683e+08 1.38554e+07
1.94683e+08 1.38554e+07
1.94907e+08 1.39224e+07
1.94929e+08 1.39448e+07
1.9494e+08 1.39559e+07
1.94974e+08 1.39559e+07
1.95018e+08 1.39894e+07
1.95041e+08 1.39895e+07
2.08958e+08 1.44548e+07
2.08958e+08 1.44548e+07
2.08958e+08 1.44548e+07
2.08958e+08 1.44548e+07
2.08958e+08 1.44548e+07
2.08958e+08 1.44548e+07
2.09126e+08 1.44548e+07
2.09126e+08 1.44548e+07
2.09126e+08 1.44548e+07
2.09126e+08 1.44548e+07
2.09137e+08 1.4466e+07
2.09137e+08 1.4466e+07
2.09138e+08 1.4466e+07
2.09138e+08 1.4466e+07
2.09138e+08 1.4466e+07
2.09171e+08 1.44884e+07
2.09182e+08 1.44996e+07
2.09182e+08 1.44996e+07
2.09462e+08 1.45554e+07
2.09473e+08 1.45442e+07
2.09473e+08 1.4533e+07
2.09473e+08 1.44995e+07
2.09484e+08 1.44659e+07
2.09563e+08 1.45218e+07
2.23948e+08 1.49901e+07
2.23948e+08 1.49901e+07
2.23948e+08 1.49901e+07
2.23948e+08 1.49901e+07
2.23948e+08 1.49901e+07
2.23948e+08 1.49901e+07
2.23948e+08 1.49901e+07
2.24116e+08 1.49901e+07
2.24116e+08 1.49901e+07
2.24128e+08 1.50013e+07
2.24139e+08 1.50125e+07
2.24139e+08 1.50013e+07
2.24161e+08 1.50237e+07
2.24161e+08 1.50237e+07
2.24184e+08 1.5046e+07
2.24184e+08 1.5046e+07
2.24217e+08 1.5046e+07
2.24251e+08 1.50684e+07
2.24262e+08 1.50796e+07
2.2443e+08 1.49678e+07
2.24441e+08 1.49678e+07
2.24441e+08 1.49678e+07
2.24452e+08 1.4979e+07
2.24463e+08 1.4979e+07
2.24575e+08 1.50125e+07
2.39549e+08 1.56009e+07
2.39594e+08 1.56456e+07
2.39594e+08 1.56456e+07
2.39605e+08 1.56568e+07
2.39605e+08 1.56568e+07
2.39605e+08 1.56568e+07
2.39616e+08 1.5668e+07
2.39616e+08 1.5668e+07
2.39807e+08 1.56903e+07
2.39807e+08 1.56903e+07
2.3984e+08 1.57127e+07
2.39852e+08 1.57127e+07
2.39852e+08 1.57127e+07
2.39874e+08 1.57127e+07
2.39874e+08 1.57127e+07
2.39874e+08 1.56904e+07
2.39874e+08 1.56904e+07
2.39874e+08 1.56568e+07
2.39952e+08 1.57015e+07
2.39952e+08 1.56904e+07
2.39986e+08 1.55563e+07
2.40008e+08 1.55675e+07
2.40031e+08 1.55898e+07
2.40075e+08 1.56233e+07
2.40176e+08 1.57128e+07
2.40243e+08 1.56681e+07
2.55979e+08 1.64301e+07
2.56024e+08 1.64302e+07
2.56024e+08 1.64302e+07
2.56035e+08 1.64302e+07
2.56035e+08 1.64302e+07
2.56035e+08 1.64302e+07
2.56035e+08 1.6419e+07
2.56035e+08 1.6419e+07
2.56035e+08 1.6419e+07
2.5608e+08 1.62737e+07
2.56125e+08 1.63184e+07
2.56136e+08 1.6296e+07
2.5617e+08 1.63183e+07
2.5617e+08 1.63183e+07
2.5617e+08 1.6296e+07
2.56181e+08 1.63072e+07
2.56192e+08 1.63184e+07
2.56215e+08 1.63407e+07
2.56226e+08 1.63519e+07
2.56259e+08 1.63072e+07
2.56271e+08 1.63184e+07
2.56383e+08 1.63966e+07
2.56438e+08 1.64302e+07
2.56438e+08 1.64078e+07
2.5645e+08 1.63743e+07
2.56483e+08 1.63073e+07
2.56562e+08 1.63185e+07
2.72948e+08 1.69682e+07
2.73026e+08 1.70018e+07
2.73026e+08 1.70018e+07
2.73026e+08 1.69906e+07
2.73026e+08 1.69906e+07
2.73026e+08 1.69906e+07
2.73026e+08 1.69906e+07
2.73048e+08 1.7013e+07
2.7306e+08 1.70242e+07
2.73071e+08 1.70354e+07
2.73149e+08 1.70689e+07
2.7316e+08 1.70353e+07
2.73183e+08 1.70465e+07
2.73183e+08 1.7013e+07
2.73183e+08 1.7013e+07
2.73183e+08 1.7013e+07
2.73183e+08 1.70019e+07
2.73183e+08 1.69907e+07
2.73183e+08 1.69684e+07
2.73183e+08 1.69572e+07
2.73183e+08 1.69236e+07
2.73183e+08 1.69124e+07
2.73384e+08 1.70019e+07
2.73384e+08 1.6946e+07
2.73384e+08 1.6946e+07
2.73396e+08 1.6946e+07
2.73418e+08 1.69349e+07
2.73497e+08 1.69348e+07
2.90796e+08 1.78479e+07
2.90807e+08 1.77808e+07
2.90807e+08 1.77808e+07
2.90807e+08 1.77808e+07
2.90818e+08 1.7792e+07
2.90829e+08 1.78032e+07
2.90829e+08 1.78032e+07
2.90829e+08 1.77808e+07
2.90829e+08 1.77696e+07
2.90829e+08 1.77585e+07
2.90829e+08 1.77585e+07
2.90852e+08 1.77025e+07
2.90852e+08 1.76914e+07
2.90863e+08 1.76802e+07
2.90874e+08 1.76914e+07
2.90885e+08 1.77026e+07
2.90886e+08 1.77027e+07
2.90897e+08 1.77138e+07
2.90908e+08 1.7725e+07
2.90908e+08 1.7725e+07
2.90919e+08 1.77362e+07
2.9093e+08 1.77473e+07
2.91031e+08 1.78479e+07
2.91109e+08 1.7725e+07
2.91109e+08 1.7725e+07
2.91132e+08 1.77474e+07
2.91132e+08 1.77361e+07
2.91233e+08 1.78145e+07
2.91233e+08 1.77362e+07
3.09075e+08 1.82795e+07
3.09086e+08 1.82796e+07
3.09086e+08 1.82796e+07
3.09086e+08 1.82796e+07
3.09086e+08 1.82684e+07
3.09086e+08 1.82572e+07
3.09086e+08 1.82572e+07
3.09086e+08 1.82572e+07
3.09086e+08 1.82572e+07
3.09087e+08 1.82572e+07
3.09087e+08 1.82572e+07
3.09087e+08 1.82572e+07
3.09131e+08 1.82796e+07
3.09143e+08 1.82908e+07
3.09165e+08 1.8302e+07
3.09165e+08 1.82908e+07
3.09187e+08 1.83019e+07
3.09187e+08 1.83019e+07
3.09187e+08 1.82907e+07
3.0921e+08 1.83019e+07
3.09232e+08 1.83242e+07
3.09232e+08 1.83131e+07
3.09232e+08 1.83019e+07
3.09266e+08 1.82348e+07
3.09501e+08 1.83915e+07
3.09501e+08 1.83915e+07
3.09501e+08 1.83691e+07
3.09501e+08 1.83691e+07
3.09524e+08 1.82908e+07
3.09535e+08 1.83019e+07
3.28055e+08 1.898e+07
3.28066e+08 1.898e+07
3.28066e+08 1.898e+07
3.28066e+08 1.898e+07
3.28066e+08 1.898e+07
3.28066e+08 1.898e+07
3.28066e+08 1.898e+07
3.28066e+08 1.898e+07
3.28066e+08 1.898e+07
3.28066e+08 1.898e+07
3.28066e+08 1.898e+07
3.28066e+08 1.898e+07
3.28156e+08 1.90247e+07
3.28156e+08 1.90247e+07
3.28156e+08 1.90135e+07
3.28167e+08 1.90023e+07
3.2819e+08 1.90247e+07
3.28201e+08 1.90135e+07
3.28201e+08 1.90135e+07
3.28357e+08 1.917e+07
3.28369e+08 1.91588e+07
3.28369e+08 1.91365e+07
3.28369e+08 1.91365e+07
3.2838e+08 1.91477e+07
3.2838e+08 1.91141e+07
3.28503e+08 1.90024e+07
3.28503e+08 1.90024e+07
3.28503e+08 1.90024e+07
3.28503e+08 1.90024e+07
3.28694e+08 1.91702e+07
3.28716e+08 1.91813e+07
3.47591e+08 1.95362e+07
3.47603e+08 1.95362e+07
3.47603e+08 1.95362e+07
3.47614e+08 1.95474e+07
3.47614e+08 1.95474e+07
3.47614e+08 1.95474e+07
3.47614e+08 1.95474e+07
3.47614e+08 1.95474e+07
3.47614e+08 1.95474e+07
3.47614e+08 1.95474e+07
3.47614e+08 1.95474e+07
3.47614e+08 1.95474e+07
3.47703e+08 1.95473e+07
3.47726e+08 1.95697e+07
3.47759e+08 1.96033e+07
3.47759e+08 1.96033e+07
3.47838e+08 1.96703e+07
3.47838e+08 1.96479e+07
3.47849e+08 1.9648e+07
3.4786e+08 1.96591e+07
3.47916e+08 1.95586e+07
3.47927e+08 1.95586e+07
3.47927e+08 1.95586e+07
3.47939e+08 1.95698e+07
3.4795e+08 1.95698e+07
3.4795e+08 1.95698e+07
3.48241e+08 1.97376e+07
3.48241e+08 1.97376e+07
3.48241e+08 1.97376e+07
3.48263e+08 1.97599e+07
3.48275e+08 1.95809e+07
3.48297e+08 1.95809e+07
3.67746e+08 2.01546e+07
3.67768e+08 2.01657e+07
3.67768e+08 2.01657e+07
3.67768e+08 2.01546e+07
3.67768e+08 2.01546e+07
3.67768e+08 2.01546e+07
3.67768e+08 2.01546e+07
3.67768e+08 2.01546e+07
3.67768e+08 2.01546e+07
3.6778e+08 2.01657e+07
3.67802e+08 2.01881e+07
3.67802e+08 2.01881e+07
3.67869e+08 2.01657e+07
3.67914e+08 2.01881e+07
3.67914e+08 2.01545e+07
3.67925e+08 2.01657e+07
3.67936e+08 2.01769e+07
3.6797e+08 2.01322e+07
3.6797e+08 2.01322e+07
3.68015e+08 2.01658e+07
3.68037e+08 2.0177e+07
3.68093e+08 2.0177e+07
3.68104e+08 2.01769e+07
3.68104e+08 2.01769e+07
3.68104e+08 2.01658e+07
3.68138e+08 2.01881e+07
3.68171e+08 2.02217e+07
3.68384e+08 2.01434e+07
3.68384e+08 2.01434e+07
3.68395e+08 2.01546e+07
3.68407e+08 2.01434e+07
3.68474e+08 2.01993e+07
3.68474e+08 2.01769e+07
3.88381e+08 2.06351e+07
3.88403e+08 2.0635e+07
3.88403e+08 2.06351e+07
3.88403e+08 2.06351e+07
3.88403e+08 2.06351e+07
3.88403e+08 2.06351e+07
3.88403e+08 2.06351e+07
3.88403e+08 2.06351e+07
3.88415e+08 2.06462e+07
3.88448e+08 2.06686e+07
3.88493e+08 2.0691e+07
3.88493e+08 2.0691e+07
3.88527e+08 2.06574e+07
3.88527e+08 2.06127e+07
3.88527e+08 2.06127e+07
3.8856e+08 2.06351e+07
3.88594e+08 2.06574e+07
3.88605e+08 2.06686e+07
3.88638e+08 2.06686e+07
3.88638e+08 2.06686e+07
3.88672e+08 2.06574e+07
3.88817e+08 2.07804e+07
3.88974e+08 2.0881e+07
3.88985e+08 2.0881e+07
3.88985e+08 2.08811e+07
3.88985e+08 2.08811e+07
3.88985e+08 2.08475e+07
3.88985e+08 2.0814e+07
3.89053e+08 2.06686e+07
3.89053e+08 2.06686e+07
3.89064e+08 2.06686e+07
3.89075e+08 2.06687e+07
3.89098e+08 2.06239e+07
3.89098e+08 2.06239e+07
4.09739e+08 2.13583e+07
4.09851e+08 2.14477e+07
4.09851e+08 2.14477e+07
4.09851e+08 2.14477e+07
4.09851e+08 2.14477e+07
4.09862e+08 2.14589e+07
4.09862e+08 2.14589e+07
4.09862e+08 2.14589e+07
4.09862e+08 2.14477e+07
4.09896e+08 2.14477e+07
4.09907e+08 2.14142e+07
4.09918e+08 2.14254e+07
4.09985e+08 2.14589e+07
4.09985e+08 2.14589e+07
4.09985e+08 2.14589e+07
4.10019e+08 2.14589e+07
4.10131e+08 2.15371e+07
4.10131e+08 2.15259e+07
4.10131e+08 2.14924e+07
4.10142e+08 2.15036e+07
4.10153e+08 2.15148e+07
4.1022e+08 2.15483e+07
4.10344e+08 2.15261e+07
4.10344e+08 2.13695e+07
4.10344e+08 2.13583e+07
4.10344e+08 2.13583e+07
4.10344e+08 2.13583e+07
4.10344e+08 2.13583e+07
4.10344e+08 2.13582e+07
4.10434e+08 2.13807e+07
4.10434e+08 2.13807e+07
4.10434e+08 2.13695e+07
4.10456e+08 2.13807e+07
4.10467e+08 2.13695e+07
4.1049e+08 2.13919e+07
4.31745e+08 2.2006e+07
4.31768e+08 2.19166e+07
4.31779e+08 2.19278e+07
4.3179e+08 2.19389e+07
4.3179e+08 2.19389e+07
4.3179e+08 2.19278e+07
4.31801e+08 2.19389e+07
4.31835e+08 2.19725e+07
4.31891e+08 2.20284e+07
4.3198e+08 2.20843e+07
4.31991e+08 2.20843e+07
4.32114e+08 2.21961e+07
4.3217e+08 2.21849e+07
4.3217e+08 2.21849e+07
4.3217e+08 2.21849e+07
4.3217e+08 2.21513e+07
4.32193e+08 2.20619e+07
4.32193e+08 2.20619e+07
4.32193e+08 2.20619e+07
4.32215e+08 2.20731e+07
4.32215e+08 2.20731e+07
4.32226e+08 2.20731e+07
4.32238e+08 2.20173e+07
4.32238e+08 2.18942e+07
4.32238e+08 2.18942e+07
4.32238e+08 2.18942e+07
4.32238e+08 2.18942e+07
4.32238e+08 2.18942e+07
4.32238e+08 2.18942e+07
4.32238e+08 2.18942e+07
4.32317e+08 2.18832e+07
4.32317e+08 2.18832e+07
4.32317e+08 2.18832e+07
4.32384e+08 2.19279e+07
4.32384e+08 2.19167e+07
4.32384e+08 2.18944e+07
4.54366e+08 2.26203e+07
4.54388e+08 2.26203e+07
4.54399e+08 2.26203e+07
4.54455e+08 2.2665e+07
4.54455e+08 2.2665e+07
4.54455e+08 2.2665e+07
4.54522e+08 2.27209e+07
4.54567e+08 2.27321e+07
4.54612e+08 2.2721e+07
4.54656e+08 2.26762e+07
4.5469e+08 2.26986e+07
4.5469e+08 2.25756e+07
4.54724e+08 2.25533e+07
4.54724e+08 2.25533e+07
4.54724e+08 2.25533e+07
4.54724e+08 2.25533e+07
4.54724e+08 2.2531e+07
4.54724e+08 2.2531e+07
4.54724e+08 2.2531e+07
4.54724e+08 2.25086e+07
4.54724e+08 2.25086e+07
4.54724e+08 2.24973e+07
4.54724e+08 2.24974e+07
4.54724e+08 2.24861e+07
4.54724e+08 2.24861e+07
4.54724e+08 2.24861e+07
4.54724e+08 2.24861e+07
4.54724e+08 2.24861e+07
4.54724e+08 2.24861e+07
4.54724e+08 2.24861e+07
4.54724e+08 2.24861e+07
4.54859e+08 2.25421e+07
4.5487e+08 2.25533e+07
4.54892e+08 2.25756e+07
4.54915e+08 2.25309e+07
4.54915e+08 2.25309e+07
4.54982e+08 2.2598e+07
4.77671e+08 2.3305e+07
4.77671e+08 2.32827e+07
4.77671e+08 2.32715e+07
4.77671e+08 2.32156e+07
4.77671e+08 2.32156e+07
4.77671e+08 2.32156e+07
4.77671e+08 2.31486e+07
4.77671e+08 2.31038e+07
4.77682e+08 2.30703e+07
4.77682e+08 2.30255e+07
4.77682e+08 2.29919e+07
4.77682e+08 2.29919e+07
4.77693e+08 2.29695e+07
4.77693e+08 2.29695e+07
4.77693e+08 2.29695e+07
4.77693e+08 2.29695e+07
4.77693e+08 2.29695e+07
4.77693e+08 2.29695e+07
4.77693e+08 2.29695e+07
4.77693e+08 2.29695e+07
4.77693e+08 2.29695e+07
4.77693e+08 2.29695e+07
4.77693e+08 2.29695e+07
4.77693e+08 2.29695e+07
4.77705e+08 2.29807e+07
4.77705e+08 2.29807e+07
4.77705e+08 2.29807e+07
4.77716e+08 2.2992e+07
4.77716e+08 2.2992e+07
4.77716e+08 2.2992e+07
4.77716e+08 2.2992e+07
4.77716e+08 2.2992e+07
4.77951e+08 2.30926e+07
4.77963e+08 2.30926e+07
4.77974e+08 2.30814e+07
4.77974e+08 2.3059e+07
4.77996e+08 2.30814e+07
4.78041e+08 2.3059e+07
5.01515e+08 2.38446e+07
5.01515e+08 2.38446e+07
5.01515e+08 2.38446e+07
5.01515e+08 2.38446e+07
5.01515e+08 2.38446e+07
5.01515e+08 2.38446e+07
5.01515e+08 2.38446e+07
5.01515e+08 2.38446e+07
5.01527e+08 2.38447e+07
5.01527e+08 2.38447e+07
5.01527e+08 2.38447e+07
5.01527e+08 2.38447e+07
5.01527e+08 2.38335e+07
5.01527e+08 2.38335e+07
5.01527e+08 2.38335e+07
5.01527e+08 2.38335e+07
5.01527e+08 2.38335e+07
5.01527e+08 2.38335e+07
5.01527e+08 2.38335e+07
5.01527e+08 2.38335e+07
5.01527e+08 2.38335e+07
5.01527e+08 2.38335e+07
5.01527e+08 2.38335e+07
5.01538e+08 2.38447e+07
5.01538e+08 2.38447e+07
5.01549e+08 2.38447e+07
5.01549e+08 2.38447e+07
5.01549e+08 2.38447e+07
5.01549e+08 2.38335e+07
5.01549e+08 2.38335e+07
5.01549e+08 2.38335e+07
5.01549e+08 2.38335e+07
5.01549e+08 2.38335e+07
5.0183e+08 2.38783e+07
5.01841e+08 2.38783e+07
5.01852e+08 2.38783e+07
5.01852e+08 2.38783e+07
5.01897e+08 2.39006e+07
5.01942e+08 2.39006e+07
5.25825e+08 2.43095e+07
5.25847e+08 2.43319e+07
5.25847e+08 2.43319e+07
5.25847e+08 2.43319e+07
5.25847e+08 2.43319e+07
5.25847e+08 2.43319e+07
5.25847e+08 2.43319e+07
5.25847e+08 2.43319e+07
5.25847e+08 2.43206e+07
5.25847e+08 2.43206e+07
5.25847e+08 2.43206e+07
5.25847e+08 2.43206e+07
5.25847e+08 2.43206e+07
5.25847e+08 2.43206e+07
5.25847e+08 2.43206e+07
5.25847e+08 2.43206e+07
5.25892e+08 2.43654e+07
5.25892e+08 2.43654e+07
5.25892e+08 2.43654e+07
5.25892e+08 2.43654e+07
5.25892e+08 2.43654e+07
5.25892e+08 2.43654e+07
5.25892e+08 2.43654e+07
5.25903e+08 2.43654e+07
5.25903e+08 2.43654e+07
5.25915e+08 2.43654e+07
5.25915e+08 2.43654e+07
5.25915e+08 2.43654e+07
5.25915e+08 2.43654e+07
5.25915e+08 2.43654e+07
5.25915e+08 2.43654e+07
5.25915e+08 2.43654e+07
5.25915e+08 2.43654e+07
5.25915e+08 2.43654e+07
5.26218e+08 2.43879e+07
5.26229e+08 2.43879e+07
5.26229e+08 2.43767e+07
5.26229e+08 2.43767e+07
5.26251e+08 2.43543e+07
5.2633e+08 2.43878e+07
5.5083e+08 2.50055e+07
5.50853e+08 2.50055e+07
5.50853e+08 2.50055e+07
5.50897e+08 2.50502e+07
5.50897e+08 2.50502e+07
5.50897e+08 2.50502e+07
5.50897e+08 2.50502e+07
5.50909e+08 2.50614e+07
5.50909e+08 2.50613e+07
5.50909e+08 2.50613e+07
5.50909e+08 2.50613e+07
5.50909e+08 2.50614e+07
5.50909e+08 2.50614e+07
5.50909e+08 2.50614e+07
5.50909e+08 2.50614e+07
5.5092e+08 2.50725e+07
5.5092e+08 2.50278e+07
5.5092e+08 2.50278e+07
5.5092e+08 2.50278e+07
5.5092e+08 2.50278e+07
5.50931e+08 2.5039e+07
5.50931e+08 2.5039e+07
5.50931e+08 2.5039e+07
5.50931e+08 2.50278e+07
5.50931e+08 2.50279e+07
5.50965e+08 2.50502e+07
5.50965e+08 2.50502e+07
5.50965e+08 2.50502e+07
5.50976e+08 2.50614e+07
5.50976e+08 2.50614e+07
5.50976e+08 2.50614e+07
5.50976e+08 2.50614e+07
5.50976e+08 2.50614e+07
5.50976e+08 2.50614e+07
5.50976e+08 2.50614e+07
5.51257e+08 2.5039e+07
5.51257e+08 2.50278e+07
5.51268e+08 2.5039e+07
5.51313e+08 2.50837e+07
5.51391e+08 2.51397e+07
5.51391e+08 2.50614e+07
5.76416e+08 2.55854e+07
5.76416e+08 2.55631e+07
5.76427e+08 2.55742e+07
5.76438e+08 2.55407e+07
5.7646e+08 2.55631e+07
5.7646e+08 2.55631e+07
5.7646e+08 2.55631e+07
5.76472e+08 2.5563e+07
5.76483e+08 2.55742e+07
5.76494e+08 2.55854e+07
5.76494e+08 2.55854e+07
5.76494e+08 2.55854e+07
5.76494e+08 2.55854e+07
5.76494e+08 2.55854e+07
5.76494e+08 2.55854e+07
5.76539e+08 2.5619e+07
5.76561e+08 2.56413e+07
5.76595e+08 2.56748e+07
5.76595e+08 2.56748e+07
5.76606e+08 2.5686e+07
5.76606e+08 2.56748e+07
5.76606e+08 2.56748e+07
5.76606e+08 2.56748e+07
5.76606e+08 2.56748e+07
5.76617e+08 2.5686e+07
5.76617e+08 2.56524e+07
5.76617e+08 2.56525e+07
5.76617e+08 2.56525e+07
5.76617e+08 2.56413e+07
5.76617e+08 2.56413e+07
5.76617e+08 2.56413e+07
5.76617e+08 2.56413e+07
5.76617e+08 2.56413e+07
5.76617e+08 2.56413e+07
5.76617e+08 2.56414e+07
5.76617e+08 2.56414e+07
5.7692e+08 2.56637e+07
5.7692e+08 2.56637e+07
5.7692e+08 2.56525e+07
5.76987e+08 2.56749e+07
5.7711e+08 2.57195e+07
5.77133e+08 2.57419e+07
6.02367e+08 2.59512e+07
6.02367e+08 2.59512e+07
6.02445e+08 2.60182e+07
6.02479e+08 2.60406e+07
6.0249e+08 2.60294e+07
6.02501e+08 2.60406e+07
6.02501e+08 2.60406e+07
6.02501e+08 2.60294e+07
6.02523e+08 2.60406e+07
6.02557e+08 2.60629e+07
6.02557e+08 2.60629e+07
6.02557e+08 2.60629e+07
6.02557e+08 2.60629e+07
6.02557e+08 2.60629e+07
6.02568e+08 2.60741e+07
6.02579e+08 2.60406e+07
6.02579e+08 2.60182e+07
6.02602e+08 2.60071e+07
6.02613e+08 2.60182e+07
6.02635e+08 2.60294e+07
6.02647e+08 2.60406e+07
6.02658e+08 2.60518e+07
6.02658e+08 2.60518e+07
6.02658e+08 2.60518e+07
6.0268e+08 2.6063e+07
6.02703e+08 2.60853e+07
6.02703e+08 2.60853e+07
6.02714e+08 2.60965e+07
6.02714e+08 2.60965e+07
6.02714e+08 2.60965e+07
6.02714e+08 2.60965e+07
6.02714e+08 2.60965e+07
6.02714e+08 2.60965e+07
6.02714e+08 2.60965e+07
6.02714e+08 2.60964e+07
6.02725e+08 2.61077e+07
6.02725e+08 2.61077e+07
6.03117e+08 2.61971e+07
6.03129e+08 2.62083e+07
6.03129e+08 2.62083e+07
6.03185e+08 2.61971e+07
6.03196e+08 2.60853e+07
6.03229e+08 2.60965e+07
6.26384e+08 2.40171e+07
6.26384e+08 2.40171e+07
6.26552e+08 2.41065e+07
6.26552e+08 2.4073e+07
6.26552e+08 2.40618e+07
6.26552e+08 2.40506e+07
6.26552e+08 2.40506e+07
6.26552e+08 2.40506e+07
6.26552e+08 2.40283e+07
6.26552e+08 2.39947e+07
6.26552e+08 2.39947e+07
6.26552e+08 2.39947e+07
6.26552e+08 2.39947e+07
6.26552e+08 2.39947e+07
6.26552e+08 2.39835e+07
6.26552e+08 2.39723e+07
6.26664e+08 2.40841e+07
6.26809e+08 2.4207e+07
6.26809e+08 2.41958e+07
6.26809e+08 2.41735e+07
6.26809e+08 2.41623e+07
6.26809e+08 2.41511e+07
6.26809e+08 2.41511e+07
6.26809e+08 2.41511e+07
6.26809e+08 2.41287e+07
6.26809e+08 2.41063e+07
6.26809e+08 2.41063e+07
6.26809e+08 2.40951e+07
6.26809e+08 2.40951e+07
6.2691e+08 2.41957e+07
6.2691e+08 2.41957e+07
6.2691e+08 2.41957e+07
6.2691e+08 2.41957e+07
6.2691e+08 2.41957e+07
6.2691e+08 2.41957e+07
6.2691e+08 2.41957e+07
6.2691e+08 2.41845e+07
6.2691e+08 2.41845e+07
6.27603e+08 2.44856e+07
6.27603e+08 2.44744e+07
6.27637e+08 2.45081e+07
6.2767e+08 2.44858e+07
6.27704e+08 2.45082e+07
6.27726e+08 2.4497e+07
6.35226e+08 8.84189e+06
6.35237e+08 8.85308e+06
6.35237e+08 8.68542e+06
