5.41579e+06 5.41497e+06
8.44065e+06 3.02486e+06
8.50771e+06 3.09192e+06
1.03132e+07 1.87252e+06
1.04249e+07 1.91723e+06
1.20576e+07 1.74444e+06
1.22365e+07 1.92331e+06
1.22924e+07 1.86744e+06
1.44282e+07 2.37056e+06
1.44518e+07 2.21528e+06
1.44518e+07 2.2153e+06
1.44519e+07 2.15948e+06
1.76694e+07 3.24119e+06
1.77142e+07 3.26244e+06
1.77254e+07 3.27365e+06
1.77254e+07 3.27358e+06
1.77255e+07 3.27361e+06
2.12031e+07 3.53377e+06
2.12927e+07 3.57854e+06
2.12927e+07 3.56732e+06
2.12928e+07 3.56732e+06
2.13039e+07 3.57846e+06
2.13039e+07 3.57847e+06
2.51843e+07 3.98113e+06
2.52961e+07 4.00338e+06
2.53297e+07 4.03692e+06
2.53409e+07 4.0481e+06
2.53409e+07 4.03693e+06
2.53409e+07 4.03694e+06
2.53409e+07 4.03695e+06
2.94004e+07 4.2161e+06
2.95122e+07 4.21605e+06
2.95122e+07 4.18251e+06
2.95458e+07 4.20491e+06
2.95458e+07 4.20491e+06
2.95458e+07 4.20496e+06
2.95459e+07 4.20497e+06
3.40749e+07 4.67449e+06
3.40861e+07 4.68569e+06
3.40861e+07 4.57391e+06
3.40861e+07 4.57392e+06
3.41644e+07 4.6186e+06
3.41644e+07 4.6186e+06
3.41644e+07 4.61859e+06
3.4198e+07 4.65216e+06
3.92862e+07 5.21132e+06
3.93421e+07 5.25603e+06
3.93421e+07 5.25604e+06
3.9398e+07 5.31192e+06
3.9398e+07 5.31191e+06
3.95211e+07 5.35669e+06
3.95211e+07 5.35669e+06
3.95658e+07 5.40134e+06
3.96105e+07 5.41248e+06
4.52742e+07 5.98797e+06
4.52946e+07 5.95251e+06
4.5305e+07 5.96288e+06
4.5305e+07 5.907e+06
4.53573e+07 5.9593e+06
4.53685e+07 5.97048e+06
4.5458e+07 5.9369e+06
4.54691e+07 5.94808e+06
4.54692e+07 5.90338e+06
4.54915e+07 5.88102e+06
5.18321e+07 6.55794e+06
5.18992e+07 6.6046e+06
5.18992e+07 6.59423e+06
5.19105e+07 6.60546e+06
5.20335e+07 6.67617e+06
5.20335e+07 6.67618e+06
5.20335e+07 6.665e+06
5.20559e+07 6.59798e+06
5.20559e+07 6.58679e+06
5.2056e+07 6.58681e+06
5.20672e+07 6.57562e+06
5.90038e+07 7.17166e+06
5.91157e+07 7.21644e+06
5.91157e+07 7.21644e+06
5.91381e+07 7.22759e+06
5.91493e+07 7.11579e+06
5.91493e+07 7.11579e+06
5.91493e+07 7.11579e+06
5.91493e+07 7.11579e+06
5.91828e+07 7.12691e+06
5.91829e+07 7.12691e+06
5.91829e+07 7.12689e+06
5.91829e+07 7.1157e+06
6.67108e+07 7.70708e+06
6.69345e+07 7.81884e+06
6.69345e+07 7.81884e+06
6.70464e+07 7.90833e+06
6.70576e+07 7.90837e+06
6.708e+07 7.93073e+06
6.708e+07 7.93073e+06
6.708e+07 7.93073e+06
6.708e+07 7.93073e+06
6.708e+07 7.89718e+06
6.708e+07 7.89718e+06
6.708e+07 7.89718e+06
6.708e+07 7.89718e+06
7.52079e+07 8.49703e+06
7.53868e+07 8.45234e+06
7.54204e+07 8.4859e+06
7.55546e+07 8.50825e+06
7.55546e+07 8.49702e+06
7.55658e+07 8.48583e+06
7.55658e+07 8.48583e+06
7.55658e+07 8.48583e+06
7.55659e+07 8.48583e+06
7.55659e+07 8.48584e+06
7.5577e+07 8.49702e+06
7.5577e+07 8.49702e+06
7.55771e+07 8.49702e+06
7.55771e+07 8.49702e+06
8.4255e+07 9.0471e+06
8.43109e+07 8.92407e+06
8.43222e+07 8.90179e+06
8.43558e+07 8.80113e+06
8.43781e+07 8.82348e+06
8.44117e+07 8.84585e+06
8.44229e+07 8.85704e+06
8.44229e+07 8.85704e+06
8.44452e+07 8.87939e+06
8.44564e+07 8.89057e+06
8.44564e+07 8.87939e+06
8.44564e+07 8.8794e+06
8.44564e+07 8.8794e+06
8.44676e+07 8.89057e+06
8.44676e+07 8.89057e+06
9.38243e+07 9.56938e+06
9.38468e+07 9.53584e+06
9.3981e+07 9.65883e+06
9.40481e+07 9.69234e+06
9.40481e+07 9.66998e+06
9.41152e+07 9.70354e+06
9.41152e+07 9.69236e+06
9.41152e+07 9.69236e+06
9.41153e+07 9.67007e+06
9.41153e+07 9.65889e+06
9.41153e+07 9.65889e+06
9.41153e+07 9.65889e+06
9.41153e+07 9.6589e+06
9.41153e+07 9.6589e+06
9.41154e+07 9.64772e+06
9.41154e+07 9.64772e+06
1.03945e+08 1.01208e+07
1.0399e+08 1.01431e+07
1.04012e+08 1.00313e+07
1.04012e+08 9.96425e+06
1.04012e+08 9.96425e+06
1.04012e+08 9.89716e+06
1.04012e+08 9.89715e+06
1.04024e+08 9.90834e+06
1.04102e+08 9.98663e+06
1.04102e+08 9.98663e+06
1.04102e+08 9.98663e+06
1.04113e+08 9.9978e+06
1.04135e+08 1.00202e+07
1.04136e+08 1.00202e+07
1.04158e+08 1.00425e+07
1.0418e+08 1.00649e+07
1.04191e+08 1.0076e+07
1.14684e+08 1.07392e+07
1.14707e+08 1.07168e+07
1.1474e+08 1.07281e+07
1.1474e+08 1.07281e+07
1.14741e+08 1.07282e+07
1.14741e+08 1.07282e+07
1.14741e+08 1.07282e+07
1.14752e+08 1.07282e+07
1.14819e+08 1.07169e+07
1.14819e+08 1.07169e+07
1.1483e+08 1.07281e+07
1.1483e+08 1.07169e+07
1.1483e+08 1.06945e+07
1.14841e+08 1.07057e+07
1.14864e+08 1.07057e+07
1.14864e+08 1.07057e+07
1.14864e+08 1.06834e+07
1.14864e+08 1.06722e+07
1.25845e+08 1.11608e+07
1.25879e+08 1.1172e+07
1.25935e+08 1.11944e+07
1.25946e+08 1.12056e+07
1.25946e+08 1.12056e+07
1.25946e+08 1.12056e+07
1.25946e+08 1.12055e+07
1.25957e+08 1.12056e+07
1.26013e+08 1.11944e+07
1.26013e+08 1.11944e+07
1.26013e+08 1.11832e+07
1.26013e+08 1.11832e+07
1.26013e+08 1.11832e+07
1.26013e+08 1.1172e+07
1.26013e+08 1.11497e+07
1.26047e+08 1.11832e+07
1.26058e+08 1.11944e+07
1.26058e+08 1.11944e+07
1.26058e+08 1.11944e+07
1.37688e+08 1.18429e+07
1.37688e+08 1.18094e+07
1.377e+08 1.17648e+07
1.37733e+08 1.17871e+07
1.37733e+08 1.17871e+07
1.37733e+08 1.17871e+07
1.37733e+08 1.17871e+07
1.37733e+08 1.17759e+07
1.37767e+08 1.17536e+07
1.37767e+08 1.17536e+07
1.37767e+08 1.17536e+07
1.37767e+08 1.17536e+07
1.37767e+08 1.17536e+07
1.37789e+08 1.17759e+07
1.37789e+08 1.17759e+07
1.37812e+08 1.17647e+07
1.37812e+08 1.17536e+07
1.37845e+08 1.17871e+07
1.37845e+08 1.17871e+07
1.37845e+08 1.17871e+07
1.50134e+08 1.24458e+07
1.50134e+08 1.24458e+07
1.50168e+08 1.24681e+07
1.50179e+08 1.24458e+07
1.50179e+08 1.24458e+07
1.50179e+08 1.24458e+07
1.50179e+08 1.24458e+07
1.50179e+08 1.24458e+07
1.50213e+08 1.24458e+07
1.50213e+08 1.24458e+07
1.50224e+08 1.2457e+07
1.50224e+08 1.2457e+07
1.50235e+08 1.24682e+07
1.50246e+08 1.2457e+07
1.5028e+08 1.24905e+07
1.5028e+08 1.24682e+07
1.5028e+08 1.24682e+07
1.50302e+08 1.2457e+07
1.50302e+08 1.2457e+07
1.50302e+08 1.2457e+07
1.50302e+08 1.2457e+07
1.63228e+08 1.30942e+07
1.63239e+08 1.31055e+07
1.63296e+08 1.31279e+07
1.63296e+08 1.31167e+07
1.63296e+08 1.31167e+07
1.63307e+08 1.31279e+07
1.63307e+08 1.31279e+07
1.63307e+08 1.31279e+07
1.63363e+08 1.31502e+07
1.63363e+08 1.31502e+07
1.63396e+08 1.31726e+07
1.63396e+08 1.31726e+07
1.63396e+08 1.31614e+07
1.63396e+08 1.31502e+07
1.6343e+08 1.31502e+07
1.6343e+08 1.31502e+07
1.6343e+08 1.31502e+07
1.63464e+08 1.31614e+07
1.63464e+08 1.31614e+07
1.63464e+08 1.31614e+07
1.63464e+08 1.31614e+07
1.63486e+08 1.31838e+07
1.76301e+08 1.30734e+07
1.76301e+08 1.30621e+07
1.76347e+08 1.3051e+07
1.76347e+08 1.3051e+07
1.76347e+08 1.3051e+07
1.76347e+08 1.30398e+07
1.76358e+08 1.3051e+07
1.76358e+08 1.3051e+07
1.76369e+08 1.30062e+07
1.76414e+08 1.3051e+07
1.76459e+08 1.30621e+07
1.76459e+08 1.30621e+07
1.76481e+08 1.30845e+07
1.76503e+08 1.31069e+07
1.76526e+08 1.30957e+07
1.76537e+08 1.31069e+07
1.76537e+08 1.31069e+07
1.76559e+08 1.30957e+07
1.76559e+08 1.30957e+07
1.76559e+08 1.30957e+07
1.76559e+08 1.30957e+07
1.7657e+08 1.30845e+07
1.89969e+08 1.36677e+07
1.89969e+08 1.36677e+07
1.89969e+08 1.36677e+07
1.90104e+08 1.37571e+07
1.90104e+08 1.37571e+07
1.90104e+08 1.37571e+07
1.90137e+08 1.37907e+07
1.90148e+08 1.37907e+07
1.90148e+08 1.37907e+07
1.90149e+08 1.37795e+07
1.90149e+08 1.37347e+07
1.9026e+08 1.38018e+07
1.9026e+08 1.38018e+07
1.9026e+08 1.37795e+07
1.9026e+08 1.37571e+07
1.90383e+08 1.38577e+07
1.90406e+08 1.38689e+07
1.90406e+08 1.38689e+07
1.90428e+08 1.38689e+07
1.90428e+08 1.38689e+07
1.90428e+08 1.38689e+07
1.90428e+08 1.38689e+07
1.90428e+08 1.38577e+07
2.04349e+08 1.43797e+07
2.04371e+08 1.44021e+07
2.04371e+08 1.44021e+07
2.04405e+08 1.44357e+07
2.04618e+08 1.45139e+07
2.04618e+08 1.45139e+07
2.04618e+08 1.45139e+07
2.04629e+08 1.44915e+07
2.0464e+08 1.44915e+07
2.04662e+08 1.45139e+07
2.04662e+08 1.45139e+07
2.04662e+08 1.45139e+07
2.0473e+08 1.44692e+07
2.0473e+08 1.44692e+07
2.0473e+08 1.44692e+07
2.0473e+08 1.44692e+07
2.04741e+08 1.43574e+07
2.04786e+08 1.43798e+07
2.04797e+08 1.4391e+07
2.04797e+08 1.43686e+07
2.04797e+08 1.43686e+07
2.04808e+08 1.43798e+07
2.04819e+08 1.4391e+07
2.04819e+08 1.4391e+07
2.19312e+08 1.49632e+07
2.19312e+08 1.49408e+07
2.19312e+08 1.49408e+07
2.19312e+08 1.49073e+07
2.19323e+08 1.49185e+07
2.19536e+08 1.49185e+07
2.19536e+08 1.49185e+07
2.19536e+08 1.49185e+07
2.19536e+08 1.49073e+07
2.19547e+08 1.49073e+07
2.19559e+08 1.48961e+07
2.19559e+08 1.48961e+07
2.19559e+08 1.48961e+07
2.19592e+08 1.48626e+07
2.19603e+08 1.48738e+07
2.19603e+08 1.48738e+07
2.19603e+08 1.48738e+07
2.19615e+08 1.48738e+07
2.19671e+08 1.4885e+07
2.19671e+08 1.48738e+07
2.19693e+08 1.48961e+07
2.19715e+08 1.49185e+07
2.19738e+08 1.49296e+07
2.1976e+08 1.49408e+07
2.1976e+08 1.49408e+07
2.34781e+08 1.54693e+07
2.34781e+08 1.54693e+07
2.34781e+08 1.54693e+07
2.34781e+08 1.54693e+07
2.34781e+08 1.54581e+07
2.34781e+08 1.54581e+07
2.34994e+08 1.54582e+07
2.34994e+08 1.54582e+07
2.34994e+08 1.54582e+07
2.34994e+08 1.54582e+07
2.35006e+08 1.54582e+07
2.35006e+08 1.5447e+07
2.3505e+08 1.54917e+07
2.3505e+08 1.54917e+07
2.35095e+08 1.55029e+07
2.35117e+08 1.55141e+07
2.35117e+08 1.55141e+07
2.35117e+08 1.55141e+07
2.35185e+08 1.55699e+07
2.35218e+08 1.55476e+07
2.3524e+08 1.55699e+07
2.35252e+08 1.55587e+07
2.35252e+08 1.55364e+07
2.35252e+08 1.55141e+07
2.35252e+08 1.54917e+07
2.35252e+08 1.54917e+07
2.5096e+08 1.61791e+07
2.50961e+08 1.61791e+07
2.50961e+08 1.61791e+07
2.50961e+08 1.61791e+07
2.50961e+08 1.61791e+07
2.50961e+08 1.61793e+07
2.51095e+08 1.6101e+07
2.51106e+08 1.61122e+07
2.51118e+08 1.61233e+07
2.51118e+08 1.61233e+07
2.51118e+08 1.61233e+07
2.51129e+08 1.61234e+07
2.51129e+08 1.61234e+07
2.51207e+08 1.61569e+07
2.51218e+08 1.61681e+07
2.51308e+08 1.62128e+07
2.51308e+08 1.61904e+07
2.51308e+08 1.61904e+07
2.51308e+08 1.61904e+07
2.5133e+08 1.61457e+07
2.5133e+08 1.61121e+07
2.5133e+08 1.60898e+07
2.5133e+08 1.60786e+07
2.51375e+08 1.61233e+07
2.51375e+08 1.61233e+07
2.51375e+08 1.61233e+07
2.51386e+08 1.61345e+07
2.67571e+08 1.66103e+07
2.67571e+08 1.66103e+07
2.67571e+08 1.66103e+07
2.67582e+08 1.66215e+07
2.67582e+08 1.66215e+07
2.67627e+08 1.66662e+07
2.67784e+08 1.66885e+07
2.67795e+08 1.66886e+07
2.67806e+08 1.66997e+07
2.67817e+08 1.66997e+07
2.67817e+08 1.66997e+07
2.67862e+08 1.67445e+07
2.67907e+08 1.6778e+07
2.67907e+08 1.6778e+07
2.6794e+08 1.67333e+07
2.67952e+08 1.67333e+07
2.67996e+08 1.66885e+07
2.68008e+08 1.66997e+07
2.68008e+08 1.66997e+07
2.68008e+08 1.66997e+07
2.68008e+08 1.66774e+07
2.68008e+08 1.66774e+07
2.68008e+08 1.66774e+07
2.68008e+08 1.66774e+07
2.68008e+08 1.66327e+07
2.68008e+08 1.66327e+07
2.68019e+08 1.66439e+07
2.68041e+08 1.66551e+07
2.84755e+08 1.71841e+07
2.84755e+08 1.71841e+07
2.84755e+08 1.71841e+07
2.84766e+08 1.71842e+07
2.84766e+08 1.71842e+07
2.84811e+08 1.71841e+07
2.85091e+08 1.73071e+07
2.85102e+08 1.73071e+07
2.85113e+08 1.73071e+07
2.85136e+08 1.73183e+07
2.85136e+08 1.73183e+07
2.85136e+08 1.73184e+07
2.85147e+08 1.72848e+07
2.8518e+08 1.72736e+07
2.85192e+08 1.72847e+07
2.85248e+08 1.73071e+07
2.85248e+08 1.72959e+07
2.85259e+08 1.72624e+07
2.8527e+08 1.72624e+07
2.8527e+08 1.72624e+07
2.8527e+08 1.72624e+07
2.8527e+08 1.72624e+07
2.8527e+08 1.72624e+07
2.8527e+08 1.72624e+07
2.8527e+08 1.72624e+07
2.8527e+08 1.72624e+07
2.8527e+08 1.72624e+07
2.8527e+08 1.72512e+07
2.8527e+08 1.72289e+07
3.02506e+08 1.77516e+07
3.02506e+08 1.77516e+07
3.02507e+08 1.77516e+07
3.02529e+08 1.77626e+07
3.0254e+08 1.77738e+07
3.02551e+08 1.77403e+07
3.02854e+08 1.77627e+07
3.02854e+08 1.77516e+07
3.02865e+08 1.77515e+07
3.02965e+08 1.78297e+07
3.02977e+08 1.78409e+07
3.03021e+08 1.78856e+07
3.03033e+08 1.78968e+07
3.03033e+08 1.78856e+07
3.03055e+08 1.78744e+07
3.03066e+08 1.78744e+07
3.03077e+08 1.78297e+07
3.03077e+08 1.78297e+07
3.03077e+08 1.78185e+07
3.031e+08 1.78297e+07
3.03122e+08 1.78521e+07
3.03122e+08 1.78521e+07
3.03122e+08 1.78521e+07
3.03133e+08 1.78632e+07
3.03156e+08 1.78856e+07
3.03156e+08 1.78856e+07
3.03156e+08 1.78856e+07
3.03156e+08 1.78856e+07
3.03156e+08 1.78856e+07
3.03156e+08 1.78856e+07
3.20899e+08 1.83928e+07
3.20899e+08 1.83928e+07
3.20899e+08 1.83928e+07
3.20899e+08 1.83704e+07
3.20899e+08 1.83592e+07
3.20899e+08 1.83481e+07
3.21257e+08 1.84038e+07
3.21258e+08 1.84038e+07
3.21258e+08 1.83926e+07
3.21258e+08 1.82921e+07
3.21258e+08 1.82809e+07
3.21291e+08 1.82698e+07
3.21291e+08 1.82586e+07
3.21336e+08 1.83033e+07
3.21358e+08 1.83257e+07
3.21381e+08 1.83257e+07
3.21381e+08 1.83145e+07
3.21381e+08 1.83033e+07
3.21403e+08 1.83257e+07
3.21403e+08 1.83257e+07
3.21448e+08 1.83481e+07
3.2147e+08 1.8348e+07
3.2147e+08 1.8348e+07
3.2147e+08 1.8348e+07
3.2147e+08 1.83369e+07
3.21492e+08 1.83368e+07
3.21493e+08 1.83369e+07
3.21493e+08 1.83369e+07
3.21493e+08 1.83369e+07
3.21504e+08 1.8348e+07
3.21504e+08 1.8348e+07
3.39926e+08 1.90264e+07
3.39926e+08 1.90264e+07
3.39926e+08 1.90264e+07
3.39926e+08 1.90264e+07
3.39926e+08 1.90264e+07
3.39926e+08 1.90264e+07
3.40139e+08 1.8881e+07
3.40139e+08 1.8881e+07
3.40139e+08 1.8881e+07
3.40139e+08 1.8881e+07
3.40139e+08 1.8881e+07
3.40183e+08 1.88921e+07
3.40194e+08 1.89033e+07
3.40194e+08 1.88586e+07
3.40228e+08 1.88921e+07
3.40228e+08 1.88698e+07
3.40228e+08 1.88474e+07
3.40228e+08 1.88474e+07
3.40228e+08 1.88474e+07
3.40239e+08 1.88362e+07
3.4025e+08 1.88474e+07
3.40306e+08 1.88587e+07
3.40306e+08 1.88363e+07
3.40318e+08 1.88475e+07
3.40329e+08 1.88587e+07
3.4034e+08 1.88699e+07
3.40396e+08 1.89034e+07
3.40396e+08 1.89034e+07
3.40396e+08 1.89034e+07
3.40407e+08 1.89146e+07
3.40441e+08 1.89369e+07
3.40441e+08 1.89369e+07
3.59563e+08 1.96378e+07
3.59563e+08 1.96378e+07
3.59563e+08 1.96378e+07
3.59563e+08 1.96378e+07
3.59575e+08 1.9649e+07
3.59575e+08 1.9649e+07
3.59754e+08 1.96154e+07
3.59754e+08 1.96154e+07
3.59765e+08 1.96266e+07
3.59765e+08 1.96266e+07
3.59765e+08 1.96266e+07
3.59765e+08 1.95819e+07
3.59765e+08 1.95707e+07
3.59799e+08 1.96043e+07
3.59799e+08 1.95707e+07
3.5981e+08 1.95819e+07
3.5981e+08 1.95819e+07
3.5981e+08 1.95819e+07
3.59821e+08 1.95931e+07
3.59821e+08 1.95931e+07
3.59832e+08 1.95931e+07
3.59844e+08 1.95931e+07
3.59877e+08 1.95707e+07
3.59877e+08 1.95707e+07
3.59877e+08 1.95595e+07
3.59877e+08 1.95483e+07
3.59877e+08 1.95372e+07
3.59877e+08 1.94813e+07
3.59888e+08 1.94924e+07
3.59888e+08 1.94924e+07
3.599e+08 1.94924e+07
3.599e+08 1.94589e+07
3.59911e+08 1.94701e+07
3.79856e+08 2.02929e+07
3.79856e+08 2.02929e+07
3.79856e+08 2.02929e+07
3.79868e+08 2.03041e+07
3.79868e+08 2.02929e+07
3.79879e+08 2.0304e+07
3.79991e+08 2.0237e+07
3.79991e+08 2.0237e+07
3.79991e+08 2.02258e+07
3.79991e+08 2.02258e+07
3.79991e+08 2.02258e+07
3.80002e+08 2.0237e+07
3.80002e+08 2.0237e+07
3.80047e+08 2.02481e+07
3.80047e+08 2.02481e+07
3.80047e+08 2.0237e+07
3.80058e+08 2.02481e+07
3.80058e+08 2.02481e+07
3.80058e+08 2.02481e+07
3.80058e+08 2.0237e+07
3.80069e+08 2.02481e+07
3.80069e+08 2.0237e+07
3.80069e+08 2.02258e+07
3.80081e+08 2.02034e+07
3.80081e+08 2.02034e+07
3.80103e+08 2.02258e+07
3.80103e+08 2.02258e+07
3.80114e+08 2.0237e+07
3.80114e+08 2.0237e+07
3.80114e+08 2.02258e+07
3.80137e+08 2.02481e+07
3.80137e+08 2.0237e+07
3.80137e+08 2.0237e+07
3.80137e+08 2.02258e+07
4.00737e+08 2.08802e+07
4.00737e+08 2.08802e+07
4.00737e+08 2.08802e+07
4.00748e+08 2.08802e+07
4.00748e+08 2.08802e+07
4.0077e+08 2.08914e+07
4.00871e+08 2.08802e+07
4.00871e+08 2.08802e+07
4.00871e+08 2.08802e+07
4.00882e+08 2.08914e+07
4.00894e+08 2.09026e+07
4.00894e+08 2.08914e+07
4.00905e+08 2.09026e+07
4.00905e+08 2.08578e+07
4.00927e+08 2.08802e+07
4.00949e+08 2.09025e+07
4.00949e+08 2.08914e+07
4.00949e+08 2.08914e+07
4.00949e+08 2.08914e+07
4.00949e+08 2.08914e+07
4.00949e+08 2.08914e+07
4.00949e+08 2.08802e+07
4.0095e+08 2.08802e+07
4.0095e+08 2.08802e+07
4.0095e+08 2.0869e+07
4.0095e+08 2.0869e+07
4.0095e+08 2.08467e+07
4.0095e+08 2.08467e+07
4.0095e+08 2.08355e+07
4.00994e+08 2.08802e+07
4.00994e+08 2.08802e+07
4.01017e+08 2.08802e+07
4.01028e+08 2.08914e+07
4.01028e+08 2.08914e+07
4.01028e+08 2.08914e+07
4.22198e+08 2.14611e+07
4.22198e+08 2.14611e+07
4.22198e+08 2.14611e+07
4.22198e+08 2.145e+07
4.22198e+08 2.145e+07
4.22209e+08 2.14388e+07
4.22355e+08 2.14835e+07
4.22355e+08 2.14835e+07
4.22355e+08 2.14835e+07
4.22377e+08 2.14947e+07
4.22377e+08 2.14835e+07
4.22388e+08 2.14947e+07
4.22388e+08 2.14835e+07
4.22399e+08 2.14947e+07
4.22411e+08 2.14835e+07
4.22411e+08 2.14611e+07
4.22411e+08 2.14611e+07
4.22411e+08 2.14611e+07
4.22411e+08 2.14611e+07
4.22411e+08 2.14611e+07
4.22411e+08 2.14612e+07
4.22411e+08 2.14612e+07
4.22411e+08 2.14612e+07
4.22411e+08 2.14611e+07
4.22411e+08 2.14612e+07
4.22411e+08 2.14612e+07
4.22411e+08 2.14612e+07
4.22411e+08 2.14612e+07
4.22411e+08 2.14612e+07
4.22411e+08 2.14612e+07
4.22411e+08 2.14165e+07
4.22411e+08 2.14165e+07
4.22444e+08 2.14276e+07
4.22478e+08 2.145e+07
4.22478e+08 2.145e+07
4.22478e+08 2.145e+07
4.44184e+08 2.19859e+07
4.44195e+08 2.19971e+07
4.44195e+08 2.19971e+07
4.44195e+08 2.19971e+07
4.44195e+08 2.19971e+07
4.44217e+08 2.20083e+07
4.44307e+08 2.19524e+07
4.44408e+08 2.2053e+07
4.44408e+08 2.2053e+07
4.44408e+08 2.20306e+07
4.44408e+08 2.20306e+07
4.44408e+08 2.20195e+07
4.44408e+08 2.20195e+07
4.44408e+08 2.20083e+07
4.44408e+08 2.19971e+07
4.44408e+08 2.19971e+07
4.44408e+08 2.19971e+07
4.44408e+08 2.19971e+07
4.44408e+08 2.19971e+07
4.44408e+08 2.19971e+07
4.44408e+08 2.19971e+07
4.44408e+08 2.19971e+07
4.44408e+08 2.19971e+07
4.44408e+08 2.19971e+07
4.44408e+08 2.19971e+07
4.44408e+08 2.19971e+07
4.44408e+08 2.19971e+07
4.44408e+08 2.19971e+07
4.44408e+08 2.19971e+07
4.44408e+08 2.19971e+07
4.44408e+08 2.19971e+07
4.44408e+08 2.19971e+07
4.44408e+08 2.19971e+07
4.44453e+08 2.20083e+07
4.44486e+08 2.20083e+07
4.44486e+08 2.20083e+07
4.44486e+08 2.20083e+07
4.66616e+08 2.24324e+07
4.66627e+08 2.24324e+07
4.66627e+08 2.24324e+07
4.66661e+08 2.2466e+07
4.66672e+08 2.24772e+07
4.66683e+08 2.2466e+07
4.6684e+08 2.2533e+07
4.66851e+08 2.24436e+07
4.66851e+08 2.24436e+07
4.66851e+08 2.24436e+07
4.66851e+08 2.24436e+07
4.66874e+08 2.24659e+07
4.66874e+08 2.24659e+07
4.66885e+08 2.24771e+07
4.66885e+08 2.24771e+07
4.66885e+08 2.24771e+07
4.66885e+08 2.24771e+07
4.66885e+08 2.24771e+07
4.66896e+08 2.24883e+07
4.66896e+08 2.24883e+07
4.66896e+08 2.24883e+07
4.66918e+08 2.25107e+07
4.66918e+08 2.25107e+07
4.66918e+08 2.25107e+07
4.66918e+08 2.25107e+07
4.66941e+08 2.2533e+07
4.66941e+08 2.2533e+07
4.66941e+08 2.2533e+07
4.66941e+08 2.2533e+07
4.66941e+08 2.2533e+07
4.66941e+08 2.2533e+07
4.66941e+08 2.2533e+07
4.66941e+08 2.2533e+07
4.66941e+08 2.2533e+07
4.67008e+08 2.25554e+07
4.6703e+08 2.25442e+07
4.67042e+08 2.25554e+07
4.67042e+08 2.25554e+07
4.89854e+08 2.32384e+07
4.89899e+08 2.3272e+07
4.89899e+08 2.3272e+07
4.89899e+08 2.32385e+07
4.89899e+08 2.32274e+07
4.89933e+08 2.32497e+07
4.90023e+08 2.31827e+07
4.90056e+08 2.3205e+07
4.90067e+08 2.32162e+07
4.90079e+08 2.32274e+07
4.90079e+08 2.32274e+07
4.90112e+08 2.32386e+07
4.90112e+08 2.32386e+07
4.90123e+08 2.32386e+07
4.90135e+08 2.32497e+07
4.90135e+08 2.32497e+07
4.90146e+08 2.32609e+07
4.90146e+08 2.32609e+07
4.90146e+08 2.32497e+07
4.90146e+08 2.32497e+07
4.90146e+08 2.32497e+07
4.90146e+08 2.32274e+07
4.90146e+08 2.32274e+07
4.90146e+08 2.32274e+07
4.90146e+08 2.32274e+07
4.90146e+08 2.32274e+07
4.90146e+08 2.3205e+07
4.90179e+08 2.32386e+07
4.90179e+08 2.32386e+07
4.90224e+08 2.32833e+07
4.90224e+08 2.32833e+07
4.90235e+08 2.32944e+07
4.90235e+08 2.32945e+07
4.90235e+08 2.32945e+07
4.90235e+08 2.32944e+07
4.90235e+08 2.32274e+07
4.90325e+08 2.32945e+07
4.90347e+08 2.33057e+07
4.90347e+08 2.33057e+07
5.13699e+08 2.38448e+07
5.13733e+08 2.38336e+07
5.13733e+08 2.38336e+07
5.13733e+08 2.38336e+07
5.13744e+08 2.38447e+07
5.13755e+08 2.38224e+07
5.13778e+08 2.37554e+07
5.13789e+08 2.3733e+07
5.138e+08 2.3733e+07
5.138e+08 2.37219e+07
5.13812e+08 2.3733e+07
5.13823e+08 2.37107e+07
5.13823e+08 2.37107e+07
5.13823e+08 2.36995e+07
5.13823e+08 2.36883e+07
5.13823e+08 2.36883e+07
5.13823e+08 2.36772e+07
5.13823e+08 2.36772e+07
5.13834e+08 2.36883e+07
5.13834e+08 2.36883e+07
5.13845e+08 2.36995e+07
5.13845e+08 2.36995e+07
5.13845e+08 2.36995e+07
5.13856e+08 2.37107e+07
5.13856e+08 2.37107e+07
5.13857e+08 2.37107e+07
5.13857e+08 2.37107e+07
5.13857e+08 2.37107e+07
5.13912e+08 2.3733e+07
5.13924e+08 2.37442e+07
5.13935e+08 2.37107e+07
5.13946e+08 2.37219e+07
5.13957e+08 2.37219e+07
5.13968e+08 2.37331e+07
5.13968e+08 2.37331e+07
5.13968e+08 2.37331e+07
5.1398e+08 2.37442e+07
5.14058e+08 2.37331e+07
5.14114e+08 2.37666e+07
5.14114e+08 2.37666e+07
5.38104e+08 2.44046e+07
5.38104e+08 2.43711e+07
5.38104e+08 2.43711e+07
5.38115e+08 2.43823e+07
5.38126e+08 2.43822e+07
5.38126e+08 2.43711e+07
5.38138e+08 2.43598e+07
5.38149e+08 2.43599e+07
5.38149e+08 2.43487e+07
5.38149e+08 2.43487e+07
5.38149e+08 2.43375e+07
5.38149e+08 2.43264e+07
5.38149e+08 2.43264e+07
5.38149e+08 2.43264e+07
5.38149e+08 2.43264e+07
5.38149e+08 2.43264e+07
5.38149e+08 2.43264e+07
5.38149e+08 2.43264e+07
5.3816e+08 2.43263e+07
5.3816e+08 2.43264e+07
5.3816e+08 2.43152e+07
5.3816e+08 2.43152e+07
5.3816e+08 2.43152e+07
5.3816e+08 2.4304e+07
5.38161e+08 2.4304e+07
5.38161e+08 2.4304e+07
5.38161e+08 2.4304e+07
5.38161e+08 2.4304e+07
5.38161e+08 2.4304e+07
5.38161e+08 2.42481e+07
5.38172e+08 2.42481e+07
5.38183e+08 2.42481e+07
5.38194e+08 2.42481e+07
5.38205e+08 2.42481e+07
5.38228e+08 2.42593e+07
5.38228e+08 2.42593e+07
5.38228e+08 2.42593e+07
5.38239e+08 2.42593e+07
5.38351e+08 2.42929e+07
5.38384e+08 2.42705e+07
5.38384e+08 2.42705e+07
5.63121e+08 2.50171e+07
5.63121e+08 2.50171e+07
5.63121e+08 2.50171e+07
5.63132e+08 2.50171e+07
5.63132e+08 2.50059e+07
5.63132e+08 2.50059e+07
5.63143e+08 2.50058e+07
5.63166e+08 2.50171e+07
5.63166e+08 2.5017e+07
5.63166e+08 2.5017e+07
5.63166e+08 2.5017e+07
5.63166e+08 2.5017e+07
5.63166e+08 2.5017e+07
5.63166e+08 2.5017e+07
5.63166e+08 2.5017e+07
5.63166e+08 2.5017e+07
5.63166e+08 2.5017e+07
5.63166e+08 2.5017e+07
5.63166e+08 2.50059e+07
5.63166e+08 2.50058e+07
5.63166e+08 2.50058e+07
5.63166e+08 2.50058e+07
5.63166e+08 2.50058e+07
5.63166e+08 2.50058e+07
5.63166e+08 2.50058e+07
5.63166e+08 2.50058e+07
5.63166e+08 2.50058e+07
5.63166e+08 2.50058e+07
5.63166e+08 2.50058e+07
5.63166e+08 2.50059e+07
5.63166e+08 2.50059e+07
5.63166e+08 2.49947e+07
5.63166e+08 2.49835e+07
5.63166e+08 2.49723e+07
5.63167e+08 2.49612e+07
5.63167e+08 2.49388e+07
5.63167e+08 2.49388e+07
5.63167e+08 2.49389e+07
5.63167e+08 2.49277e+07
5.63267e+08 2.49165e+07
5.63346e+08 2.49612e+07
5.63346e+08 2.49612e+07
5.88682e+08 2.55611e+07
5.88682e+08 2.55611e+07
5.88693e+08 2.55723e+07
5.88693e+08 2.55611e+07
5.88693e+08 2.55611e+07
5.88693e+08 2.55611e+07
5.88693e+08 2.55499e+07
5.88727e+08 2.55611e+07
5.88727e+08 2.55611e+07
5.88727e+08 2.55611e+07
5.88727e+08 2.55611e+07
5.88727e+08 2.55611e+07
5.88727e+08 2.55611e+07
5.88727e+08 2.55611e+07
5.88727e+08 2.55611e+07
5.88727e+08 2.55611e+07
5.88727e+08 2.55611e+07
5.88727e+08 2.55611e+07
5.88727e+08 2.55611e+07
5.88727e+08 2.55611e+07
5.88727e+08 2.55611e+07
5.88727e+08 2.55611e+07
5.88727e+08 2.55612e+07
5.88727e+08 2.55612e+07
5.88727e+08 2.55612e+07
5.88728e+08 2.55612e+07
5.88728e+08 2.55612e+07
5.88728e+08 2.55612e+07
5.88728e+08 2.55612e+07
5.88728e+08 2.55612e+07
5.88728e+08 2.55612e+07
5.88728e+08 2.55612e+07
5.88728e+08 2.55612e+07
5.88728e+08 2.55612e+07
5.88728e+08 2.55612e+07
5.88728e+08 2.55612e+07
5.88728e+08 2.55612e+07
5.88728e+08 2.55612e+07
5.88728e+08 2.55612e+07
5.88728e+08 2.55612e+07
5.88784e+08 2.55165e+07
5.88851e+08 2.55053e+07
5.88851e+08 2.55053e+07
6.14529e+08 2.58471e+07
6.14529e+08 2.58471e+07
6.1454e+08 2.58471e+07
6.14563e+08 2.58694e+07
6.14596e+08 2.5903e+07
6.14596e+08 2.5903e+07
6.14596e+08 2.59029e+07
6.14608e+08 2.58802e+07
6.14608e+08 2.58802e+07
6.14608e+08 2.58802e+07
6.14608e+08 2.58802e+07
6.14608e+08 2.58802e+07
6.14608e+08 2.58802e+07
6.14608e+08 2.58802e+07
6.14608e+08 2.58802e+07
6.14608e+08 2.58802e+07
6.14608e+08 2.58802e+07
6.14608e+08 2.58802e+07
6.14608e+08 2.58802e+07
6.14608e+08 2.58802e+07
6.14608e+08 2.58802e+07
6.14608e+08 2.58802e+07
6.14608e+08 2.58802e+07
6.14608e+08 2.58802e+07
6.14608e+08 2.58802e+07
6.14608e+08 2.58801e+07
6.14608e+08 2.58801e+07
6.14608e+08 2.58801e+07
6.14608e+08 2.58801e+07
6.14608e+08 2.58801e+07
6.14608e+08 2.58801e+07
6.14608e+08 2.58801e+07
6.14608e+08 2.58801e+07
6.14608e+08 2.58801e+07
6.14608e+08 2.58801e+07
6.1463e+08 2.59025e+07
6.1463e+08 2.59025e+07
6.1463e+08 2.59024e+07
6.1463e+08 2.59024e+07
6.1463e+08 2.59024e+07
6.1463e+08 2.59024e+07
6.1463e+08 2.58464e+07
6.1463e+08 2.57792e+07
6.1463e+08 2.57792e+07
6.15696e+08 1.16652e+06
6.15696e+08 1.16652e+06
6.15707e+08 1.16649e+06
