4.21093e+06 4.21057e+06
8.36196e+06 4.15104e+06
8.36197e+06 4.15104e+06
9.53728e+06 1.17532e+06
9.53729e+06 1.17532e+06
1.18456e+07 2.30835e+06
1.18456e+07 2.30836e+06
1.18456e+07 2.30836e+06
1.44959e+07 2.65024e+06
1.44959e+07 2.65024e+06
1.44959e+07 2.65025e+06
1.4496e+07 2.65034e+06
1.73527e+07 2.85683e+06
1.73527e+07 2.85683e+06
1.73863e+07 2.8904e+06
1.75204e+07 3.02442e+06
1.75204e+07 3.02443e+06
2.07032e+07 3.35049e+06
2.07591e+07 3.40641e+06
2.09044e+07 3.51815e+06
2.0938e+07 3.41757e+06
2.09603e+07 3.43992e+06
2.09604e+07 3.43993e+06
2.45568e+07 3.85358e+06
2.45903e+07 3.83121e+06
2.46239e+07 3.71944e+06
2.46686e+07 3.73061e+06
2.47469e+07 3.78652e+06
2.47469e+07 3.78652e+06
2.47469e+07 3.78653e+06
2.85606e+07 4.00378e+06
2.85606e+07 3.97025e+06
2.85941e+07 3.97027e+06
2.86165e+07 3.94791e+06
2.86501e+07 3.9032e+06
2.86613e+07 3.91438e+06
2.86613e+07 3.91438e+06
3.33221e+07 4.76159e+06
3.33221e+07 4.76159e+06
3.33222e+07 4.76158e+06
3.33445e+07 4.75039e+06
3.33445e+07 4.72804e+06
3.34116e+07 4.76158e+06
3.34117e+07 4.75043e+06
3.34564e+07 4.79515e+06
3.87027e+07 5.38057e+06
3.87139e+07 5.39176e+06
3.87251e+07 5.40294e+06
3.87586e+07 5.43647e+06
3.87922e+07 5.44764e+06
3.87922e+07 5.44764e+06
3.88593e+07 5.44761e+06
3.89487e+07 5.53701e+06
3.89599e+07 5.50348e+06
4.48115e+07 6.10881e+06
4.48451e+07 6.13115e+06
4.48451e+07 6.11997e+06
4.48451e+07 6.08645e+06
4.48451e+07 6.08646e+06
4.48451e+07 6.05293e+06
4.48898e+07 6.09764e+06
4.49122e+07 6.05295e+06
4.49234e+07 5.97469e+06
4.49458e+07 5.98587e+06
5.16035e+07 6.79197e+06
5.16035e+07 6.75844e+06
5.16035e+07 6.75844e+06
5.16035e+07 6.75843e+06
5.16035e+07 6.75843e+06
5.16035e+07 6.75844e+06
5.16035e+07 6.75844e+06
5.16035e+07 6.71373e+06
5.16035e+07 6.69135e+06
5.16036e+07 6.68017e+06
5.16036e+07 6.6578e+06
5.87046e+07 7.10112e+06
5.87046e+07 7.10112e+06
5.87046e+07 7.10112e+06
5.87046e+07 7.10112e+06
5.87046e+07 7.10112e+06
5.87158e+07 7.11231e+06
5.87158e+07 7.11231e+06
5.87158e+07 7.11232e+06
5.87159e+07 7.11232e+06
5.87159e+07 7.11232e+06
5.87159e+07 7.11232e+06
5.87382e+07 7.13467e+06
6.63789e+07 7.67432e+06
6.63789e+07 7.67432e+06
6.63789e+07 7.67432e+06
6.63789e+07 7.67432e+06
6.63901e+07 7.68551e+06
6.64125e+07 7.69671e+06
6.64237e+07 7.7079e+06
6.64238e+07 7.7079e+06
6.64238e+07 7.70791e+06
6.64238e+07 7.70791e+06
6.64238e+07 7.70791e+06
6.64238e+07 7.70791e+06
6.64238e+07 7.68556e+06
7.44977e+07 8.11878e+06
7.44977e+07 8.11878e+06
7.44977e+07 8.11878e+06
7.44977e+07 8.11878e+06
7.44977e+07 8.10759e+06
7.45872e+07 8.17468e+06
7.4632e+07 8.20824e+06
7.46432e+07 8.21948e+06
7.46432e+07 8.21948e+06
7.46432e+07 8.21949e+06
7.46768e+07 8.25302e+06
7.46768e+07 8.25302e+06
7.46768e+07 8.25302e+06
7.4688e+07 8.2642e+06
8.33967e+07 8.89897e+06
8.33967e+07 8.89897e+06
8.33967e+07 8.89897e+06
8.33967e+07 8.89897e+06
8.33967e+07 8.89897e+06
8.34191e+07 8.83184e+06
8.34415e+07 8.80947e+06
8.34638e+07 8.82059e+06
8.34638e+07 8.82059e+06
8.34638e+07 8.82059e+06
8.35197e+07 8.84295e+06
8.35197e+07 8.84296e+06
8.35198e+07 8.84296e+06
8.35198e+07 8.84296e+06
8.35198e+07 8.83178e+06
9.2768e+07 9.37137e+06
9.27793e+07 9.38257e+06
9.27793e+07 9.38257e+06
9.27793e+07 9.38257e+06
9.27793e+07 9.38257e+06
9.27793e+07 9.36021e+06
9.27793e+07 9.33783e+06
9.27793e+07 9.31549e+06
9.28017e+07 9.33786e+06
9.28017e+07 9.33786e+06
9.28017e+07 9.28198e+06
9.28017e+07 9.28198e+06
9.28017e+07 9.28198e+06
9.28241e+07 9.30433e+06
9.28241e+07 9.30433e+06
9.28465e+07 9.3267e+06
1.02866e+08 1.00981e+07
1.02877e+08 1.00981e+07
1.02877e+08 1.00981e+07
1.02877e+08 1.00981e+07
1.02877e+08 1.00981e+07
1.02877e+08 1.00981e+07
1.02877e+08 1.00981e+07
1.02877e+08 1.0098e+07
1.02877e+08 1.00757e+07
1.02877e+08 1.00757e+07
1.02877e+08 1.00757e+07
1.02889e+08 1.00869e+07
1.02889e+08 1.00869e+07
1.02889e+08 1.00646e+07
1.02889e+08 1.00646e+07
1.02889e+08 1.00646e+07
1.02889e+08 1.00422e+07
1.13415e+08 1.05484e+07
1.13415e+08 1.05372e+07
1.13415e+08 1.05372e+07
1.13415e+08 1.05372e+07
1.13415e+08 1.05372e+07
1.13448e+08 1.05708e+07
1.13448e+08 1.05708e+07
1.13459e+08 1.0582e+07
1.13459e+08 1.0582e+07
1.13471e+08 1.05932e+07
1.13471e+08 1.05932e+07
1.13471e+08 1.0582e+07
1.13471e+08 1.0582e+07
1.13493e+08 1.06044e+07
1.13493e+08 1.06044e+07
1.13493e+08 1.06044e+07
1.13515e+08 1.06267e+07
1.13515e+08 1.06267e+07
1.24857e+08 1.14424e+07
1.24857e+08 1.14424e+07
1.24857e+08 1.14424e+07
1.24868e+08 1.14535e+07
1.24868e+08 1.14535e+07
1.24913e+08 1.14647e+07
1.24913e+08 1.14647e+07
1.24913e+08 1.14535e+07
1.24913e+08 1.14535e+07
1.24946e+08 1.14758e+07
1.25002e+08 1.15317e+07
1.25002e+08 1.15317e+07
1.25014e+08 1.15429e+07
1.25058e+08 1.15653e+07
1.25058e+08 1.15653e+07
1.25069e+08 1.15764e+07
1.25069e+08 1.15541e+07
1.25069e+08 1.15541e+07
1.25069e+08 1.15541e+07
1.36772e+08 1.19153e+07
1.36772e+08 1.19153e+07
1.36772e+08 1.19153e+07
1.36772e+08 1.19041e+07
1.36772e+08 1.19041e+07
1.36806e+08 1.1893e+07
1.36806e+08 1.1893e+07
1.36806e+08 1.1893e+07
1.36806e+08 1.1893e+07
1.36806e+08 1.18595e+07
1.36839e+08 1.18371e+07
1.36839e+08 1.18371e+07
1.36839e+08 1.18259e+07
1.36873e+08 1.18148e+07
1.36873e+08 1.18148e+07
1.36873e+08 1.18036e+07
1.36873e+08 1.18036e+07
1.36873e+08 1.18036e+07
1.36884e+08 1.18148e+07
1.36884e+08 1.18148e+07
1.49301e+08 1.25286e+07
1.49301e+08 1.25286e+07
1.49301e+08 1.25286e+07
1.49301e+08 1.25286e+07
1.49301e+08 1.25286e+07
1.49301e+08 1.2495e+07
1.49301e+08 1.2495e+07
1.49301e+08 1.24951e+07
1.49301e+08 1.24951e+07
1.49301e+08 1.24951e+07
1.49301e+08 1.24616e+07
1.49301e+08 1.24616e+07
1.49301e+08 1.24616e+07
1.49301e+08 1.2428e+07
1.49301e+08 1.2428e+07
1.49301e+08 1.2428e+07
1.49301e+08 1.2428e+07
1.49301e+08 1.2428e+07
1.49301e+08 1.24168e+07
1.49301e+08 1.24168e+07
1.49301e+08 1.24168e+07
1.62269e+08 1.2968e+07
1.62269e+08 1.2968e+07
1.62269e+08 1.2968e+07
1.62269e+08 1.2968e+07
1.62269e+08 1.2968e+07
1.6228e+08 1.29792e+07
1.6228e+08 1.29792e+07
1.6228e+08 1.29791e+07
1.6228e+08 1.29791e+07
1.6228e+08 1.29791e+07
1.6228e+08 1.29791e+07
1.6228e+08 1.29791e+07
1.6228e+08 1.29791e+07
1.6228e+08 1.29791e+07
1.6228e+08 1.29791e+07
1.6228e+08 1.29791e+07
1.6228e+08 1.29791e+07
1.6228e+08 1.29791e+07
1.6228e+08 1.29792e+07
1.6228e+08 1.29792e+07
1.6228e+08 1.29792e+07
1.6228e+08 1.29792e+07
1.75365e+08 1.30961e+07
1.75365e+08 1.30961e+07
1.75365e+08 1.30961e+07
1.75365e+08 1.30961e+07
1.75376e+08 1.31073e+07
1.75376e+08 1.30961e+07
1.75376e+08 1.30961e+07
1.75376e+08 1.30961e+07
1.75376e+08 1.30961e+07
1.75376e+08 1.30961e+07
1.75376e+08 1.30961e+07
1.75376e+08 1.30961e+07
1.75376e+08 1.30961e+07
1.75376e+08 1.30961e+07
1.75376e+08 1.30961e+07
1.75376e+08 1.30961e+07
1.75376e+08 1.30961e+07
1.75376e+08 1.30961e+07
1.75376e+08 1.30961e+07
1.75376e+08 1.30961e+07
1.75376e+08 1.30961e+07
1.75376e+08 1.30961e+07
1.88942e+08 1.35772e+07
1.88942e+08 1.35772e+07
1.88942e+08 1.35772e+07
1.88942e+08 1.35772e+07
1.88942e+08 1.35772e+07
1.88942e+08 1.3566e+07
1.88965e+08 1.35883e+07
1.88965e+08 1.35883e+07
1.88965e+08 1.35883e+07
1.88965e+08 1.35883e+07
1.88965e+08 1.35883e+07
1.88965e+08 1.35883e+07
1.88965e+08 1.35883e+07
1.88965e+08 1.35883e+07
1.88965e+08 1.35883e+07
1.88965e+08 1.35883e+07
1.88965e+08 1.35883e+07
1.88965e+08 1.35883e+07
1.88965e+08 1.35883e+07
1.88965e+08 1.35883e+07
1.88965e+08 1.35883e+07
1.88965e+08 1.35884e+07
1.88965e+08 1.35884e+07
2.03145e+08 1.42026e+07
2.03145e+08 1.42026e+07
2.03145e+08 1.42026e+07
2.03145e+08 1.42026e+07
2.03145e+08 1.42026e+07
2.03145e+08 1.42026e+07
2.03145e+08 1.42026e+07
2.03167e+08 1.42027e+07
2.03167e+08 1.42027e+07
2.03178e+08 1.42139e+07
2.03178e+08 1.42139e+07
2.03178e+08 1.42139e+07
2.03178e+08 1.42139e+07
2.03212e+08 1.42474e+07
2.03212e+08 1.42474e+07
2.03212e+08 1.42474e+07
2.03212e+08 1.42474e+07
2.03212e+08 1.42474e+07
2.03212e+08 1.42474e+07
2.03212e+08 1.42474e+07
2.03212e+08 1.42473e+07
2.03212e+08 1.42473e+07
2.03212e+08 1.42474e+07
2.03212e+08 1.42474e+07
2.18007e+08 1.48624e+07
2.18007e+08 1.48624e+07
2.18007e+08 1.48624e+07
2.18007e+08 1.48624e+07
2.18007e+08 1.48624e+07
2.18007e+08 1.48624e+07
2.18007e+08 1.48624e+07
2.18007e+08 1.48624e+07
2.18007e+08 1.48401e+07
2.18007e+08 1.48401e+07
2.18052e+08 1.48736e+07
2.18052e+08 1.48736e+07
2.18063e+08 1.48848e+07
2.18074e+08 1.48959e+07
2.18074e+08 1.48624e+07
2.18074e+08 1.48624e+07
2.18086e+08 1.48736e+07
2.18086e+08 1.48736e+07
2.18097e+08 1.48848e+07
2.18097e+08 1.48848e+07
2.18097e+08 1.48848e+07
2.18097e+08 1.48848e+07
2.18097e+08 1.48848e+07
2.18097e+08 1.48848e+07
2.18097e+08 1.48848e+07
2.33465e+08 1.54583e+07
2.33465e+08 1.54583e+07
2.33465e+08 1.54583e+07
2.33465e+08 1.54584e+07
2.33465e+08 1.54584e+07
2.33465e+08 1.54584e+07
2.33466e+08 1.54584e+07
2.33466e+08 1.54584e+07
2.33466e+08 1.54584e+07
2.33499e+08 1.54918e+07
2.33499e+08 1.54918e+07
2.33499e+08 1.54471e+07
2.33499e+08 1.54471e+07
2.33499e+08 1.54359e+07
2.3351e+08 1.5436e+07
2.3351e+08 1.5436e+07
2.3351e+08 1.5436e+07
2.3351e+08 1.54248e+07
2.33522e+08 1.5436e+07
2.33544e+08 1.54472e+07
2.33544e+08 1.54472e+07
2.33544e+08 1.54472e+07
2.33544e+08 1.54472e+07
2.33544e+08 1.54472e+07
2.33544e+08 1.54471e+07
2.33555e+08 1.54583e+07
2.49513e+08 1.60477e+07
2.49513e+08 1.60477e+07
2.49513e+08 1.60477e+07
2.49536e+08 1.60702e+07
2.49536e+08 1.60702e+07
2.49536e+08 1.60702e+07
2.49547e+08 1.60813e+07
2.49547e+08 1.60813e+07
2.49547e+08 1.60813e+07
2.49547e+08 1.60814e+07
2.49547e+08 1.60479e+07
2.49547e+08 1.60479e+07
2.49547e+08 1.60478e+07
2.49547e+08 1.60478e+07
2.49547e+08 1.60478e+07
2.49547e+08 1.60366e+07
2.49547e+08 1.60366e+07
2.49547e+08 1.60366e+07
2.49547e+08 1.60366e+07
2.49547e+08 1.60254e+07
2.49547e+08 1.60031e+07
2.49547e+08 1.60031e+07
2.49547e+08 1.60031e+07
2.49547e+08 1.60031e+07
2.49547e+08 1.60031e+07
2.49547e+08 1.60031e+07
2.49547e+08 1.59919e+07
2.6623e+08 1.67166e+07
2.6623e+08 1.67166e+07
2.6623e+08 1.67166e+07
2.66241e+08 1.67054e+07
2.66241e+08 1.67054e+07
2.66241e+08 1.67054e+07
2.66252e+08 1.67055e+07
2.66275e+08 1.67278e+07
2.66275e+08 1.67279e+07
2.66275e+08 1.67279e+07
2.66275e+08 1.67279e+07
2.66275e+08 1.67278e+07
2.66275e+08 1.67278e+07
2.66275e+08 1.67278e+07
2.66275e+08 1.67278e+07
2.66275e+08 1.67278e+07
2.66275e+08 1.67278e+07
2.66275e+08 1.67278e+07
2.66275e+08 1.67278e+07
2.6632e+08 1.67725e+07
2.6632e+08 1.67725e+07
2.66353e+08 1.6806e+07
2.66353e+08 1.6806e+07
2.66364e+08 1.68172e+07
2.66364e+08 1.68172e+07
2.66364e+08 1.68172e+07
2.66364e+08 1.68172e+07
2.66364e+08 1.68172e+07
2.83541e+08 1.73114e+07
2.83541e+08 1.73114e+07
2.83541e+08 1.73114e+07
2.83608e+08 1.73673e+07
2.83608e+08 1.73673e+07
2.83608e+08 1.73673e+07
2.83608e+08 1.73561e+07
2.83608e+08 1.73337e+07
2.83608e+08 1.73337e+07
2.83608e+08 1.73337e+07
2.83608e+08 1.73337e+07
2.83608e+08 1.73337e+07
2.83608e+08 1.73337e+07
2.83608e+08 1.73337e+07
2.83608e+08 1.73337e+07
2.83608e+08 1.73337e+07
2.83608e+08 1.73337e+07
2.8362e+08 1.73449e+07
2.8362e+08 1.73449e+07
2.8362e+08 1.73449e+07
2.8362e+08 1.73002e+07
2.83653e+08 1.73337e+07
2.83687e+08 1.73337e+07
2.83698e+08 1.73449e+07
2.83698e+08 1.73337e+07
2.83698e+08 1.73337e+07
2.83698e+08 1.73337e+07
2.83709e+08 1.7345e+07
2.83709e+08 1.7345e+07
3.01401e+08 1.78594e+07
3.01412e+08 1.78706e+07
3.01412e+08 1.78706e+07
3.01468e+08 1.78593e+07
3.01468e+08 1.78593e+07
3.01468e+08 1.78593e+07
3.01468e+08 1.78593e+07
3.01468e+08 1.78593e+07
3.01468e+08 1.78593e+07
3.01479e+08 1.78705e+07
3.0149e+08 1.78817e+07
3.01501e+08 1.78929e+07
3.01501e+08 1.78929e+07
3.01501e+08 1.78929e+07
3.01501e+08 1.78929e+07
3.01513e+08 1.79041e+07
3.01513e+08 1.79041e+07
3.01513e+08 1.79041e+07
3.01513e+08 1.78929e+07
3.01513e+08 1.78929e+07
3.01513e+08 1.78929e+07
3.01513e+08 1.78929e+07
3.01546e+08 1.78929e+07
3.01569e+08 1.78817e+07
3.0158e+08 1.78817e+07
3.01591e+08 1.78929e+07
3.01591e+08 1.78929e+07
3.01602e+08 1.7904e+07
3.01602e+08 1.78928e+07
3.01613e+08 1.7904e+07
3.1993e+08 1.85295e+07
3.1993e+08 1.85183e+07
3.1993e+08 1.85183e+07
3.19941e+08 1.84736e+07
3.19941e+08 1.84736e+07
3.19941e+08 1.84736e+07
3.19941e+08 1.84736e+07
3.19941e+08 1.84736e+07
3.20008e+08 1.85407e+07
3.2002e+08 1.85407e+07
3.2002e+08 1.85295e+07
3.2002e+08 1.85184e+07
3.20031e+08 1.85295e+07
3.20031e+08 1.85295e+07
3.20031e+08 1.85295e+07
3.20042e+08 1.85407e+07
3.20053e+08 1.85407e+07
3.20053e+08 1.85407e+07
3.20053e+08 1.85407e+07
3.20053e+08 1.85407e+07
3.20053e+08 1.85407e+07
3.20064e+08 1.85519e+07
3.20064e+08 1.85519e+07
3.20064e+08 1.85183e+07
3.20076e+08 1.85072e+07
3.20076e+08 1.8496e+07
3.20087e+08 1.8496e+07
3.20087e+08 1.8496e+07
3.20087e+08 1.84848e+07
3.20132e+08 1.85295e+07
3.20132e+08 1.85184e+07
3.38919e+08 1.89888e+07
3.38919e+08 1.89888e+07
3.38919e+08 1.89888e+07
3.38919e+08 1.89776e+07
3.38919e+08 1.89776e+07
3.38919e+08 1.89776e+07
3.38919e+08 1.89776e+07
3.38919e+08 1.89776e+07
3.38975e+08 1.89664e+07
3.3902e+08 1.89999e+07
3.3902e+08 1.89999e+07
3.3902e+08 1.89999e+07
3.3902e+08 1.89887e+07
3.3902e+08 1.89887e+07
3.39031e+08 1.89999e+07
3.39042e+08 1.90111e+07
3.39064e+08 1.90223e+07
3.39064e+08 1.90111e+07
3.39076e+08 1.90223e+07
3.39076e+08 1.90223e+07
3.39076e+08 1.90223e+07
3.39076e+08 1.90223e+07
3.39076e+08 1.90111e+07
3.39076e+08 1.90111e+07
3.39076e+08 1.90111e+07
3.39076e+08 1.9e+07
3.39076e+08 1.9e+07
3.39076e+08 1.89888e+07
3.39076e+08 1.89888e+07
3.39076e+08 1.89888e+07
3.39076e+08 1.89441e+07
3.39076e+08 1.89441e+07
3.58512e+08 1.95928e+07
3.58512e+08 1.95928e+07
3.58523e+08 1.96039e+07
3.58545e+08 1.96263e+07
3.58556e+08 1.96375e+07
3.58601e+08 1.96822e+07
3.58601e+08 1.96822e+07
3.58601e+08 1.96822e+07
3.58646e+08 1.9671e+07
3.58657e+08 1.96374e+07
3.58657e+08 1.96374e+07
3.58668e+08 1.96486e+07
3.58679e+08 1.96598e+07
3.58679e+08 1.96598e+07
3.58679e+08 1.96487e+07
3.58679e+08 1.96375e+07
3.58679e+08 1.96375e+07
3.58691e+08 1.96263e+07
3.58691e+08 1.96263e+07
3.58724e+08 1.96486e+07
3.58724e+08 1.96486e+07
3.58724e+08 1.96486e+07
3.58724e+08 1.96486e+07
3.58724e+08 1.96487e+07
3.58724e+08 1.96487e+07
3.58724e+08 1.96487e+07
3.58724e+08 1.96487e+07
3.58724e+08 1.96487e+07
3.58724e+08 1.96487e+07
3.58724e+08 1.96487e+07
3.58724e+08 1.96487e+07
3.58724e+08 1.96487e+07
3.58724e+08 1.96487e+07
3.78887e+08 2.03749e+07
3.78898e+08 2.03861e+07
3.78898e+08 2.03749e+07
3.78898e+08 2.03525e+07
3.78898e+08 2.03414e+07
3.78898e+08 2.02967e+07
3.78898e+08 2.02967e+07
3.78898e+08 2.02967e+07
3.78898e+08 2.02519e+07
3.78898e+08 2.02408e+07
3.78898e+08 2.02408e+07
3.78898e+08 2.02296e+07
3.7892e+08 2.02407e+07
3.7892e+08 2.02407e+07
3.78954e+08 2.02743e+07
3.78954e+08 2.02743e+07
3.78954e+08 2.02743e+07
3.78954e+08 2.02743e+07
3.78954e+08 2.02631e+07
3.78954e+08 2.02631e+07
3.78954e+08 2.02296e+07
3.78954e+08 2.02296e+07
3.78954e+08 2.02296e+07
3.78954e+08 2.02296e+07
3.78954e+08 2.02296e+07
3.78954e+08 2.02296e+07
3.78954e+08 2.02296e+07
3.78965e+08 2.02407e+07
3.78965e+08 2.02407e+07
3.78965e+08 2.02407e+07
3.78965e+08 2.02407e+07
3.78965e+08 2.02408e+07
3.78965e+08 2.02408e+07
3.78965e+08 2.02408e+07
3.99721e+08 2.08342e+07
3.99721e+08 2.08231e+07
3.99721e+08 2.08231e+07
3.99721e+08 2.08231e+07
3.99721e+08 2.08231e+07
3.99732e+08 2.08342e+07
3.99732e+08 2.08342e+07
3.99732e+08 2.08342e+07
3.99743e+08 2.08454e+07
3.99743e+08 2.08454e+07
3.99743e+08 2.08454e+07
3.99743e+08 2.08454e+07
3.99743e+08 2.08231e+07
3.99743e+08 2.08231e+07
3.99777e+08 2.08231e+07
3.99777e+08 2.08231e+07
3.99777e+08 2.08231e+07
3.99777e+08 2.08231e+07
3.99777e+08 2.08231e+07
3.99777e+08 2.08231e+07
3.99777e+08 2.08231e+07
3.99777e+08 2.08231e+07
3.99777e+08 2.08231e+07
3.99777e+08 2.08231e+07
3.99788e+08 2.08342e+07
3.99788e+08 2.08342e+07
3.99788e+08 2.08342e+07
3.99788e+08 2.08342e+07
3.99788e+08 2.08231e+07
3.99788e+08 2.08231e+07
3.99788e+08 2.08231e+07
3.99788e+08 2.08231e+07
3.99799e+08 2.08342e+07
3.99799e+08 2.08342e+07
3.99799e+08 2.08342e+07
4.21137e+08 2.14158e+07
4.21137e+08 2.14158e+07
4.21137e+08 2.14158e+07
4.21137e+08 2.14158e+07
4.21137e+08 2.14158e+07
4.21159e+08 2.1427e+07
4.21159e+08 2.1427e+07
4.21159e+08 2.1427e+07
4.21159e+08 2.14158e+07
4.21159e+08 2.14158e+07
4.21159e+08 2.14158e+07
4.21159e+08 2.14158e+07
4.21159e+08 2.14158e+07
4.21159e+08 2.14158e+07
4.21204e+08 2.1427e+07
4.21204e+08 2.1427e+07
4.21204e+08 2.1427e+07
4.21204e+08 2.1427e+07
4.21204e+08 2.1427e+07
4.21204e+08 2.1427e+07
4.21204e+08 2.1427e+07
4.21204e+08 2.1427e+07
4.21204e+08 2.1427e+07
4.21204e+08 2.1427e+07
4.21204e+08 2.1427e+07
4.21204e+08 2.14158e+07
4.21215e+08 2.1427e+07
4.21215e+08 2.1427e+07
4.21215e+08 2.1427e+07
4.21215e+08 2.1427e+07
4.21226e+08 2.14382e+07
4.21226e+08 2.14382e+07
4.21226e+08 2.14382e+07
4.21237e+08 2.14382e+07
4.21238e+08 2.14382e+07
4.21238e+08 2.14382e+07
4.43137e+08 2.20006e+07
4.43137e+08 2.20006e+07
4.43137e+08 2.20006e+07
4.43137e+08 2.20006e+07
4.43137e+08 2.20006e+07
4.43137e+08 2.19782e+07
4.43137e+08 2.19782e+07
4.43137e+08 2.19782e+07
4.43137e+08 2.19782e+07
4.43137e+08 2.19782e+07
4.43137e+08 2.19782e+07
4.43137e+08 2.19782e+07
4.4316e+08 2.20006e+07
4.4316e+08 2.20006e+07
4.43216e+08 2.20118e+07
4.43216e+08 2.20118e+07
4.43216e+08 2.20118e+07
4.43216e+08 2.20118e+07
4.43216e+08 2.20118e+07
4.43216e+08 2.20118e+07
4.43216e+08 2.20118e+07
4.43216e+08 2.20118e+07
4.43216e+08 2.20118e+07
4.43216e+08 2.20118e+07
4.43216e+08 2.20118e+07
4.43216e+08 2.20118e+07
4.43216e+08 2.20118e+07
4.43216e+08 2.20007e+07
4.43216e+08 2.20007e+07
4.43216e+08 2.20007e+07
4.43216e+08 2.20007e+07
4.43216e+08 2.19895e+07
4.43216e+08 2.19895e+07
4.43227e+08 2.20007e+07
4.43227e+08 2.19895e+07
4.43227e+08 2.19895e+07
4.43227e+08 2.19895e+07
4.65682e+08 2.25449e+07
4.65682e+08 2.25449e+07
4.65682e+08 2.25449e+07
4.65682e+08 2.25449e+07
4.65682e+08 2.25449e+07
4.65682e+08 2.25449e+07
4.65693e+08 2.25561e+07
4.65693e+08 2.25561e+07
4.65693e+08 2.25561e+07
4.65693e+08 2.25561e+07
4.65693e+08 2.25561e+07
4.65705e+08 2.25673e+07
4.65705e+08 2.25449e+07
4.65705e+08 2.25449e+07
4.65749e+08 2.25337e+07
4.65749e+08 2.25337e+07
4.65749e+08 2.25337e+07
4.65749e+08 2.25337e+07
4.65749e+08 2.25337e+07
4.65749e+08 2.25337e+07
4.65749e+08 2.25337e+07
4.65749e+08 2.25337e+07
4.65749e+08 2.25337e+07
4.65749e+08 2.25337e+07
4.65761e+08 2.25449e+07
4.65761e+08 2.25449e+07
4.65761e+08 2.25449e+07
4.65761e+08 2.25449e+07
4.65761e+08 2.25449e+07
4.65761e+08 2.25449e+07
4.65772e+08 2.25561e+07
4.65772e+08 2.25561e+07
4.65772e+08 2.25561e+07
4.65772e+08 2.25561e+07
4.65783e+08 2.25561e+07
4.65794e+08 2.25673e+07
4.65794e+08 2.25673e+07
4.65794e+08 2.25673e+07
4.8881e+08 2.31283e+07
4.8881e+08 2.31283e+07
4.8881e+08 2.31283e+07
4.8881e+08 2.31283e+07
4.8881e+08 2.31283e+07
4.8881e+08 2.31283e+07
4.8881e+08 2.31171e+07
4.8881e+08 2.31171e+07
4.8881e+08 2.31171e+07
4.8881e+08 2.31171e+07
4.8881e+08 2.31171e+07
4.88833e+08 2.31283e+07
4.88833e+08 2.31283e+07
4.88833e+08 2.31283e+07
4.88878e+08 2.31283e+07
4.88889e+08 2.31395e+07
4.88889e+08 2.31395e+07
4.889e+08 2.31506e+07
4.889e+08 2.31506e+07
4.889e+08 2.31506e+07
4.889e+08 2.31506e+07
4.889e+08 2.31506e+07
4.889e+08 2.31506e+07
4.889e+08 2.31506e+07
4.889e+08 2.31506e+07
4.889e+08 2.31394e+07
4.889e+08 2.31394e+07
4.889e+08 2.31394e+07
4.889e+08 2.31395e+07
4.889e+08 2.31395e+07
4.889e+08 2.31395e+07
4.889e+08 2.31283e+07
4.889e+08 2.31283e+07
4.889e+08 2.31283e+07
4.889e+08 2.31283e+07
4.889e+08 2.31171e+07
4.889e+08 2.3106e+07
4.889e+08 2.3106e+07
4.889e+08 2.3106e+07
5.12691e+08 2.38809e+07
5.12691e+08 2.38809e+07
5.12691e+08 2.38809e+07
5.12691e+08 2.38809e+07
5.12691e+08 2.38809e+07
5.12691e+08 2.38809e+07
5.12691e+08 2.38809e+07
5.12691e+08 2.38809e+07
5.12691e+08 2.38809e+07
5.12702e+08 2.3892e+07
5.12702e+08 2.38921e+07
5.12702e+08 2.38697e+07
5.12725e+08 2.3892e+07
5.12725e+08 2.3892e+07
5.12781e+08 2.39032e+07
5.12781e+08 2.38921e+07
5.12781e+08 2.38921e+07
5.12781e+08 2.38809e+07
5.12781e+08 2.38809e+07
5.12781e+08 2.38809e+07
5.12781e+08 2.38809e+07
5.12781e+08 2.38809e+07
5.12781e+08 2.38809e+07
5.12781e+08 2.38809e+07
5.12781e+08 2.38809e+07
5.12781e+08 2.38809e+07
5.12781e+08 2.38809e+07
5.12781e+08 2.38809e+07
5.12781e+08 2.38809e+07
5.12781e+08 2.38809e+07
5.12792e+08 2.38921e+07
5.12792e+08 2.38921e+07
5.12792e+08 2.38921e+07
5.12792e+08 2.38921e+07
5.12792e+08 2.38921e+07
5.12792e+08 2.38921e+07
5.12792e+08 2.38921e+07
5.12792e+08 2.38921e+07
5.12792e+08 2.38921e+07
5.12792e+08 2.38921e+07
5.37308e+08 2.46168e+07
5.37308e+08 2.46168e+07
5.37308e+08 2.46169e+07
5.37319e+08 2.4628e+07
5.37319e+08 2.4628e+07
5.37319e+08 2.4628e+07
5.37319e+08 2.4628e+07
5.37319e+08 2.4628e+07
5.37319e+08 2.4628e+07
5.37319e+08 2.46168e+07
5.37331e+08 2.46281e+07
5.37342e+08 2.46392e+07
5.37375e+08 2.46505e+07
5.37375e+08 2.46505e+07
5.37387e+08 2.46057e+07
5.37398e+08 2.46169e+07
5.37398e+08 2.46169e+07
5.37398e+08 2.46169e+07
5.37398e+08 2.46169e+07
5.37398e+08 2.46169e+07
5.37398e+08 2.46169e+07
5.37398e+08 2.46169e+07
5.37398e+08 2.46169e+07
5.37398e+08 2.46169e+07
5.37398e+08 2.46169e+07
5.37398e+08 2.46169e+07
5.37398e+08 2.46169e+07
5.37398e+08 2.46169e+07
5.37398e+08 2.46169e+07
5.37398e+08 2.46169e+07
5.37398e+08 2.46169e+07
5.37398e+08 2.46058e+07
5.37398e+08 2.46057e+07
5.37398e+08 2.46057e+07
5.37398e+08 2.46057e+07
5.37398e+08 2.46057e+07
5.37398e+08 2.46057e+07
5.37398e+08 2.46057e+07
5.37398e+08 2.46057e+07
5.37398e+08 2.46058e+07
5.37398e+08 2.46058e+07
5.62354e+08 2.50459e+07
5.62354e+08 2.50459e+07
5.62354e+08 2.50459e+07
5.62354e+08 2.50348e+07
5.62354e+08 2.50348e+07
5.62354e+08 2.50348e+07
5.62354e+08 2.50348e+07
5.62354e+08 2.50348e+07
5.62354e+08 2.50348e+07
5.62354e+08 2.50348e+07
5.62365e+08 2.50348e+07
5.62388e+08 2.5046e+07
5.62399e+08 2.50236e+07
5.62399e+08 2.50236e+07
5.62399e+08 2.50125e+07
5.62399e+08 2.50013e+07
5.62399e+08 2.50013e+07
5.62399e+08 2.50013e+07
5.62399e+08 2.50013e+07
5.62399e+08 2.50013e+07
5.62399e+08 2.50013e+07
5.62399e+08 2.50013e+07
5.62399e+08 2.50013e+07
5.62399e+08 2.50013e+07
5.62399e+08 2.50014e+07
5.62399e+08 2.50014e+07
5.62399e+08 2.50014e+07
5.62399e+08 2.50014e+07
5.62399e+08 2.50014e+07
5.62399e+08 2.50014e+07
5.62399e+08 2.50014e+07
5.62399e+08 2.50014e+07
5.62399e+08 2.50013e+07
5.62399e+08 2.50013e+07
5.62399e+08 2.50013e+07
5.62399e+08 2.50013e+07
5.62399e+08 2.50013e+07
5.62399e+08 2.50012e+07
5.62399e+08 2.50013e+07
5.62399e+08 2.50013e+07
5.62399e+08 2.50012e+07
5.62399e+08 2.50012e+07
5.88056e+08 2.57023e+07
5.88056e+08 2.57023e+07
5.88067e+08 2.57135e+07
5.88068e+08 2.57135e+07
5.88068e+08 2.57135e+07
5.88068e+08 2.57135e+07
5.88068e+08 2.57135e+07
5.88079e+08 2.57247e+07
5.88079e+08 2.57247e+07
5.8809e+08 2.57359e+07
5.8809e+08 2.57247e+07
5.8809e+08 2.57023e+07
5.88101e+08 2.57023e+07
5.88101e+08 2.57023e+07
5.88101e+08 2.57023e+07
5.88101e+08 2.57023e+07
5.88101e+08 2.57023e+07
5.88101e+08 2.57023e+07
5.88101e+08 2.57023e+07
5.88101e+08 2.57023e+07
5.88101e+08 2.57023e+07
5.88101e+08 2.57023e+07
5.88102e+08 2.57023e+07
5.88102e+08 2.57023e+07
5.88102e+08 2.57023e+07
5.88102e+08 2.57023e+07
5.88102e+08 2.57023e+07
5.88102e+08 2.57023e+07
5.88102e+08 2.57023e+07
5.88102e+08 2.57023e+07
5.88102e+08 2.57023e+07
5.88102e+08 2.57023e+07
5.88102e+08 2.57023e+07
5.88102e+08 2.57023e+07
5.88102e+08 2.57023e+07
5.88102e+08 2.57023e+07
5.88102e+08 2.57023e+07
5.88102e+08 2.57024e+07
5.88102e+08 2.57023e+07
5.88102e+08 2.57023e+07
5.88102e+08 2.57023e+07
5.88102e+08 2.57023e+07
5.88102e+08 2.57023e+07
6.14292e+08 2.62356e+07
6.14292e+08 2.62356e+07
6.14292e+08 2.62244e+07
6.14292e+08 2.62245e+07
6.14292e+08 2.62245e+07
6.14292e+08 2.62245e+07
6.14292e+08 2.62245e+07
6.14303e+08 2.62245e+07
6.14303e+08 2.62245e+07
6.14303e+08 2.62134e+07
6.14303e+08 2.62134e+07
6.14303e+08 2.62134e+07
6.14326e+08 2.62246e+07
6.14326e+08 2.62246e+07
6.14326e+08 2.62245e+07
6.14326e+08 2.62245e+07
6.14326e+08 2.62245e+07
6.14326e+08 2.62245e+07
6.14326e+08 2.62245e+07
6.14326e+08 2.62245e+07
6.14326e+08 2.62245e+07
6.14326e+08 2.62245e+07
6.14326e+08 2.62245e+07
6.14326e+08 2.62245e+07
6.14326e+08 2.62245e+07
6.14326e+08 2.62245e+07
6.14326e+08 2.62245e+07
6.14326e+08 2.62245e+07
6.14326e+08 2.62245e+07
6.14326e+08 2.62245e+07
6.14326e+08 2.62245e+07
6.14326e+08 2.62245e+07
6.14326e+08 2.62245e+07
6.14326e+08 2.62245e+07
6.14326e+08 2.62245e+07
6.14326e+08 2.62245e+07
6.14326e+08 2.62245e+07
6.14326e+08 2.62245e+07
6.14326e+08 2.62245e+07
6.14337e+08 2.62357e+07
6.14337e+08 2.62357e+07
6.14337e+08 2.62357e+07
6.14337e+08 2.62357e+07
6.14349e+08 2.62469e+07
6.1847e+08 4.17768e+06
6.1847e+08 4.17771e+06
6.18481e+08 4.18889e+06
