4.7808e+06 4.78044e+06
8.29238e+06 3.51158e+06
8.29241e+06 3.51161e+06
1.00325e+07 1.74016e+06
1.00326e+07 1.74014e+06
1.23672e+07 2.33462e+06
1.23672e+07 2.33465e+06
1.23672e+07 2.33465e+06
1.53225e+07 2.95537e+06
1.53225e+07 2.95535e+06
1.53338e+07 2.96656e+06
1.53338e+07 2.96656e+06
1.84721e+07 3.14961e+06
1.84722e+07 3.14963e+06
1.87174e+07 3.38365e+06
1.87521e+07 3.41834e+06
1.87633e+07 3.42952e+06
2.27286e+07 4.25645e+06
2.27287e+07 4.25648e+06
2.27846e+07 4.06721e+06
2.27958e+07 4.04369e+06
2.27958e+07 4.03255e+06
2.27958e+07 4.03256e+06
2.72278e+07 4.49919e+06
2.72279e+07 4.49925e+06
2.72616e+07 4.47697e+06
2.72616e+07 4.4658e+06
2.72616e+07 4.46577e+06
2.72616e+07 4.46577e+06
2.72737e+07 4.47781e+06
3.16458e+07 4.41807e+06
3.18233e+07 4.59543e+06
3.20693e+07 4.80771e+06
3.21032e+07 4.84161e+06
3.21032e+07 4.84162e+06
3.22162e+07 4.95458e+06
3.22162e+07 4.94255e+06
3.67898e+07 5.14399e+06
3.67898e+07 5.14399e+06
3.73809e+07 5.55753e+06
3.75418e+07 5.4725e+06
3.7743e+07 5.63978e+06
3.77765e+07 5.6733e+06
3.78101e+07 5.59391e+06
3.78101e+07 5.59391e+06
4.2764e+07 5.9742e+06
4.27641e+07 5.97422e+06
4.27641e+07 5.97423e+06
4.33135e+07 5.93268e+06
4.35595e+07 6.01773e+06
4.35595e+07 5.81655e+06
4.35819e+07 5.80539e+06
4.37326e+07 5.92245e+06
4.37326e+07 5.92246e+06
4.93244e+07 6.56034e+06
4.93799e+07 6.61586e+06
4.93799e+07 6.61586e+06
4.9929e+07 6.6155e+06
4.9985e+07 6.67142e+06
5.03323e+07 6.77276e+06
5.03323e+07 6.77276e+06
5.03323e+07 6.75038e+06
5.0377e+07 6.64449e+06
5.03994e+07 6.66684e+06
5.62591e+07 6.93474e+06
5.62592e+07 6.87925e+06
5.62592e+07 6.87925e+06
5.6899e+07 6.96999e+06
5.70668e+07 7.0818e+06
5.71003e+07 7.11533e+06
5.76148e+07 7.28252e+06
5.76148e+07 7.28252e+06
5.76148e+07 7.28252e+06
5.76931e+07 7.31604e+06
5.77378e+07 7.33841e+06
6.36759e+07 7.41675e+06
6.38734e+07 7.61421e+06
6.39399e+07 7.68068e+06
6.47239e+07 7.82492e+06
6.4724e+07 7.65722e+06
6.4724e+07 7.62369e+06
6.53491e+07 7.73426e+06
6.53491e+07 7.73427e+06
6.53491e+07 7.73427e+06
6.53491e+07 7.73427e+06
6.53491e+07 7.65601e+06
6.5405e+07 7.66716e+06
7.18128e+07 8.1369e+06
7.19022e+07 8.02882e+06
7.1904e+07 7.96417e+06
7.29912e+07 8.26722e+06
7.30247e+07 8.30077e+06
7.30248e+07 8.30077e+06
7.32933e+07 7.94422e+06
7.32933e+07 7.94422e+06
7.32933e+07 7.94423e+06
7.32933e+07 7.94423e+06
7.33492e+07 8.00011e+06
7.33604e+07 8.01129e+06
7.33827e+07 7.97775e+06
8.04278e+07 8.61503e+06
8.04278e+07 8.52565e+06
8.04279e+07 8.52383e+06
8.16532e+07 8.66201e+06
8.16867e+07 8.66199e+06
8.16868e+07 8.66204e+06
8.21815e+07 8.88822e+06
8.21815e+07 8.88822e+06
8.21815e+07 8.88822e+06
8.21815e+07 8.88823e+06
8.21815e+07 8.88823e+06
8.21815e+07 8.83235e+06
8.21815e+07 8.82117e+06
8.21816e+07 8.79881e+06
8.95732e+07 9.14536e+06
8.95843e+07 9.15651e+06
8.95844e+07 9.1565e+06
9.07345e+07 9.08129e+06
9.08004e+07 9.11367e+06
9.09156e+07 9.22876e+06
9.13517e+07 9.17024e+06
9.13629e+07 9.18142e+06
9.13853e+07 9.20377e+06
9.13853e+07 9.20377e+06
9.13853e+07 9.20377e+06
9.13853e+07 9.20378e+06
9.14189e+07 9.23732e+06
9.14412e+07 9.25967e+06
9.14636e+07 9.28202e+06
9.93248e+07 9.75168e+06
9.93249e+07 9.74052e+06
9.93249e+07 9.74052e+06
1.00587e+08 9.85267e+06
1.00587e+08 9.78675e+06
1.00597e+08 9.6817e+06
1.01033e+08 9.68156e+06
1.01033e+08 9.67038e+06
1.01033e+08 9.64803e+06
1.01033e+08 9.64803e+06
1.01033e+08 9.64803e+06
1.01033e+08 9.64803e+06
1.01033e+08 9.64804e+06
1.01212e+08 9.79332e+06
1.01268e+08 9.82687e+06
1.01749e+08 1.02851e+07
1.09554e+08 1.02295e+07
1.09554e+08 1.02295e+07
1.09554e+08 1.02295e+07
1.10731e+08 1.01441e+07
1.10731e+08 1.01441e+07
1.10765e+08 1.01675e+07
1.11416e+08 1.03825e+07
1.11416e+08 1.03825e+07
1.11416e+08 1.03825e+07
1.11416e+08 1.03825e+07
1.11416e+08 1.03825e+07
1.11416e+08 1.03825e+07
1.11427e+08 1.03937e+07
1.11483e+08 1.02708e+07
1.11561e+08 1.0349e+07
1.11751e+08 1.04831e+07
1.11964e+08 1.02149e+07
1.20496e+08 1.09416e+07
1.20496e+08 1.09416e+07
1.20496e+08 1.09416e+07
1.21693e+08 1.09617e+07
1.21693e+08 1.09617e+07
1.21711e+08 1.09461e+07
1.22214e+08 1.07978e+07
1.22214e+08 1.07978e+07
1.22225e+08 1.0809e+07
1.22225e+08 1.0809e+07
1.22247e+08 1.08314e+07
1.22281e+08 1.08649e+07
1.22437e+08 1.10102e+07
1.22437e+08 1.09543e+07
1.22437e+08 1.08761e+07
1.2256e+08 1.0999e+07
1.22661e+08 1.09096e+07
1.23018e+08 1.10549e+07
1.3192e+08 1.14241e+07
1.3192e+08 1.14241e+07
1.3192e+08 1.14241e+07
1.33195e+08 1.15024e+07
1.33195e+08 1.15024e+07
1.33464e+08 1.17529e+07
1.33609e+08 1.13957e+07
1.33609e+08 1.13957e+07
1.33609e+08 1.13845e+07
1.33609e+08 1.13845e+07
1.33665e+08 1.14181e+07
1.33699e+08 1.14181e+07
1.33699e+08 1.12616e+07
1.33732e+08 1.12952e+07
1.33766e+08 1.13287e+07
1.33889e+08 1.13287e+07
1.34381e+08 1.17199e+07
1.34437e+08 1.17758e+07
1.34481e+08 1.14629e+07
1.43998e+08 1.20778e+07
1.43998e+08 1.20778e+07
1.44009e+08 1.2089e+07
1.45289e+08 1.2094e+07
1.45289e+08 1.2094e+07
1.45487e+08 1.20227e+07
1.45822e+08 1.22126e+07
1.45822e+08 1.22126e+07
1.45833e+08 1.22238e+07
1.45833e+08 1.22238e+07
1.45902e+08 1.22365e+07
1.45913e+08 1.22141e+07
1.45947e+08 1.22477e+07
1.45947e+08 1.22142e+07
1.45947e+08 1.21806e+07
1.46002e+08 1.21136e+07
1.46505e+08 1.21248e+07
1.46606e+08 1.21695e+07
1.46729e+08 1.22924e+07
1.46807e+08 1.2326e+07
1.5667e+08 1.26727e+07
1.56682e+08 1.26839e+07
1.56682e+08 1.26727e+07
1.58069e+08 1.27796e+07
1.58069e+08 1.27796e+07
1.58136e+08 1.26496e+07
1.58406e+08 1.25839e+07
1.58406e+08 1.25839e+07
1.58406e+08 1.25727e+07
1.58406e+08 1.25727e+07
1.58428e+08 1.25263e+07
1.58439e+08 1.25263e+07
1.58459e+08 1.25127e+07
1.58459e+08 1.25127e+07
1.58471e+08 1.25241e+07
1.5886e+08 1.2858e+07
1.59118e+08 1.2612e+07
1.59118e+08 1.25114e+07
1.59173e+08 1.24444e+07
1.59218e+08 1.24108e+07
1.59285e+08 1.24779e+07
1.69897e+08 1.32269e+07
1.69909e+08 1.32269e+07
1.6992e+08 1.32381e+07
1.71218e+08 1.31488e+07
1.7124e+08 1.31712e+07
1.71285e+08 1.31488e+07
1.71497e+08 1.30917e+07
1.71497e+08 1.30917e+07
1.71509e+08 1.31028e+07
1.71509e+08 1.31028e+07
1.7152e+08 1.30917e+07
1.7152e+08 1.30805e+07
1.7152e+08 1.30607e+07
1.7152e+08 1.30606e+07
1.7152e+08 1.30492e+07
1.71665e+08 1.28048e+07
1.71833e+08 1.27154e+07
1.71889e+08 1.27713e+07
1.71922e+08 1.2749e+07
1.71922e+08 1.27043e+07
1.71922e+08 1.26372e+07
1.71956e+08 1.26707e+07
1.83038e+08 1.31405e+07
1.83038e+08 1.31293e+07
1.83049e+08 1.31293e+07
1.84504e+08 1.32859e+07
1.84504e+08 1.32635e+07
1.84504e+08 1.32188e+07
1.84809e+08 1.33113e+07
1.84819e+08 1.3322e+07
1.84819e+08 1.33108e+07
1.84819e+08 1.33108e+07
1.84842e+08 1.3322e+07
1.84842e+08 1.3322e+07
1.84842e+08 1.3322e+07
1.84842e+08 1.3322e+07
1.84842e+08 1.3322e+07
1.84964e+08 1.32991e+07
1.85233e+08 1.33998e+07
1.85289e+08 1.33998e+07
1.85289e+08 1.33663e+07
1.85289e+08 1.33663e+07
1.85367e+08 1.34446e+07
1.85468e+08 1.35116e+07
1.9693e+08 1.38919e+07
1.9693e+08 1.38919e+07
1.9693e+08 1.38919e+07
1.9693e+08 1.38807e+07
1.98516e+08 1.40126e+07
1.98555e+08 1.40509e+07
1.98577e+08 1.40733e+07
1.9881e+08 1.40013e+07
1.98819e+08 1.39999e+07
1.98829e+08 1.401e+07
1.98829e+08 1.401e+07
1.98984e+08 1.41422e+07
1.98984e+08 1.41422e+07
1.99029e+08 1.4187e+07
1.99029e+08 1.4187e+07
1.99174e+08 1.43323e+07
1.99241e+08 1.42768e+07
1.99454e+08 1.42209e+07
1.99454e+08 1.4165e+07
1.99454e+08 1.4165e+07
1.99454e+08 1.4165e+07
1.99588e+08 1.42209e+07
1.998e+08 1.43327e+07
2.11442e+08 1.45118e+07
2.11442e+08 1.45118e+07
2.11442e+08 1.45118e+07
2.11442e+08 1.45119e+07
2.11442e+08 1.45119e+07
2.13054e+08 1.45381e+07
2.13193e+08 1.46387e+07
2.13193e+08 1.46164e+07
2.13448e+08 1.46384e+07
2.13471e+08 1.46514e+07
2.13471e+08 1.46414e+07
2.13504e+08 1.46749e+07
2.13638e+08 1.46544e+07
2.13638e+08 1.46544e+07
2.13638e+08 1.46097e+07
2.13638e+08 1.46097e+07
2.13728e+08 1.45538e+07
2.13773e+08 1.45315e+07
2.14142e+08 1.46879e+07
2.14142e+08 1.46879e+07
2.14142e+08 1.46879e+07
2.14287e+08 1.48332e+07
2.14343e+08 1.4755e+07
2.14578e+08 1.47773e+07
2.26476e+08 1.50347e+07
2.26476e+08 1.50347e+07
2.26476e+08 1.50347e+07
2.26476e+08 1.50347e+07
2.26476e+08 1.50347e+07
2.26476e+08 1.50347e+07
2.28253e+08 1.51985e+07
2.28453e+08 1.526e+07
2.28453e+08 1.526e+07
2.28619e+08 1.51703e+07
2.28652e+08 1.51815e+07
2.28652e+08 1.51815e+07
2.28708e+08 1.52038e+07
2.28876e+08 1.52374e+07
2.28909e+08 1.52709e+07
2.28965e+08 1.53268e+07
2.28988e+08 1.53492e+07
2.29021e+08 1.52933e+07
2.29133e+08 1.53604e+07
2.29558e+08 1.54162e+07
2.29558e+08 1.54162e+07
2.29558e+08 1.54162e+07
2.29759e+08 1.54721e+07
2.29904e+08 1.55616e+07
2.29927e+08 1.53492e+07
2.42195e+08 1.57183e+07
2.42195e+08 1.57183e+07
2.42195e+08 1.57183e+07
2.42195e+08 1.57183e+07
2.42195e+08 1.57183e+07
2.42195e+08 1.57183e+07
2.42195e+08 1.57184e+07
2.44104e+08 1.58508e+07
2.44244e+08 1.57907e+07
2.44255e+08 1.58019e+07
2.44433e+08 1.58146e+07
2.44433e+08 1.57811e+07
2.44433e+08 1.57811e+07
2.44556e+08 1.58482e+07
2.44657e+08 1.57811e+07
2.44679e+08 1.57699e+07
2.44724e+08 1.57588e+07
2.44825e+08 1.5837e+07
2.44869e+08 1.58482e+07
2.44959e+08 1.58258e+07
2.45518e+08 1.596e+07
2.45518e+08 1.596e+07
2.45518e+08 1.596e+07
2.45965e+08 1.62059e+07
2.46021e+08 1.61164e+07
2.46244e+08 1.63176e+07
2.58501e+08 1.63068e+07
2.58501e+08 1.63068e+07
2.58501e+08 1.63068e+07
2.58501e+08 1.63068e+07
2.58501e+08 1.63068e+07
2.58501e+08 1.63068e+07
2.58502e+08 1.63068e+07
2.58502e+08 1.63068e+07
2.60487e+08 1.63835e+07
2.60666e+08 1.64221e+07
2.60688e+08 1.64333e+07
2.60711e+08 1.62775e+07
2.60711e+08 1.62775e+07
2.60722e+08 1.62886e+07
2.60923e+08 1.63669e+07
2.60968e+08 1.6311e+07
2.60968e+08 1.62886e+07
2.60968e+08 1.62439e+07
2.61024e+08 1.61992e+07
2.61069e+08 1.61992e+07
2.6118e+08 1.62216e+07
2.61929e+08 1.64116e+07
2.61963e+08 1.64451e+07
2.61963e+08 1.64451e+07
2.62555e+08 1.65904e+07
2.62555e+08 1.65345e+07
2.62678e+08 1.6434e+07
2.75282e+08 1.67807e+07
2.75282e+08 1.67808e+07
2.75282e+08 1.67808e+07
2.75282e+08 1.67808e+07
2.75282e+08 1.67808e+07
2.75282e+08 1.67808e+07
2.75282e+08 1.67808e+07
2.75282e+08 1.67808e+07
2.75282e+08 1.67808e+07
2.77562e+08 1.70744e+07
2.77729e+08 1.70632e+07
2.7774e+08 1.7052e+07
2.77752e+08 1.70409e+07
2.77774e+08 1.70632e+07
2.77774e+08 1.7052e+07
2.77785e+08 1.6862e+07
2.77875e+08 1.69067e+07
2.77908e+08 1.69402e+07
2.77931e+08 1.69626e+07
2.78009e+08 1.69849e+07
2.78042e+08 1.69738e+07
2.78165e+08 1.6985e+07
2.78903e+08 1.69737e+07
2.79004e+08 1.70408e+07
2.79037e+08 1.70744e+07
2.79574e+08 1.70185e+07
2.79764e+08 1.72085e+07
2.79887e+08 1.72085e+07
2.92726e+08 1.74435e+07
2.92726e+08 1.74435e+07
2.92726e+08 1.74435e+07
2.92726e+08 1.74435e+07
2.92726e+08 1.74435e+07
2.92726e+08 1.74435e+07
2.92726e+08 1.74435e+07
2.92726e+08 1.74435e+07
2.92726e+08 1.74435e+07
2.95172e+08 1.76104e+07
2.95183e+08 1.76215e+07
2.95295e+08 1.75656e+07
2.95373e+08 1.76327e+07
2.95396e+08 1.76438e+07
2.95396e+08 1.76215e+07
2.95418e+08 1.76438e+07
2.95418e+08 1.76327e+07
2.95429e+08 1.75544e+07
2.95429e+08 1.75209e+07
2.95463e+08 1.75321e+07
2.95563e+08 1.75544e+07
2.95653e+08 1.76103e+07
2.95787e+08 1.76215e+07
2.9601e+08 1.71074e+07
2.96502e+08 1.74985e+07
2.96558e+08 1.75208e+07
2.97296e+08 1.77221e+07
2.97452e+08 1.76885e+07
2.97598e+08 1.77109e+07
3.10727e+08 1.80018e+07
3.10728e+08 1.80018e+07
3.10728e+08 1.80019e+07
3.10728e+08 1.80018e+07
3.10728e+08 1.80018e+07
3.10728e+08 1.80018e+07
3.10728e+08 1.80018e+07
3.10728e+08 1.80018e+07
3.10728e+08 1.80018e+07
3.13403e+08 1.82315e+07
3.13426e+08 1.82426e+07
3.13426e+08 1.82427e+07
3.13515e+08 1.82203e+07
3.13549e+08 1.81756e+07
3.13571e+08 1.81756e+07
3.13571e+08 1.81756e+07
3.13571e+08 1.81533e+07
3.13571e+08 1.81533e+07
3.13582e+08 1.81532e+07
3.13638e+08 1.82091e+07
3.13638e+08 1.81756e+07
3.13828e+08 1.8265e+07
3.13985e+08 1.8332e+07
3.1413e+08 1.83432e+07
3.14164e+08 1.81532e+07
3.14398e+08 1.78962e+07
3.14454e+08 1.78962e+07
3.15471e+08 1.81755e+07
3.15572e+08 1.81197e+07
3.1593e+08 1.83321e+07
3.29361e+08 1.86341e+07
3.29362e+08 1.86342e+07
3.29362e+08 1.86342e+07
3.29362e+08 1.86342e+07
3.29362e+08 1.86342e+07
3.29362e+08 1.86342e+07
3.29362e+08 1.86342e+07
3.29362e+08 1.86342e+07
3.29362e+08 1.86342e+07
3.32098e+08 1.86947e+07
3.32109e+08 1.86836e+07
3.32154e+08 1.87283e+07
3.32288e+08 1.8773e+07
3.32288e+08 1.8773e+07
3.32311e+08 1.87618e+07
3.32355e+08 1.87841e+07
3.32355e+08 1.87841e+07
3.32378e+08 1.88065e+07
3.32378e+08 1.88065e+07
3.32378e+08 1.87953e+07
3.32378e+08 1.87394e+07
3.32378e+08 1.87394e+07
3.32557e+08 1.87283e+07
3.32713e+08 1.87283e+07
3.3287e+08 1.87394e+07
3.32892e+08 1.87283e+07
3.33037e+08 1.86388e+07
3.33037e+08 1.8583e+07
3.33976e+08 1.85047e+07
3.34423e+08 1.88512e+07
3.34949e+08 1.90189e+07
3.48526e+08 1.91644e+07
3.48526e+08 1.91646e+07
3.48526e+08 1.91645e+07
3.48526e+08 1.91645e+07
3.48526e+08 1.91645e+07
3.48526e+08 1.91645e+07
3.48526e+08 1.91645e+07
3.48526e+08 1.91645e+07
3.48526e+08 1.91645e+07
3.5158e+08 1.94816e+07
3.5158e+08 1.94704e+07
3.51591e+08 1.94369e+07
3.51624e+08 1.93363e+07
3.51624e+08 1.93363e+07
3.51624e+08 1.93363e+07
3.51636e+08 1.93251e+07
3.51636e+08 1.92804e+07
3.51703e+08 1.93475e+07
3.51703e+08 1.93251e+07
3.51703e+08 1.93251e+07
3.51725e+08 1.93475e+07
3.51781e+08 1.94034e+07
3.51781e+08 1.94034e+07
3.51982e+08 1.94257e+07
3.52262e+08 1.95487e+07
3.52362e+08 1.94928e+07
3.52564e+08 1.96716e+07
3.52642e+08 1.96045e+07
3.52698e+08 1.96604e+07
3.53268e+08 1.92916e+07
3.53827e+08 1.94034e+07
3.54307e+08 1.93587e+07
3.68377e+08 1.98508e+07
3.68377e+08 1.98508e+07
3.68377e+08 1.98508e+07
3.68377e+08 1.98508e+07
3.68377e+08 1.98508e+07
3.68377e+08 1.98508e+07
3.68377e+08 1.98508e+07
3.68377e+08 1.98508e+07
3.68388e+08 1.98619e+07
3.71239e+08 1.96595e+07
3.71295e+08 1.97154e+07
3.71295e+08 1.97042e+07
3.71329e+08 1.97042e+07
3.71351e+08 1.97266e+07
3.71351e+08 1.97266e+07
3.71385e+08 1.9749e+07
3.71385e+08 1.9749e+07
3.71396e+08 1.97602e+07
3.71396e+08 1.96931e+07
3.71441e+08 1.97378e+07
3.71452e+08 1.9749e+07
3.71463e+08 1.97378e+07
3.71496e+08 1.97154e+07
3.71519e+08 1.97378e+07
3.71798e+08 1.98161e+07
3.72033e+08 1.97714e+07
3.72089e+08 1.97267e+07
3.72447e+08 1.98831e+07
3.72447e+08 1.98049e+07
3.72447e+08 1.9749e+07
3.72827e+08 1.9559e+07
3.7352e+08 1.96931e+07
3.74179e+08 1.9872e+07
3.88752e+08 2.03753e+07
3.88752e+08 2.03752e+07
3.88752e+08 2.03753e+07
3.88752e+08 2.03752e+07
3.88752e+08 2.03753e+07
3.88752e+08 2.03753e+07
3.88764e+08 2.03864e+07
3.88764e+08 2.03864e+07
3.88764e+08 2.03753e+07
3.91673e+08 2.04335e+07
3.91729e+08 2.04335e+07
3.91729e+08 2.04335e+07
3.91729e+08 2.03999e+07
3.91762e+08 2.04111e+07
3.91773e+08 2.04223e+07
3.91818e+08 2.04335e+07
3.91829e+08 2.04447e+07
3.91829e+08 2.04447e+07
3.91829e+08 2.04335e+07
3.91829e+08 2.04335e+07
3.91885e+08 2.04447e+07
3.91963e+08 2.05117e+07
3.91963e+08 2.05006e+07
3.91964e+08 2.0467e+07
3.91997e+08 2.04782e+07
3.92131e+08 2.03329e+07
3.92299e+08 2.02658e+07
3.92355e+08 2.02658e+07
3.92679e+08 2.02324e+07
3.92746e+08 2.02994e+07
3.92768e+08 2.03218e+07
3.9316e+08 2.03329e+07
3.93786e+08 2.02658e+07
3.944e+08 2.02211e+07
4.09689e+08 2.09368e+07
4.09689e+08 2.09368e+07
4.09689e+08 2.09368e+07
4.09689e+08 2.09368e+07
4.097e+08 2.0948e+07
4.097e+08 2.0948e+07
4.097e+08 2.09368e+07
4.097e+08 2.09368e+07
4.097e+08 2.09368e+07
4.12623e+08 2.09505e+07
4.12623e+08 2.08946e+07
4.12679e+08 2.09505e+07
4.12679e+08 2.09505e+07
4.12724e+08 2.09617e+07
4.12769e+08 2.09952e+07
4.12769e+08 2.09505e+07
4.12769e+08 2.09394e+07
4.12769e+08 2.09394e+07
4.12769e+08 2.09394e+07
4.12769e+08 2.09394e+07
4.12769e+08 2.09394e+07
4.1288e+08 2.09952e+07
4.1297e+08 2.10064e+07
4.1297e+08 2.10064e+07
4.1297e+08 2.10064e+07
4.13015e+08 2.10176e+07
4.13194e+08 2.10623e+07
4.13495e+08 2.11964e+07
4.13551e+08 2.11964e+07
4.1363e+08 2.09505e+07
4.13741e+08 2.09953e+07
4.13797e+08 2.10288e+07
4.14066e+08 2.09059e+07
4.14423e+08 2.06376e+07
4.14658e+08 2.02575e+07
4.31198e+08 2.15097e+07
4.31199e+08 2.15096e+07
4.31199e+08 2.15097e+07
4.31199e+08 2.15097e+07
4.3121e+08 2.15098e+07
4.31221e+08 2.1521e+07
4.31233e+08 2.15321e+07
4.31233e+08 2.15321e+07
4.31233e+08 2.15321e+07
4.34225e+08 2.16015e+07
4.34225e+08 2.16015e+07
4.34247e+08 2.1568e+07
4.34247e+08 2.1568e+07
4.3427e+08 2.15456e+07
4.3437e+08 2.16015e+07
4.34393e+08 2.16239e+07
4.34437e+08 2.16686e+07
4.34437e+08 2.16686e+07
4.3446e+08 2.1691e+07
4.34482e+08 2.17133e+07
4.34482e+08 2.17133e+07
4.34482e+08 2.17133e+07
4.34549e+08 2.16686e+07
4.3456e+08 2.15904e+07
4.3456e+08 2.15904e+07
4.3456e+08 2.15904e+07
4.34616e+08 2.16015e+07
4.34784e+08 2.15903e+07
4.35086e+08 2.15903e+07
4.35108e+08 2.15568e+07
4.35209e+08 2.15791e+07
4.35321e+08 2.15792e+07
4.35421e+08 2.16239e+07
4.35667e+08 2.16016e+07
4.35935e+08 2.15122e+07
4.36114e+08 2.14563e+07
4.53292e+08 2.20936e+07
4.53292e+08 2.20937e+07
4.53292e+08 2.20936e+07
4.53293e+08 2.20937e+07
4.53326e+08 2.2116e+07
4.53404e+08 2.21831e+07
4.53404e+08 2.21719e+07
4.53427e+08 2.21943e+07
4.53449e+08 2.22166e+07
4.56567e+08 2.23422e+07
4.56567e+08 2.23422e+07
4.56589e+08 2.23422e+07
4.56589e+08 2.23422e+07
4.56623e+08 2.23534e+07
4.56645e+08 2.22752e+07
4.5669e+08 2.22975e+07
4.5669e+08 2.22528e+07
4.5669e+08 2.22528e+07
4.56701e+08 2.22416e+07
4.56735e+08 2.22528e+07
4.56746e+08 2.2264e+07
4.56746e+08 2.2264e+07
4.56791e+08 2.23087e+07
4.56791e+08 2.22416e+07
4.56813e+08 2.22528e+07
4.56813e+08 2.22528e+07
4.56824e+08 2.2264e+07
4.5697e+08 2.23534e+07
4.57126e+08 2.23422e+07
4.5726e+08 2.21746e+07
4.5735e+08 2.22416e+07
4.57484e+08 2.22752e+07
4.57708e+08 2.2387e+07
4.57909e+08 2.24875e+07
4.57965e+08 2.22975e+07
4.58568e+08 2.26328e+07
4.58658e+08 2.25434e+07
4.76059e+08 2.27672e+07
4.7606e+08 2.27674e+07
4.7606e+08 2.27674e+07
4.7606e+08 2.27673e+07
4.76082e+08 2.2756e+07
4.76149e+08 2.27449e+07
4.76172e+08 2.27672e+07
4.76183e+08 2.27561e+07
4.76194e+08 2.27449e+07
4.79342e+08 2.27745e+07
4.79364e+08 2.27969e+07
4.79397e+08 2.28081e+07
4.79397e+08 2.28081e+07
4.79431e+08 2.28081e+07
4.79442e+08 2.27969e+07
4.79453e+08 2.27634e+07
4.79453e+08 2.27633e+07
4.79453e+08 2.27634e+07
4.79509e+08 2.28081e+07
4.79509e+08 2.27746e+07
4.79509e+08 2.27634e+07
4.79509e+08 2.27634e+07
4.79532e+08 2.2741e+07
4.79543e+08 2.27523e+07
4.79565e+08 2.27746e+07
4.79621e+08 2.28081e+07
4.79621e+08 2.28081e+07
4.79644e+08 2.28193e+07
4.79767e+08 2.2797e+07
4.79912e+08 2.27858e+07
4.80024e+08 2.27634e+07
4.80124e+08 2.27746e+07
4.80303e+08 2.28193e+07
4.8065e+08 2.29422e+07
4.80773e+08 2.2864e+07
4.80918e+08 2.29534e+07
4.81689e+08 2.31211e+07
4.82058e+08 2.34005e+07
4.99348e+08 2.3289e+07
4.99349e+08 2.3289e+07
4.99349e+08 2.3289e+07
4.99349e+08 2.3289e+07
4.99349e+08 2.32667e+07
4.99371e+08 2.32219e+07
4.99371e+08 2.31995e+07
4.99382e+08 2.31995e+07
4.99427e+08 2.3233e+07
5.02955e+08 2.36131e+07
5.03011e+08 2.36466e+07
5.03011e+08 2.36131e+07
5.03055e+08 2.36578e+07
5.03067e+08 2.36355e+07
5.03067e+08 2.36243e+07
5.03067e+08 2.36131e+07
5.03078e+08 2.36243e+07
5.031e+08 2.36467e+07
5.03145e+08 2.36355e+07
5.03156e+08 2.36467e+07
5.03156e+08 2.36467e+07
5.03156e+08 2.36467e+07
5.03178e+08 2.36467e+07
5.03223e+08 2.36802e+07
5.03279e+08 2.37361e+07
5.03279e+08 2.37137e+07
5.03324e+08 2.37025e+07
5.0338e+08 2.37584e+07
5.0338e+08 2.37361e+07
5.03547e+08 2.37808e+07
5.03637e+08 2.37249e+07
5.03648e+08 2.36243e+07
5.03782e+08 2.36578e+07
5.03972e+08 2.3669e+07
5.04464e+08 2.38143e+07
5.04621e+08 2.38478e+07
5.04855e+08 2.39373e+07
5.05582e+08 2.38925e+07
5.05761e+08 2.37025e+07
5.23476e+08 2.41275e+07
5.23476e+08 2.41276e+07
5.23476e+08 2.41276e+07
5.23476e+08 2.41275e+07
5.23476e+08 2.41275e+07
5.23476e+08 2.41052e+07
5.23476e+08 2.41052e+07
5.23499e+08 2.41164e+07
5.23499e+08 2.40717e+07
5.26949e+08 2.39939e+07
5.26971e+08 2.39604e+07
5.26982e+08 2.39715e+07
5.27072e+08 2.40162e+07
5.27105e+08 2.40386e+07
5.27127e+08 2.4061e+07
5.27128e+08 2.4061e+07
5.27161e+08 2.40833e+07
5.27195e+08 2.40945e+07
5.27206e+08 2.4061e+07
5.27206e+08 2.40498e+07
5.27239e+08 2.40833e+07
5.27262e+08 2.41057e+07
5.27273e+08 2.40945e+07
5.27418e+08 2.41951e+07
5.27429e+08 2.41504e+07
5.27429e+08 2.41504e+07
5.27441e+08 2.41616e+07
5.27441e+08 2.41169e+07
5.27552e+08 2.41728e+07
5.27575e+08 2.41951e+07
5.27664e+08 2.41169e+07
5.27698e+08 2.4061e+07
5.27698e+08 2.40498e+07
5.27865e+08 2.40833e+07
5.28447e+08 2.44745e+07
5.28592e+08 2.4128e+07
5.28972e+08 2.43515e+07
5.29028e+08 2.41727e+07
5.3e+08 2.44186e+07
5.30101e+08 2.43404e+07
5.48051e+08 2.45754e+07
5.48085e+08 2.46089e+07
5.48208e+08 2.47319e+07
5.48208e+08 2.47319e+07
5.48208e+08 2.47319e+07
5.48208e+08 2.47319e+07
5.48208e+08 2.47319e+07
5.48219e+08 2.47207e+07
5.48231e+08 2.47319e+07
5.51827e+08 2.48787e+07
5.51827e+08 2.48564e+07
5.51839e+08 2.48564e+07
5.5195e+08 2.48787e+07
5.51984e+08 2.48787e+07
5.51995e+08 2.48675e+07
5.52017e+08 2.48899e+07
5.52017e+08 2.48564e+07
5.52017e+08 2.48228e+07
5.52017e+08 2.48117e+07
5.52062e+08 2.48564e+07
5.52062e+08 2.48228e+07
5.52152e+08 2.48899e+07
5.52208e+08 2.49346e+07
5.52241e+08 2.48228e+07
5.52286e+08 2.48564e+07
5.52286e+08 2.48564e+07
5.52319e+08 2.48787e+07
5.52319e+08 2.48787e+07
5.52331e+08 2.48899e+07
5.5242e+08 2.48676e+07
5.52454e+08 2.48788e+07
5.52755e+08 2.50911e+07
5.52822e+08 2.51247e+07
5.52822e+08 2.51247e+07
5.52923e+08 2.50576e+07
5.5365e+08 2.52028e+07
5.5365e+08 2.50575e+07
5.5365e+08 2.46775e+07
5.5365e+08 2.46216e+07
5.54678e+08 2.46775e+07
5.5479e+08 2.46887e+07
5.73355e+08 2.53037e+07
5.73478e+08 2.53932e+07
5.73534e+08 2.53261e+07
5.73534e+08 2.53261e+07
5.73546e+08 2.53373e+07
5.73568e+08 2.53596e+07
5.73579e+08 2.53708e+07
5.73579e+08 2.53597e+07
5.73579e+08 2.53485e+07
5.7698e+08 2.5153e+07
5.77036e+08 2.52089e+07
5.77092e+08 2.52536e+07
5.77126e+08 2.51754e+07
5.77182e+08 2.51977e+07
5.77204e+08 2.52089e+07
5.77215e+08 2.51977e+07
5.77226e+08 2.52089e+07
5.77234e+08 2.52169e+07
5.77234e+08 2.52169e+07
5.77273e+08 2.52106e+07
5.77279e+08 2.52164e+07
5.77369e+08 2.52171e+07
5.77458e+08 2.52507e+07
5.77469e+08 2.52283e+07
5.77536e+08 2.52507e+07
5.77537e+08 2.52507e+07
5.77559e+08 2.52395e+07
5.7757e+08 2.52507e+07
5.7757e+08 2.52395e+07
5.77581e+08 2.52507e+07
5.77928e+08 2.55082e+07
5.77962e+08 2.55082e+07
5.78107e+08 2.53517e+07
5.78185e+08 2.53629e+07
5.78319e+08 2.5497e+07
5.78767e+08 2.58435e+07
5.79169e+08 2.55193e+07
5.79169e+08 2.55193e+07
5.79169e+08 2.55193e+07
5.79169e+08 2.55193e+07
5.79996e+08 2.53182e+07
5.80097e+08 2.5307e+07
5.99098e+08 2.57432e+07
5.99333e+08 2.5855e+07
5.99356e+08 2.58215e+07
5.99356e+08 2.58215e+07
5.99356e+08 2.58103e+07
5.99356e+08 2.57879e+07
5.99356e+08 2.57768e+07
5.99367e+08 2.57879e+07
5.99367e+08 2.5788e+07
6.03039e+08 2.60588e+07
6.03039e+08 2.60029e+07
6.0314e+08 2.60476e+07
6.03173e+08 2.60476e+07
6.03207e+08 2.60252e+07
6.03218e+08 2.60141e+07
6.03218e+08 2.60029e+07
6.03225e+08 2.59984e+07
6.03225e+08 2.59904e+07
6.03225e+08 2.59904e+07
6.03358e+08 2.60857e+07
6.03358e+08 2.60799e+07
6.03426e+08 2.60568e+07
6.03492e+08 2.60337e+07
6.03597e+08 2.61281e+07
6.03743e+08 2.62063e+07
6.03787e+08 2.6251e+07
6.03787e+08 2.62286e+07
6.03989e+08 2.64186e+07
6.04056e+08 2.64857e+07
6.04168e+08 2.65862e+07
6.04257e+08 2.66756e+07
6.04771e+08 2.68428e+07
6.04771e+08 2.68093e+07
6.05017e+08 2.69099e+07
6.05017e+08 2.68316e+07
6.05017e+08 2.66975e+07
6.05118e+08 2.6351e+07
6.05118e+08 2.59487e+07
6.05118e+08 2.59487e+07
6.05118e+08 2.59487e+07
6.05118e+08 2.59487e+07
6.06045e+08 2.60493e+07
6.06258e+08 2.61611e+07
6.21691e+08 2.25929e+07
6.21836e+08 2.2503e+07
6.21836e+08 2.24806e+07
6.21859e+08 2.2503e+07
6.2187e+08 2.25141e+07
6.21892e+08 2.25365e+07
6.21892e+08 2.25365e+07
6.21892e+08 2.25253e+07
6.21892e+08 2.25253e+07
6.24677e+08 2.1638e+07
6.24677e+08 2.1638e+07
6.24688e+08 2.15486e+07
6.24722e+08 2.15487e+07
6.24722e+08 2.15152e+07
6.24733e+08 2.15152e+07
6.24733e+08 2.15152e+07
6.24744e+08 2.15198e+07
6.24756e+08 2.1531e+07
6.24778e+08 2.15533e+07
6.24845e+08 2.14867e+07
6.24879e+08 2.15202e+07
6.2489e+08 2.14643e+07
6.24901e+08 2.14091e+07
6.24912e+08 2.13148e+07
6.24957e+08 2.12142e+07
6.24979e+08 2.11919e+07
6.24991e+08 2.12031e+07
6.25047e+08 2.10578e+07
6.2508e+08 2.10243e+07
6.25091e+08 2.09237e+07
6.25114e+08 2.08567e+07
6.25147e+08 2.03762e+07
6.25181e+08 2.04097e+07
6.25192e+08 2.04209e+07
6.25259e+08 2.02422e+07
6.25304e+08 2.02869e+07
6.25304e+08 2.02869e+07
6.25315e+08 2.01975e+07
6.25326e+08 2.02087e+07
6.25326e+08 2.02087e+07
6.25326e+08 2.02087e+07
6.25338e+08 2.02199e+07
6.25472e+08 1.94264e+07
6.25494e+08 1.92365e+07
6.27353e+08 5.66204e+06
6.27353e+08 5.51668e+06
6.27353e+08 5.51668e+06
