3.57586e+06 3.57585e+06
8.27206e+06 4.6962e+06
8.27207e+06 4.69621e+06
9.80078e+06 1.52872e+06
9.80079e+06 1.52872e+06
1.15676e+07 1.76687e+06
1.15677e+07 1.76687e+06
1.15677e+07 1.76688e+06
1.47875e+07 3.21989e+06
1.47876e+07 3.21993e+06
1.47876e+07 3.21994e+06
1.47876e+07 3.21994e+06
1.77199e+07 2.93233e+06
1.77199e+07 2.93229e+06
1.77311e+07 2.94347e+06
1.77311e+07 2.94347e+06
1.77311e+07 2.94347e+06
2.20928e+07 4.37293e+06
2.20928e+07 4.37293e+06
2.20928e+07 4.36175e+06
2.2104e+07 4.37293e+06
2.2104e+07 4.37293e+06
2.2104e+07 4.37294e+06
2.62949e+07 4.20213e+06
2.62949e+07 4.20213e+06
2.62949e+07 4.20213e+06
2.6295e+07 4.19095e+06
2.63061e+07 4.20213e+06
2.63174e+07 4.21337e+06
2.63174e+07 4.21337e+06
3.08491e+07 4.55418e+06
3.08827e+07 4.58773e+06
3.09051e+07 4.61013e+06
3.09051e+07 4.61013e+06
3.09163e+07 4.61015e+06
3.09387e+07 4.62133e+06
3.09387e+07 4.62134e+06
3.5848e+07 4.99888e+06
3.58592e+07 5.01009e+06
3.58816e+07 4.99892e+06
3.58816e+07 4.97654e+06
3.58816e+07 4.97654e+06
3.58816e+07 4.96535e+06
3.58929e+07 4.95415e+06
3.58929e+07 4.95414e+06
4.15173e+07 5.66927e+06
4.15173e+07 5.65808e+06
4.15173e+07 5.65809e+06
4.15173e+07 5.63573e+06
4.15173e+07 5.63572e+06
4.15173e+07 5.63572e+06
4.15173e+07 5.63572e+06
4.1607e+07 5.71412e+06
4.16406e+07 5.74768e+06
4.78021e+07 6.28488e+06
4.78022e+07 6.28487e+06
4.78134e+07 6.29606e+06
4.78357e+07 6.31841e+06
4.78357e+07 6.31842e+06
4.78357e+07 6.31842e+06
4.78358e+07 6.31842e+06
4.78358e+07 6.31842e+06
4.7847e+07 6.24006e+06
4.78471e+07 6.2065e+06
5.49162e+07 7.1141e+06
5.49163e+07 7.11411e+06
5.49163e+07 7.10292e+06
5.49163e+07 7.08056e+06
5.49163e+07 7.08056e+06
5.49163e+07 7.08056e+06
5.49163e+07 7.08056e+06
5.49163e+07 7.08056e+06
5.49164e+07 7.08063e+06
5.51404e+07 7.29333e+06
5.51739e+07 7.32689e+06
6.22623e+07 7.34604e+06
6.22623e+07 7.34602e+06
6.22623e+07 7.34602e+06
6.22623e+07 7.34602e+06
6.22623e+07 7.34602e+06
6.22623e+07 7.34602e+06
6.22623e+07 7.34602e+06
6.22623e+07 7.34603e+06
6.22624e+07 7.34603e+06
6.22736e+07 7.35723e+06
6.25313e+07 7.39088e+06
6.25313e+07 7.35739e+06
7.09264e+07 8.66414e+06
7.09713e+07 8.70898e+06
7.10495e+07 8.78724e+06
7.10719e+07 8.80964e+06
7.10831e+07 8.82082e+06
7.10944e+07 8.83204e+06
7.11056e+07 8.84322e+06
7.11503e+07 8.88795e+06
7.11503e+07 8.88797e+06
7.11503e+07 8.88799e+06
7.11504e+07 8.87682e+06
7.15168e+07 8.98555e+06
7.16856e+07 9.15426e+06
7.98191e+07 8.89263e+06
7.98863e+07 8.91501e+06
7.98975e+07 8.84796e+06
7.98975e+07 8.82557e+06
7.98975e+07 8.81439e+06
7.99311e+07 8.83673e+06
7.99311e+07 8.82558e+06
7.99312e+07 8.78089e+06
7.99312e+07 8.78092e+06
7.99313e+07 8.78095e+06
7.99425e+07 8.79213e+06
7.99649e+07 8.81445e+06
8.09286e+07 9.41175e+06
8.10835e+07 9.39795e+06
8.9716e+07 9.89689e+06
8.97608e+07 9.87455e+06
8.97609e+07 9.8634e+06
8.97721e+07 9.87461e+06
8.97722e+07 9.87463e+06
8.97946e+07 9.86346e+06
8.97946e+07 9.86345e+06
8.97946e+07 9.86342e+06
8.97947e+07 9.86345e+06
8.98282e+07 9.89696e+06
8.98283e+07 9.88579e+06
8.98283e+07 9.88584e+06
8.98284e+07 9.86346e+06
9.3394e+07 1.24655e+07
9.44334e+07 1.33499e+07
9.97689e+07 1.00529e+07
9.99144e+07 1.01536e+07
9.99145e+07 1.01536e+07
9.99257e+07 1.01536e+07
9.99257e+07 1.01535e+07
9.99481e+07 1.01535e+07
9.99481e+07 1.01535e+07
9.99482e+07 1.01536e+07
1.00097e+08 1.03021e+07
1.00141e+08 1.03133e+07
1.00164e+08 1.03356e+07
1.00297e+08 1.04686e+07
1.00297e+08 1.04686e+07
1.00421e+08 1.05927e+07
1.06327e+08 1.29326e+07
1.06584e+08 1.21503e+07
1.10523e+08 1.07537e+07
1.10568e+08 1.06531e+07
1.10568e+08 1.06531e+07
1.1059e+08 1.06642e+07
1.1059e+08 1.06642e+07
1.1059e+08 1.06419e+07
1.10612e+08 1.06643e+07
1.10612e+08 1.06643e+07
1.10704e+08 1.06075e+07
1.10782e+08 1.06408e+07
1.10795e+08 1.06307e+07
1.10961e+08 1.06644e+07
1.10972e+08 1.06755e+07
1.11094e+08 1.06733e+07
1.11094e+08 1.06733e+07
1.13832e+08 7.50574e+06
1.14615e+08 8.03098e+06
1.2146e+08 1.0937e+07
1.21594e+08 1.10265e+07
1.21616e+08 1.10488e+07
1.21628e+08 1.10377e+07
1.21628e+08 1.10377e+07
1.21628e+08 1.10377e+07
1.21633e+08 1.10209e+07
1.21757e+08 1.11449e+07
1.21869e+08 1.11649e+07
1.21985e+08 1.12029e+07
1.21992e+08 1.11976e+07
1.22094e+08 1.11328e+07
1.22139e+08 1.11663e+07
1.22192e+08 1.1098e+07
1.22192e+08 1.10981e+07
1.22232e+08 1.11375e+07
1.25177e+08 1.13446e+07
1.25177e+08 1.05623e+07
1.33196e+08 1.1736e+07
1.33241e+08 1.16466e+07
1.33263e+08 1.16466e+07
1.33274e+08 1.16466e+07
1.33274e+08 1.16466e+07
1.33282e+08 1.16544e+07
1.33304e+08 1.16711e+07
1.33429e+08 1.16712e+07
1.33529e+08 1.166e+07
1.33691e+08 1.17056e+07
1.33764e+08 1.17718e+07
1.33844e+08 1.17501e+07
1.33878e+08 1.1739e+07
1.33922e+08 1.17301e+07
1.33922e+08 1.17301e+07
1.33922e+08 1.16907e+07
1.35965e+08 1.07876e+07
1.3611e+08 1.09328e+07
1.36155e+08 1.09775e+07
1.45291e+08 1.20954e+07
1.45381e+08 1.21401e+07
1.45381e+08 1.21177e+07
1.45381e+08 1.21066e+07
1.45381e+08 1.21066e+07
1.45381e+08 1.20987e+07
1.45403e+08 1.20988e+07
1.45548e+08 1.21192e+07
1.45594e+08 1.20649e+07
1.45716e+08 1.20247e+07
1.45842e+08 1.20777e+07
1.45842e+08 1.19975e+07
1.45963e+08 1.20849e+07
1.46129e+08 1.22067e+07
1.46129e+08 1.22068e+07
1.46129e+08 1.22068e+07
1.47573e+08 1.1608e+07
1.47595e+08 1.14851e+07
1.47595e+08 1.14851e+07
1.47595e+08 1.14404e+07
1.58218e+08 1.29272e+07
1.58218e+08 1.28378e+07
1.58218e+08 1.28378e+07
1.58219e+08 1.28378e+07
1.58219e+08 1.28378e+07
1.58219e+08 1.28378e+07
1.58219e+08 1.28154e+07
1.58388e+08 1.28403e+07
1.58444e+08 1.285e+07
1.58604e+08 1.28889e+07
1.58725e+08 1.28837e+07
1.58725e+08 1.28838e+07
1.58995e+08 1.30322e+07
1.59185e+08 1.30557e+07
1.59196e+08 1.30669e+07
1.59218e+08 1.30892e+07
1.60348e+08 1.27755e+07
1.60359e+08 1.27644e+07
1.60359e+08 1.27644e+07
1.60371e+08 1.27756e+07
1.60382e+08 1.27868e+07
1.71586e+08 1.33681e+07
1.71609e+08 1.33905e+07
1.71609e+08 1.33905e+07
1.7162e+08 1.34017e+07
1.71632e+08 1.3413e+07
1.71632e+08 1.3413e+07
1.71643e+08 1.34241e+07
1.71755e+08 1.33666e+07
1.71822e+08 1.33777e+07
1.719e+08 1.32957e+07
1.71999e+08 1.32734e+07
1.71999e+08 1.32734e+07
1.72328e+08 1.33336e+07
1.72619e+08 1.34342e+07
1.72653e+08 1.34566e+07
1.72664e+08 1.34454e+07
1.73514e+08 1.31659e+07
1.73559e+08 1.31994e+07
1.73693e+08 1.33336e+07
1.73961e+08 1.35907e+07
1.74308e+08 1.3926e+07
1.74408e+08 1.40265e+07
1.84741e+08 1.31547e+07
1.84741e+08 1.31324e+07
1.84741e+08 1.31324e+07
1.84741e+08 1.31212e+07
1.84786e+08 1.31547e+07
1.84786e+08 1.31547e+07
1.84786e+08 1.31435e+07
1.8482e+08 1.30652e+07
1.84842e+08 1.30205e+07
1.84854e+08 1.29534e+07
1.8498e+08 1.29811e+07
1.84991e+08 1.29923e+07
1.85427e+08 1.30987e+07
1.85695e+08 1.30764e+07
1.85729e+08 1.30764e+07
1.8583e+08 1.31658e+07
1.86481e+08 1.2967e+07
1.86587e+08 1.30278e+07
1.87023e+08 1.33296e+07
1.87067e+08 1.31061e+07
1.87067e+08 1.27596e+07
1.87078e+08 1.26702e+07
1.98686e+08 1.39445e+07
1.98686e+08 1.39445e+07
1.98686e+08 1.39444e+07
1.98686e+08 1.39444e+07
1.98686e+08 1.39444e+07
1.98764e+08 1.3978e+07
1.98787e+08 1.40003e+07
1.98787e+08 1.40003e+07
1.98787e+08 1.39668e+07
1.98787e+08 1.39444e+07
1.98798e+08 1.39444e+07
1.98809e+08 1.38293e+07
1.98809e+08 1.38181e+07
1.99037e+08 1.361e+07
1.99228e+08 1.3533e+07
1.99375e+08 1.36461e+07
1.99462e+08 1.36323e+07
2.00345e+08 1.38645e+07
2.00368e+08 1.37813e+07
2.00581e+08 1.35585e+07
2.00604e+08 1.35367e+07
2.00615e+08 1.35479e+07
2.00615e+08 1.35367e+07
2.13275e+08 1.4589e+07
2.13275e+08 1.4589e+07
2.13275e+08 1.4589e+07
2.13275e+08 1.4589e+07
2.13286e+08 1.46002e+07
2.13297e+08 1.46113e+07
2.13375e+08 1.46113e+07
2.13375e+08 1.45889e+07
2.13376e+08 1.45889e+07
2.13376e+08 1.45889e+07
2.13376e+08 1.4589e+07
2.13376e+08 1.45778e+07
2.13376e+08 1.45666e+07
2.13376e+08 1.45666e+07
2.13553e+08 1.45158e+07
2.13673e+08 1.44447e+07
2.13952e+08 1.45769e+07
2.13956e+08 1.44936e+07
2.14888e+08 1.45427e+07
2.14989e+08 1.4621e+07
2.15162e+08 1.45807e+07
2.1522e+08 1.46165e+07
2.1522e+08 1.46053e+07
2.15254e+08 1.46388e+07
2.28541e+08 1.52664e+07
2.28541e+08 1.52664e+07
2.28541e+08 1.52664e+07
2.28552e+08 1.52776e+07
2.28552e+08 1.52776e+07
2.28586e+08 1.53e+07
2.28631e+08 1.53335e+07
2.28642e+08 1.52664e+07
2.28642e+08 1.52664e+07
2.28642e+08 1.52664e+07
2.28642e+08 1.52664e+07
2.28642e+08 1.52664e+07
2.28642e+08 1.52664e+07
2.28642e+08 1.52664e+07
2.28642e+08 1.52664e+07
2.28743e+08 1.51903e+07
2.2881e+08 1.51372e+07
2.29002e+08 1.50498e+07
2.29147e+08 1.51917e+07
2.29941e+08 1.50525e+07
2.30064e+08 1.50749e+07
2.30283e+08 1.5121e+07
2.30355e+08 1.51341e+07
2.30355e+08 1.51341e+07
2.30466e+08 1.52123e+07
2.44332e+08 1.57905e+07
2.44343e+08 1.58018e+07
2.44343e+08 1.58018e+07
2.44376e+08 1.58241e+07
2.44376e+08 1.58241e+07
2.44376e+08 1.58241e+07
2.44421e+08 1.58353e+07
2.44432e+08 1.58017e+07
2.44432e+08 1.57905e+07
2.44432e+08 1.57905e+07
2.44432e+08 1.57905e+07
2.44433e+08 1.57906e+07
2.44433e+08 1.57905e+07
2.44433e+08 1.57905e+07
2.44433e+08 1.57905e+07
2.44433e+08 1.57905e+07
2.44522e+08 1.57793e+07
2.44601e+08 1.57905e+07
2.44769e+08 1.57668e+07
2.4478e+08 1.56327e+07
2.45709e+08 1.57683e+07
2.45821e+08 1.57571e+07
2.46201e+08 1.59183e+07
2.46246e+08 1.58913e+07
2.46257e+08 1.59024e+07
2.46402e+08 1.5936e+07
2.6067e+08 1.63388e+07
2.60693e+08 1.63501e+07
2.60693e+08 1.63501e+07
2.60704e+08 1.63278e+07
2.60715e+08 1.6339e+07
2.60715e+08 1.6339e+07
2.6076e+08 1.6339e+07
2.6076e+08 1.6339e+07
2.6076e+08 1.63278e+07
2.6076e+08 1.63278e+07
2.6076e+08 1.63278e+07
2.6076e+08 1.63278e+07
2.6076e+08 1.63278e+07
2.6076e+08 1.63278e+07
2.6076e+08 1.63277e+07
2.6076e+08 1.63278e+07
2.6076e+08 1.63277e+07
2.60861e+08 1.63389e+07
2.60973e+08 1.63724e+07
2.61041e+08 1.62719e+07
2.61074e+08 1.62942e+07
2.6201e+08 1.63013e+07
2.62064e+08 1.62427e+07
2.62293e+08 1.60923e+07
2.62293e+08 1.60476e+07
2.62293e+08 1.60364e+07
2.62507e+08 1.61048e+07
2.77737e+08 1.70665e+07
2.77748e+08 1.70553e+07
2.77748e+08 1.70553e+07
2.77759e+08 1.70553e+07
2.77804e+08 1.70888e+07
2.77804e+08 1.70888e+07
2.77804e+08 1.70441e+07
2.77804e+08 1.70441e+07
2.77804e+08 1.70441e+07
2.77804e+08 1.70442e+07
2.77804e+08 1.70442e+07
2.77804e+08 1.70442e+07
2.77804e+08 1.70442e+07
2.77804e+08 1.70442e+07
2.77804e+08 1.70442e+07
2.77804e+08 1.70441e+07
2.77804e+08 1.70441e+07
2.77804e+08 1.70441e+07
2.77872e+08 1.70105e+07
2.77906e+08 1.69323e+07
2.78029e+08 1.69882e+07
2.7804e+08 1.69658e+07
2.78827e+08 1.68169e+07
2.78849e+08 1.67859e+07
2.79019e+08 1.67252e+07
2.79019e+08 1.67252e+07
2.79108e+08 1.68149e+07
2.79209e+08 1.67022e+07
2.95377e+08 1.76403e+07
2.95389e+08 1.76404e+07
2.954e+08 1.76516e+07
2.95445e+08 1.76851e+07
2.95445e+08 1.76404e+07
2.95445e+08 1.76404e+07
2.95445e+08 1.76404e+07
2.95445e+08 1.76404e+07
2.95445e+08 1.76404e+07
2.95445e+08 1.76404e+07
2.95445e+08 1.76404e+07
2.95445e+08 1.76404e+07
2.95445e+08 1.76404e+07
2.95445e+08 1.76404e+07
2.95445e+08 1.76404e+07
2.95445e+08 1.76404e+07
2.95445e+08 1.76404e+07
2.95445e+08 1.76404e+07
2.95445e+08 1.76404e+07
2.95501e+08 1.7629e+07
2.95535e+08 1.76292e+07
2.95647e+08 1.7618e+07
2.9568e+08 1.76404e+07
2.96412e+08 1.75846e+07
2.96412e+08 1.75623e+07
2.96501e+08 1.74825e+07
2.96523e+08 1.75049e+07
2.96546e+08 1.74375e+07
2.96642e+08 1.74325e+07
3.13584e+08 1.82065e+07
3.13673e+08 1.82848e+07
3.13673e+08 1.82736e+07
3.13718e+08 1.82736e+07
3.13718e+08 1.82736e+07
3.13718e+08 1.82737e+07
3.13718e+08 1.82737e+07
3.13718e+08 1.82736e+07
3.13718e+08 1.82736e+07
3.13718e+08 1.82736e+07
3.13718e+08 1.82736e+07
3.13718e+08 1.82737e+07
3.13718e+08 1.82736e+07
3.13718e+08 1.82736e+07
3.13718e+08 1.82736e+07
3.13718e+08 1.82736e+07
3.13718e+08 1.82736e+07
3.13718e+08 1.82736e+07
3.13718e+08 1.82736e+07
3.13719e+08 1.82736e+07
3.13719e+08 1.82176e+07
3.13786e+08 1.82511e+07
3.1382e+08 1.81729e+07
3.13842e+08 1.81617e+07
3.1455e+08 1.81379e+07
3.1455e+08 1.81379e+07
3.14594e+08 1.80933e+07
3.14618e+08 1.80945e+07
3.14618e+08 1.80722e+07
3.14803e+08 1.81614e+07
3.32405e+08 1.8821e+07
3.32517e+08 1.88435e+07
3.32528e+08 1.88547e+07
3.32573e+08 1.88547e+07
3.32573e+08 1.88547e+07
3.32573e+08 1.88547e+07
3.32573e+08 1.88547e+07
3.32573e+08 1.88547e+07
3.32573e+08 1.88547e+07
3.32573e+08 1.88547e+07
3.32573e+08 1.88547e+07
3.32573e+08 1.88547e+07
3.32573e+08 1.88547e+07
3.32573e+08 1.88547e+07
3.32573e+08 1.88547e+07
3.32573e+08 1.88547e+07
3.32573e+08 1.88547e+07
3.32573e+08 1.88547e+07
3.32573e+08 1.88547e+07
3.32573e+08 1.88547e+07
3.32573e+08 1.88547e+07
3.32573e+08 1.88547e+07
3.32573e+08 1.87875e+07
3.32663e+08 1.88434e+07
3.32663e+08 1.8821e+07
3.33216e+08 1.86659e+07
3.33238e+08 1.86883e+07
3.33238e+08 1.86436e+07
3.33238e+08 1.862e+07
3.33238e+08 1.862e+07
3.33483e+08 1.86795e+07
3.51844e+08 1.94393e+07
3.51979e+08 1.94618e+07
3.5199e+08 1.94618e+07
3.52035e+08 1.94618e+07
3.52035e+08 1.94618e+07
3.52035e+08 1.94618e+07
3.52035e+08 1.94618e+07
3.52035e+08 1.94618e+07
3.52035e+08 1.94618e+07
3.52035e+08 1.94618e+07
3.52035e+08 1.94618e+07
3.52035e+08 1.94618e+07
3.52035e+08 1.94618e+07
3.52035e+08 1.94618e+07
3.52035e+08 1.94618e+07
3.52035e+08 1.94618e+07
3.52035e+08 1.94618e+07
3.52035e+08 1.94618e+07
3.52035e+08 1.94618e+07
3.52035e+08 1.94618e+07
3.52035e+08 1.94618e+07
3.52035e+08 1.94619e+07
3.52035e+08 1.94618e+07
3.52035e+08 1.94618e+07
3.52114e+08 1.94506e+07
3.52114e+08 1.94506e+07
3.52439e+08 1.92238e+07
3.52562e+08 1.93242e+07
3.52562e+08 1.93242e+07
3.52572e+08 1.93345e+07
3.52585e+08 1.93467e+07
3.52874e+08 1.93916e+07
3.7184e+08 1.99955e+07
3.72119e+08 2.01409e+07
3.7212e+08 2.01298e+07
3.72131e+08 2.00962e+07
3.72131e+08 2.00962e+07
3.72142e+08 2.01074e+07
3.72176e+08 2.01409e+07
3.72176e+08 2.01409e+07
3.72176e+08 2.01409e+07
3.72176e+08 2.01409e+07
3.72176e+08 2.01409e+07
3.72176e+08 2.0141e+07
3.72176e+08 2.0141e+07
3.72176e+08 2.0141e+07
3.72176e+08 2.0141e+07
3.72176e+08 2.0141e+07
3.72176e+08 2.0141e+07
3.72176e+08 2.0141e+07
3.72176e+08 2.0141e+07
3.72176e+08 2.0141e+07
3.72176e+08 2.0141e+07
3.72176e+08 2.0141e+07
3.72176e+08 2.0141e+07
3.72176e+08 2.0141e+07
3.72176e+08 2.0141e+07
3.72243e+08 2.01297e+07
3.72243e+08 2.01297e+07
3.72524e+08 2.00842e+07
3.72535e+08 1.99728e+07
3.72535e+08 1.99728e+07
3.72535e+08 1.99626e+07
3.72535e+08 1.99503e+07
3.72983e+08 2.01085e+07
3.92601e+08 2.07617e+07
3.92915e+08 2.07954e+07
3.92915e+08 2.07953e+07
3.92915e+08 2.07841e+07
3.92926e+08 2.07953e+07
3.92926e+08 2.07842e+07
3.92926e+08 2.07506e+07
3.92938e+08 2.07618e+07
3.92938e+08 2.07618e+07
3.92938e+08 2.07619e+07
3.92938e+08 2.07619e+07
3.92971e+08 2.07954e+07
3.92971e+08 2.07954e+07
3.92971e+08 2.07954e+07
3.92971e+08 2.07954e+07
3.92971e+08 2.07954e+07
3.92971e+08 2.07954e+07
3.92971e+08 2.07954e+07
3.92971e+08 2.07954e+07
3.92971e+08 2.07954e+07
3.92971e+08 2.07954e+07
3.92971e+08 2.07954e+07
3.92971e+08 2.07954e+07
3.92971e+08 2.07954e+07
3.92971e+08 2.07954e+07
3.92971e+08 2.07954e+07
3.93028e+08 2.07842e+07
3.93028e+08 2.07842e+07
3.93319e+08 2.07954e+07
3.9333e+08 2.07953e+07
3.9333e+08 2.07953e+07
3.9333e+08 2.07954e+07
3.9333e+08 2.07953e+07
3.93883e+08 2.09002e+07
4.13854e+08 2.12523e+07
4.14301e+08 2.13864e+07
4.14301e+08 2.13863e+07
4.14301e+08 2.13863e+07
4.14301e+08 2.13751e+07
4.14301e+08 2.13751e+07
4.14302e+08 2.13752e+07
4.14302e+08 2.13641e+07
4.14302e+08 2.13641e+07
4.14313e+08 2.13753e+07
4.14313e+08 2.13753e+07
4.14313e+08 2.13418e+07
4.14313e+08 2.13417e+07
4.14313e+08 2.13417e+07
4.14324e+08 2.13529e+07
4.14324e+08 2.13529e+07
4.14324e+08 2.13529e+07
4.14324e+08 2.13529e+07
4.14324e+08 2.13529e+07
4.14324e+08 2.13529e+07
4.14324e+08 2.1353e+07
4.14324e+08 2.1353e+07
4.14324e+08 2.1353e+07
4.14324e+08 2.1353e+07
4.14347e+08 2.13753e+07
4.14347e+08 2.13753e+07
4.14347e+08 2.13753e+07
4.14358e+08 2.13305e+07
4.14369e+08 2.13417e+07
4.14638e+08 2.13193e+07
4.14683e+08 2.13529e+07
4.14705e+08 2.13753e+07
4.14717e+08 2.13864e+07
4.14717e+08 2.13864e+07
4.15111e+08 2.12283e+07
4.35619e+08 2.17652e+07
4.36122e+08 2.18211e+07
4.36122e+08 2.1821e+07
4.36122e+08 2.1821e+07
4.36122e+08 2.1821e+07
4.36122e+08 2.1821e+07
4.36123e+08 2.1821e+07
4.36123e+08 2.1821e+07
4.36123e+08 2.1821e+07
4.36123e+08 2.18099e+07
4.36123e+08 2.18099e+07
4.36134e+08 2.18211e+07
4.36134e+08 2.18211e+07
4.36134e+08 2.18211e+07
4.36134e+08 2.181e+07
4.36145e+08 2.18212e+07
4.36145e+08 2.18212e+07
4.36145e+08 2.18212e+07
4.36145e+08 2.18212e+07
4.36146e+08 2.18212e+07
4.36146e+08 2.18212e+07
4.36146e+08 2.18212e+07
4.36146e+08 2.18212e+07
4.36146e+08 2.18212e+07
4.36146e+08 2.18212e+07
4.36146e+08 2.17989e+07
4.36146e+08 2.17989e+07
4.36146e+08 2.17989e+07
4.36224e+08 2.18659e+07
4.36235e+08 2.18659e+07
4.36426e+08 2.17876e+07
4.36471e+08 2.17877e+07
4.36493e+08 2.17877e+07
4.36504e+08 2.17876e+07
4.36504e+08 2.17876e+07
4.37143e+08 2.20313e+07
4.58029e+08 2.24107e+07
4.586e+08 2.24779e+07
4.586e+08 2.24779e+07
4.586e+08 2.24779e+07
4.586e+08 2.24779e+07
4.586e+08 2.24779e+07
4.586e+08 2.24778e+07
4.586e+08 2.24778e+07
4.58601e+08 2.24778e+07
4.58601e+08 2.24778e+07
4.58601e+08 2.24778e+07
4.58601e+08 2.24666e+07
4.58601e+08 2.24666e+07
4.58601e+08 2.24667e+07
4.58612e+08 2.24779e+07
4.58612e+08 2.24667e+07
4.58612e+08 2.24667e+07
4.58612e+08 2.24667e+07
4.58612e+08 2.24667e+07
4.58612e+08 2.24667e+07
4.58623e+08 2.24779e+07
4.58623e+08 2.24779e+07
4.58623e+08 2.24779e+07
4.58623e+08 2.24779e+07
4.58623e+08 2.24779e+07
4.58623e+08 2.24779e+07
4.58624e+08 2.24779e+07
4.58624e+08 2.24779e+07
4.58624e+08 2.24779e+07
4.58691e+08 2.24667e+07
4.58691e+08 2.24555e+07
4.58859e+08 2.24331e+07
4.58915e+08 2.24444e+07
4.58938e+08 2.24444e+07
4.58938e+08 2.24332e+07
4.58949e+08 2.24444e+07
4.59382e+08 2.22394e+07
4.81078e+08 2.30483e+07
4.81637e+08 2.30372e+07
4.81637e+08 2.30372e+07
4.81637e+08 2.30372e+07
4.81637e+08 2.30372e+07
4.81638e+08 2.30373e+07
4.81638e+08 2.30372e+07
4.81638e+08 2.30372e+07
4.81638e+08 2.30371e+07
4.81638e+08 2.30371e+07
4.81638e+08 2.30371e+07
4.81638e+08 2.30371e+07
4.81638e+08 2.30372e+07
4.81638e+08 2.30372e+07
4.81649e+08 2.30371e+07
4.81649e+08 2.30372e+07
4.81649e+08 2.30372e+07
4.81649e+08 2.30372e+07
4.81649e+08 2.30372e+07
4.81649e+08 2.30372e+07
4.81661e+08 2.30372e+07
4.81661e+08 2.30372e+07
4.81661e+08 2.30372e+07
4.81672e+08 2.30484e+07
4.81672e+08 2.30484e+07
4.81694e+08 2.30707e+07
4.81705e+08 2.30819e+07
4.81728e+08 2.31043e+07
4.81728e+08 2.31042e+07
4.81728e+08 2.31042e+07
4.81728e+08 2.30372e+07
4.81728e+08 2.30372e+07
4.81796e+08 2.29367e+07
4.81907e+08 2.29924e+07
4.81952e+08 2.30148e+07
4.81964e+08 2.3026e+07
4.81975e+08 2.3026e+07
4.82385e+08 2.30027e+07
5.04595e+08 2.35176e+07
5.05256e+08 2.36182e+07
5.05256e+08 2.36182e+07
5.05256e+08 2.36182e+07
5.05256e+08 2.36182e+07
5.05256e+08 2.36182e+07
5.05256e+08 2.36182e+07
5.05256e+08 2.36182e+07
5.05256e+08 2.36182e+07
5.05256e+08 2.36181e+07
5.05256e+08 2.36181e+07
5.05256e+08 2.36181e+07
5.05256e+08 2.36181e+07
5.05256e+08 2.36181e+07
5.05256e+08 2.3607e+07
5.05256e+08 2.3607e+07
5.05256e+08 2.3607e+07
5.05268e+08 2.36182e+07
5.05268e+08 2.36183e+07
5.05268e+08 2.36183e+07
5.0529e+08 2.36294e+07
5.0529e+08 2.36294e+07
5.05301e+08 2.36406e+07
5.05301e+08 2.36294e+07
5.05312e+08 2.36406e+07
5.05312e+08 2.36406e+07
5.05312e+08 2.36182e+07
5.05324e+08 2.36182e+07
5.05346e+08 2.36182e+07
5.05346e+08 2.36182e+07
5.05346e+08 2.36182e+07
5.05346e+08 2.36182e+07
5.05346e+08 2.36182e+07
5.05414e+08 2.36182e+07
5.05481e+08 2.35734e+07
5.05548e+08 2.35957e+07
5.05548e+08 2.35845e+07
5.05582e+08 2.36069e+07
5.05997e+08 2.36127e+07
5.28796e+08 2.42006e+07
5.29456e+08 2.42007e+07
5.29479e+08 2.42231e+07
5.29479e+08 2.42231e+07
5.29479e+08 2.42231e+07
5.29479e+08 2.42231e+07
5.29479e+08 2.42231e+07
5.29479e+08 2.42231e+07
5.29479e+08 2.42231e+07
5.29479e+08 2.42231e+07
5.29479e+08 2.42231e+07
5.29479e+08 2.42231e+07
5.29479e+08 2.42231e+07
5.29479e+08 2.4223e+07
5.29479e+08 2.4223e+07
5.2949e+08 2.42341e+07
5.2949e+08 2.42341e+07
5.29491e+08 2.4223e+07
5.29513e+08 2.42454e+07
5.29524e+08 2.42565e+07
5.29547e+08 2.42566e+07
5.29547e+08 2.42566e+07
5.29558e+08 2.42566e+07
5.29558e+08 2.42566e+07
5.29558e+08 2.42454e+07
5.29558e+08 2.42454e+07
5.2958e+08 2.42678e+07
5.2958e+08 2.42678e+07
5.2958e+08 2.42566e+07
5.2958e+08 2.42343e+07
5.2958e+08 2.42343e+07
5.2958e+08 2.42343e+07
5.2958e+08 2.42343e+07
5.2958e+08 2.42343e+07
5.29637e+08 2.4223e+07
5.29659e+08 2.41783e+07
5.29749e+08 2.42007e+07
5.29749e+08 2.42007e+07
5.29794e+08 2.42119e+07
5.30164e+08 2.41669e+07
5.53465e+08 2.46694e+07
5.54293e+08 2.48372e+07
5.54316e+08 2.48372e+07
5.54361e+08 2.48819e+07
5.54361e+08 2.48819e+07
5.54361e+08 2.48819e+07
5.54361e+08 2.48819e+07
5.54361e+08 2.48819e+07
5.54361e+08 2.48819e+07
5.54361e+08 2.48819e+07
5.54361e+08 2.48819e+07
5.54361e+08 2.4882e+07
5.54361e+08 2.4882e+07
5.54361e+08 2.4882e+07
5.54361e+08 2.48819e+07
5.54361e+08 2.48707e+07
5.54361e+08 2.48707e+07
5.54395e+08 2.49042e+07
5.54417e+08 2.49043e+07
5.54417e+08 2.48931e+07
5.5444e+08 2.48931e+07
5.5444e+08 2.48931e+07
5.5444e+08 2.48819e+07
5.54451e+08 2.48931e+07
5.54451e+08 2.48931e+07
5.54451e+08 2.48931e+07
5.54451e+08 2.48708e+07
5.54451e+08 2.48708e+07
5.54451e+08 2.48708e+07
5.54451e+08 2.48708e+07
5.54451e+08 2.48708e+07
5.54462e+08 2.4882e+07
5.54462e+08 2.4882e+07
5.54462e+08 2.4882e+07
5.54462e+08 2.4882e+07
5.54519e+08 2.48819e+07
5.54519e+08 2.48595e+07
5.54564e+08 2.48148e+07
5.54575e+08 2.4826e+07
5.54664e+08 2.48708e+07
5.54789e+08 2.46244e+07
5.78807e+08 2.53413e+07
5.79635e+08 2.53413e+07
5.79646e+08 2.53302e+07
5.79646e+08 2.52855e+07
5.79646e+08 2.52855e+07
5.79646e+08 2.52855e+07
5.79646e+08 2.52855e+07
5.79646e+08 2.52855e+07
5.79646e+08 2.52855e+07
5.79646e+08 2.52855e+07
5.79658e+08 2.52967e+07
5.79691e+08 2.53302e+07
5.79691e+08 2.53302e+07
5.79691e+08 2.53302e+07
5.79691e+08 2.53302e+07
5.79691e+08 2.53302e+07
5.79691e+08 2.53302e+07
5.79747e+08 2.53525e+07
5.7977e+08 2.53525e+07
5.79781e+08 2.53637e+07
5.79781e+08 2.53413e+07
5.79781e+08 2.53413e+07
5.79792e+08 2.53525e+07
5.79792e+08 2.53414e+07
5.79804e+08 2.53525e+07
5.79804e+08 2.53525e+07
5.79804e+08 2.53526e+07
5.79804e+08 2.53526e+07
5.79804e+08 2.53526e+07
5.79804e+08 2.53526e+07
5.79804e+08 2.53526e+07
5.79804e+08 2.53526e+07
5.79804e+08 2.53414e+07
5.79804e+08 2.53414e+07
5.79815e+08 2.53526e+07
5.79815e+08 2.53526e+07
5.7986e+08 2.53414e+07
5.79894e+08 2.53749e+07
5.79927e+08 2.53637e+07
5.79938e+08 2.53637e+07
5.80006e+08 2.53414e+07
5.80231e+08 2.54425e+07
6.04783e+08 2.5976e+07
6.05689e+08 2.60543e+07
6.057e+08 2.60543e+07
6.05701e+08 2.60543e+07
6.05701e+08 2.60543e+07
6.05701e+08 2.60543e+07
6.05701e+08 2.60543e+07
6.05701e+08 2.60543e+07
6.05701e+08 2.60543e+07
6.05701e+08 2.60543e+07
6.05701e+08 2.60431e+07
6.05701e+08 2.60095e+07
6.05701e+08 2.60095e+07
6.05701e+08 2.60096e+07
6.05712e+08 2.60208e+07
6.05734e+08 2.60431e+07
6.05768e+08 2.60767e+07
6.05835e+08 2.60878e+07
6.05835e+08 2.60655e+07
6.05835e+08 2.60543e+07
6.05847e+08 2.60655e+07
6.05847e+08 2.60655e+07
6.05858e+08 2.60655e+07
6.05858e+08 2.60655e+07
6.05858e+08 2.60543e+07
6.05858e+08 2.60543e+07
6.05858e+08 2.60543e+07
6.05858e+08 2.60543e+07
6.05858e+08 2.60543e+07
6.05858e+08 2.60543e+07
6.05858e+08 2.60543e+07
6.05858e+08 2.60543e+07
6.05858e+08 2.60543e+07
6.05858e+08 2.60543e+07
6.05858e+08 2.60544e+07
6.05858e+08 2.60432e+07
6.05858e+08 2.60432e+07
6.05937e+08 2.60766e+07
6.05948e+08 2.60543e+07
6.05982e+08 2.60543e+07
6.06004e+08 2.60655e+07
6.0606e+08 2.60543e+07
6.06294e+08 2.60629e+07
6.32188e+08 2.74057e+07
6.32737e+08 2.70474e+07
6.32748e+08 2.70473e+07
6.32826e+08 2.71254e+07
6.32826e+08 2.71254e+07
6.3286e+08 2.71589e+07
6.3286e+08 2.71589e+07
6.3286e+08 2.71589e+07
6.3286e+08 2.71589e+07
6.3286e+08 2.71588e+07
6.3286e+08 2.71588e+07
6.32871e+08 2.717e+07
6.32871e+08 2.717e+07
6.32882e+08 2.71811e+07
6.32983e+08 2.72705e+07
6.33027e+08 2.72928e+07
6.33061e+08 2.72928e+07
6.33251e+08 2.74156e+07
6.33273e+08 2.74379e+07
6.33296e+08 2.74603e+07
6.33318e+08 2.74714e+07
6.33318e+08 2.74715e+07
6.33352e+08 2.74938e+07
6.33374e+08 2.75161e+07
6.33385e+08 2.75273e+07
6.33396e+08 2.75385e+07
6.33396e+08 2.75385e+07
6.33396e+08 2.75385e+07
6.33396e+08 2.75385e+07
6.33408e+08 2.75497e+07
6.33408e+08 2.75496e+07
6.33419e+08 2.75608e+07
6.33452e+08 2.75944e+07
6.33452e+08 2.75943e+07
6.33452e+08 2.75943e+07
6.33475e+08 2.76166e+07
6.33475e+08 2.76165e+07
6.33475e+08 2.76165e+07
6.33497e+08 2.75604e+07
6.33587e+08 2.76386e+07
6.33654e+08 2.76721e+07
6.33699e+08 2.76945e+07
6.33788e+08 2.7728e+07
6.33901e+08 2.76067e+07
6.34014e+08 1.82551e+06
6.3407e+08 1.33362e+06
6.3407e+08 1.32244e+06
