4.25542e+06 4.25515e+06
8.37326e+06 4.11784e+06
8.37328e+06 4.11786e+06
9.5024e+06 1.12914e+06
9.50241e+06 1.12913e+06
1.29061e+07 3.40372e+06
1.29061e+07 3.40373e+06
1.29061e+07 3.40373e+06
1.58693e+07 2.96318e+06
1.58693e+07 2.96318e+06
1.58693e+07 2.96318e+06
1.6037e+07 3.13083e+06
1.91122e+07 3.24289e+06
1.91122e+07 3.24292e+06
1.92576e+07 3.38825e+06
1.94364e+07 3.39942e+06
1.9537e+07 3.50004e+06
2.28957e+07 3.78355e+06
2.29405e+07 3.82824e+06
2.30411e+07 3.78351e+06
2.30411e+07 3.6047e+06
2.32646e+07 3.72761e+06
2.32646e+07 3.72762e+06
2.69421e+07 4.04641e+06
2.69757e+07 4.03525e+06
2.70205e+07 3.97945e+06
2.70988e+07 4.05774e+06
2.74006e+07 4.13602e+06
2.74007e+07 4.13603e+06
2.74119e+07 4.14723e+06
3.14177e+07 4.47551e+06
3.14624e+07 4.48669e+06
3.17084e+07 4.68786e+06
3.17643e+07 4.66547e+06
3.18426e+07 4.44192e+06
3.18426e+07 4.44191e+06
3.18761e+07 4.46425e+06
3.63916e+07 4.9739e+06
3.63916e+07 4.97391e+06
3.64811e+07 5.01867e+06
3.65929e+07 4.8845e+06
3.67494e+07 4.98508e+06
3.68947e+07 5.05217e+06
3.69171e+07 5.07452e+06
3.69171e+07 5.04098e+06
4.19922e+07 5.60069e+06
4.20146e+07 5.62304e+06
4.20482e+07 5.65659e+06
4.21712e+07 5.69009e+06
4.22159e+07 5.62305e+06
4.2406e+07 5.65662e+06
4.2529e+07 5.6343e+06
4.2529e+07 5.61195e+06
4.2529e+07 5.61195e+06
4.79122e+07 5.91996e+06
4.79122e+07 5.8976e+06
4.80576e+07 6.00941e+06
4.82477e+07 6.07651e+06
4.827e+07 6.09887e+06
4.83259e+07 6.11002e+06
4.85495e+07 6.1435e+06
4.86389e+07 6.10991e+06
4.86949e+07 6.16583e+06
4.86949e+07 6.16583e+06
5.43649e+07 6.45271e+06
5.45661e+07 6.6539e+06
5.45661e+07 6.50856e+06
5.49909e+07 6.74327e+06
5.50357e+07 6.76565e+06
5.50692e+07 6.7992e+06
5.51251e+07 6.79919e+06
5.51587e+07 6.6092e+06
5.52482e+07 6.60923e+06
5.53711e+07 6.67626e+06
5.5427e+07 6.73216e+06
6.16785e+07 7.31355e+06
6.16896e+07 7.12353e+06
6.16897e+07 7.12353e+06
6.21033e+07 7.11231e+06
6.22597e+07 7.22405e+06
6.23045e+07 7.23522e+06
6.2461e+07 7.33589e+06
6.2461e+07 7.33589e+06
6.25393e+07 7.38058e+06
6.27182e+07 7.47009e+06
6.27406e+07 7.3695e+06
6.28077e+07 7.38069e+06
6.93613e+07 7.68281e+06
6.94395e+07 7.74986e+06
6.9473e+07 7.78339e+06
6.97078e+07 7.60452e+06
6.97078e+07 7.44805e+06
6.97748e+07 7.47038e+06
7.04233e+07 7.96225e+06
7.04569e+07 7.99583e+06
7.04793e+07 8.01822e+06
7.04793e+07 7.93998e+06
7.05688e+07 7.85051e+06
7.06806e+07 7.93993e+06
7.07365e+07 7.92874e+06
7.72903e+07 7.92903e+06
7.72903e+07 7.8508e+06
7.74356e+07 7.96255e+06
7.76703e+07 7.96254e+06
7.76703e+07 7.96254e+06
7.76703e+07 7.89548e+06
7.85311e+07 8.10784e+06
7.89447e+07 8.48784e+06
7.90118e+07 8.53253e+06
7.9023e+07 8.54372e+06
7.9023e+07 8.54372e+06
7.90565e+07 8.48778e+06
7.91348e+07 8.45425e+06
7.93584e+07 8.62197e+06
8.6315e+07 9.02475e+06
8.63151e+07 9.02475e+06
8.63598e+07 8.92417e+06
8.63598e+07 8.68946e+06
8.63598e+07 8.68946e+06
8.63598e+07 8.68946e+06
8.72316e+07 8.70047e+06
8.75893e+07 8.64457e+06
8.79247e+07 8.91287e+06
8.79805e+07 8.95757e+06
8.79806e+07 8.95757e+06
8.79806e+07 8.95758e+06
8.79806e+07 8.92402e+06
8.80589e+07 8.92406e+06
8.84726e+07 9.11418e+06
9.58208e+07 9.5057e+06
9.58208e+07 9.5057e+06
9.58208e+07 9.461e+06
9.58208e+07 9.461e+06
9.58431e+07 9.48335e+06
9.5899e+07 9.53925e+06
9.62679e+07 9.03632e+06
9.65138e+07 8.92451e+06
9.72738e+07 9.34917e+06
9.73074e+07 9.32682e+06
9.73409e+07 9.36036e+06
9.73409e+07 9.36037e+06
9.73521e+07 9.37155e+06
9.73521e+07 9.37155e+06
9.76651e+07 9.60621e+06
9.83024e+07 9.82974e+06
1.0564e+08 9.81889e+06
1.0564e+08 9.81889e+06
1.0574e+08 9.91948e+06
1.05819e+08 9.99773e+06
1.05819e+08 9.97537e+06
1.05941e+08 1.00424e+07
1.06411e+08 1.01431e+07
1.06467e+08 9.95307e+06
1.07171e+08 9.89718e+06
1.07227e+08 9.91952e+06
1.07484e+08 1.01431e+07
1.07652e+08 1.03107e+07
1.07652e+08 1.02995e+07
1.07652e+08 1.02995e+07
1.07708e+08 1.03554e+07
1.07752e+08 1.00872e+07
1.08591e+08 1.02884e+07
1.16018e+08 1.03782e+07
1.16174e+08 1.05347e+07
1.16241e+08 1.05011e+07
1.16443e+08 1.06241e+07
1.16443e+08 1.06241e+07
1.16443e+08 1.05012e+07
1.16823e+08 1.04117e+07
1.16979e+08 1.05123e+07
1.17292e+08 1.01211e+07
1.1737e+08 1.01435e+07
1.1813e+08 1.06464e+07
1.18197e+08 1.05458e+07
1.18197e+08 1.05458e+07
1.18197e+08 1.05458e+07
1.18265e+08 1.0557e+07
1.18265e+08 1.0557e+07
1.18276e+08 1.05235e+07
1.19483e+08 1.08922e+07
1.27212e+08 1.11944e+07
1.27268e+08 1.10938e+07
1.27302e+08 1.10603e+07
1.27458e+08 1.10156e+07
1.27726e+08 1.12839e+07
1.27726e+08 1.12839e+07
1.28185e+08 1.1362e+07
1.28185e+08 1.12056e+07
1.28218e+08 1.09262e+07
1.28241e+08 1.08703e+07
1.28341e+08 1.02109e+07
1.29079e+08 1.08814e+07
1.29291e+08 1.10938e+07
1.29571e+08 1.13732e+07
1.29571e+08 1.13061e+07
1.29571e+08 1.13061e+07
1.29604e+08 1.13285e+07
1.29615e+08 1.13396e+07
1.30968e+08 1.14851e+07
1.38988e+08 1.17756e+07
1.38988e+08 1.17197e+07
1.39223e+08 1.19209e+07
1.39435e+08 1.19767e+07
1.39804e+08 1.20773e+07
1.39804e+08 1.20773e+07
1.39849e+08 1.16638e+07
1.4005e+08 1.18649e+07
1.4005e+08 1.18314e+07
1.40173e+08 1.19321e+07
1.40285e+08 1.19433e+07
1.40285e+08 1.12057e+07
1.40285e+08 1.09933e+07
1.4034e+08 1.07698e+07
1.4034e+08 1.07698e+07
1.40475e+08 1.09039e+07
1.40475e+08 1.08704e+07
1.40743e+08 1.11274e+07
1.41346e+08 1.1731e+07
1.4318e+08 1.22116e+07
1.51412e+08 1.24247e+07
1.51468e+08 1.24805e+07
1.51558e+08 1.23353e+07
1.5177e+08 1.23353e+07
1.52005e+08 1.22012e+07
1.52072e+08 1.22682e+07
1.52128e+08 1.22794e+07
1.52184e+08 1.21341e+07
1.52262e+08 1.22124e+07
1.52519e+08 1.23464e+07
1.52754e+08 1.24694e+07
1.52754e+08 1.24694e+07
1.5281e+08 1.25253e+07
1.5281e+08 1.24694e+07
1.52832e+08 1.24918e+07
1.52866e+08 1.23912e+07
1.52866e+08 1.23912e+07
1.53067e+08 1.23241e+07
1.5338e+08 1.20335e+07
1.55973e+08 1.27936e+07
1.55973e+08 1.27936e+07
1.64407e+08 1.29944e+07
1.6444e+08 1.29721e+07
1.6472e+08 1.31621e+07
1.64988e+08 1.3218e+07
1.651e+08 1.3095e+07
1.65189e+08 1.31174e+07
1.65223e+08 1.3095e+07
1.65223e+08 1.30391e+07
1.65301e+08 1.30391e+07
1.65715e+08 1.31956e+07
1.65804e+08 1.30503e+07
1.65804e+08 1.30503e+07
1.65827e+08 1.30168e+07
1.65827e+08 1.30168e+07
1.65871e+08 1.30391e+07
1.65883e+08 1.30167e+07
1.65905e+08 1.30391e+07
1.6595e+08 1.28826e+07
1.66095e+08 1.2715e+07
1.69024e+08 1.30503e+07
1.69024e+08 1.30503e+07
1.69024e+08 1.30503e+07
1.77424e+08 1.30174e+07
1.77592e+08 1.31516e+07
1.77905e+08 1.3185e+07
1.77905e+08 1.29168e+07
1.7805e+08 1.29504e+07
1.78319e+08 1.31292e+07
1.78319e+08 1.30957e+07
1.78319e+08 1.30957e+07
1.78442e+08 1.31404e+07
1.78687e+08 1.29727e+07
1.79101e+08 1.32967e+07
1.79101e+08 1.32967e+07
1.79101e+08 1.32744e+07
1.79101e+08 1.32744e+07
1.79101e+08 1.32297e+07
1.79101e+08 1.32185e+07
1.79112e+08 1.32073e+07
1.79123e+08 1.31738e+07
1.79202e+08 1.31068e+07
1.82466e+08 1.34421e+07
1.82522e+08 1.34979e+07
1.82522e+08 1.34979e+07
1.9138e+08 1.39556e+07
1.91413e+08 1.39892e+07
1.91548e+08 1.39556e+07
1.91894e+08 1.39891e+07
1.91939e+08 1.40338e+07
1.92118e+08 1.40674e+07
1.92297e+08 1.39779e+07
1.92364e+08 1.4045e+07
1.92587e+08 1.42685e+07
1.92587e+08 1.41456e+07
1.92587e+08 1.38997e+07
1.93101e+08 1.40003e+07
1.93101e+08 1.40003e+07
1.93101e+08 1.40003e+07
1.93101e+08 1.40003e+07
1.93101e+08 1.40003e+07
1.93101e+08 1.40003e+07
1.93101e+08 1.39891e+07
1.93101e+08 1.39779e+07
1.93124e+08 1.3922e+07
1.96522e+08 1.40562e+07
1.96578e+08 1.40562e+07
1.96634e+08 1.41121e+07
2.05728e+08 1.43482e+07
2.05862e+08 1.44488e+07
2.05862e+08 1.44488e+07
2.05929e+08 1.43817e+07
2.06242e+08 1.43482e+07
2.06321e+08 1.43817e+07
2.0641e+08 1.42923e+07
2.06444e+08 1.4147e+07
2.06567e+08 1.42029e+07
2.06879e+08 1.42923e+07
2.06935e+08 1.43482e+07
2.07103e+08 1.45159e+07
2.07449e+08 1.43482e+07
2.07472e+08 1.43706e+07
2.07472e+08 1.43706e+07
2.07472e+08 1.43706e+07
2.07539e+08 1.44376e+07
2.07539e+08 1.44376e+07
2.07539e+08 1.44376e+07
2.07561e+08 1.446e+07
2.07617e+08 1.44935e+07
2.11183e+08 1.46611e+07
2.11205e+08 1.46276e+07
2.11418e+08 1.47841e+07
2.20525e+08 1.47969e+07
2.20939e+08 1.50763e+07
2.20939e+08 1.50763e+07
2.21129e+08 1.51993e+07
2.21207e+08 1.52775e+07
2.21419e+08 1.51769e+07
2.21486e+08 1.51657e+07
2.21498e+08 1.50875e+07
2.21498e+08 1.5054e+07
2.21956e+08 1.53893e+07
2.22202e+08 1.53222e+07
2.22347e+08 1.54116e+07
2.22347e+08 1.5244e+07
2.22347e+08 1.48975e+07
2.22392e+08 1.49198e+07
2.22392e+08 1.49198e+07
2.22392e+08 1.49198e+07
2.22392e+08 1.48528e+07
2.22582e+08 1.50428e+07
2.22626e+08 1.50875e+07
2.2266e+08 1.50987e+07
2.22805e+08 1.51881e+07
2.26404e+08 1.52216e+07
2.26427e+08 1.52216e+07
2.26662e+08 1.52439e+07
2.36276e+08 1.57515e+07
2.36545e+08 1.56061e+07
2.36545e+08 1.56061e+07
2.36701e+08 1.55726e+07
2.36701e+08 1.54944e+07
2.36701e+08 1.54944e+07
2.37092e+08 1.56732e+07
2.37148e+08 1.5662e+07
2.37171e+08 1.56732e+07
2.37171e+08 1.56732e+07
2.37696e+08 1.57403e+07
2.37696e+08 1.54944e+07
2.37752e+08 1.5405e+07
2.37752e+08 1.5405e+07
2.37942e+08 1.5595e+07
2.38054e+08 1.5662e+07
2.38054e+08 1.5662e+07
2.38087e+08 1.56955e+07
2.38087e+08 1.56955e+07
2.38087e+08 1.55056e+07
2.38087e+08 1.54608e+07
2.38087e+08 1.54273e+07
2.38423e+08 1.56173e+07
2.42201e+08 1.57961e+07
2.42223e+08 1.57961e+07
2.42491e+08 1.58296e+07
2.52437e+08 1.61609e+07
2.5265e+08 1.6105e+07
2.52862e+08 1.63174e+07
2.52996e+08 1.62951e+07
2.52996e+08 1.62951e+07
2.52996e+08 1.62951e+07
2.53365e+08 1.62727e+07
2.53432e+08 1.63398e+07
2.53477e+08 1.63286e+07
2.53555e+08 1.63845e+07
2.53633e+08 1.64627e+07
2.53924e+08 1.6228e+07
2.53924e+08 1.6228e+07
2.53924e+08 1.61721e+07
2.53924e+08 1.61721e+07
2.54092e+08 1.61497e+07
2.54092e+08 1.6038e+07
2.54092e+08 1.6038e+07
2.54136e+08 1.60492e+07
2.54136e+08 1.60492e+07
2.54226e+08 1.61386e+07
2.54259e+08 1.61721e+07
2.54282e+08 1.61944e+07
2.54751e+08 1.63286e+07
2.58652e+08 1.64514e+07
2.58652e+08 1.64291e+07
2.58809e+08 1.63174e+07
2.69049e+08 1.66116e+07
2.69217e+08 1.65669e+07
2.69586e+08 1.67234e+07
2.69898e+08 1.69022e+07
2.69943e+08 1.69469e+07
2.69966e+08 1.69693e+07
2.70234e+08 1.68687e+07
2.70256e+08 1.6824e+07
2.70256e+08 1.6824e+07
2.70256e+08 1.67793e+07
2.70312e+08 1.67569e+07
2.70312e+08 1.66787e+07
2.70457e+08 1.65334e+07
2.70759e+08 1.68351e+07
2.70759e+08 1.68351e+07
2.70759e+08 1.68351e+07
2.70759e+08 1.66675e+07
2.70759e+08 1.66675e+07
2.70759e+08 1.66675e+07
2.70793e+08 1.66563e+07
2.70837e+08 1.6701e+07
2.7086e+08 1.6634e+07
2.70994e+08 1.67346e+07
2.71027e+08 1.67458e+07
2.71419e+08 1.66675e+07
2.75174e+08 1.65222e+07
2.75174e+08 1.65222e+07
2.75834e+08 1.70251e+07
2.86445e+08 1.73965e+07
2.86848e+08 1.76312e+07
2.87172e+08 1.75865e+07
2.87384e+08 1.74859e+07
2.87429e+08 1.74859e+07
2.87429e+08 1.74635e+07
2.87429e+08 1.71953e+07
2.87574e+08 1.73182e+07
2.87597e+08 1.73406e+07
2.87653e+08 1.73965e+07
2.87653e+08 1.73965e+07
2.87653e+08 1.73406e+07
2.87664e+08 1.73518e+07
2.87776e+08 1.73182e+07
2.87943e+08 1.71841e+07
2.88022e+08 1.72624e+07
2.88022e+08 1.72624e+07
2.88022e+08 1.72624e+07
2.88111e+08 1.73518e+07
2.88178e+08 1.74188e+07
2.88178e+08 1.73853e+07
2.88212e+08 1.73741e+07
2.88279e+08 1.74189e+07
2.8839e+08 1.73965e+07
2.88435e+08 1.74077e+07
2.88893e+08 1.74747e+07
2.92548e+08 1.73741e+07
2.92716e+08 1.75418e+07
2.93376e+08 1.75418e+07
3.04465e+08 1.80193e+07
3.05169e+08 1.8321e+07
3.05281e+08 1.81087e+07
3.05415e+08 1.80304e+07
3.0556e+08 1.8131e+07
3.05627e+08 1.81981e+07
3.0565e+08 1.82204e+07
3.0565e+08 1.80751e+07
3.0565e+08 1.80528e+07
3.05661e+08 1.80081e+07
3.05661e+08 1.80081e+07
3.05683e+08 1.80305e+07
3.05683e+08 1.80305e+07
3.05683e+08 1.80193e+07
3.05728e+08 1.79522e+07
3.05884e+08 1.7941e+07
3.05985e+08 1.79634e+07
3.06063e+08 1.80416e+07
3.0613e+08 1.81087e+07
3.06164e+08 1.80528e+07
3.06164e+08 1.79857e+07
3.06164e+08 1.79857e+07
3.06242e+08 1.80304e+07
3.06365e+08 1.80863e+07
3.06365e+08 1.79746e+07
3.06443e+08 1.80081e+07
3.06902e+08 1.80081e+07
3.10467e+08 1.79187e+07
3.10925e+08 1.82093e+07
3.11551e+08 1.81758e+07
3.23912e+08 1.94472e+07
3.24247e+08 1.90784e+07
3.24247e+08 1.89666e+07
3.24292e+08 1.88772e+07
3.24292e+08 1.87319e+07
3.24292e+08 1.86648e+07
3.24292e+08 1.86425e+07
3.24292e+08 1.86425e+07
3.24292e+08 1.86425e+07
3.24326e+08 1.86649e+07
3.24326e+08 1.86649e+07
3.24348e+08 1.86649e+07
3.24348e+08 1.86649e+07
3.24348e+08 1.86649e+07
3.24348e+08 1.86649e+07
3.24359e+08 1.86313e+07
3.24381e+08 1.84972e+07
3.24404e+08 1.84189e+07
3.24538e+08 1.84748e+07
3.24739e+08 1.86089e+07
3.2475e+08 1.85866e+07
3.2475e+08 1.85866e+07
3.24806e+08 1.86425e+07
3.24817e+08 1.85754e+07
3.24829e+08 1.84636e+07
3.24873e+08 1.85084e+07
3.25086e+08 1.86425e+07
3.25656e+08 1.87543e+07
3.29389e+08 1.8922e+07
3.29993e+08 1.90673e+07
3.30373e+08 1.88214e+07
3.42805e+08 1.88927e+07
3.42939e+08 1.86915e+07
3.43274e+08 1.90268e+07
3.4333e+08 1.9038e+07
3.43364e+08 1.90716e+07
3.43364e+08 1.90716e+07
3.43397e+08 1.91051e+07
3.43397e+08 1.91051e+07
3.43453e+08 1.9161e+07
3.43498e+08 1.91721e+07
3.43509e+08 1.91833e+07
3.43509e+08 1.9161e+07
3.4352e+08 1.91721e+07
3.4352e+08 1.91721e+07
3.4352e+08 1.91721e+07
3.43542e+08 1.91945e+07
3.43632e+08 1.92727e+07
3.43721e+08 1.93398e+07
3.43777e+08 1.93733e+07
3.43777e+08 1.92392e+07
3.43822e+08 1.90827e+07
3.43867e+08 1.91163e+07
3.43867e+08 1.91163e+07
3.43911e+08 1.91051e+07
3.43911e+08 1.90939e+07
3.43911e+08 1.90827e+07
3.4399e+08 1.91162e+07
3.44303e+08 1.92168e+07
3.45275e+08 1.96192e+07
3.48863e+08 1.9474e+07
3.49478e+08 1.94851e+07
3.49668e+08 1.92951e+07
3.62431e+08 1.96266e+07
3.62532e+08 1.9593e+07
3.62699e+08 1.94254e+07
3.62878e+08 1.95483e+07
3.63024e+08 1.966e+07
3.63057e+08 1.96936e+07
3.63135e+08 1.97383e+07
3.63135e+08 1.97383e+07
3.63135e+08 1.96824e+07
3.63202e+08 1.97048e+07
3.63202e+08 1.96936e+07
3.63202e+08 1.96936e+07
3.63236e+08 1.97159e+07
3.63247e+08 1.97271e+07
3.63247e+08 1.97271e+07
3.63247e+08 1.97048e+07
3.6327e+08 1.97271e+07
3.6327e+08 1.96377e+07
3.63326e+08 1.96042e+07
3.63415e+08 1.96377e+07
3.63448e+08 1.96713e+07
3.63448e+08 1.96266e+07
3.6346e+08 1.9593e+07
3.63493e+08 1.96266e+07
3.63493e+08 1.95819e+07
3.63516e+08 1.96042e+07
3.63549e+08 1.96377e+07
3.63549e+08 1.95595e+07
3.63795e+08 1.94924e+07
3.65673e+08 2.03977e+07
3.68791e+08 1.99284e+07
3.69429e+08 1.99508e+07
3.6954e+08 1.98725e+07
3.82531e+08 2.00995e+07
3.82531e+08 1.9999e+07
3.8262e+08 1.99207e+07
3.8262e+08 1.97419e+07
3.82665e+08 1.96413e+07
3.82888e+08 1.98314e+07
3.83324e+08 2.0189e+07
3.83324e+08 2.0189e+07
3.83369e+08 2.02337e+07
3.83369e+08 2.01667e+07
3.83425e+08 2.02226e+07
3.83425e+08 2.02226e+07
3.83514e+08 2.02784e+07
3.83559e+08 2.0312e+07
3.8357e+08 2.03232e+07
3.8357e+08 2.03232e+07
3.8357e+08 2.03008e+07
3.83615e+08 2.03455e+07
3.83615e+08 2.03455e+07
3.83783e+08 2.04573e+07
3.83783e+08 2.03679e+07
3.83783e+08 2.03344e+07
3.83794e+08 2.03455e+07
3.83794e+08 2.03344e+07
3.83794e+08 2.03008e+07
3.83794e+08 2.03008e+07
3.83794e+08 2.02785e+07
3.83794e+08 2.0245e+07
3.83805e+08 2.02561e+07
3.84074e+08 2.02785e+07
3.85705e+08 2.00326e+07
3.89249e+08 2.04574e+07
3.89931e+08 2.05021e+07
3.89964e+08 2.04238e+07
4.03108e+08 2.05774e+07
4.03108e+08 2.05774e+07
4.03108e+08 2.0488e+07
4.03153e+08 2.05327e+07
4.03287e+08 2.06221e+07
4.03566e+08 2.06779e+07
4.04148e+08 2.08231e+07
4.04181e+08 2.08567e+07
4.04248e+08 2.0879e+07
4.04271e+08 2.09014e+07
4.04304e+08 2.0879e+07
4.04338e+08 2.09126e+07
4.04382e+08 2.08679e+07
4.04516e+08 2.09573e+07
4.04516e+08 2.09461e+07
4.04516e+08 2.09461e+07
4.04516e+08 2.09461e+07
4.04516e+08 2.09014e+07
4.04561e+08 2.09461e+07
4.04595e+08 2.09796e+07
4.04617e+08 2.08343e+07
4.04617e+08 2.08343e+07
4.04617e+08 2.08343e+07
4.04651e+08 2.08567e+07
4.04673e+08 2.0879e+07
4.04673e+08 2.0879e+07
4.04695e+08 2.09014e+07
4.04707e+08 2.09126e+07
4.04718e+08 2.09237e+07
4.04729e+08 2.09238e+07
4.0502e+08 2.09461e+07
4.06685e+08 2.09797e+07
4.10005e+08 2.07562e+07
4.11134e+08 2.12033e+07
4.11134e+08 2.11697e+07
4.25088e+08 2.19799e+07
4.252e+08 2.20917e+07
4.252e+08 2.20917e+07
4.25245e+08 2.20917e+07
4.25267e+08 2.198e+07
4.25334e+08 2.17676e+07
4.25725e+08 2.15776e+07
4.25725e+08 2.15441e+07
4.2577e+08 2.15217e+07
4.25792e+08 2.15218e+07
4.25904e+08 2.16e+07
4.25971e+08 2.16335e+07
4.25982e+08 2.16e+07
4.25982e+08 2.14659e+07
4.25982e+08 2.14659e+07
4.26016e+08 2.14994e+07
4.26016e+08 2.14994e+07
4.26016e+08 2.14994e+07
4.26016e+08 2.14547e+07
4.26016e+08 2.14211e+07
4.26049e+08 2.14547e+07
4.26072e+08 2.14547e+07
4.26094e+08 2.14771e+07
4.26094e+08 2.14771e+07
4.26094e+08 2.14435e+07
4.26094e+08 2.14211e+07
4.26094e+08 2.14211e+07
4.26105e+08 2.141e+07
4.26117e+08 2.141e+07
4.26139e+08 2.14211e+07
4.26161e+08 2.14323e+07
4.26273e+08 2.12535e+07
4.28441e+08 2.17564e+07
4.31582e+08 2.15776e+07
4.32801e+08 2.1667e+07
4.32846e+08 2.17117e+07
4.47304e+08 2.2216e+07
4.47762e+08 2.25624e+07
4.47829e+08 2.26295e+07
4.47841e+08 2.2596e+07
4.47841e+08 2.25736e+07
4.47852e+08 2.25177e+07
4.47863e+08 2.21378e+07
4.47863e+08 2.21378e+07
4.4793e+08 2.21601e+07
4.47986e+08 2.21936e+07
4.48019e+08 2.21154e+07
4.48064e+08 2.20931e+07
4.48109e+08 2.21266e+07
4.48109e+08 2.21266e+07
4.48109e+08 2.21266e+07
4.48109e+08 2.20931e+07
4.48109e+08 2.20931e+07
4.48109e+08 2.20931e+07
4.4812e+08 2.21042e+07
4.4812e+08 2.21042e+07
4.48131e+08 2.20819e+07
4.48131e+08 2.20595e+07
4.48142e+08 2.20707e+07
4.4821e+08 2.21154e+07
4.4821e+08 2.21155e+07
4.48232e+08 2.21378e+07
4.48243e+08 2.2149e+07
4.48243e+08 2.2149e+07
4.48254e+08 2.2149e+07
4.48254e+08 2.21378e+07
4.48254e+08 2.21154e+07
4.48277e+08 2.21154e+07
4.48299e+08 2.2026e+07
4.49897e+08 2.1456e+07
4.53743e+08 2.21601e+07
4.54939e+08 2.21378e+07
4.55017e+08 2.21713e+07
4.70446e+08 2.31415e+07
4.7049e+08 2.2728e+07
4.70602e+08 2.27727e+07
4.70658e+08 2.28174e+07
4.70658e+08 2.28174e+07
4.7068e+08 2.28285e+07
4.7068e+08 2.28174e+07
4.7068e+08 2.28174e+07
4.7068e+08 2.27503e+07
4.7068e+08 2.26944e+07
4.70692e+08 2.26721e+07
4.70703e+08 2.26385e+07
4.70703e+08 2.25938e+07
4.70714e+08 2.2605e+07
4.70714e+08 2.2605e+07
4.70736e+08 2.26274e+07
4.70736e+08 2.26274e+07
4.70736e+08 2.26274e+07
4.70759e+08 2.26386e+07
4.70815e+08 2.26945e+07
4.70815e+08 2.26833e+07
4.70815e+08 2.26833e+07
4.70826e+08 2.26833e+07
4.70826e+08 2.26833e+07
4.70882e+08 2.26721e+07
4.70882e+08 2.26721e+07
4.70938e+08 2.27056e+07
4.70938e+08 2.26945e+07
4.70938e+08 2.26945e+07
4.70949e+08 2.26945e+07
4.70949e+08 2.26945e+07
4.70949e+08 2.26945e+07
4.7096e+08 2.26833e+07
4.71005e+08 2.27056e+07
4.7162e+08 2.17221e+07
4.76549e+08 2.28061e+07
4.77745e+08 2.28062e+07
4.77745e+08 2.2728e+07
4.9386e+08 2.34144e+07
4.9386e+08 2.33697e+07
4.93949e+08 2.33473e+07
4.93972e+08 2.33138e+07
4.93983e+08 2.3325e+07
4.93983e+08 2.33026e+07
4.93983e+08 2.33026e+07
4.93983e+08 2.33026e+07
4.93983e+08 2.33026e+07
4.93983e+08 2.33026e+07
4.94016e+08 2.3325e+07
4.94017e+08 2.33138e+07
4.94017e+08 2.33138e+07
4.94017e+08 2.33026e+07
4.94028e+08 2.33138e+07
4.94061e+08 2.3325e+07
4.94061e+08 2.3325e+07
4.94061e+08 2.3325e+07
4.94061e+08 2.33026e+07
4.94128e+08 2.33138e+07
4.94128e+08 2.33138e+07
4.94128e+08 2.33138e+07
4.94128e+08 2.33026e+07
4.9414e+08 2.33138e+07
4.94151e+08 2.3325e+07
4.94184e+08 2.33026e+07
4.94184e+08 2.33026e+07
4.9424e+08 2.33026e+07
4.94251e+08 2.33138e+07
4.94263e+08 2.3325e+07
4.94263e+08 2.33138e+07
4.94263e+08 2.33138e+07
4.94263e+08 2.33138e+07
4.94274e+08 2.33138e+07
4.94352e+08 2.33473e+07
4.94866e+08 2.32467e+07
4.99974e+08 2.34255e+07
5.01182e+08 2.34366e+07
5.01204e+08 2.3459e+07
5.17778e+08 2.39183e+07
5.17834e+08 2.39742e+07
5.17957e+08 2.40077e+07
5.17968e+08 2.39966e+07
5.17968e+08 2.39854e+07
5.17979e+08 2.39966e+07
5.17979e+08 2.39966e+07
5.18013e+08 2.40301e+07
5.18013e+08 2.40301e+07
5.18013e+08 2.40301e+07
5.18013e+08 2.39965e+07
5.18047e+08 2.40301e+07
5.18047e+08 2.40301e+07
5.18047e+08 2.40301e+07
5.18047e+08 2.40189e+07
5.18047e+08 2.39854e+07
5.18047e+08 2.39854e+07
5.18091e+08 2.40301e+07
5.18091e+08 2.40301e+07
5.18103e+08 2.39742e+07
5.18103e+08 2.39742e+07
5.18103e+08 2.39742e+07
5.18103e+08 2.39742e+07
5.18103e+08 2.3963e+07
5.18136e+08 2.39854e+07
5.18181e+08 2.39965e+07
5.18192e+08 2.40077e+07
5.18192e+08 2.40077e+07
5.18214e+08 2.39742e+07
5.1827e+08 2.40189e+07
5.1827e+08 2.40077e+07
5.1827e+08 2.40077e+07
5.18282e+08 2.40189e+07
5.18282e+08 2.40189e+07
5.18315e+08 2.40413e+07
5.1836e+08 2.40077e+07
5.18561e+08 2.36948e+07
5.24027e+08 2.40524e+07
5.25312e+08 2.41305e+07
5.25346e+08 2.41417e+07
5.42415e+08 2.46371e+07
5.42449e+08 2.46148e+07
5.42494e+08 2.45365e+07
5.42494e+08 2.45254e+07
5.42505e+08 2.45365e+07
5.42505e+08 2.45254e+07
5.42505e+08 2.45254e+07
5.42505e+08 2.44918e+07
5.42516e+08 2.4503e+07
5.42538e+08 2.45254e+07
5.42538e+08 2.45254e+07
5.42538e+08 2.44918e+07
5.42538e+08 2.44918e+07
5.4255e+08 2.4503e+07
5.4255e+08 2.4503e+07
5.4255e+08 2.4503e+07
5.42561e+08 2.45142e+07
5.42572e+08 2.44806e+07
5.42572e+08 2.44806e+07
5.42594e+08 2.44918e+07
5.42617e+08 2.45142e+07
5.4265e+08 2.45477e+07
5.4265e+08 2.45477e+07
5.4265e+08 2.45477e+07
5.4265e+08 2.45142e+07
5.42695e+08 2.45142e+07
5.42706e+08 2.45142e+07
5.42717e+08 2.45254e+07
5.42729e+08 2.45365e+07
5.42807e+08 2.45924e+07
5.42807e+08 2.45365e+07
5.42874e+08 2.46036e+07
5.42941e+08 2.46706e+07
5.42986e+08 2.47042e+07
5.43008e+08 2.47265e+07
5.4303e+08 2.47154e+07
5.43042e+08 2.46818e+07
5.43042e+08 2.44807e+07
5.48641e+08 2.46147e+07
5.49904e+08 2.45924e+07
5.49938e+08 2.45924e+07
5.67393e+08 2.49778e+07
5.67561e+08 2.51119e+07
5.67561e+08 2.50672e+07
5.67561e+08 2.50672e+07
5.67561e+08 2.5056e+07
5.67617e+08 2.51119e+07
5.67639e+08 2.51342e+07
5.67639e+08 2.51342e+07
5.6765e+08 2.51342e+07
5.6765e+08 2.51119e+07
5.67661e+08 2.51231e+07
5.67673e+08 2.51342e+07
5.67673e+08 2.51342e+07
5.67673e+08 2.51231e+07
5.67673e+08 2.51231e+07
5.67673e+08 2.51231e+07
5.67684e+08 2.51231e+07
5.67684e+08 2.51119e+07
5.67684e+08 2.51119e+07
5.67706e+08 2.51119e+07
5.6774e+08 2.51231e+07
5.67773e+08 2.51231e+07
5.67785e+08 2.51342e+07
5.67785e+08 2.51342e+07
5.67785e+08 2.51342e+07
5.67818e+08 2.51231e+07
5.67829e+08 2.51231e+07
5.67896e+08 2.51789e+07
5.67896e+08 2.51678e+07
5.67919e+08 2.51901e+07
5.68019e+08 2.52125e+07
5.68042e+08 2.52348e+07
5.68187e+08 2.53131e+07
5.68187e+08 2.5246e+07
5.68243e+08 2.52572e+07
5.68254e+08 2.5246e+07
5.68254e+08 2.52236e+07
5.68254e+08 2.52125e+07
5.68276e+08 2.52348e+07
5.73653e+08 2.50113e+07
5.75061e+08 2.51566e+07
5.75061e+08 2.51231e+07
5.93055e+08 2.56617e+07
5.931e+08 2.55388e+07
5.93167e+08 2.56058e+07
5.93167e+08 2.56058e+07
5.93167e+08 2.56058e+07
5.932e+08 2.55835e+07
5.93223e+08 2.55835e+07
5.93223e+08 2.55835e+07
5.93278e+08 2.56282e+07
5.9329e+08 2.56393e+07
5.9329e+08 2.56282e+07
5.9329e+08 2.5617e+07
5.9329e+08 2.5617e+07
5.9329e+08 2.5617e+07
5.9329e+08 2.5617e+07
5.93312e+08 2.56393e+07
5.93312e+08 2.56282e+07
5.93334e+08 2.56505e+07
5.93368e+08 2.5684e+07
5.9339e+08 2.5684e+07
5.9339e+08 2.56505e+07
5.93402e+08 2.56281e+07
5.93413e+08 2.56281e+07
5.93424e+08 2.56393e+07
5.93457e+08 2.56728e+07
5.93513e+08 2.56952e+07
5.93592e+08 2.57623e+07
5.93625e+08 2.57287e+07
5.93625e+08 2.57287e+07
5.93726e+08 2.5807e+07
5.93759e+08 2.58405e+07
5.93826e+08 2.5807e+07
5.93826e+08 2.57846e+07
5.9386e+08 2.56729e+07
5.93871e+08 2.56841e+07
5.93916e+08 2.56729e+07
5.93938e+08 2.56841e+07
5.93938e+08 2.56841e+07
5.93938e+08 2.5684e+07
5.93938e+08 2.56617e+07
5.98912e+08 2.52593e+07
6.0098e+08 2.59187e+07
6.00991e+08 2.59299e+07
6.14038e+08 2.09834e+07
6.14038e+08 2.09387e+07
6.14038e+08 2.08716e+07
6.14038e+08 2.08716e+07
6.14038e+08 2.08716e+07
6.14038e+08 2.08381e+07
6.14038e+08 2.08158e+07
6.14038e+08 2.08158e+07
6.14038e+08 2.07599e+07
6.14038e+08 2.07488e+07
6.14038e+08 2.07488e+07
6.14038e+08 2.07488e+07
6.14038e+08 2.07488e+07
6.14038e+08 2.07488e+07
6.14038e+08 2.07488e+07
6.14038e+08 2.07264e+07
6.14038e+08 2.07264e+07
6.14038e+08 2.0704e+07
6.14038e+08 2.06705e+07
6.14038e+08 2.06482e+07
6.14038e+08 2.06482e+07
6.14038e+08 2.0637e+07
6.14038e+08 2.06258e+07
6.14038e+08 2.06146e+07
6.14039e+08 2.05811e+07
6.14039e+08 2.05252e+07
6.14072e+08 2.04805e+07
6.14072e+08 2.0447e+07
6.14072e+08 2.0447e+07
6.14072e+08 2.03464e+07
6.14072e+08 2.03129e+07
6.14072e+08 2.02458e+07
6.14072e+08 2.02458e+07
6.14072e+08 2.02458e+07
6.14072e+08 2.02123e+07
6.14072e+08 2.02011e+07
6.14072e+08 2.01564e+07
6.14072e+08 2.01341e+07
6.14072e+08 2.01341e+07
6.14072e+08 2.01341e+07
6.14072e+08 2.01341e+07
6.15357e+08 1.64445e+07
6.15652e+08 1.46725e+07
6.15675e+08 1.46837e+07
6.22128e+08 8.08964e+06
6.22139e+08 8.10083e+06
6.22179e+08 8.14107e+06
