4.78082e+06 4.78048e+06
8.29295e+06 3.51213e+06
8.29296e+06 3.51214e+06
1.0055e+07 1.762e+06
1.0055e+07 1.76203e+06
1.23671e+07 2.31215e+06
1.23895e+07 2.3345e+06
1.29159e+07 2.86088e+06
1.53673e+07 3.00021e+06
1.53674e+07 2.9779e+06
1.53674e+07 2.97792e+06
1.55694e+07 2.6535e+06
1.87574e+07 3.39012e+06
1.88905e+07 3.52309e+06
1.89251e+07 3.55773e+06
1.9271e+07 3.70167e+06
1.93051e+07 3.73576e+06
2.28852e+07 4.12778e+06
2.30294e+07 4.13895e+06
2.30641e+07 4.13896e+06
2.34146e+07 4.14359e+06
2.34594e+07 4.15424e+06
2.34594e+07 4.15425e+06
2.76761e+07 4.79087e+06
2.78326e+07 4.80317e+06
2.78326e+07 4.76854e+06
2.8805e+07 5.39039e+06
2.90509e+07 5.59153e+06
2.90509e+07 5.59153e+06
2.90509e+07 5.59154e+06
3.23727e+07 4.69662e+06
3.23839e+07 4.55132e+06
3.24733e+07 4.64075e+06
3.3021e+07 4.21602e+06
3.30211e+07 3.97016e+06
3.35017e+07 4.45076e+06
3.36023e+07 4.55135e+06
3.75418e+07 5.16908e+06
3.77989e+07 5.42618e+06
3.77989e+07 5.415e+06
3.79331e+07 5.45975e+06
3.80561e+07 5.03503e+06
3.80561e+07 5.03503e+06
3.82796e+07 4.77796e+06
3.82796e+07 4.67738e+06
4.35036e+07 5.96181e+06
4.35483e+07 5.74943e+06
4.35483e+07 5.74944e+06
4.35483e+07 5.74945e+06
4.37795e+07 5.8464e+06
4.37795e+07 5.72343e+06
4.37795e+07 5.72343e+06
4.38354e+07 5.55579e+06
4.38354e+07 5.55579e+06
5.00073e+07 6.50372e+06
5.00073e+07 6.45901e+06
5.00297e+07 6.48137e+06
5.00856e+07 6.53726e+06
5.00856e+07 6.53726e+06
5.02093e+07 6.42978e+06
5.02093e+07 6.42978e+06
5.02093e+07 6.42978e+06
5.02317e+07 6.39623e+06
5.0254e+07 6.41859e+06
5.68878e+07 6.88048e+06
5.68878e+07 6.88048e+06
5.6899e+07 6.8693e+06
5.6899e+07 6.8134e+06
5.6899e+07 6.81341e+06
5.6899e+07 6.81342e+06
5.71227e+07 6.91338e+06
5.71227e+07 6.91338e+06
5.71674e+07 6.9581e+06
5.71674e+07 6.93575e+06
5.71898e+07 6.93577e+06
6.43036e+07 7.41583e+06
6.43036e+07 7.41583e+06
6.43326e+07 7.43357e+06
6.43885e+07 7.48945e+06
6.44443e+07 7.54533e+06
6.44667e+07 7.56768e+06
6.45673e+07 7.44465e+06
6.45673e+07 7.44466e+06
6.45673e+07 7.44466e+06
6.46009e+07 7.43351e+06
6.46009e+07 7.43351e+06
6.46009e+07 7.41113e+06
7.22455e+07 7.94192e+06
7.22456e+07 7.94193e+06
7.23137e+07 7.98117e+06
7.23761e+07 7.98769e+06
7.23762e+07 7.93181e+06
7.23762e+07 7.90945e+06
7.23762e+07 7.80886e+06
7.23762e+07 7.80886e+06
7.24097e+07 7.84239e+06
7.24321e+07 7.86474e+06
7.25103e+07 7.90942e+06
7.25662e+07 7.9653e+06
7.25886e+07 7.98769e+06
8.06553e+07 8.40977e+06
8.06889e+07 8.44329e+06
8.08266e+07 8.51282e+06
8.08266e+07 8.45042e+06
8.08825e+07 8.50632e+06
8.09048e+07 8.52867e+06
8.09048e+07 8.52867e+06
8.09551e+07 8.57888e+06
8.09886e+07 8.57888e+06
8.09998e+07 8.59007e+06
8.1011e+07 8.57889e+06
8.10445e+07 8.53419e+06
8.11004e+07 8.53419e+06
8.12346e+07 8.64602e+06
8.96963e+07 9.04102e+06
8.96963e+07 9.00749e+06
8.973e+07 8.90347e+06
8.973e+07 8.90347e+06
8.97413e+07 8.85879e+06
8.97583e+07 8.85348e+06
8.97583e+07 8.8535e+06
8.97807e+07 8.82564e+06
8.98282e+07 8.8396e+06
8.98282e+07 8.82843e+06
8.98282e+07 8.81725e+06
8.98402e+07 8.8292e+06
8.98601e+07 8.81559e+06
8.9968e+07 8.8676e+06
9.03151e+07 9.08052e+06
9.93474e+07 9.65103e+06
9.93474e+07 9.65103e+06
9.94929e+07 9.76285e+06
9.94929e+07 9.76285e+06
9.95376e+07 9.79637e+06
9.95488e+07 9.79051e+06
9.95488e+07 9.7905e+06
9.96048e+07 9.82406e+06
9.96048e+07 9.77659e+06
9.96048e+07 9.77659e+06
9.96048e+07 9.77659e+06
9.9616e+07 9.77585e+06
9.9616e+07 9.77585e+06
9.9616e+07 9.75593e+06
9.96384e+07 9.67038e+06
9.98173e+07 9.50212e+06
1.09633e+08 1.02853e+07
1.09633e+08 1.02853e+07
1.09722e+08 1.02294e+07
1.09756e+08 1.0263e+07
1.09778e+08 1.02407e+07
1.09789e+08 1.02407e+07
1.09789e+08 1.02407e+07
1.0979e+08 1.01847e+07
1.0979e+08 1.01847e+07
1.0979e+08 1.01847e+07
1.0979e+08 1.01847e+07
1.09801e+08 1.01847e+07
1.09801e+08 1.01847e+07
1.09801e+08 1.01847e+07
1.09801e+08 1.01847e+07
1.09823e+08 1.01847e+07
1.09913e+08 1.00953e+07
1.20507e+08 1.08745e+07
1.20541e+08 1.0908e+07
1.2063e+08 1.0908e+07
1.20664e+08 1.0908e+07
1.20675e+08 1.08968e+07
1.20686e+08 1.08969e+07
1.20686e+08 1.08969e+07
1.20698e+08 1.0908e+07
1.20698e+08 1.0908e+07
1.20698e+08 1.0908e+07
1.20709e+08 1.09192e+07
1.20731e+08 1.09304e+07
1.20731e+08 1.09304e+07
1.20731e+08 1.09304e+07
1.20742e+08 1.09416e+07
1.20754e+08 1.09528e+07
1.20754e+08 1.09305e+07
1.20798e+08 1.08857e+07
1.3192e+08 1.14128e+07
1.3192e+08 1.13793e+07
1.3201e+08 1.13792e+07
1.32099e+08 1.14352e+07
1.32133e+08 1.14576e+07
1.32144e+08 1.14575e+07
1.32144e+08 1.14575e+07
1.32155e+08 1.14576e+07
1.32155e+08 1.14576e+07
1.32155e+08 1.14576e+07
1.32155e+08 1.14464e+07
1.32166e+08 1.14352e+07
1.32166e+08 1.14352e+07
1.32178e+08 1.14464e+07
1.32178e+08 1.14352e+07
1.32178e+08 1.14241e+07
1.322e+08 1.14464e+07
1.32222e+08 1.14687e+07
1.32278e+08 1.14799e+07
1.43919e+08 1.19995e+07
1.43919e+08 1.19995e+07
1.43998e+08 1.19882e+07
1.44076e+08 1.19771e+07
1.44076e+08 1.19436e+07
1.44076e+08 1.19324e+07
1.44121e+08 1.19771e+07
1.44132e+08 1.19772e+07
1.44132e+08 1.19772e+07
1.44143e+08 1.19884e+07
1.44144e+08 1.19883e+07
1.44144e+08 1.19772e+07
1.44144e+08 1.19772e+07
1.44155e+08 1.19771e+07
1.44166e+08 1.19883e+07
1.44166e+08 1.19883e+07
1.44166e+08 1.1966e+07
1.44166e+08 1.19436e+07
1.44166e+08 1.19437e+07
1.44177e+08 1.18989e+07
1.56659e+08 1.27397e+07
1.56659e+08 1.27397e+07
1.56659e+08 1.26615e+07
1.5676e+08 1.26838e+07
1.56782e+08 1.27062e+07
1.56794e+08 1.27174e+07
1.56827e+08 1.27062e+07
1.56861e+08 1.27286e+07
1.56861e+08 1.27286e+07
1.56861e+08 1.27174e+07
1.56883e+08 1.27397e+07
1.56883e+08 1.27397e+07
1.56894e+08 1.27509e+07
1.56906e+08 1.27509e+07
1.56939e+08 1.27733e+07
1.56939e+08 1.27733e+07
1.56939e+08 1.27733e+07
1.56939e+08 1.27733e+07
1.56939e+08 1.27733e+07
1.56939e+08 1.27621e+07
1.5695e+08 1.27733e+07
1.6983e+08 1.3171e+07
1.6983e+08 1.3171e+07
1.69853e+08 1.31934e+07
1.69987e+08 1.32269e+07
1.70009e+08 1.32269e+07
1.70009e+08 1.32157e+07
1.70009e+08 1.31822e+07
1.70065e+08 1.32046e+07
1.70065e+08 1.32046e+07
1.70065e+08 1.32046e+07
1.70065e+08 1.31822e+07
1.70065e+08 1.31822e+07
1.70065e+08 1.31711e+07
1.70066e+08 1.31599e+07
1.70121e+08 1.31822e+07
1.70121e+08 1.31822e+07
1.70121e+08 1.31822e+07
1.70122e+08 1.31822e+07
1.70122e+08 1.31822e+07
1.70122e+08 1.31822e+07
1.70133e+08 1.31822e+07
1.70133e+08 1.31823e+07
1.82881e+08 1.3051e+07
1.82881e+08 1.3051e+07
1.82948e+08 1.30956e+07
1.83083e+08 1.30957e+07
1.83083e+08 1.30734e+07
1.83083e+08 1.30734e+07
1.83083e+08 1.30734e+07
1.83083e+08 1.30174e+07
1.83105e+08 1.30398e+07
1.83116e+08 1.30509e+07
1.83128e+08 1.30621e+07
1.83128e+08 1.30621e+07
1.83128e+08 1.30621e+07
1.83128e+08 1.30621e+07
1.83139e+08 1.30174e+07
1.8315e+08 1.30286e+07
1.83161e+08 1.30398e+07
1.83172e+08 1.3051e+07
1.83172e+08 1.3051e+07
1.83172e+08 1.3051e+07
1.83206e+08 1.30733e+07
1.83206e+08 1.30733e+07
1.96795e+08 1.39142e+07
1.96795e+08 1.39142e+07
1.96807e+08 1.39254e+07
1.96851e+08 1.3903e+07
1.9693e+08 1.38471e+07
1.9693e+08 1.38471e+07
1.9693e+08 1.38471e+07
1.9693e+08 1.38471e+07
1.9693e+08 1.38471e+07
1.9693e+08 1.38248e+07
1.9693e+08 1.38136e+07
1.9693e+08 1.38024e+07
1.9693e+08 1.38024e+07
1.9693e+08 1.38024e+07
1.96952e+08 1.38248e+07
1.96997e+08 1.38583e+07
1.96997e+08 1.38471e+07
1.9702e+08 1.38583e+07
1.97075e+08 1.3903e+07
1.97075e+08 1.3903e+07
1.97075e+08 1.3903e+07
1.97076e+08 1.38695e+07
1.9712e+08 1.39142e+07
2.11397e+08 1.46012e+07
2.11408e+08 1.46124e+07
2.11408e+08 1.46124e+07
2.11408e+08 1.46012e+07
2.11408e+08 1.45565e+07
2.11442e+08 1.45118e+07
2.11442e+08 1.45118e+07
2.11442e+08 1.45118e+07
2.11442e+08 1.45118e+07
2.11442e+08 1.45118e+07
2.11442e+08 1.45118e+07
2.11442e+08 1.45118e+07
2.11442e+08 1.45118e+07
2.11442e+08 1.45118e+07
2.11442e+08 1.45118e+07
2.11442e+08 1.44895e+07
2.11475e+08 1.44782e+07
2.11498e+08 1.45006e+07
2.1152e+08 1.45006e+07
2.11587e+08 1.45118e+07
2.11587e+08 1.45118e+07
2.11587e+08 1.45118e+07
2.1161e+08 1.45342e+07
2.11666e+08 1.45453e+07
2.26442e+08 1.50458e+07
2.26442e+08 1.50347e+07
2.26476e+08 1.50682e+07
2.26476e+08 1.50682e+07
2.26476e+08 1.50682e+07
2.26476e+08 1.50682e+07
2.26476e+08 1.50347e+07
2.26476e+08 1.50346e+07
2.26476e+08 1.50346e+07
2.26476e+08 1.50346e+07
2.26476e+08 1.50346e+07
2.26476e+08 1.50346e+07
2.26476e+08 1.50346e+07
2.26476e+08 1.50346e+07
2.26477e+08 1.50347e+07
2.26477e+08 1.50347e+07
2.26477e+08 1.50347e+07
2.26488e+08 1.50123e+07
2.26544e+08 1.50458e+07
2.26577e+08 1.5057e+07
2.26622e+08 1.50346e+07
2.26622e+08 1.50347e+07
2.26622e+08 1.50347e+07
2.26667e+08 1.5057e+07
2.26723e+08 1.5057e+07
2.42172e+08 1.57294e+07
2.42194e+08 1.57518e+07
2.42194e+08 1.57183e+07
2.42194e+08 1.57183e+07
2.42194e+08 1.57183e+07
2.42194e+08 1.57183e+07
2.42194e+08 1.57183e+07
2.42194e+08 1.57183e+07
2.42195e+08 1.57183e+07
2.42195e+08 1.57183e+07
2.42195e+08 1.57183e+07
2.42195e+08 1.57182e+07
2.42195e+08 1.57183e+07
2.42195e+08 1.57183e+07
2.42195e+08 1.57183e+07
2.42195e+08 1.57183e+07
2.42195e+08 1.57183e+07
2.42195e+08 1.57183e+07
2.42217e+08 1.57295e+07
2.42217e+08 1.56736e+07
2.42273e+08 1.56959e+07
2.42296e+08 1.56736e+07
2.4234e+08 1.57183e+07
2.42351e+08 1.57295e+07
2.42351e+08 1.56848e+07
2.42519e+08 1.57966e+07
2.58501e+08 1.63291e+07
2.58501e+08 1.63068e+07
2.58501e+08 1.63068e+07
2.58501e+08 1.63068e+07
2.58501e+08 1.63068e+07
2.58501e+08 1.63068e+07
2.58501e+08 1.63068e+07
2.58501e+08 1.63068e+07
2.58501e+08 1.63068e+07
2.58501e+08 1.63067e+07
2.58501e+08 1.63067e+07
2.58501e+08 1.63067e+07
2.58501e+08 1.63068e+07
2.58501e+08 1.63067e+07
2.58501e+08 1.63067e+07
2.58501e+08 1.63068e+07
2.58502e+08 1.63068e+07
2.58502e+08 1.63068e+07
2.58502e+08 1.63068e+07
2.58524e+08 1.63068e+07
2.58524e+08 1.63068e+07
2.58546e+08 1.62733e+07
2.5858e+08 1.62844e+07
2.58647e+08 1.63067e+07
2.58658e+08 1.63068e+07
2.58658e+08 1.63068e+07
2.58848e+08 1.63292e+07
2.75282e+08 1.67807e+07
2.75282e+08 1.67807e+07
2.75282e+08 1.67807e+07
2.75282e+08 1.67807e+07
2.75282e+08 1.67807e+07
2.75282e+08 1.67807e+07
2.75282e+08 1.67808e+07
2.75282e+08 1.67808e+07
2.75282e+08 1.67808e+07
2.75282e+08 1.67807e+07
2.75282e+08 1.67807e+07
2.75282e+08 1.67807e+07
2.75282e+08 1.67807e+07
2.75282e+08 1.67807e+07
2.75282e+08 1.67807e+07
2.75282e+08 1.67807e+07
2.75282e+08 1.67807e+07
2.75282e+08 1.67807e+07
2.75294e+08 1.67919e+07
2.75294e+08 1.67919e+07
2.75305e+08 1.67808e+07
2.75305e+08 1.67808e+07
2.75327e+08 1.67807e+07
2.75327e+08 1.67472e+07
2.75394e+08 1.67472e+07
2.75439e+08 1.67807e+07
2.75439e+08 1.67807e+07
2.7564e+08 1.6792e+07
2.92725e+08 1.74435e+07
2.92725e+08 1.74435e+07
2.92725e+08 1.74435e+07
2.92725e+08 1.74435e+07
2.92725e+08 1.74435e+07
2.92725e+08 1.74435e+07
2.92725e+08 1.74435e+07
2.92725e+08 1.74435e+07
2.92725e+08 1.74435e+07
2.92725e+08 1.74435e+07
2.92725e+08 1.74435e+07
2.92725e+08 1.74435e+07
2.92725e+08 1.74435e+07
2.92725e+08 1.74435e+07
2.92725e+08 1.74435e+07
2.92726e+08 1.74435e+07
2.92726e+08 1.74435e+07
2.92726e+08 1.74435e+07
2.92726e+08 1.74435e+07
2.92737e+08 1.74435e+07
2.92748e+08 1.74547e+07
2.92748e+08 1.74435e+07
2.92748e+08 1.74435e+07
2.92759e+08 1.74323e+07
2.92759e+08 1.74323e+07
2.92793e+08 1.73988e+07
2.92804e+08 1.73653e+07
2.92804e+08 1.73653e+07
2.93118e+08 1.74771e+07
3.10727e+08 1.80017e+07
3.10727e+08 1.80017e+07
3.10727e+08 1.80017e+07
3.10727e+08 1.80017e+07
3.10727e+08 1.80017e+07
3.10727e+08 1.80017e+07
3.10727e+08 1.80018e+07
3.10727e+08 1.80018e+07
3.10727e+08 1.80018e+07
3.10727e+08 1.80018e+07
3.10727e+08 1.80018e+07
3.10727e+08 1.80018e+07
3.10727e+08 1.80018e+07
3.10727e+08 1.80018e+07
3.10727e+08 1.80018e+07
3.10727e+08 1.80018e+07
3.10727e+08 1.80018e+07
3.10727e+08 1.80018e+07
3.10727e+08 1.80018e+07
3.10739e+08 1.8013e+07
3.10739e+08 1.80018e+07
3.10739e+08 1.79907e+07
3.10739e+08 1.79907e+07
3.10739e+08 1.79907e+07
3.1075e+08 1.79907e+07
3.10761e+08 1.80019e+07
3.10795e+08 1.80018e+07
3.10795e+08 1.79907e+07
3.10795e+08 1.79907e+07
3.11131e+08 1.8013e+07
3.29361e+08 1.8634e+07
3.29361e+08 1.8634e+07
3.29361e+08 1.86341e+07
3.29361e+08 1.86341e+07
3.29361e+08 1.86341e+07
3.29361e+08 1.86341e+07
3.29361e+08 1.8634e+07
3.29361e+08 1.86341e+07
3.29361e+08 1.86341e+07
3.29361e+08 1.86341e+07
3.29361e+08 1.86341e+07
3.29361e+08 1.86341e+07
3.29361e+08 1.86341e+07
3.29361e+08 1.86341e+07
3.29361e+08 1.86341e+07
3.29361e+08 1.86341e+07
3.29361e+08 1.86342e+07
3.29361e+08 1.86342e+07
3.29361e+08 1.86341e+07
3.29362e+08 1.86342e+07
3.29362e+08 1.8623e+07
3.29373e+08 1.86342e+07
3.29373e+08 1.86342e+07
3.29396e+08 1.86566e+07
3.29429e+08 1.86901e+07
3.29429e+08 1.86789e+07
3.29429e+08 1.86677e+07
3.29429e+08 1.86342e+07
3.29429e+08 1.86342e+07
3.2944e+08 1.86454e+07
3.29765e+08 1.86341e+07
3.48525e+08 1.91643e+07
3.48525e+08 1.91643e+07
3.48525e+08 1.91644e+07
3.48526e+08 1.91644e+07
3.48526e+08 1.91644e+07
3.48526e+08 1.91644e+07
3.48526e+08 1.91644e+07
3.48526e+08 1.91644e+07
3.48526e+08 1.91644e+07
3.48526e+08 1.91644e+07
3.48526e+08 1.91644e+07
3.48526e+08 1.91644e+07
3.48526e+08 1.91644e+07
3.48526e+08 1.91644e+07
3.48526e+08 1.91644e+07
3.48526e+08 1.91644e+07
3.48526e+08 1.91644e+07
3.48526e+08 1.91644e+07
3.48526e+08 1.91644e+07
3.48526e+08 1.91644e+07
3.48526e+08 1.91644e+07
3.48526e+08 1.91645e+07
3.48571e+08 1.9198e+07
3.48571e+08 1.9198e+07
3.48571e+08 1.91757e+07
3.48582e+08 1.91533e+07
3.48594e+08 1.91645e+07
3.48594e+08 1.91645e+07
3.48594e+08 1.91645e+07
3.48594e+08 1.91645e+07
3.48594e+08 1.91533e+07
3.48829e+08 1.90639e+07
3.68376e+08 1.98506e+07
3.68376e+08 1.98507e+07
3.68376e+08 1.98507e+07
3.68376e+08 1.98507e+07
3.68376e+08 1.98507e+07
3.68376e+08 1.98507e+07
3.68376e+08 1.98507e+07
3.68376e+08 1.98507e+07
3.68376e+08 1.98507e+07
3.68376e+08 1.98507e+07
3.68376e+08 1.98508e+07
3.68376e+08 1.98507e+07
3.68376e+08 1.98507e+07
3.68377e+08 1.98507e+07
3.68377e+08 1.98507e+07
3.68377e+08 1.98507e+07
3.68377e+08 1.98507e+07
3.68377e+08 1.98507e+07
3.68377e+08 1.98507e+07
3.68377e+08 1.98507e+07
3.68377e+08 1.98508e+07
3.68377e+08 1.98508e+07
3.68388e+08 1.98619e+07
3.68456e+08 1.98843e+07
3.68456e+08 1.98843e+07
3.68467e+08 1.98955e+07
3.68467e+08 1.98844e+07
3.68467e+08 1.98732e+07
3.68523e+08 1.99291e+07
3.68523e+08 1.99291e+07
3.68534e+08 1.99403e+07
3.68534e+08 1.99403e+07
3.68646e+08 1.98172e+07
3.88751e+08 2.0375e+07
3.88751e+08 2.0375e+07
3.88751e+08 2.03751e+07
3.88751e+08 2.03751e+07
3.88751e+08 2.03751e+07
3.88751e+08 2.03751e+07
3.88751e+08 2.03752e+07
3.88751e+08 2.03752e+07
3.88752e+08 2.03752e+07
3.88752e+08 2.03753e+07
3.88752e+08 2.03753e+07
3.88752e+08 2.03753e+07
3.88752e+08 2.03753e+07
3.88752e+08 2.03753e+07
3.88752e+08 2.03753e+07
3.88752e+08 2.03753e+07
3.88752e+08 2.03753e+07
3.88752e+08 2.03753e+07
3.88752e+08 2.03753e+07
3.88752e+08 2.03753e+07
3.88752e+08 2.03753e+07
3.88752e+08 2.03753e+07
3.88752e+08 2.03753e+07
3.88797e+08 2.04089e+07
3.88853e+08 2.03976e+07
3.88853e+08 2.03976e+07
3.88853e+08 2.03865e+07
3.88864e+08 2.03976e+07
3.88876e+08 2.04088e+07
3.88887e+08 2.03641e+07
3.88909e+08 2.03865e+07
3.8892e+08 2.03865e+07
3.88932e+08 2.03976e+07
3.89144e+08 2.04982e+07
4.09688e+08 2.09367e+07
4.09688e+08 2.09367e+07
4.09688e+08 2.09367e+07
4.09688e+08 2.09367e+07
4.09688e+08 2.09367e+07
4.09688e+08 2.09367e+07
4.09688e+08 2.09367e+07
4.09688e+08 2.09367e+07
4.09688e+08 2.09367e+07
4.09688e+08 2.09368e+07
4.09689e+08 2.09368e+07
4.09689e+08 2.09368e+07
4.09689e+08 2.09368e+07
4.09689e+08 2.09368e+07
4.09689e+08 2.09368e+07
4.09689e+08 2.09368e+07
4.09689e+08 2.09368e+07
4.09689e+08 2.09368e+07
4.09689e+08 2.09368e+07
4.09689e+08 2.09368e+07
4.09689e+08 2.09368e+07
4.09689e+08 2.09368e+07
4.09689e+08 2.09368e+07
4.09689e+08 2.09368e+07
4.09756e+08 2.09592e+07
4.09768e+08 2.09145e+07
4.09768e+08 2.09145e+07
4.0979e+08 2.09368e+07
4.0979e+08 2.09257e+07
4.09812e+08 2.09368e+07
4.09846e+08 2.09592e+07
4.09846e+08 2.09368e+07
4.09857e+08 2.09368e+07
4.09879e+08 2.09479e+07
4.10025e+08 2.08809e+07
4.31197e+08 2.15096e+07
4.31197e+08 2.15096e+07
4.31198e+08 2.15096e+07
4.31198e+08 2.15096e+07
4.31198e+08 2.15096e+07
4.31198e+08 2.15096e+07
4.31198e+08 2.15096e+07
4.31198e+08 2.15096e+07
4.31198e+08 2.15096e+07
4.31198e+08 2.15096e+07
4.31198e+08 2.15096e+07
4.31198e+08 2.15096e+07
4.31198e+08 2.15096e+07
4.31198e+08 2.15096e+07
4.31198e+08 2.15096e+07
4.31198e+08 2.15097e+07
4.31198e+08 2.15097e+07
4.31198e+08 2.15097e+07
4.31198e+08 2.15097e+07
4.31198e+08 2.15097e+07
4.31198e+08 2.15097e+07
4.31198e+08 2.15097e+07
4.31198e+08 2.15097e+07
4.31198e+08 2.15097e+07
4.31198e+08 2.15097e+07
4.313e+08 2.15432e+07
4.31322e+08 2.15544e+07
4.31322e+08 2.15544e+07
4.31333e+08 2.15432e+07
4.31389e+08 2.15991e+07
4.314e+08 2.15879e+07
4.31434e+08 2.15879e+07
4.31456e+08 2.16103e+07
4.31456e+08 2.15991e+07
4.31456e+08 2.15768e+07
4.31557e+08 2.15321e+07
4.53291e+08 2.20935e+07
4.53291e+08 2.20935e+07
4.53291e+08 2.20936e+07
4.53291e+08 2.20936e+07
4.53291e+08 2.20936e+07
4.53291e+08 2.20936e+07
4.53291e+08 2.20936e+07
4.53291e+08 2.20936e+07
4.53292e+08 2.20936e+07
4.53292e+08 2.20936e+07
4.53292e+08 2.20936e+07
4.53292e+08 2.20936e+07
4.53292e+08 2.20936e+07
4.53292e+08 2.20936e+07
4.53292e+08 2.20936e+07
4.53292e+08 2.20936e+07
4.53292e+08 2.20936e+07
4.53292e+08 2.20936e+07
4.53292e+08 2.20936e+07
4.53292e+08 2.20936e+07
4.53292e+08 2.20936e+07
4.53292e+08 2.20936e+07
4.53292e+08 2.20936e+07
4.53292e+08 2.20936e+07
4.53292e+08 2.20936e+07
4.53292e+08 2.20936e+07
4.53404e+08 2.21048e+07
4.53404e+08 2.20824e+07
4.53416e+08 2.20936e+07
4.53438e+08 2.21048e+07
4.53472e+08 2.20824e+07
4.53539e+08 2.21383e+07
4.5355e+08 2.2116e+07
4.5355e+08 2.20936e+07
4.53583e+08 2.21272e+07
4.53583e+08 2.21272e+07
4.53606e+08 2.20489e+07
4.76058e+08 2.27672e+07
4.76058e+08 2.27672e+07
4.76058e+08 2.27673e+07
4.76058e+08 2.27672e+07
4.76059e+08 2.27672e+07
4.76059e+08 2.27672e+07
4.76059e+08 2.27672e+07
4.76059e+08 2.27673e+07
4.76059e+08 2.27672e+07
4.76059e+08 2.27672e+07
4.76059e+08 2.27673e+07
4.76059e+08 2.27673e+07
4.76059e+08 2.27673e+07
4.76059e+08 2.27672e+07
4.76059e+08 2.27672e+07
4.76059e+08 2.27672e+07
4.76059e+08 2.27672e+07
4.76059e+08 2.27672e+07
4.76059e+08 2.27672e+07
4.76059e+08 2.27672e+07
4.76059e+08 2.27672e+07
4.76059e+08 2.27672e+07
4.76059e+08 2.27672e+07
4.76059e+08 2.27673e+07
4.76059e+08 2.27673e+07
4.76059e+08 2.27673e+07
4.76059e+08 2.27673e+07
4.76093e+08 2.2689e+07
4.76105e+08 2.27001e+07
4.76149e+08 2.27337e+07
4.76172e+08 2.27337e+07
4.76172e+08 2.27001e+07
4.76239e+08 2.27002e+07
4.76284e+08 2.27337e+07
4.76295e+08 2.27449e+07
4.76317e+08 2.27338e+07
4.76373e+08 2.27896e+07
4.76373e+08 2.27673e+07
4.99347e+08 2.32888e+07
4.99347e+08 2.32888e+07
4.99347e+08 2.3289e+07
4.99347e+08 2.3289e+07
4.99348e+08 2.3289e+07
4.99348e+08 2.3289e+07
4.99348e+08 2.3289e+07
4.99348e+08 2.3289e+07
4.99348e+08 2.3289e+07
4.99348e+08 2.3289e+07
4.99348e+08 2.3289e+07
4.99348e+08 2.3289e+07
4.99348e+08 2.3289e+07
4.99348e+08 2.3289e+07
4.99348e+08 2.3289e+07
4.99348e+08 2.3289e+07
4.99348e+08 2.3289e+07
4.99348e+08 2.3289e+07
4.99348e+08 2.3289e+07
4.99348e+08 2.3289e+07
4.99348e+08 2.3289e+07
4.99348e+08 2.3289e+07
4.99348e+08 2.3289e+07
4.99348e+08 2.3289e+07
4.99348e+08 2.3289e+07
4.99348e+08 2.3289e+07
4.99348e+08 2.3289e+07
4.99348e+08 2.3289e+07
4.99438e+08 2.33449e+07
4.99461e+08 2.33561e+07
4.99505e+08 2.33561e+07
4.99505e+08 2.33337e+07
4.99505e+08 2.33337e+07
4.9955e+08 2.33114e+07
4.99561e+08 2.32778e+07
4.99573e+08 2.32778e+07
4.99606e+08 2.32889e+07
4.99606e+08 2.32331e+07
4.99628e+08 2.32554e+07
5.23474e+08 2.41275e+07
5.23474e+08 2.41275e+07
5.23475e+08 2.41275e+07
5.23475e+08 2.41275e+07
5.23475e+08 2.41275e+07
5.23475e+08 2.41275e+07
5.23475e+08 2.41275e+07
5.23475e+08 2.41275e+07
5.23475e+08 2.41275e+07
5.23475e+08 2.41275e+07
5.23475e+08 2.41275e+07
5.23476e+08 2.41276e+07
5.23476e+08 2.41276e+07
5.23476e+08 2.41276e+07
5.23476e+08 2.41276e+07
5.23476e+08 2.41275e+07
5.23476e+08 2.41275e+07
5.23476e+08 2.41275e+07
5.23476e+08 2.41275e+07
5.23476e+08 2.41275e+07
5.23476e+08 2.41275e+07
5.23476e+08 2.41275e+07
5.23476e+08 2.41275e+07
5.23476e+08 2.41275e+07
5.23476e+08 2.41275e+07
5.23476e+08 2.41275e+07
5.23476e+08 2.41275e+07
5.23476e+08 2.41275e+07
5.23476e+08 2.41276e+07
5.23622e+08 2.41834e+07
5.23633e+08 2.41722e+07
5.23644e+08 2.41387e+07
5.23644e+08 2.41387e+07
5.23655e+08 2.41499e+07
5.23722e+08 2.41723e+07
5.23722e+08 2.41611e+07
5.23756e+08 2.41835e+07
5.23767e+08 2.41611e+07
5.23778e+08 2.41723e+07
5.2379e+08 2.41611e+07
5.48049e+08 2.45753e+07
5.48049e+08 2.45753e+07
5.4805e+08 2.45754e+07
5.4805e+08 2.45753e+07
5.4805e+08 2.45753e+07
5.4805e+08 2.45753e+07
5.4805e+08 2.45753e+07
5.48051e+08 2.45754e+07
5.48051e+08 2.45754e+07
5.48051e+08 2.45754e+07
5.48051e+08 2.45754e+07
5.48051e+08 2.45753e+07
5.48051e+08 2.45753e+07
5.48051e+08 2.45753e+07
5.48051e+08 2.45753e+07
5.48051e+08 2.45754e+07
5.48051e+08 2.45754e+07
5.48051e+08 2.45754e+07
5.48051e+08 2.45754e+07
5.48051e+08 2.45754e+07
5.48051e+08 2.45754e+07
5.48051e+08 2.45754e+07
5.48051e+08 2.45754e+07
5.48051e+08 2.45754e+07
5.48051e+08 2.45754e+07
5.48051e+08 2.45754e+07
5.48051e+08 2.45754e+07
5.48051e+08 2.45754e+07
5.48051e+08 2.45754e+07
5.48051e+08 2.45753e+07
5.48175e+08 2.4553e+07
5.48175e+08 2.45418e+07
5.48231e+08 2.45865e+07
5.48231e+08 2.45865e+07
5.48242e+08 2.45865e+07
5.48443e+08 2.47207e+07
5.48443e+08 2.47207e+07
5.48466e+08 2.47095e+07
5.48477e+08 2.47095e+07
5.48477e+08 2.46983e+07
5.48522e+08 2.47319e+07
5.73353e+08 2.53037e+07
5.73353e+08 2.53037e+07
5.73354e+08 2.53036e+07
5.73354e+08 2.53036e+07
5.73354e+08 2.53037e+07
5.73354e+08 2.53037e+07
5.73354e+08 2.53037e+07
5.73354e+08 2.53037e+07
5.73354e+08 2.53037e+07
5.73355e+08 2.53037e+07
5.73355e+08 2.53037e+07
5.73355e+08 2.53037e+07
5.73355e+08 2.53037e+07
5.73355e+08 2.53037e+07
5.73355e+08 2.53037e+07
5.73355e+08 2.53037e+07
5.73355e+08 2.53037e+07
5.73355e+08 2.53037e+07
5.73355e+08 2.53037e+07
5.73355e+08 2.53037e+07
5.73355e+08 2.53037e+07
5.73355e+08 2.53037e+07
5.73355e+08 2.53037e+07
5.73355e+08 2.53037e+07
5.73355e+08 2.53037e+07
5.73355e+08 2.53037e+07
5.73355e+08 2.53037e+07
5.73355e+08 2.53037e+07
5.73355e+08 2.53037e+07
5.73355e+08 2.53037e+07
5.73355e+08 2.53037e+07
5.73478e+08 2.53037e+07
5.73478e+08 2.53037e+07
5.73478e+08 2.52478e+07
5.73512e+08 2.52813e+07
5.73512e+08 2.52701e+07
5.73769e+08 2.53261e+07
5.73769e+08 2.53261e+07
5.73769e+08 2.53037e+07
5.73769e+08 2.52925e+07
5.73769e+08 2.52925e+07
5.7378e+08 2.52589e+07
5.99096e+08 2.5743e+07
5.99096e+08 2.57431e+07
5.99097e+08 2.57431e+07
5.99097e+08 2.57432e+07
5.99097e+08 2.57431e+07
5.99097e+08 2.57431e+07
5.99097e+08 2.57431e+07
5.99097e+08 2.57432e+07
5.99098e+08 2.57432e+07
5.99098e+08 2.57431e+07
5.99098e+08 2.57431e+07
5.99098e+08 2.57431e+07
5.99098e+08 2.57432e+07
5.99098e+08 2.57432e+07
5.99098e+08 2.57432e+07
5.99098e+08 2.57432e+07
5.99098e+08 2.57432e+07
5.99098e+08 2.57432e+07
5.99098e+08 2.57432e+07
5.99098e+08 2.57432e+07
5.99098e+08 2.57432e+07
5.99098e+08 2.57432e+07
5.99098e+08 2.57432e+07
5.99098e+08 2.57432e+07
5.99098e+08 2.57432e+07
5.99098e+08 2.57432e+07
5.99098e+08 2.57432e+07
5.99098e+08 2.57432e+07
5.99098e+08 2.57431e+07
5.99098e+08 2.57431e+07
5.99098e+08 2.57432e+07
5.99098e+08 2.57431e+07
5.9911e+08 2.56313e+07
5.9911e+08 2.56314e+07
5.99166e+08 2.56873e+07
5.99233e+08 2.57208e+07
5.99244e+08 2.5732e+07
5.99434e+08 2.56649e+07
5.99434e+08 2.56649e+07
5.99434e+08 2.56649e+07
5.99434e+08 2.56649e+07
5.99434e+08 2.56649e+07
5.99468e+08 2.56873e+07
6.23637e+08 2.45405e+07
6.23737e+08 2.4641e+07
6.24543e+08 2.54457e+07
6.24588e+08 2.54904e+07
6.24644e+08 2.55464e+07
6.24677e+08 2.55799e+07
6.24722e+08 2.56246e+07
6.25035e+08 2.59378e+07
6.25069e+08 2.59714e+07
6.25561e+08 2.64636e+07
6.25584e+08 2.6486e+07
6.25606e+08 2.65084e+07
6.2564e+08 2.6542e+07
6.25684e+08 2.65867e+07
6.25696e+08 2.65979e+07
6.25696e+08 2.65979e+07
6.25696e+08 2.65979e+07
6.25696e+08 2.6598e+07
6.25707e+08 2.66092e+07
6.25718e+08 2.66204e+07
6.25718e+08 2.66204e+07
6.25752e+08 2.6654e+07
6.25763e+08 2.66652e+07
6.25763e+08 2.66652e+07
6.25819e+08 2.67212e+07
6.2583e+08 2.67324e+07
6.25875e+08 2.67771e+07
6.25942e+08 2.68443e+07
6.25998e+08 2.69002e+07
6.26032e+08 2.69338e+07
6.26188e+08 2.70904e+07
6.26256e+08 2.71576e+07
6.26278e+08 2.718e+07
6.26837e+08 2.77276e+07
6.26837e+08 2.77276e+07
6.2686e+08 2.7694e+07
6.2686e+08 2.7627e+07
6.26871e+08 2.7627e+07
6.26994e+08 2.75598e+07
6.27005e+08 2.75709e+07
6.27016e+08 2.75821e+07
6.27028e+08 2.75933e+07
6.27028e+08 2.75933e+07
6.27083e+08 2.76157e+07
6.27488e+08 3.85144e+06
6.27488e+08 3.75085e+06
6.27499e+08 2.95664e+06
