3.56359e+06 3.56351e+06
8.27299e+06 4.7094e+06
8.27301e+06 4.70942e+06
9.49906e+06 1.22606e+06
9.49906e+06 1.22605e+06
1.15979e+07 2.09887e+06
1.15979e+07 2.09887e+06
1.15979e+07 2.09887e+06
1.39349e+07 2.33695e+06
1.39349e+07 2.33695e+06
1.39349e+07 2.33696e+06
1.39349e+07 2.33696e+06
1.70121e+07 3.0772e+06
1.70121e+07 3.07723e+06
1.70121e+07 3.07724e+06
1.70122e+07 3.07726e+06
1.70122e+07 3.07728e+06
2.05435e+07 3.5314e+06
2.05435e+07 3.53143e+06
2.05435e+07 3.53141e+06
2.05435e+07 3.53139e+06
2.05436e+07 3.53138e+06
2.05436e+07 3.53138e+06
2.47774e+07 4.23394e+06
2.4811e+07 4.26746e+06
2.4811e+07 4.26746e+06
2.4811e+07 4.26746e+06
2.4811e+07 4.26746e+06
2.4811e+07 4.26746e+06
2.4811e+07 4.26746e+06
2.91167e+07 4.33926e+06
2.92284e+07 4.41745e+06
2.92284e+07 4.41745e+06
2.92285e+07 4.41745e+06
2.92285e+07 4.41745e+06
2.93067e+07 4.4957e+06
2.93067e+07 4.4957e+06
3.37687e+07 4.65208e+06
3.37911e+07 4.67446e+06
3.38023e+07 4.57389e+06
3.38023e+07 4.57389e+06
3.38135e+07 4.58508e+06
3.38135e+07 4.58508e+06
3.38918e+07 4.5851e+06
3.39589e+07 4.65219e+06
3.93067e+07 5.53793e+06
3.93849e+07 5.59379e+06
3.94409e+07 5.64973e+06
3.94409e+07 5.63854e+06
3.94409e+07 5.63854e+06
3.95416e+07 5.72804e+06
3.95416e+07 5.72804e+06
3.95863e+07 5.69453e+06
3.95976e+07 5.63872e+06
4.51833e+07 5.87659e+06
4.52168e+07 5.83188e+06
4.52951e+07 5.8542e+06
4.53174e+07 5.87655e+06
4.53174e+07 5.87656e+06
4.53174e+07 5.87656e+06
4.54069e+07 5.86533e+06
4.54069e+07 5.86533e+06
4.55076e+07 5.92128e+06
4.56084e+07 6.01076e+06
5.18706e+07 6.68735e+06
5.19042e+07 6.68735e+06
5.19377e+07 6.64265e+06
5.19489e+07 6.63148e+06
5.19489e+07 6.63148e+06
5.19489e+07 6.63149e+06
5.19489e+07 6.63149e+06
5.1949e+07 6.54207e+06
5.1949e+07 6.54207e+06
5.19714e+07 6.46377e+06
5.21393e+07 6.53087e+06
5.91846e+07 7.31395e+06
5.92181e+07 7.31398e+06
5.92293e+07 7.29162e+06
5.92293e+07 7.28045e+06
5.92294e+07 7.28045e+06
5.92294e+07 7.28045e+06
5.92294e+07 7.28045e+06
5.92294e+07 7.28045e+06
5.92741e+07 7.32514e+06
5.92853e+07 7.33636e+06
5.92965e+07 7.32514e+06
5.93749e+07 7.23559e+06
6.69403e+07 7.75575e+06
6.6985e+07 7.7669e+06
6.69963e+07 7.76691e+06
6.70167e+07 7.78737e+06
6.70298e+07 7.8004e+06
6.70298e+07 7.8004e+06
6.70409e+07 7.81158e+06
6.70745e+07 7.84512e+06
6.70857e+07 7.85631e+06
6.7132e+07 7.85789e+06
6.71514e+07 7.86609e+06
6.71875e+07 7.89102e+06
6.75565e+07 8.18165e+06
7.64021e+07 9.46175e+06
7.6458e+07 9.47294e+06
7.6458e+07 9.46174e+06
7.6458e+07 9.44128e+06
7.64692e+07 9.43943e+06
7.64692e+07 9.43943e+06
7.64692e+07 9.42825e+06
7.66369e+07 9.56239e+06
7.66369e+07 9.55121e+06
7.6704e+07 9.61831e+06
7.6704e+07 9.572e+06
7.6704e+07 9.55258e+06
7.68046e+07 9.61705e+06
7.72629e+07 9.70639e+06
8.55945e+07 9.19237e+06
8.57398e+07 9.28181e+06
8.57398e+07 9.28181e+06
8.57733e+07 9.31533e+06
8.57733e+07 9.30416e+06
8.59857e+07 9.51651e+06
8.60416e+07 9.57239e+06
8.61534e+07 9.51649e+06
8.62205e+07 9.58361e+06
8.63547e+07 9.65071e+06
8.64218e+07 9.71778e+06
8.64441e+07 9.74014e+06
8.64441e+07 9.74014e+06
8.65e+07 9.69544e+06
8.66789e+07 9.41598e+06
9.64206e+07 1.08261e+07
9.651e+07 1.07702e+07
9.651e+07 1.07702e+07
9.65324e+07 1.0759e+07
9.65324e+07 1.0759e+07
9.65324e+07 1.05467e+07
9.65324e+07 1.04908e+07
9.65324e+07 1.0379e+07
9.66331e+07 1.04126e+07
9.67672e+07 1.04125e+07
9.67673e+07 1.03455e+07
9.67673e+07 1.03231e+07
9.67673e+07 1.03231e+07
9.67673e+07 1.03231e+07
9.67673e+07 1.02673e+07
9.67785e+07 1.00996e+07
1.06924e+08 1.05032e+07
1.06935e+08 1.0425e+07
1.06935e+08 1.0425e+07
1.06957e+08 1.0425e+07
1.06957e+08 1.0425e+07
1.06969e+08 1.04362e+07
1.0698e+08 1.04473e+07
1.07069e+08 1.05367e+07
1.07304e+08 1.06708e+07
1.07449e+08 1.0682e+07
1.07449e+08 1.0682e+07
1.07449e+08 1.0682e+07
1.07483e+08 1.07155e+07
1.07483e+08 1.07155e+07
1.07516e+08 1.0749e+07
1.07662e+08 1.08943e+07
1.07673e+08 1.08943e+07
1.18431e+08 1.15071e+07
1.18431e+08 1.14959e+07
1.18431e+08 1.14959e+07
1.18599e+08 1.16412e+07
1.18654e+08 1.1697e+07
1.18677e+08 1.17082e+07
1.188e+08 1.182e+07
1.188e+08 1.17306e+07
1.18856e+08 1.15518e+07
1.18956e+08 1.1507e+07
1.18956e+08 1.1507e+07
1.18956e+08 1.1507e+07
1.19057e+08 1.15741e+07
1.19258e+08 1.17753e+07
1.1947e+08 1.19542e+07
1.1947e+08 1.19542e+07
1.1947e+08 1.18089e+07
1.19504e+08 1.18312e+07
1.30229e+08 1.17979e+07
1.30318e+08 1.18874e+07
1.30329e+08 1.18986e+07
1.30329e+08 1.17309e+07
1.30329e+08 1.16751e+07
1.30329e+08 1.16527e+07
1.3043e+08 1.16304e+07
1.30464e+08 1.16639e+07
1.30631e+08 1.17757e+07
1.30631e+08 1.16751e+07
1.30743e+08 1.17869e+07
1.30765e+08 1.18092e+07
1.30788e+08 1.1731e+07
1.30888e+08 1.16304e+07
1.309e+08 1.14292e+07
1.30944e+08 1.14739e+07
1.30944e+08 1.14739e+07
1.30956e+08 1.14851e+07
1.31056e+08 1.15522e+07
1.42707e+08 1.24782e+07
1.42875e+08 1.25564e+07
1.42908e+08 1.25788e+07
1.42908e+08 1.25788e+07
1.42908e+08 1.25788e+07
1.42919e+08 1.259e+07
1.42931e+08 1.25005e+07
1.42953e+08 1.24893e+07
1.43042e+08 1.24111e+07
1.43054e+08 1.24223e+07
1.43076e+08 1.23329e+07
1.43121e+08 1.23552e+07
1.43165e+08 1.23776e+07
1.434e+08 1.25116e+07
1.43456e+08 1.25563e+07
1.43456e+08 1.25116e+07
1.43456e+08 1.25116e+07
1.43456e+08 1.25004e+07
1.43456e+08 1.25004e+07
1.43456e+08 1.23998e+07
1.55512e+08 1.28047e+07
1.55556e+08 1.26817e+07
1.55556e+08 1.26482e+07
1.55556e+08 1.26482e+07
1.55556e+08 1.26482e+07
1.55556e+08 1.2637e+07
1.55556e+08 1.26258e+07
1.55568e+08 1.26146e+07
1.55914e+08 1.28716e+07
1.56004e+08 1.29499e+07
1.56059e+08 1.29834e+07
1.56093e+08 1.29723e+07
1.56093e+08 1.29276e+07
1.56093e+08 1.26929e+07
1.56093e+08 1.2637e+07
1.56093e+08 1.2637e+07
1.56127e+08 1.26705e+07
1.56171e+08 1.27152e+07
1.56205e+08 1.27488e+07
1.56205e+08 1.27488e+07
1.56261e+08 1.28047e+07
1.69155e+08 1.36432e+07
1.69233e+08 1.36768e+07
1.69267e+08 1.37103e+07
1.69289e+08 1.37326e+07
1.69323e+08 1.37662e+07
1.69323e+08 1.37662e+07
1.69345e+08 1.37885e+07
1.69524e+08 1.39562e+07
1.69837e+08 1.39226e+07
1.7006e+08 1.40568e+07
1.7025e+08 1.41909e+07
1.70552e+08 1.44591e+07
1.70697e+08 1.46044e+07
1.70697e+08 1.46044e+07
1.70776e+08 1.46827e+07
1.70843e+08 1.47497e+07
1.70843e+08 1.47162e+07
1.70988e+08 1.48168e+07
1.70999e+08 1.47944e+07
1.70999e+08 1.47944e+07
1.7158e+08 1.53197e+07
1.7158e+08 1.53197e+07
1.82597e+08 1.34421e+07
1.82686e+08 1.34533e+07
1.82686e+08 1.34197e+07
1.82686e+08 1.33974e+07
1.82754e+08 1.34309e+07
1.82776e+08 1.34533e+07
1.82776e+08 1.34309e+07
1.82821e+08 1.32968e+07
1.82865e+08 1.30286e+07
1.83044e+08 1.29839e+07
1.83201e+08 1.29504e+07
1.83659e+08 1.31069e+07
1.8395e+08 1.32521e+07
1.8395e+08 1.32521e+07
1.84173e+08 1.33974e+07
1.84173e+08 1.33304e+07
1.84173e+08 1.33304e+07
1.8424e+08 1.32521e+07
1.8424e+08 1.3241e+07
1.84296e+08 1.32969e+07
1.84631e+08 1.3051e+07
1.8471e+08 1.31292e+07
1.96654e+08 1.40572e+07
1.96665e+08 1.40683e+07
1.96676e+08 1.39901e+07
1.96676e+08 1.39901e+07
1.96676e+08 1.39901e+07
1.96688e+08 1.39342e+07
1.96688e+08 1.39118e+07
1.96688e+08 1.39118e+07
1.96721e+08 1.39006e+07
1.96744e+08 1.38782e+07
1.96777e+08 1.3733e+07
1.96822e+08 1.36213e+07
1.96978e+08 1.33195e+07
1.96978e+08 1.30289e+07
1.97012e+08 1.30624e+07
1.98152e+08 1.39789e+07
1.98152e+08 1.39789e+07
1.98152e+08 1.39789e+07
1.98152e+08 1.39118e+07
1.9823e+08 1.39901e+07
1.98331e+08 1.40348e+07
1.98331e+08 1.36995e+07
1.98376e+08 1.3666e+07
2.1136e+08 1.47057e+07
2.11371e+08 1.47057e+07
2.11382e+08 1.47169e+07
2.11382e+08 1.47057e+07
2.11382e+08 1.47057e+07
2.11393e+08 1.47169e+07
2.11405e+08 1.47169e+07
2.11405e+08 1.47169e+07
2.11405e+08 1.47169e+07
2.11449e+08 1.47281e+07
2.11494e+08 1.47505e+07
2.11818e+08 1.50411e+07
2.11919e+08 1.50969e+07
2.11919e+08 1.49405e+07
2.11975e+08 1.49963e+07
2.11997e+08 1.49852e+07
2.1269e+08 1.45381e+07
2.1269e+08 1.45381e+07
2.1269e+08 1.45381e+07
2.1269e+08 1.45381e+07
2.1269e+08 1.44598e+07
2.12779e+08 1.44486e+07
2.12779e+08 1.44486e+07
2.12779e+08 1.44039e+07
2.26647e+08 1.52873e+07
2.26647e+08 1.52761e+07
2.26647e+08 1.52649e+07
2.26647e+08 1.52649e+07
2.26647e+08 1.52649e+07
2.2667e+08 1.52873e+07
2.2667e+08 1.52761e+07
2.26692e+08 1.52873e+07
2.26692e+08 1.52873e+07
2.26703e+08 1.52985e+07
2.26703e+08 1.52538e+07
2.26804e+08 1.53096e+07
2.2696e+08 1.5142e+07
2.26994e+08 1.50749e+07
2.26994e+08 1.50749e+07
2.27027e+08 1.50525e+07
2.27106e+08 1.51084e+07
2.27597e+08 1.49073e+07
2.27698e+08 1.50078e+07
2.27698e+08 1.50078e+07
2.27698e+08 1.50078e+07
2.27698e+08 1.50078e+07
2.27698e+08 1.49184e+07
2.27698e+08 1.49184e+07
2.27888e+08 1.51084e+07
2.42561e+08 1.59134e+07
2.42561e+08 1.59134e+07
2.42561e+08 1.59134e+07
2.42561e+08 1.59134e+07
2.42561e+08 1.59134e+07
2.42561e+08 1.59134e+07
2.42561e+08 1.58911e+07
2.42561e+08 1.58911e+07
2.42572e+08 1.58799e+07
2.42572e+08 1.58799e+07
2.42605e+08 1.59022e+07
2.42605e+08 1.59022e+07
2.42617e+08 1.58128e+07
2.42617e+08 1.56563e+07
2.4265e+08 1.56563e+07
2.42784e+08 1.57905e+07
2.42784e+08 1.57569e+07
2.42874e+08 1.57681e+07
2.43064e+08 1.54664e+07
2.43254e+08 1.55558e+07
2.43254e+08 1.55558e+07
2.43254e+08 1.55558e+07
2.43254e+08 1.55558e+07
2.43254e+08 1.55558e+07
2.43254e+08 1.55558e+07
2.43343e+08 1.54552e+07
2.59022e+08 1.64614e+07
2.59033e+08 1.64725e+07
2.59033e+08 1.64725e+07
2.59033e+08 1.64725e+07
2.59033e+08 1.64725e+07
2.59033e+08 1.64725e+07
2.59033e+08 1.64725e+07
2.59033e+08 1.64725e+07
2.59033e+08 1.64725e+07
2.59067e+08 1.64949e+07
2.59089e+08 1.65172e+07
2.591e+08 1.64949e+07
2.59111e+08 1.65061e+07
2.59167e+08 1.65508e+07
2.59167e+08 1.65508e+07
2.59257e+08 1.66066e+07
2.59346e+08 1.6562e+07
2.59391e+08 1.66067e+07
2.59391e+08 1.65173e+07
2.59447e+08 1.63831e+07
2.59637e+08 1.63831e+07
2.59637e+08 1.63831e+07
2.5967e+08 1.64166e+07
2.5967e+08 1.64166e+07
2.5967e+08 1.64166e+07
2.59726e+08 1.64725e+07
2.59849e+08 1.6506e+07
2.76855e+08 1.7833e+07
2.76855e+08 1.78218e+07
2.76888e+08 1.78553e+07
2.76922e+08 1.78889e+07
2.76956e+08 1.79224e+07
2.76956e+08 1.79224e+07
2.76956e+08 1.79224e+07
2.76989e+08 1.79559e+07
2.7709e+08 1.80566e+07
2.7709e+08 1.80566e+07
2.7709e+08 1.8023e+07
2.7709e+08 1.80007e+07
2.77157e+08 1.80566e+07
2.77157e+08 1.80454e+07
2.77157e+08 1.79895e+07
2.77202e+08 1.80342e+07
2.77336e+08 1.80789e+07
2.7766e+08 1.83136e+07
2.7766e+08 1.82689e+07
2.77693e+08 1.83024e+07
2.77693e+08 1.82465e+07
2.77772e+08 1.81348e+07
2.77772e+08 1.81348e+07
2.78308e+08 1.86377e+07
2.78755e+08 1.90848e+07
2.78755e+08 1.90848e+07
2.78755e+08 1.90289e+07
2.78822e+08 1.8973e+07
2.95109e+08 1.82546e+07
2.95109e+08 1.82546e+07
2.95109e+08 1.8221e+07
2.95199e+08 1.82769e+07
2.95344e+08 1.83887e+07
2.95389e+08 1.84334e+07
2.95389e+08 1.84334e+07
2.95478e+08 1.84893e+07
2.95534e+08 1.84445e+07
2.95534e+08 1.84445e+07
2.95702e+08 1.86122e+07
2.95858e+08 1.87687e+07
2.95858e+08 1.87687e+07
2.95959e+08 1.88022e+07
2.96071e+08 1.8914e+07
2.96328e+08 1.91711e+07
2.96373e+08 1.91711e+07
2.96507e+08 1.91711e+07
2.96931e+08 1.92717e+07
2.96987e+08 1.93276e+07
2.97054e+08 1.93611e+07
2.972e+08 1.95064e+07
2.97256e+08 1.9484e+07
2.97256e+08 1.9484e+07
2.9749e+08 1.91824e+07
2.97569e+08 1.88136e+07
2.97569e+08 1.88136e+07
2.97569e+08 1.88136e+07
2.9758e+08 1.87577e+07
3.15728e+08 2.06187e+07
3.15728e+08 2.06187e+07
3.15739e+08 2.06299e+07
3.15806e+08 2.06075e+07
3.15818e+08 2.04734e+07
3.15818e+08 2.04287e+07
3.15818e+08 2.04287e+07
3.15818e+08 2.03393e+07
3.15829e+08 2.02946e+07
3.15829e+08 2.02946e+07
3.15896e+08 2.0194e+07
3.15896e+08 2.0194e+07
3.15952e+08 2.00934e+07
3.15952e+08 2.00934e+07
3.15952e+08 1.99928e+07
3.15952e+08 1.98811e+07
3.15985e+08 1.96575e+07
3.15997e+08 1.9624e+07
3.16041e+08 1.95346e+07
3.1612e+08 1.91882e+07
3.16153e+08 1.91659e+07
3.16153e+08 1.90988e+07
3.16164e+08 1.89647e+07
3.16187e+08 1.89312e+07
3.16198e+08 1.89423e+07
3.16332e+08 1.88418e+07
3.16377e+08 1.88083e+07
3.16377e+08 1.88083e+07
3.16377e+08 1.88083e+07
3.16411e+08 1.88307e+07
3.35055e+08 1.93268e+07
3.35077e+08 1.93492e+07
3.351e+08 1.93604e+07
3.35133e+08 1.93269e+07
3.35133e+08 1.93157e+07
3.35133e+08 1.93157e+07
3.35133e+08 1.93157e+07
3.35133e+08 1.93157e+07
3.35133e+08 1.93045e+07
3.35133e+08 1.93045e+07
3.35156e+08 1.92598e+07
3.35156e+08 1.92598e+07
3.35167e+08 1.92151e+07
3.35189e+08 1.92375e+07
3.35201e+08 1.92486e+07
3.35223e+08 1.9271e+07
3.35223e+08 1.9271e+07
3.35245e+08 1.92599e+07
3.35245e+08 1.92487e+07
3.35279e+08 1.92375e+07
3.3529e+08 1.91704e+07
3.35312e+08 1.91593e+07
3.35312e+08 1.91593e+07
3.35335e+08 1.91704e+07
3.35335e+08 1.91481e+07
3.35335e+08 1.91369e+07
3.35368e+08 1.90362e+07
3.3538e+08 1.90026e+07
3.3538e+08 1.90026e+07
3.3538e+08 1.90026e+07
3.3538e+08 1.89691e+07
3.54836e+08 1.97811e+07
3.54836e+08 1.97587e+07
3.54836e+08 1.97363e+07
3.54881e+08 1.97475e+07
3.54881e+08 1.97475e+07
3.54881e+08 1.97475e+07
3.54881e+08 1.97475e+07
3.54881e+08 1.97475e+07
3.54881e+08 1.97475e+07
3.54881e+08 1.97475e+07
3.54881e+08 1.97252e+07
3.54881e+08 1.97252e+07
3.54881e+08 1.9714e+07
3.54881e+08 1.96916e+07
3.54881e+08 1.96916e+07
3.54881e+08 1.96805e+07
3.54881e+08 1.96581e+07
3.54881e+08 1.96581e+07
3.54881e+08 1.96357e+07
3.54892e+08 1.96469e+07
3.54903e+08 1.96245e+07
3.54903e+08 1.96133e+07
3.54903e+08 1.9591e+07
3.54926e+08 1.96133e+07
3.54937e+08 1.96021e+07
3.54937e+08 1.96021e+07
3.54959e+08 1.96245e+07
3.54982e+08 1.96133e+07
3.55004e+08 1.96244e+07
3.55015e+08 1.96356e+07
3.55015e+08 1.96356e+07
3.55038e+08 1.9658e+07
3.75011e+08 2.01744e+07
3.75011e+08 2.01744e+07
3.75011e+08 2.01744e+07
3.75033e+08 2.01521e+07
3.75033e+08 2.01521e+07
3.75134e+08 2.02526e+07
3.75134e+08 2.02526e+07
3.75134e+08 2.02526e+07
3.75145e+08 2.02638e+07
3.75156e+08 2.0275e+07
3.75156e+08 2.0275e+07
3.75156e+08 2.0275e+07
3.75156e+08 2.0275e+07
3.75156e+08 2.0275e+07
3.75156e+08 2.0275e+07
3.75156e+08 2.0275e+07
3.75156e+08 2.0275e+07
3.75156e+08 2.0275e+07
3.75156e+08 2.0275e+07
3.75156e+08 2.0275e+07
3.75167e+08 2.0275e+07
3.75167e+08 2.02638e+07
3.75167e+08 2.02638e+07
3.75167e+08 2.02638e+07
3.75167e+08 2.02415e+07
3.75167e+08 2.02303e+07
3.75167e+08 2.02303e+07
3.75167e+08 2.0208e+07
3.75178e+08 2.01968e+07
3.75178e+08 2.01744e+07
3.75178e+08 2.01632e+07
3.75179e+08 2.01632e+07
3.75179e+08 2.01409e+07
3.95813e+08 2.08027e+07
3.95813e+08 2.08027e+07
3.95824e+08 2.08139e+07
3.95824e+08 2.07915e+07
3.95824e+08 2.07915e+07
3.95824e+08 2.06909e+07
3.95824e+08 2.06909e+07
3.95824e+08 2.06909e+07
3.95824e+08 2.06797e+07
3.95824e+08 2.06685e+07
3.95824e+08 2.06685e+07
3.95824e+08 2.06685e+07
3.95824e+08 2.06685e+07
3.95824e+08 2.06685e+07
3.95824e+08 2.06685e+07
3.95825e+08 2.06685e+07
3.95825e+08 2.06685e+07
3.95825e+08 2.06685e+07
3.95825e+08 2.06685e+07
3.95825e+08 2.06686e+07
3.95825e+08 2.06686e+07
3.95825e+08 2.06574e+07
3.95836e+08 2.06686e+07
3.95836e+08 2.06686e+07
3.95836e+08 2.06686e+07
3.95836e+08 2.06686e+07
3.95847e+08 2.06797e+07
3.95858e+08 2.06909e+07
3.95881e+08 2.07133e+07
3.95903e+08 2.07244e+07
3.95903e+08 2.07244e+07
3.95903e+08 2.07244e+07
3.95903e+08 2.07244e+07
3.95903e+08 2.07244e+07
4.17061e+08 2.1248e+07
4.17061e+08 2.1248e+07
4.17072e+08 2.1248e+07
4.17072e+08 2.1248e+07
4.17084e+08 2.12592e+07
4.17106e+08 2.12815e+07
4.17117e+08 2.12927e+07
4.17117e+08 2.12927e+07
4.17117e+08 2.12927e+07
4.17117e+08 2.12927e+07
4.17117e+08 2.12927e+07
4.17117e+08 2.12927e+07
4.17117e+08 2.12927e+07
4.17117e+08 2.12927e+07
4.17117e+08 2.12927e+07
4.17117e+08 2.12927e+07
4.17117e+08 2.12927e+07
4.17117e+08 2.12927e+07
4.17117e+08 2.12927e+07
4.17117e+08 2.12927e+07
4.1714e+08 2.1315e+07
4.1714e+08 2.1315e+07
4.1714e+08 2.1315e+07
4.17151e+08 2.1315e+07
4.17173e+08 2.13374e+07
4.17173e+08 2.13374e+07
4.17196e+08 2.13597e+07
4.17229e+08 2.13821e+07
4.17229e+08 2.13709e+07
4.17229e+08 2.13486e+07
4.17229e+08 2.13262e+07
4.17229e+08 2.13262e+07
4.17229e+08 2.13262e+07
4.17229e+08 2.13262e+07
4.17229e+08 2.13262e+07
4.39047e+08 2.1986e+07
4.39047e+08 2.1986e+07
4.39047e+08 2.19748e+07
4.39047e+08 2.19748e+07
4.39047e+08 2.19636e+07
4.39047e+08 2.19413e+07
4.39058e+08 2.19413e+07
4.39058e+08 2.19413e+07
4.39058e+08 2.19413e+07
4.39058e+08 2.19413e+07
4.39058e+08 2.19413e+07
4.39058e+08 2.19413e+07
4.39058e+08 2.19413e+07
4.39058e+08 2.19413e+07
4.39058e+08 2.19413e+07
4.39058e+08 2.19413e+07
4.39058e+08 2.19413e+07
4.39058e+08 2.19413e+07
4.39081e+08 2.19636e+07
4.39126e+08 2.20083e+07
4.39137e+08 2.20195e+07
4.39148e+08 2.20083e+07
4.39148e+08 2.20083e+07
4.39148e+08 2.20084e+07
4.39182e+08 2.20307e+07
4.39182e+08 2.20084e+07
4.39193e+08 2.20196e+07
4.39226e+08 2.20308e+07
4.39316e+08 2.20867e+07
4.39361e+08 2.21314e+07
4.39416e+08 2.21873e+07
4.39439e+08 2.22097e+07
4.3945e+08 2.22209e+07
4.3945e+08 2.22209e+07
4.3945e+08 2.22209e+07
4.39506e+08 2.22768e+07
4.61648e+08 2.26011e+07
4.61682e+08 2.26347e+07
4.61693e+08 2.26458e+07
4.61693e+08 2.26458e+07
4.61704e+08 2.2657e+07
4.61715e+08 2.26682e+07
4.61715e+08 2.26571e+07
4.61715e+08 2.26571e+07
4.61727e+08 2.26682e+07
4.61727e+08 2.26682e+07
4.61738e+08 2.26794e+07
4.61738e+08 2.26794e+07
4.61738e+08 2.26794e+07
4.61738e+08 2.26794e+07
4.61738e+08 2.26794e+07
4.61749e+08 2.26906e+07
4.61749e+08 2.26906e+07
4.61749e+08 2.26906e+07
4.61749e+08 2.26682e+07
4.61749e+08 2.26235e+07
4.61783e+08 2.26459e+07
4.61783e+08 2.26347e+07
4.61827e+08 2.26795e+07
4.61827e+08 2.26795e+07
4.61872e+08 2.27242e+07
4.61917e+08 2.27353e+07
4.61917e+08 2.27353e+07
4.61928e+08 2.27353e+07
4.61939e+08 2.27129e+07
4.61984e+08 2.26682e+07
4.61995e+08 2.26347e+07
4.62006e+08 2.25899e+07
4.62018e+08 2.25788e+07
4.62062e+08 2.26123e+07
4.62062e+08 2.26123e+07
4.62062e+08 2.26123e+07
4.62062e+08 2.25564e+07
4.84999e+08 2.33504e+07
4.8501e+08 2.3328e+07
4.8501e+08 2.33168e+07
4.8501e+08 2.33168e+07
4.8501e+08 2.33056e+07
4.8501e+08 2.32944e+07
4.8501e+08 2.32944e+07
4.8501e+08 2.32944e+07
4.8501e+08 2.32833e+07
4.8501e+08 2.32833e+07
4.85032e+08 2.32944e+07
4.85032e+08 2.32944e+07
4.85032e+08 2.32944e+07
4.85032e+08 2.32944e+07
4.85032e+08 2.32944e+07
4.85032e+08 2.32833e+07
4.85032e+08 2.32833e+07
4.85032e+08 2.32833e+07
4.85032e+08 2.32833e+07
4.85032e+08 2.32833e+07
4.85077e+08 2.32944e+07
4.85077e+08 2.32944e+07
4.85077e+08 2.32497e+07
4.85077e+08 2.32498e+07
4.85077e+08 2.32498e+07
4.85088e+08 2.32162e+07
4.851e+08 2.31827e+07
4.85111e+08 2.31939e+07
4.85122e+08 2.31939e+07
4.85133e+08 2.31939e+07
4.85178e+08 2.31939e+07
4.852e+08 2.32051e+07
4.852e+08 2.31939e+07
4.852e+08 2.31827e+07
4.852e+08 2.3138e+07
4.85212e+08 2.31492e+07
4.85212e+08 2.31492e+07
4.85212e+08 2.31492e+07
5.08685e+08 2.3686e+07
5.08707e+08 2.36972e+07
5.08729e+08 2.37195e+07
5.08729e+08 2.37195e+07
5.08729e+08 2.37195e+07
5.08729e+08 2.37195e+07
5.08729e+08 2.37195e+07
5.08729e+08 2.37195e+07
5.08741e+08 2.37307e+07
5.08741e+08 2.37307e+07
5.08741e+08 2.37084e+07
5.08741e+08 2.37084e+07
5.08741e+08 2.37084e+07
5.08741e+08 2.37084e+07
5.08741e+08 2.37084e+07
5.08741e+08 2.37084e+07
5.08741e+08 2.37084e+07
5.08741e+08 2.37084e+07
5.08741e+08 2.37084e+07
5.08741e+08 2.37084e+07
5.08774e+08 2.36972e+07
5.08774e+08 2.36972e+07
5.0883e+08 2.37531e+07
5.08841e+08 2.37643e+07
5.08841e+08 2.37643e+07
5.08841e+08 2.37643e+07
5.08842e+08 2.37531e+07
5.08842e+08 2.3742e+07
5.08842e+08 2.37308e+07
5.08842e+08 2.37196e+07
5.08842e+08 2.37084e+07
5.08853e+08 2.36749e+07
5.08853e+08 2.36525e+07
5.08875e+08 2.36749e+07
5.08886e+08 2.36861e+07
5.08898e+08 2.36973e+07
5.0892e+08 2.37084e+07
5.0892e+08 2.37084e+07
5.0892e+08 2.37084e+07
5.33064e+08 2.43794e+07
5.33086e+08 2.43794e+07
5.33098e+08 2.43682e+07
5.33098e+08 2.43682e+07
5.33142e+08 2.44129e+07
5.33142e+08 2.44129e+07
5.33142e+08 2.44129e+07
5.33142e+08 2.44129e+07
5.33154e+08 2.44129e+07
5.33165e+08 2.44241e+07
5.33165e+08 2.44241e+07
5.33165e+08 2.44241e+07
5.33176e+08 2.44353e+07
5.33176e+08 2.44353e+07
5.33176e+08 2.44353e+07
5.33176e+08 2.44353e+07
5.33176e+08 2.44353e+07
5.33176e+08 2.44353e+07
5.33176e+08 2.44353e+07
5.33176e+08 2.44353e+07
5.33176e+08 2.44017e+07
5.33176e+08 2.44017e+07
5.33176e+08 2.43459e+07
5.33176e+08 2.43347e+07
5.33187e+08 2.43459e+07
5.33232e+08 2.43906e+07
5.33255e+08 2.4413e+07
5.33255e+08 2.4413e+07
5.33255e+08 2.4413e+07
5.33255e+08 2.44131e+07
5.33255e+08 2.44131e+07
5.33255e+08 2.44131e+07
5.33255e+08 2.44019e+07
5.33255e+08 2.44019e+07
5.33255e+08 2.43796e+07
5.33255e+08 2.43684e+07
5.33255e+08 2.43572e+07
5.33255e+08 2.43349e+07
5.33255e+08 2.43349e+07
5.33255e+08 2.43349e+07
5.57991e+08 2.49274e+07
5.58003e+08 2.49162e+07
5.58003e+08 2.4905e+07
5.58025e+08 2.49273e+07
5.5807e+08 2.49273e+07
5.5807e+08 2.49274e+07
5.5807e+08 2.49274e+07
5.5807e+08 2.49274e+07
5.5807e+08 2.49162e+07
5.5807e+08 2.4905e+07
5.5807e+08 2.4905e+07
5.5807e+08 2.4905e+07
5.5807e+08 2.48939e+07
5.5807e+08 2.48939e+07
5.5807e+08 2.48939e+07
5.5807e+08 2.48939e+07
5.5807e+08 2.48939e+07
5.5807e+08 2.48939e+07
5.5807e+08 2.48939e+07
5.5807e+08 2.48939e+07
5.5807e+08 2.48939e+07
5.5807e+08 2.48939e+07
5.5807e+08 2.48939e+07
5.5807e+08 2.48941e+07
5.5807e+08 2.48829e+07
5.5807e+08 2.48381e+07
5.5807e+08 2.48158e+07
5.5807e+08 2.48158e+07
5.5807e+08 2.48158e+07
5.5807e+08 2.48158e+07
5.5807e+08 2.48157e+07
5.5807e+08 2.48157e+07
5.5807e+08 2.48157e+07
5.5807e+08 2.48157e+07
5.5807e+08 2.48157e+07
5.58126e+08 2.48715e+07
5.5816e+08 2.4905e+07
5.5816e+08 2.4905e+07
5.58171e+08 2.49162e+07
5.58171e+08 2.49162e+07
5.58171e+08 2.49162e+07
5.83478e+08 2.54864e+07
5.83478e+08 2.54753e+07
5.83478e+08 2.54754e+07
5.83478e+08 2.54531e+07
5.83478e+08 2.54085e+07
5.83478e+08 2.54085e+07
5.83478e+08 2.54085e+07
5.83478e+08 2.54085e+07
5.83478e+08 2.54085e+07
5.83478e+08 2.54085e+07
5.83478e+08 2.54085e+07
5.83478e+08 2.54085e+07
5.83478e+08 2.54085e+07
5.83478e+08 2.54085e+07
5.83478e+08 2.54085e+07
5.83478e+08 2.54085e+07
5.83478e+08 2.54085e+07
5.83478e+08 2.54085e+07
5.83478e+08 2.54085e+07
5.83478e+08 2.54085e+07
5.83478e+08 2.54085e+07
5.83478e+08 2.54085e+07
5.8349e+08 2.54196e+07
5.83702e+08 2.56318e+07
5.83702e+08 2.56318e+07
5.83803e+08 2.57323e+07
5.83803e+08 2.57323e+07
5.83836e+08 2.57658e+07
5.83847e+08 2.5777e+07
5.8387e+08 2.57994e+07
5.8387e+08 2.57994e+07
5.8387e+08 2.57994e+07
5.83881e+08 2.58105e+07
5.83881e+08 2.58105e+07
5.83881e+08 2.58105e+07
5.83881e+08 2.58105e+07
5.83892e+08 2.57658e+07
5.83981e+08 2.58217e+07
5.84037e+08 2.58776e+07
5.84082e+08 2.59111e+07
5.84261e+08 2.60899e+07
5.8435e+08 2.61793e+07
6.09472e+08 2.59941e+07
6.09472e+08 2.59941e+07
6.09472e+08 2.59942e+07
6.09483e+08 2.60054e+07
6.09808e+08 2.63294e+07
6.09908e+08 2.64299e+07
6.09942e+08 2.64634e+07
6.09942e+08 2.64634e+07
6.09942e+08 2.64634e+07
6.09942e+08 2.64634e+07
6.09942e+08 2.64634e+07
6.09942e+08 2.64634e+07
6.09942e+08 2.64634e+07
6.09942e+08 2.64634e+07
6.09942e+08 2.64634e+07
6.09953e+08 2.64746e+07
6.09953e+08 2.64746e+07
6.09964e+08 2.64858e+07
6.09964e+08 2.64858e+07
6.09964e+08 2.64858e+07
6.09964e+08 2.64858e+07
6.09964e+08 2.64858e+07
6.09975e+08 2.64858e+07
6.09975e+08 2.62734e+07
6.09975e+08 2.62734e+07
6.09975e+08 2.61728e+07
6.09975e+08 2.61728e+07
6.09975e+08 2.61393e+07
6.09975e+08 2.61281e+07
6.09987e+08 2.61169e+07
6.1002e+08 2.61505e+07
6.10031e+08 2.61616e+07
6.10031e+08 2.61616e+07
6.10031e+08 2.61505e+07
6.10031e+08 2.61505e+07
6.10031e+08 2.61505e+07
6.10043e+08 2.61616e+07
6.10043e+08 2.61505e+07
6.10087e+08 2.61058e+07
6.10121e+08 2.60834e+07
6.10154e+08 2.60722e+07
6.10199e+08 2.59381e+07
6.10501e+08 2.61505e+07
6.25591e+08 1.61192e+07
6.25995e+08 1.65232e+07
6.26443e+08 1.69704e+07
6.26454e+08 1.69707e+07
6.26477e+08 1.66695e+07
6.26488e+08 1.65803e+07
6.265e+08 1.65581e+07
6.26512e+08 1.65706e+07
6.26512e+08 1.65706e+07
6.26512e+08 1.65706e+07
6.26535e+08 1.65932e+07
6.26535e+08 1.65932e+07
6.26546e+08 1.66046e+07
6.26546e+08 1.66046e+07
6.26546e+08 1.66046e+07
6.26558e+08 1.66048e+07
6.26558e+08 1.66049e+07
6.26558e+08 1.65937e+07
6.26558e+08 1.65937e+07
6.26558e+08 1.65937e+07
6.2658e+08 1.66154e+07
6.26592e+08 1.66278e+07
6.26602e+08 1.66268e+07
6.26614e+08 1.66382e+07
6.26614e+08 1.66383e+07
6.26626e+08 1.66509e+07
6.26648e+08 1.66722e+07
6.2667e+08 1.66947e+07
6.2667e+08 1.66948e+07
6.2667e+08 1.66837e+07
6.2667e+08 1.66503e+07
6.26693e+08 1.66616e+07
6.26704e+08 1.66729e+07
6.26738e+08 1.67065e+07
6.2676e+08 1.6729e+07
6.2676e+08 1.67291e+07
6.26761e+08 1.67292e+07
6.26772e+08 1.67293e+07
6.26829e+08 1.67865e+07
6.26929e+08 1.68413e+07
6.26929e+08 1.68078e+07
6.26951e+08 1.67967e+07
6.27007e+08 1.6808e+07
6.27042e+08 1.65411e+07
6.33587e+08 7.99591e+06
6.33867e+08 7.87162e+06
6.34359e+08 7.91639e+06
