4.79091e+06 4.79051e+06
8.2617e+06 3.47079e+06
8.26171e+06 3.4708e+06
9.85463e+06 1.59293e+06
9.87732e+06 1.61561e+06
1.19527e+07 2.09809e+06
1.19527e+07 2.09811e+06
1.22344e+07 2.35704e+06
1.49067e+07 2.95395e+06
1.49067e+07 2.95394e+06
1.49067e+07 2.95395e+06
1.49405e+07 2.7061e+06
1.78701e+07 2.96338e+06
1.78701e+07 2.96338e+06
1.78701e+07 2.96338e+06
1.91939e+07 4.25348e+06
1.91939e+07 4.25348e+06
2.23138e+07 4.44376e+06
2.23138e+07 4.44376e+06
2.23138e+07 4.44376e+06
2.25525e+07 3.35854e+06
2.26076e+07 3.41364e+06
2.26523e+07 3.45836e+06
2.67361e+07 4.42229e+06
2.67361e+07 4.42229e+06
2.67361e+07 4.42229e+06
2.73471e+07 4.79464e+06
2.75483e+07 4.94071e+06
2.76713e+07 5.01895e+06
2.76713e+07 5.01896e+06
3.12496e+07 4.51345e+06
3.12496e+07 4.51345e+06
3.12496e+07 4.51345e+06
3.18078e+07 4.46072e+06
3.18484e+07 4.30009e+06
3.1909e+07 4.23773e+06
3.1909e+07 4.23773e+06
3.65638e+07 5.31425e+06
3.65638e+07 5.31426e+06
3.65638e+07 5.31426e+06
3.65638e+07 5.31426e+06
3.70971e+07 5.28928e+06
3.71307e+07 5.28227e+06
3.71642e+07 5.25521e+06
3.71642e+07 5.25521e+06
4.25507e+07 5.98685e+06
4.25507e+07 5.98685e+06
4.25507e+07 5.98686e+06
4.25619e+07 5.99803e+06
4.25954e+07 6.03157e+06
4.30798e+07 5.98266e+06
4.31021e+07 5.97149e+06
4.3114e+07 5.94984e+06
4.31252e+07 5.96101e+06
4.91326e+07 6.58195e+06
4.91326e+07 6.58195e+06
4.91326e+07 6.58195e+06
4.91327e+07 6.57083e+06
4.91327e+07 6.57085e+06
4.91663e+07 6.57091e+06
4.9773e+07 6.6932e+06
4.97744e+07 6.6723e+06
4.98303e+07 6.71628e+06
4.99086e+07 6.78336e+06
5.63232e+07 7.19055e+06
5.63344e+07 7.20175e+06
5.63344e+07 7.20175e+06
5.63456e+07 7.21288e+06
5.63456e+07 7.21287e+06
5.63456e+07 7.21288e+06
5.63904e+07 7.22405e+06
5.68531e+07 7.08009e+06
5.6909e+07 7.13452e+06
5.69509e+07 7.12056e+06
5.70096e+07 7.10105e+06
6.3867e+07 7.54389e+06
6.38671e+07 7.5327e+06
6.38671e+07 7.5327e+06
6.38671e+07 7.52153e+06
6.38783e+07 7.53272e+06
6.38783e+07 7.53272e+06
6.39007e+07 7.51038e+06
6.39007e+07 7.51038e+06
6.4421e+07 7.56797e+06
6.44717e+07 7.56269e+06
6.45278e+07 7.57692e+06
6.4548e+07 7.53838e+06
7.20415e+07 8.17443e+06
7.20415e+07 8.17442e+06
7.20415e+07 8.17443e+06
7.20415e+07 8.17445e+06
7.20527e+07 8.17443e+06
7.20639e+07 8.18561e+06
7.20863e+07 8.18561e+06
7.20863e+07 8.18561e+06
7.20975e+07 8.19679e+06
7.22901e+07 7.86901e+06
7.24114e+07 7.93977e+06
7.24433e+07 7.91547e+06
7.25287e+07 7.9807e+06
8.0809e+07 8.76755e+06
8.0809e+07 8.76755e+06
8.08091e+07 8.76756e+06
8.08091e+07 8.76755e+06
8.08091e+07 8.75638e+06
8.08091e+07 8.7452e+06
8.08092e+07 8.72286e+06
8.08092e+07 8.72288e+06
8.08092e+07 8.7117e+06
8.08092e+07 8.71171e+06
8.10223e+07 8.73223e+06
8.10782e+07 8.66677e+06
8.11564e+07 8.71317e+06
8.12459e+07 8.71722e+06
9.001e+07 9.20101e+06
9.001e+07 9.20101e+06
9.00325e+07 9.22342e+06
9.00325e+07 9.22341e+06
9.00325e+07 9.22343e+06
9.00325e+07 9.22343e+06
9.00326e+07 9.22344e+06
9.00327e+07 9.22343e+06
9.00327e+07 9.22343e+06
9.00327e+07 9.22345e+06
9.02347e+07 9.21239e+06
9.02347e+07 9.2124e+06
9.02794e+07 9.20121e+06
9.03912e+07 9.23475e+06
9.04471e+07 9.20119e+06
9.99094e+07 9.89935e+06
9.99094e+07 9.89936e+06
9.9943e+07 9.91051e+06
9.9943e+07 9.91053e+06
9.99431e+07 9.91054e+06
9.99431e+07 9.91054e+06
9.99432e+07 9.91055e+06
9.99656e+07 9.93293e+06
9.9988e+07 9.95532e+06
9.9988e+07 9.95533e+06
1.00145e+08 9.91062e+06
1.00145e+08 9.91065e+06
1.00157e+08 9.92183e+06
1.00157e+08 9.87713e+06
1.00157e+08 9.76534e+06
1.00235e+08 9.78768e+06
1.102e+08 1.02903e+07
1.102e+08 1.02903e+07
1.10211e+08 1.0268e+07
1.10211e+08 1.0268e+07
1.10233e+08 1.02903e+07
1.10233e+08 1.02903e+07
1.10234e+08 1.02903e+07
1.10234e+08 1.0268e+07
1.10234e+08 1.02456e+07
1.10234e+08 1.02456e+07
1.10447e+08 1.03016e+07
1.10458e+08 1.03128e+07
1.1048e+08 1.0324e+07
1.1048e+08 1.0324e+07
1.10481e+08 1.0324e+07
1.10492e+08 1.03351e+07
1.10525e+08 1.02904e+07
1.21176e+08 1.09759e+07
1.21198e+08 1.09982e+07
1.2122e+08 1.10094e+07
1.2122e+08 1.10094e+07
1.2122e+08 1.0987e+07
1.2122e+08 1.0987e+07
1.21232e+08 1.09982e+07
1.21232e+08 1.09982e+07
1.21232e+08 1.09983e+07
1.21232e+08 1.09983e+07
1.21468e+08 1.10207e+07
1.21546e+08 1.10878e+07
1.21557e+08 1.10766e+07
1.21557e+08 1.10766e+07
1.21557e+08 1.10766e+07
1.21557e+08 1.10766e+07
1.21557e+08 1.10654e+07
1.21568e+08 1.10431e+07
1.32615e+08 1.14398e+07
1.32615e+08 1.14175e+07
1.32616e+08 1.13951e+07
1.32616e+08 1.13951e+07
1.32616e+08 1.13951e+07
1.32616e+08 1.13951e+07
1.32638e+08 1.14063e+07
1.32638e+08 1.14063e+07
1.32638e+08 1.14062e+07
1.32638e+08 1.14062e+07
1.32896e+08 1.14286e+07
1.32941e+08 1.1395e+07
1.32941e+08 1.13839e+07
1.32941e+08 1.13839e+07
1.32952e+08 1.1395e+07
1.32952e+08 1.1395e+07
1.32975e+08 1.14174e+07
1.32975e+08 1.14174e+07
1.32986e+08 1.14174e+07
1.44661e+08 1.20456e+07
1.44661e+08 1.20456e+07
1.44806e+08 1.21909e+07
1.44806e+08 1.21909e+07
1.44806e+08 1.21909e+07
1.44806e+08 1.21909e+07
1.44807e+08 1.21686e+07
1.44807e+08 1.21686e+07
1.44807e+08 1.21686e+07
1.44807e+08 1.21686e+07
1.4511e+08 1.22134e+07
1.45177e+08 1.22358e+07
1.45188e+08 1.22469e+07
1.45188e+08 1.2247e+07
1.45188e+08 1.22358e+07
1.4521e+08 1.22582e+07
1.45222e+08 1.2247e+07
1.45222e+08 1.2247e+07
1.45222e+08 1.2247e+07
1.45222e+08 1.22358e+07
1.57164e+08 1.25027e+07
1.57175e+08 1.25139e+07
1.57421e+08 1.26145e+07
1.57421e+08 1.26145e+07
1.57421e+08 1.26145e+07
1.57421e+08 1.26145e+07
1.57477e+08 1.26703e+07
1.5751e+08 1.27038e+07
1.57511e+08 1.27038e+07
1.57511e+08 1.27039e+07
1.57903e+08 1.27934e+07
1.57903e+08 1.27263e+07
1.57903e+08 1.27151e+07
1.57914e+08 1.27263e+07
1.57937e+08 1.27487e+07
1.57937e+08 1.27264e+07
1.57959e+08 1.27376e+07
1.57959e+08 1.27376e+07
1.57959e+08 1.27376e+07
1.57959e+08 1.27376e+07
1.57959e+08 1.27376e+07
1.7025e+08 1.30862e+07
1.7035e+08 1.31756e+07
1.70541e+08 1.31197e+07
1.70541e+08 1.31197e+07
1.70541e+08 1.31197e+07
1.70541e+08 1.31197e+07
1.70787e+08 1.33097e+07
1.70798e+08 1.32874e+07
1.70831e+08 1.33209e+07
1.70831e+08 1.33209e+07
1.71246e+08 1.33433e+07
1.71246e+08 1.33433e+07
1.71246e+08 1.33433e+07
1.71246e+08 1.33322e+07
1.71313e+08 1.33769e+07
1.71313e+08 1.33768e+07
1.71347e+08 1.3388e+07
1.71347e+08 1.3388e+07
1.71347e+08 1.33881e+07
1.71347e+08 1.33881e+07
1.71347e+08 1.33881e+07
1.71347e+08 1.33881e+07
1.83289e+08 1.30396e+07
1.83357e+08 1.30061e+07
1.83659e+08 1.31179e+07
1.83703e+08 1.31626e+07
1.83748e+08 1.32073e+07
1.83748e+08 1.32073e+07
1.83826e+08 1.30397e+07
1.83893e+08 1.30955e+07
1.83938e+08 1.31067e+07
1.83938e+08 1.31068e+07
1.84331e+08 1.30844e+07
1.84342e+08 1.30956e+07
1.84353e+08 1.31068e+07
1.84376e+08 1.31292e+07
1.84387e+08 1.30734e+07
1.84387e+08 1.30733e+07
1.84387e+08 1.30398e+07
1.84387e+08 1.30398e+07
1.84387e+08 1.30398e+07
1.84387e+08 1.30398e+07
1.84387e+08 1.30398e+07
1.84387e+08 1.30398e+07
1.96976e+08 1.36861e+07
1.96976e+08 1.36861e+07
1.96998e+08 1.36414e+07
1.97322e+08 1.36637e+07
1.97356e+08 1.36525e+07
1.97378e+08 1.36302e+07
1.97378e+08 1.36302e+07
1.97445e+08 1.36191e+07
1.97501e+08 1.36079e+07
1.97546e+08 1.36079e+07
1.97602e+08 1.36638e+07
1.98017e+08 1.36861e+07
1.98028e+08 1.36862e+07
1.98062e+08 1.37086e+07
1.98073e+08 1.36974e+07
1.98073e+08 1.36862e+07
1.98073e+08 1.36862e+07
1.98073e+08 1.36862e+07
1.98073e+08 1.36862e+07
1.98073e+08 1.36862e+07
1.98073e+08 1.36862e+07
1.98073e+08 1.36862e+07
1.98084e+08 1.36974e+07
2.11481e+08 1.4505e+07
2.11503e+08 1.45273e+07
2.11503e+08 1.45273e+07
2.11514e+08 1.45161e+07
2.11917e+08 1.45944e+07
2.11917e+08 1.45608e+07
2.11917e+08 1.45385e+07
2.11917e+08 1.45384e+07
2.11973e+08 1.45273e+07
2.1204e+08 1.45385e+07
2.12129e+08 1.45832e+07
2.1214e+08 1.45384e+07
2.12567e+08 1.45498e+07
2.12567e+08 1.45386e+07
2.12612e+08 1.45498e+07
2.12612e+08 1.45387e+07
2.12612e+08 1.45387e+07
2.12612e+08 1.45386e+07
2.12612e+08 1.45386e+07
2.12612e+08 1.45386e+07
2.12612e+08 1.45386e+07
2.12612e+08 1.45386e+07
2.12612e+08 1.45386e+07
2.12657e+08 1.45722e+07
2.26351e+08 1.48704e+07
2.26474e+08 1.4971e+07
2.26474e+08 1.4971e+07
2.26485e+08 1.4971e+07
2.26485e+08 1.4971e+07
2.26809e+08 1.48927e+07
2.26888e+08 1.4971e+07
2.26921e+08 1.50045e+07
2.26921e+08 1.50045e+07
2.26977e+08 1.50045e+07
2.27044e+08 1.50045e+07
2.27078e+08 1.49485e+07
2.27089e+08 1.49486e+07
2.27571e+08 1.50046e+07
2.27571e+08 1.50046e+07
2.27616e+08 1.50046e+07
2.27616e+08 1.50047e+07
2.27616e+08 1.50046e+07
2.27616e+08 1.50046e+07
2.27616e+08 1.50046e+07
2.27616e+08 1.50046e+07
2.27616e+08 1.50046e+07
2.27616e+08 1.50046e+07
2.27628e+08 1.50158e+07
2.27728e+08 1.50717e+07
2.42141e+08 1.57898e+07
2.42152e+08 1.5678e+07
2.42163e+08 1.56892e+07
2.42174e+08 1.56892e+07
2.42185e+08 1.57004e+07
2.42185e+08 1.57004e+07
2.42409e+08 1.55998e+07
2.42633e+08 1.5745e+07
2.42633e+08 1.57115e+07
2.42633e+08 1.57115e+07
2.42644e+08 1.56668e+07
2.42745e+08 1.57003e+07
2.42789e+08 1.57115e+07
2.42789e+08 1.57003e+07
2.43272e+08 1.57005e+07
2.43283e+08 1.57116e+07
2.43317e+08 1.57004e+07
2.43317e+08 1.57005e+07
2.43317e+08 1.57005e+07
2.43317e+08 1.57005e+07
2.43317e+08 1.57005e+07
2.43317e+08 1.57005e+07
2.43317e+08 1.57005e+07
2.43328e+08 1.57117e+07
2.43328e+08 1.57005e+07
2.4344e+08 1.57117e+07
2.58262e+08 1.61214e+07
2.58273e+08 1.61214e+07
2.58284e+08 1.61214e+07
2.58284e+08 1.61102e+07
2.58284e+08 1.6099e+07
2.58318e+08 1.61325e+07
2.58564e+08 1.61549e+07
2.58586e+08 1.61773e+07
2.58743e+08 1.61102e+07
2.58765e+08 1.61326e+07
2.58765e+08 1.61326e+07
2.58799e+08 1.61549e+07
2.58933e+08 1.61884e+07
2.58933e+08 1.61437e+07
2.59011e+08 1.6222e+07
2.59527e+08 1.62555e+07
2.5955e+08 1.62667e+07
2.59572e+08 1.62556e+07
2.59572e+08 1.62556e+07
2.59572e+08 1.62556e+07
2.59572e+08 1.62556e+07
2.59572e+08 1.62556e+07
2.59572e+08 1.62556e+07
2.59572e+08 1.62556e+07
2.59595e+08 1.62668e+07
2.59617e+08 1.62892e+07
2.59763e+08 1.63227e+07
2.75099e+08 1.6837e+07
2.75133e+08 1.68594e+07
2.75144e+08 1.68594e+07
2.75144e+08 1.68594e+07
2.75144e+08 1.68594e+07
2.75155e+08 1.6837e+07
2.75401e+08 1.6837e+07
2.75423e+08 1.6837e+07
2.75423e+08 1.6837e+07
2.75569e+08 1.68258e+07
2.7558e+08 1.68146e+07
2.75602e+08 1.6837e+07
2.75602e+08 1.68035e+07
2.7577e+08 1.6837e+07
2.75804e+08 1.68705e+07
2.75871e+08 1.68594e+07
2.76465e+08 1.69376e+07
2.76499e+08 1.69488e+07
2.7651e+08 1.69377e+07
2.7651e+08 1.69377e+07
2.7651e+08 1.69377e+07
2.7651e+08 1.69377e+07
2.7651e+08 1.69377e+07
2.7651e+08 1.69377e+07
2.7651e+08 1.69377e+07
2.76521e+08 1.69264e+07
2.76555e+08 1.69377e+07
2.767e+08 1.69377e+07
2.92262e+08 1.71634e+07
2.92341e+08 1.72081e+07
2.92352e+08 1.72081e+07
2.92397e+08 1.72528e+07
2.92408e+08 1.7264e+07
2.92453e+08 1.72975e+07
2.92665e+08 1.72641e+07
2.92721e+08 1.72976e+07
2.92721e+08 1.72976e+07
2.92721e+08 1.71523e+07
2.92721e+08 1.71523e+07
2.92743e+08 1.71634e+07
2.92743e+08 1.71411e+07
2.92766e+08 1.71635e+07
2.92967e+08 1.7197e+07
2.93023e+08 1.72193e+07
2.93247e+08 1.73758e+07
2.93964e+08 1.74987e+07
2.93975e+08 1.74763e+07
2.93975e+08 1.74653e+07
2.93975e+08 1.74653e+07
2.93975e+08 1.74653e+07
2.93975e+08 1.74653e+07
2.93975e+08 1.74653e+07
2.93975e+08 1.74653e+07
2.93987e+08 1.74765e+07
2.94009e+08 1.74877e+07
2.9402e+08 1.74653e+07
2.94177e+08 1.74764e+07
3.10171e+08 1.79081e+07
3.10249e+08 1.79081e+07
3.10282e+08 1.79304e+07
3.10294e+08 1.78969e+07
3.10316e+08 1.79081e+07
3.10349e+08 1.78969e+07
3.10696e+08 1.80311e+07
3.10707e+08 1.79863e+07
3.10718e+08 1.79975e+07
3.10741e+08 1.80199e+07
3.10752e+08 1.80311e+07
3.10763e+08 1.80423e+07
3.10774e+08 1.80311e+07
3.10774e+08 1.80311e+07
3.10808e+08 1.80423e+07
3.10886e+08 1.79193e+07
3.10965e+08 1.79416e+07
3.11266e+08 1.80199e+07
3.12051e+08 1.80871e+07
3.12051e+08 1.80759e+07
3.12062e+08 1.8087e+07
3.12085e+08 1.81094e+07
3.12096e+08 1.81206e+07
3.12096e+08 1.81206e+07
3.12096e+08 1.81206e+07
3.12096e+08 1.81205e+07
3.12096e+08 1.81094e+07
3.12096e+08 1.8087e+07
3.12241e+08 1.82211e+07
3.12286e+08 1.81094e+07
3.28835e+08 1.86646e+07
3.28846e+08 1.85975e+07
3.28858e+08 1.85752e+07
3.2888e+08 1.85864e+07
3.2888e+08 1.8564e+07
3.28936e+08 1.85864e+07
3.29238e+08 1.85417e+07
3.29305e+08 1.85976e+07
3.29338e+08 1.86199e+07
3.29361e+08 1.86199e+07
3.29383e+08 1.86311e+07
3.29506e+08 1.87429e+07
3.29596e+08 1.88211e+07
3.2964e+08 1.88658e+07
3.2964e+08 1.88658e+07
3.29651e+08 1.88435e+07
3.29663e+08 1.87764e+07
3.29663e+08 1.86982e+07
3.2992e+08 1.86535e+07
3.30704e+08 1.86537e+07
3.30716e+08 1.86648e+07
3.30738e+08 1.86757e+07
3.30749e+08 1.86647e+07
3.30805e+08 1.87094e+07
3.30884e+08 1.87876e+07
3.30939e+08 1.88435e+07
3.3094e+08 1.88436e+07
3.3094e+08 1.88436e+07
3.3094e+08 1.88435e+07
3.3094e+08 1.86982e+07
3.30951e+08 1.86647e+07
3.4808e+08 1.92452e+07
3.48092e+08 1.92452e+07
3.48092e+08 1.9234e+07
3.48114e+08 1.92341e+07
3.48125e+08 1.92452e+07
3.48215e+08 1.92788e+07
3.48516e+08 1.92786e+07
3.48516e+08 1.92116e+07
3.48572e+08 1.92339e+07
3.48673e+08 1.93122e+07
3.48729e+08 1.93457e+07
3.48785e+08 1.92787e+07
3.4883e+08 1.9234e+07
3.48874e+08 1.9234e+07
3.48908e+08 1.92675e+07
3.48908e+08 1.92675e+07
3.48964e+08 1.93122e+07
3.48964e+08 1.9301e+07
3.48964e+08 1.9301e+07
3.49176e+08 1.92565e+07
3.49961e+08 1.92564e+07
3.49961e+08 1.92452e+07
3.49961e+08 1.92228e+07
3.50151e+08 1.94018e+07
3.50162e+08 1.93571e+07
3.50162e+08 1.92789e+07
3.50163e+08 1.9223e+07
3.50163e+08 1.9223e+07
3.50163e+08 1.9223e+07
3.50163e+08 1.9223e+07
3.50163e+08 1.9223e+07
3.50196e+08 1.92454e+07
3.68178e+08 2.00973e+07
3.68211e+08 2.01196e+07
3.68233e+08 2.01419e+07
3.68301e+08 2.01866e+07
3.68323e+08 2.01978e+07
3.68401e+08 2.01865e+07
3.68569e+08 2.00524e+07
3.6858e+08 2.00636e+07
3.68602e+08 2.00301e+07
3.68614e+08 1.99407e+07
3.68692e+08 1.9963e+07
3.68815e+08 2.00301e+07
3.68837e+08 2.00078e+07
3.6886e+08 1.99855e+07
3.6886e+08 1.99519e+07
3.68893e+08 1.99854e+07
3.68893e+08 1.99854e+07
3.68916e+08 1.99519e+07
3.68916e+08 1.99519e+07
3.68916e+08 1.99519e+07
3.69151e+08 1.99743e+07
3.69901e+08 1.99407e+07
3.69901e+08 1.99407e+07
3.69924e+08 1.9963e+07
3.70081e+08 1.99296e+07
3.70114e+08 1.99521e+07
3.70115e+08 1.99521e+07
3.70115e+08 1.99521e+07
3.70115e+08 1.99521e+07
3.70182e+08 2.00192e+07
3.70193e+08 2.00303e+07
3.70215e+08 2.00527e+07
3.70282e+08 2.00861e+07
3.88943e+08 2.07656e+07
3.88943e+08 2.0732e+07
3.88943e+08 2.07097e+07
3.88954e+08 2.06538e+07
3.88954e+08 2.06315e+07
3.88966e+08 2.05644e+07
3.891e+08 2.05309e+07
3.89167e+08 2.05868e+07
3.89178e+08 2.05756e+07
3.89178e+08 2.05644e+07
3.89223e+08 2.05309e+07
3.89279e+08 2.04638e+07
3.89469e+08 2.06315e+07
3.89491e+08 2.06316e+07
3.89491e+08 2.06316e+07
3.89514e+08 2.06204e+07
3.89514e+08 2.06204e+07
3.89514e+08 2.06204e+07
3.89547e+08 2.06316e+07
3.89581e+08 2.06652e+07
3.89581e+08 2.06652e+07
3.89749e+08 2.05981e+07
3.90477e+08 2.05757e+07
3.90477e+08 2.05757e+07
3.90477e+08 2.05534e+07
3.9088e+08 2.07994e+07
3.90936e+08 2.08218e+07
3.90947e+08 2.0833e+07
3.90948e+08 2.0833e+07
3.90959e+08 2.08441e+07
3.9097e+08 2.07882e+07
3.9097e+08 2.07771e+07
3.9097e+08 2.07547e+07
3.9097e+08 2.06877e+07
4.10364e+08 2.14208e+07
4.10375e+08 2.1432e+07
4.10386e+08 2.14432e+07
4.10431e+08 2.14767e+07
4.10442e+08 2.14879e+07
4.10442e+08 2.14767e+07
4.10487e+08 2.13873e+07
4.10565e+08 2.13985e+07
4.10577e+08 2.13985e+07
4.10588e+08 2.14097e+07
4.10599e+08 2.13762e+07
4.1061e+08 2.13315e+07
4.10767e+08 2.1298e+07
4.10868e+08 2.13763e+07
4.10879e+08 2.13875e+07
4.1089e+08 2.13763e+07
4.1089e+08 2.13763e+07
4.1089e+08 2.13763e+07
4.10935e+08 2.13875e+07
4.10935e+08 2.13875e+07
4.10935e+08 2.13539e+07
4.10935e+08 2.13539e+07
4.11047e+08 2.12979e+07
4.11574e+08 2.10967e+07
4.11574e+08 2.10967e+07
4.11574e+08 2.10967e+07
4.12066e+08 2.11862e+07
4.12067e+08 2.11303e+07
4.12067e+08 2.11191e+07
4.1219e+08 2.1242e+07
4.1229e+08 2.13314e+07
4.12346e+08 2.13761e+07
4.12346e+08 2.13761e+07
4.12346e+08 2.13761e+07
4.12424e+08 2.14544e+07
4.32149e+08 2.17848e+07
4.32149e+08 2.17737e+07
4.32149e+08 2.17625e+07
4.32149e+08 2.17178e+07
4.32182e+08 2.17402e+07
4.32183e+08 2.17402e+07
4.32194e+08 2.17067e+07
4.32272e+08 2.17066e+07
4.32283e+08 2.17066e+07
4.32294e+08 2.17066e+07
4.32339e+08 2.17402e+07
4.32362e+08 2.17514e+07
4.32462e+08 2.16955e+07
4.32507e+08 2.16395e+07
4.32507e+08 2.16284e+07
4.32541e+08 2.16507e+07
4.32541e+08 2.16507e+07
4.32541e+08 2.16507e+07
4.32563e+08 2.16284e+07
4.32563e+08 2.16284e+07
4.32563e+08 2.16284e+07
4.32586e+08 2.16508e+07
4.32586e+08 2.16508e+07
4.32742e+08 2.16955e+07
4.33147e+08 2.15728e+07
4.33147e+08 2.15728e+07
4.33158e+08 2.1584e+07
4.33986e+08 2.19192e+07
4.34019e+08 2.19528e+07
4.3403e+08 2.19639e+07
4.34042e+08 2.18521e+07
4.34086e+08 2.17962e+07
4.34086e+08 2.17404e+07
4.34098e+08 2.17515e+07
4.34131e+08 2.17851e+07
4.34377e+08 2.19527e+07
4.54567e+08 2.2418e+07
4.54578e+08 2.24292e+07
4.54578e+08 2.24292e+07
4.54578e+08 2.24292e+07
4.54612e+08 2.24291e+07
4.54634e+08 2.24515e+07
4.54634e+08 2.24403e+07
4.5469e+08 2.2418e+07
4.54724e+08 2.24403e+07
4.54757e+08 2.24627e+07
4.54757e+08 2.24179e+07
4.54757e+08 2.23955e+07
4.54824e+08 2.2362e+07
4.5488e+08 2.23732e+07
4.5488e+08 2.23732e+07
4.54892e+08 2.23508e+07
4.54892e+08 2.23508e+07
4.54892e+08 2.23508e+07
4.54947e+08 2.23843e+07
4.5497e+08 2.24067e+07
4.5497e+08 2.24067e+07
4.5497e+08 2.23843e+07
4.5497e+08 2.23844e+07
4.5497e+08 2.23844e+07
4.54981e+08 2.22391e+07
4.55397e+08 2.22502e+07
4.55397e+08 2.22502e+07
4.55542e+08 2.23843e+07
4.56269e+08 2.22837e+07
4.5637e+08 2.23508e+07
4.56381e+08 2.23508e+07
4.56404e+08 2.23619e+07
4.56493e+08 2.24066e+07
4.56549e+08 2.24625e+07
4.5656e+08 2.24625e+07
4.56583e+08 2.24514e+07
4.56683e+08 2.2306e+07
4.7756e+08 2.29931e+07
4.77582e+08 2.30043e+07
4.77582e+08 2.30043e+07
4.77582e+08 2.30043e+07
4.77582e+08 2.29708e+07
4.77582e+08 2.29484e+07
4.77582e+08 2.29485e+07
4.77582e+08 2.28925e+07
4.77638e+08 2.29149e+07
4.77638e+08 2.28814e+07
4.7765e+08 2.28925e+07
4.77694e+08 2.29373e+07
4.77706e+08 2.28813e+07
4.77706e+08 2.28254e+07
4.77717e+08 2.28365e+07
4.77717e+08 2.28254e+07
4.77717e+08 2.28254e+07
4.77739e+08 2.28477e+07
4.77773e+08 2.28254e+07
4.77773e+08 2.2803e+07
4.77784e+08 2.28142e+07
4.77795e+08 2.28255e+07
4.77795e+08 2.28255e+07
4.77795e+08 2.28255e+07
4.77795e+08 2.28255e+07
4.77807e+08 2.28255e+07
4.78435e+08 2.30379e+07
4.78457e+08 2.30603e+07
4.78647e+08 2.31051e+07
4.79352e+08 2.30826e+07
4.79542e+08 2.3172e+07
4.79553e+08 2.3172e+07
4.79564e+08 2.31608e+07
4.79564e+08 2.30714e+07
4.79564e+08 2.30155e+07
4.79576e+08 2.30155e+07
4.79576e+08 2.29932e+07
4.79587e+08 2.29038e+07
5.01146e+08 2.35855e+07
5.01157e+08 2.35743e+07
5.01157e+08 2.35743e+07
5.01157e+08 2.35743e+07
5.01157e+08 2.35743e+07
5.01157e+08 2.35743e+07
5.01157e+08 2.35743e+07
5.01157e+08 2.35743e+07
5.01157e+08 2.35183e+07
5.01157e+08 2.35183e+07
5.01157e+08 2.35071e+07
5.01157e+08 2.34624e+07
5.01157e+08 2.34512e+07
5.01157e+08 2.34512e+07
5.01157e+08 2.344e+07
5.01157e+08 2.344e+07
5.01179e+08 2.34624e+07
5.01179e+08 2.344e+07
5.01202e+08 2.34289e+07
5.01213e+08 2.34401e+07
5.01213e+08 2.34289e+07
5.01235e+08 2.344e+07
5.01235e+08 2.344e+07
5.01235e+08 2.344e+07
5.01235e+08 2.344e+07
5.01236e+08 2.34401e+07
5.01247e+08 2.34401e+07
5.02121e+08 2.3686e+07
5.02121e+08 2.36636e+07
5.02199e+08 2.35518e+07
5.03027e+08 2.36747e+07
5.03027e+08 2.34847e+07
5.03027e+08 2.34736e+07
5.03027e+08 2.34624e+07
5.03049e+08 2.34847e+07
5.03072e+08 2.35071e+07
5.03083e+08 2.35071e+07
5.03083e+08 2.35071e+07
5.03105e+08 2.35183e+07
5.25212e+08 2.40663e+07
5.25223e+08 2.40663e+07
5.25223e+08 2.40663e+07
5.25234e+08 2.40775e+07
5.25234e+08 2.40775e+07
5.25234e+08 2.40775e+07
5.25234e+08 2.40775e+07
5.25234e+08 2.40775e+07
5.25234e+08 2.40775e+07
5.25234e+08 2.40774e+07
5.25234e+08 2.40774e+07
5.25234e+08 2.40774e+07
5.25234e+08 2.40774e+07
5.25234e+08 2.40774e+07
5.25234e+08 2.40774e+07
5.25234e+08 2.40774e+07
5.25246e+08 2.40663e+07
5.25257e+08 2.40775e+07
5.25268e+08 2.40663e+07
5.25268e+08 2.40551e+07
5.25268e+08 2.40551e+07
5.25268e+08 2.40327e+07
5.25268e+08 2.40327e+07
5.25268e+08 2.40327e+07
5.25268e+08 2.40327e+07
5.25279e+08 2.40439e+07
5.2528e+08 2.40439e+07
5.25347e+08 2.41e+07
5.26388e+08 2.42676e+07
5.26523e+08 2.44017e+07
5.26567e+08 2.43682e+07
5.27093e+08 2.40663e+07
5.27093e+08 2.40662e+07
5.27093e+08 2.40662e+07
5.27093e+08 2.40662e+07
5.27171e+08 2.41221e+07
5.27171e+08 2.40998e+07
5.27171e+08 2.40886e+07
5.27183e+08 2.40998e+07
5.27205e+08 2.40999e+07
5.49804e+08 2.45918e+07
5.49815e+08 2.45918e+07
5.49815e+08 2.45918e+07
5.49837e+08 2.4603e+07
5.49837e+08 2.4603e+07
5.49837e+08 2.4603e+07
5.49837e+08 2.4603e+07
5.49837e+08 2.4603e+07
5.49837e+08 2.4603e+07
5.49837e+08 2.4603e+07
5.49837e+08 2.4603e+07
5.49848e+08 2.46142e+07
5.49848e+08 2.46142e+07
5.49849e+08 2.46142e+07
5.49849e+08 2.46142e+07
5.49849e+08 2.46142e+07
5.49849e+08 2.4603e+07
5.4986e+08 2.4603e+07
5.4986e+08 2.45918e+07
5.4986e+08 2.45918e+07
5.4986e+08 2.45918e+07
5.4986e+08 2.45919e+07
5.49871e+08 2.46031e+07
5.49871e+08 2.46031e+07
5.49882e+08 2.46143e+07
5.4995e+08 2.46702e+07
5.4995e+08 2.46702e+07
5.4995e+08 2.46702e+07
5.49995e+08 2.46477e+07
5.51204e+08 2.48155e+07
5.51215e+08 2.46925e+07
5.51226e+08 2.4659e+07
5.51752e+08 2.46588e+07
5.51797e+08 2.47036e+07
5.51808e+08 2.47147e+07
5.5183e+08 2.47371e+07
5.51841e+08 2.46701e+07
5.51841e+08 2.46701e+07
5.51841e+08 2.46701e+07
5.51842e+08 2.4659e+07
5.51842e+08 2.46367e+07
5.75055e+08 2.52518e+07
5.75055e+08 2.52407e+07
5.75055e+08 2.52407e+07
5.75078e+08 2.52407e+07
5.75078e+08 2.52407e+07
5.75078e+08 2.52407e+07
5.75078e+08 2.52407e+07
5.75078e+08 2.52407e+07
5.75089e+08 2.52518e+07
5.75089e+08 2.52518e+07
5.75089e+08 2.52518e+07
5.75089e+08 2.52407e+07
5.75089e+08 2.52407e+07
5.75089e+08 2.52407e+07
5.75089e+08 2.52406e+07
5.75089e+08 2.52406e+07
5.75089e+08 2.52406e+07
5.75089e+08 2.52294e+07
5.751e+08 2.52406e+07
5.75101e+08 2.52406e+07
5.75101e+08 2.52406e+07
5.75168e+08 2.53077e+07
5.7519e+08 2.53189e+07
5.7519e+08 2.53189e+07
5.75201e+08 2.53189e+07
5.75213e+08 2.52629e+07
5.75213e+08 2.52629e+07
5.75213e+08 2.52629e+07
5.75336e+08 2.53411e+07
5.75336e+08 2.53411e+07
5.76467e+08 2.52629e+07
5.76478e+08 2.52628e+07
5.76545e+08 2.53187e+07
5.76981e+08 2.52294e+07
5.77004e+08 2.5207e+07
5.77071e+08 2.52629e+07
5.77093e+08 2.52629e+07
5.77116e+08 2.52741e+07
5.77116e+08 2.52741e+07
5.77116e+08 2.52742e+07
5.77116e+08 2.52742e+07
5.77138e+08 2.52965e+07
6.00777e+08 2.57213e+07
6.00788e+08 2.57325e+07
6.00788e+08 2.57325e+07
6.0081e+08 2.57325e+07
6.0081e+08 2.57325e+07
6.0081e+08 2.57325e+07
6.0081e+08 2.57325e+07
6.0081e+08 2.57325e+07
6.00822e+08 2.57325e+07
6.00833e+08 2.57437e+07
6.00833e+08 2.57437e+07
6.00844e+08 2.57549e+07
6.00844e+08 2.57549e+07
6.00844e+08 2.57549e+07
6.00844e+08 2.57549e+07
6.00844e+08 2.57549e+07
6.00844e+08 2.57549e+07
6.00844e+08 2.57549e+07
6.00911e+08 2.58108e+07
6.00923e+08 2.5822e+07
6.00923e+08 2.5822e+07
6.00956e+08 2.57884e+07
6.00956e+08 2.57661e+07
6.00956e+08 2.57661e+07
6.00956e+08 2.57549e+07
6.01001e+08 2.57884e+07
6.01012e+08 2.57995e+07
6.01023e+08 2.58107e+07
6.0109e+08 2.57548e+07
6.0109e+08 2.57548e+07
6.0109e+08 2.57548e+07
6.02289e+08 2.58219e+07
6.02333e+08 2.58555e+07
6.02333e+08 2.57884e+07
6.02781e+08 2.57996e+07
6.02792e+08 2.57885e+07
6.02881e+08 2.58108e+07
6.02893e+08 2.57996e+07
6.02893e+08 2.57774e+07
6.02893e+08 2.57774e+07
6.02893e+08 2.57774e+07
6.02893e+08 2.57774e+07
6.02938e+08 2.57997e+07
6.28317e+08 2.75403e+07
6.28339e+08 2.75515e+07
6.28339e+08 2.75515e+07
6.28362e+08 2.75515e+07
6.28373e+08 2.75626e+07
6.28373e+08 2.75626e+07
6.28373e+08 2.75626e+07
6.28373e+08 2.75626e+07
6.28395e+08 2.75739e+07
6.28418e+08 2.7585e+07
6.28418e+08 2.7585e+07
6.28418e+08 2.75738e+07
6.28418e+08 2.75738e+07
6.28418e+08 2.75738e+07
6.28418e+08 2.75738e+07
6.28418e+08 2.75738e+07
6.28418e+08 2.75738e+07
6.28418e+08 2.75738e+07
6.28429e+08 2.75179e+07
6.28429e+08 2.75067e+07
6.28429e+08 2.75067e+07
6.28429e+08 2.7473e+07
6.28429e+08 2.7473e+07
6.28429e+08 2.7473e+07
6.28429e+08 2.7473e+07
6.28429e+08 2.74283e+07
6.28429e+08 2.74171e+07
6.28429e+08 2.7406e+07
6.28429e+08 2.73388e+07
6.28429e+08 2.73388e+07
6.28429e+08 2.73388e+07
6.28677e+08 2.63887e+07
6.28677e+08 2.63888e+07
6.28677e+08 2.6344e+07
6.28677e+08 2.6344e+07
6.28678e+08 2.58967e+07
6.28678e+08 2.58856e+07
6.28678e+08 2.57961e+07
6.28678e+08 2.57849e+07
6.28678e+08 2.57847e+07
6.28678e+08 2.57847e+07
6.28678e+08 2.57847e+07
6.28678e+08 2.57846e+07
6.28678e+08 2.57398e+07
6.30885e+08 2.56779e+06
6.30896e+08 2.55661e+06
6.30907e+08 2.56777e+06
