5.35993e+06 5.35899e+06
8.27245e+06 2.91252e+06
8.27246e+06 2.91253e+06
9.50473e+06 1.23228e+06
9.50474e+06 1.23228e+06
1.1777e+07 2.27228e+06
1.1777e+07 2.2723e+06
1.1777e+07 2.2723e+06
1.4089e+07 2.31203e+06
1.40891e+07 2.31203e+06
1.40891e+07 2.31203e+06
1.40891e+07 2.31203e+06
1.83064e+07 4.21732e+06
1.83064e+07 4.21732e+06
1.83064e+07 4.21732e+06
1.83064e+07 4.21732e+06
1.83511e+07 4.26203e+06
2.13931e+07 3.08673e+06
2.13931e+07 3.08673e+06
2.13931e+07 3.08673e+06
2.15273e+07 3.22086e+06
2.15273e+07 3.17616e+06
2.15943e+07 3.24322e+06
2.65033e+07 5.11022e+06
2.65145e+07 5.12142e+06
2.65816e+07 5.18848e+06
2.65928e+07 5.06558e+06
2.65928e+07 5.06558e+06
2.65929e+07 4.99853e+06
2.65929e+07 4.99853e+06
3.08199e+07 4.31658e+06
3.08535e+07 4.33893e+06
3.08535e+07 4.27187e+06
3.08871e+07 4.29422e+06
3.08871e+07 4.29428e+06
3.08871e+07 4.29428e+06
3.08872e+07 4.29429e+06
3.62212e+07 5.40134e+06
3.62212e+07 5.40135e+06
3.62436e+07 5.39014e+06
3.6266e+07 5.4125e+06
3.63554e+07 5.46834e+06
3.64449e+07 5.55777e+06
3.64784e+07 5.5913e+06
3.65343e+07 5.64719e+06
4.17455e+07 5.52423e+06
4.17567e+07 5.53544e+06
4.17567e+07 5.53545e+06
4.17567e+07 5.51309e+06
4.17567e+07 5.49074e+06
4.17791e+07 5.42371e+06
4.18127e+07 5.3678e+06
4.18127e+07 5.33427e+06
4.18239e+07 5.28954e+06
4.86229e+07 6.87741e+06
4.86229e+07 6.8662e+06
4.86341e+07 6.87738e+06
4.86341e+07 6.87738e+06
4.86564e+07 6.89974e+06
4.86564e+07 6.89974e+06
4.87459e+07 6.96678e+06
4.8813e+07 7.00027e+06
4.8813e+07 7.00027e+06
4.8813e+07 6.98909e+06
5.52656e+07 6.64271e+06
5.52656e+07 6.64271e+06
5.52656e+07 6.63153e+06
5.52656e+07 6.63153e+06
5.53439e+07 6.68742e+06
5.55004e+07 6.84395e+06
5.55786e+07 6.92219e+06
5.59587e+07 7.21285e+06
5.62828e+07 7.46989e+06
5.63388e+07 7.52582e+06
5.63948e+07 7.58181e+06
6.38983e+07 8.63267e+06
6.38983e+07 8.63267e+06
6.38983e+07 8.63267e+06
6.38983e+07 8.63267e+06
6.38983e+07 8.55443e+06
6.38983e+07 8.3979e+06
6.38983e+07 8.31966e+06
6.38983e+07 8.31967e+06
6.39095e+07 7.95075e+06
6.39095e+07 7.62665e+06
6.39989e+07 7.66013e+06
6.4066e+07 7.6712e+06
7.19947e+07 8.09642e+06
7.20059e+07 8.1076e+06
7.20059e+07 8.1076e+06
7.2017e+07 8.11877e+06
7.20171e+07 8.11877e+06
7.20283e+07 8.13e+06
7.20395e+07 8.14118e+06
7.20395e+07 8.14118e+06
7.20395e+07 8.14119e+06
7.21736e+07 8.26415e+06
7.24419e+07 8.53238e+06
7.2576e+07 8.57711e+06
7.27327e+07 8.66673e+06
8.17124e+07 9.71776e+06
8.17124e+07 9.70659e+06
8.1746e+07 9.74014e+06
8.1746e+07 9.72896e+06
8.1746e+07 9.72896e+06
8.17796e+07 9.75128e+06
8.17908e+07 9.75128e+06
8.17908e+07 9.75128e+06
8.18243e+07 9.78481e+06
8.18243e+07 9.78482e+06
8.1869e+07 9.69539e+06
8.1869e+07 9.42716e+06
8.18691e+07 9.29305e+06
8.19138e+07 9.18108e+06
9.1285e+07 9.57252e+06
9.1285e+07 9.57252e+06
9.12962e+07 9.55016e+06
9.12962e+07 9.55016e+06
9.12962e+07 9.55016e+06
9.12962e+07 9.51662e+06
9.12962e+07 9.50544e+06
9.12962e+07 9.50547e+06
9.12962e+07 9.47194e+06
9.12963e+07 9.47194e+06
9.12963e+07 9.42723e+06
9.13074e+07 9.43842e+06
9.13074e+07 9.43842e+06
9.13075e+07 9.43841e+06
9.13075e+07 9.39372e+06
1.01294e+08 1.00089e+07
1.01294e+08 1.00089e+07
1.01294e+08 9.9977e+06
1.01294e+08 9.9977e+06
1.01294e+08 9.9977e+06
1.01294e+08 9.9977e+06
1.01294e+08 9.9977e+06
1.01294e+08 9.99771e+06
1.01294e+08 9.99771e+06
1.01294e+08 9.99771e+06
1.01294e+08 9.99771e+06
1.01294e+08 9.98654e+06
1.01294e+08 9.98655e+06
1.01294e+08 9.98656e+06
1.01294e+08 9.98654e+06
1.01305e+08 9.99771e+06
1.11694e+08 1.04003e+07
1.11728e+08 1.04338e+07
1.11828e+08 1.05344e+07
1.11862e+08 1.05679e+07
1.11862e+08 1.05679e+07
1.11862e+08 1.05679e+07
1.11862e+08 1.05679e+07
1.11884e+08 1.05903e+07
1.11895e+08 1.06015e+07
1.11895e+08 1.06015e+07
1.11895e+08 1.06015e+07
1.11895e+08 1.06015e+07
1.11895e+08 1.06015e+07
1.11907e+08 1.06127e+07
1.11907e+08 1.06127e+07
1.11907e+08 1.06127e+07
1.11918e+08 1.06127e+07
1.22776e+08 1.10823e+07
1.22776e+08 1.10488e+07
1.22776e+08 1.09482e+07
1.22777e+08 1.09147e+07
1.22788e+08 1.09259e+07
1.22788e+08 1.09259e+07
1.22788e+08 1.09259e+07
1.22944e+08 1.106e+07
1.22944e+08 1.10488e+07
1.23045e+08 1.11495e+07
1.23067e+08 1.11718e+07
1.23078e+08 1.1183e+07
1.23078e+08 1.1183e+07
1.23123e+08 1.12165e+07
1.23134e+08 1.12277e+07
1.23134e+08 1.12277e+07
1.23134e+08 1.12277e+07
1.23134e+08 1.12165e+07
1.34519e+08 1.17421e+07
1.3453e+08 1.17533e+07
1.34541e+08 1.17645e+07
1.34541e+08 1.17645e+07
1.34541e+08 1.17533e+07
1.34552e+08 1.17645e+07
1.34552e+08 1.17645e+07
1.34597e+08 1.16528e+07
1.34653e+08 1.17087e+07
1.34686e+08 1.16416e+07
1.34686e+08 1.16192e+07
1.34709e+08 1.16304e+07
1.34709e+08 1.16304e+07
1.34742e+08 1.16192e+07
1.34742e+08 1.1608e+07
1.34742e+08 1.1608e+07
1.34742e+08 1.1608e+07
1.34754e+08 1.16192e+07
1.34754e+08 1.16192e+07
1.46876e+08 1.23571e+07
1.46876e+08 1.23459e+07
1.46876e+08 1.23348e+07
1.46887e+08 1.23459e+07
1.46887e+08 1.2346e+07
1.46887e+08 1.23348e+07
1.46898e+08 1.2346e+07
1.46965e+08 1.23683e+07
1.47021e+08 1.23684e+07
1.47021e+08 1.23348e+07
1.47044e+08 1.23572e+07
1.47044e+08 1.23348e+07
1.47055e+08 1.2346e+07
1.47066e+08 1.23237e+07
1.47066e+08 1.23237e+07
1.47066e+08 1.23237e+07
1.47133e+08 1.23907e+07
1.472e+08 1.24466e+07
1.472e+08 1.24466e+07
1.47211e+08 1.24578e+07
1.59758e+08 1.28827e+07
1.59814e+08 1.29387e+07
1.59814e+08 1.29387e+07
1.59814e+08 1.29275e+07
1.59837e+08 1.29499e+07
1.59837e+08 1.29499e+07
1.59915e+08 1.30169e+07
1.59926e+08 1.2961e+07
1.59949e+08 1.29275e+07
1.59949e+08 1.29275e+07
1.59949e+08 1.29051e+07
1.59971e+08 1.29275e+07
1.59971e+08 1.29163e+07
1.59971e+08 1.29051e+07
1.59971e+08 1.29051e+07
1.60038e+08 1.29722e+07
1.60061e+08 1.29275e+07
1.60072e+08 1.28716e+07
1.60072e+08 1.28716e+07
1.60072e+08 1.28604e+07
1.60105e+08 1.2894e+07
1.72698e+08 1.29392e+07
1.72787e+08 1.29727e+07
1.72787e+08 1.29727e+07
1.72821e+08 1.30062e+07
1.72955e+08 1.31179e+07
1.72955e+08 1.31179e+07
1.72988e+08 1.30733e+07
1.72988e+08 1.3062e+07
1.73e+08 1.30509e+07
1.73011e+08 1.30621e+07
1.73011e+08 1.30621e+07
1.73011e+08 1.30397e+07
1.73056e+08 1.30844e+07
1.73078e+08 1.31068e+07
1.73112e+08 1.31403e+07
1.73145e+08 1.31068e+07
1.73167e+08 1.31068e+07
1.73167e+08 1.30956e+07
1.7319e+08 1.3118e+07
1.73223e+08 1.31515e+07
1.73223e+08 1.3118e+07
1.73257e+08 1.31515e+07
1.86061e+08 1.33638e+07
1.86117e+08 1.33302e+07
1.86151e+08 1.33637e+07
1.86151e+08 1.33301e+07
1.86318e+08 1.33637e+07
1.86318e+08 1.33637e+07
1.86386e+08 1.33972e+07
1.86408e+08 1.34195e+07
1.86542e+08 1.35425e+07
1.86564e+08 1.35537e+07
1.86565e+08 1.35537e+07
1.86565e+08 1.35537e+07
1.86576e+08 1.35202e+07
1.86576e+08 1.34978e+07
1.86576e+08 1.34643e+07
1.86576e+08 1.34308e+07
1.86576e+08 1.34084e+07
1.86576e+08 1.34084e+07
1.86621e+08 1.34308e+07
1.86688e+08 1.34643e+07
1.8671e+08 1.34867e+07
1.86777e+08 1.35203e+07
2.00141e+08 1.40795e+07
2.00141e+08 1.40795e+07
2.00174e+08 1.40572e+07
2.00208e+08 1.40572e+07
2.00208e+08 1.40572e+07
2.00376e+08 1.40571e+07
2.00409e+08 1.40907e+07
2.00521e+08 1.41354e+07
2.00577e+08 1.41689e+07
2.00644e+08 1.41018e+07
2.00655e+08 1.40906e+07
2.00655e+08 1.40906e+07
2.00689e+08 1.41241e+07
2.00689e+08 1.41129e+07
2.00689e+08 1.41129e+07
2.00689e+08 1.41129e+07
2.007e+08 1.41241e+07
2.007e+08 1.41241e+07
2.007e+08 1.41241e+07
2.00745e+08 1.41241e+07
2.00868e+08 1.418e+07
2.00924e+08 1.42136e+07
2.01002e+08 1.42248e+07
2.14187e+08 1.40463e+07
2.14288e+08 1.41469e+07
2.14288e+08 1.41469e+07
2.14344e+08 1.41692e+07
2.14455e+08 1.42475e+07
2.14489e+08 1.4281e+07
2.14578e+08 1.42028e+07
2.14668e+08 1.42586e+07
2.14858e+08 1.43369e+07
2.14858e+08 1.4281e+07
2.14958e+08 1.43145e+07
2.14958e+08 1.43033e+07
2.14958e+08 1.43033e+07
2.1507e+08 1.43815e+07
2.15081e+08 1.43927e+07
2.15081e+08 1.43927e+07
2.15093e+08 1.44039e+07
2.15193e+08 1.44933e+07
2.15193e+08 1.44933e+07
2.15193e+08 1.44933e+07
2.15294e+08 1.45492e+07
2.15629e+08 1.47616e+07
2.15663e+08 1.47392e+07
2.15708e+08 1.47057e+07
2.29452e+08 1.52649e+07
2.29452e+08 1.51643e+07
2.29519e+08 1.52314e+07
2.29609e+08 1.52649e+07
2.29609e+08 1.52649e+07
2.29609e+08 1.51532e+07
2.29765e+08 1.52761e+07
2.29933e+08 1.53543e+07
2.30011e+08 1.53432e+07
2.30044e+08 1.51867e+07
2.30067e+08 1.52091e+07
2.30156e+08 1.51979e+07
2.3019e+08 1.52314e+07
2.30212e+08 1.52538e+07
2.30235e+08 1.51643e+07
2.30257e+08 1.51755e+07
2.30257e+08 1.51755e+07
2.30257e+08 1.51643e+07
2.30335e+08 1.5142e+07
2.30346e+08 1.51532e+07
2.30346e+08 1.51532e+07
2.30469e+08 1.51755e+07
2.30592e+08 1.49631e+07
2.30704e+08 1.50414e+07
2.30816e+08 1.51084e+07
2.4531e+08 1.58576e+07
2.45377e+08 1.59247e+07
2.4541e+08 1.58911e+07
2.45477e+08 1.58688e+07
2.45511e+08 1.59023e+07
2.456e+08 1.59917e+07
2.45634e+08 1.60253e+07
2.45645e+08 1.588e+07
2.45835e+08 1.59023e+07
2.45913e+08 1.59023e+07
2.45936e+08 1.58912e+07
2.46003e+08 1.59359e+07
2.46014e+08 1.58576e+07
2.46014e+08 1.58241e+07
2.46081e+08 1.58688e+07
2.46115e+08 1.588e+07
2.46126e+08 1.58688e+07
2.46126e+08 1.58688e+07
2.46137e+08 1.588e+07
2.4617e+08 1.58353e+07
2.46182e+08 1.58353e+07
2.46182e+08 1.58353e+07
2.46215e+08 1.57458e+07
2.46405e+08 1.58129e+07
2.46439e+08 1.57346e+07
2.46573e+08 1.5757e+07
2.61738e+08 1.64279e+07
2.61749e+08 1.6372e+07
2.61782e+08 1.6372e+07
2.61805e+08 1.63273e+07
2.61805e+08 1.62938e+07
2.61883e+08 1.62827e+07
2.61883e+08 1.62491e+07
2.61905e+08 1.62715e+07
2.62028e+08 1.63833e+07
2.62174e+08 1.63386e+07
2.62229e+08 1.63162e+07
2.62229e+08 1.62938e+07
2.62241e+08 1.6238e+07
2.62263e+08 1.62491e+07
2.62263e+08 1.62491e+07
2.62397e+08 1.63162e+07
2.62397e+08 1.62826e+07
2.62431e+08 1.6305e+07
2.62453e+08 1.63274e+07
2.62464e+08 1.63274e+07
2.62476e+08 1.6305e+07
2.62498e+08 1.63162e+07
2.62498e+08 1.63162e+07
2.62509e+08 1.62938e+07
2.62688e+08 1.62826e+07
2.62777e+08 1.63385e+07
2.63012e+08 1.6439e+07
2.78713e+08 1.69758e+07
2.78792e+08 1.70429e+07
2.78814e+08 1.70318e+07
2.78859e+08 1.70542e+07
2.78904e+08 1.70989e+07
2.78915e+08 1.70318e+07
2.78915e+08 1.70318e+07
2.78915e+08 1.70095e+07
2.78937e+08 1.70319e+07
2.79116e+08 1.70878e+07
2.79239e+08 1.70654e+07
2.79239e+08 1.70095e+07
2.79239e+08 1.70095e+07
2.79273e+08 1.70318e+07
2.79273e+08 1.70095e+07
2.79284e+08 1.70207e+07
2.79295e+08 1.68977e+07
2.79295e+08 1.68977e+07
2.79328e+08 1.68977e+07
2.79328e+08 1.68754e+07
2.79373e+08 1.69089e+07
2.79407e+08 1.69312e+07
2.79418e+08 1.69201e+07
2.79474e+08 1.69759e+07
2.79474e+08 1.69648e+07
2.79619e+08 1.69312e+07
2.7963e+08 1.6853e+07
2.79854e+08 1.68418e+07
2.96248e+08 1.75347e+07
2.96293e+08 1.75012e+07
2.96382e+08 1.75683e+07
2.96483e+08 1.76243e+07
2.96494e+08 1.75908e+07
2.96494e+08 1.75796e+07
2.96506e+08 1.75908e+07
2.96517e+08 1.7602e+07
2.96517e+08 1.75797e+07
2.96595e+08 1.74791e+07
2.96595e+08 1.74791e+07
2.96618e+08 1.73785e+07
2.96618e+08 1.73785e+07
2.96618e+08 1.73785e+07
2.96629e+08 1.73562e+07
2.96629e+08 1.73562e+07
2.96662e+08 1.73785e+07
2.96685e+08 1.73897e+07
2.96685e+08 1.73897e+07
2.96696e+08 1.73673e+07
2.96696e+08 1.73673e+07
2.96741e+08 1.73673e+07
2.96785e+08 1.73785e+07
2.96875e+08 1.74568e+07
2.96908e+08 1.74344e+07
2.96908e+08 1.74344e+07
2.97076e+08 1.74568e+07
2.97132e+08 1.75015e+07
2.97534e+08 1.76804e+07
3.14264e+08 1.80159e+07
3.14331e+08 1.80382e+07
3.14544e+08 1.81612e+07
3.14678e+08 1.81946e+07
3.14689e+08 1.81946e+07
3.147e+08 1.82058e+07
3.14723e+08 1.8217e+07
3.14767e+08 1.82506e+07
3.14779e+08 1.82618e+07
3.1479e+08 1.81948e+07
3.1479e+08 1.81948e+07
3.1479e+08 1.81948e+07
3.14801e+08 1.81836e+07
3.14801e+08 1.81836e+07
3.14801e+08 1.81836e+07
3.14812e+08 1.81836e+07
3.14824e+08 1.81948e+07
3.14824e+08 1.81613e+07
3.14824e+08 1.81389e+07
3.14824e+08 1.81389e+07
3.14824e+08 1.81278e+07
3.14835e+08 1.8139e+07
3.14835e+08 1.80943e+07
3.14835e+08 1.80495e+07
3.14857e+08 1.79825e+07
3.14902e+08 1.79937e+07
3.14958e+08 1.80496e+07
3.15058e+08 1.79825e+07
3.1517e+08 1.80384e+07
3.15696e+08 1.81612e+07
3.31777e+08 1.75135e+07
3.31911e+08 1.75805e+07
3.33152e+08 1.86087e+07
3.3332e+08 1.86422e+07
3.33331e+08 1.86422e+07
3.33342e+08 1.86422e+07
3.33354e+08 1.8631e+07
3.33499e+08 1.87316e+07
3.3351e+08 1.87316e+07
3.33566e+08 1.87762e+07
3.33566e+08 1.87762e+07
3.33566e+08 1.87762e+07
3.33588e+08 1.87873e+07
3.336e+08 1.87985e+07
3.336e+08 1.87985e+07
3.336e+08 1.87985e+07
3.336e+08 1.87874e+07
3.336e+08 1.87762e+07
3.336e+08 1.87762e+07
3.33611e+08 1.87873e+07
3.33622e+08 1.87986e+07
3.33633e+08 1.88097e+07
3.33633e+08 1.87985e+07
3.33633e+08 1.87985e+07
3.33633e+08 1.87985e+07
3.33656e+08 1.87985e+07
3.33667e+08 1.8765e+07
3.33678e+08 1.87203e+07
3.33701e+08 1.86421e+07
3.33768e+08 1.85975e+07
3.34237e+08 1.85417e+07
3.50834e+08 1.90561e+07
3.50845e+08 1.89332e+07
3.5108e+08 1.79274e+07
3.52164e+08 1.88438e+07
3.52164e+08 1.88326e+07
3.52231e+08 1.88884e+07
3.52354e+08 1.90002e+07
3.52589e+08 1.90896e+07
3.526e+08 1.90896e+07
3.52712e+08 1.91455e+07
3.52712e+08 1.91455e+07
3.52712e+08 1.91455e+07
3.52712e+08 1.91231e+07
3.5279e+08 1.91902e+07
3.52801e+08 1.92014e+07
3.52812e+08 1.92126e+07
3.52823e+08 1.92238e+07
3.52857e+08 1.92573e+07
3.52857e+08 1.92573e+07
3.52857e+08 1.92573e+07
3.52857e+08 1.92461e+07
3.52891e+08 1.92685e+07
3.52891e+08 1.92574e+07
3.52913e+08 1.92797e+07
3.52913e+08 1.92797e+07
3.52913e+08 1.92797e+07
3.53047e+08 1.93914e+07
3.5307e+08 1.94026e+07
3.53081e+08 1.94026e+07
3.53125e+08 1.94249e+07
3.53148e+08 1.93801e+07
3.53427e+08 1.91902e+07
3.70516e+08 1.96824e+07
3.70549e+08 1.97047e+07
3.70807e+08 1.97271e+07
3.70818e+08 1.86542e+07
3.70818e+08 1.86542e+07
3.70896e+08 1.86654e+07
3.71042e+08 1.86878e+07
3.71992e+08 1.9403e+07
3.71992e+08 1.93918e+07
3.72304e+08 1.95929e+07
3.72304e+08 1.95929e+07
3.72304e+08 1.95929e+07
3.72304e+08 1.95929e+07
3.72316e+08 1.95258e+07
3.72338e+08 1.9537e+07
3.72383e+08 1.95705e+07
3.72383e+08 1.95705e+07
3.72383e+08 1.95593e+07
3.72383e+08 1.95258e+07
3.72383e+08 1.95258e+07
3.72439e+08 1.95817e+07
3.72472e+08 1.96152e+07
3.72573e+08 1.96823e+07
3.72573e+08 1.96823e+07
3.72573e+08 1.966e+07
3.72584e+08 1.96712e+07
3.72584e+08 1.96712e+07
3.72607e+08 1.95594e+07
3.72662e+08 1.95929e+07
3.7273e+08 1.96488e+07
3.72763e+08 1.96376e+07
3.72864e+08 1.97159e+07
3.73222e+08 1.97941e+07
3.90847e+08 2.0331e+07
3.90847e+08 2.02974e+07
3.90948e+08 2.01409e+07
3.91305e+08 2.04874e+07
3.91305e+08 2.04874e+07
3.91317e+08 2.04204e+07
3.91339e+08 2.02975e+07
3.91406e+08 1.94145e+07
3.91417e+08 1.94257e+07
3.91428e+08 1.9124e+07
3.91428e+08 1.9124e+07
3.91451e+08 1.91463e+07
3.91451e+08 1.91463e+07
3.91462e+08 1.91463e+07
3.91574e+08 1.92358e+07
3.91607e+08 1.92246e+07
3.91607e+08 1.92246e+07
3.91607e+08 1.92246e+07
3.91641e+08 1.92581e+07
3.91641e+08 1.92581e+07
3.91674e+08 1.92917e+07
3.91954e+08 1.95152e+07
3.92244e+08 1.97722e+07
3.93016e+08 2.04428e+07
3.93027e+08 2.0454e+07
3.93027e+08 2.0454e+07
3.93027e+08 2.04428e+07
3.93027e+08 2.04428e+07
3.93027e+08 2.04204e+07
3.93038e+08 2.03757e+07
3.93061e+08 2.0331e+07
3.93072e+08 2.03086e+07
3.93128e+08 2.02639e+07
3.93508e+08 2.02862e+07
4.11838e+08 2.09908e+07
4.11938e+08 2.10914e+07
4.11972e+08 2.10243e+07
4.12285e+08 2.09796e+07
4.12285e+08 2.09796e+07
4.12475e+08 2.11585e+07
4.12475e+08 2.11361e+07
4.12486e+08 2.10802e+07
4.12531e+08 2.11138e+07
4.12531e+08 2.11026e+07
4.12531e+08 2.11026e+07
4.12531e+08 2.10802e+07
4.12553e+08 2.11026e+07
4.12587e+08 2.11249e+07
4.12699e+08 2.1125e+07
4.12721e+08 2.11138e+07
4.12721e+08 2.11138e+07
4.12721e+08 2.11138e+07
4.12766e+08 2.1125e+07
4.12766e+08 2.1125e+07
4.12766e+08 2.1125e+07
4.12777e+08 2.11026e+07
4.12889e+08 2.0935e+07
4.12956e+08 2.07115e+07
4.13526e+08 2.05102e+07
4.13627e+08 2.05996e+07
4.13738e+08 2.07113e+07
4.13738e+08 2.07113e+07
4.13738e+08 2.07113e+07
4.1394e+08 2.09125e+07
4.14018e+08 2.09796e+07
4.14197e+08 2.11361e+07
4.14197e+08 2.11249e+07
4.14264e+08 2.11361e+07
4.14677e+08 2.11696e+07
4.33231e+08 2.13934e+07
4.33466e+08 2.15276e+07
4.33511e+08 2.15388e+07
4.33712e+08 2.1427e+07
4.33712e+08 2.1427e+07
4.3398e+08 2.15052e+07
4.34003e+08 2.15276e+07
4.34126e+08 2.16394e+07
4.34204e+08 2.16729e+07
4.34204e+08 2.16729e+07
4.34204e+08 2.16729e+07
4.34204e+08 2.16729e+07
4.34204e+08 2.16506e+07
4.34204e+08 2.16171e+07
4.34215e+08 2.15164e+07
4.34226e+08 2.15053e+07
4.3426e+08 2.15388e+07
4.34271e+08 2.155e+07
4.34271e+08 2.15053e+07
4.34305e+08 2.15388e+07
4.34305e+08 2.15389e+07
4.34316e+08 2.155e+07
4.34372e+08 2.15947e+07
4.34372e+08 2.1483e+07
4.34495e+08 2.15388e+07
4.34551e+08 2.10247e+07
4.34551e+08 2.09242e+07
4.34551e+08 2.08124e+07
4.34551e+08 2.08124e+07
4.34551e+08 2.08124e+07
4.34562e+08 2.06224e+07
4.3473e+08 2.07118e+07
4.34942e+08 2.07453e+07
4.3502e+08 2.08235e+07
4.35512e+08 2.12482e+07
4.36429e+08 2.17512e+07
4.55418e+08 2.21872e+07
4.55508e+08 2.20419e+07
4.55508e+08 2.19973e+07
4.55855e+08 2.21427e+07
4.55866e+08 2.21539e+07
4.56067e+08 2.20868e+07
4.56078e+08 2.20757e+07
4.56369e+08 2.22433e+07
4.5638e+08 2.21762e+07
4.56391e+08 2.21874e+07
4.56414e+08 2.22098e+07
4.56425e+08 2.2221e+07
4.56425e+08 2.2221e+07
4.56425e+08 2.2221e+07
4.56526e+08 2.23104e+07
4.56526e+08 2.22992e+07
4.56526e+08 2.22657e+07
4.56526e+08 2.22545e+07
4.56526e+08 2.22545e+07
4.56537e+08 2.22321e+07
4.56582e+08 2.22768e+07
4.56582e+08 2.22657e+07
4.56582e+08 2.22657e+07
4.56582e+08 2.22098e+07
4.56582e+08 2.22098e+07
4.56582e+08 2.20869e+07
4.56582e+08 2.2031e+07
4.56604e+08 2.20533e+07
4.56604e+08 2.20533e+07
4.56649e+08 2.20981e+07
4.56693e+08 2.21428e+07
4.56772e+08 2.22098e+07
4.56861e+08 2.21316e+07
4.56861e+08 2.19192e+07
4.56883e+08 2.18633e+07
4.57062e+08 2.15504e+07
4.5865e+08 2.2221e+07
4.7812e+08 2.27016e+07
4.78332e+08 2.28246e+07
4.78366e+08 2.28582e+07
4.78545e+08 2.26907e+07
4.78646e+08 2.27801e+07
4.78758e+08 2.26907e+07
4.78758e+08 2.26795e+07
4.78981e+08 2.26125e+07
4.79037e+08 2.26572e+07
4.79149e+08 2.27578e+07
4.79172e+08 2.27578e+07
4.79183e+08 2.27578e+07
4.79272e+08 2.28472e+07
4.79272e+08 2.28472e+07
4.79295e+08 2.27689e+07
4.79295e+08 2.27689e+07
4.79317e+08 2.27913e+07
4.79328e+08 2.28025e+07
4.79328e+08 2.28025e+07
4.79339e+08 2.28025e+07
4.79351e+08 2.27689e+07
4.79351e+08 2.27689e+07
4.79362e+08 2.27801e+07
4.79362e+08 2.27801e+07
4.79362e+08 2.27802e+07
4.79451e+08 2.28696e+07
4.79451e+08 2.28696e+07
4.79462e+08 2.28807e+07
4.79496e+08 2.28919e+07
4.79496e+08 2.28919e+07
4.79507e+08 2.28584e+07
4.79518e+08 2.28249e+07
4.79552e+08 2.27802e+07
4.79552e+08 2.26908e+07
4.79619e+08 2.27578e+07
4.79708e+08 2.28249e+07
4.79932e+08 2.28696e+07
4.81586e+08 2.29366e+07
5.0137e+08 2.32499e+07
5.01605e+08 2.32721e+07
5.01694e+08 2.33279e+07
5.01862e+08 2.33167e+07
5.01996e+08 2.33503e+07
5.02186e+08 2.34287e+07
5.02186e+08 2.34287e+07
5.02265e+08 2.32834e+07
5.02265e+08 2.32275e+07
5.02276e+08 2.31269e+07
5.02276e+08 2.31045e+07
5.02287e+08 2.31045e+07
5.02343e+08 2.3071e+07
5.02354e+08 2.30822e+07
5.02433e+08 2.31381e+07
5.02466e+08 2.31716e+07
5.02556e+08 2.32387e+07
5.02634e+08 2.33057e+07
5.02634e+08 2.33057e+07
5.02634e+08 2.32946e+07
5.02634e+08 2.32834e+07
5.02634e+08 2.32834e+07
5.02634e+08 2.32722e+07
5.02679e+08 2.33169e+07
5.02701e+08 2.33393e+07
5.02723e+08 2.33617e+07
5.02757e+08 2.33058e+07
5.02757e+08 2.33058e+07
5.02791e+08 2.33281e+07
5.02824e+08 2.33281e+07
5.02835e+08 2.33393e+07
5.02835e+08 2.33281e+07
5.0288e+08 2.33617e+07
5.0288e+08 2.33281e+07
5.02936e+08 2.3384e+07
5.02958e+08 2.33393e+07
5.0307e+08 2.33617e+07
5.03428e+08 2.34958e+07
5.04881e+08 2.32946e+07
5.25224e+08 2.38538e+07
5.25246e+08 2.36414e+07
5.25414e+08 2.37196e+07
5.25861e+08 2.39989e+07
5.25917e+08 2.39207e+07
5.26085e+08 2.38982e+07
5.26096e+08 2.39094e+07
5.26342e+08 2.40773e+07
5.26342e+08 2.40773e+07
5.26342e+08 2.40661e+07
5.26353e+08 2.40773e+07
5.26353e+08 2.40662e+07
5.26353e+08 2.40103e+07
5.26365e+08 2.40103e+07
5.26365e+08 2.3932e+07
5.26387e+08 2.39208e+07
5.26432e+08 2.38761e+07
5.26622e+08 2.39879e+07
5.26644e+08 2.40102e+07
5.26644e+08 2.40102e+07
5.26655e+08 2.40214e+07
5.26678e+08 2.40437e+07
5.26678e+08 2.40437e+07
5.267e+08 2.40213e+07
5.26711e+08 2.40102e+07
5.26722e+08 2.3999e+07
5.26722e+08 2.3999e+07
5.26722e+08 2.39655e+07
5.26722e+08 2.39655e+07
5.26722e+08 2.39319e+07
5.26722e+08 2.38984e+07
5.26723e+08 2.38872e+07
5.26723e+08 2.38873e+07
5.26723e+08 2.38426e+07
5.26723e+08 2.38426e+07
5.26734e+08 2.37979e+07
5.26767e+08 2.38091e+07
5.2679e+08 2.37196e+07
5.26868e+08 2.34402e+07
5.28288e+08 2.34068e+07
5.49782e+08 2.45582e+07
5.49782e+08 2.45359e+07
5.49849e+08 2.44353e+07
5.50151e+08 2.429e+07
5.50386e+08 2.44688e+07
5.50632e+08 2.4547e+07
5.50654e+08 2.45581e+07
5.50833e+08 2.4491e+07
5.50867e+08 2.45246e+07
5.50867e+08 2.45246e+07
5.509e+08 2.45469e+07
5.50911e+08 2.45581e+07
5.50956e+08 2.46028e+07
5.50956e+08 2.45916e+07
5.50967e+08 2.46028e+07
5.51001e+08 2.4614e+07
5.51023e+08 2.45917e+07
5.51113e+08 2.44912e+07
5.51113e+08 2.44688e+07
5.51135e+08 2.44912e+07
5.51135e+08 2.448e+07
5.51135e+08 2.44576e+07
5.51158e+08 2.448e+07
5.51158e+08 2.44577e+07
5.51158e+08 2.44465e+07
5.5118e+08 2.44577e+07
5.51214e+08 2.44912e+07
5.51214e+08 2.44912e+07
5.51236e+08 2.45136e+07
5.51258e+08 2.45359e+07
5.51292e+08 2.45694e+07
5.51314e+08 2.45918e+07
5.51337e+08 2.46141e+07
5.51359e+08 2.46365e+07
5.51359e+08 2.46365e+07
5.51359e+08 2.46365e+07
5.51381e+08 2.46477e+07
5.51415e+08 2.46477e+07
5.51437e+08 2.46477e+07
5.51538e+08 2.467e+07
5.52097e+08 2.38094e+07
5.74743e+08 2.49609e+07
5.74743e+08 2.49609e+07
5.74743e+08 2.48938e+07
5.75168e+08 2.50168e+07
5.75246e+08 2.48604e+07
5.75559e+08 2.49274e+07
5.75559e+08 2.4905e+07
5.75928e+08 2.50949e+07
5.75995e+08 2.51284e+07
5.75995e+08 2.51284e+07
5.75995e+08 2.50949e+07
5.75995e+08 2.50837e+07
5.7604e+08 2.50837e+07
5.7604e+08 2.50838e+07
5.76051e+08 2.50838e+07
5.76118e+08 2.51174e+07
5.76241e+08 2.5218e+07
5.76253e+08 2.51397e+07
5.76253e+08 2.51397e+07
5.76253e+08 2.51173e+07
5.76253e+08 2.51173e+07
5.76253e+08 2.51173e+07
5.7632e+08 2.5162e+07
5.7632e+08 2.5162e+07
5.76342e+08 2.51844e+07
5.76342e+08 2.5162e+07
5.76364e+08 2.51509e+07
5.76364e+08 2.51509e+07
5.76364e+08 2.51285e+07
5.76409e+08 2.51732e+07
5.76409e+08 2.51509e+07
5.76409e+08 2.51173e+07
5.76454e+08 2.51397e+07
5.76454e+08 2.51173e+07
5.76465e+08 2.51061e+07
5.76487e+08 2.51285e+07
5.7651e+08 2.51508e+07
5.76588e+08 2.52068e+07
5.76633e+08 2.5218e+07
5.76655e+08 2.5218e+07
5.76767e+08 2.52292e+07
5.76968e+08 2.48715e+07
6.00565e+08 2.58219e+07
6.00565e+08 2.5822e+07
6.00565e+08 2.5822e+07
6.00755e+08 2.55871e+07
6.00811e+08 2.55648e+07
6.01012e+08 2.54531e+07
6.01079e+08 2.55201e+07
6.01571e+08 2.56431e+07
6.01795e+08 2.57995e+07
6.01795e+08 2.57996e+07
6.01806e+08 2.58107e+07
6.01806e+08 2.58107e+07
6.01839e+08 2.57995e+07
6.01862e+08 2.58219e+07
6.01862e+08 2.58107e+07
6.01907e+08 2.57883e+07
6.01985e+08 2.57436e+07
6.01985e+08 2.57324e+07
6.01985e+08 2.57324e+07
6.01996e+08 2.57436e+07
6.01996e+08 2.57436e+07
6.02041e+08 2.57883e+07
6.02063e+08 2.57436e+07
6.02097e+08 2.57772e+07
6.02119e+08 2.57772e+07
6.02119e+08 2.57772e+07
6.02119e+08 2.57549e+07
6.02131e+08 2.5766e+07
6.02131e+08 2.5766e+07
6.02142e+08 2.57325e+07
6.02142e+08 2.57325e+07
6.02164e+08 2.57549e+07
6.02209e+08 2.57996e+07
6.02231e+08 2.57773e+07
6.02242e+08 2.57884e+07
6.02242e+08 2.57773e+07
6.02242e+08 2.57549e+07
6.02242e+08 2.57326e+07
6.02298e+08 2.57101e+07
6.02421e+08 2.57883e+07
6.02444e+08 2.57884e+07
6.02544e+08 2.57773e+07
6.0269e+08 2.57213e+07
6.16188e+08 1.5623e+07
6.1621e+08 1.56453e+07
6.16242e+08 1.56777e+07
6.16802e+08 1.60472e+07
6.16881e+08 1.60698e+07
6.1697e+08 1.59583e+07
6.1706e+08 1.59807e+07
6.17251e+08 1.56803e+07
6.1743e+08 1.56352e+07
6.1743e+08 1.56354e+07
6.17441e+08 1.56355e+07
6.17453e+08 1.56467e+07
6.17531e+08 1.56916e+07
6.17576e+08 1.57142e+07
6.17611e+08 1.5749e+07
6.17779e+08 1.58725e+07
6.17881e+08 1.58956e+07
6.17948e+08 1.59627e+07
6.17959e+08 1.5974e+07
6.18015e+08 1.60187e+07
6.1806e+08 1.60636e+07
6.18238e+08 1.61968e+07
6.18327e+08 1.6264e+07
6.18372e+08 1.62753e+07
6.18395e+08 1.62754e+07
6.18395e+08 1.62754e+07
6.18418e+08 1.6299e+07
6.18418e+08 1.62879e+07
6.18441e+08 1.63104e+07
6.18463e+08 1.63217e+07
6.18463e+08 1.63217e+07
6.1853e+08 1.63654e+07
6.1853e+08 1.63655e+07
6.18574e+08 1.63656e+07
6.18598e+08 1.63666e+07
6.18609e+08 1.63666e+07
6.18609e+08 1.63666e+07
6.1863e+08 1.6388e+07
6.18666e+08 1.64241e+07
6.18698e+08 1.63994e+07
6.18798e+08 1.63772e+07
6.18867e+08 1.64233e+07
6.19198e+08 1.66538e+07
6.19455e+08 1.67656e+07
6.26462e+08 1.02746e+07
6.26517e+08 1.03073e+07
6.26551e+08 1.03084e+07
