4.77065e+06 4.77006e+06
8.29407e+06 3.52342e+06
8.29407e+06 3.52342e+06
9.82367e+06 1.5296e+06
9.82368e+06 1.52961e+06
1.16409e+07 1.81722e+06
1.17303e+07 1.90664e+06
1.1898e+07 2.07431e+06
1.4503e+07 2.8621e+06
1.4503e+07 2.77268e+06
1.4503e+07 2.77269e+06
1.45593e+07 2.66127e+06
1.72872e+07 2.78426e+06
1.72872e+07 2.78426e+06
1.72985e+07 2.79547e+06
1.74442e+07 2.88492e+06
1.74442e+07 2.88495e+06
2.11004e+07 3.81319e+06
2.11005e+07 3.81323e+06
2.11005e+07 3.80203e+06
2.12685e+07 3.82434e+06
2.12797e+07 3.83549e+06
2.12797e+07 3.83552e+06
2.51933e+07 4.09286e+06
2.51933e+07 4.09286e+06
2.51933e+07 4.09285e+06
2.53502e+07 4.0817e+06
2.53502e+07 4.07052e+06
2.53838e+07 4.10405e+06
2.5395e+07 4.11523e+06
2.93759e+07 4.18256e+06
2.93759e+07 4.18252e+06
2.93759e+07 4.18252e+06
2.96782e+07 4.32794e+06
2.97006e+07 4.35035e+06
2.97006e+07 4.3168e+06
2.97006e+07 4.30564e+06
3.42222e+07 4.84632e+06
3.42222e+07 4.84633e+06
3.42222e+07 4.84634e+06
3.42222e+07 4.84634e+06
3.45246e+07 4.84641e+06
3.4603e+07 4.90244e+06
3.4603e+07 4.90244e+06
3.46254e+07 4.9248e+06
3.95964e+07 5.37422e+06
3.95964e+07 5.37422e+06
3.96076e+07 5.38542e+06
3.96188e+07 5.39662e+06
3.96188e+07 5.39662e+06
4.00778e+07 5.55321e+06
4.01115e+07 5.50852e+06
4.01116e+07 5.50855e+06
4.01116e+07 5.48619e+06
4.56029e+07 6.0065e+06
4.56029e+07 6.00651e+06
4.5603e+07 5.99541e+06
4.56142e+07 5.99541e+06
4.56142e+07 5.99542e+06
4.56142e+07 5.99542e+06
4.60845e+07 6.00672e+06
4.61071e+07 5.99551e+06
4.61071e+07 5.99552e+06
4.61071e+07 5.99551e+06
5.22778e+07 6.6749e+06
5.22778e+07 6.67492e+06
5.22779e+07 6.67488e+06
5.23338e+07 6.71958e+06
5.23338e+07 6.71958e+06
5.2345e+07 6.73076e+06
5.23674e+07 6.75313e+06
5.28155e+07 6.73096e+06
5.28269e+07 6.71984e+06
5.28381e+07 6.73103e+06
5.28381e+07 6.73103e+06
5.92783e+07 7.00049e+06
5.93566e+07 7.07874e+06
5.94908e+07 7.21296e+06
5.94909e+07 7.15705e+06
5.94909e+07 7.15705e+06
5.94909e+07 7.14587e+06
5.94909e+07 7.12351e+06
5.94909e+07 7.12351e+06
5.98162e+07 7.00072e+06
5.98276e+07 7.00073e+06
5.98388e+07 7.00068e+06
5.985e+07 7.01186e+06
6.69368e+07 7.65854e+06
6.70376e+07 7.68102e+06
6.72613e+07 7.7704e+06
6.72724e+07 7.78159e+06
6.72725e+07 7.7816e+06
6.72725e+07 7.7816e+06
6.72725e+07 7.7816e+06
6.72725e+07 7.7816e+06
6.72725e+07 7.78161e+06
6.76091e+07 7.79295e+06
6.76093e+07 7.78169e+06
6.76093e+07 7.77053e+06
6.76205e+07 7.77054e+06
7.51005e+07 8.16372e+06
7.52125e+07 8.17491e+06
7.52573e+07 7.99601e+06
7.52573e+07 7.98484e+06
7.52573e+07 7.98483e+06
7.52573e+07 7.98482e+06
7.52573e+07 7.98482e+06
7.52573e+07 7.98482e+06
7.52797e+07 8.00719e+06
7.52909e+07 8.01838e+06
7.58512e+07 8.24206e+06
7.58513e+07 8.24193e+06
7.58513e+07 8.24191e+06
7.58513e+07 8.23072e+06
8.41731e+07 9.07252e+06
8.41731e+07 8.9606e+06
8.41731e+07 8.91584e+06
8.41731e+07 8.91582e+06
8.41731e+07 8.91582e+06
8.41732e+07 8.91586e+06
8.41732e+07 8.91586e+06
8.41732e+07 8.91588e+06
8.41956e+07 8.91589e+06
8.41956e+07 8.90472e+06
8.48566e+07 9.00544e+06
8.48566e+07 9.00545e+06
8.48567e+07 9.00548e+06
8.48567e+07 9.00548e+06
8.48567e+07 9.00548e+06
9.36752e+07 9.50216e+06
9.36752e+07 9.50215e+06
9.36752e+07 9.50215e+06
9.36753e+07 9.50215e+06
9.36753e+07 9.50215e+06
9.36753e+07 9.50218e+06
9.36753e+07 9.50218e+06
9.36754e+07 9.50217e+06
9.37089e+07 9.51334e+06
9.37089e+07 9.51332e+06
9.44036e+07 9.54695e+06
9.44036e+07 9.54695e+06
9.44037e+07 9.547e+06
9.44038e+07 9.54704e+06
9.44038e+07 9.54704e+06
9.44038e+07 9.54705e+06
1.03808e+08 1.01326e+07
1.03808e+08 1.01326e+07
1.03808e+08 1.01326e+07
1.03808e+08 1.01326e+07
1.03808e+08 1.01326e+07
1.0383e+08 1.01549e+07
1.03841e+08 1.01661e+07
1.03841e+08 1.01661e+07
1.03864e+08 1.0155e+07
1.03864e+08 1.0155e+07
1.04514e+08 1.01103e+07
1.04525e+08 1.01214e+07
1.04525e+08 1.01214e+07
1.04548e+08 1.01438e+07
1.04548e+08 1.01438e+07
1.04548e+08 1.01438e+07
1.04548e+08 1.01438e+07
1.14454e+08 1.06462e+07
1.14454e+08 1.06462e+07
1.14454e+08 1.06462e+07
1.14454e+08 1.06463e+07
1.14454e+08 1.06463e+07
1.14454e+08 1.06239e+07
1.14477e+08 1.06351e+07
1.14477e+08 1.06351e+07
1.14488e+08 1.0624e+07
1.14499e+08 1.06351e+07
1.1516e+08 1.06463e+07
1.15182e+08 1.06574e+07
1.15183e+08 1.06574e+07
1.15183e+08 1.0635e+07
1.15183e+08 1.06351e+07
1.15183e+08 1.06352e+07
1.15183e+08 1.06352e+07
1.15183e+08 1.06352e+07
1.25637e+08 1.1183e+07
1.25648e+08 1.11942e+07
1.25648e+08 1.11943e+07
1.25648e+08 1.11943e+07
1.2566e+08 1.12055e+07
1.25682e+08 1.12278e+07
1.25693e+08 1.12166e+07
1.25716e+08 1.1239e+07
1.25738e+08 1.12501e+07
1.25738e+08 1.1239e+07
1.26243e+08 1.10826e+07
1.26243e+08 1.10602e+07
1.26254e+08 1.10714e+07
1.26366e+08 1.11831e+07
1.26411e+08 1.12279e+07
1.26411e+08 1.12279e+07
1.26411e+08 1.12279e+07
1.26411e+08 1.12279e+07
1.26422e+08 1.12391e+07
1.37435e+08 1.17981e+07
1.37435e+08 1.17869e+07
1.37469e+08 1.18205e+07
1.3748e+08 1.18317e+07
1.3748e+08 1.18205e+07
1.37491e+08 1.18093e+07
1.37503e+08 1.18093e+07
1.37525e+08 1.18093e+07
1.37547e+08 1.18093e+07
1.37547e+08 1.18093e+07
1.38153e+08 1.19099e+07
1.38164e+08 1.19211e+07
1.38197e+08 1.19435e+07
1.38231e+08 1.18652e+07
1.38231e+08 1.18206e+07
1.38231e+08 1.18206e+07
1.38231e+08 1.18206e+07
1.38231e+08 1.18206e+07
1.38231e+08 1.18206e+07
1.38265e+08 1.18429e+07
1.49804e+08 1.23686e+07
1.49837e+08 1.2402e+07
1.49882e+08 1.24131e+07
1.49904e+08 1.24243e+07
1.49905e+08 1.24244e+07
1.49927e+08 1.24356e+07
1.49927e+08 1.24244e+07
1.49927e+08 1.24021e+07
1.49972e+08 1.24244e+07
1.49983e+08 1.24356e+07
1.50465e+08 1.23128e+07
1.50465e+08 1.23016e+07
1.50477e+08 1.22792e+07
1.50544e+08 1.23127e+07
1.50667e+08 1.24357e+07
1.50678e+08 1.24469e+07
1.50678e+08 1.24468e+07
1.50678e+08 1.24468e+07
1.50678e+08 1.24468e+07
1.50678e+08 1.24133e+07
1.50678e+08 1.24133e+07
1.62879e+08 1.3075e+07
1.62879e+08 1.30414e+07
1.62879e+08 1.29967e+07
1.6289e+08 1.29855e+07
1.62901e+08 1.29967e+07
1.62935e+08 1.30079e+07
1.62946e+08 1.30191e+07
1.62968e+08 1.30414e+07
1.63058e+08 1.30861e+07
1.63069e+08 1.30862e+07
1.63652e+08 1.31868e+07
1.63652e+08 1.31868e+07
1.63652e+08 1.31757e+07
1.63652e+08 1.31086e+07
1.63675e+08 1.3008e+07
1.63686e+08 1.3008e+07
1.63686e+08 1.30079e+07
1.63686e+08 1.30079e+07
1.63686e+08 1.30079e+07
1.63697e+08 1.30191e+07
1.63697e+08 1.30191e+07
1.63697e+08 1.30192e+07
1.7599e+08 1.31112e+07
1.7599e+08 1.31113e+07
1.76012e+08 1.31336e+07
1.76057e+08 1.31671e+07
1.76068e+08 1.31671e+07
1.76068e+08 1.31336e+07
1.76068e+08 1.31224e+07
1.76068e+08 1.31e+07
1.7608e+08 1.30218e+07
1.7608e+08 1.30106e+07
1.76797e+08 1.31448e+07
1.76797e+08 1.31448e+07
1.76797e+08 1.31448e+07
1.76797e+08 1.31448e+07
1.76887e+08 1.32118e+07
1.76887e+08 1.32007e+07
1.76887e+08 1.32007e+07
1.76887e+08 1.32007e+07
1.76887e+08 1.32007e+07
1.76887e+08 1.31895e+07
1.76887e+08 1.31895e+07
1.76909e+08 1.32118e+07
1.89656e+08 1.36658e+07
1.89656e+08 1.36658e+07
1.89667e+08 1.36769e+07
1.89667e+08 1.36546e+07
1.89689e+08 1.36322e+07
1.89745e+08 1.36769e+07
1.89779e+08 1.37104e+07
1.8979e+08 1.37216e+07
1.89801e+08 1.37328e+07
1.89824e+08 1.3744e+07
1.89824e+08 1.3744e+07
1.90441e+08 1.36435e+07
1.90441e+08 1.36436e+07
1.90441e+08 1.36436e+07
1.90441e+08 1.36435e+07
1.90519e+08 1.36324e+07
1.90519e+08 1.36324e+07
1.90519e+08 1.36324e+07
1.90519e+08 1.36324e+07
1.90519e+08 1.36324e+07
1.90519e+08 1.36324e+07
1.9053e+08 1.36436e+07
1.90553e+08 1.36436e+07
2.04072e+08 1.44166e+07
2.04083e+08 1.44278e+07
2.04083e+08 1.44278e+07
2.04095e+08 1.44278e+07
2.04117e+08 1.44502e+07
2.04117e+08 1.44279e+07
2.04117e+08 1.43719e+07
2.04117e+08 1.43384e+07
2.04117e+08 1.43272e+07
2.04117e+08 1.4316e+07
2.04117e+08 1.42937e+07
2.04117e+08 1.42937e+07
2.04757e+08 1.43162e+07
2.04757e+08 1.43162e+07
2.04757e+08 1.43162e+07
2.04779e+08 1.43386e+07
2.04858e+08 1.43385e+07
2.04858e+08 1.43386e+07
2.04858e+08 1.43386e+07
2.04858e+08 1.43386e+07
2.04858e+08 1.43386e+07
2.0488e+08 1.43609e+07
2.04925e+08 1.43944e+07
2.04981e+08 1.44279e+07
2.18979e+08 1.49072e+07
2.1898e+08 1.4896e+07
2.1898e+08 1.48961e+07
2.1898e+08 1.48849e+07
2.1898e+08 1.48849e+07
2.1898e+08 1.48625e+07
2.1898e+08 1.48625e+07
2.1898e+08 1.48625e+07
2.1898e+08 1.48625e+07
2.1898e+08 1.48625e+07
2.1898e+08 1.48625e+07
2.1898e+08 1.48625e+07
2.1898e+08 1.48625e+07
2.19675e+08 1.49185e+07
2.19675e+08 1.49185e+07
2.19675e+08 1.49185e+07
2.19698e+08 1.49185e+07
2.19776e+08 1.49185e+07
2.19798e+08 1.49408e+07
2.19832e+08 1.49744e+07
2.19832e+08 1.49744e+07
2.19832e+08 1.49744e+07
2.19854e+08 1.49744e+07
2.19877e+08 1.4952e+07
2.19888e+08 1.49073e+07
2.34426e+08 1.54469e+07
2.34426e+08 1.54469e+07
2.34426e+08 1.54469e+07
2.34426e+08 1.54469e+07
2.34426e+08 1.54469e+07
2.34426e+08 1.54469e+07
2.34426e+08 1.54469e+07
2.34427e+08 1.54469e+07
2.34427e+08 1.54469e+07
2.34427e+08 1.54469e+07
2.34427e+08 1.54469e+07
2.34427e+08 1.54469e+07
2.34427e+08 1.54469e+07
2.34449e+08 1.54693e+07
2.35189e+08 1.55141e+07
2.35189e+08 1.55141e+07
2.35189e+08 1.55141e+07
2.35189e+08 1.54918e+07
2.35268e+08 1.54917e+07
2.35324e+08 1.55252e+07
2.35357e+08 1.55252e+07
2.35368e+08 1.55364e+07
2.35368e+08 1.55364e+07
2.35368e+08 1.55141e+07
2.3538e+08 1.55029e+07
2.35402e+08 1.55141e+07
2.50475e+08 1.60483e+07
2.50475e+08 1.60483e+07
2.50475e+08 1.60483e+07
2.50475e+08 1.60483e+07
2.50475e+08 1.60483e+07
2.50475e+08 1.60483e+07
2.50508e+08 1.60819e+07
2.50531e+08 1.61042e+07
2.50542e+08 1.61154e+07
2.50553e+08 1.61266e+07
2.50564e+08 1.61377e+07
2.50564e+08 1.61377e+07
2.50564e+08 1.61377e+07
2.50576e+08 1.61489e+07
2.50609e+08 1.61601e+07
2.51294e+08 1.61044e+07
2.51305e+08 1.61156e+07
2.51316e+08 1.61267e+07
2.51316e+08 1.61267e+07
2.51383e+08 1.61155e+07
2.51439e+08 1.61155e+07
2.51462e+08 1.61043e+07
2.51462e+08 1.60931e+07
2.51462e+08 1.60931e+07
2.51473e+08 1.61043e+07
2.51495e+08 1.61155e+07
2.51551e+08 1.6149e+07
2.67095e+08 1.66208e+07
2.67118e+08 1.66431e+07
2.67151e+08 1.66767e+07
2.67174e+08 1.6699e+07
2.67174e+08 1.6699e+07
2.67185e+08 1.67102e+07
2.67219e+08 1.67102e+07
2.6723e+08 1.6699e+07
2.67241e+08 1.67102e+07
2.67241e+08 1.6699e+07
2.67241e+08 1.66879e+07
2.67241e+08 1.66767e+07
2.67263e+08 1.66991e+07
2.67263e+08 1.66991e+07
2.67263e+08 1.66879e+07
2.67543e+08 1.69337e+07
2.68004e+08 1.67104e+07
2.68004e+08 1.66992e+07
2.68004e+08 1.6688e+07
2.68026e+08 1.67104e+07
2.68138e+08 1.6755e+07
2.68161e+08 1.67215e+07
2.68172e+08 1.67103e+07
2.68172e+08 1.67103e+07
2.68205e+08 1.67439e+07
2.68217e+08 1.67439e+07
2.68217e+08 1.67215e+07
2.68217e+08 1.66656e+07
2.84161e+08 1.70656e+07
2.84161e+08 1.70432e+07
2.84351e+08 1.71997e+07
2.84351e+08 1.71773e+07
2.84351e+08 1.71773e+07
2.84362e+08 1.71773e+07
2.84362e+08 1.71438e+07
2.84362e+08 1.71326e+07
2.84374e+08 1.71326e+07
2.84385e+08 1.71438e+07
2.84385e+08 1.71438e+07
2.84407e+08 1.71662e+07
2.84407e+08 1.71662e+07
2.84407e+08 1.71438e+07
2.8443e+08 1.71662e+07
2.84497e+08 1.72332e+07
2.84765e+08 1.72221e+07
2.85193e+08 1.71887e+07
2.85193e+08 1.71887e+07
2.85193e+08 1.71887e+07
2.85193e+08 1.71663e+07
2.85349e+08 1.7211e+07
2.85361e+08 1.71998e+07
2.85394e+08 1.72222e+07
2.85405e+08 1.72333e+07
2.85439e+08 1.72333e+07
2.85439e+08 1.72222e+07
2.85439e+08 1.72222e+07
2.85472e+08 1.72557e+07
3.01931e+08 1.777e+07
3.01942e+08 1.77812e+07
3.02166e+08 1.78148e+07
3.02166e+08 1.78148e+07
3.02166e+08 1.78148e+07
3.02188e+08 1.78259e+07
3.02188e+08 1.78259e+07
3.02188e+08 1.78259e+07
3.02278e+08 1.79042e+07
3.02334e+08 1.79489e+07
3.02334e+08 1.79489e+07
3.02345e+08 1.796e+07
3.02401e+08 1.79936e+07
3.02401e+08 1.79936e+07
3.02401e+08 1.79936e+07
3.02446e+08 1.80159e+07
3.02446e+08 1.79489e+07
3.02513e+08 1.77477e+07
3.02997e+08 1.78037e+07
3.02997e+08 1.78037e+07
3.03019e+08 1.78261e+07
3.03019e+08 1.78261e+07
3.03131e+08 1.77813e+07
3.03131e+08 1.77701e+07
3.03153e+08 1.7759e+07
3.03187e+08 1.77813e+07
3.03198e+08 1.7759e+07
3.03209e+08 1.77701e+07
3.0322e+08 1.77813e+07
3.03243e+08 1.77702e+07
3.20428e+08 1.84969e+07
3.20428e+08 1.84857e+07
3.20652e+08 1.84857e+07
3.20663e+08 1.84969e+07
3.20708e+08 1.85416e+07
3.20708e+08 1.85192e+07
3.20708e+08 1.85192e+07
3.20708e+08 1.85192e+07
3.2073e+08 1.84522e+07
3.2073e+08 1.83963e+07
3.2073e+08 1.83963e+07
3.2073e+08 1.83851e+07
3.2073e+08 1.83292e+07
3.2073e+08 1.83292e+07
3.2073e+08 1.83292e+07
3.2073e+08 1.83292e+07
3.20797e+08 1.83516e+07
3.20819e+08 1.83739e+07
3.20853e+08 1.83405e+07
3.21415e+08 1.84186e+07
3.21437e+08 1.8441e+07
3.2146e+08 1.8441e+07
3.2146e+08 1.8441e+07
3.21505e+08 1.83739e+07
3.21505e+08 1.83739e+07
3.21516e+08 1.83627e+07
3.21527e+08 1.83404e+07
3.21549e+08 1.83516e+07
3.21561e+08 1.83516e+07
3.21605e+08 1.83852e+07
3.21762e+08 1.85194e+07
3.39629e+08 1.92015e+07
3.39629e+08 1.92015e+07
3.39786e+08 1.91345e+07
3.3982e+08 1.91568e+07
3.39831e+08 1.91233e+07
3.39831e+08 1.91233e+07
3.39842e+08 1.91345e+07
3.39842e+08 1.91345e+07
3.39864e+08 1.91345e+07
3.39864e+08 1.91345e+07
3.39864e+08 1.91345e+07
3.39887e+08 1.91568e+07
3.39887e+08 1.91568e+07
3.39887e+08 1.91568e+07
3.39887e+08 1.91568e+07
3.39887e+08 1.91568e+07
3.39887e+08 1.91568e+07
3.3992e+08 1.91233e+07
3.3992e+08 1.91009e+07
3.39943e+08 1.90898e+07
3.40471e+08 1.90563e+07
3.40471e+08 1.90339e+07
3.40471e+08 1.90116e+07
3.40471e+08 1.90116e+07
3.40494e+08 1.89892e+07
3.40527e+08 1.90227e+07
3.4055e+08 1.90339e+07
3.40572e+08 1.90451e+07
3.40583e+08 1.90338e+07
3.40639e+08 1.90785e+07
3.4074e+08 1.91344e+07
3.40952e+08 1.91904e+07
3.5934e+08 1.97108e+07
3.59351e+08 1.9722e+07
3.59519e+08 1.97332e+07
3.59519e+08 1.96997e+07
3.59519e+08 1.96885e+07
3.59531e+08 1.96997e+07
3.59542e+08 1.96997e+07
3.59553e+08 1.97109e+07
3.59553e+08 1.96886e+07
3.59553e+08 1.96886e+07
3.59553e+08 1.96886e+07
3.59564e+08 1.96774e+07
3.59564e+08 1.96774e+07
3.59564e+08 1.96774e+07
3.59564e+08 1.96774e+07
3.59564e+08 1.96774e+07
3.59564e+08 1.96774e+07
3.59575e+08 1.96887e+07
3.59576e+08 1.96551e+07
3.59576e+08 1.96551e+07
3.59598e+08 1.9655e+07
3.60182e+08 1.9711e+07
3.60194e+08 1.97222e+07
3.60205e+08 1.97334e+07
3.60216e+08 1.97445e+07
3.60216e+08 1.97222e+07
3.60216e+08 1.96886e+07
3.60238e+08 1.96887e+07
3.60238e+08 1.96663e+07
3.60238e+08 1.96551e+07
3.60272e+08 1.96327e+07
3.60372e+08 1.96327e+07
3.60596e+08 1.96438e+07
3.79592e+08 2.02517e+07
3.79592e+08 2.02405e+07
3.79771e+08 2.02517e+07
3.79771e+08 2.02517e+07
3.79771e+08 2.02517e+07
3.79771e+08 2.02406e+07
3.79805e+08 2.02629e+07
3.79805e+08 2.02518e+07
3.79805e+08 2.02518e+07
3.79805e+08 2.02518e+07
3.79805e+08 2.02518e+07
3.79805e+08 2.02406e+07
3.79827e+08 2.0263e+07
3.79827e+08 2.0263e+07
3.79827e+08 2.0263e+07
3.79827e+08 2.0263e+07
3.79827e+08 2.0263e+07
3.79827e+08 2.0263e+07
3.79827e+08 2.02518e+07
3.79827e+08 2.02518e+07
3.79838e+08 2.0263e+07
3.7985e+08 2.02517e+07
3.80501e+08 2.03189e+07
3.80524e+08 2.03301e+07
3.80557e+08 2.03525e+07
3.80568e+08 2.03525e+07
3.80568e+08 2.03525e+07
3.80568e+08 2.03525e+07
3.80568e+08 2.03301e+07
3.80591e+08 2.03525e+07
3.80591e+08 2.03525e+07
3.80591e+08 2.0319e+07
3.80613e+08 2.02407e+07
3.80759e+08 2.01625e+07
4.00319e+08 2.07269e+07
4.00341e+08 2.07492e+07
4.00531e+08 2.07603e+07
4.00531e+08 2.07603e+07
4.00531e+08 2.07603e+07
4.00565e+08 2.07938e+07
4.00666e+08 2.08609e+07
4.00677e+08 2.08722e+07
4.00677e+08 2.08722e+07
4.00677e+08 2.08722e+07
4.00699e+08 2.08945e+07
4.00699e+08 2.08946e+07
4.00699e+08 2.08723e+07
4.00722e+08 2.08946e+07
4.00722e+08 2.08946e+07
4.00733e+08 2.09058e+07
4.00733e+08 2.09058e+07
4.00733e+08 2.09058e+07
4.00733e+08 2.09058e+07
4.00733e+08 2.09058e+07
4.00733e+08 2.09058e+07
4.00733e+08 2.08946e+07
4.00756e+08 2.09058e+07
4.01508e+08 2.10065e+07
4.01508e+08 2.09841e+07
4.01508e+08 2.09506e+07
4.0153e+08 2.09617e+07
4.0153e+08 2.09617e+07
4.0153e+08 2.09617e+07
4.01541e+08 2.09729e+07
4.01553e+08 2.09617e+07
4.01564e+08 2.09729e+07
4.01608e+08 2.10176e+07
4.0162e+08 2.10065e+07
4.01731e+08 2.09729e+07
4.21605e+08 2.12863e+07
4.21605e+08 2.1264e+07
4.21818e+08 2.12863e+07
4.21818e+08 2.12863e+07
4.21818e+08 2.12863e+07
4.2184e+08 2.12751e+07
4.21874e+08 2.1208e+07
4.22008e+08 2.13309e+07
4.22008e+08 2.13309e+07
4.22008e+08 2.13309e+07
4.22008e+08 2.13086e+07
4.22042e+08 2.13421e+07
4.22042e+08 2.13422e+07
4.22042e+08 2.13199e+07
4.22042e+08 2.13199e+07
4.22053e+08 2.13199e+07
4.22075e+08 2.13422e+07
4.22075e+08 2.13423e+07
4.22075e+08 2.13423e+07
4.22075e+08 2.13423e+07
4.22075e+08 2.13423e+07
4.22075e+08 2.13423e+07
4.22075e+08 2.13423e+07
4.22075e+08 2.13199e+07
4.22951e+08 2.14429e+07
4.22962e+08 2.14541e+07
4.22962e+08 2.14541e+07
4.22962e+08 2.14317e+07
4.22962e+08 2.14317e+07
4.22962e+08 2.14317e+07
4.22962e+08 2.14205e+07
4.22984e+08 2.14317e+07
4.22984e+08 2.14206e+07
4.23018e+08 2.14094e+07
4.23029e+08 2.14094e+07
4.2313e+08 2.13982e+07
4.43661e+08 2.2056e+07
4.43672e+08 2.20671e+07
4.43818e+08 2.20001e+07
4.43829e+08 2.20113e+07
4.43851e+08 2.20337e+07
4.43851e+08 2.20113e+07
4.43963e+08 2.20896e+07
4.44064e+08 2.2056e+07
4.44064e+08 2.2056e+07
4.44064e+08 2.2056e+07
4.44075e+08 2.20672e+07
4.44086e+08 2.20448e+07
4.44086e+08 2.20448e+07
4.44098e+08 2.20561e+07
4.44098e+08 2.20561e+07
4.44098e+08 2.20449e+07
4.44098e+08 2.20225e+07
4.44131e+08 2.20561e+07
4.44143e+08 2.20673e+07
4.44143e+08 2.20673e+07
4.44143e+08 2.20673e+07
4.44143e+08 2.20673e+07
4.44143e+08 2.20673e+07
4.44143e+08 2.20673e+07
4.44143e+08 2.20673e+07
4.45029e+08 2.20785e+07
4.45029e+08 2.20673e+07
4.45029e+08 2.20673e+07
4.45029e+08 2.20673e+07
4.45029e+08 2.20673e+07
4.45029e+08 2.20673e+07
4.4504e+08 2.20785e+07
4.45052e+08 2.20673e+07
4.45052e+08 2.20673e+07
4.4513e+08 2.21121e+07
4.45175e+08 2.21456e+07
4.45219e+08 2.20897e+07
4.66419e+08 2.27576e+07
4.66475e+08 2.28023e+07
4.66754e+08 2.29365e+07
4.66799e+08 2.297e+07
4.66821e+08 2.297e+07
4.66833e+08 2.29812e+07
4.66833e+08 2.28694e+07
4.66833e+08 2.27688e+07
4.66833e+08 2.27688e+07
4.66833e+08 2.27688e+07
4.66833e+08 2.27576e+07
4.66833e+08 2.27464e+07
4.66844e+08 2.27575e+07
4.66889e+08 2.27912e+07
4.66889e+08 2.27912e+07
4.66889e+08 2.27912e+07
4.66889e+08 2.27912e+07
4.66911e+08 2.278e+07
4.66911e+08 2.27688e+07
4.66911e+08 2.27688e+07
4.66911e+08 2.27688e+07
4.66911e+08 2.27688e+07
4.66911e+08 2.27688e+07
4.66911e+08 2.27688e+07
4.66912e+08 2.27688e+07
4.66912e+08 2.27688e+07
4.6782e+08 2.27913e+07
4.67821e+08 2.27913e+07
4.67821e+08 2.27913e+07
4.67821e+08 2.27913e+07
4.67821e+08 2.27913e+07
4.67821e+08 2.27913e+07
4.67821e+08 2.27801e+07
4.67821e+08 2.27689e+07
4.67821e+08 2.27689e+07
4.67944e+08 2.28136e+07
4.67977e+08 2.28025e+07
4.68055e+08 2.2836e+07
4.8978e+08 2.3361e+07
4.89891e+08 2.34169e+07
4.90126e+08 2.33722e+07
4.90138e+08 2.33387e+07
4.90138e+08 2.33163e+07
4.90138e+08 2.33051e+07
4.9016e+08 2.33275e+07
4.9016e+08 2.33275e+07
4.9016e+08 2.33275e+07
4.9016e+08 2.33275e+07
4.9016e+08 2.33275e+07
4.90171e+08 2.33387e+07
4.90171e+08 2.33274e+07
4.90205e+08 2.33162e+07
4.90205e+08 2.33162e+07
4.90205e+08 2.33162e+07
4.90205e+08 2.33162e+07
4.90205e+08 2.3294e+07
4.90205e+08 2.3294e+07
4.90205e+08 2.3294e+07
4.90205e+08 2.3294e+07
4.90205e+08 2.3294e+07
4.90205e+08 2.3294e+07
4.90217e+08 2.33052e+07
4.90217e+08 2.33052e+07
4.90217e+08 2.33052e+07
4.90217e+08 2.33052e+07
4.91047e+08 2.3227e+07
4.91047e+08 2.3227e+07
4.91059e+08 2.32382e+07
4.91059e+08 2.32382e+07
4.91103e+08 2.32829e+07
4.91103e+08 2.32829e+07
4.91103e+08 2.32829e+07
4.91126e+08 2.33052e+07
4.91126e+08 2.33052e+07
4.9126e+08 2.33164e+07
4.91338e+08 2.33611e+07
4.91405e+08 2.335e+07
5.13689e+08 2.39094e+07
5.13711e+08 2.382e+07
5.13946e+08 2.382e+07
5.13947e+08 2.38088e+07
5.13947e+08 2.38088e+07
5.13947e+08 2.38088e+07
5.13947e+08 2.37864e+07
5.13947e+08 2.37864e+07
5.13947e+08 2.37864e+07
5.13947e+08 2.37864e+07
5.13947e+08 2.37864e+07
5.13947e+08 2.37753e+07
5.13947e+08 2.37752e+07
5.13969e+08 2.37641e+07
5.13969e+08 2.37641e+07
5.13969e+08 2.37641e+07
5.13969e+08 2.37641e+07
5.13992e+08 2.37865e+07
5.13992e+08 2.37865e+07
5.13992e+08 2.37865e+07
5.13992e+08 2.37865e+07
5.13992e+08 2.37865e+07
5.13992e+08 2.37865e+07
5.13992e+08 2.37753e+07
5.13992e+08 2.37753e+07
5.13992e+08 2.37753e+07
5.13992e+08 2.37753e+07
5.13992e+08 2.37753e+07
5.14812e+08 2.37642e+07
5.14812e+08 2.37642e+07
5.14868e+08 2.38089e+07
5.1489e+08 2.38313e+07
5.14912e+08 2.3809e+07
5.14912e+08 2.3809e+07
5.15013e+08 2.39096e+07
5.15013e+08 2.38872e+07
5.15047e+08 2.39208e+07
5.15125e+08 2.38648e+07
5.15203e+08 2.38648e+07
5.15248e+08 2.38425e+07
5.38002e+08 2.43129e+07
5.38002e+08 2.42905e+07
5.38293e+08 2.43464e+07
5.38304e+08 2.43576e+07
5.38304e+08 2.43576e+07
5.38304e+08 2.43576e+07
5.38304e+08 2.43576e+07
5.38304e+08 2.43576e+07
5.38304e+08 2.43576e+07
5.38304e+08 2.43576e+07
5.38304e+08 2.43576e+07
5.38315e+08 2.43688e+07
5.38315e+08 2.43687e+07
5.38338e+08 2.43687e+07
5.38338e+08 2.43687e+07
5.38338e+08 2.43687e+07
5.38338e+08 2.43687e+07
5.38361e+08 2.43688e+07
5.38361e+08 2.43688e+07
5.38361e+08 2.43688e+07
5.38361e+08 2.43688e+07
5.38361e+08 2.43688e+07
5.38361e+08 2.43688e+07
5.38361e+08 2.43688e+07
5.38361e+08 2.43688e+07
5.38361e+08 2.43688e+07
5.38361e+08 2.43688e+07
5.38361e+08 2.43688e+07
5.38361e+08 2.43688e+07
5.39069e+08 2.42571e+07
5.39069e+08 2.42571e+07
5.39069e+08 2.42012e+07
5.39136e+08 2.42459e+07
5.39136e+08 2.42235e+07
5.39181e+08 2.42682e+07
5.39371e+08 2.43577e+07
5.39393e+08 2.43801e+07
5.39393e+08 2.43465e+07
5.39471e+08 2.43465e+07
5.39572e+08 2.43689e+07
5.39617e+08 2.43689e+07
5.62989e+08 2.49872e+07
5.63023e+08 2.50207e+07
5.63224e+08 2.49313e+07
5.63224e+08 2.49201e+07
5.63224e+08 2.49201e+07
5.63224e+08 2.49201e+07
5.63224e+08 2.49201e+07
5.63224e+08 2.49201e+07
5.63224e+08 2.49201e+07
5.63224e+08 2.49201e+07
5.63224e+08 2.49201e+07
5.63224e+08 2.49089e+07
5.63224e+08 2.49089e+07
5.63236e+08 2.48977e+07
5.63236e+08 2.48977e+07
5.63236e+08 2.48977e+07
5.63247e+08 2.49089e+07
5.63281e+08 2.49201e+07
5.63281e+08 2.49201e+07
5.63281e+08 2.49201e+07
5.63281e+08 2.49201e+07
5.63281e+08 2.49201e+07
5.63281e+08 2.49201e+07
5.63281e+08 2.49201e+07
5.63281e+08 2.49201e+07
5.63281e+08 2.49201e+07
5.63281e+08 2.49202e+07
5.63292e+08 2.49313e+07
5.63292e+08 2.49313e+07
5.63292e+08 2.49313e+07
5.64045e+08 2.49761e+07
5.64045e+08 2.49761e+07
5.64045e+08 2.49761e+07
5.64078e+08 2.49425e+07
5.64101e+08 2.49648e+07
5.64101e+08 2.49201e+07
5.64336e+08 2.49649e+07
5.64336e+08 2.49426e+07
5.64336e+08 2.49426e+07
5.6438e+08 2.4909e+07
5.64537e+08 2.49649e+07
5.64582e+08 2.49649e+07
5.8852e+08 2.55306e+07
5.88587e+08 2.55642e+07
5.88721e+08 2.54972e+07
5.88721e+08 2.54972e+07
5.88721e+08 2.54972e+07
5.88721e+08 2.54972e+07
5.88721e+08 2.54972e+07
5.88721e+08 2.54972e+07
5.88721e+08 2.54972e+07
5.88722e+08 2.54973e+07
5.88722e+08 2.54973e+07
5.88722e+08 2.54973e+07
5.88722e+08 2.54973e+07
5.88733e+08 2.54972e+07
5.88733e+08 2.54972e+07
5.88744e+08 2.55083e+07
5.88755e+08 2.55083e+07
5.88755e+08 2.54746e+07
5.88755e+08 2.54746e+07
5.88755e+08 2.54746e+07
5.88755e+08 2.54746e+07
5.88767e+08 2.54859e+07
5.88767e+08 2.5486e+07
5.88767e+08 2.5486e+07
5.88767e+08 2.5486e+07
5.88767e+08 2.5486e+07
5.88812e+08 2.55307e+07
5.88812e+08 2.55195e+07
5.88812e+08 2.55195e+07
5.88812e+08 2.55195e+07
5.88812e+08 2.55195e+07
5.8952e+08 2.5475e+07
5.8952e+08 2.5475e+07
5.89531e+08 2.54861e+07
5.89531e+08 2.54526e+07
5.89531e+08 2.54302e+07
5.89531e+08 2.54302e+07
5.89844e+08 2.55084e+07
5.89844e+08 2.55084e+07
5.89878e+08 2.5542e+07
5.89878e+08 2.54973e+07
5.90045e+08 2.55085e+07
5.90213e+08 2.56314e+07
6.1448e+08 2.59602e+07
6.14603e+08 2.60161e+07
6.14804e+08 2.60831e+07
6.14804e+08 2.60831e+07
6.14804e+08 2.60831e+07
6.14804e+08 2.60831e+07
6.14804e+08 2.60831e+07
6.14805e+08 2.60831e+07
6.14805e+08 2.6083e+07
6.14805e+08 2.6083e+07
6.14805e+08 2.6083e+07
6.14805e+08 2.6083e+07
6.14805e+08 2.6083e+07
6.14805e+08 2.60718e+07
6.14805e+08 2.60718e+07
6.14805e+08 2.60606e+07
6.14805e+08 2.60493e+07
6.14805e+08 2.60492e+07
6.14805e+08 2.60492e+07
6.14805e+08 2.60492e+07
6.14805e+08 2.60492e+07
6.14805e+08 2.6038e+07
6.14816e+08 2.60493e+07
6.14816e+08 2.60493e+07
6.14816e+08 2.60493e+07
6.14816e+08 2.60493e+07
6.14816e+08 2.60047e+07
6.14816e+08 2.60047e+07
6.14828e+08 2.60159e+07
6.14828e+08 2.60159e+07
6.1485e+08 2.60384e+07
6.15255e+08 2.57352e+07
6.15255e+08 2.57352e+07
6.15255e+08 2.57352e+07
6.15255e+08 2.5724e+07
6.15255e+08 2.5724e+07
6.15255e+08 2.5724e+07
6.15255e+08 2.5724e+07
6.15255e+08 2.5411e+07
6.15255e+08 2.5411e+07
6.15255e+08 2.53774e+07
6.15255e+08 2.53774e+07
6.15255e+08 2.52096e+07
6.15255e+08 2.5042e+07
6.16835e+08 2.35479e+06
6.16846e+08 2.24295e+06
6.16869e+08 2.06406e+06
