4.18835e+06 4.18798e+06
8.26096e+06 4.07262e+06
8.26098e+06 4.07263e+06
9.82099e+06 1.56003e+06
9.821e+06 1.56002e+06
1.1554e+07 1.73303e+06
1.1554e+07 1.73304e+06
1.1554e+07 1.73304e+06
1.44587e+07 2.90465e+06
1.44587e+07 2.90465e+06
1.44587e+07 2.90466e+06
1.44699e+07 2.91585e+06
1.73215e+07 2.86278e+06
1.73215e+07 2.86278e+06
1.73215e+07 2.86278e+06
1.73215e+07 2.85159e+06
1.73215e+07 2.8516e+06
2.13278e+07 4.00634e+06
2.13278e+07 4.00638e+06
2.13279e+07 4.00638e+06
2.13279e+07 4.0064e+06
2.13391e+07 4.01762e+06
2.13391e+07 4.01763e+06
2.56225e+07 4.29469e+06
2.56895e+07 4.3617e+06
2.56896e+07 4.3617e+06
2.56896e+07 4.36169e+06
2.56896e+07 4.35047e+06
2.56896e+07 4.35047e+06
2.56896e+07 4.35047e+06
2.98888e+07 4.26634e+06
2.98888e+07 4.19929e+06
2.98888e+07 4.19929e+06
2.98889e+07 4.19929e+06
2.98889e+07 4.19929e+06
2.99001e+07 4.21049e+06
2.99001e+07 4.2105e+06
3.51207e+07 5.23184e+06
3.51318e+07 5.24302e+06
3.51319e+07 5.24302e+06
3.51319e+07 5.24302e+06
3.51319e+07 5.24302e+06
3.51319e+07 5.24302e+06
3.51431e+07 5.24301e+06
3.51431e+07 5.24304e+06
4.05796e+07 5.45895e+06
4.05909e+07 5.45903e+06
4.05909e+07 5.45903e+06
4.06021e+07 5.47022e+06
4.06021e+07 5.47022e+06
4.06021e+07 5.47022e+06
4.06021e+07 5.47022e+06
4.06021e+07 5.45904e+06
4.06357e+07 5.49261e+06
4.67313e+07 6.1517e+06
4.67537e+07 6.16285e+06
4.67761e+07 6.1852e+06
4.67873e+07 6.1852e+06
4.67985e+07 6.19639e+06
4.67985e+07 6.19639e+06
4.67985e+07 6.19639e+06
4.67985e+07 6.19639e+06
4.68209e+07 6.21878e+06
4.68657e+07 6.22994e+06
5.33464e+07 6.61511e+06
5.33464e+07 6.59272e+06
5.33464e+07 6.57036e+06
5.33912e+07 6.60394e+06
5.34248e+07 6.6263e+06
5.34248e+07 6.62631e+06
5.34248e+07 6.62633e+06
5.34248e+07 6.62633e+06
5.34248e+07 6.62633e+06
5.34472e+07 6.62633e+06
5.34585e+07 6.59282e+06
6.08491e+07 7.50266e+06
6.08491e+07 7.50267e+06
6.08491e+07 7.50267e+06
6.09274e+07 7.53617e+06
6.09274e+07 7.50263e+06
6.09498e+07 7.52498e+06
6.09945e+07 7.56974e+06
6.09946e+07 7.56975e+06
6.09946e+07 7.56975e+06
6.09946e+07 7.56975e+06
6.09946e+07 7.54734e+06
6.10505e+07 7.59204e+06
6.83447e+07 7.49556e+06
6.83447e+07 7.49555e+06
6.8367e+07 7.51791e+06
6.8367e+07 7.43967e+06
6.83894e+07 7.46202e+06
6.84453e+07 7.49556e+06
6.87695e+07 7.77494e+06
6.87695e+07 7.77494e+06
6.87695e+07 7.77494e+06
6.87695e+07 7.77494e+06
6.87695e+07 7.77494e+06
6.87695e+07 7.77494e+06
6.88254e+07 7.77488e+06
7.73051e+07 8.96039e+06
7.73051e+07 8.96039e+06
7.73051e+07 8.93803e+06
7.73051e+07 8.93803e+06
7.73498e+07 8.96042e+06
7.74169e+07 8.97157e+06
7.74952e+07 8.72568e+06
7.74952e+07 8.72568e+06
7.74952e+07 8.72568e+06
7.74952e+07 8.72569e+06
7.74952e+07 8.72569e+06
7.74952e+07 8.72569e+06
7.74952e+07 8.72569e+06
7.75064e+07 8.68097e+06
8.63042e+07 8.99915e+06
8.63042e+07 8.99915e+06
8.63266e+07 9.02151e+06
8.63378e+07 9.03268e+06
8.63489e+07 8.99911e+06
8.63489e+07 8.93205e+06
8.63713e+07 8.87614e+06
8.63825e+07 8.88732e+06
8.64049e+07 8.90967e+06
8.64049e+07 8.90967e+06
8.64049e+07 8.90967e+06
8.64272e+07 8.93203e+06
8.64384e+07 8.94321e+06
8.64384e+07 8.94321e+06
8.64384e+07 8.93202e+06
9.63913e+07 1.00871e+07
9.64136e+07 1.01094e+07
9.64248e+07 1.00982e+07
9.64472e+07 1.01094e+07
9.64472e+07 1.00982e+07
9.64472e+07 1.00982e+07
9.64695e+07 1.00982e+07
9.64695e+07 1.0087e+07
9.64807e+07 1.00759e+07
9.64807e+07 1.00759e+07
9.64807e+07 1.00759e+07
9.65143e+07 1.0087e+07
9.65255e+07 1.00982e+07
9.65255e+07 1.00871e+07
9.65255e+07 1.00871e+07
9.65367e+07 1.00982e+07
1.06603e+08 1.02112e+07
1.06625e+08 1.02112e+07
1.06636e+08 1.02112e+07
1.06636e+08 1.01889e+07
1.06636e+08 1.01889e+07
1.06658e+08 1.02112e+07
1.06681e+08 1.02112e+07
1.06692e+08 1.02224e+07
1.06692e+08 1.02113e+07
1.06759e+08 1.02783e+07
1.06759e+08 1.02783e+07
1.06759e+08 1.02448e+07
1.06759e+08 1.02336e+07
1.06759e+08 1.02336e+07
1.06781e+08 1.0256e+07
1.06793e+08 1.02672e+07
1.06793e+08 1.0256e+07
1.17757e+08 1.11544e+07
1.17757e+08 1.11321e+07
1.17757e+08 1.11209e+07
1.17768e+08 1.11321e+07
1.17768e+08 1.11321e+07
1.17768e+08 1.11097e+07
1.17768e+08 1.10874e+07
1.17813e+08 1.1121e+07
1.17813e+08 1.1121e+07
1.17835e+08 1.10763e+07
1.17835e+08 1.10763e+07
1.17835e+08 1.10763e+07
1.17847e+08 1.10875e+07
1.17847e+08 1.10875e+07
1.17847e+08 1.10651e+07
1.17847e+08 1.10651e+07
1.17891e+08 1.10987e+07
1.17891e+08 1.10987e+07
1.29084e+08 1.13274e+07
1.29084e+08 1.13274e+07
1.29084e+08 1.13274e+07
1.29118e+08 1.13497e+07
1.29118e+08 1.13497e+07
1.29118e+08 1.13497e+07
1.29118e+08 1.13497e+07
1.29196e+08 1.13833e+07
1.29196e+08 1.13833e+07
1.29219e+08 1.13833e+07
1.2923e+08 1.13944e+07
1.29241e+08 1.14056e+07
1.29241e+08 1.13944e+07
1.29241e+08 1.13944e+07
1.29241e+08 1.13944e+07
1.29241e+08 1.13944e+07
1.29241e+08 1.13497e+07
1.29241e+08 1.13497e+07
1.29308e+08 1.14168e+07
1.4162e+08 1.25357e+07
1.4162e+08 1.25357e+07
1.4162e+08 1.25357e+07
1.4162e+08 1.25021e+07
1.4162e+08 1.25021e+07
1.4162e+08 1.25021e+07
1.4162e+08 1.25021e+07
1.41642e+08 1.24462e+07
1.41642e+08 1.24462e+07
1.41676e+08 1.24574e+07
1.41698e+08 1.24686e+07
1.41698e+08 1.24574e+07
1.41698e+08 1.24574e+07
1.41698e+08 1.24574e+07
1.41698e+08 1.24574e+07
1.41698e+08 1.24574e+07
1.4171e+08 1.24686e+07
1.41732e+08 1.2491e+07
1.41754e+08 1.25133e+07
1.41766e+08 1.24575e+07
1.54142e+08 1.25223e+07
1.54142e+08 1.25223e+07
1.54142e+08 1.25223e+07
1.54142e+08 1.25223e+07
1.54142e+08 1.25223e+07
1.54142e+08 1.25223e+07
1.54153e+08 1.25334e+07
1.54209e+08 1.25669e+07
1.54209e+08 1.25669e+07
1.54221e+08 1.25446e+07
1.54243e+08 1.25446e+07
1.54254e+08 1.25558e+07
1.54254e+08 1.25558e+07
1.54254e+08 1.25558e+07
1.54265e+08 1.2567e+07
1.54265e+08 1.2567e+07
1.54277e+08 1.2567e+07
1.54288e+08 1.25558e+07
1.54288e+08 1.25334e+07
1.54355e+08 1.25893e+07
1.54355e+08 1.25893e+07
1.67818e+08 1.36761e+07
1.67818e+08 1.36761e+07
1.67818e+08 1.36761e+07
1.67818e+08 1.36761e+07
1.67818e+08 1.36761e+07
1.67818e+08 1.36761e+07
1.67818e+08 1.3665e+07
1.67852e+08 1.36426e+07
1.67863e+08 1.36538e+07
1.67863e+08 1.36426e+07
1.67874e+08 1.36314e+07
1.67874e+08 1.36202e+07
1.67874e+08 1.36202e+07
1.67874e+08 1.36202e+07
1.67908e+08 1.36426e+07
1.67908e+08 1.36426e+07
1.6793e+08 1.36538e+07
1.6793e+08 1.36426e+07
1.68042e+08 1.37544e+07
1.68042e+08 1.36873e+07
1.68042e+08 1.36873e+07
1.68053e+08 1.36985e+07
1.80892e+08 1.30733e+07
1.80892e+08 1.30733e+07
1.80892e+08 1.30733e+07
1.80903e+08 1.30845e+07
1.80914e+08 1.30956e+07
1.80914e+08 1.30956e+07
1.80914e+08 1.30956e+07
1.80925e+08 1.30733e+07
1.80936e+08 1.30733e+07
1.81026e+08 1.31627e+07
1.81048e+08 1.31739e+07
1.81071e+08 1.31962e+07
1.81082e+08 1.32074e+07
1.81082e+08 1.32074e+07
1.81115e+08 1.32074e+07
1.81115e+08 1.32074e+07
1.81182e+08 1.32521e+07
1.81194e+08 1.32633e+07
1.81194e+08 1.31515e+07
1.81205e+08 1.31627e+07
1.81205e+08 1.31627e+07
1.81205e+08 1.31515e+07
1.95083e+08 1.41912e+07
1.95116e+08 1.42248e+07
1.95128e+08 1.42359e+07
1.95128e+08 1.42359e+07
1.95128e+08 1.42248e+07
1.95172e+08 1.42583e+07
1.95172e+08 1.42583e+07
1.95184e+08 1.42695e+07
1.95184e+08 1.42583e+07
1.95217e+08 1.42807e+07
1.95284e+08 1.42583e+07
1.95284e+08 1.4236e+07
1.95295e+08 1.42248e+07
1.95295e+08 1.42136e+07
1.95295e+08 1.42136e+07
1.95329e+08 1.42136e+07
1.95329e+08 1.42136e+07
1.9534e+08 1.41577e+07
1.95374e+08 1.41801e+07
1.95419e+08 1.42248e+07
1.95486e+08 1.42808e+07
1.95486e+08 1.42808e+07
1.95508e+08 1.43031e+07
2.09735e+08 1.46523e+07
2.09735e+08 1.46188e+07
2.09735e+08 1.46188e+07
2.09735e+08 1.46076e+07
2.09735e+08 1.46076e+07
2.09769e+08 1.46412e+07
2.09769e+08 1.45965e+07
2.09802e+08 1.463e+07
2.09814e+08 1.463e+07
2.09814e+08 1.463e+07
2.09825e+08 1.46077e+07
2.09858e+08 1.45741e+07
2.0987e+08 1.45853e+07
2.09881e+08 1.45853e+07
2.09914e+08 1.46188e+07
2.09914e+08 1.46188e+07
2.09959e+08 1.463e+07
2.09959e+08 1.463e+07
2.10082e+08 1.47418e+07
2.10127e+08 1.4753e+07
2.10172e+08 1.4753e+07
2.10205e+08 1.47195e+07
2.10216e+08 1.47306e+07
2.10216e+08 1.47083e+07
2.25254e+08 1.55191e+07
2.25288e+08 1.55527e+07
2.25288e+08 1.55527e+07
2.25288e+08 1.55527e+07
2.25288e+08 1.55527e+07
2.25288e+08 1.55527e+07
2.25299e+08 1.55304e+07
2.25299e+08 1.55304e+07
2.25344e+08 1.55415e+07
2.25344e+08 1.55304e+07
2.25344e+08 1.55304e+07
2.25512e+08 1.56869e+07
2.25534e+08 1.56757e+07
2.25534e+08 1.56645e+07
2.2559e+08 1.57093e+07
2.2559e+08 1.56757e+07
2.2559e+08 1.56757e+07
2.25601e+08 1.56422e+07
2.25635e+08 1.56757e+07
2.25747e+08 1.56645e+07
2.25758e+08 1.5631e+07
2.25769e+08 1.55975e+07
2.2578e+08 1.55751e+07
2.2578e+08 1.55639e+07
2.2578e+08 1.55639e+07
2.41283e+08 1.60284e+07
2.41283e+08 1.59948e+07
2.41283e+08 1.59948e+07
2.41283e+08 1.59948e+07
2.41283e+08 1.59948e+07
2.41294e+08 1.6006e+07
2.41294e+08 1.6006e+07
2.41372e+08 1.60731e+07
2.41406e+08 1.61066e+07
2.41428e+08 1.60843e+07
2.41428e+08 1.60843e+07
2.41439e+08 1.60955e+07
2.41507e+08 1.59949e+07
2.41529e+08 1.59949e+07
2.41529e+08 1.59949e+07
2.41607e+08 1.60173e+07
2.41607e+08 1.60173e+07
2.41607e+08 1.60173e+07
2.41618e+08 1.60173e+07
2.41618e+08 1.59837e+07
2.41674e+08 1.59278e+07
2.41697e+08 1.5939e+07
2.41708e+08 1.5939e+07
2.41775e+08 1.59948e+07
2.41775e+08 1.59948e+07
2.41786e+08 1.6006e+07
2.57822e+08 1.65396e+07
2.57822e+08 1.65396e+07
2.57822e+08 1.65396e+07
2.57822e+08 1.65396e+07
2.57822e+08 1.65396e+07
2.57856e+08 1.6562e+07
2.57856e+08 1.6562e+07
2.57867e+08 1.65732e+07
2.57923e+08 1.65509e+07
2.57945e+08 1.65397e+07
2.57968e+08 1.65397e+07
2.57968e+08 1.65397e+07
2.57968e+08 1.65285e+07
2.5799e+08 1.64838e+07
2.5799e+08 1.64615e+07
2.5799e+08 1.64615e+07
2.58069e+08 1.64614e+07
2.58069e+08 1.64614e+07
2.58069e+08 1.64614e+07
2.58102e+08 1.64837e+07
2.58136e+08 1.65173e+07
2.58248e+08 1.65732e+07
2.5827e+08 1.65732e+07
2.58281e+08 1.65731e+07
2.58281e+08 1.65061e+07
2.58304e+08 1.65285e+07
2.58326e+08 1.65397e+07
2.74865e+08 1.70426e+07
2.74865e+08 1.70426e+07
2.74865e+08 1.70426e+07
2.7491e+08 1.70873e+07
2.7491e+08 1.70873e+07
2.74921e+08 1.7065e+07
2.74921e+08 1.7065e+07
2.74921e+08 1.70538e+07
2.74921e+08 1.70538e+07
2.74954e+08 1.70313e+07
2.74977e+08 1.70313e+07
2.7501e+08 1.70425e+07
2.7501e+08 1.70425e+07
2.7501e+08 1.70425e+07
2.75066e+08 1.7076e+07
2.75066e+08 1.7076e+07
2.75066e+08 1.7076e+07
2.75066e+08 1.69978e+07
2.75078e+08 1.7009e+07
2.75078e+08 1.7009e+07
2.75111e+08 1.7009e+07
2.75111e+08 1.69754e+07
2.75145e+08 1.68972e+07
2.75145e+08 1.68749e+07
2.75257e+08 1.69755e+07
2.75257e+08 1.69755e+07
2.75324e+08 1.70202e+07
2.75368e+08 1.70425e+07
2.92546e+08 1.76814e+07
2.92558e+08 1.76926e+07
2.92558e+08 1.76926e+07
2.92558e+08 1.76479e+07
2.92558e+08 1.76479e+07
2.92591e+08 1.76702e+07
2.92591e+08 1.76702e+07
2.92625e+08 1.77038e+07
2.92625e+08 1.77038e+07
2.92658e+08 1.77038e+07
2.92658e+08 1.77038e+07
2.92681e+08 1.77038e+07
2.92692e+08 1.76814e+07
2.92725e+08 1.7715e+07
2.92725e+08 1.7715e+07
2.92748e+08 1.76814e+07
2.92792e+08 1.77261e+07
2.92793e+08 1.77261e+07
2.92793e+08 1.77261e+07
2.92804e+08 1.77261e+07
2.92804e+08 1.77261e+07
2.92804e+08 1.76926e+07
2.92815e+08 1.77038e+07
2.92871e+08 1.77261e+07
2.92871e+08 1.77261e+07
2.93072e+08 1.78155e+07
2.93083e+08 1.78267e+07
2.93095e+08 1.77708e+07
2.93095e+08 1.77261e+07
3.10786e+08 1.82397e+07
3.10786e+08 1.82285e+07
3.10786e+08 1.82285e+07
3.10786e+08 1.82285e+07
3.10797e+08 1.82397e+07
3.10842e+08 1.82509e+07
3.10842e+08 1.82509e+07
3.10842e+08 1.82173e+07
3.10842e+08 1.82173e+07
3.10842e+08 1.81838e+07
3.10842e+08 1.81838e+07
3.10842e+08 1.81838e+07
3.10853e+08 1.81726e+07
3.10853e+08 1.81614e+07
3.10864e+08 1.81391e+07
3.10864e+08 1.81391e+07
3.10864e+08 1.81167e+07
3.10876e+08 1.80832e+07
3.10876e+08 1.80832e+07
3.10876e+08 1.80832e+07
3.10898e+08 1.80943e+07
3.10898e+08 1.80944e+07
3.10898e+08 1.80944e+07
3.10898e+08 1.80832e+07
3.10932e+08 1.80608e+07
3.10943e+08 1.8072e+07
3.112e+08 1.81279e+07
3.112e+08 1.81167e+07
3.11256e+08 1.81614e+07
3.11256e+08 1.81614e+07
3.29471e+08 1.86849e+07
3.29471e+08 1.86849e+07
3.29471e+08 1.86849e+07
3.29471e+08 1.86849e+07
3.29471e+08 1.86738e+07
3.29493e+08 1.86514e+07
3.29493e+08 1.86514e+07
3.29505e+08 1.86626e+07
3.29516e+08 1.86737e+07
3.29516e+08 1.86737e+07
3.29516e+08 1.86737e+07
3.29516e+08 1.86737e+07
3.29516e+08 1.86626e+07
3.29516e+08 1.86626e+07
3.29516e+08 1.86625e+07
3.29516e+08 1.86514e+07
3.29516e+08 1.86514e+07
3.29516e+08 1.86514e+07
3.29527e+08 1.86514e+07
3.29527e+08 1.86514e+07
3.29527e+08 1.86514e+07
3.29527e+08 1.8629e+07
3.29549e+08 1.86514e+07
3.29549e+08 1.86514e+07
3.2955e+08 1.86514e+07
3.29617e+08 1.86849e+07
3.29628e+08 1.86849e+07
3.29706e+08 1.85061e+07
3.29706e+08 1.85061e+07
3.2974e+08 1.84838e+07
3.29762e+08 1.85061e+07
3.48818e+08 1.93469e+07
3.48818e+08 1.93469e+07
3.48818e+08 1.93469e+07
3.48818e+08 1.93469e+07
3.48818e+08 1.93469e+07
3.48818e+08 1.93245e+07
3.48818e+08 1.93245e+07
3.48818e+08 1.93133e+07
3.48829e+08 1.93133e+07
3.48829e+08 1.93133e+07
3.48829e+08 1.93133e+07
3.48829e+08 1.93133e+07
3.4884e+08 1.93245e+07
3.4884e+08 1.93245e+07
3.4884e+08 1.93245e+07
3.4884e+08 1.93245e+07
3.48874e+08 1.9358e+07
3.48885e+08 1.93692e+07
3.48885e+08 1.93692e+07
3.48885e+08 1.93581e+07
3.48885e+08 1.93581e+07
3.48896e+08 1.93692e+07
3.48919e+08 1.93916e+07
3.4893e+08 1.93804e+07
3.48941e+08 1.93915e+07
3.48941e+08 1.93916e+07
3.48964e+08 1.93469e+07
3.48975e+08 1.93469e+07
3.49075e+08 1.93692e+07
3.49109e+08 1.94027e+07
3.49143e+08 1.94027e+07
3.49143e+08 1.93804e+07
3.68585e+08 1.97667e+07
3.68585e+08 1.97667e+07
3.68629e+08 1.98114e+07
3.68652e+08 1.98337e+07
3.68663e+08 1.98449e+07
3.68663e+08 1.98449e+07
3.68674e+08 1.98561e+07
3.68696e+08 1.98785e+07
3.68696e+08 1.98673e+07
3.68696e+08 1.98673e+07
3.68696e+08 1.98673e+07
3.68696e+08 1.98673e+07
3.68752e+08 1.9912e+07
3.68763e+08 1.99232e+07
3.68763e+08 1.99232e+07
3.68763e+08 1.99232e+07
3.68763e+08 1.99232e+07
3.68775e+08 1.99008e+07
3.68775e+08 1.98897e+07
3.68775e+08 1.98897e+07
3.68775e+08 1.98896e+07
3.68786e+08 1.99008e+07
3.68786e+08 1.98896e+07
3.68786e+08 1.98673e+07
3.68786e+08 1.98561e+07
3.68819e+08 1.98785e+07
3.68831e+08 1.98896e+07
3.68887e+08 1.99232e+07
3.68943e+08 1.99679e+07
3.68999e+08 1.99232e+07
3.68999e+08 1.98896e+07
3.69077e+08 1.99343e+07
3.69077e+08 1.99343e+07
3.89122e+08 2.0537e+07
3.89122e+08 2.0537e+07
3.89144e+08 2.05147e+07
3.89144e+08 2.04923e+07
3.89144e+08 2.04811e+07
3.89155e+08 2.04923e+07
3.89166e+08 2.04923e+07
3.89177e+08 2.04811e+07
3.89177e+08 2.04811e+07
3.89177e+08 2.04811e+07
3.89178e+08 2.04811e+07
3.89178e+08 2.04811e+07
3.892e+08 2.04476e+07
3.89233e+08 2.047e+07
3.89233e+08 2.047e+07
3.89245e+08 2.04811e+07
3.89245e+08 2.04811e+07
3.89256e+08 2.04923e+07
3.89267e+08 2.04923e+07
3.89267e+08 2.04923e+07
3.89301e+08 2.05259e+07
3.89334e+08 2.05594e+07
3.89357e+08 2.05706e+07
3.89357e+08 2.05706e+07
3.89424e+08 2.06377e+07
3.89435e+08 2.06488e+07
3.89446e+08 2.06265e+07
3.89446e+08 2.06153e+07
3.89524e+08 2.06376e+07
3.89547e+08 2.06041e+07
3.89625e+08 2.06264e+07
3.89625e+08 2.06265e+07
3.89703e+08 2.06265e+07
3.89703e+08 2.06265e+07
4.10191e+08 2.10695e+07
4.10236e+08 2.11143e+07
4.10236e+08 2.10919e+07
4.10236e+08 2.10919e+07
4.10236e+08 2.10919e+07
4.10236e+08 2.10807e+07
4.10236e+08 2.10695e+07
4.10236e+08 2.10584e+07
4.10258e+08 2.10807e+07
4.10269e+08 2.10919e+07
4.10281e+08 2.11031e+07
4.10292e+08 2.11142e+07
4.10292e+08 2.10919e+07
4.10292e+08 2.10584e+07
4.10292e+08 2.10584e+07
4.10292e+08 2.10472e+07
4.10303e+08 2.10584e+07
4.10303e+08 2.10472e+07
4.10303e+08 2.1036e+07
4.10303e+08 2.1036e+07
4.10303e+08 2.1036e+07
4.10314e+08 2.10137e+07
4.10325e+08 2.09913e+07
4.10359e+08 2.10025e+07
4.10359e+08 2.10025e+07
4.10381e+08 2.09578e+07
4.10404e+08 2.09689e+07
4.10426e+08 2.09801e+07
4.10437e+08 2.09913e+07
4.10538e+08 2.10137e+07
4.10571e+08 2.10248e+07
4.10773e+08 2.11478e+07
4.10795e+08 2.11702e+07
4.10862e+08 2.1159e+07
4.10862e+08 2.1159e+07
4.32021e+08 2.18297e+07
4.32021e+08 2.1785e+07
4.32021e+08 2.1785e+07
4.32021e+08 2.1785e+07
4.32021e+08 2.1785e+07
4.32021e+08 2.1785e+07
4.32043e+08 2.18073e+07
4.32043e+08 2.18073e+07
4.32054e+08 2.17962e+07
4.32066e+08 2.17962e+07
4.32066e+08 2.1785e+07
4.32066e+08 2.17738e+07
4.32066e+08 2.17738e+07
4.32077e+08 2.1785e+07
4.32077e+08 2.1785e+07
4.32077e+08 2.1785e+07
4.32077e+08 2.17738e+07
4.32088e+08 2.1785e+07
4.32088e+08 2.1785e+07
4.32088e+08 2.1785e+07
4.32088e+08 2.1785e+07
4.32088e+08 2.1785e+07
4.32088e+08 2.17738e+07
4.32088e+08 2.17626e+07
4.32133e+08 2.17738e+07
4.32144e+08 2.1785e+07
4.32144e+08 2.17626e+07
4.32177e+08 2.17738e+07
4.322e+08 2.17738e+07
4.32211e+08 2.17738e+07
4.32256e+08 2.17179e+07
4.32278e+08 2.17067e+07
4.32625e+08 2.18521e+07
4.32647e+08 2.18521e+07
4.32647e+08 2.1785e+07
4.32647e+08 2.1785e+07
4.5432e+08 2.22992e+07
4.5432e+08 2.22992e+07
4.5432e+08 2.22992e+07
4.54331e+08 2.23104e+07
4.54342e+08 2.23216e+07
4.54342e+08 2.23216e+07
4.54376e+08 2.23328e+07
4.54376e+08 2.23328e+07
4.54376e+08 2.23216e+07
4.54376e+08 2.23104e+07
4.54376e+08 2.23104e+07
4.54376e+08 2.23104e+07
4.54376e+08 2.23104e+07
4.54376e+08 2.22992e+07
4.54376e+08 2.22992e+07
4.54376e+08 2.22992e+07
4.54376e+08 2.22992e+07
4.54376e+08 2.22881e+07
4.54376e+08 2.22881e+07
4.54376e+08 2.22881e+07
4.54376e+08 2.22881e+07
4.54376e+08 2.22881e+07
4.54376e+08 2.22881e+07
4.54376e+08 2.22881e+07
4.54376e+08 2.22881e+07
4.5441e+08 2.22769e+07
4.54421e+08 2.22769e+07
4.54432e+08 2.22881e+07
4.54443e+08 2.22657e+07
4.54443e+08 2.22434e+07
4.54477e+08 2.22657e+07
4.54533e+08 2.22769e+07
4.54577e+08 2.22992e+07
4.54891e+08 2.22657e+07
4.54902e+08 2.22546e+07
4.54924e+08 2.22769e+07
4.54924e+08 2.22769e+07
4.77153e+08 2.28327e+07
4.77153e+08 2.28327e+07
4.77175e+08 2.28551e+07
4.77175e+08 2.28439e+07
4.77175e+08 2.28327e+07
4.77175e+08 2.28328e+07
4.77175e+08 2.27992e+07
4.77175e+08 2.27992e+07
4.77175e+08 2.27992e+07
4.77175e+08 2.27992e+07
4.77175e+08 2.27992e+07
4.77175e+08 2.27992e+07
4.77175e+08 2.27992e+07
4.77175e+08 2.27992e+07
4.77175e+08 2.27992e+07
4.77175e+08 2.27992e+07
4.77175e+08 2.27992e+07
4.77175e+08 2.27992e+07
4.77175e+08 2.27992e+07
4.77175e+08 2.27992e+07
4.77175e+08 2.27992e+07
4.77175e+08 2.27992e+07
4.77175e+08 2.27992e+07
4.77175e+08 2.27992e+07
4.77186e+08 2.28104e+07
4.77209e+08 2.28328e+07
4.77242e+08 2.28328e+07
4.77242e+08 2.28216e+07
4.77265e+08 2.28328e+07
4.77265e+08 2.28216e+07
4.77265e+08 2.28216e+07
4.77377e+08 2.28998e+07
4.77421e+08 2.28886e+07
4.77421e+08 2.28439e+07
4.77913e+08 2.30228e+07
4.7798e+08 2.30787e+07
4.7798e+08 2.30563e+07
4.77992e+08 2.30675e+07
5.00633e+08 2.34798e+07
5.00633e+08 2.34798e+07
5.00644e+08 2.34687e+07
5.00644e+08 2.34687e+07
5.00644e+08 2.34687e+07
5.00644e+08 2.34687e+07
5.00644e+08 2.34687e+07
5.00644e+08 2.34687e+07
5.00644e+08 2.34687e+07
5.00644e+08 2.34687e+07
5.00644e+08 2.34687e+07
5.00644e+08 2.34687e+07
5.00644e+08 2.34687e+07
5.00644e+08 2.34687e+07
5.00644e+08 2.34687e+07
5.00644e+08 2.34687e+07
5.00644e+08 2.34687e+07
5.00644e+08 2.34687e+07
5.00655e+08 2.34799e+07
5.00655e+08 2.34799e+07
5.00655e+08 2.34799e+07
5.00666e+08 2.3491e+07
5.00678e+08 2.35022e+07
5.00733e+08 2.35581e+07
5.00733e+08 2.35581e+07
5.00733e+08 2.35469e+07
5.00733e+08 2.35246e+07
5.00789e+08 2.35469e+07
5.00868e+08 2.36252e+07
5.00868e+08 2.36028e+07
5.00868e+08 2.36028e+07
5.00879e+08 2.3614e+07
5.00935e+08 2.35581e+07
5.00968e+08 2.35469e+07
5.00968e+08 2.35469e+07
5.01371e+08 2.34575e+07
5.01393e+08 2.34128e+07
5.01438e+08 2.34575e+07
5.01438e+08 2.34464e+07
5.24808e+08 2.41753e+07
5.24808e+08 2.41753e+07
5.24819e+08 2.41753e+07
5.24819e+08 2.41753e+07
5.24819e+08 2.41753e+07
5.24819e+08 2.41753e+07
5.24819e+08 2.41753e+07
5.24819e+08 2.41753e+07
5.24819e+08 2.41753e+07
5.24819e+08 2.41753e+07
5.24819e+08 2.41753e+07
5.24819e+08 2.41753e+07
5.2483e+08 2.41865e+07
5.2483e+08 2.41865e+07
5.2483e+08 2.41865e+07
5.24842e+08 2.41977e+07
5.24886e+08 2.42424e+07
5.24897e+08 2.42535e+07
5.24897e+08 2.42424e+07
5.24965e+08 2.43094e+07
5.24965e+08 2.43094e+07
5.24976e+08 2.43094e+07
5.24976e+08 2.42982e+07
5.24976e+08 2.42424e+07
5.25009e+08 2.42759e+07
5.25009e+08 2.42759e+07
5.25009e+08 2.42759e+07
5.25043e+08 2.43094e+07
5.25065e+08 2.42759e+07
5.2511e+08 2.42424e+07
5.2511e+08 2.42424e+07
5.2511e+08 2.42424e+07
5.25121e+08 2.42424e+07
5.25121e+08 2.41865e+07
5.25166e+08 2.41977e+07
5.25166e+08 2.41977e+07
5.25613e+08 2.42424e+07
5.25624e+08 2.42312e+07
5.25669e+08 2.42312e+07
5.25669e+08 2.42312e+07
5.49603e+08 2.47955e+07
5.49615e+08 2.48066e+07
5.49615e+08 2.47955e+07
5.49615e+08 2.47955e+07
5.49615e+08 2.47955e+07
5.49637e+08 2.48178e+07
5.49637e+08 2.48178e+07
5.49637e+08 2.48178e+07
5.49648e+08 2.4829e+07
5.49648e+08 2.4829e+07
5.49648e+08 2.4829e+07
5.49659e+08 2.48402e+07
5.49659e+08 2.4829e+07
5.49659e+08 2.4829e+07
5.49704e+08 2.48737e+07
5.49726e+08 2.48849e+07
5.49726e+08 2.48402e+07
5.49726e+08 2.4829e+07
5.49738e+08 2.48402e+07
5.4976e+08 2.47955e+07
5.49782e+08 2.48178e+07
5.49805e+08 2.4829e+07
5.49805e+08 2.4829e+07
5.49816e+08 2.48402e+07
5.49838e+08 2.4829e+07
5.49861e+08 2.48514e+07
5.49861e+08 2.48514e+07
5.49861e+08 2.48514e+07
5.49861e+08 2.48178e+07
5.49861e+08 2.47955e+07
5.49894e+08 2.47843e+07
5.49905e+08 2.47955e+07
5.49905e+08 2.47955e+07
5.49917e+08 2.47955e+07
5.49917e+08 2.47955e+07
5.50006e+08 2.48402e+07
5.50051e+08 2.48849e+07
5.50588e+08 2.49743e+07
5.5061e+08 2.49855e+07
5.5061e+08 2.49408e+07
5.50621e+08 2.49519e+07
5.75136e+08 2.5533e+07
5.75148e+08 2.5533e+07
5.75148e+08 2.5533e+07
5.75148e+08 2.5533e+07
5.75148e+08 2.5533e+07
5.7517e+08 2.5533e+07
5.75204e+08 2.55665e+07
5.75204e+08 2.55666e+07
5.75215e+08 2.55665e+07
5.75226e+08 2.55777e+07
5.75226e+08 2.55777e+07
5.75237e+08 2.55777e+07
5.75237e+08 2.55777e+07
5.75259e+08 2.56001e+07
5.75259e+08 2.55554e+07
5.75259e+08 2.5533e+07
5.7526e+08 2.5533e+07
5.75315e+08 2.55889e+07
5.75338e+08 2.56001e+07
5.75338e+08 2.55777e+07
5.7536e+08 2.55777e+07
5.75383e+08 2.55777e+07
5.75383e+08 2.55777e+07
5.75383e+08 2.55666e+07
5.75405e+08 2.55666e+07
5.75405e+08 2.55442e+07
5.75416e+08 2.55554e+07
5.75416e+08 2.55554e+07
5.75416e+08 2.55554e+07
5.75427e+08 2.55666e+07
5.75427e+08 2.55666e+07
5.75461e+08 2.55666e+07
5.75494e+08 2.55889e+07
5.75494e+08 2.55889e+07
5.75494e+08 2.55777e+07
5.7564e+08 2.5723e+07
5.75673e+08 2.56672e+07
5.7583e+08 2.57789e+07
5.76244e+08 2.5656e+07
5.76244e+08 2.56336e+07
5.76244e+08 2.56336e+07
5.76244e+08 2.56224e+07
6.01263e+08 2.61269e+07
6.01274e+08 2.61269e+07
6.01274e+08 2.61269e+07
6.01274e+08 2.61269e+07
6.01275e+08 2.61269e+07
6.01275e+08 2.61046e+07
6.01286e+08 2.60822e+07
6.01319e+08 2.61157e+07
6.0133e+08 2.61158e+07
6.0133e+08 2.61046e+07
6.01364e+08 2.61381e+07
6.01364e+08 2.61269e+07
6.01375e+08 2.61381e+07
6.01375e+08 2.61158e+07
6.01375e+08 2.61158e+07
6.01442e+08 2.61828e+07
6.01442e+08 2.61828e+07
6.01576e+08 2.62611e+07
6.01588e+08 2.62499e+07
6.01644e+08 2.63058e+07
6.01644e+08 2.62834e+07
6.01666e+08 2.62834e+07
6.01677e+08 2.62946e+07
6.01677e+08 2.62946e+07
6.01677e+08 2.62723e+07
6.01677e+08 2.62723e+07
6.01677e+08 2.62611e+07
6.017e+08 2.62834e+07
6.01711e+08 2.62946e+07
6.01711e+08 2.62834e+07
6.01711e+08 2.62834e+07
6.01722e+08 2.62946e+07
6.01722e+08 2.62611e+07
6.01767e+08 2.62722e+07
6.01767e+08 2.62722e+07
6.01767e+08 2.62722e+07
6.02001e+08 2.63617e+07
6.02013e+08 2.63393e+07
6.02091e+08 2.6261e+07
6.02393e+08 2.61493e+07
6.02393e+08 2.61493e+07
6.02404e+08 2.61605e+07
6.02415e+08 2.61717e+07
6.27667e+08 2.64039e+07
6.27667e+08 2.63928e+07
6.27667e+08 2.63928e+07
6.27667e+08 2.63928e+07
6.27667e+08 2.63927e+07
6.27667e+08 2.63927e+07
6.27667e+08 2.63815e+07
6.27667e+08 2.6348e+07
6.27667e+08 2.63368e+07
6.27667e+08 2.63368e+07
6.27667e+08 2.63033e+07
6.27667e+08 2.63033e+07
6.2769e+08 2.63147e+07
6.27701e+08 2.63259e+07
6.27701e+08 2.63259e+07
6.27701e+08 2.62588e+07
6.27701e+08 2.62588e+07
6.27701e+08 2.61247e+07
6.27701e+08 2.61135e+07
6.27701e+08 2.60576e+07
6.27701e+08 2.60576e+07
6.27701e+08 2.60353e+07
6.27701e+08 2.60241e+07
6.27701e+08 2.60241e+07
6.27701e+08 2.60241e+07
6.27701e+08 2.60241e+07
6.27701e+08 2.60241e+07
6.27701e+08 2.60018e+07
6.27701e+08 2.59906e+07
6.27701e+08 2.59906e+07
6.27712e+08 2.60018e+07
6.27713e+08 2.59907e+07
6.27746e+08 2.60244e+07
6.27758e+08 2.60358e+07
6.27769e+08 2.60024e+07
6.27791e+08 2.60248e+07
6.27791e+08 2.60249e+07
6.27803e+08 2.58015e+07
6.27814e+08 2.58015e+07
6.27814e+08 2.57232e+07
6.27848e+08 2.54548e+07
6.27859e+08 2.5466e+07
6.27859e+08 2.54548e+07
6.27859e+08 2.54436e+07
6.32987e+08 5.31984e+06
6.32987e+08 5.31985e+06
6.32987e+08 5.31986e+06
