3.61832e+06 3.61814e+06
8.30658e+06 4.68826e+06
8.30658e+06 4.68826e+06
9.78168e+06 1.47511e+06
9.78169e+06 1.47511e+06
1.1762e+07 1.98035e+06
1.1762e+07 1.98036e+06
1.1762e+07 1.98036e+06
1.46039e+07 2.84191e+06
1.46039e+07 2.84191e+06
1.4604e+07 2.84191e+06
1.4604e+07 2.84192e+06
1.81698e+07 3.56585e+06
1.81698e+07 3.56585e+06
1.81698e+07 3.56585e+06
1.81698e+07 3.56585e+06
1.81698e+07 3.56585e+06
2.19606e+07 3.79084e+06
2.19719e+07 3.80206e+06
2.19719e+07 3.80209e+06
2.19719e+07 3.80211e+06
2.1972e+07 3.80215e+06
2.19943e+07 3.82451e+06
2.75195e+07 5.55887e+06
2.75195e+07 5.54769e+06
2.75196e+07 5.54767e+06
2.75197e+07 5.54775e+06
2.75197e+07 5.54778e+06
2.75198e+07 5.52544e+06
2.75198e+07 5.52546e+06
3.16684e+07 4.14892e+06
3.16685e+07 4.14895e+06
3.16685e+07 4.14895e+06
3.16687e+07 4.149e+06
3.16688e+07 4.14901e+06
3.16688e+07 4.14902e+06
3.16688e+07 4.149e+06
3.74143e+07 5.74591e+06
3.74143e+07 5.74592e+06
3.7448e+07 5.77948e+06
3.7448e+07 5.77948e+06
3.75264e+07 5.85777e+06
3.75824e+07 5.91365e+06
3.75824e+07 5.91364e+06
3.75824e+07 5.91364e+06
4.28042e+07 5.38987e+06
4.28266e+07 5.41222e+06
4.28266e+07 5.41224e+06
4.28937e+07 5.44575e+06
4.28937e+07 5.44575e+06
4.29611e+07 5.43465e+06
4.29611e+07 5.37874e+06
4.29612e+07 5.37873e+06
4.29612e+07 5.37873e+06
4.97567e+07 6.95248e+06
4.97567e+07 6.93014e+06
4.97567e+07 6.93013e+06
4.98462e+07 6.95249e+06
4.98462e+07 6.9525e+06
4.98462e+07 6.95251e+06
4.98913e+07 6.93022e+06
4.99025e+07 6.9414e+06
4.99137e+07 6.95259e+06
4.99137e+07 6.95259e+06
5.61769e+07 6.42023e+06
5.62105e+07 6.45382e+06
5.62217e+07 6.465e+06
5.62889e+07 6.44265e+06
5.62889e+07 6.44265e+06
5.62889e+07 6.44268e+06
5.63001e+07 6.45389e+06
5.65352e+07 6.64392e+06
5.65353e+07 6.63274e+06
5.65353e+07 6.62155e+06
5.65353e+07 6.62155e+06
6.41547e+07 7.97781e+06
6.42444e+07 8.03386e+06
6.42668e+07 8.04507e+06
6.43451e+07 8.05627e+06
6.43452e+07 8.05627e+06
6.43787e+07 8.0898e+06
6.43899e+07 8.08977e+06
6.43899e+07 8.08978e+06
6.4502e+07 7.96674e+06
6.45243e+07 7.98905e+06
6.45243e+07 7.98905e+06
6.45467e+07 8.01142e+06
7.20385e+07 7.88382e+06
7.21394e+07 7.89507e+06
7.21507e+07 7.88391e+06
7.22626e+07 7.91743e+06
7.22626e+07 7.91743e+06
7.22626e+07 7.88389e+06
7.22962e+07 7.90625e+06
7.22962e+07 7.90625e+06
7.22962e+07 7.90627e+06
7.23748e+07 7.87278e+06
7.23748e+07 7.85043e+06
7.23748e+07 7.85043e+06
7.24195e+07 7.87278e+06
8.10466e+07 9.00809e+06
8.11811e+07 9.04163e+06
8.12034e+07 9.05276e+06
8.12371e+07 8.97454e+06
8.12371e+07 8.97454e+06
8.12371e+07 8.97453e+06
8.12371e+07 8.94099e+06
8.12371e+07 8.94099e+06
8.12372e+07 8.941e+06
8.12372e+07 8.94102e+06
8.13047e+07 8.92994e+06
8.13047e+07 8.92994e+06
8.13047e+07 8.92994e+06
8.1383e+07 8.96351e+06
9.01995e+07 9.15292e+06
9.03564e+07 9.17535e+06
9.03565e+07 9.15301e+06
9.03678e+07 9.13066e+06
9.0379e+07 9.14184e+06
9.0379e+07 9.14184e+06
9.0379e+07 9.14185e+06
9.0379e+07 9.14185e+06
9.04014e+07 9.1642e+06
9.04126e+07 9.17538e+06
9.08703e+07 9.56563e+06
9.08703e+07 9.56565e+06
9.08704e+07 9.56565e+06
9.08704e+07 9.56565e+06
9.09486e+07 9.56558e+06
1.00484e+08 1.02846e+07
1.00574e+08 1.02176e+07
1.00574e+08 1.02176e+07
1.00597e+08 1.02288e+07
1.00597e+08 1.02176e+07
1.00608e+08 1.02288e+07
1.00619e+08 1.024e+07
1.00619e+08 1.024e+07
1.00619e+08 1.02176e+07
1.00619e+08 1.02064e+07
1.01289e+08 1.04186e+07
1.01311e+08 1.0441e+07
1.01322e+08 1.04521e+07
1.01322e+08 1.04521e+07
1.01356e+08 1.04857e+07
1.01367e+08 1.04187e+07
1.1086e+08 1.0376e+07
1.10894e+08 1.03202e+07
1.10894e+08 1.03202e+07
1.10939e+08 1.03426e+07
1.10939e+08 1.03426e+07
1.10939e+08 1.03314e+07
1.10939e+08 1.03202e+07
1.10939e+08 1.03203e+07
1.10979e+08 1.03598e+07
1.10979e+08 1.03598e+07
1.11831e+08 1.05418e+07
1.11831e+08 1.05194e+07
1.11831e+08 1.05083e+07
1.11831e+08 1.05083e+07
1.11831e+08 1.05083e+07
1.11853e+08 1.04971e+07
1.11898e+08 1.05307e+07
1.2211e+08 1.12502e+07
1.22178e+08 1.12839e+07
1.22178e+08 1.1284e+07
1.22324e+08 1.13853e+07
1.22324e+08 1.13853e+07
1.22359e+08 1.142e+07
1.22369e+08 1.14299e+07
1.22369e+08 1.14299e+07
1.22483e+08 1.15038e+07
1.22492e+08 1.15133e+07
1.23791e+08 1.19601e+07
1.23802e+08 1.19713e+07
1.23802e+08 1.19713e+07
1.23813e+08 1.19825e+07
1.23813e+08 1.19825e+07
1.23813e+08 1.19825e+07
1.23813e+08 1.19601e+07
1.23892e+08 1.19937e+07
1.33653e+08 1.15427e+07
1.33721e+08 1.15428e+07
1.33809e+08 1.16313e+07
1.34012e+08 1.16875e+07
1.34012e+08 1.16875e+07
1.34099e+08 1.17398e+07
1.34111e+08 1.17422e+07
1.34134e+08 1.17645e+07
1.34323e+08 1.18399e+07
1.34336e+08 1.18435e+07
1.35459e+08 1.1668e+07
1.35459e+08 1.16568e+07
1.35459e+08 1.16568e+07
1.35559e+08 1.17462e+07
1.35559e+08 1.17462e+07
1.35582e+08 1.17686e+07
1.35582e+08 1.17686e+07
1.35582e+08 1.17686e+07
1.35638e+08 1.17462e+07
1.46048e+08 1.2395e+07
1.46269e+08 1.2548e+07
1.46355e+08 1.25457e+07
1.46426e+08 1.24137e+07
1.46426e+08 1.24137e+07
1.46571e+08 1.24721e+07
1.46627e+08 1.25157e+07
1.46761e+08 1.26276e+07
1.4694e+08 1.26178e+07
1.46974e+08 1.26383e+07
1.47924e+08 1.24655e+07
1.47924e+08 1.24655e+07
1.47947e+08 1.24878e+07
1.48058e+08 1.2499e+07
1.48058e+08 1.2499e+07
1.48126e+08 1.25437e+07
1.48137e+08 1.25549e+07
1.48148e+08 1.25661e+07
1.48148e+08 1.25661e+07
1.48416e+08 1.27786e+07
1.58625e+08 1.25772e+07
1.59337e+08 1.30675e+07
1.59337e+08 1.29813e+07
1.59448e+08 1.30226e+07
1.59448e+08 1.30226e+07
1.59504e+08 1.29332e+07
1.59527e+08 1.28996e+07
1.59549e+08 1.27878e+07
1.59827e+08 1.28865e+07
1.59871e+08 1.28976e+07
1.60813e+08 1.28887e+07
1.60813e+08 1.28887e+07
1.60858e+08 1.2911e+07
1.61048e+08 1.29892e+07
1.61048e+08 1.29892e+07
1.61093e+08 1.2967e+07
1.61137e+08 1.30005e+07
1.61137e+08 1.29893e+07
1.61137e+08 1.29893e+07
1.61372e+08 1.29558e+07
1.61372e+08 1.29559e+07
1.72196e+08 1.35712e+07
1.73238e+08 1.39011e+07
1.73282e+08 1.39458e+07
1.73327e+08 1.38787e+07
1.73327e+08 1.38787e+07
1.73439e+08 1.39346e+07
1.73461e+08 1.39346e+07
1.73495e+08 1.39458e+07
1.73942e+08 1.41152e+07
1.73953e+08 1.40817e+07
1.74389e+08 1.35764e+07
1.74389e+08 1.35764e+07
1.74401e+08 1.35429e+07
1.74412e+08 1.33641e+07
1.74412e+08 1.33642e+07
1.74658e+08 1.35655e+07
1.75452e+08 1.43143e+07
1.75452e+08 1.43143e+07
1.75575e+08 1.44372e+07
1.79039e+08 1.76671e+07
1.79341e+08 1.79688e+07
1.79341e+08 1.79688e+07
1.85236e+08 1.30396e+07
1.86355e+08 1.31171e+07
1.86534e+08 1.32512e+07
1.86589e+08 1.32624e+07
1.86589e+08 1.32624e+07
1.86679e+08 1.324e+07
1.86679e+08 1.32177e+07
1.86679e+08 1.31842e+07
1.86802e+08 1.286e+07
1.86869e+08 1.29159e+07
1.87562e+08 1.31729e+07
1.87629e+08 1.324e+07
1.87629e+08 1.32288e+07
1.87696e+08 1.32846e+07
1.8773e+08 1.33182e+07
1.87808e+08 1.31503e+07
1.87842e+08 1.23904e+07
1.87842e+08 1.23904e+07
1.87887e+08 1.23122e+07
1.89944e+08 1.09043e+07
1.90357e+08 1.1016e+07
1.90569e+08 1.12283e+07
1.99091e+08 1.38552e+07
1.99091e+08 1.38552e+07
2.00365e+08 1.40105e+07
2.00538e+08 1.40041e+07
2.0056e+08 1.39706e+07
2.0056e+08 1.39706e+07
2.00862e+08 1.41829e+07
2.00895e+08 1.42164e+07
2.00951e+08 1.42723e+07
2.01186e+08 1.43841e+07
2.01208e+08 1.43393e+07
2.01689e+08 1.4127e+07
2.01689e+08 1.406e+07
2.01689e+08 1.406e+07
2.01701e+08 1.40041e+07
2.01712e+08 1.39818e+07
2.01768e+08 1.39594e+07
2.01801e+08 1.39594e+07
2.01801e+08 1.39594e+07
2.01813e+08 1.3926e+07
2.0708e+08 1.71363e+07
2.0708e+08 1.67228e+07
2.0708e+08 1.65104e+07
2.13378e+08 1.42865e+07
2.13378e+08 1.42865e+07
2.13378e+08 1.42865e+07
2.14967e+08 1.46014e+07
2.15134e+08 1.45967e+07
2.1519e+08 1.46302e+07
2.1519e+08 1.46302e+07
2.15559e+08 1.46973e+07
2.15615e+08 1.47197e+07
2.15615e+08 1.46638e+07
2.15705e+08 1.45185e+07
2.15738e+08 1.45297e+07
2.1613e+08 1.44403e+07
2.1613e+08 1.44403e+07
2.1613e+08 1.44403e+07
2.16152e+08 1.44514e+07
2.16152e+08 1.44402e+07
2.16174e+08 1.44066e+07
2.16219e+08 1.44178e+07
2.16219e+08 1.44178e+07
2.16434e+08 1.46217e+07
2.20335e+08 1.32554e+07
2.20335e+08 1.32554e+07
2.2057e+08 1.34901e+07
2.28355e+08 1.49768e+07
2.28355e+08 1.49768e+07
2.28355e+08 1.49768e+07
2.30587e+08 1.56201e+07
2.30665e+08 1.56984e+07
2.30777e+08 1.56425e+07
2.30822e+08 1.56313e+07
2.30822e+08 1.56313e+07
2.30922e+08 1.53631e+07
2.30978e+08 1.53631e+07
2.30978e+08 1.53631e+07
2.31023e+08 1.53184e+07
2.31023e+08 1.52848e+07
2.31392e+08 1.52624e+07
2.31414e+08 1.52848e+07
2.31414e+08 1.52848e+07
2.31437e+08 1.52848e+07
2.3147e+08 1.53183e+07
2.3147e+08 1.5296e+07
2.31582e+08 1.5363e+07
2.31593e+08 1.53742e+07
2.31747e+08 1.53127e+07
2.39593e+08 1.9258e+07
2.39593e+08 1.9258e+07
2.39593e+08 1.90233e+07
2.43924e+08 1.55698e+07
2.43924e+08 1.55698e+07
2.43936e+08 1.5581e+07
2.46516e+08 1.59298e+07
2.4655e+08 1.58851e+07
2.46572e+08 1.59074e+07
2.46584e+08 1.58068e+07
2.46684e+08 1.58627e+07
2.46684e+08 1.58627e+07
2.46763e+08 1.58403e+07
2.46874e+08 1.58962e+07
2.46897e+08 1.59186e+07
2.46908e+08 1.5885e+07
2.46908e+08 1.5885e+07
2.4721e+08 1.58179e+07
2.47322e+08 1.59073e+07
2.47322e+08 1.59073e+07
2.47333e+08 1.58961e+07
2.47333e+08 1.58626e+07
2.47333e+08 1.58626e+07
2.47355e+08 1.57732e+07
2.47378e+08 1.57844e+07
2.47578e+08 1.58315e+07
2.55961e+08 1.63678e+07
2.55961e+08 1.63678e+07
2.55961e+08 1.63678e+07
2.60102e+08 1.61781e+07
2.60103e+08 1.61781e+07
2.60103e+08 1.61669e+07
2.6305e+08 1.65339e+07
2.63062e+08 1.65116e+07
2.63062e+08 1.64892e+07
2.63062e+08 1.6478e+07
2.63062e+08 1.6478e+07
2.63162e+08 1.6478e+07
2.63173e+08 1.64892e+07
2.63319e+08 1.65563e+07
2.63431e+08 1.65563e+07
2.63431e+08 1.65339e+07
2.63442e+08 1.65339e+07
2.6352e+08 1.66122e+07
2.6361e+08 1.63998e+07
2.63632e+08 1.63104e+07
2.63632e+08 1.63104e+07
2.63632e+08 1.62992e+07
2.63666e+08 1.63328e+07
2.63677e+08 1.6344e+07
2.63733e+08 1.63775e+07
2.63778e+08 1.63999e+07
2.65791e+08 1.82124e+07
2.72743e+08 1.67819e+07
2.72743e+08 1.67819e+07
2.72743e+08 1.67819e+07
2.76795e+08 1.66925e+07
2.76795e+08 1.66925e+07
2.76806e+08 1.67037e+07
2.80303e+08 1.72524e+07
2.80347e+08 1.72859e+07
2.80381e+08 1.73195e+07
2.80381e+08 1.73195e+07
2.80392e+08 1.73307e+07
2.80392e+08 1.73307e+07
2.80459e+08 1.72972e+07
2.80459e+08 1.7286e+07
2.80493e+08 1.71742e+07
2.80538e+08 1.71072e+07
2.80538e+08 1.71072e+07
2.80538e+08 1.7096e+07
2.80549e+08 1.7029e+07
2.80627e+08 1.70177e+07
2.80639e+08 1.70065e+07
2.8065e+08 1.70177e+07
2.8065e+08 1.70177e+07
2.80672e+08 1.70065e+07
2.80672e+08 1.69953e+07
2.81041e+08 1.73082e+07
2.81935e+08 1.81576e+07
2.87691e+08 2.19003e+07
2.89994e+08 1.72511e+07
2.90016e+08 1.72735e+07
2.9005e+08 1.7307e+07
2.94124e+08 1.73295e+07
2.94125e+08 1.73295e+07
2.94125e+08 1.73183e+07
2.97819e+08 1.75163e+07
2.9783e+08 1.74828e+07
2.97864e+08 1.74828e+07
2.97864e+08 1.74828e+07
2.97909e+08 1.75163e+07
2.97909e+08 1.75163e+07
2.97931e+08 1.74716e+07
2.97942e+08 1.74828e+07
2.97942e+08 1.74828e+07
2.98054e+08 1.75612e+07
2.98177e+08 1.76394e+07
2.98177e+08 1.76394e+07
2.982e+08 1.76617e+07
2.982e+08 1.76505e+07
2.98334e+08 1.77065e+07
2.98412e+08 1.77735e+07
2.98468e+08 1.78182e+07
2.98468e+08 1.78182e+07
2.9915e+08 1.84775e+07
2.9925e+08 1.85781e+07
2.99541e+08 1.84998e+07
3.00748e+08 1.88127e+07
3.05923e+08 1.82316e+07
3.07857e+08 1.78628e+07
3.07868e+08 1.78517e+07
3.07902e+08 1.78517e+07
3.12088e+08 1.79636e+07
3.12099e+08 1.79748e+07
3.12122e+08 1.79971e+07
3.1593e+08 1.81111e+07
3.15941e+08 1.81111e+07
3.15941e+08 1.80776e+07
3.16064e+08 1.82006e+07
3.16064e+08 1.81558e+07
3.16076e+08 1.8167e+07
3.16109e+08 1.81783e+07
3.16109e+08 1.81671e+07
3.16109e+08 1.81671e+07
3.16121e+08 1.81783e+07
3.16311e+08 1.82565e+07
3.17104e+08 1.89271e+07
3.17104e+08 1.89271e+07
3.17104e+08 1.89047e+07
3.17484e+08 1.92847e+07
3.18334e+08 2e+07
3.18904e+08 2.04916e+07
3.18904e+08 2.04358e+07
3.18904e+08 2.04358e+07
3.18904e+08 1.9754e+07
3.19463e+08 2.02123e+07
3.19597e+08 2.00558e+07
3.21798e+08 2.10504e+07
3.24514e+08 1.85916e+07
3.26437e+08 1.85805e+07
3.2646e+08 1.85917e+07
3.26505e+08 1.8603e+07
3.30702e+08 1.86142e+07
3.30714e+08 1.86142e+07
3.30736e+08 1.86142e+07
3.34682e+08 1.87516e+07
3.34704e+08 1.87628e+07
3.34715e+08 1.87739e+07
3.34771e+08 1.87069e+07
3.34771e+08 1.87069e+07
3.34783e+08 1.8707e+07
3.34816e+08 1.87069e+07
3.34816e+08 1.87069e+07
3.34816e+08 1.87069e+07
3.34906e+08 1.87851e+07
3.34906e+08 1.87851e+07
3.35051e+08 1.87405e+07
3.35822e+08 1.87181e+07
3.35878e+08 1.8774e+07
3.35878e+08 1.8774e+07
3.36404e+08 1.89193e+07
3.37186e+08 1.88522e+07
3.37186e+08 1.82823e+07
3.37186e+08 1.82823e+07
3.37186e+08 1.82823e+07
3.37186e+08 1.82823e+07
3.37376e+08 1.79134e+07
3.37756e+08 1.81593e+07
3.39086e+08 1.72876e+07
3.42428e+08 1.79134e+07
3.4558e+08 1.91428e+07
3.4558e+08 1.91204e+07
3.4558e+08 1.90756e+07
3.49979e+08 1.92772e+07
3.50013e+08 1.92995e+07
3.50013e+08 1.92772e+07
3.54331e+08 1.9649e+07
3.54331e+08 1.96266e+07
3.54331e+08 1.96155e+07
3.55225e+08 2.04538e+07
3.55225e+08 2.04538e+07
3.55225e+08 2.04426e+07
3.55337e+08 2.05208e+07
3.55337e+08 2.05208e+07
3.55337e+08 2.05208e+07
3.55471e+08 2.05655e+07
3.55549e+08 2.06437e+07
3.55549e+08 2.06437e+07
3.56768e+08 2.17165e+07
3.59036e+08 2.3214e+07
3.60098e+08 2.42198e+07
3.60098e+08 2.42198e+07
3.61495e+08 2.50915e+07
3.61495e+08 2.43092e+07
3.61495e+08 2.43092e+07
3.61495e+08 2.43092e+07
3.61495e+08 2.43092e+07
3.61495e+08 2.43092e+07
3.61495e+08 2.41192e+07
3.6192e+08 2.41639e+07
3.63116e+08 2.40298e+07
3.64401e+08 2.19735e+07
3.65822e+08 2.02414e+07
3.65822e+08 2.02414e+07
3.65844e+08 2.02638e+07
3.70064e+08 2.00849e+07
3.70064e+08 2.00514e+07
3.70076e+08 2.00625e+07
3.7493e+08 2.05993e+07
3.7493e+08 2.05993e+07
3.7493e+08 2.05993e+07
3.76461e+08 2.12362e+07
3.76461e+08 2.12362e+07
3.76461e+08 2.12362e+07
3.76607e+08 2.12697e+07
3.76607e+08 2.12697e+07
3.76808e+08 2.14709e+07
3.77378e+08 2.19068e+07
3.77378e+08 2.18285e+07
3.77378e+08 2.18285e+07
3.78026e+08 2.12585e+07
3.78272e+08 2.15044e+07
3.79356e+08 2.03197e+07
3.81122e+08 2.10238e+07
3.8167e+08 2.15714e+07
3.82362e+08 2.08673e+07
3.82362e+08 2.08673e+07
3.82362e+08 2.08673e+07
3.82597e+08 2.1102e+07
3.82877e+08 2.13814e+07
3.82877e+08 2.13814e+07
3.82877e+08 2.13814e+07
3.83301e+08 2.13814e+07
3.83737e+08 2.06214e+07
3.84788e+08 2.03867e+07
3.86577e+08 2.07556e+07
3.86577e+08 2.07556e+07
3.86577e+08 2.07333e+07
3.90787e+08 2.07225e+07
3.90787e+08 2.07225e+07
3.90809e+08 2.07336e+07
3.97597e+08 2.26672e+07
3.97597e+08 2.26672e+07
3.97597e+08 2.26672e+07
4.00771e+08 2.43099e+07
4.01084e+08 2.46228e+07
4.02157e+08 2.56958e+07
4.02492e+08 2.58858e+07
4.02492e+08 2.58858e+07
4.02492e+08 2.56846e+07
4.0266e+08 2.52822e+07
4.02783e+08 2.54052e+07
4.02783e+08 2.54052e+07
4.0332e+08 2.52934e+07
4.0332e+08 2.50475e+07
4.0332e+08 2.50476e+07
4.0332e+08 2.39635e+07
4.03845e+08 2.27229e+07
4.04292e+08 2.26224e+07
4.05421e+08 2.30583e+07
4.05488e+08 2.31253e+07
4.05566e+08 2.32036e+07
4.05611e+08 2.30136e+07
4.05611e+08 2.27342e+07
4.05644e+08 2.27677e+07
4.05644e+08 2.27677e+07
4.05667e+08 2.23654e+07
4.05667e+08 2.19295e+07
4.06147e+08 2.13595e+07
4.08149e+08 2.1572e+07
4.08149e+08 2.1572e+07
4.08161e+08 2.15833e+07
4.12068e+08 2.12814e+07
4.12068e+08 2.12814e+07
4.12102e+08 2.12927e+07
4.20147e+08 2.25497e+07
4.21645e+08 2.40473e+07
4.22013e+08 2.44161e+07
4.22371e+08 2.15997e+07
4.22528e+08 2.14433e+07
4.23668e+08 2.15103e+07
4.23947e+08 2.14544e+07
4.24416e+08 2.19238e+07
4.24416e+08 2.19238e+07
4.24528e+08 2.1868e+07
4.24528e+08 2.1745e+07
4.24651e+08 2.1868e+07
4.25165e+08 2.18456e+07
4.25165e+08 2.18456e+07
4.25165e+08 2.18456e+07
4.25288e+08 2.19686e+07
4.25534e+08 2.22144e+07
4.25646e+08 2.18009e+07
4.26294e+08 2.20021e+07
4.27166e+08 2.17451e+07
4.27199e+08 2.17115e+07
4.27211e+08 2.16445e+07
4.27255e+08 2.16445e+07
4.27356e+08 2.17451e+07
4.27445e+08 2.1801e+07
4.27468e+08 2.18233e+07
4.27568e+08 2.19016e+07
4.27613e+08 2.19463e+07
4.27837e+08 2.16892e+07
4.29827e+08 2.1678e+07
4.29838e+08 2.16892e+07
4.2985e+08 2.16893e+07
4.33914e+08 2.18458e+07
4.33914e+08 2.18458e+07
4.3397e+08 2.18683e+07
4.44311e+08 2.4164e+07
4.4544e+08 2.37952e+07
4.45607e+08 2.3594e+07
4.46401e+08 2.40299e+07
4.46591e+08 2.40634e+07
4.47273e+08 2.36052e+07
4.47273e+08 2.33258e+07
4.47273e+08 2.28564e+07
4.47273e+08 2.28564e+07
4.47273e+08 2.27446e+07
4.4763e+08 2.31023e+07
4.47787e+08 2.31358e+07
4.48569e+08 2.34041e+07
4.48625e+08 2.34599e+07
4.48625e+08 2.34599e+07
4.48625e+08 2.3337e+07
4.48625e+08 2.30911e+07
4.48715e+08 2.31806e+07
4.48715e+08 2.30688e+07
4.49352e+08 2.30577e+07
4.49553e+08 2.23871e+07
4.49653e+08 2.24541e+07
4.49698e+08 2.24877e+07
4.49698e+08 2.2443e+07
4.49754e+08 2.23983e+07
4.49888e+08 2.2443e+07
4.49911e+08 2.2443e+07
4.50011e+08 2.2443e+07
4.50101e+08 2.24878e+07
4.50235e+08 2.23984e+07
4.52136e+08 2.23089e+07
4.52136e+08 2.22977e+07
4.52293e+08 2.24432e+07
4.56324e+08 2.24096e+07
4.56357e+08 2.24432e+07
4.56425e+08 2.24544e+07
4.66441e+08 2.21297e+07
4.66653e+08 2.12132e+07
4.67391e+08 2.17832e+07
4.68016e+08 2.16156e+07
4.68274e+08 2.16826e+07
4.69615e+08 2.2342e+07
4.69615e+08 2.2342e+07
4.69615e+08 2.2342e+07
4.6976e+08 2.24873e+07
4.69782e+08 2.25097e+07
4.70006e+08 2.23756e+07
4.70229e+08 2.24426e+07
4.70554e+08 2.19844e+07
4.70554e+08 2.19285e+07
4.70587e+08 2.1962e+07
4.70721e+08 2.20961e+07
4.70777e+08 2.2152e+07
4.709e+08 2.21855e+07
4.709e+08 2.21855e+07
4.70967e+08 2.22526e+07
4.71783e+08 2.24315e+07
4.72096e+08 2.25433e+07
4.72264e+08 2.26103e+07
4.72331e+08 2.26326e+07
4.72376e+08 2.26774e+07
4.72409e+08 2.2655e+07
4.7251e+08 2.26215e+07
4.72532e+08 2.26215e+07
4.72689e+08 2.26774e+07
4.72789e+08 2.26886e+07
4.73002e+08 2.27668e+07
4.74937e+08 2.28003e+07
4.74937e+08 2.28003e+07
4.75194e+08 2.29009e+07
4.79147e+08 2.28228e+07
4.79147e+08 2.27893e+07
4.7927e+08 2.28452e+07
4.91091e+08 2.46504e+07
4.91214e+08 2.4561e+07
4.91549e+08 2.41587e+07
4.92276e+08 2.42592e+07
4.92354e+08 2.40804e+07
4.92913e+08 2.32981e+07
4.92913e+08 2.32981e+07
4.92958e+08 2.33428e+07
4.93114e+08 2.3354e+07
4.93349e+08 2.35663e+07
4.93617e+08 2.36111e+07
4.93773e+08 2.3544e+07
4.93773e+08 2.32199e+07
4.93773e+08 2.32199e+07
4.93773e+08 2.31864e+07
4.93919e+08 2.31976e+07
4.94019e+08 2.32423e+07
4.94366e+08 2.34658e+07
4.94366e+08 2.34658e+07
4.94366e+08 2.33987e+07
4.94478e+08 2.35105e+07
4.95707e+08 2.39241e+07
4.95752e+08 2.36559e+07
4.95752e+08 2.34882e+07
4.95886e+08 2.35553e+07
4.95886e+08 2.35106e+07
4.9592e+08 2.35105e+07
4.96031e+08 2.35216e+07
4.96121e+08 2.35887e+07
4.96154e+08 2.34657e+07
4.9621e+08 2.3421e+07
4.96266e+08 2.32645e+07
4.98279e+08 2.33429e+07
4.98291e+08 2.33541e+07
4.98637e+08 2.34434e+07
5.02646e+08 2.34996e+07
5.02668e+08 2.35219e+07
5.02848e+08 2.35778e+07
5.14505e+08 2.3414e+07
5.14818e+08 2.3604e+07
5.15254e+08 2.37046e+07
5.16059e+08 2.37829e+07
5.16249e+08 2.38947e+07
5.16651e+08 2.37382e+07
5.16685e+08 2.37717e+07
5.16685e+08 2.3727e+07
5.16819e+08 2.37047e+07
5.16819e+08 2.34699e+07
5.17076e+08 2.34587e+07
5.17243e+08 2.34699e+07
5.17243e+08 2.34699e+07
5.17333e+08 2.35593e+07
5.17411e+08 2.36376e+07
5.17623e+08 2.37046e+07
5.17735e+08 2.37158e+07
5.18115e+08 2.37493e+07
5.18149e+08 2.37828e+07
5.18149e+08 2.37828e+07
5.18417e+08 2.39393e+07
5.18417e+08 2.39393e+07
5.19792e+08 2.40846e+07
5.19792e+08 2.40399e+07
5.19792e+08 2.40399e+07
5.19948e+08 2.40622e+07
5.19982e+08 2.40958e+07
5.19993e+08 2.40734e+07
5.20083e+08 2.40511e+07
5.20094e+08 2.39728e+07
5.20094e+08 2.39393e+07
5.20127e+08 2.3917e+07
5.20161e+08 2.38947e+07
5.22353e+08 2.40735e+07
5.22409e+08 2.41182e+07
5.22666e+08 2.40287e+07
5.26731e+08 2.40849e+07
5.26731e+08 2.40626e+07
5.26921e+08 2.40737e+07
5.4152e+08 2.70153e+07
5.41677e+08 2.68588e+07
5.41923e+08 2.66688e+07
5.42437e+08 2.63782e+07
5.42783e+08 2.65347e+07
5.42839e+08 2.61882e+07
5.42895e+08 2.62106e+07
5.42895e+08 2.62106e+07
5.42895e+08 2.60765e+07
5.42895e+08 2.60765e+07
5.43052e+08 2.59759e+07
5.43409e+08 2.61659e+07
5.4361e+08 2.63671e+07
5.43611e+08 2.62777e+07
5.43856e+08 2.64453e+07
5.43856e+08 2.6233e+07
5.43935e+08 2.61994e+07
5.44125e+08 2.60095e+07
5.44125e+08 2.59759e+07
5.44169e+08 2.60206e+07
5.44471e+08 2.60542e+07
5.44471e+08 2.60542e+07
5.44695e+08 2.4903e+07
5.44695e+08 2.4903e+07
5.44695e+08 2.4903e+07
5.44695e+08 2.4903e+07
5.44728e+08 2.478e+07
5.4474e+08 2.47577e+07
5.44773e+08 2.47801e+07
5.44807e+08 2.47243e+07
5.44807e+08 2.47131e+07
5.44829e+08 2.47355e+07
5.4484e+08 2.47131e+07
5.44896e+08 2.47355e+07
5.47401e+08 2.50483e+07
5.47435e+08 2.5026e+07
5.47636e+08 2.49701e+07
5.51746e+08 2.50151e+07
5.5178e+08 2.50486e+07
5.51802e+08 2.48808e+07
5.67532e+08 2.60112e+07
5.67532e+08 2.58547e+07
5.67654e+08 2.57318e+07
5.68001e+08 2.55642e+07
5.68515e+08 2.57319e+07
5.68661e+08 2.58213e+07
5.68828e+08 2.59331e+07
5.68828e+08 2.59331e+07
5.68828e+08 2.59331e+07
5.68828e+08 2.59331e+07
5.69018e+08 2.59666e+07
5.69287e+08 2.58772e+07
5.69342e+08 2.57319e+07
5.69342e+08 2.57319e+07
5.69365e+08 2.55084e+07
5.69387e+08 2.55308e+07
5.69387e+08 2.54525e+07
5.69588e+08 2.54637e+07
5.69588e+08 2.54637e+07
5.696e+08 2.54302e+07
5.69622e+08 2.51507e+07
5.69633e+08 2.51619e+07
5.69734e+08 2.50391e+07
5.69734e+08 2.50391e+07
5.69734e+08 2.50391e+07
5.69745e+08 2.50503e+07
5.69745e+08 2.50503e+07
5.69812e+08 2.50838e+07
5.69991e+08 2.52514e+07
5.69991e+08 2.5218e+07
5.70047e+08 2.52404e+07
5.70058e+08 2.52516e+07
5.70103e+08 2.52739e+07
5.70137e+08 2.52963e+07
5.70137e+08 2.52404e+07
5.72832e+08 2.54303e+07
5.72832e+08 2.53967e+07
5.72932e+08 2.52961e+07
5.77009e+08 2.52627e+07
5.77009e+08 2.52292e+07
5.7702e+08 2.5218e+07
5.9538e+08 2.78485e+07
5.95391e+08 2.78597e+07
5.95414e+08 2.77591e+07
5.95436e+08 2.7435e+07
5.95503e+08 2.69879e+07
5.95514e+08 2.68538e+07
5.95526e+08 2.66973e+07
5.95526e+08 2.66973e+07
5.95526e+08 2.66973e+07
5.95526e+08 2.66973e+07
5.95526e+08 2.65073e+07
5.95581e+08 2.62949e+07
5.95581e+08 2.6239e+07
5.95581e+08 2.6239e+07
5.95593e+08 2.62278e+07
5.95615e+08 2.62279e+07
5.95615e+08 2.62279e+07
5.9566e+08 2.60714e+07
5.9566e+08 2.60714e+07
5.9566e+08 2.60603e+07
5.95705e+08 2.60827e+07
5.95705e+08 2.60715e+07
5.95817e+08 2.60826e+07
5.95817e+08 2.60826e+07
5.95861e+08 2.61274e+07
5.95895e+08 2.61497e+07
5.95895e+08 2.61497e+07
5.95895e+08 2.61497e+07
5.95895e+08 2.60827e+07
5.95906e+08 2.5915e+07
5.95984e+08 2.59932e+07
5.96096e+08 2.60491e+07
5.96096e+08 2.60379e+07
5.9613e+08 2.60267e+07
5.96152e+08 2.60155e+07
5.96152e+08 2.60155e+07
5.98802e+08 2.59709e+07
5.98802e+08 2.59709e+07
5.98847e+08 2.5915e+07
6.03024e+08 2.60156e+07
6.03036e+08 2.60268e+07
6.0308e+08 2.60603e+07
6.22287e+08 2.69065e+07
6.22287e+08 2.68953e+07
6.22287e+08 2.68729e+07
6.22298e+08 2.68618e+07
6.22298e+08 2.67947e+07
6.22298e+08 2.67835e+07
6.22331e+08 2.68058e+07
6.22376e+08 2.68506e+07
6.22376e+08 2.68506e+07
6.2241e+08 2.68842e+07
6.2241e+08 2.68842e+07
6.2241e+08 2.68283e+07
6.22454e+08 2.6873e+07
6.22466e+08 2.68842e+07
6.22544e+08 2.69513e+07
6.22544e+08 2.69289e+07
6.22544e+08 2.69289e+07
6.22578e+08 2.69178e+07
6.22578e+08 2.69178e+07
6.22578e+08 2.69178e+07
6.22589e+08 2.68842e+07
6.226e+08 2.68953e+07
6.2279e+08 2.69735e+07
6.22824e+08 2.70071e+07
6.22824e+08 2.69623e+07
6.2288e+08 2.69847e+07
6.22891e+08 2.69959e+07
6.22891e+08 2.69959e+07
6.22969e+08 2.70742e+07
6.22969e+08 2.70742e+07
6.22992e+08 2.70855e+07
6.23327e+08 2.73428e+07
6.23473e+08 2.73764e+07
6.23495e+08 2.73988e+07
6.23551e+08 2.74211e+07
6.23562e+08 2.74099e+07
6.23562e+08 2.74099e+07
6.25342e+08 2.65394e+07
6.25342e+08 2.65394e+07
6.25342e+08 2.64947e+07
6.30919e+08 2.7895e+07
6.30931e+08 2.7895e+07
6.30931e+08 2.78503e+07
6.31167e+08 8.88045e+06
6.31167e+08 8.88045e+06
6.31167e+08 8.88045e+06
6.31167e+08 8.86925e+06
6.31167e+08 8.86923e+06
6.31167e+08 8.86922e+06
6.31167e+08 8.83567e+06
6.31167e+08 8.79093e+06
6.31167e+08 8.79094e+06
6.31167e+08 8.7574e+06
6.31167e+08 8.7574e+06
6.31167e+08 8.7574e+06
6.31167e+08 8.71265e+06
6.31167e+08 8.70147e+06
6.31167e+08 8.62321e+06
6.31167e+08 8.62321e+06
6.31167e+08 8.62321e+06
6.31167e+08 8.58963e+06
6.31178e+08 8.60082e+06
6.31178e+08 8.60082e+06
6.31178e+08 8.58963e+06
6.31178e+08 8.57846e+06
6.31178e+08 8.38844e+06
6.3119e+08 8.36665e+06
6.31213e+08 8.38901e+06
6.31235e+08 8.35547e+06
6.31257e+08 8.36665e+06
6.31269e+08 8.37782e+06
6.31291e+08 8.32195e+06
6.31302e+08 8.33314e+06
6.31325e+08 8.3555e+06
6.31492e+08 8.50074e+06
6.31559e+08 8.23219e+06
6.31671e+08 8.19855e+06
6.31716e+08 8.22088e+06
6.31772e+08 8.22087e+06
6.31805e+08 8.2432e+06
6.31828e+08 8.26555e+06
6.32645e+08 7.30328e+06
6.32656e+08 7.31446e+06
6.32672e+08 7.32956e+06
6.33321e+08 2.40121e+06
6.33332e+08 2.40123e+06
6.33343e+08 2.4126e+06
