5.37545e+06 5.37456e+06
8.29535e+06 2.9199e+06
8.29536e+06 2.91991e+06
9.97208e+06 1.67673e+06
9.97209e+06 1.67673e+06
1.17097e+07 1.73758e+06
1.17097e+07 1.73758e+06
1.17097e+07 1.73759e+06
1.51305e+07 3.42084e+06
1.51305e+07 3.42084e+06
1.51305e+07 3.42085e+06
1.51306e+07 3.4209e+06
1.79797e+07 2.84923e+06
1.79797e+07 2.84923e+06
1.79909e+07 2.86041e+06
1.80133e+07 2.88273e+06
1.80133e+07 2.88274e+06
2.23531e+07 4.37333e+06
2.23531e+07 4.37333e+06
2.23531e+07 4.36215e+06
2.23531e+07 4.33978e+06
2.23531e+07 4.33978e+06
2.23531e+07 4.3398e+06
2.63551e+07 4.00206e+06
2.63551e+07 4.00206e+06
2.63551e+07 4.00206e+06
2.63551e+07 4.00206e+06
2.63552e+07 4.00206e+06
2.64782e+07 4.12508e+06
2.64782e+07 4.12509e+06
3.09088e+07 4.55371e+06
3.09088e+07 4.55371e+06
3.09089e+07 4.55373e+06
3.09312e+07 4.5761e+06
3.09312e+07 4.5761e+06
3.1099e+07 4.6208e+06
3.11102e+07 4.632e+06
3.56592e+07 4.75039e+06
3.56592e+07 4.75039e+06
3.56592e+07 4.75039e+06
3.56705e+07 4.76158e+06
3.56705e+07 4.73922e+06
3.56705e+07 4.73922e+06
3.5827e+07 4.72803e+06
3.58941e+07 4.78394e+06
4.12176e+07 5.55842e+06
4.12177e+07 5.55842e+06
4.124e+07 5.58079e+06
4.12624e+07 5.60314e+06
4.13406e+07 5.67019e+06
4.13406e+07 5.67019e+06
4.13407e+07 5.67019e+06
4.15532e+07 5.7262e+06
4.15756e+07 5.68147e+06
4.7178e+07 5.96031e+06
4.7178e+07 5.96031e+06
4.72115e+07 5.97151e+06
4.72115e+07 5.94916e+06
4.72115e+07 5.94916e+06
4.72339e+07 5.89329e+06
4.72339e+07 5.89329e+06
4.72339e+07 5.89329e+06
4.75919e+07 6.03863e+06
4.76478e+07 6.07216e+06
5.38822e+07 6.70422e+06
5.38822e+07 6.70422e+06
5.38822e+07 6.67066e+06
5.38822e+07 6.67067e+06
5.38822e+07 6.67067e+06
5.38822e+07 6.67067e+06
5.38934e+07 6.65951e+06
5.38935e+07 6.65951e+06
5.38935e+07 6.65953e+06
5.43073e+07 6.71541e+06
5.43296e+07 6.68185e+06
6.13241e+07 7.44193e+06
6.13241e+07 7.44193e+06
6.13353e+07 7.45312e+06
6.13353e+07 7.45311e+06
6.13465e+07 7.46433e+06
6.13466e+07 7.46433e+06
6.13466e+07 7.45319e+06
6.13466e+07 7.4532e+06
6.1369e+07 7.47555e+06
6.13914e+07 7.4979e+06
6.18277e+07 7.52039e+06
6.18277e+07 7.49803e+06
6.89619e+07 7.63778e+06
6.89619e+07 7.63778e+06
6.89619e+07 7.62659e+06
6.89619e+07 7.62659e+06
6.8962e+07 7.61541e+06
6.8962e+07 7.61542e+06
6.90404e+07 7.69371e+06
6.90404e+07 7.69374e+06
6.90404e+07 7.69376e+06
6.90628e+07 7.69377e+06
6.90628e+07 7.67141e+06
6.94654e+07 7.63779e+06
6.94654e+07 7.63779e+06
7.77627e+07 8.80077e+06
7.77627e+07 8.80082e+06
7.77627e+07 8.80082e+06
7.77627e+07 8.80082e+06
7.77628e+07 8.80081e+06
7.77628e+07 8.8008e+06
7.77852e+07 8.74487e+06
7.77964e+07 8.75605e+06
7.78076e+07 8.76721e+06
7.78076e+07 8.76722e+06
7.78747e+07 8.81197e+06
7.78748e+07 8.81197e+06
7.83781e+07 8.91271e+06
7.83782e+07 8.91271e+06
8.65069e+07 8.74421e+06
8.65293e+07 8.76658e+06
8.65293e+07 8.76658e+06
8.65293e+07 8.76658e+06
8.65293e+07 8.76659e+06
8.65294e+07 8.76659e+06
8.6686e+07 8.90073e+06
8.6686e+07 8.88954e+06
8.6686e+07 8.87836e+06
8.6686e+07 8.87836e+06
8.67195e+07 8.84479e+06
8.67195e+07 8.84479e+06
8.67419e+07 8.86715e+06
8.7156e+07 8.77781e+06
8.7156e+07 8.77781e+06
9.64567e+07 9.94985e+06
9.65686e+07 1.00393e+07
9.65686e+07 1.00393e+07
9.65686e+07 1.00393e+07
9.66581e+07 1.01287e+07
9.66581e+07 1.01287e+07
9.66916e+07 1.00057e+07
9.66917e+07 1.00057e+07
9.66917e+07 1.00057e+07
9.66917e+07 1.00057e+07
9.67141e+07 9.99454e+06
9.67141e+07 9.99454e+06
9.67141e+07 9.99454e+06
9.67141e+07 9.97219e+06
9.73742e+07 1.02182e+07
9.73742e+07 1.02182e+07
1.06488e+08 1.00311e+07
1.06533e+08 9.96411e+06
1.06533e+08 9.9641e+06
1.06533e+08 9.9641e+06
1.06577e+08 9.91939e+06
1.06577e+08 9.91939e+06
1.06611e+08 9.91937e+06
1.06633e+08 9.9417e+06
1.06633e+08 9.9417e+06
1.06656e+08 9.96406e+06
1.06656e+08 9.94169e+06
1.06656e+08 9.94169e+06
1.06656e+08 9.94169e+06
1.06656e+08 9.94169e+06
1.06656e+08 9.9417e+06
1.07372e+08 9.99766e+06
1.07372e+08 9.99767e+06
1.17593e+08 1.11049e+07
1.17727e+08 1.11943e+07
1.17727e+08 1.11943e+07
1.17738e+08 1.12054e+07
1.17761e+08 1.11831e+07
1.17761e+08 1.11831e+07
1.17772e+08 1.11607e+07
1.17772e+08 1.11383e+07
1.17772e+08 1.11384e+07
1.17772e+08 1.1116e+07
1.17772e+08 1.1116e+07
1.17772e+08 1.1116e+07
1.17772e+08 1.1116e+07
1.17772e+08 1.1116e+07
1.17772e+08 1.1116e+07
1.17772e+08 1.1116e+07
1.18454e+08 1.10826e+07
1.18454e+08 1.10826e+07
1.28771e+08 1.1178e+07
1.28939e+08 1.12116e+07
1.28939e+08 1.12116e+07
1.28961e+08 1.12228e+07
1.28983e+08 1.12228e+07
1.28983e+08 1.12228e+07
1.29006e+08 1.1234e+07
1.29006e+08 1.1234e+07
1.29006e+08 1.1234e+07
1.29006e+08 1.1234e+07
1.29039e+08 1.12676e+07
1.29039e+08 1.12676e+07
1.29039e+08 1.12676e+07
1.29039e+08 1.12676e+07
1.29039e+08 1.12676e+07
1.29062e+08 1.12899e+07
1.29655e+08 1.12004e+07
1.29655e+08 1.12005e+07
1.29655e+08 1.12005e+07
1.40792e+08 1.20212e+07
1.40993e+08 1.20548e+07
1.41005e+08 1.20659e+07
1.41005e+08 1.20436e+07
1.41038e+08 1.20548e+07
1.41105e+08 1.21219e+07
1.41184e+08 1.21778e+07
1.41184e+08 1.21778e+07
1.41184e+08 1.21778e+07
1.41184e+08 1.21778e+07
1.41195e+08 1.21554e+07
1.41195e+08 1.21554e+07
1.41195e+08 1.21554e+07
1.41195e+08 1.21554e+07
1.41195e+08 1.21554e+07
1.41228e+08 1.21667e+07
1.41788e+08 1.21331e+07
1.41788e+08 1.21331e+07
1.41788e+08 1.21331e+07
1.4181e+08 1.21555e+07
1.53404e+08 1.26119e+07
1.53538e+08 1.25448e+07
1.53538e+08 1.25337e+07
1.53538e+08 1.25337e+07
1.53572e+08 1.25337e+07
1.53594e+08 1.2489e+07
1.53717e+08 1.25336e+07
1.53717e+08 1.25336e+07
1.53751e+08 1.25672e+07
1.53762e+08 1.25784e+07
1.53784e+08 1.25896e+07
1.53784e+08 1.25896e+07
1.53784e+08 1.25896e+07
1.53784e+08 1.25896e+07
1.53784e+08 1.25896e+07
1.53863e+08 1.26343e+07
1.54445e+08 1.26567e+07
1.54456e+08 1.26679e+07
1.54456e+08 1.26679e+07
1.54501e+08 1.26902e+07
1.54501e+08 1.26902e+07
1.66836e+08 1.34326e+07
1.67027e+08 1.34885e+07
1.67027e+08 1.34885e+07
1.67038e+08 1.34997e+07
1.67049e+08 1.34774e+07
1.67049e+08 1.3455e+07
1.67083e+08 1.33656e+07
1.67083e+08 1.33656e+07
1.67161e+08 1.34102e+07
1.67239e+08 1.34773e+07
1.67284e+08 1.34997e+07
1.67284e+08 1.34997e+07
1.67284e+08 1.34998e+07
1.67284e+08 1.34998e+07
1.67284e+08 1.34998e+07
1.67351e+08 1.34886e+07
1.68034e+08 1.35892e+07
1.68045e+08 1.35892e+07
1.6809e+08 1.36339e+07
1.68123e+08 1.36227e+07
1.68146e+08 1.36451e+07
1.68146e+08 1.36451e+07
1.79638e+08 1.28017e+07
1.80074e+08 1.30477e+07
1.80074e+08 1.30477e+07
1.8013e+08 1.30924e+07
1.80197e+08 1.31482e+07
1.80197e+08 1.31482e+07
1.80242e+08 1.31594e+07
1.80242e+08 1.31594e+07
1.80242e+08 1.30812e+07
1.80298e+08 1.30588e+07
1.80298e+08 1.30141e+07
1.80298e+08 1.30141e+07
1.80309e+08 1.30252e+07
1.80309e+08 1.30252e+07
1.80309e+08 1.30252e+07
1.80309e+08 1.29582e+07
1.8107e+08 1.30365e+07
1.8107e+08 1.30253e+07
1.8107e+08 1.29806e+07
1.81104e+08 1.29806e+07
1.81205e+08 1.30588e+07
1.81216e+08 1.307e+07
1.93665e+08 1.40265e+07
1.93709e+08 1.40713e+07
1.94101e+08 1.40267e+07
1.94101e+08 1.40267e+07
1.94112e+08 1.39819e+07
1.94123e+08 1.39259e+07
1.94123e+08 1.39259e+07
1.94123e+08 1.38812e+07
1.94123e+08 1.38812e+07
1.94123e+08 1.38812e+07
1.94246e+08 1.39482e+07
1.94258e+08 1.39595e+07
1.94258e+08 1.39595e+07
1.94258e+08 1.39483e+07
1.94269e+08 1.39594e+07
1.94291e+08 1.39818e+07
1.94336e+08 1.40266e+07
1.95097e+08 1.40266e+07
1.95142e+08 1.40713e+07
1.95209e+08 1.41383e+07
1.9522e+08 1.4116e+07
1.9522e+08 1.40154e+07
1.95231e+08 1.40155e+07
2.07976e+08 1.43116e+07
2.08099e+08 1.43899e+07
2.08111e+08 1.44011e+07
2.08524e+08 1.44234e+07
2.08524e+08 1.44234e+07
2.08536e+08 1.44234e+07
2.08536e+08 1.44122e+07
2.08569e+08 1.44458e+07
2.0858e+08 1.44569e+07
2.0858e+08 1.44569e+07
2.08603e+08 1.44793e+07
2.08614e+08 1.43675e+07
2.08748e+08 1.44905e+07
2.08748e+08 1.44905e+07
2.08748e+08 1.44905e+07
2.08759e+08 1.44905e+07
2.08759e+08 1.44681e+07
2.08838e+08 1.45017e+07
2.09744e+08 1.4647e+07
2.09744e+08 1.46023e+07
2.09755e+08 1.45464e+07
2.09778e+08 1.45576e+07
2.09778e+08 1.45576e+07
2.09778e+08 1.45464e+07
2.22817e+08 1.4841e+07
2.22929e+08 1.48298e+07
2.22951e+08 1.48409e+07
2.23399e+08 1.48744e+07
2.23399e+08 1.48745e+07
2.23399e+08 1.48745e+07
2.23444e+08 1.4908e+07
2.23444e+08 1.4908e+07
2.23533e+08 1.49639e+07
2.23555e+08 1.49751e+07
2.23567e+08 1.49863e+07
2.236e+08 1.49975e+07
2.23611e+08 1.49975e+07
2.23801e+08 1.50533e+07
2.23801e+08 1.50533e+07
2.23813e+08 1.50645e+07
2.23824e+08 1.50646e+07
2.23824e+08 1.50646e+07
2.23925e+08 1.50869e+07
2.24797e+08 1.50535e+07
2.24809e+08 1.50647e+07
2.24831e+08 1.50758e+07
2.24831e+08 1.50535e+07
2.24831e+08 1.50534e+07
2.24831e+08 1.50534e+07
2.3811e+08 1.52925e+07
2.38233e+08 1.53038e+07
2.38244e+08 1.52926e+07
2.38893e+08 1.54937e+07
2.38893e+08 1.54937e+07
2.38926e+08 1.55273e+07
2.39004e+08 1.56055e+07
2.39027e+08 1.55832e+07
2.39038e+08 1.55943e+07
2.39083e+08 1.55496e+07
2.39083e+08 1.55273e+07
2.39105e+08 1.55385e+07
2.3915e+08 1.55496e+07
2.3915e+08 1.55385e+07
2.39262e+08 1.54602e+07
2.39284e+08 1.54826e+07
2.39295e+08 1.54826e+07
2.3934e+08 1.55161e+07
2.39351e+08 1.55273e+07
2.39575e+08 1.56503e+07
2.40403e+08 1.56057e+07
2.40403e+08 1.55945e+07
2.40403e+08 1.55722e+07
2.40403e+08 1.55722e+07
2.40403e+08 1.55722e+07
2.40403e+08 1.55721e+07
2.54042e+08 1.59325e+07
2.54154e+08 1.59214e+07
2.54154e+08 1.59102e+07
2.54903e+08 1.60108e+07
2.54926e+08 1.60332e+07
2.54948e+08 1.6022e+07
2.54948e+08 1.59438e+07
2.54948e+08 1.59438e+07
2.55026e+08 1.59996e+07
2.55026e+08 1.59885e+07
2.55093e+08 1.60108e+07
2.55172e+08 1.60891e+07
2.55239e+08 1.61338e+07
2.55239e+08 1.60891e+07
2.55272e+08 1.61226e+07
2.55306e+08 1.60444e+07
2.5534e+08 1.60555e+07
2.5544e+08 1.61449e+07
2.55485e+08 1.6145e+07
2.55519e+08 1.61673e+07
2.55787e+08 1.6212e+07
2.56604e+08 1.6201e+07
2.56604e+08 1.6201e+07
2.56604e+08 1.6201e+07
2.56604e+08 1.6201e+07
2.56604e+08 1.6201e+07
2.56604e+08 1.6201e+07
2.706e+08 1.65575e+07
2.70645e+08 1.64905e+07
2.70645e+08 1.64905e+07
2.71494e+08 1.6591e+07
2.71595e+08 1.66693e+07
2.71662e+08 1.6714e+07
2.71673e+08 1.67251e+07
2.71707e+08 1.67587e+07
2.71707e+08 1.67587e+07
2.7174e+08 1.6714e+07
2.7174e+08 1.6714e+07
2.71763e+08 1.66693e+07
2.71852e+08 1.66805e+07
2.71942e+08 1.67029e+07
2.71942e+08 1.67028e+07
2.71942e+08 1.66693e+07
2.71987e+08 1.66805e+07
2.71987e+08 1.6647e+07
2.72009e+08 1.65688e+07
2.72177e+08 1.66917e+07
2.72177e+08 1.66582e+07
2.72445e+08 1.66581e+07
2.73374e+08 1.67699e+07
2.73374e+08 1.677e+07
2.73374e+08 1.677e+07
2.73385e+08 1.67812e+07
2.73385e+08 1.67812e+07
2.73385e+08 1.67812e+07
2.87856e+08 1.72557e+07
2.88001e+08 1.73562e+07
2.88001e+08 1.73562e+07
2.88873e+08 1.73786e+07
2.8894e+08 1.73451e+07
2.89018e+08 1.73563e+07
2.89018e+08 1.73451e+07
2.89018e+08 1.73115e+07
2.89018e+08 1.73115e+07
2.8903e+08 1.72892e+07
2.8903e+08 1.72892e+07
2.8903e+08 1.72892e+07
2.89041e+08 1.7278e+07
2.89041e+08 1.71885e+07
2.89164e+08 1.72221e+07
2.89164e+08 1.72221e+07
2.89186e+08 1.72445e+07
2.89242e+08 1.72557e+07
2.89242e+08 1.72557e+07
2.89242e+08 1.72333e+07
2.89365e+08 1.71885e+07
2.89388e+08 1.72109e+07
2.89701e+08 1.72557e+07
2.9073e+08 1.73563e+07
2.9073e+08 1.73563e+07
2.90742e+08 1.73675e+07
2.90742e+08 1.73564e+07
2.90742e+08 1.73564e+07
2.90742e+08 1.73564e+07
3.05807e+08 1.79517e+07
3.06176e+08 1.81752e+07
3.06176e+08 1.81752e+07
3.06735e+08 1.78623e+07
3.07015e+08 1.80747e+07
3.07037e+08 1.80189e+07
3.07037e+08 1.80189e+07
3.07037e+08 1.80189e+07
3.07037e+08 1.80189e+07
3.0706e+08 1.803e+07
3.07082e+08 1.80524e+07
3.07082e+08 1.80524e+07
3.07082e+08 1.80524e+07
3.07093e+08 1.80524e+07
3.07093e+08 1.80524e+07
3.07138e+08 1.79741e+07
3.07138e+08 1.79741e+07
3.07138e+08 1.79517e+07
3.07216e+08 1.79741e+07
3.07261e+08 1.80188e+07
3.07261e+08 1.80188e+07
3.07295e+08 1.79294e+07
3.07339e+08 1.79518e+07
3.07597e+08 1.78959e+07
3.08637e+08 1.7907e+07
3.0866e+08 1.79294e+07
3.08671e+08 1.79294e+07
3.08682e+08 1.79407e+07
3.08682e+08 1.79407e+07
3.08682e+08 1.79407e+07
3.24707e+08 1.88992e+07
3.24763e+08 1.85863e+07
3.24763e+08 1.85863e+07
3.25243e+08 1.8508e+07
3.25534e+08 1.85192e+07
3.25635e+08 1.85976e+07
3.25802e+08 1.87653e+07
3.25836e+08 1.87988e+07
3.25836e+08 1.87988e+07
3.25847e+08 1.87876e+07
3.25847e+08 1.87653e+07
3.25847e+08 1.87652e+07
3.25847e+08 1.87652e+07
3.25847e+08 1.87653e+07
3.25858e+08 1.87653e+07
3.25881e+08 1.87876e+07
3.25914e+08 1.87764e+07
3.25914e+08 1.87764e+07
3.25914e+08 1.87764e+07
3.25981e+08 1.87652e+07
3.25993e+08 1.87317e+07
3.26004e+08 1.87429e+07
3.2606e+08 1.87653e+07
3.26082e+08 1.87429e+07
3.26183e+08 1.85864e+07
3.27101e+08 1.84633e+07
3.27146e+08 1.84857e+07
3.27179e+08 1.85081e+07
3.27224e+08 1.85416e+07
3.27224e+08 1.85416e+07
3.27224e+08 1.85416e+07
3.43859e+08 1.9152e+07
3.43926e+08 1.91632e+07
3.43982e+08 1.92191e+07
3.44518e+08 1.92751e+07
3.44664e+08 1.91297e+07
3.44854e+08 1.92192e+07
3.4491e+08 1.91074e+07
3.44932e+08 1.90963e+07
3.44932e+08 1.90963e+07
3.44932e+08 1.90851e+07
3.44932e+08 1.90851e+07
3.44932e+08 1.90851e+07
3.44955e+08 1.91075e+07
3.45022e+08 1.91745e+07
3.45022e+08 1.91745e+07
3.45044e+08 1.91857e+07
3.45122e+08 1.92417e+07
3.45156e+08 1.92417e+07
3.4519e+08 1.92752e+07
3.45212e+08 1.92976e+07
3.45234e+08 1.92529e+07
3.45246e+08 1.92529e+07
3.45246e+08 1.92417e+07
3.45279e+08 1.92193e+07
3.45279e+08 1.9197e+07
3.45346e+08 1.91634e+07
3.46298e+08 1.91968e+07
3.46331e+08 1.91857e+07
3.46343e+08 1.91634e+07
3.46354e+08 1.91299e+07
3.46354e+08 1.91299e+07
3.46354e+08 1.91299e+07
3.63529e+08 1.96701e+07
3.63674e+08 1.97484e+07
3.63741e+08 1.97595e+07
3.64233e+08 1.9715e+07
3.64289e+08 1.96256e+07
3.64446e+08 1.9592e+07
3.64636e+08 1.97261e+07
3.64692e+08 1.97596e+07
3.64692e+08 1.97596e+07
3.64748e+08 1.98155e+07
3.64748e+08 1.98155e+07
3.64748e+08 1.98155e+07
3.64759e+08 1.98044e+07
3.64793e+08 1.97708e+07
3.64793e+08 1.97708e+07
3.64882e+08 1.98379e+07
3.64882e+08 1.98379e+07
3.64938e+08 1.98156e+07
3.64961e+08 1.98045e+07
3.64961e+08 1.97709e+07
3.64983e+08 1.97709e+07
3.65005e+08 1.97709e+07
3.65017e+08 1.9771e+07
3.65017e+08 1.9771e+07
3.65061e+08 1.97821e+07
3.65061e+08 1.97821e+07
3.65117e+08 1.97709e+07
3.66068e+08 1.97708e+07
3.66113e+08 1.97821e+07
3.66113e+08 1.97709e+07
3.66114e+08 1.97596e+07
3.66114e+08 1.97596e+07
3.66114e+08 1.97596e+07
3.83916e+08 2.03869e+07
3.84229e+08 2.05546e+07
3.84251e+08 2.05099e+07
3.84587e+08 2.03535e+07
3.84699e+08 2.04094e+07
3.84744e+08 2.02976e+07
3.84889e+08 2.02529e+07
3.84911e+08 2.02194e+07
3.84911e+08 2.02194e+07
3.84956e+08 2.02082e+07
3.84956e+08 2.02082e+07
3.84978e+08 2.02305e+07
3.84978e+08 2.02193e+07
3.84978e+08 2.01858e+07
3.84978e+08 2.01858e+07
3.85146e+08 2.02641e+07
3.85191e+08 2.03088e+07
3.85191e+08 2.03088e+07
3.85247e+08 2.03088e+07
3.85359e+08 2.03982e+07
3.85359e+08 2.03982e+07
3.85359e+08 2.03758e+07
3.85437e+08 2.04317e+07
3.85448e+08 2.04317e+07
3.85448e+08 2.04317e+07
3.85471e+08 2.04093e+07
3.85471e+08 2.04094e+07
3.85538e+08 2.04206e+07
3.86467e+08 2.03982e+07
3.86489e+08 2.03758e+07
3.86489e+08 2.03758e+07
3.86489e+08 2.03757e+07
3.86489e+08 2.03758e+07
3.86489e+08 2.03758e+07
4.04927e+08 2.10112e+07
4.05195e+08 2.09666e+07
4.05218e+08 2.09666e+07
4.05598e+08 2.10114e+07
4.05677e+08 2.09779e+07
4.05811e+08 2.10673e+07
4.05833e+08 2.09443e+07
4.05844e+08 2.09332e+07
4.05844e+08 2.09332e+07
4.05878e+08 2.0922e+07
4.05878e+08 2.0922e+07
4.059e+08 2.0922e+07
4.05923e+08 2.09443e+07
4.05934e+08 2.09555e+07
4.05979e+08 2.10002e+07
4.06035e+08 2.08885e+07
4.06057e+08 2.08661e+07
4.06079e+08 2.08885e+07
4.06124e+08 2.08773e+07
4.06124e+08 2.08773e+07
4.06202e+08 2.08437e+07
4.06214e+08 2.08549e+07
4.06214e+08 2.08549e+07
4.06281e+08 2.08438e+07
4.06314e+08 2.08661e+07
4.0637e+08 2.0922e+07
4.06449e+08 2.09779e+07
4.0646e+08 2.0989e+07
4.0665e+08 2.1112e+07
4.07478e+08 2.10114e+07
4.07512e+08 2.10226e+07
4.07512e+08 2.10226e+07
4.07512e+08 2.10226e+07
4.07523e+08 2.10338e+07
4.07523e+08 2.10338e+07
4.26465e+08 2.15387e+07
4.26667e+08 2.14715e+07
4.26667e+08 2.14492e+07
4.27148e+08 2.155e+07
4.2726e+08 2.15835e+07
4.27428e+08 2.1617e+07
4.27428e+08 2.15947e+07
4.27428e+08 2.15835e+07
4.27428e+08 2.15835e+07
4.2745e+08 2.15723e+07
4.2745e+08 2.15723e+07
4.2745e+08 2.15499e+07
4.27529e+08 2.16058e+07
4.27529e+08 2.15946e+07
4.27529e+08 2.15499e+07
4.27551e+08 2.15164e+07
4.27562e+08 2.15052e+07
4.27562e+08 2.14829e+07
4.27596e+08 2.14717e+07
4.27596e+08 2.14717e+07
4.27596e+08 2.14717e+07
4.27641e+08 2.14382e+07
4.27641e+08 2.1427e+07
4.27685e+08 2.14717e+07
4.27831e+08 2.15499e+07
4.27853e+08 2.15387e+07
4.27864e+08 2.1494e+07
4.28043e+08 2.15947e+07
4.28054e+08 2.15947e+07
4.282e+08 2.15499e+07
4.29073e+08 2.15946e+07
4.29106e+08 2.15946e+07
4.29106e+08 2.15946e+07
4.29106e+08 2.15946e+07
4.29106e+08 2.15834e+07
4.29106e+08 2.15834e+07
4.48617e+08 2.21518e+07
4.48819e+08 2.21518e+07
4.48841e+08 2.21742e+07
4.49334e+08 2.21855e+07
4.49569e+08 2.23085e+07
4.49692e+08 2.22637e+07
4.49692e+08 2.22637e+07
4.49692e+08 2.22637e+07
4.49703e+08 2.22749e+07
4.49703e+08 2.22525e+07
4.49703e+08 2.22525e+07
4.49703e+08 2.22525e+07
4.49714e+08 2.21855e+07
4.49714e+08 2.21855e+07
4.49714e+08 2.21854e+07
4.49748e+08 2.21966e+07
4.49748e+08 2.21854e+07
4.49748e+08 2.21854e+07
4.49748e+08 2.21519e+07
4.49759e+08 2.2163e+07
4.49759e+08 2.2163e+07
4.49837e+08 2.21966e+07
4.4986e+08 2.2219e+07
4.4986e+08 2.2219e+07
4.49904e+08 2.2219e+07
4.50027e+08 2.21966e+07
4.50083e+08 2.22302e+07
4.50083e+08 2.2219e+07
4.50318e+08 2.22749e+07
4.50352e+08 2.22973e+07
4.50441e+08 2.22414e+07
4.51359e+08 2.2286e+07
4.5137e+08 2.22637e+07
4.5137e+08 2.22638e+07
4.5137e+08 2.22638e+07
4.51381e+08 2.22749e+07
4.51381e+08 2.22749e+07
4.71553e+08 2.29361e+07
4.71688e+08 2.2869e+07
4.71721e+08 2.28801e+07
4.72158e+08 2.28243e+07
4.72471e+08 2.29025e+07
4.72471e+08 2.27796e+07
4.72471e+08 2.27796e+07
4.72494e+08 2.2802e+07
4.72494e+08 2.27908e+07
4.72516e+08 2.28131e+07
4.72516e+08 2.28131e+07
4.72527e+08 2.28243e+07
4.7255e+08 2.28355e+07
4.7255e+08 2.28355e+07
4.7255e+08 2.28355e+07
4.72561e+08 2.28131e+07
4.72561e+08 2.28131e+07
4.72572e+08 2.28243e+07
4.72583e+08 2.28355e+07
4.72583e+08 2.28243e+07
4.72583e+08 2.28243e+07
4.72684e+08 2.28466e+07
4.72717e+08 2.28578e+07
4.72717e+08 2.28578e+07
4.7274e+08 2.28802e+07
4.72751e+08 2.28466e+07
4.72762e+08 2.27348e+07
4.72773e+08 2.26902e+07
4.72785e+08 2.27013e+07
4.73098e+08 2.27796e+07
4.73243e+08 2.28914e+07
4.7331e+08 2.28691e+07
4.74116e+08 2.27572e+07
4.74306e+08 2.29361e+07
4.74329e+08 2.29585e+07
4.74329e+08 2.29585e+07
4.74329e+08 2.29473e+07
4.74329e+08 2.29473e+07
4.95029e+08 2.34752e+07
4.95174e+08 2.34864e+07
4.95174e+08 2.34529e+07
4.95689e+08 2.35312e+07
4.96081e+08 2.36094e+07
4.96081e+08 2.36094e+07
4.96103e+08 2.36317e+07
4.96103e+08 2.36094e+07
4.96125e+08 2.36317e+07
4.96125e+08 2.36094e+07
4.96148e+08 2.36317e+07
4.96148e+08 2.36205e+07
4.96148e+08 2.35982e+07
4.96148e+08 2.35982e+07
4.96148e+08 2.35982e+07
4.96148e+08 2.3587e+07
4.96148e+08 2.3587e+07
4.96148e+08 2.35758e+07
4.9617e+08 2.3587e+07
4.9617e+08 2.3587e+07
4.9617e+08 2.3587e+07
4.96204e+08 2.35199e+07
4.96215e+08 2.34975e+07
4.96215e+08 2.34975e+07
4.96215e+08 2.34975e+07
4.96215e+08 2.34751e+07
4.96215e+08 2.3464e+07
4.96215e+08 2.34528e+07
4.96282e+08 2.35087e+07
4.96282e+08 2.34975e+07
4.96595e+08 2.34976e+07
4.96797e+08 2.35536e+07
4.9692e+08 2.36094e+07
4.97535e+08 2.34193e+07
4.97647e+08 2.33411e+07
4.97647e+08 2.33188e+07
4.97647e+08 2.33188e+07
4.97648e+08 2.33189e+07
4.97648e+08 2.33189e+07
5.1924e+08 2.42112e+07
5.19284e+08 2.41105e+07
5.19284e+08 2.41105e+07
5.19777e+08 2.40883e+07
5.20214e+08 2.4133e+07
5.20214e+08 2.4133e+07
5.20214e+08 2.41106e+07
5.20214e+08 2.41106e+07
5.20214e+08 2.40883e+07
5.20214e+08 2.40883e+07
5.20214e+08 2.40659e+07
5.20225e+08 2.40771e+07
5.20225e+08 2.40771e+07
5.20236e+08 2.40883e+07
5.20236e+08 2.40883e+07
5.20247e+08 2.40995e+07
5.20258e+08 2.41106e+07
5.20258e+08 2.41106e+07
5.20258e+08 2.40883e+07
5.2027e+08 2.40995e+07
5.20281e+08 2.41106e+07
5.20281e+08 2.40771e+07
5.20281e+08 2.40659e+07
5.20281e+08 2.40659e+07
5.20281e+08 2.40659e+07
5.20281e+08 2.40659e+07
5.20303e+08 2.40883e+07
5.20303e+08 2.40883e+07
5.20303e+08 2.40883e+07
5.20337e+08 2.40547e+07
5.20337e+08 2.40547e+07
5.20639e+08 2.40435e+07
5.21209e+08 2.44125e+07
5.2122e+08 2.43007e+07
5.21579e+08 2.40435e+07
5.21713e+08 2.40658e+07
5.21725e+08 2.40771e+07
5.21725e+08 2.40771e+07
5.21769e+08 2.41219e+07
5.21769e+08 2.41219e+07
5.43959e+08 2.47196e+07
5.43959e+08 2.46749e+07
5.43959e+08 2.46749e+07
5.44531e+08 2.47532e+07
5.44978e+08 2.47644e+07
5.44989e+08 2.47756e+07
5.44989e+08 2.47756e+07
5.44989e+08 2.47756e+07
5.45e+08 2.47868e+07
5.45e+08 2.47868e+07
5.45e+08 2.47868e+07
5.45012e+08 2.47868e+07
5.45012e+08 2.47868e+07
5.45023e+08 2.47868e+07
5.45056e+08 2.48203e+07
5.45056e+08 2.48092e+07
5.45056e+08 2.4798e+07
5.45056e+08 2.4798e+07
5.45056e+08 2.4798e+07
5.45056e+08 2.47868e+07
5.45068e+08 2.47868e+07
5.45068e+08 2.47868e+07
5.45068e+08 2.47868e+07
5.45068e+08 2.47869e+07
5.45068e+08 2.47869e+07
5.45068e+08 2.47869e+07
5.45068e+08 2.47645e+07
5.4509e+08 2.47869e+07
5.4509e+08 2.47869e+07
5.4509e+08 2.47869e+07
5.45135e+08 2.47981e+07
5.45135e+08 2.47981e+07
5.45459e+08 2.48203e+07
5.45884e+08 2.46751e+07
5.45884e+08 2.46639e+07
5.46187e+08 2.46079e+07
5.46399e+08 2.46861e+07
5.46455e+08 2.47309e+07
5.46467e+08 2.47421e+07
5.46523e+08 2.47533e+07
5.46523e+08 2.47533e+07
5.69256e+08 2.52966e+07
5.69256e+08 2.52967e+07
5.69256e+08 2.52967e+07
5.69883e+08 2.53526e+07
5.70308e+08 2.53303e+07
5.70308e+08 2.53191e+07
5.70308e+08 2.53191e+07
5.70308e+08 2.53191e+07
5.70308e+08 2.5308e+07
5.70308e+08 2.5308e+07
5.70308e+08 2.5308e+07
5.70308e+08 2.52968e+07
5.70308e+08 2.52968e+07
5.70308e+08 2.52856e+07
5.7032e+08 2.52633e+07
5.7032e+08 2.52633e+07
5.70342e+08 2.52856e+07
5.70342e+08 2.52856e+07
5.70342e+08 2.52856e+07
5.70364e+08 2.5308e+07
5.70364e+08 2.52968e+07
5.7042e+08 2.53527e+07
5.70431e+08 2.53639e+07
5.70454e+08 2.53862e+07
5.70454e+08 2.53862e+07
5.70454e+08 2.53862e+07
5.70476e+08 2.54086e+07
5.70521e+08 2.5431e+07
5.70532e+08 2.54422e+07
5.70532e+08 2.54422e+07
5.70532e+08 2.54422e+07
5.70644e+08 2.55092e+07
5.70644e+08 2.55092e+07
5.70901e+08 2.54422e+07
5.71181e+08 2.52967e+07
5.71192e+08 2.53079e+07
5.71461e+08 2.52744e+07
5.71584e+08 2.5185e+07
5.71596e+08 2.51403e+07
5.71618e+08 2.51515e+07
5.71708e+08 2.5185e+07
5.71708e+08 2.5185e+07
5.94991e+08 2.57354e+07
5.95014e+08 2.57578e+07
5.95014e+08 2.57578e+07
5.95686e+08 2.58026e+07
5.96223e+08 2.59144e+07
5.96234e+08 2.59256e+07
5.96234e+08 2.59256e+07
5.96256e+08 2.5948e+07
5.96268e+08 2.59592e+07
5.96268e+08 2.59592e+07
5.96268e+08 2.59592e+07
5.96268e+08 2.59592e+07
5.96268e+08 2.59592e+07
5.96268e+08 2.59592e+07
5.96335e+08 2.60151e+07
5.96357e+08 2.60375e+07
5.96357e+08 2.60151e+07
5.96357e+08 2.60151e+07
5.96379e+08 2.60374e+07
5.96391e+08 2.60263e+07
5.96424e+08 2.60598e+07
5.96469e+08 2.60486e+07
5.96469e+08 2.60374e+07
5.9648e+08 2.60263e+07
5.96536e+08 2.60822e+07
5.96536e+08 2.60822e+07
5.96592e+08 2.61158e+07
5.96603e+08 2.60822e+07
5.96637e+08 2.61046e+07
5.96637e+08 2.61046e+07
5.96637e+08 2.61046e+07
5.96637e+08 2.61046e+07
5.96637e+08 2.59928e+07
5.96637e+08 2.59928e+07
5.96704e+08 2.58027e+07
5.9676e+08 2.5579e+07
5.9676e+08 2.55678e+07
5.97174e+08 2.57133e+07
5.97286e+08 2.5702e+07
5.97354e+08 2.5758e+07
5.97376e+08 2.5758e+07
5.97399e+08 2.5691e+07
5.97399e+08 2.5691e+07
6.21572e+08 2.6581e+07
6.21617e+08 2.66034e+07
6.21617e+08 2.66034e+07
6.22133e+08 2.64469e+07
6.22569e+08 2.63464e+07
6.22569e+08 2.63353e+07
6.22592e+08 2.63576e+07
6.22592e+08 2.63353e+07
6.22692e+08 2.64247e+07
6.22692e+08 2.64247e+07
6.22715e+08 2.64471e+07
6.22715e+08 2.64471e+07
6.22737e+08 2.64695e+07
6.22804e+08 2.65365e+07
6.22849e+08 2.65141e+07
6.22882e+08 2.65253e+07
6.22927e+08 2.657e+07
6.22927e+08 2.657e+07
6.22927e+08 2.65477e+07
6.22927e+08 2.65365e+07
6.22927e+08 2.65029e+07
6.22938e+08 2.64694e+07
6.22938e+08 2.64694e+07
6.22972e+08 2.64917e+07
6.22972e+08 2.64358e+07
6.22972e+08 2.64358e+07
6.23005e+08 2.64134e+07
6.23005e+08 2.64022e+07
6.23005e+08 2.63687e+07
6.23005e+08 2.63687e+07
6.23017e+08 2.63799e+07
6.2305e+08 2.64134e+07
6.23061e+08 2.64246e+07
6.23084e+08 2.64469e+07
6.23106e+08 2.64693e+07
6.23151e+08 2.64469e+07
6.23151e+08 2.6391e+07
6.23151e+08 2.6391e+07
6.23689e+08 2.65143e+07
6.23711e+08 2.64247e+07
6.23734e+08 2.63799e+07
6.23756e+08 2.63799e+07
6.23756e+08 2.63575e+07
6.23756e+08 2.63575e+07
6.28927e+08 7.35426e+06
6.28927e+08 7.30947e+06
6.28927e+08 7.30947e+06
