5.37338e+06 5.37246e+06
8.22751e+06 2.85413e+06
8.22751e+06 2.85414e+06
1.03129e+07 2.08539e+06
1.03129e+07 2.08539e+06
1.17115e+07 1.39863e+06
1.17562e+07 1.44335e+06
1.18234e+07 1.51045e+06
1.43508e+07 2.63927e+06
1.43508e+07 2.59456e+06
1.43508e+07 2.59457e+06
1.44068e+07 2.58347e+06
1.68331e+07 2.48235e+06
1.68555e+07 2.5047e+06
1.68555e+07 2.5047e+06
1.68891e+07 2.4823e+06
1.68891e+07 2.48231e+06
2.03844e+07 3.55128e+06
2.03844e+07 3.52893e+06
2.0418e+07 3.56247e+06
2.04516e+07 3.56248e+06
2.04516e+07 3.56248e+06
2.04516e+07 3.56249e+06
2.42872e+07 3.90282e+06
2.42872e+07 3.90282e+06
2.42873e+07 3.86928e+06
2.43656e+07 3.91401e+06
2.43656e+07 3.91401e+06
2.43656e+07 3.91401e+06
2.43768e+07 3.92521e+06
2.86412e+07 4.35398e+06
2.86412e+07 4.35399e+06
2.8686e+07 4.39873e+06
2.87196e+07 4.35398e+06
2.87196e+07 4.35398e+06
2.87196e+07 4.35398e+06
2.87196e+07 4.34279e+06
3.32374e+07 4.59617e+06
3.32374e+07 4.59618e+06
3.32374e+07 4.59618e+06
3.32821e+07 4.59616e+06
3.33381e+07 4.61854e+06
3.33381e+07 4.61854e+06
3.33381e+07 4.61854e+06
3.33382e+07 4.61854e+06
3.84319e+07 5.19453e+06
3.84319e+07 5.19452e+06
3.84543e+07 5.2169e+06
3.84767e+07 5.23929e+06
3.85103e+07 5.22813e+06
3.86333e+07 5.29515e+06
3.86334e+07 5.29521e+06
3.86334e+07 5.29521e+06
3.86334e+07 5.29522e+06
4.42916e+07 5.85964e+06
4.42916e+07 5.85964e+06
4.4314e+07 5.85966e+06
4.43251e+07 5.84844e+06
4.43363e+07 5.85963e+06
4.44146e+07 5.90431e+06
4.44146e+07 5.78133e+06
4.45265e+07 5.89314e+06
4.45265e+07 5.89317e+06
4.45713e+07 5.93792e+06
5.08764e+07 6.5848e+06
5.08764e+07 6.5848e+06
5.09099e+07 6.59597e+06
5.09099e+07 6.58479e+06
5.09099e+07 6.57361e+06
5.09099e+07 6.57361e+06
5.09547e+07 6.54009e+06
5.09547e+07 6.54006e+06
5.10666e+07 6.54014e+06
5.10666e+07 6.54012e+06
5.11673e+07 6.59601e+06
5.80035e+07 7.12716e+06
5.80259e+07 7.14955e+06
5.80259e+07 7.116e+06
5.80372e+07 7.12723e+06
5.80484e+07 7.13842e+06
5.80484e+07 7.13842e+06
5.80819e+07 7.12725e+06
5.80819e+07 7.12726e+06
5.80819e+07 7.12726e+06
5.81492e+07 7.0826e+06
5.81492e+07 7.0826e+06
5.81829e+07 7.01557e+06
6.56923e+07 7.68879e+06
6.57259e+07 7.69997e+06
6.57706e+07 7.7447e+06
6.58266e+07 7.78941e+06
6.58266e+07 7.77822e+06
6.58266e+07 7.77822e+06
6.58602e+07 7.77828e+06
6.58602e+07 7.77828e+06
6.58602e+07 7.77828e+06
6.58602e+07 7.77828e+06
6.59611e+07 7.81184e+06
6.59611e+07 7.81186e+06
6.60618e+07 7.87894e+06
7.4166e+07 8.47374e+06
7.41661e+07 8.44021e+06
7.41997e+07 8.42903e+06
7.4222e+07 8.39545e+06
7.4222e+07 8.39545e+06
7.4222e+07 8.39545e+06
7.42444e+07 8.38424e+06
7.42444e+07 8.38424e+06
7.42445e+07 8.38424e+06
7.42445e+07 8.38425e+06
7.42445e+07 8.38425e+06
7.43789e+07 8.41782e+06
7.44348e+07 8.4737e+06
7.45691e+07 8.50726e+06
8.31648e+07 8.99871e+06
8.31648e+07 8.99869e+06
8.31648e+07 8.96512e+06
8.31648e+07 8.94277e+06
8.31648e+07 8.94277e+06
8.31648e+07 8.94278e+06
8.3176e+07 8.93157e+06
8.3176e+07 8.93157e+06
8.3176e+07 8.93157e+06
8.3176e+07 8.93157e+06
8.3176e+07 8.93157e+06
8.3176e+07 8.93158e+06
8.36012e+07 9.22227e+06
8.36012e+07 9.16637e+06
8.36236e+07 9.05447e+06
9.26288e+07 9.46402e+06
9.26288e+07 9.46402e+06
9.26288e+07 9.46402e+06
9.26288e+07 9.46402e+06
9.26288e+07 9.46402e+06
9.26288e+07 9.46401e+06
9.264e+07 9.46399e+06
9.264e+07 9.46399e+06
9.264e+07 9.46399e+06
9.264e+07 9.46399e+06
9.264e+07 9.46399e+06
9.264e+07 9.46399e+06
9.26401e+07 9.464e+06
9.32887e+07 9.6875e+06
9.32887e+07 9.6875e+06
9.33223e+07 9.69875e+06
1.02679e+08 1.00505e+07
1.02679e+08 1.00505e+07
1.02679e+08 1.00505e+07
1.02679e+08 1.00505e+07
1.02679e+08 1.00505e+07
1.02679e+08 1.00505e+07
1.02679e+08 1.00393e+07
1.02679e+08 1.00393e+07
1.02679e+08 1.00393e+07
1.02679e+08 1.00393e+07
1.02679e+08 1.00393e+07
1.02679e+08 1.00393e+07
1.02679e+08 1.00393e+07
1.03116e+08 9.82691e+06
1.03127e+08 9.8381e+06
1.03127e+08 9.8381e+06
1.03373e+08 1.00506e+07
1.13321e+08 1.06421e+07
1.13321e+08 1.06421e+07
1.13355e+08 1.06756e+07
1.13355e+08 1.06756e+07
1.13366e+08 1.06868e+07
1.13366e+08 1.06868e+07
1.13366e+08 1.06868e+07
1.13366e+08 1.06868e+07
1.13366e+08 1.06868e+07
1.13366e+08 1.06868e+07
1.13366e+08 1.06868e+07
1.13366e+08 1.06868e+07
1.13366e+08 1.06868e+07
1.13758e+08 1.06421e+07
1.1378e+08 1.06533e+07
1.1378e+08 1.06533e+07
1.1378e+08 1.06533e+07
1.14138e+08 1.0765e+07
1.24571e+08 1.12498e+07
1.24594e+08 1.12722e+07
1.24594e+08 1.12386e+07
1.24605e+08 1.12498e+07
1.24605e+08 1.12386e+07
1.24616e+08 1.12498e+07
1.24616e+08 1.12499e+07
1.24616e+08 1.12499e+07
1.24616e+08 1.12499e+07
1.24616e+08 1.12499e+07
1.24627e+08 1.12611e+07
1.24627e+08 1.12611e+07
1.24627e+08 1.12611e+07
1.24896e+08 1.11381e+07
1.24963e+08 1.11828e+07
1.24963e+08 1.11828e+07
1.24974e+08 1.1194e+07
1.25008e+08 1.12276e+07
1.2531e+08 1.11717e+07
1.36313e+08 1.17423e+07
1.36313e+08 1.17199e+07
1.36313e+08 1.17199e+07
1.36313e+08 1.17088e+07
1.36347e+08 1.17423e+07
1.36358e+08 1.17423e+07
1.36381e+08 1.17647e+07
1.36381e+08 1.17647e+07
1.36381e+08 1.17647e+07
1.36381e+08 1.17647e+07
1.36403e+08 1.17758e+07
1.36403e+08 1.17758e+07
1.36414e+08 1.1787e+07
1.36739e+08 1.18428e+07
1.3685e+08 1.18876e+07
1.3685e+08 1.18876e+07
1.3685e+08 1.18764e+07
1.36873e+08 1.18652e+07
1.36873e+08 1.18652e+07
1.37063e+08 1.17534e+07
1.48816e+08 1.25028e+07
1.48816e+08 1.25028e+07
1.48816e+08 1.25028e+07
1.4885e+08 1.25363e+07
1.48883e+08 1.25363e+07
1.48906e+08 1.25475e+07
1.48917e+08 1.25363e+07
1.48917e+08 1.25363e+07
1.48917e+08 1.25363e+07
1.48917e+08 1.25363e+07
1.48917e+08 1.25139e+07
1.48917e+08 1.25139e+07
1.48917e+08 1.25028e+07
1.49051e+08 1.23126e+07
1.49241e+08 1.23909e+07
1.49241e+08 1.23909e+07
1.49241e+08 1.23909e+07
1.49342e+08 1.24692e+07
1.49353e+08 1.24804e+07
1.49554e+08 1.24915e+07
1.49566e+08 1.25027e+07
1.6212e+08 1.33033e+07
1.6212e+08 1.33033e+07
1.6212e+08 1.33033e+07
1.62153e+08 1.33033e+07
1.62153e+08 1.32697e+07
1.62198e+08 1.32921e+07
1.62198e+08 1.32809e+07
1.6222e+08 1.33033e+07
1.6222e+08 1.33033e+07
1.6222e+08 1.33033e+07
1.62231e+08 1.33144e+07
1.62231e+08 1.33144e+07
1.62265e+08 1.3348e+07
1.6231e+08 1.32585e+07
1.625e+08 1.32586e+07
1.62545e+08 1.33033e+07
1.62545e+08 1.33033e+07
1.62634e+08 1.32921e+07
1.62634e+08 1.32809e+07
1.62668e+08 1.31132e+07
1.62679e+08 1.31132e+07
1.62679e+08 1.31132e+07
1.75153e+08 1.30336e+07
1.75153e+08 1.30336e+07
1.75153e+08 1.30336e+07
1.75153e+08 1.30001e+07
1.75164e+08 1.30112e+07
1.7531e+08 1.31118e+07
1.7531e+08 1.31118e+07
1.75321e+08 1.31006e+07
1.75321e+08 1.31006e+07
1.75321e+08 1.31006e+07
1.75321e+08 1.30895e+07
1.75321e+08 1.30895e+07
1.75332e+08 1.30671e+07
1.75388e+08 1.30783e+07
1.75567e+08 1.30671e+07
1.75589e+08 1.30447e+07
1.75589e+08 1.30447e+07
1.75612e+08 1.29776e+07
1.75612e+08 1.29777e+07
1.75612e+08 1.29441e+07
1.75634e+08 1.29553e+07
1.75634e+08 1.29553e+07
1.88908e+08 1.37551e+07
1.88931e+08 1.37774e+07
1.89031e+08 1.3878e+07
1.89054e+08 1.39004e+07
1.89054e+08 1.39004e+07
1.89054e+08 1.38892e+07
1.89065e+08 1.37551e+07
1.89065e+08 1.37551e+07
1.89065e+08 1.37439e+07
1.89076e+08 1.37551e+07
1.89076e+08 1.37551e+07
1.89076e+08 1.37551e+07
1.89076e+08 1.37551e+07
1.89087e+08 1.37551e+07
1.89188e+08 1.37998e+07
1.89277e+08 1.37104e+07
1.89289e+08 1.36992e+07
1.89289e+08 1.36992e+07
1.893e+08 1.3688e+07
1.89378e+08 1.37663e+07
1.894e+08 1.37886e+07
1.89412e+08 1.37774e+07
1.89412e+08 1.37774e+07
2.03253e+08 1.43444e+07
2.03275e+08 1.43444e+07
2.03297e+08 1.43667e+07
2.0332e+08 1.42885e+07
2.03331e+08 1.42773e+07
2.03331e+08 1.42773e+07
2.03331e+08 1.42773e+07
2.03331e+08 1.42661e+07
2.03331e+08 1.42661e+07
2.03331e+08 1.42661e+07
2.03331e+08 1.4255e+07
2.03353e+08 1.42773e+07
2.03353e+08 1.42773e+07
2.03376e+08 1.42997e+07
2.03409e+08 1.4322e+07
2.03432e+08 1.42438e+07
2.03499e+08 1.42214e+07
2.03521e+08 1.42326e+07
2.03532e+08 1.42438e+07
2.03544e+08 1.42438e+07
2.03555e+08 1.41767e+07
2.03555e+08 1.41543e+07
2.03566e+08 1.41543e+07
2.03633e+08 1.42214e+07
2.18059e+08 1.48063e+07
2.1807e+08 1.47951e+07
2.1807e+08 1.47727e+07
2.18104e+08 1.47839e+07
2.18115e+08 1.47951e+07
2.18126e+08 1.47951e+07
2.18126e+08 1.47951e+07
2.18126e+08 1.47951e+07
2.18148e+08 1.48175e+07
2.1816e+08 1.48286e+07
2.1816e+08 1.48286e+07
2.18171e+08 1.48398e+07
2.18171e+08 1.48174e+07
2.18171e+08 1.48174e+07
2.18171e+08 1.47951e+07
2.18238e+08 1.48287e+07
2.18339e+08 1.49069e+07
2.18383e+08 1.48845e+07
2.18383e+08 1.48621e+07
2.18417e+08 1.48845e+07
2.18495e+08 1.49516e+07
2.18495e+08 1.49404e+07
2.18495e+08 1.49404e+07
2.18495e+08 1.49292e+07
2.18495e+08 1.48622e+07
2.33525e+08 1.54663e+07
2.33525e+08 1.54552e+07
2.33525e+08 1.54552e+07
2.33525e+08 1.54216e+07
2.33536e+08 1.54216e+07
2.33536e+08 1.54216e+07
2.33536e+08 1.54104e+07
2.33536e+08 1.54104e+07
2.33536e+08 1.54104e+07
2.33536e+08 1.53881e+07
2.33536e+08 1.53769e+07
2.33559e+08 1.53993e+07
2.33559e+08 1.53881e+07
2.3357e+08 1.53993e+07
2.33592e+08 1.54216e+07
2.33592e+08 1.54216e+07
2.33648e+08 1.54105e+07
2.33738e+08 1.53993e+07
2.33749e+08 1.53658e+07
2.33749e+08 1.53658e+07
2.33749e+08 1.53323e+07
2.33861e+08 1.53658e+07
2.33861e+08 1.53658e+07
2.33872e+08 1.53769e+07
2.33872e+08 1.53769e+07
2.33906e+08 1.54105e+07
2.49472e+08 1.59472e+07
2.49472e+08 1.59472e+07
2.49506e+08 1.59808e+07
2.49517e+08 1.59919e+07
2.49517e+08 1.59808e+07
2.49517e+08 1.59808e+07
2.49517e+08 1.59808e+07
2.49517e+08 1.59808e+07
2.49517e+08 1.59808e+07
2.49528e+08 1.5992e+07
2.49562e+08 1.60255e+07
2.49573e+08 1.60367e+07
2.49573e+08 1.60143e+07
2.49573e+08 1.60143e+07
2.49573e+08 1.60031e+07
2.49607e+08 1.60143e+07
2.49607e+08 1.60143e+07
2.49707e+08 1.6059e+07
2.49763e+08 1.60255e+07
2.49797e+08 1.60478e+07
2.49808e+08 1.6059e+07
2.49808e+08 1.6059e+07
2.49831e+08 1.59696e+07
2.49864e+08 1.60031e+07
2.49864e+08 1.59919e+07
2.49864e+08 1.59919e+07
2.49942e+08 1.60366e+07
2.66103e+08 1.6631e+07
2.66103e+08 1.6631e+07
2.66103e+08 1.65975e+07
2.66103e+08 1.65863e+07
2.66103e+08 1.65863e+07
2.66126e+08 1.66087e+07
2.66126e+08 1.66087e+07
2.66137e+08 1.66199e+07
2.66137e+08 1.66199e+07
2.66137e+08 1.66199e+07
2.66148e+08 1.66199e+07
2.66171e+08 1.66087e+07
2.66171e+08 1.65975e+07
2.66171e+08 1.65975e+07
2.66182e+08 1.66087e+07
2.66182e+08 1.66087e+07
2.66182e+08 1.65752e+07
2.66204e+08 1.65976e+07
2.66204e+08 1.64969e+07
2.6635e+08 1.65863e+07
2.66428e+08 1.6631e+07
2.66517e+08 1.67093e+07
2.66562e+08 1.6754e+07
2.66596e+08 1.67652e+07
2.66596e+08 1.67316e+07
2.66596e+08 1.67317e+07
2.66618e+08 1.6754e+07
2.66674e+08 1.67317e+07
2.83383e+08 1.72799e+07
2.83383e+08 1.728e+07
2.83383e+08 1.728e+07
2.83383e+08 1.728e+07
2.83383e+08 1.728e+07
2.83383e+08 1.72576e+07
2.83383e+08 1.72576e+07
2.83383e+08 1.72464e+07
2.83395e+08 1.72576e+07
2.83395e+08 1.72576e+07
2.83395e+08 1.72576e+07
2.83395e+08 1.72464e+07
2.83395e+08 1.7224e+07
2.83395e+08 1.7224e+07
2.83395e+08 1.7224e+07
2.83395e+08 1.72128e+07
2.83395e+08 1.72128e+07
2.83395e+08 1.72129e+07
2.83417e+08 1.72129e+07
2.83417e+08 1.72129e+07
2.83484e+08 1.71346e+07
2.83574e+08 1.71458e+07
2.8363e+08 1.71123e+07
2.8363e+08 1.70676e+07
2.83652e+08 1.70564e+07
2.83697e+08 1.71011e+07
2.83753e+08 1.7157e+07
2.83753e+08 1.71346e+07
2.83943e+08 1.72688e+07
3.01332e+08 1.79489e+07
3.01332e+08 1.79489e+07
3.01332e+08 1.79489e+07
3.01332e+08 1.79489e+07
3.01332e+08 1.79489e+07
3.01332e+08 1.79489e+07
3.01332e+08 1.79489e+07
3.01332e+08 1.79489e+07
3.01332e+08 1.79377e+07
3.01332e+08 1.79377e+07
3.01332e+08 1.79377e+07
3.01344e+08 1.79489e+07
3.01344e+08 1.79489e+07
3.01355e+08 1.79601e+07
3.01366e+08 1.79713e+07
3.01366e+08 1.79713e+07
3.01377e+08 1.79825e+07
3.01377e+08 1.79825e+07
3.01377e+08 1.79824e+07
3.01422e+08 1.80048e+07
3.01433e+08 1.8016e+07
3.01523e+08 1.80383e+07
3.01612e+08 1.80383e+07
3.01657e+08 1.80271e+07
3.01668e+08 1.80383e+07
3.01679e+08 1.80271e+07
3.01735e+08 1.80383e+07
3.01769e+08 1.8016e+07
3.01802e+08 1.80495e+07
3.01981e+08 1.80383e+07
3.19979e+08 1.86469e+07
3.19979e+08 1.86469e+07
3.1999e+08 1.8658e+07
3.1999e+08 1.8658e+07
3.20024e+08 1.86916e+07
3.20046e+08 1.87139e+07
3.20046e+08 1.87139e+07
3.2008e+08 1.87475e+07
3.20091e+08 1.87587e+07
3.20091e+08 1.87587e+07
3.20102e+08 1.87698e+07
3.20113e+08 1.87698e+07
3.20125e+08 1.8781e+07
3.20125e+08 1.8781e+07
3.20125e+08 1.87699e+07
3.20125e+08 1.87587e+07
3.20125e+08 1.87587e+07
3.20125e+08 1.87475e+07
3.20136e+08 1.87587e+07
3.20192e+08 1.88146e+07
3.20214e+08 1.87922e+07
3.20214e+08 1.8781e+07
3.20214e+08 1.86916e+07
3.20214e+08 1.86021e+07
3.20214e+08 1.85574e+07
3.20281e+08 1.86133e+07
3.20293e+08 1.86133e+07
3.20304e+08 1.85686e+07
3.20315e+08 1.85463e+07
3.2036e+08 1.85574e+07
3.20371e+08 1.83898e+07
3.3912e+08 1.91407e+07
3.3912e+08 1.91407e+07
3.39131e+08 1.91407e+07
3.39131e+08 1.91407e+07
3.39131e+08 1.91072e+07
3.39131e+08 1.90848e+07
3.39131e+08 1.90848e+07
3.39131e+08 1.90513e+07
3.39142e+08 1.90513e+07
3.39142e+08 1.90513e+07
3.39142e+08 1.90401e+07
3.39142e+08 1.90289e+07
3.39154e+08 1.90289e+07
3.39154e+08 1.90289e+07
3.39154e+08 1.90289e+07
3.39154e+08 1.90289e+07
3.39154e+08 1.90289e+07
3.39165e+08 1.90401e+07
3.39165e+08 1.90401e+07
3.39176e+08 1.90401e+07
3.39277e+08 1.90848e+07
3.39277e+08 1.90624e+07
3.39288e+08 1.90736e+07
3.3931e+08 1.9096e+07
3.39321e+08 1.91072e+07
3.39333e+08 1.91184e+07
3.39355e+08 1.90736e+07
3.39366e+08 1.90736e+07
3.39422e+08 1.91183e+07
3.39422e+08 1.91071e+07
3.39444e+08 1.90848e+07
3.39444e+08 1.90736e+07
3.58793e+08 1.96736e+07
3.58793e+08 1.96736e+07
3.58793e+08 1.96624e+07
3.58793e+08 1.96624e+07
3.58793e+08 1.96624e+07
3.58794e+08 1.96624e+07
3.58794e+08 1.96624e+07
3.58816e+08 1.96848e+07
3.58827e+08 1.96848e+07
3.58827e+08 1.96848e+07
3.58827e+08 1.96848e+07
3.58838e+08 1.9696e+07
3.58838e+08 1.96848e+07
3.58861e+08 1.97071e+07
3.58861e+08 1.97071e+07
3.58872e+08 1.97183e+07
3.58872e+08 1.97183e+07
3.58872e+08 1.97183e+07
3.58872e+08 1.97071e+07
3.58872e+08 1.97071e+07
3.58883e+08 1.97072e+07
3.59017e+08 1.97407e+07
3.59017e+08 1.97407e+07
3.59096e+08 1.98078e+07
3.5914e+08 1.98301e+07
3.59152e+08 1.98301e+07
3.59174e+08 1.98413e+07
3.59174e+08 1.9819e+07
3.59174e+08 1.98078e+07
3.59174e+08 1.9752e+07
3.59174e+08 1.9752e+07
3.59185e+08 1.97408e+07
3.59185e+08 1.97408e+07
3.79071e+08 2.02774e+07
3.79071e+08 2.02774e+07
3.79071e+08 2.02774e+07
3.79071e+08 2.02774e+07
3.79082e+08 2.02886e+07
3.79082e+08 2.02886e+07
3.79093e+08 2.02997e+07
3.79093e+08 2.02774e+07
3.79116e+08 2.02885e+07
3.79116e+08 2.02885e+07
3.79149e+08 2.03221e+07
3.79149e+08 2.03109e+07
3.79149e+08 2.03109e+07
3.79183e+08 2.03221e+07
3.79183e+08 2.03221e+07
3.79227e+08 2.03556e+07
3.79239e+08 2.03668e+07
3.79239e+08 2.03668e+07
3.79239e+08 2.03668e+07
3.7925e+08 2.0378e+07
3.79328e+08 2.04562e+07
3.79373e+08 2.04897e+07
3.79406e+08 2.03892e+07
3.79406e+08 2.03892e+07
3.79406e+08 2.03109e+07
3.79407e+08 2.02662e+07
3.79407e+08 2.02551e+07
3.79429e+08 2.02551e+07
3.7944e+08 2.02663e+07
3.79451e+08 2.02774e+07
3.79451e+08 2.02774e+07
3.79451e+08 2.02774e+07
3.79451e+08 2.02662e+07
3.79451e+08 2.02662e+07
3.99744e+08 2.06729e+07
3.99744e+08 2.06729e+07
3.99766e+08 2.06952e+07
3.998e+08 2.07288e+07
3.99822e+08 2.07399e+07
3.99945e+08 2.08629e+07
3.99967e+08 2.0874e+07
4.00001e+08 2.09076e+07
4.00001e+08 2.08852e+07
4.00012e+08 2.08964e+07
4.00012e+08 2.08628e+07
4.00012e+08 2.08628e+07
4.00046e+08 2.08964e+07
4.00068e+08 2.08852e+07
4.00068e+08 2.08852e+07
4.00068e+08 2.08405e+07
4.00068e+08 2.08293e+07
4.00068e+08 2.08293e+07
4.00079e+08 2.08405e+07
4.0009e+08 2.08517e+07
4.00102e+08 2.08517e+07
4.00113e+08 2.07846e+07
4.00135e+08 2.07623e+07
4.00169e+08 2.07623e+07
4.00169e+08 2.07623e+07
4.0018e+08 2.07735e+07
4.00191e+08 2.07846e+07
4.00202e+08 2.07958e+07
4.00236e+08 2.0807e+07
4.00236e+08 2.07958e+07
4.00258e+08 2.0807e+07
4.00258e+08 2.0807e+07
4.00258e+08 2.0807e+07
4.00258e+08 2.0807e+07
4.00258e+08 2.0807e+07
4.21092e+08 2.13486e+07
4.21103e+08 2.13598e+07
4.21137e+08 2.13709e+07
4.21159e+08 2.13598e+07
4.21193e+08 2.13709e+07
4.21193e+08 2.1248e+07
4.21204e+08 2.12368e+07
4.21215e+08 2.12145e+07
4.21215e+08 2.12145e+07
4.21215e+08 2.12033e+07
4.21215e+08 2.12033e+07
4.21227e+08 2.12145e+07
4.2126e+08 2.12145e+07
4.2126e+08 2.11921e+07
4.2126e+08 2.11921e+07
4.2126e+08 2.11921e+07
4.2126e+08 2.11921e+07
4.21282e+08 2.12145e+07
4.21282e+08 2.12033e+07
4.21282e+08 2.11921e+07
4.21294e+08 2.12033e+07
4.21294e+08 2.11921e+07
4.21294e+08 2.1181e+07
4.21327e+08 2.11921e+07
4.2145e+08 2.12816e+07
4.2145e+08 2.12816e+07
4.21462e+08 2.12816e+07
4.21484e+08 2.12928e+07
4.21484e+08 2.12816e+07
4.2154e+08 2.13039e+07
4.2154e+08 2.13039e+07
4.21551e+08 2.12927e+07
4.21551e+08 2.12927e+07
4.21562e+08 2.13039e+07
4.21562e+08 2.13039e+07
4.21562e+08 2.13039e+07
4.42927e+08 2.18343e+07
4.42927e+08 2.18231e+07
4.43005e+08 2.18678e+07
4.43038e+08 2.1879e+07
4.43038e+08 2.18454e+07
4.43061e+08 2.18678e+07
4.43083e+08 2.1879e+07
4.43117e+08 2.19013e+07
4.43128e+08 2.19125e+07
4.43128e+08 2.19125e+07
4.43139e+08 2.19237e+07
4.43139e+08 2.19125e+07
4.43139e+08 2.1879e+07
4.43139e+08 2.1879e+07
4.43139e+08 2.1879e+07
4.43139e+08 2.1879e+07
4.43139e+08 2.1879e+07
4.43173e+08 2.18901e+07
4.43173e+08 2.18901e+07
4.43173e+08 2.18902e+07
4.43173e+08 2.1879e+07
4.43184e+08 2.18902e+07
4.43184e+08 2.18902e+07
4.43184e+08 2.18902e+07
4.43195e+08 2.18678e+07
4.43296e+08 2.18456e+07
4.43329e+08 2.18791e+07
4.43329e+08 2.1868e+07
4.43341e+08 2.18568e+07
4.43341e+08 2.18567e+07
4.43341e+08 2.18008e+07
4.43341e+08 2.18008e+07
4.43341e+08 2.17896e+07
4.43341e+08 2.17896e+07
4.43341e+08 2.17784e+07
4.43341e+08 2.17784e+07
4.43341e+08 2.17784e+07
4.65616e+08 2.26895e+07
4.65627e+08 2.27006e+07
4.65638e+08 2.26336e+07
4.6565e+08 2.26112e+07
4.65661e+08 2.26224e+07
4.65661e+08 2.26001e+07
4.65672e+08 2.25889e+07
4.65683e+08 2.25666e+07
4.65717e+08 2.25889e+07
4.65728e+08 2.26001e+07
4.65728e+08 2.25889e+07
4.6575e+08 2.26113e+07
4.6575e+08 2.26113e+07
4.6575e+08 2.26113e+07
4.6575e+08 2.26113e+07
4.6575e+08 2.26113e+07
4.65773e+08 2.26337e+07
4.65773e+08 2.26001e+07
4.65773e+08 2.26001e+07
4.65773e+08 2.26001e+07
4.65773e+08 2.26001e+07
4.65784e+08 2.26002e+07
4.65784e+08 2.26001e+07
4.65784e+08 2.26001e+07
4.65784e+08 2.26001e+07
4.65829e+08 2.26337e+07
4.6593e+08 2.26337e+07
4.6593e+08 2.26001e+07
4.6593e+08 2.26001e+07
4.6593e+08 2.25889e+07
4.6593e+08 2.25889e+07
4.6593e+08 2.25889e+07
4.6593e+08 2.25889e+07
4.6593e+08 2.25889e+07
4.6593e+08 2.25889e+07
4.65941e+08 2.26001e+07
4.65941e+08 2.26001e+07
4.65941e+08 2.26001e+07
4.8867e+08 2.3054e+07
4.8867e+08 2.30429e+07
4.88681e+08 2.30428e+07
4.88681e+08 2.30317e+07
4.88681e+08 2.30205e+07
4.88726e+08 2.30652e+07
4.88726e+08 2.3054e+07
4.88726e+08 2.30428e+07
4.8876e+08 2.30428e+07
4.8876e+08 2.30316e+07
4.8876e+08 2.30317e+07
4.88782e+08 2.30317e+07
4.88782e+08 2.30317e+07
4.88782e+08 2.30317e+07
4.88782e+08 2.30317e+07
4.88782e+08 2.30317e+07
4.88816e+08 2.30429e+07
4.88816e+08 2.30429e+07
4.88827e+08 2.30541e+07
4.88827e+08 2.30541e+07
4.88838e+08 2.30653e+07
4.88894e+08 2.311e+07
4.88894e+08 2.311e+07
4.88894e+08 2.311e+07
4.88894e+08 2.311e+07
4.88894e+08 2.311e+07
4.88916e+08 2.30877e+07
4.88916e+08 2.2987e+07
4.88917e+08 2.2987e+07
4.88917e+08 2.2987e+07
4.88917e+08 2.2987e+07
4.88917e+08 2.29869e+07
4.88917e+08 2.29869e+07
4.88928e+08 2.29981e+07
4.88939e+08 2.30093e+07
4.88939e+08 2.30093e+07
4.88961e+08 2.30205e+07
4.88961e+08 2.30205e+07
4.88973e+08 2.30317e+07
5.12418e+08 2.37476e+07
5.12418e+08 2.37476e+07
5.12429e+08 2.37476e+07
5.12429e+08 2.37476e+07
5.1244e+08 2.37588e+07
5.1244e+08 2.37141e+07
5.1244e+08 2.37141e+07
5.1244e+08 2.37141e+07
5.1244e+08 2.36805e+07
5.12451e+08 2.36917e+07
5.12485e+08 2.37253e+07
5.12507e+08 2.37253e+07
5.12519e+08 2.37365e+07
5.12519e+08 2.37365e+07
5.12519e+08 2.37365e+07
5.12519e+08 2.37365e+07
5.12597e+08 2.37812e+07
5.12597e+08 2.37812e+07
5.12597e+08 2.377e+07
5.12608e+08 2.37812e+07
5.12608e+08 2.377e+07
5.12619e+08 2.37252e+07
5.12619e+08 2.37252e+07
5.12619e+08 2.37252e+07
5.12619e+08 2.37252e+07
5.12619e+08 2.37252e+07
5.12619e+08 2.37252e+07
5.12619e+08 2.37029e+07
5.12619e+08 2.37029e+07
5.12631e+08 2.37141e+07
5.12642e+08 2.37253e+07
5.12653e+08 2.37365e+07
5.12653e+08 2.37365e+07
5.12653e+08 2.37365e+07
5.12653e+08 2.37253e+07
5.12653e+08 2.37141e+07
5.12653e+08 2.37141e+07
5.12687e+08 2.37253e+07
5.12687e+08 2.37253e+07
5.12698e+08 2.37253e+07
5.36769e+08 2.4351e+07
5.3678e+08 2.43623e+07
5.3678e+08 2.43511e+07
5.3678e+08 2.43511e+07
5.3678e+08 2.43399e+07
5.3678e+08 2.43399e+07
5.36791e+08 2.43511e+07
5.36791e+08 2.43511e+07
5.36791e+08 2.43511e+07
5.36802e+08 2.43512e+07
5.3687e+08 2.43847e+07
5.36903e+08 2.43959e+07
5.36914e+08 2.43959e+07
5.36914e+08 2.43959e+07
5.36914e+08 2.43959e+07
5.36914e+08 2.43959e+07
5.36914e+08 2.43176e+07
5.36914e+08 2.43176e+07
5.36914e+08 2.43176e+07
5.36914e+08 2.43064e+07
5.36914e+08 2.43064e+07
5.36914e+08 2.42953e+07
5.36914e+08 2.42953e+07
5.36914e+08 2.42952e+07
5.36915e+08 2.42952e+07
5.36915e+08 2.42953e+07
5.36915e+08 2.42953e+07
5.36915e+08 2.42953e+07
5.36915e+08 2.42952e+07
5.36971e+08 2.43512e+07
5.36982e+08 2.43511e+07
5.37004e+08 2.43623e+07
5.37015e+08 2.43623e+07
5.37038e+08 2.43847e+07
5.37038e+08 2.43847e+07
5.37038e+08 2.43847e+07
5.37038e+08 2.43847e+07
5.37038e+08 2.43847e+07
5.3706e+08 2.43737e+07
5.3706e+08 2.43737e+07
5.3706e+08 2.43625e+07
5.61698e+08 2.49291e+07
5.61743e+08 2.49629e+07
5.61743e+08 2.49629e+07
5.61754e+08 2.49741e+07
5.61776e+08 2.49964e+07
5.61776e+08 2.49964e+07
5.61776e+08 2.49853e+07
5.61776e+08 2.49852e+07
5.61776e+08 2.49852e+07
5.61821e+08 2.50187e+07
5.61821e+08 2.49516e+07
5.61832e+08 2.49292e+07
5.61832e+08 2.4918e+07
5.61832e+08 2.4918e+07
5.61832e+08 2.49181e+07
5.61832e+08 2.49181e+07
5.61832e+08 2.49181e+07
5.61832e+08 2.49181e+07
5.61833e+08 2.49181e+07
5.61833e+08 2.49181e+07
5.61833e+08 2.49181e+07
5.61833e+08 2.49181e+07
5.61833e+08 2.49181e+07
5.61833e+08 2.49181e+07
5.61833e+08 2.49181e+07
5.61833e+08 2.49181e+07
5.61833e+08 2.49181e+07
5.61833e+08 2.49181e+07
5.61833e+08 2.49181e+07
5.61833e+08 2.49181e+07
5.61922e+08 2.49516e+07
5.61922e+08 2.49404e+07
5.61922e+08 2.4918e+07
5.61922e+08 2.49069e+07
5.61922e+08 2.48845e+07
5.61922e+08 2.48845e+07
5.61922e+08 2.48845e+07
5.61922e+08 2.48845e+07
5.61922e+08 2.48845e+07
5.6199e+08 2.49293e+07
5.6199e+08 2.49293e+07
5.6199e+08 2.49293e+07
5.8726e+08 2.55624e+07
5.87294e+08 2.55512e+07
5.87294e+08 2.55512e+07
5.87328e+08 2.55736e+07
5.87328e+08 2.55512e+07
5.87328e+08 2.55512e+07
5.87339e+08 2.55624e+07
5.87339e+08 2.55624e+07
5.87339e+08 2.55624e+07
5.87361e+08 2.55401e+07
5.87361e+08 2.554e+07
5.87361e+08 2.55289e+07
5.87361e+08 2.55288e+07
5.87361e+08 2.55288e+07
5.87372e+08 2.554e+07
5.87373e+08 2.554e+07
5.87373e+08 2.554e+07
5.87373e+08 2.554e+07
5.87373e+08 2.55401e+07
5.87373e+08 2.55401e+07
5.87373e+08 2.554e+07
5.87373e+08 2.554e+07
5.87373e+08 2.554e+07
5.87373e+08 2.554e+07
5.87373e+08 2.55401e+07
5.87373e+08 2.55401e+07
5.87373e+08 2.55401e+07
5.87373e+08 2.554e+07
5.87373e+08 2.554e+07
5.87373e+08 2.554e+07
5.87373e+08 2.554e+07
5.87373e+08 2.54506e+07
5.87373e+08 2.54506e+07
5.87373e+08 2.54506e+07
5.87384e+08 2.54617e+07
5.87384e+08 2.54618e+07
5.87384e+08 2.54617e+07
5.87395e+08 2.54729e+07
5.87474e+08 2.55512e+07
5.87474e+08 2.55512e+07
5.8753e+08 2.554e+07
5.87541e+08 2.55512e+07
5.87541e+08 2.55512e+07
6.13521e+08 2.62607e+07
6.13566e+08 2.62719e+07
6.13566e+08 2.62719e+07
6.13566e+08 2.62384e+07
6.13566e+08 2.62384e+07
6.13566e+08 2.62384e+07
6.13577e+08 2.62384e+07
6.13577e+08 2.62384e+07
6.13577e+08 2.62384e+07
6.13588e+08 2.62272e+07
6.13588e+08 2.62272e+07
6.13588e+08 2.62272e+07
6.136e+08 2.62384e+07
6.136e+08 2.62384e+07
6.136e+08 2.62272e+07
6.136e+08 2.62272e+07
6.136e+08 2.62272e+07
6.136e+08 2.62272e+07
6.136e+08 2.62272e+07
6.136e+08 2.62272e+07
6.136e+08 2.62272e+07
6.136e+08 2.62272e+07
6.136e+08 2.62272e+07
6.136e+08 2.62272e+07
6.136e+08 2.62272e+07
6.136e+08 2.62272e+07
6.136e+08 2.62272e+07
6.136e+08 2.62272e+07
6.136e+08 2.62272e+07
6.136e+08 2.62272e+07
6.136e+08 2.62272e+07
6.136e+08 2.62272e+07
6.136e+08 2.62272e+07
6.136e+08 2.62272e+07
6.136e+08 2.62272e+07
6.13611e+08 2.62272e+07
6.13611e+08 2.62272e+07
6.13611e+08 2.62272e+07
6.13611e+08 2.62161e+07
6.13712e+08 2.62384e+07
6.13712e+08 2.62384e+07
6.13779e+08 2.62497e+07
6.13791e+08 2.62497e+07
6.13791e+08 2.62497e+07
6.16713e+08 3.19225e+06
6.16713e+08 3.14724e+06
6.16713e+08 3.14725e+06
