3.61945e+06 3.61925e+06
8.35088e+06 4.73143e+06
8.35089e+06 4.73144e+06
9.49887e+06 1.14799e+06
9.49887e+06 1.14798e+06
1.19183e+07 2.41941e+06
1.19183e+07 2.41941e+06
1.19183e+07 2.41941e+06
1.44905e+07 2.57225e+06
1.44905e+07 2.57225e+06
1.44905e+07 2.57226e+06
1.44905e+07 2.57226e+06
1.74452e+07 2.9547e+06
1.74452e+07 2.9547e+06
1.74453e+07 2.95474e+06
1.74453e+07 2.95475e+06
1.74453e+07 2.95476e+06
2.09901e+07 3.54486e+06
2.09901e+07 3.54486e+06
2.09901e+07 3.54483e+06
2.09901e+07 3.54482e+06
2.09901e+07 3.54482e+06
2.09901e+07 3.54484e+06
2.49264e+07 3.93627e+06
2.49599e+07 3.9698e+06
2.49823e+07 3.99216e+06
2.49823e+07 3.99216e+06
2.49823e+07 3.99216e+06
2.50047e+07 4.01454e+06
2.50047e+07 4.01454e+06
2.88854e+07 3.95902e+06
2.89077e+07 3.94784e+06
2.89524e+07 3.97016e+06
2.8986e+07 4.0037e+06
2.8986e+07 4.0037e+06
2.90307e+07 4.02605e+06
2.90307e+07 4.02605e+06
3.38103e+07 4.92488e+06
3.38214e+07 4.93607e+06
3.38214e+07 4.91372e+06
3.38215e+07 4.86902e+06
3.38438e+07 4.85786e+06
3.38886e+07 4.90258e+06
3.38886e+07 4.85788e+06
3.38886e+07 4.85788e+06
3.91579e+07 5.34764e+06
3.91579e+07 5.33646e+06
3.91579e+07 5.33646e+06
3.91579e+07 5.33647e+06
3.91579e+07 5.33647e+06
3.9158e+07 5.31412e+06
3.91915e+07 5.30293e+06
3.92027e+07 5.31411e+06
3.92027e+07 5.31412e+06
4.50155e+07 5.85762e+06
4.50155e+07 5.85762e+06
4.50155e+07 5.85762e+06
4.50379e+07 5.87997e+06
4.50491e+07 5.89115e+06
4.50491e+07 5.89118e+06
4.50491e+07 5.89116e+06
4.50491e+07 5.85763e+06
4.50716e+07 5.86885e+06
4.51164e+07 5.91366e+06
5.11662e+07 6.15067e+06
5.11662e+07 6.15067e+06
5.11662e+07 6.15067e+06
5.11662e+07 6.12832e+06
5.11662e+07 6.11714e+06
5.11662e+07 6.11715e+06
5.12445e+07 6.19543e+06
5.12557e+07 6.20659e+06
5.12557e+07 6.20659e+06
5.15465e+07 6.47493e+06
5.15803e+07 6.46386e+06
5.82602e+07 7.09405e+06
5.82602e+07 7.09405e+06
5.82826e+07 7.11642e+06
5.82826e+07 7.11642e+06
5.82826e+07 7.11642e+06
5.82826e+07 7.11642e+06
5.83497e+07 7.10522e+06
5.8361e+07 7.11642e+06
5.8361e+07 7.10524e+06
5.83834e+07 7.12762e+06
5.854e+07 6.99352e+06
5.86856e+07 7.10537e+06
6.57623e+07 7.50211e+06
6.57623e+07 7.50211e+06
6.57624e+07 7.47973e+06
6.57847e+07 7.50209e+06
6.57847e+07 7.50209e+06
6.58183e+07 7.53565e+06
6.58183e+07 7.46855e+06
6.5863e+07 7.50207e+06
6.5863e+07 7.50208e+06
6.5863e+07 7.50208e+06
6.5863e+07 7.4797e+06
6.61316e+07 7.59163e+06
6.64672e+07 7.7816e+06
7.39051e+07 8.14273e+06
7.39051e+07 8.14273e+06
7.39051e+07 8.14273e+06
7.39051e+07 8.12037e+06
7.39051e+07 8.12037e+06
7.39275e+07 8.10917e+06
7.39275e+07 8.10917e+06
7.39499e+07 8.08685e+06
7.39499e+07 8.08685e+06
7.39499e+07 8.08685e+06
7.39499e+07 8.08685e+06
7.39499e+07 8.08685e+06
7.43193e+07 8.18763e+06
7.44536e+07 7.98634e+06
8.25104e+07 8.60529e+06
8.25104e+07 8.60531e+06
8.25104e+07 8.60531e+06
8.25104e+07 8.60532e+06
8.25104e+07 8.60532e+06
8.25104e+07 8.58296e+06
8.25104e+07 8.58296e+06
8.25328e+07 8.58294e+06
8.2544e+07 8.59411e+06
8.2544e+07 8.59411e+06
8.25999e+07 8.64999e+06
8.25999e+07 8.65e+06
8.25999e+07 8.65e+06
8.30253e+07 8.706e+06
8.31596e+07 8.70602e+06
9.18092e+07 9.2988e+06
9.18092e+07 9.29879e+06
9.18092e+07 9.29879e+06
9.18316e+07 9.32115e+06
9.18316e+07 9.32115e+06
9.18316e+07 9.32115e+06
9.18651e+07 9.35471e+06
9.18876e+07 9.35476e+06
9.18876e+07 9.34358e+06
9.18876e+07 9.34358e+06
9.18876e+07 9.2877e+06
9.18876e+07 9.2877e+06
9.18876e+07 9.28771e+06
9.18876e+07 9.28771e+06
9.24249e+07 9.39959e+06
9.26821e+07 9.52252e+06
1.0174e+08 9.93056e+06
1.0174e+08 9.93056e+06
1.0174e+08 9.93056e+06
1.01751e+08 9.91936e+06
1.01751e+08 9.91936e+06
1.01762e+08 9.93054e+06
1.01785e+08 9.9194e+06
1.01829e+08 9.9417e+06
1.01829e+08 9.9417e+06
1.01829e+08 9.9417e+06
1.01829e+08 9.9417e+06
1.01829e+08 9.9417e+06
1.01829e+08 9.9417e+06
1.01829e+08 9.9417e+06
1.01829e+08 9.9417e+06
1.02423e+08 9.9977e+06
1.02635e+08 9.953e+06
1.12252e+08 1.05125e+07
1.12297e+08 1.05572e+07
1.12297e+08 1.05572e+07
1.12319e+08 1.05684e+07
1.12319e+08 1.05684e+07
1.12319e+08 1.05572e+07
1.12386e+08 1.06019e+07
1.12431e+08 1.06019e+07
1.12431e+08 1.06019e+07
1.12431e+08 1.06019e+07
1.12431e+08 1.06019e+07
1.12465e+08 1.06355e+07
1.12476e+08 1.06467e+07
1.12487e+08 1.06578e+07
1.12487e+08 1.06578e+07
1.12498e+08 1.0669e+07
1.13092e+08 1.06691e+07
1.13327e+08 1.06914e+07
1.23584e+08 1.13313e+07
1.23662e+08 1.13649e+07
1.23662e+08 1.13649e+07
1.23673e+08 1.13537e+07
1.23695e+08 1.13761e+07
1.23695e+08 1.13761e+07
1.23718e+08 1.13313e+07
1.23718e+08 1.12866e+07
1.23718e+08 1.12866e+07
1.23718e+08 1.12866e+07
1.2374e+08 1.1309e+07
1.23763e+08 1.12978e+07
1.23774e+08 1.12978e+07
1.23774e+08 1.12866e+07
1.23774e+08 1.12866e+07
1.23774e+08 1.12754e+07
1.2449e+08 1.13985e+07
1.2449e+08 1.13985e+07
1.24602e+08 1.12756e+07
1.35328e+08 1.17441e+07
1.35406e+08 1.17441e+07
1.35406e+08 1.17441e+07
1.35406e+08 1.17329e+07
1.35428e+08 1.17329e+07
1.35428e+08 1.17329e+07
1.35507e+08 1.17889e+07
1.35507e+08 1.17889e+07
1.35518e+08 1.18001e+07
1.35529e+08 1.18112e+07
1.35563e+08 1.18224e+07
1.35585e+08 1.18224e+07
1.35585e+08 1.18112e+07
1.3563e+08 1.18559e+07
1.3563e+08 1.18559e+07
1.35641e+08 1.18671e+07
1.36514e+08 1.20237e+07
1.36525e+08 1.20349e+07
1.36525e+08 1.20349e+07
1.36715e+08 1.21131e+07
1.47651e+08 1.23237e+07
1.4773e+08 1.23238e+07
1.4773e+08 1.23238e+07
1.4773e+08 1.23238e+07
1.47774e+08 1.23461e+07
1.47774e+08 1.23461e+07
1.47819e+08 1.23126e+07
1.47819e+08 1.23126e+07
1.47853e+08 1.2335e+07
1.47898e+08 1.23685e+07
1.47898e+08 1.2335e+07
1.4792e+08 1.2335e+07
1.47976e+08 1.23909e+07
1.47976e+08 1.23462e+07
1.47987e+08 1.23574e+07
1.48021e+08 1.23797e+07
1.48938e+08 1.24245e+07
1.48961e+08 1.24357e+07
1.48961e+08 1.24357e+07
1.49151e+08 1.24357e+07
1.49151e+08 1.24357e+07
1.60464e+08 1.28127e+07
1.60565e+08 1.28352e+07
1.60565e+08 1.28352e+07
1.60565e+08 1.28352e+07
1.6061e+08 1.28352e+07
1.6061e+08 1.28352e+07
1.6071e+08 1.2891e+07
1.6071e+08 1.2891e+07
1.6071e+08 1.28575e+07
1.60755e+08 1.28575e+07
1.60755e+08 1.28575e+07
1.608e+08 1.28798e+07
1.60811e+08 1.28351e+07
1.60811e+08 1.28351e+07
1.60833e+08 1.28463e+07
1.60845e+08 1.2824e+07
1.62098e+08 1.31594e+07
1.6212e+08 1.31594e+07
1.62131e+08 1.31706e+07
1.62266e+08 1.31149e+07
1.62266e+08 1.31149e+07
1.62266e+08 1.31149e+07
1.7345e+08 1.29858e+07
1.73573e+08 1.30082e+07
1.73573e+08 1.30082e+07
1.73595e+08 1.30306e+07
1.73607e+08 1.2997e+07
1.73607e+08 1.2997e+07
1.73618e+08 1.29076e+07
1.73618e+08 1.29076e+07
1.73651e+08 1.29411e+07
1.73719e+08 1.29634e+07
1.73719e+08 1.29634e+07
1.73741e+08 1.29412e+07
1.73741e+08 1.293e+07
1.73763e+08 1.29524e+07
1.7383e+08 1.29971e+07
1.73853e+08 1.30082e+07
1.75151e+08 1.30531e+07
1.75162e+08 1.30419e+07
1.75173e+08 1.30419e+07
1.75341e+08 1.30754e+07
1.75341e+08 1.30754e+07
1.75341e+08 1.30754e+07
1.86993e+08 1.35427e+07
1.86993e+08 1.35427e+07
1.87093e+08 1.35204e+07
1.87149e+08 1.35763e+07
1.87172e+08 1.35763e+07
1.87172e+08 1.35652e+07
1.87172e+08 1.35651e+07
1.87217e+08 1.35986e+07
1.87239e+08 1.3621e+07
1.8725e+08 1.35987e+07
1.87261e+08 1.35427e+07
1.87261e+08 1.35428e+07
1.87295e+08 1.3554e+07
1.87295e+08 1.3554e+07
1.87306e+08 1.35427e+07
1.87306e+08 1.34757e+07
1.87329e+08 1.34757e+07
1.88962e+08 1.38111e+07
1.88962e+08 1.37999e+07
1.88962e+08 1.37888e+07
1.89029e+08 1.36881e+07
1.89029e+08 1.36881e+07
1.89029e+08 1.36881e+07
2.01106e+08 1.41131e+07
2.01106e+08 1.41131e+07
2.01106e+08 1.41131e+07
2.01229e+08 1.41355e+07
2.0124e+08 1.40908e+07
2.0133e+08 1.41578e+07
2.0133e+08 1.41578e+07
2.01341e+08 1.4169e+07
2.01386e+08 1.4169e+07
2.01386e+08 1.41466e+07
2.01386e+08 1.41355e+07
2.01386e+08 1.41243e+07
2.01441e+08 1.41802e+07
2.01453e+08 1.41578e+07
2.01453e+08 1.41578e+07
2.01453e+08 1.41467e+07
2.01453e+08 1.41467e+07
2.01464e+08 1.41354e+07
2.03209e+08 1.42473e+07
2.03209e+08 1.42473e+07
2.03209e+08 1.42473e+07
2.03332e+08 1.43032e+07
2.03344e+08 1.43144e+07
2.03344e+08 1.43144e+07
2.15865e+08 1.47589e+07
2.15865e+08 1.47589e+07
2.15865e+08 1.47589e+07
2.15988e+08 1.47589e+07
2.15999e+08 1.47701e+07
2.161e+08 1.48596e+07
2.16122e+08 1.47925e+07
2.16133e+08 1.48037e+07
2.162e+08 1.48596e+07
2.162e+08 1.48149e+07
2.162e+08 1.48149e+07
2.162e+08 1.48149e+07
2.162e+08 1.48149e+07
2.16223e+08 1.47814e+07
2.16234e+08 1.47813e+07
2.16256e+08 1.48037e+07
2.16279e+08 1.4826e+07
2.16301e+08 1.48484e+07
2.16301e+08 1.48372e+07
2.18102e+08 1.48932e+07
2.18102e+08 1.48932e+07
2.18102e+08 1.48932e+07
2.18349e+08 1.50161e+07
2.18349e+08 1.50049e+07
2.1836e+08 1.50161e+07
2.31233e+08 1.53682e+07
2.31233e+08 1.53682e+07
2.31233e+08 1.53682e+07
2.31412e+08 1.54241e+07
2.31412e+08 1.54129e+07
2.31412e+08 1.54129e+07
2.31535e+08 1.54353e+07
2.31535e+08 1.54129e+07
2.31535e+08 1.54018e+07
2.3158e+08 1.53794e+07
2.3158e+08 1.53794e+07
2.3158e+08 1.53794e+07
2.3158e+08 1.53794e+07
2.3158e+08 1.53794e+07
2.31647e+08 1.54241e+07
2.31703e+08 1.54688e+07
2.31703e+08 1.54464e+07
2.31703e+08 1.54241e+07
2.31703e+08 1.54017e+07
2.31703e+08 1.54017e+07
2.3356e+08 1.54577e+07
2.3356e+08 1.54577e+07
2.33571e+08 1.54688e+07
2.33762e+08 1.5413e+07
2.33773e+08 1.54242e+07
2.33795e+08 1.54354e+07
2.47332e+08 1.60993e+07
2.47332e+08 1.60993e+07
2.47332e+08 1.60993e+07
2.47478e+08 1.60658e+07
2.475e+08 1.60881e+07
2.475e+08 1.60881e+07
2.47623e+08 1.60881e+07
2.47634e+08 1.60993e+07
2.47646e+08 1.61105e+07
2.47668e+08 1.61329e+07
2.47713e+08 1.61329e+07
2.47713e+08 1.61329e+07
2.47713e+08 1.61329e+07
2.47746e+08 1.61664e+07
2.47746e+08 1.61664e+07
2.4778e+08 1.61329e+07
2.47802e+08 1.60994e+07
2.47802e+08 1.60994e+07
2.47802e+08 1.60994e+07
2.47802e+08 1.60994e+07
2.47858e+08 1.61553e+07
2.49637e+08 1.6077e+07
2.49637e+08 1.6077e+07
2.49659e+08 1.60882e+07
2.49928e+08 1.61665e+07
2.49962e+08 1.61888e+07
2.49962e+08 1.61665e+07
2.63874e+08 1.65417e+07
2.63874e+08 1.65417e+07
2.63874e+08 1.65417e+07
2.64053e+08 1.65752e+07
2.64098e+08 1.65975e+07
2.64098e+08 1.65975e+07
2.64277e+08 1.66534e+07
2.64277e+08 1.66422e+07
2.64277e+08 1.66422e+07
2.6431e+08 1.66646e+07
2.64355e+08 1.6687e+07
2.64433e+08 1.67205e+07
2.64433e+08 1.67205e+07
2.64433e+08 1.67205e+07
2.64433e+08 1.6687e+07
2.64433e+08 1.6687e+07
2.64433e+08 1.66535e+07
2.64433e+08 1.66311e+07
2.64445e+08 1.66423e+07
2.64445e+08 1.66423e+07
2.64445e+08 1.66423e+07
2.64467e+08 1.66087e+07
2.66291e+08 1.66535e+07
2.66291e+08 1.66535e+07
2.66313e+08 1.66535e+07
2.66492e+08 1.65641e+07
2.66492e+08 1.65308e+07
2.66492e+08 1.65308e+07
2.80982e+08 1.71083e+07
2.80993e+08 1.71195e+07
2.80993e+08 1.71195e+07
2.81307e+08 1.72536e+07
2.81329e+08 1.72313e+07
2.8134e+08 1.72425e+07
2.81463e+08 1.71866e+07
2.81463e+08 1.71866e+07
2.81463e+08 1.71866e+07
2.81463e+08 1.7153e+07
2.81463e+08 1.71531e+07
2.81486e+08 1.71307e+07
2.81597e+08 1.71642e+07
2.81642e+08 1.72089e+07
2.81642e+08 1.72089e+07
2.81653e+08 1.72201e+07
2.81676e+08 1.72425e+07
2.81687e+08 1.72537e+07
2.81687e+08 1.72537e+07
2.81765e+08 1.73207e+07
2.81765e+08 1.73207e+07
2.81765e+08 1.73207e+07
2.81911e+08 1.74437e+07
2.83444e+08 1.71531e+07
2.83444e+08 1.71531e+07
2.835e+08 1.71867e+07
2.83634e+08 1.71422e+07
2.83635e+08 1.71422e+07
2.83635e+08 1.71422e+07
2.98827e+08 1.78452e+07
2.98827e+08 1.7834e+07
2.98827e+08 1.7834e+07
2.99096e+08 1.77894e+07
2.99096e+08 1.7767e+07
2.99152e+08 1.78118e+07
2.99197e+08 1.77335e+07
2.99208e+08 1.77447e+07
2.9923e+08 1.7767e+07
2.9923e+08 1.7767e+07
2.99241e+08 1.77782e+07
2.99253e+08 1.77894e+07
2.99376e+08 1.789e+07
2.99622e+08 1.80241e+07
2.99633e+08 1.79906e+07
2.99633e+08 1.79906e+07
2.99633e+08 1.79794e+07
2.99633e+08 1.79571e+07
2.99655e+08 1.79682e+07
2.99655e+08 1.79682e+07
2.99666e+08 1.79011e+07
2.997e+08 1.79347e+07
2.997e+08 1.79347e+07
2.99722e+08 1.78117e+07
3.01121e+08 1.76777e+07
3.01121e+08 1.76777e+07
3.01121e+08 1.76218e+07
3.01346e+08 1.77114e+07
3.01424e+08 1.77896e+07
3.01424e+08 1.77896e+07
3.17067e+08 1.82394e+07
3.17067e+08 1.82394e+07
3.17067e+08 1.82394e+07
3.17391e+08 1.82953e+07
3.17391e+08 1.82953e+07
3.17391e+08 1.82394e+07
3.17559e+08 1.83624e+07
3.17559e+08 1.83512e+07
3.1766e+08 1.84295e+07
3.1766e+08 1.84295e+07
3.17738e+08 1.84965e+07
3.1776e+08 1.85077e+07
3.17895e+08 1.85189e+07
3.17906e+08 1.85301e+07
3.18062e+08 1.84407e+07
3.18096e+08 1.8463e+07
3.18096e+08 1.8463e+07
3.18163e+08 1.85301e+07
3.18163e+08 1.85301e+07
3.18185e+08 1.85301e+07
3.1823e+08 1.85748e+07
3.1823e+08 1.85636e+07
3.1823e+08 1.85301e+07
3.1823e+08 1.85301e+07
3.1823e+08 1.85077e+07
3.19596e+08 1.84742e+07
3.19607e+08 1.84854e+07
3.19607e+08 1.84854e+07
3.1972e+08 1.83738e+07
3.19742e+08 1.83179e+07
3.19742e+08 1.83179e+07
3.35952e+08 1.88854e+07
3.35952e+08 1.88854e+07
3.35952e+08 1.88854e+07
3.36366e+08 1.89748e+07
3.36366e+08 1.89748e+07
3.36366e+08 1.89748e+07
3.36512e+08 1.89524e+07
3.36545e+08 1.89859e+07
3.36657e+08 1.89971e+07
3.36657e+08 1.89971e+07
3.36735e+08 1.89971e+07
3.36758e+08 1.89972e+07
3.37003e+08 1.91089e+07
3.37026e+08 1.91201e+07
3.37026e+08 1.91201e+07
3.37037e+08 1.89748e+07
3.37071e+08 1.89748e+07
3.37071e+08 1.89748e+07
3.37082e+08 1.89189e+07
3.37104e+08 1.89413e+07
3.37149e+08 1.89636e+07
3.37149e+08 1.89189e+07
3.37149e+08 1.89189e+07
3.3716e+08 1.89301e+07
3.3716e+08 1.89301e+07
3.37171e+08 1.89413e+07
3.38514e+08 1.89189e+07
3.38514e+08 1.89078e+07
3.38515e+08 1.89078e+07
3.38717e+08 1.89973e+07
3.38728e+08 1.89861e+07
3.38728e+08 1.89861e+07
3.55448e+08 1.94958e+07
3.55448e+08 1.94958e+07
3.55448e+08 1.94958e+07
3.55895e+08 1.95293e+07
3.55895e+08 1.95293e+07
3.55895e+08 1.95293e+07
3.56153e+08 1.96411e+07
3.56164e+08 1.96187e+07
3.56343e+08 1.96859e+07
3.56399e+08 1.97418e+07
3.56443e+08 1.97082e+07
3.56533e+08 1.97753e+07
3.56656e+08 1.96523e+07
3.56656e+08 1.963e+07
3.56656e+08 1.963e+07
3.56656e+08 1.96188e+07
3.56656e+08 1.96188e+07
3.56656e+08 1.95852e+07
3.56656e+08 1.95852e+07
3.56656e+08 1.95741e+07
3.56745e+08 1.96411e+07
3.56768e+08 1.96188e+07
3.56768e+08 1.96188e+07
3.56768e+08 1.96188e+07
3.56768e+08 1.96076e+07
3.56824e+08 1.96635e+07
3.56824e+08 1.96523e+07
3.58055e+08 1.95405e+07
3.58077e+08 1.95629e+07
3.58077e+08 1.95629e+07
3.58269e+08 1.95518e+07
3.58291e+08 1.9563e+07
3.58291e+08 1.9563e+07
3.75512e+08 2.00641e+07
3.75512e+08 2.00641e+07
3.75512e+08 2.00641e+07
3.7606e+08 2.01647e+07
3.76094e+08 2.01983e+07
3.76105e+08 2.02095e+07
3.76306e+08 2.01536e+07
3.76306e+08 2.01424e+07
3.76709e+08 2.03659e+07
3.76709e+08 2.031e+07
3.76753e+08 2.03101e+07
3.76888e+08 2.03548e+07
3.76955e+08 2.02989e+07
3.76955e+08 2.02989e+07
3.76955e+08 2.02989e+07
3.76955e+08 2.02989e+07
3.76955e+08 2.02989e+07
3.76977e+08 2.03212e+07
3.76977e+08 2.03212e+07
3.76977e+08 2.03212e+07
3.77022e+08 2.03659e+07
3.77033e+08 2.02877e+07
3.77044e+08 2.02765e+07
3.77044e+08 2.02765e+07
3.77055e+08 2.02877e+07
3.77055e+08 2.02877e+07
3.77067e+08 2.0243e+07
3.77067e+08 2.0243e+07
3.78265e+08 2.02096e+07
3.78265e+08 2.01873e+07
3.78265e+08 2.01873e+07
3.78445e+08 2.0176e+07
3.78456e+08 2.01649e+07
3.78456e+08 2.01649e+07
3.96156e+08 2.06441e+07
3.96156e+08 2.06441e+07
3.96156e+08 2.06441e+07
3.96727e+08 2.06666e+07
3.96839e+08 2.07448e+07
3.96872e+08 2.07672e+07
3.97219e+08 2.09125e+07
3.97263e+08 2.09572e+07
3.97431e+08 2.07225e+07
3.97431e+08 2.07225e+07
3.97487e+08 2.07337e+07
3.97632e+08 2.07448e+07
3.97632e+08 2.06778e+07
3.97632e+08 2.06778e+07
3.97644e+08 2.0689e+07
3.97644e+08 2.0689e+07
3.97644e+08 2.0689e+07
3.97666e+08 2.0689e+07
3.97666e+08 2.0689e+07
3.97666e+08 2.0689e+07
3.97688e+08 2.07113e+07
3.97688e+08 2.06666e+07
3.97711e+08 2.06778e+07
3.97711e+08 2.06666e+07
3.97711e+08 2.06666e+07
3.97711e+08 2.06554e+07
3.97744e+08 2.0689e+07
3.97767e+08 2.07002e+07
3.97767e+08 2.07002e+07
3.98976e+08 2.07114e+07
3.98976e+08 2.07114e+07
3.98976e+08 2.07114e+07
3.99201e+08 2.07562e+07
3.99246e+08 2.07898e+07
3.99246e+08 2.07898e+07
4.17374e+08 2.12178e+07
4.17374e+08 2.12178e+07
4.17374e+08 2.12178e+07
4.17933e+08 2.12067e+07
4.18146e+08 2.13073e+07
4.18235e+08 2.13632e+07
4.18694e+08 2.14749e+07
4.18694e+08 2.14302e+07
4.18772e+08 2.13408e+07
4.18817e+08 2.13855e+07
4.18839e+08 2.1352e+07
4.18862e+08 2.12291e+07
4.18862e+08 2.12291e+07
4.18862e+08 2.12291e+07
4.18873e+08 2.12291e+07
4.18873e+08 2.12291e+07
4.18895e+08 2.12515e+07
4.18906e+08 2.12403e+07
4.18973e+08 2.13074e+07
4.18973e+08 2.13074e+07
4.18973e+08 2.13074e+07
4.18973e+08 2.1285e+07
4.18985e+08 2.12962e+07
4.18985e+08 2.12739e+07
4.18985e+08 2.12739e+07
4.18996e+08 2.1285e+07
4.18996e+08 2.1285e+07
4.19041e+08 2.12962e+07
4.19041e+08 2.12738e+07
4.19041e+08 2.12738e+07
4.20295e+08 2.13185e+07
4.20295e+08 2.13185e+07
4.20295e+08 2.13185e+07
4.20464e+08 2.12627e+07
4.20497e+08 2.12515e+07
4.2052e+08 2.12738e+07
4.39262e+08 2.18882e+07
4.39262e+08 2.18882e+07
4.39262e+08 2.18882e+07
4.39866e+08 2.19328e+07
4.39967e+08 2.18211e+07
4.40079e+08 2.18435e+07
4.40593e+08 2.18994e+07
4.40638e+08 2.19441e+07
4.40683e+08 2.19106e+07
4.40716e+08 2.18994e+07
4.40716e+08 2.1877e+07
4.40716e+08 2.18546e+07
4.40716e+08 2.18546e+07
4.40716e+08 2.18546e+07
4.40727e+08 2.18546e+07
4.40772e+08 2.18993e+07
4.40772e+08 2.1877e+07
4.40772e+08 2.18658e+07
4.40783e+08 2.181e+07
4.40783e+08 2.181e+07
4.40783e+08 2.181e+07
4.40783e+08 2.181e+07
4.40806e+08 2.18323e+07
4.40828e+08 2.18435e+07
4.40851e+08 2.18659e+07
4.40862e+08 2.1877e+07
4.40873e+08 2.1877e+07
4.40884e+08 2.18882e+07
4.41007e+08 2.19665e+07
4.41007e+08 2.19665e+07
4.41007e+08 2.19665e+07
4.42216e+08 2.19218e+07
4.42216e+08 2.19218e+07
4.42216e+08 2.19218e+07
4.42397e+08 2.19331e+07
4.42441e+08 2.19442e+07
4.42453e+08 2.1933e+07
4.61696e+08 2.24335e+07
4.61696e+08 2.24335e+07
4.61696e+08 2.24335e+07
4.62367e+08 2.25005e+07
4.62423e+08 2.24558e+07
4.62467e+08 2.23888e+07
4.62836e+08 2.22434e+07
4.62836e+08 2.21987e+07
4.62848e+08 2.21652e+07
4.62915e+08 2.21987e+07
4.62915e+08 2.21987e+07
4.62937e+08 2.2221e+07
4.62937e+08 2.2221e+07
4.62937e+08 2.2221e+07
4.63004e+08 2.22769e+07
4.63116e+08 2.2344e+07
4.63116e+08 2.2344e+07
4.63116e+08 2.2344e+07
4.63206e+08 2.24223e+07
4.63217e+08 2.24335e+07
4.63262e+08 2.24782e+07
4.63273e+08 2.24894e+07
4.63317e+08 2.25117e+07
4.63317e+08 2.25117e+07
4.63318e+08 2.24894e+07
4.63318e+08 2.2467e+07
4.63318e+08 2.24558e+07
4.6334e+08 2.2467e+07
4.63385e+08 2.25006e+07
4.63396e+08 2.23888e+07
4.63508e+08 2.25007e+07
4.63519e+08 2.25119e+07
4.64683e+08 2.24671e+07
4.64683e+08 2.24671e+07
4.64683e+08 2.24671e+07
4.64886e+08 2.24895e+07
4.64909e+08 2.24671e+07
4.64942e+08 2.24895e+07
4.84775e+08 2.30793e+07
4.84797e+08 2.31017e+07
4.84797e+08 2.31017e+07
4.8548e+08 2.31129e+07
4.85592e+08 2.31688e+07
4.85692e+08 2.32246e+07
4.8586e+08 2.30234e+07
4.8586e+08 2.30234e+07
4.8586e+08 2.30122e+07
4.85905e+08 2.29899e+07
4.85905e+08 2.29899e+07
4.85961e+08 2.30234e+07
4.85961e+08 2.30234e+07
4.85961e+08 2.30234e+07
4.86017e+08 2.30123e+07
4.86039e+08 2.29228e+07
4.86039e+08 2.29228e+07
4.8605e+08 2.29339e+07
4.86151e+08 2.29452e+07
4.86184e+08 2.29676e+07
4.86252e+08 2.29899e+07
4.86319e+08 2.30458e+07
4.86363e+08 2.30459e+07
4.86363e+08 2.30459e+07
4.86363e+08 2.30459e+07
4.86363e+08 2.30459e+07
4.86363e+08 2.30459e+07
4.86363e+08 2.30459e+07
4.86363e+08 2.30235e+07
4.8652e+08 2.31353e+07
4.86531e+08 2.31353e+07
4.86587e+08 2.30794e+07
4.86621e+08 2.31018e+07
4.87785e+08 2.31018e+07
4.87785e+08 2.31018e+07
4.87785e+08 2.31018e+07
4.8801e+08 2.31242e+07
4.88033e+08 2.31242e+07
4.88033e+08 2.30907e+07
5.08537e+08 2.37626e+07
5.08616e+08 2.38185e+07
5.08616e+08 2.38185e+07
5.09265e+08 2.3785e+07
5.09444e+08 2.38521e+07
5.09455e+08 2.37627e+07
5.095e+08 2.36397e+07
5.095e+08 2.36397e+07
5.095e+08 2.36397e+07
5.09533e+08 2.36284e+07
5.09533e+08 2.36284e+07
5.09533e+08 2.35725e+07
5.09533e+08 2.35725e+07
5.09567e+08 2.36062e+07
5.09634e+08 2.36174e+07
5.09634e+08 2.3595e+07
5.09645e+08 2.36062e+07
5.09679e+08 2.36286e+07
5.09947e+08 2.37962e+07
5.09958e+08 2.37739e+07
5.09958e+08 2.37068e+07
5.09969e+08 2.36509e+07
5.09981e+08 2.36173e+07
5.09981e+08 2.36173e+07
5.10014e+08 2.36509e+07
5.10014e+08 2.36509e+07
5.10014e+08 2.36509e+07
5.10014e+08 2.36509e+07
5.10037e+08 2.36733e+07
5.10037e+08 2.36733e+07
5.10137e+08 2.36173e+07
5.10137e+08 2.36061e+07
5.10216e+08 2.36286e+07
5.10317e+08 2.36957e+07
5.11559e+08 2.37741e+07
5.11559e+08 2.37741e+07
5.11559e+08 2.37741e+07
5.11762e+08 2.37516e+07
5.11796e+08 2.37628e+07
5.11796e+08 2.37628e+07
5.32985e+08 2.44476e+07
5.33019e+08 2.44029e+07
5.33019e+08 2.44029e+07
5.33578e+08 2.43135e+07
5.3378e+08 2.43359e+07
5.3378e+08 2.43247e+07
5.3378e+08 2.428e+07
5.33802e+08 2.43023e+07
5.33802e+08 2.43023e+07
5.33813e+08 2.428e+07
5.33813e+08 2.428e+07
5.33813e+08 2.428e+07
5.33813e+08 2.428e+07
5.33813e+08 2.42463e+07
5.33836e+08 2.42016e+07
5.33836e+08 2.42016e+07
5.33847e+08 2.42017e+07
5.33869e+08 2.41905e+07
5.34194e+08 2.42465e+07
5.34205e+08 2.42465e+07
5.34205e+08 2.42465e+07
5.34238e+08 2.42688e+07
5.34238e+08 2.42577e+07
5.34238e+08 2.42577e+07
5.34272e+08 2.42576e+07
5.34283e+08 2.42688e+07
5.34294e+08 2.428e+07
5.34294e+08 2.428e+07
5.34305e+08 2.42912e+07
5.34317e+08 2.428e+07
5.34317e+08 2.428e+07
5.34361e+08 2.42241e+07
5.34361e+08 2.42241e+07
5.34451e+08 2.42353e+07
5.34596e+08 2.428e+07
5.35907e+08 2.43472e+07
5.35907e+08 2.43472e+07
5.35907e+08 2.43472e+07
5.3612e+08 2.43583e+07
5.36154e+08 2.43583e+07
5.36154e+08 2.43583e+07
5.57929e+08 2.49436e+07
5.57962e+08 2.49436e+07
5.57962e+08 2.49436e+07
5.58623e+08 2.50443e+07
5.58701e+08 2.49214e+07
5.58701e+08 2.49213e+07
5.58701e+08 2.49214e+07
5.58712e+08 2.49102e+07
5.58723e+08 2.49213e+07
5.58746e+08 2.49325e+07
5.58746e+08 2.49325e+07
5.58746e+08 2.49325e+07
5.58768e+08 2.49549e+07
5.58768e+08 2.49549e+07
5.58824e+08 2.49884e+07
5.58824e+08 2.49884e+07
5.58846e+08 2.49996e+07
5.58891e+08 2.50219e+07
5.5907e+08 2.48766e+07
5.59093e+08 2.48877e+07
5.59093e+08 2.48878e+07
5.59115e+08 2.48766e+07
5.59137e+08 2.4899e+07
5.59149e+08 2.49102e+07
5.59171e+08 2.4899e+07
5.59171e+08 2.48878e+07
5.59171e+08 2.48766e+07
5.59171e+08 2.48766e+07
5.59171e+08 2.48655e+07
5.59171e+08 2.48655e+07
5.59204e+08 2.48878e+07
5.59204e+08 2.48878e+07
5.59216e+08 2.48543e+07
5.59216e+08 2.48543e+07
5.59283e+08 2.48319e+07
5.59495e+08 2.4899e+07
5.60806e+08 2.48992e+07
5.60806e+08 2.48992e+07
5.60806e+08 2.48991e+07
5.6112e+08 2.49998e+07
5.61131e+08 2.49774e+07
5.61131e+08 2.49774e+07
5.83533e+08 2.56041e+07
5.83533e+08 2.55706e+07
5.83533e+08 2.55706e+07
5.84115e+08 2.54924e+07
5.84249e+08 2.55483e+07
5.84249e+08 2.55483e+07
5.84283e+08 2.55819e+07
5.84283e+08 2.55707e+07
5.84283e+08 2.55595e+07
5.84283e+08 2.55372e+07
5.84283e+08 2.55372e+07
5.84283e+08 2.55372e+07
5.84316e+08 2.55484e+07
5.84316e+08 2.55484e+07
5.84328e+08 2.55037e+07
5.84361e+08 2.55372e+07
5.84473e+08 2.56266e+07
5.84473e+08 2.55819e+07
5.84585e+08 2.55148e+07
5.84585e+08 2.54924e+07
5.84607e+08 2.55147e+07
5.84619e+08 2.55036e+07
5.84641e+08 2.55036e+07
5.84641e+08 2.54924e+07
5.84641e+08 2.547e+07
5.84641e+08 2.547e+07
5.84663e+08 2.54924e+07
5.84674e+08 2.55036e+07
5.84674e+08 2.55036e+07
5.84674e+08 2.55036e+07
5.84675e+08 2.55036e+07
5.84675e+08 2.54701e+07
5.84675e+08 2.54701e+07
5.84675e+08 2.54589e+07
5.84686e+08 2.54701e+07
5.84764e+08 2.54812e+07
5.84954e+08 2.54589e+07
5.86298e+08 2.54925e+07
5.86298e+08 2.54925e+07
5.86309e+08 2.55037e+07
5.86691e+08 2.55709e+07
5.86691e+08 2.55597e+07
5.86691e+08 2.55597e+07
6.09568e+08 2.60349e+07
6.09568e+08 2.60349e+07
6.09568e+08 2.60349e+07
6.10217e+08 2.61019e+07
6.10217e+08 2.59677e+07
6.10217e+08 2.59677e+07
6.10217e+08 2.59341e+07
6.10217e+08 2.59341e+07
6.10217e+08 2.59341e+07
6.10217e+08 2.59341e+07
6.10217e+08 2.59341e+07
6.10217e+08 2.59341e+07
6.10318e+08 2.60012e+07
6.1034e+08 2.60236e+07
6.1034e+08 2.60124e+07
6.1034e+08 2.59789e+07
6.10374e+08 2.59006e+07
6.10385e+08 2.59118e+07
6.10631e+08 2.6046e+07
6.10631e+08 2.6046e+07
6.10665e+08 2.60572e+07
6.1072e+08 2.61019e+07
6.10732e+08 2.60907e+07
6.10732e+08 2.60907e+07
6.10732e+08 2.60907e+07
6.10732e+08 2.60907e+07
6.10743e+08 2.60796e+07
6.10743e+08 2.60684e+07
6.10743e+08 2.60684e+07
6.10743e+08 2.60684e+07
6.10743e+08 2.60684e+07
6.10743e+08 2.60684e+07
6.10754e+08 2.60796e+07
6.10754e+08 2.60796e+07
6.10754e+08 2.60796e+07
6.10754e+08 2.60684e+07
6.10765e+08 2.60011e+07
6.10911e+08 2.59566e+07
6.12355e+08 2.60572e+07
6.12355e+08 2.60572e+07
6.12355e+08 2.6046e+07
6.12804e+08 2.61133e+07
6.12816e+08 2.61245e+07
6.12816e+08 2.61245e+07
6.14015e+08 4.44742e+06
6.14049e+08 4.48099e+06
6.1406e+08 4.49219e+06
