5.39689e+06 5.39601e+06
8.35214e+06 2.95525e+06
8.35214e+06 2.95526e+06
9.8327e+06 1.48056e+06
9.86622e+06 1.51407e+06
1.21312e+07 2.29854e+06
1.21312e+07 2.29855e+06
1.21313e+07 2.26504e+06
1.46139e+07 2.48262e+06
1.46139e+07 2.48262e+06
1.46474e+07 2.51617e+06
1.47145e+07 2.58324e+06
1.79492e+07 3.33536e+06
1.79492e+07 3.33536e+06
1.79492e+07 3.30182e+06
1.79492e+07 3.23475e+06
1.79493e+07 3.23476e+06
2.14718e+07 3.52262e+06
2.15949e+07 3.64563e+06
2.17402e+07 3.79094e+06
2.19302e+07 3.98096e+06
2.22097e+07 4.2604e+06
2.24779e+07 4.52866e+06
2.68392e+07 5.36732e+06
2.69957e+07 5.40081e+06
2.69957e+07 5.25549e+06
2.70292e+07 5.09901e+06
2.70292e+07 4.81958e+06
2.70628e+07 4.58486e+06
2.70628e+07 4.58486e+06
3.07579e+07 3.91876e+06
3.09927e+07 3.99703e+06
3.10821e+07 4.08646e+06
3.11715e+07 4.14232e+06
3.13168e+07 4.28761e+06
3.13727e+07 4.30996e+06
3.13727e+07 4.30996e+06
3.54011e+07 4.64322e+06
3.54012e+07 4.64323e+06
3.54571e+07 4.46436e+06
3.54795e+07 4.39735e+06
3.5513e+07 4.34147e+06
3.5513e+07 4.19618e+06
3.55801e+07 4.20736e+06
3.55801e+07 4.20736e+06
4.08004e+07 5.39921e+06
4.08004e+07 5.39921e+06
4.08674e+07 5.46627e+06
4.09457e+07 5.48861e+06
4.10351e+07 5.55565e+06
4.10463e+07 5.53332e+06
4.10463e+07 5.53332e+06
4.11246e+07 5.54451e+06
4.11246e+07 5.54451e+06
4.63474e+07 5.54702e+06
4.63474e+07 5.54702e+06
4.63474e+07 5.47996e+06
4.63474e+07 5.40172e+06
4.63809e+07 5.43526e+06
4.66268e+07 5.5917e+06
4.66939e+07 5.64756e+06
4.67163e+07 5.66991e+06
4.71298e+07 6.00524e+06
4.71299e+07 6.00524e+06
5.29943e+07 6.64691e+06
5.29943e+07 6.64691e+06
5.30278e+07 6.68044e+06
5.30502e+07 6.7028e+06
5.32849e+07 6.90398e+06
5.32849e+07 6.90399e+06
5.33408e+07 6.71399e+06
5.33632e+07 6.66927e+06
5.33632e+07 6.64692e+06
5.36649e+07 6.5351e+06
5.36873e+07 6.55746e+06
5.99148e+07 6.92057e+06
6.00155e+07 7.02122e+06
6.00155e+07 6.98769e+06
6.01049e+07 7.05474e+06
6.01049e+07 6.82003e+06
6.02056e+07 6.92064e+06
6.04291e+07 7.08829e+06
6.05409e+07 7.20013e+06
6.06192e+07 7.25603e+06
6.09545e+07 7.59135e+06
6.11558e+07 7.4908e+06
6.11893e+07 7.502e+06
6.79793e+07 8.06448e+06
6.83147e+07 8.29919e+06
6.83147e+07 8.29919e+06
6.83147e+07 8.20977e+06
6.84041e+07 8.2992e+06
6.84153e+07 8.20977e+06
6.84153e+07 7.98623e+06
6.84377e+07 7.89679e+06
6.84377e+07 7.8968e+06
6.85048e+07 7.88563e+06
6.87619e+07 7.80737e+06
6.90525e+07 7.89673e+06
6.90525e+07 7.86319e+06
7.59853e+07 8.00593e+06
7.62045e+07 7.88982e+06
7.62045e+07 7.88982e+06
7.62045e+07 7.88982e+06
7.62269e+07 7.82274e+06
7.63275e+07 7.91214e+06
7.63275e+07 7.91214e+06
7.65734e+07 8.13564e+06
7.66516e+07 8.21387e+06
7.66963e+07 8.25858e+06
7.67858e+07 8.28093e+06
7.75235e+07 8.76159e+06
7.77694e+07 8.7169e+06
7.77806e+07 8.72811e+06
8.62633e+07 1.0278e+07
8.6375e+07 1.01705e+07
8.63862e+07 1.01817e+07
8.63862e+07 1.01817e+07
8.63862e+07 1.01594e+07
8.63863e+07 1.00588e+07
8.63863e+07 1.00588e+07
8.63863e+07 9.8129e+06
8.63863e+07 9.73467e+06
8.63863e+07 9.68997e+06
8.64086e+07 9.62288e+06
8.64086e+07 9.62289e+06
8.66434e+07 9.1199e+06
8.67105e+07 8.94106e+06
8.67552e+07 8.97458e+06
9.49195e+07 8.6562e+06
9.51207e+07 8.74566e+06
9.51654e+07 8.77918e+06
9.51654e+07 8.77918e+06
9.51654e+07 8.77918e+06
9.52549e+07 8.8686e+06
9.53443e+07 8.958e+06
9.53443e+07 8.958e+06
9.54225e+07 9.03624e+06
9.54225e+07 9.03624e+06
9.54225e+07 9.01388e+06
9.55566e+07 9.14799e+06
9.55567e+07 9.148e+06
9.57914e+07 9.14799e+06
9.58473e+07 9.1368e+06
9.58473e+07 9.09208e+06
1.05901e+08 1.09819e+07
1.06393e+08 1.12724e+07
1.06393e+08 1.12277e+07
1.06393e+08 1.12277e+07
1.06393e+08 1.12277e+07
1.06415e+08 1.11606e+07
1.06415e+08 1.10712e+07
1.06415e+08 1.10712e+07
1.06416e+08 1.0993e+07
1.06427e+08 1.10042e+07
1.06427e+08 1.10042e+07
1.06427e+08 1.08701e+07
1.0655e+08 1.0993e+07
1.06583e+08 1.07918e+07
1.06583e+08 1.07918e+07
1.06583e+08 1.07359e+07
1.06583e+08 1.07359e+07
1.16629e+08 1.07277e+07
1.16741e+08 1.03477e+07
1.16763e+08 1.03701e+07
1.16763e+08 1.03701e+07
1.16797e+08 1.04036e+07
1.16841e+08 1.0426e+07
1.16853e+08 1.04371e+07
1.16853e+08 1.04371e+07
1.16875e+08 1.04595e+07
1.16875e+08 1.04483e+07
1.16875e+08 1.04483e+07
1.16875e+08 1.04483e+07
1.16987e+08 1.04371e+07
1.17031e+08 1.04483e+07
1.17032e+08 1.04483e+07
1.17032e+08 1.04483e+07
1.17188e+08 1.06048e+07
1.17188e+08 1.06048e+07
1.2844e+08 1.18111e+07
1.2844e+08 1.16993e+07
1.2844e+08 1.1677e+07
1.2844e+08 1.1677e+07
1.2844e+08 1.16434e+07
1.2844e+08 1.15987e+07
1.28585e+08 1.17328e+07
1.28585e+08 1.17328e+07
1.28585e+08 1.17105e+07
1.28586e+08 1.17105e+07
1.28586e+08 1.17105e+07
1.28586e+08 1.17105e+07
1.28586e+08 1.15987e+07
1.28586e+08 1.1554e+07
1.28586e+08 1.1554e+07
1.28586e+08 1.1554e+07
1.28586e+08 1.13976e+07
1.28586e+08 1.13976e+07
1.28586e+08 1.13976e+07
1.39937e+08 1.14965e+07
1.3997e+08 1.15301e+07
1.3997e+08 1.15301e+07
1.39981e+08 1.15413e+07
1.4006e+08 1.16195e+07
1.40104e+08 1.16642e+07
1.40116e+08 1.15301e+07
1.40116e+08 1.15301e+07
1.40116e+08 1.15301e+07
1.40127e+08 1.15413e+07
1.4016e+08 1.15749e+07
1.4016e+08 1.15749e+07
1.4016e+08 1.15749e+07
1.4016e+08 1.15749e+07
1.4016e+08 1.15749e+07
1.40172e+08 1.1586e+07
1.40172e+08 1.1586e+07
1.40194e+08 1.16084e+07
1.40194e+08 1.16084e+07
1.40194e+08 1.16084e+07
1.52638e+08 1.2701e+07
1.52638e+08 1.26674e+07
1.52638e+08 1.26674e+07
1.52682e+08 1.2701e+07
1.52682e+08 1.26227e+07
1.52772e+08 1.26674e+07
1.52772e+08 1.26562e+07
1.52772e+08 1.26562e+07
1.52772e+08 1.26562e+07
1.52794e+08 1.26674e+07
1.52794e+08 1.26338e+07
1.5285e+08 1.26897e+07
1.5285e+08 1.26897e+07
1.5285e+08 1.26897e+07
1.5285e+08 1.26897e+07
1.5285e+08 1.26785e+07
1.52906e+08 1.27345e+07
1.52906e+08 1.27121e+07
1.52906e+08 1.27121e+07
1.52906e+08 1.27121e+07
1.52917e+08 1.27233e+07
1.65601e+08 1.29632e+07
1.65646e+08 1.30079e+07
1.65668e+08 1.30303e+07
1.65668e+08 1.29856e+07
1.65668e+08 1.29856e+07
1.65679e+08 1.29074e+07
1.65735e+08 1.29634e+07
1.65735e+08 1.29634e+07
1.65735e+08 1.29634e+07
1.65735e+08 1.2941e+07
1.65735e+08 1.2941e+07
1.6578e+08 1.29299e+07
1.6578e+08 1.29299e+07
1.65847e+08 1.29969e+07
1.65892e+08 1.30417e+07
1.65892e+08 1.30417e+07
1.65914e+08 1.30081e+07
1.65914e+08 1.30081e+07
1.65914e+08 1.30081e+07
1.65914e+08 1.30081e+07
1.65925e+08 1.30081e+07
1.65925e+08 1.30081e+07
1.78752e+08 1.31516e+07
1.78808e+08 1.31627e+07
1.78808e+08 1.31403e+07
1.78808e+08 1.31403e+07
1.78808e+08 1.31403e+07
1.78808e+08 1.31291e+07
1.78999e+08 1.32633e+07
1.7901e+08 1.32745e+07
1.7901e+08 1.32745e+07
1.7901e+08 1.32745e+07
1.79032e+08 1.32968e+07
1.79054e+08 1.32745e+07
1.79066e+08 1.32857e+07
1.79077e+08 1.32298e+07
1.79233e+08 1.33415e+07
1.79256e+08 1.33638e+07
1.79256e+08 1.33415e+07
1.79267e+08 1.33527e+07
1.79267e+08 1.33527e+07
1.79278e+08 1.33638e+07
1.79289e+08 1.33638e+07
1.793e+08 1.3375e+07
1.92586e+08 1.38335e+07
1.92608e+08 1.38559e+07
1.92608e+08 1.38e+07
1.92608e+08 1.38e+07
1.92608e+08 1.38e+07
1.92608e+08 1.38e+07
1.92608e+08 1.38e+07
1.92742e+08 1.3744e+07
1.92765e+08 1.37552e+07
1.92776e+08 1.37663e+07
1.92776e+08 1.37663e+07
1.92776e+08 1.3744e+07
1.92798e+08 1.3744e+07
1.92798e+08 1.37328e+07
1.92821e+08 1.3744e+07
1.92832e+08 1.35987e+07
1.92832e+08 1.35763e+07
1.92832e+08 1.35763e+07
1.92843e+08 1.35763e+07
1.93044e+08 1.37775e+07
1.93078e+08 1.37999e+07
1.93078e+08 1.37888e+07
1.93089e+08 1.37888e+07
2.07009e+08 1.44235e+07
2.07009e+08 1.44012e+07
2.07009e+08 1.44012e+07
2.07009e+08 1.44012e+07
2.07021e+08 1.44124e+07
2.07021e+08 1.44124e+07
2.07032e+08 1.44236e+07
2.07077e+08 1.44683e+07
2.07088e+08 1.43453e+07
2.07088e+08 1.43229e+07
2.07088e+08 1.43118e+07
2.07088e+08 1.43118e+07
2.07088e+08 1.43118e+07
2.07088e+08 1.42894e+07
2.07133e+08 1.43341e+07
2.07133e+08 1.43118e+07
2.072e+08 1.43677e+07
2.072e+08 1.43677e+07
2.07211e+08 1.43788e+07
2.07244e+08 1.44012e+07
2.07356e+08 1.43117e+07
2.07423e+08 1.43452e+07
2.07423e+08 1.43452e+07
2.07423e+08 1.4334e+07
2.21875e+08 1.48651e+07
2.21875e+08 1.48651e+07
2.21919e+08 1.49098e+07
2.21953e+08 1.49433e+07
2.22009e+08 1.49992e+07
2.22042e+08 1.50216e+07
2.22042e+08 1.50216e+07
2.22042e+08 1.50104e+07
2.22042e+08 1.49657e+07
2.22053e+08 1.49657e+07
2.22053e+08 1.49657e+07
2.22065e+08 1.49769e+07
2.22065e+08 1.49769e+07
2.22065e+08 1.49769e+07
2.22065e+08 1.49769e+07
2.22065e+08 1.49322e+07
2.22076e+08 1.49434e+07
2.22076e+08 1.48763e+07
2.22154e+08 1.49545e+07
2.22154e+08 1.49434e+07
2.22154e+08 1.49098e+07
2.22165e+08 1.48092e+07
2.22244e+08 1.48204e+07
2.22244e+08 1.48204e+07
2.22244e+08 1.48204e+07
2.37359e+08 1.54845e+07
2.37415e+08 1.55404e+07
2.37538e+08 1.56186e+07
2.3756e+08 1.56074e+07
2.3756e+08 1.55515e+07
2.3756e+08 1.55515e+07
2.3756e+08 1.5518e+07
2.37571e+08 1.55291e+07
2.37638e+08 1.55962e+07
2.37683e+08 1.56409e+07
2.37728e+08 1.56745e+07
2.37728e+08 1.56745e+07
2.3775e+08 1.56856e+07
2.3775e+08 1.56856e+07
2.3775e+08 1.56856e+07
2.3775e+08 1.56856e+07
2.37762e+08 1.56968e+07
2.37762e+08 1.56857e+07
2.37762e+08 1.56857e+07
2.37762e+08 1.56074e+07
2.37762e+08 1.56074e+07
2.37762e+08 1.56074e+07
2.37762e+08 1.55963e+07
2.37773e+08 1.55292e+07
2.37773e+08 1.55292e+07
2.37795e+08 1.55516e+07
2.53688e+08 1.63292e+07
2.53688e+08 1.62733e+07
2.53688e+08 1.61503e+07
2.53688e+08 1.6128e+07
2.53688e+08 1.6128e+07
2.53688e+08 1.6128e+07
2.53711e+08 1.61503e+07
2.53711e+08 1.61504e+07
2.53722e+08 1.61504e+07
2.53722e+08 1.60833e+07
2.53722e+08 1.60386e+07
2.53811e+08 1.60833e+07
2.53811e+08 1.60833e+07
2.53845e+08 1.60944e+07
2.53867e+08 1.61168e+07
2.53912e+08 1.61616e+07
2.53923e+08 1.61727e+07
2.53923e+08 1.61616e+07
2.53923e+08 1.61616e+07
2.53923e+08 1.61616e+07
2.53923e+08 1.61616e+07
2.53923e+08 1.61616e+07
2.53923e+08 1.61615e+07
2.53923e+08 1.61615e+07
2.53923e+08 1.61503e+07
2.53934e+08 1.61615e+07
2.53934e+08 1.61392e+07
2.70416e+08 1.67282e+07
2.70416e+08 1.67282e+07
2.70416e+08 1.67282e+07
2.70428e+08 1.67394e+07
2.70428e+08 1.67394e+07
2.70428e+08 1.67394e+07
2.70428e+08 1.6717e+07
2.7045e+08 1.67394e+07
2.70461e+08 1.67506e+07
2.70461e+08 1.67394e+07
2.70461e+08 1.67394e+07
2.70506e+08 1.67841e+07
2.70506e+08 1.66947e+07
2.70539e+08 1.67282e+07
2.70584e+08 1.67394e+07
2.70607e+08 1.67394e+07
2.70607e+08 1.66947e+07
2.70607e+08 1.66835e+07
2.70674e+08 1.67505e+07
2.70674e+08 1.67505e+07
2.70674e+08 1.67505e+07
2.70674e+08 1.67505e+07
2.70674e+08 1.67505e+07
2.70718e+08 1.67952e+07
2.70718e+08 1.67952e+07
2.70718e+08 1.67952e+07
2.7073e+08 1.67953e+07
2.7073e+08 1.67952e+07
2.87244e+08 1.6828e+07
2.87244e+08 1.6828e+07
2.87289e+08 1.68727e+07
2.87345e+08 1.69175e+07
2.87457e+08 1.70292e+07
2.87569e+08 1.7141e+07
2.87725e+08 1.72975e+07
2.87725e+08 1.72751e+07
2.87759e+08 1.72975e+07
2.87759e+08 1.72975e+07
2.87759e+08 1.72975e+07
2.87781e+08 1.73198e+07
2.87781e+08 1.72751e+07
2.87781e+08 1.72751e+07
2.87792e+08 1.72528e+07
2.87803e+08 1.72192e+07
2.87859e+08 1.72527e+07
2.8787e+08 1.72639e+07
2.8787e+08 1.72639e+07
2.87882e+08 1.7208e+07
2.87893e+08 1.72192e+07
2.87893e+08 1.72192e+07
2.87893e+08 1.72192e+07
2.87893e+08 1.72192e+07
2.87971e+08 1.72527e+07
2.87971e+08 1.72527e+07
2.87971e+08 1.72527e+07
2.87971e+08 1.72416e+07
2.87971e+08 1.72416e+07
3.05182e+08 1.79376e+07
3.05182e+08 1.79376e+07
3.05182e+08 1.78929e+07
3.05316e+08 1.79711e+07
3.05473e+08 1.80158e+07
3.05473e+08 1.7904e+07
3.05618e+08 1.78928e+07
3.05651e+08 1.79264e+07
3.05685e+08 1.79264e+07
3.05685e+08 1.79264e+07
3.0573e+08 1.79711e+07
3.0573e+08 1.79711e+07
3.0573e+08 1.79487e+07
3.0573e+08 1.79487e+07
3.05763e+08 1.79823e+07
3.05763e+08 1.79711e+07
3.05763e+08 1.79599e+07
3.05763e+08 1.7904e+07
3.05763e+08 1.78929e+07
3.05774e+08 1.7904e+07
3.05786e+08 1.7904e+07
3.05786e+08 1.78929e+07
3.05842e+08 1.79487e+07
3.05853e+08 1.79599e+07
3.05853e+08 1.79599e+07
3.05953e+08 1.79823e+07
3.05953e+08 1.79823e+07
3.05987e+08 1.80158e+07
3.05987e+08 1.80158e+07
3.05987e+08 1.80158e+07
3.23285e+08 1.81029e+07
3.23464e+08 1.82817e+07
3.23464e+08 1.82817e+07
3.23542e+08 1.82258e+07
3.23732e+08 1.82593e+07
3.2381e+08 1.83376e+07
3.24e+08 1.83822e+07
3.24e+08 1.83487e+07
3.24112e+08 1.84269e+07
3.24112e+08 1.84269e+07
3.24179e+08 1.84493e+07
3.2419e+08 1.84605e+07
3.2419e+08 1.84605e+07
3.24213e+08 1.84829e+07
3.24257e+08 1.85276e+07
3.24269e+08 1.85052e+07
3.24291e+08 1.85276e+07
3.24302e+08 1.85387e+07
3.24313e+08 1.85499e+07
3.24336e+08 1.85723e+07
3.24336e+08 1.85611e+07
3.24336e+08 1.85499e+07
3.24336e+08 1.85499e+07
3.24336e+08 1.8494e+07
3.24347e+08 1.8494e+07
3.24347e+08 1.8494e+07
3.24392e+08 1.84381e+07
3.24403e+08 1.84493e+07
3.24436e+08 1.84493e+07
3.24537e+08 1.85499e+07
3.24537e+08 1.85499e+07
3.42244e+08 1.89592e+07
3.42244e+08 1.87804e+07
3.42244e+08 1.87804e+07
3.42244e+08 1.87022e+07
3.42389e+08 1.86575e+07
3.42691e+08 1.8881e+07
3.43004e+08 1.90039e+07
3.43127e+08 1.91269e+07
3.43172e+08 1.90598e+07
3.43205e+08 1.90933e+07
3.43228e+08 1.90486e+07
3.43339e+08 1.91492e+07
3.43351e+08 1.91604e+07
3.43351e+08 1.9138e+07
3.43351e+08 1.9138e+07
3.43351e+08 1.90933e+07
3.43351e+08 1.90822e+07
3.43351e+08 1.90598e+07
3.43351e+08 1.90486e+07
3.43362e+08 1.90486e+07
3.43384e+08 1.90486e+07
3.43384e+08 1.90486e+07
3.43418e+08 1.90822e+07
3.43451e+08 1.91157e+07
3.43451e+08 1.91157e+07
3.43485e+08 1.91381e+07
3.43485e+08 1.91381e+07
3.43507e+08 1.91157e+07
3.43541e+08 1.91381e+07
3.43541e+08 1.91045e+07
3.43608e+08 1.9071e+07
3.43619e+08 1.90822e+07
3.6242e+08 2.01758e+07
3.6242e+08 2.01758e+07
3.6242e+08 2.01758e+07
3.62543e+08 2.02987e+07
3.62543e+08 2.01534e+07
3.62543e+08 1.98517e+07
3.62677e+08 1.96729e+07
3.62733e+08 1.96058e+07
3.62789e+08 1.9617e+07
3.62811e+08 1.96058e+07
3.62878e+08 1.96505e+07
3.63135e+08 1.97958e+07
3.63135e+08 1.97846e+07
3.63135e+08 1.97846e+07
3.63135e+08 1.97846e+07
3.63146e+08 1.97958e+07
3.63146e+08 1.97958e+07
3.63158e+08 1.9807e+07
3.63158e+08 1.9807e+07
3.63158e+08 1.9807e+07
3.63158e+08 1.97958e+07
3.63214e+08 1.98294e+07
3.63247e+08 1.98629e+07
3.63281e+08 1.98629e+07
3.63281e+08 1.98294e+07
3.63281e+08 1.98294e+07
3.63325e+08 1.98405e+07
3.63325e+08 1.98405e+07
3.63348e+08 1.98405e+07
3.63415e+08 1.9874e+07
3.63415e+08 1.9874e+07
3.6346e+08 1.98517e+07
3.63493e+08 1.98741e+07
3.82628e+08 2.02082e+07
3.82628e+08 2.02082e+07
3.82628e+08 2.02082e+07
3.82706e+08 2.01635e+07
3.82706e+08 2.01635e+07
3.82751e+08 2.02082e+07
3.82807e+08 2.013e+07
3.82807e+08 2.00741e+07
3.82863e+08 2.00741e+07
3.83019e+08 2.02082e+07
3.83019e+08 2.01412e+07
3.8331e+08 2.01747e+07
3.83411e+08 2.02753e+07
3.83411e+08 2.02753e+07
3.83411e+08 2.02753e+07
3.83411e+08 2.02641e+07
3.83411e+08 2.02641e+07
3.83422e+08 2.02753e+07
3.83422e+08 2.02641e+07
3.83422e+08 2.02641e+07
3.83489e+08 2.03312e+07
3.83489e+08 2.03312e+07
3.83601e+08 2.03871e+07
3.83645e+08 2.03983e+07
3.83668e+08 2.03871e+07
3.83668e+08 2.03871e+07
3.83679e+08 2.03982e+07
3.83712e+08 2.03871e+07
3.83735e+08 2.04095e+07
3.83735e+08 2.03871e+07
3.83757e+08 2.03424e+07
3.83768e+08 2.03536e+07
3.8378e+08 2.03201e+07
3.83858e+08 2.03648e+07
4.03902e+08 2.12736e+07
4.03902e+08 2.12736e+07
4.03902e+08 2.12736e+07
4.03902e+08 2.11954e+07
4.03902e+08 2.11954e+07
4.03935e+08 2.11842e+07
4.03935e+08 2.11283e+07
4.03935e+08 2.11283e+07
4.03946e+08 2.10836e+07
4.04081e+08 2.10613e+07
4.04137e+08 2.11172e+07
4.04349e+08 2.1039e+07
4.04427e+08 2.10167e+07
4.04427e+08 2.10167e+07
4.04494e+08 2.10838e+07
4.04517e+08 2.11061e+07
4.0455e+08 2.11396e+07
4.0455e+08 2.11285e+07
4.0455e+08 2.11285e+07
4.04595e+08 2.11732e+07
4.04628e+08 2.12067e+07
4.04629e+08 2.11396e+07
4.0464e+08 2.11508e+07
4.04662e+08 2.10614e+07
4.04662e+08 2.10167e+07
4.04662e+08 2.09943e+07
4.04662e+08 2.09943e+07
4.04662e+08 2.09832e+07
4.04673e+08 2.09608e+07
4.04673e+08 2.09384e+07
4.04673e+08 2.09384e+07
4.04673e+08 2.09161e+07
4.04685e+08 2.09161e+07
4.04707e+08 2.09272e+07
4.0483e+08 2.09719e+07
4.2532e+08 2.14186e+07
4.2532e+08 2.14186e+07
4.25343e+08 2.1441e+07
4.25387e+08 2.14857e+07
4.25455e+08 2.15528e+07
4.25533e+08 2.15975e+07
4.25577e+08 2.16422e+07
4.25611e+08 2.16758e+07
4.25633e+08 2.1687e+07
4.25633e+08 2.15528e+07
4.25768e+08 2.16311e+07
4.25958e+08 2.16087e+07
4.26058e+08 2.16311e+07
4.26092e+08 2.16646e+07
4.26114e+08 2.16199e+07
4.26114e+08 2.15975e+07
4.26137e+08 2.15863e+07
4.26137e+08 2.15863e+07
4.26148e+08 2.15975e+07
4.26148e+08 2.15528e+07
4.26148e+08 2.15528e+07
4.26148e+08 2.15193e+07
4.26148e+08 2.15193e+07
4.26148e+08 2.15081e+07
4.26148e+08 2.14857e+07
4.26181e+08 2.15192e+07
4.26204e+08 2.15417e+07
4.26271e+08 2.16087e+07
4.26271e+08 2.16087e+07
4.26271e+08 2.15976e+07
4.26271e+08 2.15976e+07
4.26271e+08 2.15976e+07
4.26293e+08 2.16199e+07
4.26304e+08 2.16199e+07
4.26304e+08 2.15976e+07
4.26372e+08 2.15416e+07
4.47362e+08 2.20421e+07
4.47362e+08 2.20421e+07
4.47441e+08 2.2098e+07
4.47597e+08 2.22098e+07
4.47653e+08 2.21986e+07
4.47731e+08 2.21986e+07
4.47888e+08 2.23103e+07
4.47944e+08 2.23327e+07
4.47955e+08 2.23215e+07
4.47955e+08 2.23215e+07
4.47977e+08 2.22097e+07
4.48067e+08 2.21091e+07
4.48089e+08 2.20309e+07
4.48089e+08 2.19974e+07
4.48123e+08 2.20086e+07
4.48179e+08 2.20645e+07
4.48179e+08 2.20421e+07
4.48179e+08 2.20421e+07
4.48179e+08 2.20309e+07
4.48179e+08 2.20309e+07
4.48179e+08 2.20309e+07
4.48179e+08 2.20309e+07
4.48179e+08 2.20309e+07
4.4819e+08 2.20421e+07
4.48212e+08 2.20645e+07
4.48212e+08 2.20645e+07
4.48223e+08 2.20422e+07
4.48324e+08 2.21204e+07
4.48324e+08 2.20533e+07
4.48324e+08 2.20533e+07
4.48324e+08 2.20533e+07
4.48335e+08 2.20645e+07
4.48347e+08 2.20757e+07
4.48347e+08 2.20534e+07
4.48358e+08 2.20534e+07
4.48369e+08 2.20646e+07
4.48503e+08 2.21317e+07
4.70173e+08 2.2811e+07
4.70173e+08 2.2811e+07
4.70274e+08 2.28334e+07
4.70464e+08 2.28669e+07
4.70621e+08 2.29675e+07
4.70621e+08 2.28892e+07
4.70621e+08 2.27328e+07
4.70665e+08 2.27216e+07
4.70688e+08 2.27328e+07
4.70688e+08 2.27328e+07
4.7071e+08 2.27328e+07
4.70721e+08 2.26545e+07
4.70732e+08 2.26432e+07
4.70844e+08 2.2755e+07
4.70855e+08 2.27327e+07
4.70867e+08 2.2688e+07
4.70867e+08 2.26881e+07
4.70867e+08 2.26881e+07
4.70867e+08 2.26881e+07
4.70889e+08 2.27104e+07
4.70889e+08 2.27104e+07
4.70889e+08 2.27104e+07
4.70889e+08 2.27104e+07
4.70889e+08 2.27104e+07
4.709e+08 2.27105e+07
4.709e+08 2.26881e+07
4.70934e+08 2.27216e+07
4.70967e+08 2.2744e+07
4.71001e+08 2.26769e+07
4.71001e+08 2.2677e+07
4.71001e+08 2.2677e+07
4.71012e+08 2.26882e+07
4.71012e+08 2.2677e+07
4.71035e+08 2.26881e+07
4.71057e+08 2.27105e+07
4.71091e+08 2.27328e+07
4.71102e+08 2.27328e+07
4.71147e+08 2.26434e+07
4.9378e+08 2.3606e+07
4.93802e+08 2.36284e+07
4.93891e+08 2.36172e+07
4.93902e+08 2.34384e+07
4.93925e+08 2.33043e+07
4.93925e+08 2.33043e+07
4.93992e+08 2.33713e+07
4.93992e+08 2.33266e+07
4.94014e+08 2.33266e+07
4.94014e+08 2.33266e+07
4.94014e+08 2.33043e+07
4.94026e+08 2.33043e+07
4.94048e+08 2.33155e+07
4.94115e+08 2.32708e+07
4.94137e+08 2.3282e+07
4.9416e+08 2.32931e+07
4.94227e+08 2.33602e+07
4.94227e+08 2.33602e+07
4.94227e+08 2.33602e+07
4.9426e+08 2.33714e+07
4.9426e+08 2.33714e+07
4.9426e+08 2.33714e+07
4.9426e+08 2.33714e+07
4.9426e+08 2.33714e+07
4.94261e+08 2.33714e+07
4.94339e+08 2.34384e+07
4.94339e+08 2.34384e+07
4.94339e+08 2.34049e+07
4.94339e+08 2.33714e+07
4.94339e+08 2.33378e+07
4.94384e+08 2.33824e+07
4.94384e+08 2.33824e+07
4.94417e+08 2.34048e+07
4.94451e+08 2.34383e+07
4.94451e+08 2.3416e+07
4.94451e+08 2.33936e+07
4.94451e+08 2.33601e+07
4.94451e+08 2.33489e+07
4.9473e+08 2.35838e+07
5.17914e+08 2.41346e+07
5.17914e+08 2.41123e+07
5.1797e+08 2.40787e+07
5.1797e+08 2.40676e+07
5.1797e+08 2.40452e+07
5.17981e+08 2.40564e+07
5.17981e+08 2.39893e+07
5.17981e+08 2.39893e+07
5.17981e+08 2.3967e+07
5.18026e+08 2.40117e+07
5.18048e+08 2.40341e+07
5.18048e+08 2.40229e+07
5.18116e+08 2.40676e+07
5.18127e+08 2.40118e+07
5.18138e+08 2.40006e+07
5.1816e+08 2.40006e+07
5.18227e+08 2.40005e+07
5.18227e+08 2.40005e+07
5.18227e+08 2.40005e+07
5.18283e+08 2.40229e+07
5.18295e+08 2.4034e+07
5.18317e+08 2.40564e+07
5.18339e+08 2.40787e+07
5.18339e+08 2.40787e+07
5.1835e+08 2.40899e+07
5.18362e+08 2.40229e+07
5.18373e+08 2.4034e+07
5.18373e+08 2.4034e+07
5.18406e+08 2.40675e+07
5.18406e+08 2.40675e+07
5.18418e+08 2.40787e+07
5.18418e+08 2.4034e+07
5.18418e+08 2.4034e+07
5.18418e+08 2.40005e+07
5.18418e+08 2.39669e+07
5.18474e+08 2.40228e+07
5.18496e+08 2.40452e+07
5.18574e+08 2.41235e+07
5.18574e+08 2.41235e+07
5.18854e+08 2.41235e+07
5.42511e+08 2.45971e+07
5.42511e+08 2.45971e+07
5.42545e+08 2.45748e+07
5.42545e+08 2.45748e+07
5.42545e+08 2.45748e+07
5.42545e+08 2.45636e+07
5.42567e+08 2.4586e+07
5.42567e+08 2.4586e+07
5.42567e+08 2.4586e+07
5.42601e+08 2.45749e+07
5.42612e+08 2.45637e+07
5.42612e+08 2.45637e+07
5.42679e+08 2.45636e+07
5.42679e+08 2.45524e+07
5.42702e+08 2.45636e+07
5.42702e+08 2.45412e+07
5.42746e+08 2.45188e+07
5.42802e+08 2.45747e+07
5.42802e+08 2.45747e+07
5.42802e+08 2.45188e+07
5.42802e+08 2.45077e+07
5.42847e+08 2.45301e+07
5.42847e+08 2.45077e+07
5.42858e+08 2.45189e+07
5.42948e+08 2.45972e+07
5.42959e+08 2.45972e+07
5.42959e+08 2.4586e+07
5.42959e+08 2.4586e+07
5.42959e+08 2.4586e+07
5.42959e+08 2.45525e+07
5.42959e+08 2.45525e+07
5.42959e+08 2.45413e+07
5.42959e+08 2.45413e+07
5.42959e+08 2.45413e+07
5.4297e+08 2.45525e+07
5.42992e+08 2.45748e+07
5.43004e+08 2.45301e+07
5.43104e+08 2.46083e+07
5.43183e+08 2.46083e+07
5.43183e+08 2.46083e+07
5.43462e+08 2.46084e+07
5.67713e+08 2.52019e+07
5.67735e+08 2.52242e+07
5.6778e+08 2.52354e+07
5.67791e+08 2.52466e+07
5.67791e+08 2.52466e+07
5.67791e+08 2.52466e+07
5.67803e+08 2.52353e+07
5.67803e+08 2.52353e+07
5.67814e+08 2.52465e+07
5.67859e+08 2.52577e+07
5.6787e+08 2.52576e+07
5.67881e+08 2.52688e+07
5.67937e+08 2.52576e+07
5.67948e+08 2.52688e+07
5.67959e+08 2.52577e+07
5.67959e+08 2.52577e+07
5.67959e+08 2.52129e+07
5.67959e+08 2.5157e+07
5.67959e+08 2.5157e+07
5.67959e+08 2.5157e+07
5.67959e+08 2.5157e+07
5.6797e+08 2.51235e+07
5.6797e+08 2.51235e+07
5.6797e+08 2.51123e+07
5.68049e+08 2.51012e+07
5.68071e+08 2.51124e+07
5.68116e+08 2.51571e+07
5.68138e+08 2.51795e+07
5.68138e+08 2.51795e+07
5.68138e+08 2.51795e+07
5.68138e+08 2.51795e+07
5.68138e+08 2.51795e+07
5.68138e+08 2.51795e+07
5.68138e+08 2.51795e+07
5.68138e+08 2.51795e+07
5.68138e+08 2.51683e+07
5.68284e+08 2.52913e+07
5.68295e+08 2.52912e+07
5.68306e+08 2.52018e+07
5.68373e+08 2.51906e+07
5.6844e+08 2.52577e+07
5.6872e+08 2.52576e+07
5.93659e+08 2.59454e+07
5.93659e+08 2.59231e+07
5.93692e+08 2.59119e+07
5.93703e+08 2.59119e+07
5.93703e+08 2.59119e+07
5.93703e+08 2.59119e+07
5.93703e+08 2.59008e+07
5.93703e+08 2.59008e+07
5.93703e+08 2.58896e+07
5.93703e+08 2.58449e+07
5.93703e+08 2.58337e+07
5.93703e+08 2.58226e+07
5.93703e+08 2.57667e+07
5.93704e+08 2.57555e+07
5.93704e+08 2.57443e+07
5.93704e+08 2.57443e+07
5.93704e+08 2.57444e+07
5.93704e+08 2.57444e+07
5.93704e+08 2.57444e+07
5.93704e+08 2.57444e+07
5.93771e+08 2.58114e+07
5.93771e+08 2.58002e+07
5.93782e+08 2.58114e+07
5.93793e+08 2.58226e+07
5.93972e+08 2.59231e+07
5.94061e+08 2.59902e+07
5.94162e+08 2.60461e+07
5.94162e+08 2.60237e+07
5.94162e+08 2.60237e+07
5.94207e+08 2.60684e+07
5.94207e+08 2.60684e+07
5.94207e+08 2.60684e+07
5.94207e+08 2.60684e+07
5.94207e+08 2.60684e+07
5.94218e+08 2.60796e+07
5.94218e+08 2.60796e+07
5.94218e+08 2.60796e+07
5.94263e+08 2.5979e+07
5.94341e+08 2.60461e+07
5.94352e+08 2.60461e+07
5.94408e+08 2.60349e+07
5.94453e+08 2.60126e+07
5.94531e+08 2.58113e+07
6.1806e+08 2.44017e+07
6.1809e+08 2.44318e+07
6.18117e+08 2.44253e+07
6.18191e+08 2.44877e+07
6.18242e+08 2.45383e+07
6.18258e+08 2.45548e+07
6.18258e+08 2.45548e+07
6.18274e+08 2.45711e+07
6.18275e+08 2.45711e+07
6.18275e+08 2.45712e+07
6.18276e+08 2.45724e+07
6.18287e+08 2.45832e+07
6.18297e+08 2.45934e+07
6.18336e+08 2.46329e+07
6.18342e+08 2.46385e+07
6.18342e+08 2.46386e+07
6.18365e+08 2.46612e+07
6.18365e+08 2.46613e+07
6.18376e+08 2.46725e+07
6.18376e+08 2.46726e+07
6.18391e+08 2.46207e+07
6.18421e+08 2.46506e+07
6.18421e+08 2.46395e+07
6.18433e+08 2.46396e+07
6.18567e+08 2.45955e+07
6.18993e+08 2.49315e+07
6.19116e+08 2.49542e+07
6.19139e+08 2.49767e+07
6.19139e+08 2.49768e+07
6.19139e+08 2.49324e+07
6.19139e+08 2.49325e+07
6.19139e+08 2.49326e+07
6.19139e+08 2.49327e+07
6.1914e+08 2.49328e+07
6.19152e+08 2.49452e+07
6.19162e+08 2.49443e+07
6.19174e+08 2.49556e+07
6.19196e+08 2.4978e+07
6.19297e+08 2.50342e+07
6.1932e+08 2.49795e+07
6.19353e+08 2.5001e+07
6.19353e+08 2.49453e+07
6.19365e+08 2.4912e+07
6.19388e+08 2.48574e+07
6.27131e+08 9.07103e+06
6.27176e+08 9.0856e+06
6.27198e+08 9.08095e+06
