5.37326e+06 5.37261e+06
8.32802e+06 2.95476e+06
8.32803e+06 2.95476e+06
9.81988e+06 1.49185e+06
9.81988e+06 1.49185e+06
1.19513e+07 2.13144e+06
1.19513e+07 2.13145e+06
1.19513e+07 2.13145e+06
1.4783e+07 2.83172e+06
1.47831e+07 2.83172e+06
1.47831e+07 2.83177e+06
1.47831e+07 2.83181e+06
1.78808e+07 3.09772e+06
1.78808e+07 3.09772e+06
1.79814e+07 3.19829e+06
1.80038e+07 3.22065e+06
1.80038e+07 3.22065e+06
2.18044e+07 3.92364e+06
2.18156e+07 3.93481e+06
2.18156e+07 3.83419e+06
2.1838e+07 3.83418e+06
2.1838e+07 3.83419e+06
2.18492e+07 3.8454e+06
2.59644e+07 4.16e+06
2.59644e+07 4.14882e+06
2.59756e+07 4.16e+06
2.59868e+07 4.14884e+06
2.59868e+07 4.14885e+06
2.5998e+07 4.14883e+06
2.60092e+07 4.16001e+06
3.01246e+07 4.1602e+06
3.01246e+07 4.1602e+06
3.01246e+07 4.14901e+06
3.01246e+07 4.13783e+06
3.01358e+07 4.14899e+06
3.01358e+07 4.13781e+06
3.01358e+07 4.12664e+06
3.49216e+07 4.79706e+06
3.49217e+07 4.79706e+06
3.49217e+07 4.79709e+06
3.49217e+07 4.79709e+06
3.49441e+07 4.81945e+06
3.49441e+07 4.80827e+06
3.49441e+07 4.80827e+06
3.49441e+07 4.80827e+06
4.03494e+07 5.42772e+06
4.03494e+07 5.42774e+06
4.03494e+07 5.42775e+06
4.03606e+07 5.43892e+06
4.03606e+07 5.43892e+06
4.03607e+07 5.41658e+06
4.03607e+07 5.41659e+06
4.03831e+07 5.43895e+06
4.03942e+07 5.45013e+06
4.63846e+07 6.03519e+06
4.6407e+07 6.05757e+06
4.6407e+07 6.05758e+06
4.64629e+07 6.1023e+06
4.64629e+07 6.10231e+06
4.64629e+07 6.10231e+06
4.65188e+07 6.15815e+06
4.65188e+07 6.15816e+06
4.65189e+07 6.13581e+06
4.65301e+07 6.13582e+06
5.2952e+07 6.56741e+06
5.29967e+07 6.58977e+06
5.29967e+07 6.58976e+06
5.30751e+07 6.61214e+06
5.30751e+07 6.61214e+06
5.30751e+07 6.61215e+06
5.30974e+07 6.63451e+06
5.30974e+07 6.57862e+06
5.31086e+07 6.58977e+06
5.31198e+07 6.60095e+06
5.3131e+07 6.60094e+06
6.01904e+07 7.23841e+06
6.02352e+07 7.23841e+06
6.02352e+07 7.23841e+06
6.03916e+07 7.31659e+06
6.03916e+07 7.31659e+06
6.03917e+07 7.31659e+06
6.03917e+07 7.29423e+06
6.03917e+07 7.29426e+06
6.04252e+07 7.32779e+06
6.04252e+07 7.31662e+06
6.05035e+07 7.38368e+06
6.05035e+07 7.37249e+06
6.79888e+07 7.79837e+06
6.80671e+07 7.83192e+06
6.80894e+07 7.85428e+06
6.80895e+07 7.69783e+06
6.81118e+07 7.7202e+06
6.81566e+07 7.76491e+06
6.82013e+07 7.80961e+06
6.82796e+07 7.88793e+06
6.82796e+07 7.88794e+06
6.82797e+07 7.85442e+06
6.82908e+07 7.8656e+06
6.82909e+07 7.78736e+06
6.82909e+07 7.78736e+06
7.62853e+07 8.29652e+06
7.63636e+07 8.29649e+06
7.63636e+07 8.27414e+06
7.64083e+07 8.31884e+06
7.65425e+07 8.43064e+06
7.65425e+07 8.38594e+06
7.65425e+07 8.34123e+06
7.66208e+07 8.34119e+06
7.66208e+07 8.34119e+06
7.6632e+07 8.35241e+06
7.66321e+07 8.35243e+06
7.66433e+07 8.35242e+06
7.66544e+07 8.36359e+06
7.66545e+07 8.36359e+06
8.54716e+07 9.18632e+06
8.5561e+07 9.19744e+06
8.5561e+07 9.19744e+06
8.5561e+07 9.15273e+06
8.5561e+07 9.01855e+06
8.5561e+07 9.01855e+06
8.55611e+07 9.01855e+06
8.56841e+07 9.06332e+06
8.56841e+07 9.06333e+06
8.57065e+07 9.07451e+06
8.57625e+07 9.13037e+06
8.57736e+07 9.14156e+06
8.57737e+07 9.13039e+06
8.57737e+07 9.11921e+06
8.57737e+07 9.11921e+06
9.50278e+07 9.55623e+06
9.50278e+07 9.46683e+06
9.50278e+07 9.46683e+06
9.50279e+07 9.46683e+06
9.50279e+07 9.46683e+06
9.50279e+07 9.46683e+06
9.50279e+07 9.46683e+06
9.50726e+07 9.38852e+06
9.50727e+07 9.38853e+06
9.51175e+07 9.41096e+06
9.51399e+07 9.37741e+06
9.51511e+07 9.37741e+06
9.51511e+07 9.37742e+06
9.51846e+07 9.41095e+06
9.51958e+07 9.42212e+06
9.51958e+07 9.42212e+06
1.05195e+08 1.01671e+07
1.05195e+08 1.01671e+07
1.05206e+08 1.01783e+07
1.05206e+08 1.01783e+07
1.05206e+08 1.01783e+07
1.05206e+08 1.01783e+07
1.05206e+08 1.01783e+07
1.05229e+08 1.01559e+07
1.05229e+08 1.01559e+07
1.05262e+08 1.01447e+07
1.05262e+08 1.01223e+07
1.05307e+08 1.01559e+07
1.05307e+08 1.01559e+07
1.05307e+08 1.01223e+07
1.05352e+08 1.01671e+07
1.05363e+08 1.01671e+07
1.05374e+08 1.01783e+07
1.15892e+08 1.0697e+07
1.15892e+08 1.0697e+07
1.15892e+08 1.06859e+07
1.15892e+08 1.06859e+07
1.15892e+08 1.06859e+07
1.15892e+08 1.06859e+07
1.15892e+08 1.06859e+07
1.15892e+08 1.06635e+07
1.15903e+08 1.06747e+07
1.15926e+08 1.06635e+07
1.15926e+08 1.06635e+07
1.16037e+08 1.07305e+07
1.16037e+08 1.07305e+07
1.16037e+08 1.07305e+07
1.16049e+08 1.0697e+07
1.16049e+08 1.0697e+07
1.16082e+08 1.07194e+07
1.16082e+08 1.07082e+07
1.27319e+08 1.14272e+07
1.2733e+08 1.14384e+07
1.27353e+08 1.14607e+07
1.27353e+08 1.14607e+07
1.27364e+08 1.14719e+07
1.27364e+08 1.14719e+07
1.27364e+08 1.14719e+07
1.27364e+08 1.14719e+07
1.27386e+08 1.14831e+07
1.2742e+08 1.14943e+07
1.2742e+08 1.14943e+07
1.27487e+08 1.14496e+07
1.27487e+08 1.14496e+07
1.27487e+08 1.14496e+07
1.27487e+08 1.14384e+07
1.27487e+08 1.14384e+07
1.27532e+08 1.14496e+07
1.27532e+08 1.14496e+07
1.27554e+08 1.14719e+07
1.39178e+08 1.18584e+07
1.39211e+08 1.18807e+07
1.39222e+08 1.18695e+07
1.39222e+08 1.18695e+07
1.39368e+08 1.20036e+07
1.39368e+08 1.20036e+07
1.39368e+08 1.20036e+07
1.39368e+08 1.20036e+07
1.3939e+08 1.20036e+07
1.39435e+08 1.20148e+07
1.39435e+08 1.20148e+07
1.39435e+08 1.19478e+07
1.39446e+08 1.1959e+07
1.39446e+08 1.1959e+07
1.39457e+08 1.19701e+07
1.39457e+08 1.19701e+07
1.39468e+08 1.19366e+07
1.39468e+08 1.19366e+07
1.39468e+08 1.19366e+07
1.39558e+08 1.20036e+07
1.51814e+08 1.26364e+07
1.5187e+08 1.26588e+07
1.51903e+08 1.26812e+07
1.51903e+08 1.26812e+07
1.51937e+08 1.25694e+07
1.51959e+08 1.25917e+07
1.51959e+08 1.25917e+07
1.5206e+08 1.26924e+07
1.52082e+08 1.26924e+07
1.52205e+08 1.27706e+07
1.52205e+08 1.27706e+07
1.52239e+08 1.28041e+07
1.5225e+08 1.28041e+07
1.5225e+08 1.28041e+07
1.52306e+08 1.28488e+07
1.52306e+08 1.28488e+07
1.52306e+08 1.28376e+07
1.52306e+08 1.28376e+07
1.52306e+08 1.28376e+07
1.52306e+08 1.27482e+07
1.52306e+08 1.27482e+07
1.64923e+08 1.31094e+07
1.64957e+08 1.3087e+07
1.64957e+08 1.30535e+07
1.64957e+08 1.30535e+07
1.64957e+08 1.30199e+07
1.64957e+08 1.29976e+07
1.65024e+08 1.30647e+07
1.65192e+08 1.31318e+07
1.65225e+08 1.31429e+07
1.65248e+08 1.30423e+07
1.65248e+08 1.30423e+07
1.65292e+08 1.30535e+07
1.65292e+08 1.30423e+07
1.65292e+08 1.30423e+07
1.65292e+08 1.29864e+07
1.65292e+08 1.29864e+07
1.65292e+08 1.29864e+07
1.65292e+08 1.29864e+07
1.65292e+08 1.29864e+07
1.65292e+08 1.29864e+07
1.65292e+08 1.29864e+07
1.65292e+08 1.29864e+07
1.77985e+08 1.3062e+07
1.7803e+08 1.30732e+07
1.7803e+08 1.30732e+07
1.7803e+08 1.30732e+07
1.78041e+08 1.30843e+07
1.78052e+08 1.30955e+07
1.7812e+08 1.30956e+07
1.78164e+08 1.29726e+07
1.78164e+08 1.2939e+07
1.78164e+08 1.29167e+07
1.78164e+08 1.29167e+07
1.78198e+08 1.29055e+07
1.78254e+08 1.29614e+07
1.78254e+08 1.29614e+07
1.78254e+08 1.29614e+07
1.78254e+08 1.29614e+07
1.78254e+08 1.29614e+07
1.78254e+08 1.29614e+07
1.78254e+08 1.29614e+07
1.78299e+08 1.30061e+07
1.78299e+08 1.30061e+07
1.78299e+08 1.30061e+07
1.91803e+08 1.38178e+07
1.91814e+08 1.3829e+07
1.91893e+08 1.38625e+07
1.91893e+08 1.38625e+07
1.91893e+08 1.38625e+07
1.91893e+08 1.38513e+07
1.91937e+08 1.38849e+07
1.92005e+08 1.38849e+07
1.92094e+08 1.39296e+07
1.92094e+08 1.39296e+07
1.92116e+08 1.3952e+07
1.92116e+08 1.3952e+07
1.92116e+08 1.39185e+07
1.92116e+08 1.38626e+07
1.92116e+08 1.38626e+07
1.92116e+08 1.38626e+07
1.92128e+08 1.38738e+07
1.92128e+08 1.38738e+07
1.92128e+08 1.38738e+07
1.92128e+08 1.38738e+07
1.92139e+08 1.38402e+07
1.92139e+08 1.38402e+07
1.92139e+08 1.38402e+07
2.06306e+08 1.45034e+07
2.06306e+08 1.44922e+07
2.06306e+08 1.44922e+07
2.06329e+08 1.44363e+07
2.06329e+08 1.44363e+07
2.06329e+08 1.44363e+07
2.06351e+08 1.44587e+07
2.06385e+08 1.44475e+07
2.06486e+08 1.4481e+07
2.06553e+08 1.44586e+07
2.06553e+08 1.44586e+07
2.06597e+08 1.4481e+07
2.06597e+08 1.4481e+07
2.06597e+08 1.4481e+07
2.06597e+08 1.4481e+07
2.06597e+08 1.4481e+07
2.06597e+08 1.4481e+07
2.06598e+08 1.44699e+07
2.06598e+08 1.44699e+07
2.06598e+08 1.44699e+07
2.06609e+08 1.44811e+07
2.06631e+08 1.44922e+07
2.06642e+08 1.45034e+07
2.06642e+08 1.45034e+07
2.21343e+08 1.50365e+07
2.21343e+08 1.50365e+07
2.21343e+08 1.50365e+07
2.21343e+08 1.50141e+07
2.21343e+08 1.50141e+07
2.21343e+08 1.50141e+07
2.21343e+08 1.50141e+07
2.21354e+08 1.5003e+07
2.21354e+08 1.49694e+07
2.21489e+08 1.5003e+07
2.21489e+08 1.49359e+07
2.215e+08 1.49471e+07
2.21556e+08 1.49583e+07
2.21556e+08 1.49583e+07
2.21567e+08 1.49695e+07
2.21567e+08 1.49695e+07
2.21634e+08 1.50366e+07
2.21634e+08 1.50366e+07
2.21645e+08 1.50478e+07
2.21645e+08 1.50478e+07
2.21645e+08 1.50478e+07
2.21656e+08 1.50478e+07
2.21656e+08 1.50254e+07
2.21657e+08 1.50142e+07
2.21679e+08 1.50366e+07
2.36988e+08 1.56451e+07
2.36999e+08 1.56562e+07
2.36999e+08 1.56562e+07
2.3701e+08 1.56674e+07
2.37022e+08 1.56786e+07
2.37022e+08 1.56786e+07
2.37033e+08 1.56898e+07
2.37033e+08 1.56898e+07
2.37033e+08 1.56785e+07
2.37033e+08 1.56785e+07
2.37145e+08 1.56563e+07
2.37145e+08 1.56562e+07
2.37145e+08 1.56451e+07
2.37212e+08 1.56562e+07
2.37223e+08 1.56675e+07
2.37257e+08 1.56899e+07
2.3729e+08 1.57234e+07
2.3729e+08 1.56563e+07
2.3729e+08 1.56563e+07
2.37313e+08 1.56674e+07
2.37313e+08 1.56675e+07
2.37324e+08 1.56787e+07
2.37335e+08 1.56787e+07
2.37335e+08 1.56787e+07
2.37346e+08 1.56899e+07
2.37346e+08 1.56675e+07
2.53276e+08 1.62877e+07
2.53276e+08 1.62765e+07
2.53276e+08 1.62765e+07
2.53276e+08 1.62654e+07
2.53276e+08 1.62542e+07
2.53276e+08 1.62542e+07
2.53287e+08 1.62542e+07
2.53287e+08 1.62542e+07
2.53287e+08 1.62542e+07
2.53287e+08 1.62542e+07
2.53287e+08 1.62542e+07
2.53444e+08 1.6299e+07
2.53444e+08 1.6299e+07
2.53444e+08 1.6299e+07
2.53489e+08 1.62766e+07
2.53511e+08 1.62878e+07
2.53533e+08 1.62766e+07
2.536e+08 1.63101e+07
2.536e+08 1.63102e+07
2.53612e+08 1.63213e+07
2.53623e+08 1.63102e+07
2.53656e+08 1.63437e+07
2.53679e+08 1.63548e+07
2.53679e+08 1.63436e+07
2.53679e+08 1.63436e+07
2.53679e+08 1.63324e+07
2.5369e+08 1.63436e+07
2.70177e+08 1.69015e+07
2.70177e+08 1.69015e+07
2.70177e+08 1.69015e+07
2.70177e+08 1.69015e+07
2.70177e+08 1.69016e+07
2.70189e+08 1.69127e+07
2.70189e+08 1.69016e+07
2.70189e+08 1.69016e+07
2.702e+08 1.69128e+07
2.70211e+08 1.69239e+07
2.70222e+08 1.69351e+07
2.70233e+08 1.69463e+07
2.70435e+08 1.69911e+07
2.70435e+08 1.69911e+07
2.70446e+08 1.70023e+07
2.70468e+08 1.69799e+07
2.70513e+08 1.70023e+07
2.70536e+08 1.70023e+07
2.70569e+08 1.69687e+07
2.70569e+08 1.69687e+07
2.70569e+08 1.69575e+07
2.70569e+08 1.69463e+07
2.70569e+08 1.69128e+07
2.70569e+08 1.68904e+07
2.70569e+08 1.68904e+07
2.70569e+08 1.68904e+07
2.70569e+08 1.68904e+07
2.70569e+08 1.68792e+07
2.87697e+08 1.75197e+07
2.87697e+08 1.75197e+07
2.87697e+08 1.75197e+07
2.87708e+08 1.75309e+07
2.87764e+08 1.75868e+07
2.87764e+08 1.75756e+07
2.87764e+08 1.75756e+07
2.87764e+08 1.75756e+07
2.87764e+08 1.75644e+07
2.87764e+08 1.75532e+07
2.87764e+08 1.75532e+07
2.87764e+08 1.75421e+07
2.87764e+08 1.75309e+07
2.87899e+08 1.7464e+07
2.87899e+08 1.7464e+07
2.87899e+08 1.74528e+07
2.87921e+08 1.74527e+07
2.87955e+08 1.74415e+07
2.87955e+08 1.74192e+07
2.87966e+08 1.73968e+07
2.87966e+08 1.73968e+07
2.87966e+08 1.73968e+07
2.87966e+08 1.73968e+07
2.87966e+08 1.73968e+07
2.87966e+08 1.73968e+07
2.87966e+08 1.73968e+07
2.87966e+08 1.73968e+07
2.87966e+08 1.73968e+07
2.87966e+08 1.73968e+07
3.05719e+08 1.80217e+07
3.05719e+08 1.80217e+07
3.05719e+08 1.80217e+07
3.05719e+08 1.80105e+07
3.05719e+08 1.79546e+07
3.05719e+08 1.79546e+07
3.05719e+08 1.79546e+07
3.05719e+08 1.79546e+07
3.0573e+08 1.79658e+07
3.0573e+08 1.79658e+07
3.0573e+08 1.79658e+07
3.05741e+08 1.7977e+07
3.05741e+08 1.7977e+07
3.05741e+08 1.79771e+07
3.05831e+08 1.79323e+07
3.05831e+08 1.79323e+07
3.05854e+08 1.79547e+07
3.05854e+08 1.79323e+07
3.05898e+08 1.79435e+07
3.05898e+08 1.79435e+07
3.05898e+08 1.79323e+07
3.05898e+08 1.79323e+07
3.05898e+08 1.79323e+07
3.05898e+08 1.79323e+07
3.05898e+08 1.79323e+07
3.05898e+08 1.79323e+07
3.05898e+08 1.79323e+07
3.05898e+08 1.79323e+07
3.05921e+08 1.79547e+07
3.05921e+08 1.79547e+07
3.24214e+08 1.84958e+07
3.24214e+08 1.84958e+07
3.24215e+08 1.84958e+07
3.24215e+08 1.84958e+07
3.24237e+08 1.85182e+07
3.24248e+08 1.85294e+07
3.24248e+08 1.85294e+07
3.24248e+08 1.85294e+07
3.24259e+08 1.85295e+07
3.24259e+08 1.85295e+07
3.24259e+08 1.85295e+07
3.24271e+08 1.85295e+07
3.24271e+08 1.85295e+07
3.24271e+08 1.85296e+07
3.24282e+08 1.85408e+07
3.24361e+08 1.85294e+07
3.24417e+08 1.85854e+07
3.24417e+08 1.8563e+07
3.24417e+08 1.8563e+07
3.24417e+08 1.85183e+07
3.24417e+08 1.85183e+07
3.24417e+08 1.85183e+07
3.24417e+08 1.85183e+07
3.24417e+08 1.85183e+07
3.24417e+08 1.85183e+07
3.24417e+08 1.85183e+07
3.24417e+08 1.85183e+07
3.24417e+08 1.85183e+07
3.24417e+08 1.85183e+07
3.24417e+08 1.84959e+07
3.24417e+08 1.84959e+07
3.43413e+08 1.91982e+07
3.43413e+08 1.91982e+07
3.43446e+08 1.92317e+07
3.43446e+08 1.92318e+07
3.43469e+08 1.92318e+07
3.43469e+08 1.92206e+07
3.43469e+08 1.92206e+07
3.43469e+08 1.92206e+07
3.4348e+08 1.92206e+07
3.43491e+08 1.92318e+07
3.43491e+08 1.92318e+07
3.43502e+08 1.92318e+07
3.43502e+08 1.92318e+07
3.43503e+08 1.92318e+07
3.43503e+08 1.92318e+07
3.43514e+08 1.92319e+07
3.43615e+08 1.92542e+07
3.43648e+08 1.92318e+07
3.43648e+08 1.92318e+07
3.43648e+08 1.92318e+07
3.43648e+08 1.92318e+07
3.43648e+08 1.92318e+07
3.43648e+08 1.92318e+07
3.43648e+08 1.92318e+07
3.43648e+08 1.92318e+07
3.43648e+08 1.92318e+07
3.43648e+08 1.92318e+07
3.43648e+08 1.92318e+07
3.43648e+08 1.92318e+07
3.43648e+08 1.92318e+07
3.43648e+08 1.92318e+07
3.43648e+08 1.92318e+07
3.63073e+08 1.966e+07
3.63095e+08 1.96824e+07
3.63129e+08 1.96824e+07
3.63129e+08 1.96823e+07
3.63151e+08 1.96823e+07
3.63151e+08 1.96824e+07
3.63151e+08 1.96824e+07
3.63173e+08 1.97047e+07
3.63207e+08 1.97271e+07
3.63207e+08 1.97159e+07
3.63207e+08 1.97159e+07
3.63207e+08 1.97047e+07
3.63207e+08 1.97047e+07
3.6323e+08 1.97271e+07
3.6323e+08 1.9727e+07
3.63286e+08 1.97718e+07
3.63286e+08 1.97718e+07
3.63454e+08 1.98389e+07
3.63465e+08 1.98166e+07
3.63465e+08 1.98166e+07
3.63476e+08 1.98278e+07
3.63476e+08 1.98278e+07
3.63476e+08 1.98278e+07
3.63476e+08 1.98278e+07
3.63476e+08 1.98278e+07
3.63476e+08 1.98278e+07
3.63476e+08 1.98278e+07
3.63476e+08 1.98278e+07
3.63476e+08 1.98278e+07
3.63476e+08 1.98278e+07
3.63476e+08 1.98278e+07
3.63476e+08 1.98278e+07
3.63476e+08 1.98278e+07
3.83407e+08 2.03342e+07
3.83418e+08 2.0323e+07
3.83418e+08 2.02895e+07
3.83418e+08 2.02895e+07
3.83485e+08 2.03342e+07
3.83519e+08 2.03677e+07
3.83519e+08 2.03677e+07
3.8353e+08 2.03566e+07
3.83541e+08 2.03342e+07
3.83541e+08 2.03342e+07
3.83564e+08 2.03566e+07
3.83564e+08 2.03566e+07
3.83575e+08 2.03677e+07
3.83631e+08 2.04012e+07
3.83631e+08 2.04012e+07
3.83709e+08 2.04235e+07
3.83709e+08 2.04236e+07
3.83709e+08 2.04236e+07
3.83877e+08 2.04236e+07
3.839e+08 2.04347e+07
3.839e+08 2.04347e+07
3.839e+08 2.04236e+07
3.839e+08 2.04236e+07
3.839e+08 2.04236e+07
3.839e+08 2.04236e+07
3.839e+08 2.04236e+07
3.839e+08 2.04236e+07
3.839e+08 2.04236e+07
3.839e+08 2.04236e+07
3.839e+08 2.04236e+07
3.839e+08 2.04236e+07
3.839e+08 2.04236e+07
3.839e+08 2.04236e+07
3.839e+08 2.04235e+07
4.04142e+08 2.07356e+07
4.04176e+08 2.0758e+07
4.04198e+08 2.07804e+07
4.04198e+08 2.07804e+07
4.04254e+08 2.07692e+07
4.04299e+08 2.07805e+07
4.04299e+08 2.07806e+07
4.04299e+08 2.07694e+07
4.04333e+08 2.07917e+07
4.04355e+08 2.08141e+07
4.04355e+08 2.07917e+07
4.04355e+08 2.07917e+07
4.04355e+08 2.07805e+07
4.04367e+08 2.07357e+07
4.04378e+08 2.07469e+07
4.04501e+08 2.07916e+07
4.04501e+08 2.07916e+07
4.04546e+08 2.08363e+07
4.04702e+08 2.08251e+07
4.04702e+08 2.08251e+07
4.04702e+08 2.08027e+07
4.04747e+08 2.08475e+07
4.04747e+08 2.08475e+07
4.04747e+08 2.08475e+07
4.04747e+08 2.08475e+07
4.04803e+08 2.09034e+07
4.04803e+08 2.09034e+07
4.04803e+08 2.09034e+07
4.04814e+08 2.09145e+07
4.04814e+08 2.09145e+07
4.04814e+08 2.09145e+07
4.04825e+08 2.09257e+07
4.04825e+08 2.09257e+07
4.04825e+08 2.09257e+07
4.04825e+08 2.09257e+07
4.25752e+08 2.16099e+07
4.25764e+08 2.15875e+07
4.25786e+08 2.15875e+07
4.25808e+08 2.16099e+07
4.25831e+08 2.15763e+07
4.25943e+08 2.16435e+07
4.25988e+08 2.16881e+07
4.25988e+08 2.16881e+07
4.25988e+08 2.16546e+07
4.25988e+08 2.16322e+07
4.25988e+08 2.16322e+07
4.25988e+08 2.16322e+07
4.25988e+08 2.16322e+07
4.25988e+08 2.16211e+07
4.25988e+08 2.16099e+07
4.26111e+08 2.16099e+07
4.26111e+08 2.16099e+07
4.26167e+08 2.1621e+07
4.26256e+08 2.1554e+07
4.26256e+08 2.1554e+07
4.26256e+08 2.1554e+07
4.26279e+08 2.15763e+07
4.26312e+08 2.15651e+07
4.26323e+08 2.15763e+07
4.26379e+08 2.16322e+07
4.2639e+08 2.16434e+07
4.26413e+08 2.16099e+07
4.26413e+08 2.16099e+07
4.26413e+08 2.16099e+07
4.26413e+08 2.15987e+07
4.26413e+08 2.15987e+07
4.26413e+08 2.15987e+07
4.26424e+08 2.15987e+07
4.26458e+08 2.16323e+07
4.2648e+08 2.16546e+07
4.2648e+08 2.16546e+07
4.47884e+08 2.21315e+07
4.47917e+08 2.21539e+07
4.47951e+08 2.21651e+07
4.47985e+08 2.21763e+07
4.48007e+08 2.21763e+07
4.48063e+08 2.21205e+07
4.48097e+08 2.21093e+07
4.48097e+08 2.21093e+07
4.48097e+08 2.21093e+07
4.48097e+08 2.21093e+07
4.48108e+08 2.21205e+07
4.48108e+08 2.21205e+07
4.48108e+08 2.21205e+07
4.48108e+08 2.21205e+07
4.48108e+08 2.21205e+07
4.48265e+08 2.2154e+07
4.48287e+08 2.21763e+07
4.4831e+08 2.21428e+07
4.48343e+08 2.20869e+07
4.48366e+08 2.21093e+07
4.48399e+08 2.21428e+07
4.48399e+08 2.21205e+07
4.48399e+08 2.21205e+07
4.48399e+08 2.2087e+07
4.4841e+08 2.2087e+07
4.4841e+08 2.20311e+07
4.4841e+08 2.20199e+07
4.48422e+08 2.20087e+07
4.48422e+08 2.20087e+07
4.48422e+08 2.20087e+07
4.48433e+08 2.20199e+07
4.48466e+08 2.20534e+07
4.48478e+08 2.20646e+07
4.48478e+08 2.20534e+07
4.48511e+08 2.20534e+07
4.48511e+08 2.20311e+07
4.48511e+08 2.20311e+07
4.70742e+08 2.28585e+07
4.70776e+08 2.28585e+07
4.70776e+08 2.28249e+07
4.70832e+08 2.28473e+07
4.70843e+08 2.28361e+07
4.70933e+08 2.28697e+07
4.70933e+08 2.28362e+07
4.70933e+08 2.28362e+07
4.70933e+08 2.28362e+07
4.70933e+08 2.28362e+07
4.70933e+08 2.2825e+07
4.70933e+08 2.2825e+07
4.70933e+08 2.2825e+07
4.70944e+08 2.28362e+07
4.70944e+08 2.28362e+07
4.71146e+08 2.28809e+07
4.71146e+08 2.28585e+07
4.71146e+08 2.28362e+07
4.71191e+08 2.28474e+07
4.71202e+08 2.28362e+07
4.71224e+08 2.2825e+07
4.71224e+08 2.2825e+07
4.71224e+08 2.2825e+07
4.71235e+08 2.28362e+07
4.71247e+08 2.28474e+07
4.71258e+08 2.28474e+07
4.7128e+08 2.28697e+07
4.71291e+08 2.28809e+07
4.71291e+08 2.28697e+07
4.71291e+08 2.28697e+07
4.71291e+08 2.28697e+07
4.71303e+08 2.28697e+07
4.71303e+08 2.28362e+07
4.71303e+08 2.2825e+07
4.71303e+08 2.2825e+07
4.71314e+08 2.28026e+07
4.71314e+08 2.28026e+07
4.71314e+08 2.28026e+07
4.94058e+08 2.33159e+07
4.94126e+08 2.33495e+07
4.94126e+08 2.33495e+07
4.94148e+08 2.33159e+07
4.94159e+08 2.3316e+07
4.94283e+08 2.33496e+07
4.94283e+08 2.33496e+07
4.94283e+08 2.33496e+07
4.94305e+08 2.33719e+07
4.94305e+08 2.3372e+07
4.94305e+08 2.33719e+07
4.9435e+08 2.34167e+07
4.9435e+08 2.34167e+07
4.9435e+08 2.34055e+07
4.94361e+08 2.34167e+07
4.94473e+08 2.33273e+07
4.94473e+08 2.33273e+07
4.94484e+08 2.33385e+07
4.94529e+08 2.33384e+07
4.94529e+08 2.33272e+07
4.94529e+08 2.33048e+07
4.94563e+08 2.33383e+07
4.94563e+08 2.33383e+07
4.94563e+08 2.33272e+07
4.94563e+08 2.33272e+07
4.94563e+08 2.3316e+07
4.94563e+08 2.33048e+07
4.94563e+08 2.32825e+07
4.94574e+08 2.32825e+07
4.94574e+08 2.32825e+07
4.94574e+08 2.32824e+07
4.94574e+08 2.32824e+07
4.94574e+08 2.32713e+07
4.94574e+08 2.32713e+07
4.94596e+08 2.32936e+07
4.94619e+08 2.3316e+07
4.94641e+08 2.33271e+07
4.94641e+08 2.33272e+07
4.94652e+08 2.33384e+07
5.17789e+08 2.3731e+07
5.17834e+08 2.37086e+07
5.17845e+08 2.37198e+07
5.17868e+08 2.37198e+07
5.17946e+08 2.37869e+07
5.18215e+08 2.39322e+07
5.18215e+08 2.39322e+07
5.18215e+08 2.39322e+07
5.18226e+08 2.39211e+07
5.18226e+08 2.39211e+07
5.18226e+08 2.39211e+07
5.18282e+08 2.39323e+07
5.18282e+08 2.39323e+07
5.18293e+08 2.39435e+07
5.18316e+08 2.39546e+07
5.18428e+08 2.39546e+07
5.18428e+08 2.39546e+07
5.18439e+08 2.39546e+07
5.1845e+08 2.3921e+07
5.18461e+08 2.39322e+07
5.18461e+08 2.39322e+07
5.18461e+08 2.38986e+07
5.18461e+08 2.38986e+07
5.18461e+08 2.38986e+07
5.18461e+08 2.38986e+07
5.18461e+08 2.38986e+07
5.18461e+08 2.38986e+07
5.18461e+08 2.38987e+07
5.18461e+08 2.38987e+07
5.18461e+08 2.38875e+07
5.18484e+08 2.39099e+07
5.18484e+08 2.39099e+07
5.18484e+08 2.39099e+07
5.18484e+08 2.39099e+07
5.18484e+08 2.39099e+07
5.18484e+08 2.38875e+07
5.18506e+08 2.38875e+07
5.18517e+08 2.38763e+07
5.18528e+08 2.38875e+07
5.18528e+08 2.38763e+07
5.42086e+08 2.42969e+07
5.42165e+08 2.43305e+07
5.42165e+08 2.43193e+07
5.42209e+08 2.43417e+07
5.42288e+08 2.43416e+07
5.42668e+08 2.44535e+07
5.42668e+08 2.44535e+07
5.4268e+08 2.44647e+07
5.42713e+08 2.44871e+07
5.42713e+08 2.44871e+07
5.42713e+08 2.44871e+07
5.42736e+08 2.44536e+07
5.42747e+08 2.44648e+07
5.42747e+08 2.44536e+07
5.42792e+08 2.4476e+07
5.42848e+08 2.442e+07
5.42848e+08 2.442e+07
5.42859e+08 2.442e+07
5.42881e+08 2.44311e+07
5.42881e+08 2.442e+07
5.42881e+08 2.442e+07
5.42881e+08 2.442e+07
5.42881e+08 2.442e+07
5.42881e+08 2.442e+07
5.42881e+08 2.442e+07
5.42881e+08 2.442e+07
5.42881e+08 2.442e+07
5.42892e+08 2.44312e+07
5.42915e+08 2.44535e+07
5.42915e+08 2.44535e+07
5.42915e+08 2.44535e+07
5.42926e+08 2.44423e+07
5.42926e+08 2.44423e+07
5.42926e+08 2.44423e+07
5.42926e+08 2.44423e+07
5.42926e+08 2.44423e+07
5.42926e+08 2.44423e+07
5.42926e+08 2.442e+07
5.42926e+08 2.44088e+07
5.42926e+08 2.43976e+07
5.42937e+08 2.44088e+07
5.67054e+08 2.49676e+07
5.67076e+08 2.49117e+07
5.67076e+08 2.49117e+07
5.67132e+08 2.49229e+07
5.67155e+08 2.4867e+07
5.67636e+08 2.49675e+07
5.67647e+08 2.49787e+07
5.67647e+08 2.49676e+07
5.6767e+08 2.49564e+07
5.6767e+08 2.49564e+07
5.67714e+08 2.50011e+07
5.6777e+08 2.50348e+07
5.6777e+08 2.50236e+07
5.67782e+08 2.50348e+07
5.67871e+08 2.50795e+07
5.67893e+08 2.50459e+07
5.67893e+08 2.50459e+07
5.67894e+08 2.50348e+07
5.67894e+08 2.50124e+07
5.67894e+08 2.50124e+07
5.67894e+08 2.50124e+07
5.67894e+08 2.50124e+07
5.67905e+08 2.50236e+07
5.67905e+08 2.50236e+07
5.67927e+08 2.50459e+07
5.67927e+08 2.50459e+07
5.67927e+08 2.50459e+07
5.67927e+08 2.50347e+07
5.67927e+08 2.50124e+07
5.67927e+08 2.50124e+07
5.67927e+08 2.50124e+07
5.67927e+08 2.50124e+07
5.67927e+08 2.50012e+07
5.67927e+08 2.50012e+07
5.67927e+08 2.50012e+07
5.67927e+08 2.50012e+07
5.67938e+08 2.50124e+07
5.67938e+08 2.50124e+07
5.67938e+08 2.50124e+07
5.67972e+08 2.50459e+07
5.67972e+08 2.50459e+07
5.67994e+08 2.50571e+07
5.92807e+08 2.57528e+07
5.92851e+08 2.57751e+07
5.92851e+08 2.57751e+07
5.92874e+08 2.57416e+07
5.92896e+08 2.57416e+07
5.93355e+08 2.57193e+07
5.93366e+08 2.57193e+07
5.93434e+08 2.57864e+07
5.93467e+08 2.57976e+07
5.93478e+08 2.58088e+07
5.93501e+08 2.57864e+07
5.93579e+08 2.58087e+07
5.93579e+08 2.58087e+07
5.93579e+08 2.57976e+07
5.9368e+08 2.58087e+07
5.9368e+08 2.57864e+07
5.9368e+08 2.57864e+07
5.9368e+08 2.57864e+07
5.9368e+08 2.57863e+07
5.9368e+08 2.57863e+07
5.9368e+08 2.57863e+07
5.9368e+08 2.57863e+07
5.9368e+08 2.57752e+07
5.9368e+08 2.57752e+07
5.9368e+08 2.57528e+07
5.9368e+08 2.57528e+07
5.9368e+08 2.57528e+07
5.9368e+08 2.57528e+07
5.9368e+08 2.57528e+07
5.9368e+08 2.57528e+07
5.9368e+08 2.57528e+07
5.9368e+08 2.57528e+07
5.9368e+08 2.57528e+07
5.9368e+08 2.57528e+07
5.9368e+08 2.57528e+07
5.9368e+08 2.57528e+07
5.9368e+08 2.57528e+07
5.9368e+08 2.57416e+07
5.9368e+08 2.57416e+07
5.9368e+08 2.57417e+07
5.93859e+08 2.58871e+07
5.93859e+08 2.58871e+07
5.93859e+08 2.58647e+07
6.18919e+08 2.61127e+07
6.18919e+08 2.6068e+07
6.18919e+08 2.6068e+07
6.18919e+08 2.60456e+07
6.18975e+08 2.60792e+07
6.19446e+08 2.60905e+07
6.19479e+08 2.61129e+07
6.19546e+08 2.61129e+07
6.19591e+08 2.61241e+07
6.19602e+08 2.61241e+07
6.19658e+08 2.61576e+07
6.19748e+08 2.61687e+07
6.19748e+08 2.61687e+07
6.19748e+08 2.61686e+07
6.19748e+08 2.6068e+07
6.19748e+08 2.6068e+07
6.19748e+08 2.6068e+07
6.19748e+08 2.6068e+07
6.19748e+08 2.6068e+07
6.19748e+08 2.6068e+07
6.19759e+08 2.60792e+07
6.19759e+08 2.60792e+07
6.19759e+08 2.60792e+07
6.19782e+08 2.61016e+07
6.19782e+08 2.61016e+07
6.19782e+08 2.61016e+07
6.19782e+08 2.61016e+07
6.19782e+08 2.61016e+07
6.19782e+08 2.61016e+07
6.19782e+08 2.61016e+07
6.19793e+08 2.61128e+07
6.19793e+08 2.61128e+07
6.19793e+08 2.61128e+07
6.19793e+08 2.61128e+07
6.19793e+08 2.61128e+07
6.19804e+08 2.6124e+07
6.19849e+08 2.61687e+07
6.19849e+08 2.61687e+07
6.19871e+08 2.61911e+07
6.19871e+08 2.61911e+07
6.19882e+08 2.62022e+07
6.19894e+08 2.60345e+07
6.19894e+08 2.60345e+07
6.19894e+08 2.60345e+07
6.22358e+08 3.4389e+06
6.22358e+08 3.43891e+06
6.22358e+08 3.43893e+06
