4.18834e+06 4.1881e+06
8.29219e+06 4.10385e+06
8.29219e+06 4.10386e+06
1.00097e+07 1.71755e+06
1.00097e+07 1.71755e+06
1.16537e+07 1.64393e+06
1.16537e+07 1.64393e+06
1.16537e+07 1.64393e+06
1.51653e+07 3.51165e+06
1.51653e+07 3.51165e+06
1.51653e+07 3.51165e+06
1.51653e+07 3.51165e+06
1.81136e+07 2.94825e+06
1.81136e+07 2.94825e+06
1.81136e+07 2.94825e+06
1.81136e+07 2.94826e+06
1.81136e+07 2.94827e+06
2.21686e+07 4.05508e+06
2.22134e+07 4.09979e+06
2.22134e+07 4.09979e+06
2.22246e+07 4.11097e+06
2.22246e+07 4.11097e+06
2.22246e+07 4.11098e+06
2.66232e+07 4.45451e+06
2.66232e+07 4.4098e+06
2.66232e+07 4.4098e+06
2.66455e+07 4.42097e+06
2.66456e+07 4.42097e+06
2.66456e+07 4.42097e+06
2.66456e+07 4.42098e+06
3.11419e+07 4.51873e+06
3.11419e+07 4.51874e+06
3.11419e+07 4.51874e+06
3.11531e+07 4.50757e+06
3.11531e+07 4.50757e+06
3.11531e+07 4.50757e+06
3.11531e+07 4.50757e+06
3.62745e+07 5.13259e+06
3.62857e+07 5.14381e+06
3.62857e+07 5.14382e+06
3.62857e+07 5.14382e+06
3.62858e+07 5.13264e+06
3.62858e+07 5.13264e+06
3.62858e+07 5.13264e+06
3.62858e+07 5.13264e+06
4.21703e+07 5.89586e+06
4.21704e+07 5.88468e+06
4.21704e+07 5.88469e+06
4.21704e+07 5.88467e+06
4.21704e+07 5.88467e+06
4.21704e+07 5.88465e+06
4.21704e+07 5.88465e+06
4.21704e+07 5.88465e+06
4.21704e+07 5.88465e+06
4.83744e+07 6.20411e+06
4.83969e+07 6.22648e+06
4.83969e+07 6.22648e+06
4.84192e+07 6.24883e+06
4.84304e+07 6.26001e+06
4.84304e+07 6.26001e+06
4.84304e+07 6.26001e+06
4.84304e+07 6.26001e+06
4.84304e+07 6.26001e+06
4.84304e+07 6.26001e+06
5.53855e+07 7.01104e+06
5.54974e+07 7.10053e+06
5.55087e+07 7.11183e+06
5.55087e+07 7.0895e+06
5.55088e+07 7.07837e+06
5.55312e+07 7.10075e+06
5.55535e+07 7.12311e+06
5.55647e+07 7.1343e+06
5.55983e+07 7.16783e+06
5.56206e+07 7.19021e+06
5.5643e+07 7.21257e+06
6.28134e+07 7.42796e+06
6.28805e+07 7.38316e+06
6.28918e+07 7.38309e+06
6.29253e+07 7.41661e+06
6.29589e+07 7.45011e+06
6.29924e+07 7.46126e+06
6.30036e+07 7.45008e+06
6.30148e+07 7.46127e+06
6.30148e+07 7.45008e+06
6.30372e+07 7.43891e+06
6.30596e+07 7.43891e+06
6.30596e+07 7.41656e+06
7.08272e+07 8.01379e+06
7.09614e+07 8.08082e+06
7.11627e+07 8.27096e+06
7.12299e+07 8.30455e+06
7.12411e+07 8.28219e+06
7.12523e+07 8.25987e+06
7.13417e+07 8.33812e+06
7.13418e+07 8.32697e+06
7.13418e+07 8.32699e+06
7.13418e+07 8.32703e+06
7.13418e+07 8.30468e+06
7.13642e+07 8.30465e+06
7.13642e+07 8.30465e+06
7.95318e+07 8.70456e+06
7.95542e+07 8.59279e+06
7.98113e+07 8.64857e+06
7.98225e+07 8.59263e+06
7.98225e+07 8.58145e+06
7.98672e+07 8.61496e+06
7.98896e+07 8.5479e+06
7.9912e+07 8.57023e+06
7.99232e+07 8.58139e+06
7.99344e+07 8.59258e+06
7.99791e+07 8.63724e+06
8.00014e+07 8.65959e+06
8.00015e+07 8.63724e+06
8.00015e+07 8.63724e+06
8.8856e+07 9.32416e+06
8.8856e+07 9.30181e+06
8.88784e+07 9.06713e+06
8.88896e+07 9.06711e+06
8.88896e+07 9.06713e+06
8.8912e+07 9.04476e+06
8.89232e+07 9.03358e+06
8.89232e+07 9.01122e+06
8.89344e+07 9.01122e+06
8.89344e+07 9.00004e+06
8.90797e+07 9.10067e+06
8.91021e+07 9.12304e+06
8.91692e+07 9.16776e+06
8.92139e+07 9.21249e+06
8.92139e+07 9.21249e+06
9.87865e+07 9.93056e+06
9.87865e+07 9.93056e+06
9.87977e+07 9.91931e+06
9.87978e+07 9.90813e+06
9.87978e+07 9.90814e+06
9.87978e+07 9.88579e+06
9.8809e+07 9.88579e+06
9.8809e+07 9.88579e+06
9.8809e+07 9.87461e+06
9.88202e+07 9.88581e+06
9.88649e+07 9.78519e+06
9.88873e+07 9.7852e+06
9.88873e+07 9.7852e+06
9.88873e+07 9.71813e+06
9.88874e+07 9.67342e+06
9.88874e+07 9.67342e+06
1.08938e+08 1.01512e+07
1.08938e+08 1.01512e+07
1.08949e+08 1.01512e+07
1.08971e+08 1.01735e+07
1.09005e+08 1.02071e+07
1.09005e+08 1.02071e+07
1.09005e+08 1.01959e+07
1.09038e+08 1.02294e+07
1.09072e+08 1.0263e+07
1.09117e+08 1.02966e+07
1.09117e+08 1.02518e+07
1.09117e+08 1.02295e+07
1.09117e+08 1.02295e+07
1.09117e+08 1.02295e+07
1.09117e+08 1.02295e+07
1.09117e+08 1.02295e+07
1.09117e+08 1.02295e+07
1.19991e+08 1.10534e+07
1.19991e+08 1.10535e+07
1.19991e+08 1.10423e+07
1.19991e+08 1.10199e+07
1.20002e+08 1.09975e+07
1.20002e+08 1.09975e+07
1.20002e+08 1.09975e+07
1.20002e+08 1.0964e+07
1.20036e+08 1.0964e+07
1.20047e+08 1.09305e+07
1.20047e+08 1.09305e+07
1.20126e+08 1.10087e+07
1.20137e+08 1.10199e+07
1.20137e+08 1.10199e+07
1.20137e+08 1.10199e+07
1.20137e+08 1.10199e+07
1.20137e+08 1.10199e+07
1.20137e+08 1.10199e+07
1.31214e+08 1.12227e+07
1.31225e+08 1.12338e+07
1.31292e+08 1.13009e+07
1.31292e+08 1.13009e+07
1.31292e+08 1.12897e+07
1.31303e+08 1.13009e+07
1.31303e+08 1.13009e+07
1.31393e+08 1.13903e+07
1.31449e+08 1.14128e+07
1.3146e+08 1.14128e+07
1.3146e+08 1.14128e+07
1.31482e+08 1.13569e+07
1.31516e+08 1.13792e+07
1.31561e+08 1.14239e+07
1.31561e+08 1.1424e+07
1.31561e+08 1.1424e+07
1.31561e+08 1.1424e+07
1.31561e+08 1.14241e+07
1.31572e+08 1.14352e+07
1.43247e+08 1.20332e+07
1.43247e+08 1.2022e+07
1.43258e+08 1.19661e+07
1.43258e+08 1.19661e+07
1.43258e+08 1.19661e+07
1.43258e+08 1.1955e+07
1.43269e+08 1.19661e+07
1.43269e+08 1.18767e+07
1.43426e+08 1.19772e+07
1.43448e+08 1.19884e+07
1.43448e+08 1.19884e+07
1.43504e+08 1.20219e+07
1.43516e+08 1.19996e+07
1.43516e+08 1.19549e+07
1.43527e+08 1.1966e+07
1.43549e+08 1.19884e+07
1.4356e+08 1.19996e+07
1.43583e+08 1.2022e+07
1.43583e+08 1.20221e+07
1.43583e+08 1.20109e+07
1.55919e+08 1.26724e+07
1.55919e+08 1.26724e+07
1.56054e+08 1.27954e+07
1.56065e+08 1.28066e+07
1.56065e+08 1.28066e+07
1.56065e+08 1.28066e+07
1.56076e+08 1.28066e+07
1.56087e+08 1.28178e+07
1.56099e+08 1.26726e+07
1.56099e+08 1.26502e+07
1.56099e+08 1.26502e+07
1.56188e+08 1.26838e+07
1.56188e+08 1.26726e+07
1.56188e+08 1.26726e+07
1.563e+08 1.27732e+07
1.563e+08 1.27509e+07
1.563e+08 1.27398e+07
1.56323e+08 1.27397e+07
1.56323e+08 1.27397e+07
1.56323e+08 1.27397e+07
1.56323e+08 1.27397e+07
1.6918e+08 1.32604e+07
1.6918e+08 1.32604e+07
1.69214e+08 1.316e+07
1.69214e+08 1.31488e+07
1.69214e+08 1.31488e+07
1.69214e+08 1.31488e+07
1.69214e+08 1.31376e+07
1.69214e+08 1.31264e+07
1.69247e+08 1.31487e+07
1.69247e+08 1.31487e+07
1.69247e+08 1.31487e+07
1.69303e+08 1.31152e+07
1.69303e+08 1.31152e+07
1.69337e+08 1.31488e+07
1.69382e+08 1.30817e+07
1.69438e+08 1.31376e+07
1.69471e+08 1.31712e+07
1.69494e+08 1.31711e+07
1.69505e+08 1.31823e+07
1.69505e+08 1.31823e+07
1.69505e+08 1.31823e+07
1.69505e+08 1.31823e+07
1.8222e+08 1.30398e+07
1.8222e+08 1.30398e+07
1.82242e+08 1.30285e+07
1.82242e+08 1.30285e+07
1.82242e+08 1.30285e+07
1.82253e+08 1.30397e+07
1.82287e+08 1.30733e+07
1.82287e+08 1.30733e+07
1.82321e+08 1.30733e+07
1.82321e+08 1.30733e+07
1.82321e+08 1.30733e+07
1.82354e+08 1.30509e+07
1.82354e+08 1.30509e+07
1.82388e+08 1.30509e+07
1.82433e+08 1.3051e+07
1.82511e+08 1.30733e+07
1.82634e+08 1.31627e+07
1.8269e+08 1.31963e+07
1.8269e+08 1.31851e+07
1.8269e+08 1.31851e+07
1.8269e+08 1.31851e+07
1.82712e+08 1.32075e+07
1.96044e+08 1.38245e+07
1.96044e+08 1.38245e+07
1.96044e+08 1.38245e+07
1.96067e+08 1.38245e+07
1.96067e+08 1.38245e+07
1.96067e+08 1.38245e+07
1.96067e+08 1.38133e+07
1.96112e+08 1.38246e+07
1.96112e+08 1.38247e+07
1.96134e+08 1.38135e+07
1.96134e+08 1.38135e+07
1.96145e+08 1.38247e+07
1.96145e+08 1.37911e+07
1.96145e+08 1.37911e+07
1.96157e+08 1.37688e+07
1.96235e+08 1.38023e+07
1.96246e+08 1.37352e+07
1.96325e+08 1.36905e+07
1.96358e+08 1.36682e+07
1.96425e+08 1.37353e+07
1.96448e+08 1.37576e+07
1.96448e+08 1.37577e+07
1.96515e+08 1.38024e+07
2.10545e+08 1.45004e+07
2.10545e+08 1.45004e+07
2.10545e+08 1.45004e+07
2.10545e+08 1.45004e+07
2.10556e+08 1.44892e+07
2.10567e+08 1.45004e+07
2.10601e+08 1.45339e+07
2.10601e+08 1.45339e+07
2.10601e+08 1.44892e+07
2.10646e+08 1.4534e+07
2.10646e+08 1.45116e+07
2.10646e+08 1.45116e+07
2.10646e+08 1.45005e+07
2.10646e+08 1.45005e+07
2.10646e+08 1.45005e+07
2.10646e+08 1.44893e+07
2.10735e+08 1.45005e+07
2.10769e+08 1.45229e+07
2.10914e+08 1.459e+07
2.10993e+08 1.46347e+07
2.11038e+08 1.46123e+07
2.11049e+08 1.46011e+07
2.11071e+08 1.46235e+07
2.11094e+08 1.45789e+07
2.25613e+08 1.50681e+07
2.25613e+08 1.50681e+07
2.25613e+08 1.50681e+07
2.25613e+08 1.50681e+07
2.25613e+08 1.50681e+07
2.25613e+08 1.50569e+07
2.25613e+08 1.50457e+07
2.25613e+08 1.50122e+07
2.25613e+08 1.50122e+07
2.25613e+08 1.50122e+07
2.25658e+08 1.5012e+07
2.25658e+08 1.5012e+07
2.25658e+08 1.5012e+07
2.25658e+08 1.5012e+07
2.25658e+08 1.5012e+07
2.25658e+08 1.50121e+07
2.25658e+08 1.50121e+07
2.25714e+08 1.49787e+07
2.2577e+08 1.50011e+07
2.25893e+08 1.49787e+07
2.25994e+08 1.50011e+07
2.2605e+08 1.50122e+07
2.26106e+08 1.5057e+07
2.26139e+08 1.50682e+07
2.26184e+08 1.50905e+07
2.41286e+08 1.56735e+07
2.41286e+08 1.56735e+07
2.41297e+08 1.56847e+07
2.41297e+08 1.56847e+07
2.41297e+08 1.56847e+07
2.41309e+08 1.56959e+07
2.41309e+08 1.56959e+07
2.41309e+08 1.56959e+07
2.41309e+08 1.56958e+07
2.41309e+08 1.56958e+07
2.41331e+08 1.57181e+07
2.41342e+08 1.56846e+07
2.41342e+08 1.56847e+07
2.41342e+08 1.56847e+07
2.41354e+08 1.56958e+07
2.41354e+08 1.56958e+07
2.41354e+08 1.56958e+07
2.41354e+08 1.56958e+07
2.4141e+08 1.56958e+07
2.41488e+08 1.57182e+07
2.416e+08 1.5707e+07
2.41846e+08 1.58524e+07
2.41858e+08 1.58077e+07
2.41869e+08 1.5763e+07
2.41902e+08 1.5763e+07
2.41936e+08 1.57518e+07
2.57526e+08 1.62396e+07
2.57526e+08 1.62396e+07
2.57526e+08 1.62285e+07
2.57526e+08 1.62284e+07
2.57526e+08 1.62284e+07
2.57526e+08 1.62173e+07
2.57537e+08 1.62285e+07
2.57537e+08 1.62285e+07
2.57537e+08 1.62285e+07
2.57571e+08 1.6262e+07
2.57582e+08 1.62732e+07
2.57582e+08 1.62508e+07
2.57627e+08 1.62843e+07
2.57627e+08 1.62843e+07
2.57627e+08 1.62843e+07
2.57627e+08 1.62731e+07
2.57627e+08 1.62731e+07
2.57627e+08 1.62732e+07
2.57627e+08 1.62731e+07
2.57683e+08 1.62731e+07
2.57739e+08 1.62507e+07
2.57974e+08 1.63737e+07
2.58131e+08 1.62843e+07
2.58164e+08 1.63067e+07
2.58164e+08 1.62955e+07
2.5822e+08 1.63179e+07
2.58254e+08 1.63179e+07
2.74318e+08 1.6792e+07
2.74318e+08 1.6792e+07
2.74318e+08 1.6792e+07
2.74318e+08 1.6792e+07
2.74318e+08 1.6792e+07
2.74318e+08 1.6792e+07
2.74318e+08 1.67808e+07
2.74318e+08 1.67808e+07
2.74318e+08 1.67808e+07
2.74318e+08 1.67808e+07
2.74318e+08 1.67472e+07
2.74318e+08 1.6736e+07
2.74351e+08 1.67695e+07
2.74385e+08 1.67584e+07
2.74385e+08 1.67584e+07
2.74396e+08 1.67696e+07
2.74396e+08 1.67696e+07
2.74396e+08 1.67696e+07
2.74408e+08 1.67807e+07
2.74408e+08 1.67807e+07
2.74598e+08 1.69148e+07
2.74732e+08 1.69931e+07
2.74844e+08 1.68701e+07
2.7499e+08 1.68589e+07
2.75001e+08 1.68365e+07
2.75023e+08 1.6859e+07
2.75158e+08 1.69373e+07
2.75247e+08 1.69933e+07
2.91683e+08 1.73653e+07
2.91683e+08 1.73653e+07
2.91683e+08 1.73653e+07
2.91683e+08 1.73653e+07
2.91694e+08 1.73765e+07
2.91705e+08 1.73876e+07
2.91717e+08 1.73988e+07
2.91717e+08 1.73988e+07
2.91717e+08 1.73988e+07
2.91739e+08 1.74212e+07
2.91739e+08 1.74212e+07
2.91739e+08 1.74212e+07
2.91739e+08 1.74212e+07
2.91739e+08 1.73876e+07
2.91784e+08 1.73988e+07
2.91851e+08 1.74659e+07
2.91896e+08 1.74994e+07
2.91896e+08 1.74994e+07
2.91907e+08 1.75106e+07
2.91918e+08 1.75106e+07
2.91952e+08 1.75441e+07
2.92064e+08 1.74659e+07
2.92231e+08 1.74994e+07
2.92377e+08 1.75329e+07
2.92455e+08 1.74659e+07
2.92455e+08 1.74547e+07
2.92634e+08 1.76112e+07
2.92691e+08 1.7533e+07
2.92713e+08 1.7466e+07
3.09819e+08 1.81359e+07
3.09819e+08 1.81359e+07
3.0983e+08 1.81471e+07
3.09841e+08 1.81583e+07
3.09864e+08 1.81694e+07
3.09864e+08 1.81582e+07
3.09864e+08 1.81471e+07
3.09864e+08 1.81471e+07
3.09864e+08 1.81471e+07
3.09864e+08 1.81247e+07
3.09875e+08 1.81359e+07
3.09897e+08 1.81583e+07
3.09897e+08 1.81583e+07
3.09897e+08 1.81583e+07
3.09909e+08 1.81695e+07
3.09909e+08 1.81248e+07
3.09953e+08 1.81025e+07
3.09987e+08 1.80913e+07
3.09998e+08 1.81025e+07
3.09998e+08 1.80913e+07
3.10021e+08 1.81025e+07
3.10032e+08 1.80801e+07
3.10211e+08 1.81472e+07
3.10345e+08 1.81137e+07
3.10569e+08 1.81919e+07
3.10647e+08 1.81918e+07
3.10647e+08 1.81918e+07
3.10692e+08 1.80578e+07
3.10726e+08 1.80356e+07
3.10726e+08 1.80133e+07
3.28464e+08 1.86453e+07
3.28464e+08 1.86453e+07
3.28498e+08 1.86677e+07
3.28509e+08 1.86677e+07
3.28509e+08 1.86454e+07
3.28509e+08 1.86454e+07
3.2852e+08 1.86566e+07
3.2852e+08 1.86566e+07
3.28532e+08 1.86678e+07
3.28532e+08 1.86678e+07
3.28532e+08 1.86566e+07
3.28554e+08 1.86566e+07
3.28554e+08 1.86566e+07
3.28554e+08 1.86566e+07
3.28554e+08 1.86566e+07
3.28554e+08 1.86454e+07
3.28554e+08 1.86454e+07
3.28632e+08 1.86789e+07
3.28655e+08 1.86677e+07
3.28666e+08 1.86677e+07
3.28666e+08 1.86677e+07
3.28677e+08 1.86565e+07
3.28722e+08 1.86901e+07
3.29002e+08 1.87907e+07
3.29214e+08 1.8869e+07
3.29259e+08 1.86901e+07
3.29293e+08 1.86454e+07
3.29293e+08 1.86454e+07
3.2936e+08 1.86677e+07
3.29361e+08 1.86345e+07
3.29361e+08 1.86344e+07
3.47618e+08 1.91534e+07
3.47629e+08 1.91645e+07
3.47674e+08 1.91757e+07
3.47674e+08 1.91645e+07
3.47696e+08 1.91869e+07
3.47696e+08 1.91869e+07
3.47696e+08 1.91757e+07
3.47718e+08 1.9198e+07
3.47718e+08 1.91868e+07
3.47718e+08 1.91868e+07
3.47718e+08 1.91868e+07
3.47752e+08 1.9198e+07
3.47763e+08 1.92092e+07
3.47763e+08 1.92092e+07
3.47763e+08 1.92092e+07
3.47763e+08 1.92092e+07
3.47763e+08 1.92092e+07
3.47763e+08 1.92092e+07
3.47842e+08 1.92092e+07
3.47853e+08 1.91981e+07
3.47864e+08 1.9198e+07
3.47898e+08 1.92316e+07
3.47898e+08 1.92204e+07
3.47987e+08 1.92651e+07
3.48356e+08 1.93546e+07
3.48423e+08 1.92093e+07
3.48479e+08 1.92204e+07
3.48524e+08 1.92316e+07
3.48524e+08 1.92316e+07
3.48525e+08 1.91648e+07
3.48526e+08 1.91649e+07
3.48526e+08 1.91649e+07
3.67401e+08 1.97837e+07
3.67424e+08 1.97949e+07
3.67424e+08 1.97501e+07
3.67435e+08 1.97613e+07
3.67435e+08 1.97389e+07
3.67435e+08 1.97389e+07
3.67446e+08 1.97501e+07
3.67457e+08 1.97389e+07
3.6748e+08 1.97613e+07
3.67524e+08 1.9806e+07
3.67524e+08 1.9806e+07
3.67536e+08 1.97836e+07
3.67536e+08 1.97725e+07
3.67536e+08 1.97725e+07
3.67536e+08 1.97725e+07
3.67536e+08 1.97725e+07
3.67547e+08 1.97837e+07
3.67547e+08 1.97837e+07
3.67547e+08 1.97837e+07
3.67759e+08 1.99178e+07
3.67771e+08 1.99178e+07
3.67815e+08 1.99513e+07
3.67815e+08 1.99178e+07
3.67815e+08 1.99178e+07
3.67994e+08 2.00072e+07
3.68252e+08 1.98955e+07
3.68341e+08 1.99178e+07
3.68352e+08 1.98731e+07
3.68375e+08 1.98508e+07
3.68375e+08 1.98508e+07
3.68376e+08 1.98508e+07
3.68377e+08 1.9851e+07
3.68377e+08 1.98509e+07
3.87933e+08 2.05317e+07
3.87933e+08 2.05094e+07
3.87933e+08 2.05094e+07
3.87933e+08 2.04982e+07
3.87933e+08 2.04982e+07
3.87933e+08 2.04982e+07
3.87955e+08 2.05094e+07
3.87955e+08 2.04982e+07
3.87967e+08 2.0487e+07
3.87989e+08 2.04647e+07
3.87989e+08 2.04647e+07
3.87989e+08 2.04535e+07
3.88023e+08 2.0487e+07
3.88045e+08 2.05093e+07
3.88067e+08 2.05317e+07
3.88067e+08 2.05317e+07
3.88067e+08 2.05205e+07
3.88079e+08 2.05317e+07
3.8809e+08 2.05429e+07
3.88112e+08 2.05653e+07
3.88258e+08 2.04982e+07
3.88269e+08 2.04982e+07
3.88314e+08 2.04982e+07
3.88403e+08 2.05877e+07
3.88425e+08 2.061e+07
3.88459e+08 2.04647e+07
3.88728e+08 2.0476e+07
3.88728e+08 2.03866e+07
3.88728e+08 2.03753e+07
3.8875e+08 2.03753e+07
3.8875e+08 2.03753e+07
3.88751e+08 2.03755e+07
3.88752e+08 2.03754e+07
3.88752e+08 2.03754e+07
4.08803e+08 2.08697e+07
4.08803e+08 2.08697e+07
4.08836e+08 2.09032e+07
4.08859e+08 2.09256e+07
4.08881e+08 2.09479e+07
4.08881e+08 2.09479e+07
4.08915e+08 2.09591e+07
4.08926e+08 2.09702e+07
4.08926e+08 2.09591e+07
4.08948e+08 2.09591e+07
4.08948e+08 2.09591e+07
4.08948e+08 2.09591e+07
4.08948e+08 2.09255e+07
4.08982e+08 2.09367e+07
4.09049e+08 2.09814e+07
4.09049e+08 2.09814e+07
4.0906e+08 2.09926e+07
4.0906e+08 2.09815e+07
4.09071e+08 2.09815e+07
4.09105e+08 2.1015e+07
4.09127e+08 2.1015e+07
4.09206e+08 2.0948e+07
4.09206e+08 2.09368e+07
4.09284e+08 2.09703e+07
4.09306e+08 2.09033e+07
4.09351e+08 2.09256e+07
4.09362e+08 2.09033e+07
4.09665e+08 2.09368e+07
4.09665e+08 2.09368e+07
4.09665e+08 2.09368e+07
4.09687e+08 2.09368e+07
4.09687e+08 2.09368e+07
4.09688e+08 2.09369e+07
4.09689e+08 2.09369e+07
4.09689e+08 2.09369e+07
4.30391e+08 2.15878e+07
4.30469e+08 2.16661e+07
4.30469e+08 2.16326e+07
4.30469e+08 2.16102e+07
4.30469e+08 2.15879e+07
4.30469e+08 2.15879e+07
4.3048e+08 2.15655e+07
4.3048e+08 2.15543e+07
4.3048e+08 2.15543e+07
4.3048e+08 2.1532e+07
4.3048e+08 2.1532e+07
4.3048e+08 2.1532e+07
4.30491e+08 2.15432e+07
4.3057e+08 2.15879e+07
4.30681e+08 2.16326e+07
4.30681e+08 2.16326e+07
4.30681e+08 2.16215e+07
4.30681e+08 2.16215e+07
4.30704e+08 2.16328e+07
4.30704e+08 2.15992e+07
4.30715e+08 2.16104e+07
4.30715e+08 2.15881e+07
4.3076e+08 2.15544e+07
4.30771e+08 2.15656e+07
4.30905e+08 2.16215e+07
4.30917e+08 2.16103e+07
4.30917e+08 2.15656e+07
4.31051e+08 2.16886e+07
4.31174e+08 2.15098e+07
4.31197e+08 2.15321e+07
4.31197e+08 2.15321e+07
4.31197e+08 2.15098e+07
4.31197e+08 2.15097e+07
4.31198e+08 2.15098e+07
4.31199e+08 2.15098e+07
4.31199e+08 2.15098e+07
4.52339e+08 2.19483e+07
4.52361e+08 2.18924e+07
4.52361e+08 2.18924e+07
4.52361e+08 2.18924e+07
4.52372e+08 2.19036e+07
4.52406e+08 2.19371e+07
4.52406e+08 2.19259e+07
4.52451e+08 2.19707e+07
4.52451e+08 2.19707e+07
4.52451e+08 2.19707e+07
4.52551e+08 2.20713e+07
4.52618e+08 2.21383e+07
4.52697e+08 2.22054e+07
4.5273e+08 2.21607e+07
4.5273e+08 2.2049e+07
4.5273e+08 2.2049e+07
4.5273e+08 2.20489e+07
4.52753e+08 2.20713e+07
4.52842e+08 2.21383e+07
4.52865e+08 2.21607e+07
4.52898e+08 2.2183e+07
4.52898e+08 2.2183e+07
4.52932e+08 2.22166e+07
4.53032e+08 2.22725e+07
4.53032e+08 2.22613e+07
4.53133e+08 2.22278e+07
4.53223e+08 2.2306e+07
4.53234e+08 2.23172e+07
4.53256e+08 2.22055e+07
4.5329e+08 2.2116e+07
4.5329e+08 2.20937e+07
4.5329e+08 2.20936e+07
4.53291e+08 2.20936e+07
4.53291e+08 2.20936e+07
4.53292e+08 2.20937e+07
4.53304e+08 2.2105e+07
4.53304e+08 2.2105e+07
4.75285e+08 2.29461e+07
4.75285e+08 2.29237e+07
4.75285e+08 2.29237e+07
4.75285e+08 2.29237e+07
4.75307e+08 2.2935e+07
4.75352e+08 2.29462e+07
4.75352e+08 2.29462e+07
4.75352e+08 2.29014e+07
4.75352e+08 2.29014e+07
4.75352e+08 2.29014e+07
4.7543e+08 2.28791e+07
4.75464e+08 2.28456e+07
4.75498e+08 2.28009e+07
4.75509e+08 2.27785e+07
4.75598e+08 2.28679e+07
4.75609e+08 2.28791e+07
4.75621e+08 2.28903e+07
4.75654e+08 2.29014e+07
4.75777e+08 2.29349e+07
4.75855e+08 2.29908e+07
4.75889e+08 2.29908e+07
4.75934e+08 2.30355e+07
4.75934e+08 2.3002e+07
4.75956e+08 2.30244e+07
4.76001e+08 2.29685e+07
4.76001e+08 2.29685e+07
4.76023e+08 2.28903e+07
4.76024e+08 2.28009e+07
4.76024e+08 2.27898e+07
4.76024e+08 2.27674e+07
4.76058e+08 2.27674e+07
4.76058e+08 2.27674e+07
4.76058e+08 2.27674e+07
4.76058e+08 2.27674e+07
4.76058e+08 2.27674e+07
4.76059e+08 2.27674e+07
4.76317e+08 2.30134e+07
4.76317e+08 2.30134e+07
4.9854e+08 2.32555e+07
4.98596e+08 2.33114e+07
4.98596e+08 2.33114e+07
4.98619e+08 2.33338e+07
4.98675e+08 2.33673e+07
4.98708e+08 2.33561e+07
4.98719e+08 2.33673e+07
4.98719e+08 2.33673e+07
4.98719e+08 2.33673e+07
4.98719e+08 2.33673e+07
4.98898e+08 2.34679e+07
4.98954e+08 2.34902e+07
4.98999e+08 2.35013e+07
4.9901e+08 2.35014e+07
4.99133e+08 2.35349e+07
4.99178e+08 2.35684e+07
4.992e+08 2.35796e+07
4.992e+08 2.35461e+07
4.99234e+08 2.34567e+07
4.99312e+08 2.34568e+07
4.99312e+08 2.34233e+07
4.99312e+08 2.33786e+07
4.99312e+08 2.33786e+07
4.99312e+08 2.33563e+07
4.99312e+08 2.33563e+07
4.99313e+08 2.33116e+07
4.99313e+08 2.33116e+07
4.99313e+08 2.32893e+07
4.99313e+08 2.32892e+07
4.99313e+08 2.32892e+07
4.99335e+08 2.33115e+07
4.99347e+08 2.32892e+07
4.99347e+08 2.32892e+07
4.99347e+08 2.32891e+07
4.99347e+08 2.32891e+07
4.99347e+08 2.32891e+07
4.99348e+08 2.32891e+07
4.99953e+08 2.36357e+07
4.99953e+08 2.36357e+07
5.23026e+08 2.44853e+07
5.23037e+08 2.44405e+07
5.23037e+08 2.44405e+07
5.23037e+08 2.44182e+07
5.23071e+08 2.43959e+07
5.23071e+08 2.43623e+07
5.23115e+08 2.43958e+07
5.23138e+08 2.44182e+07
5.23171e+08 2.44517e+07
5.23171e+08 2.44517e+07
5.23238e+08 2.434e+07
5.23261e+08 2.43064e+07
5.23283e+08 2.42841e+07
5.23294e+08 2.42841e+07
5.2335e+08 2.42171e+07
5.2335e+08 2.41723e+07
5.2335e+08 2.415e+07
5.23429e+08 2.42284e+07
5.2344e+08 2.42061e+07
5.2344e+08 2.41278e+07
5.2344e+08 2.41278e+07
5.2344e+08 2.41278e+07
5.2344e+08 2.41278e+07
5.2344e+08 2.41278e+07
5.2344e+08 2.41278e+07
5.2344e+08 2.41277e+07
5.2344e+08 2.41277e+07
5.2344e+08 2.41277e+07
5.23474e+08 2.41613e+07
5.23474e+08 2.41613e+07
5.23474e+08 2.41613e+07
5.23474e+08 2.4139e+07
5.23475e+08 2.41279e+07
5.23475e+08 2.41279e+07
5.23475e+08 2.41279e+07
5.23475e+08 2.41279e+07
5.23475e+08 2.41279e+07
5.23476e+08 2.41278e+07
5.24751e+08 2.47984e+07
5.24863e+08 2.49102e+07
5.47691e+08 2.46649e+07
5.47713e+08 2.46761e+07
5.47724e+08 2.46872e+07
5.47724e+08 2.46873e+07
5.47747e+08 2.4676e+07
5.47747e+08 2.46761e+07
5.4778e+08 2.46649e+07
5.4778e+08 2.46425e+07
5.47803e+08 2.46314e+07
5.47836e+08 2.46649e+07
5.47903e+08 2.4665e+07
5.47926e+08 2.4665e+07
5.47959e+08 2.46762e+07
5.47959e+08 2.4665e+07
5.47959e+08 2.46092e+07
5.47982e+08 2.46315e+07
5.48004e+08 2.46538e+07
5.48049e+08 2.46202e+07
5.48049e+08 2.46091e+07
5.48049e+08 2.4609e+07
5.48049e+08 2.4609e+07
5.48049e+08 2.4609e+07
5.48049e+08 2.46091e+07
5.48049e+08 2.4609e+07
5.48049e+08 2.4609e+07
5.48049e+08 2.4609e+07
5.48049e+08 2.46091e+07
5.48049e+08 2.46091e+07
5.48049e+08 2.46091e+07
5.4805e+08 2.45755e+07
5.4805e+08 2.45755e+07
5.4805e+08 2.45755e+07
5.4805e+08 2.45757e+07
5.4805e+08 2.45755e+07
5.4805e+08 2.45755e+07
5.4805e+08 2.45755e+07
5.4805e+08 2.45754e+07
5.4805e+08 2.45755e+07
5.48051e+08 2.45757e+07
5.50087e+08 2.53355e+07
5.5012e+08 2.52573e+07
5.72994e+08 2.53038e+07
5.73006e+08 2.52927e+07
5.73006e+08 2.52815e+07
5.73006e+08 2.52815e+07
5.73017e+08 2.52703e+07
5.73017e+08 2.52703e+07
5.73017e+08 2.52368e+07
5.73028e+08 2.5248e+07
5.73039e+08 2.52369e+07
5.73095e+08 2.52592e+07
5.73207e+08 2.53038e+07
5.73229e+08 2.53038e+07
5.73229e+08 2.52702e+07
5.73241e+08 2.52814e+07
5.73263e+08 2.53038e+07
5.73263e+08 2.52815e+07
5.73263e+08 2.52591e+07
5.73353e+08 2.53038e+07
5.73353e+08 2.53038e+07
5.73353e+08 2.53038e+07
5.73353e+08 2.53038e+07
5.73353e+08 2.53038e+07
5.73353e+08 2.53038e+07
5.73353e+08 2.53038e+07
5.73353e+08 2.53038e+07
5.73353e+08 2.53038e+07
5.73353e+08 2.53038e+07
5.73353e+08 2.53038e+07
5.73353e+08 2.53038e+07
5.73353e+08 2.53038e+07
5.73353e+08 2.53039e+07
5.73354e+08 2.53039e+07
5.73354e+08 2.5304e+07
5.73354e+08 2.53039e+07
5.73354e+08 2.53038e+07
5.73354e+08 2.53038e+07
5.73354e+08 2.53038e+07
5.73354e+08 2.53038e+07
5.73354e+08 2.53039e+07
5.73367e+08 2.53151e+07
5.75513e+08 2.54267e+07
5.75513e+08 2.53932e+07
5.98738e+08 2.57433e+07
5.98738e+08 2.57321e+07
5.98738e+08 2.57321e+07
5.98749e+08 2.57433e+07
5.9876e+08 2.57433e+07
5.98794e+08 2.57768e+07
5.98794e+08 2.57768e+07
5.98816e+08 2.57879e+07
5.98928e+08 2.58885e+07
5.9895e+08 2.5855e+07
5.98973e+08 2.57656e+07
5.98973e+08 2.57432e+07
5.98984e+08 2.57544e+07
5.98995e+08 2.57544e+07
5.9904e+08 2.57768e+07
5.9904e+08 2.57768e+07
5.9904e+08 2.57768e+07
5.99096e+08 2.57433e+07
5.99096e+08 2.57432e+07
5.99096e+08 2.57432e+07
5.99096e+08 2.57432e+07
5.99096e+08 2.57432e+07
5.99096e+08 2.57432e+07
5.99096e+08 2.57432e+07
5.99096e+08 2.57432e+07
5.99096e+08 2.57433e+07
5.99096e+08 2.57433e+07
5.99096e+08 2.57433e+07
5.99097e+08 2.57433e+07
5.99097e+08 2.57433e+07
5.99097e+08 2.57433e+07
5.99097e+08 2.57433e+07
5.99097e+08 2.57433e+07
5.99097e+08 2.57433e+07
5.99097e+08 2.57433e+07
5.99097e+08 2.57432e+07
5.99097e+08 2.57432e+07
5.99097e+08 2.57432e+07
5.99098e+08 2.57433e+07
5.99098e+08 2.57433e+07
5.99345e+08 2.5978e+07
6.0129e+08 2.57768e+07
6.01335e+08 2.58215e+07
6.26692e+08 2.79541e+07
6.26759e+08 2.80212e+07
6.26759e+08 2.80212e+07
6.26781e+08 2.80324e+07
6.26781e+08 2.80212e+07
6.26793e+08 2.79988e+07
6.26793e+08 2.79988e+07
6.26837e+08 2.80212e+07
6.26927e+08 2.79989e+07
6.2696e+08 2.801e+07
6.26972e+08 2.79988e+07
6.26972e+08 2.79988e+07
6.26994e+08 2.801e+07
6.26994e+08 2.79988e+07
6.27162e+08 2.81217e+07
6.27162e+08 2.81217e+07
6.27162e+08 2.81217e+07
6.27251e+08 2.81553e+07
6.27251e+08 2.81553e+07
6.27251e+08 2.81553e+07
6.27251e+08 2.81553e+07
6.27251e+08 2.81552e+07
6.27251e+08 2.81552e+07
6.27251e+08 2.81552e+07
6.27251e+08 2.81552e+07
6.27252e+08 2.81552e+07
6.27252e+08 2.81552e+07
6.27252e+08 2.81552e+07
6.27252e+08 2.81553e+07
6.27252e+08 2.81553e+07
6.27252e+08 2.81553e+07
6.27252e+08 2.81552e+07
6.27252e+08 2.81552e+07
6.27252e+08 2.81551e+07
6.27252e+08 2.8155e+07
6.27297e+08 2.81998e+07
6.27353e+08 2.82557e+07
6.27353e+08 2.82557e+07
6.27353e+08 2.82557e+07
6.2742e+08 2.83227e+07
6.2742e+08 2.83228e+07
6.27522e+08 2.81774e+07
6.27811e+08 2.65205e+07
6.27879e+08 2.65441e+07
6.34784e+08 8.09225e+06
6.34829e+08 8.06996e+06
6.34851e+08 8.09232e+06
