5.40807e+06 5.40731e+06
8.44161e+06 3.03354e+06
8.44162e+06 3.03355e+06
1.03892e+07 1.94756e+06
1.04887e+07 2.04709e+06
1.23618e+07 1.97262e+06
1.24289e+07 2.03969e+06
1.25071e+07 2.01838e+06
1.5325e+07 2.96316e+06
1.54479e+07 3.01903e+06
1.56379e+07 3.20904e+06
1.5772e+07 3.26492e+06
1.92607e+07 3.93577e+06
1.92607e+07 3.81284e+06
1.92719e+07 3.63402e+06
1.92719e+07 3.49991e+06
1.92719e+07 3.49991e+06
2.27839e+07 3.52317e+06
2.27839e+07 3.52317e+06
2.27839e+07 3.51199e+06
2.27839e+07 3.51199e+06
2.29404e+07 3.66848e+06
2.30634e+07 3.79151e+06
2.75305e+07 4.74659e+06
2.75305e+07 4.74659e+06
2.75305e+07 4.74659e+06
2.75305e+07 4.74659e+06
2.75305e+07 4.5901e+06
2.75417e+07 4.47827e+06
2.75417e+07 4.47828e+06
3.17576e+07 4.22711e+06
3.18024e+07 4.27191e+06
3.18024e+07 4.27191e+06
3.18136e+07 4.28309e+06
3.18248e+07 4.29428e+06
3.19031e+07 4.36136e+06
3.19031e+07 4.36136e+06
3.66542e+07 4.89657e+06
3.66542e+07 4.89658e+06
3.67884e+07 4.98598e+06
3.67884e+07 4.98601e+06
3.67884e+07 4.97484e+06
3.67996e+07 4.97485e+06
3.68891e+07 4.98604e+06
3.68891e+07 4.98604e+06
4.17231e+07 5.06899e+06
4.17232e+07 5.06899e+06
4.17232e+07 5.06899e+06
4.19914e+07 5.20305e+06
4.23045e+07 5.51613e+06
4.23046e+07 5.51612e+06
4.23605e+07 5.56087e+06
4.24165e+07 5.52735e+06
4.24389e+07 5.54975e+06
4.66365e+07 4.9133e+06
4.67482e+07 5.02508e+06
4.67482e+07 5.02508e+06
4.70836e+07 5.0922e+06
4.70836e+07 5.09221e+06
4.80338e+07 5.72924e+06
4.80338e+07 5.72924e+06
4.82573e+07 5.89683e+06
4.84921e+07 6.07563e+06
4.87382e+07 6.29929e+06
5.29881e+07 6.35165e+06
5.3044e+07 6.29579e+06
5.3044e+07 6.29579e+06
5.3424e+07 6.34041e+06
5.34911e+07 6.40746e+06
5.34911e+07 6.40747e+06
5.45643e+07 6.53049e+06
5.45643e+07 6.53049e+06
5.45978e+07 6.34049e+06
5.48661e+07 6.37399e+06
5.55703e+07 6.83217e+06
5.98447e+07 6.85661e+06
5.9923e+07 6.87895e+06
5.9923e+07 6.87895e+06
5.99454e+07 6.52132e+06
5.99454e+07 6.45427e+06
5.99454e+07 6.45427e+06
6.16779e+07 7.11365e+06
6.16891e+07 7.12485e+06
6.18568e+07 7.29253e+06
6.1868e+07 7.2702e+06
6.19687e+07 7.1026e+06
6.28517e+07 7.2814e+06
6.75943e+07 7.74956e+06
6.76055e+07 7.68249e+06
6.76055e+07 7.68249e+06
6.76949e+07 7.74956e+06
6.76949e+07 7.74956e+06
6.76949e+07 7.74956e+06
6.91592e+07 7.48131e+06
6.92598e+07 7.57071e+06
6.92598e+07 7.57071e+06
6.94275e+07 7.5707e+06
6.95952e+07 7.7272e+06
6.96512e+07 7.68249e+06
7.06684e+07 7.81664e+06
7.58658e+07 8.27156e+06
7.59106e+07 8.3051e+06
7.59106e+07 8.3051e+06
7.59441e+07 8.2492e+06
7.59441e+07 8.2492e+06
7.59441e+07 8.2492e+06
7.70622e+07 7.90293e+06
7.71963e+07 7.93647e+06
7.74981e+07 8.23824e+06
7.74981e+07 8.23824e+06
7.76434e+07 8.21587e+06
7.80793e+07 8.48406e+06
7.81911e+07 8.53993e+06
7.89289e+07 8.26051e+06
8.44118e+07 8.54598e+06
8.44454e+07 8.53481e+06
8.44565e+07 8.54598e+06
8.44678e+07 8.52364e+06
8.4479e+07 8.53482e+06
8.45125e+07 8.56835e+06
8.58205e+07 8.75835e+06
8.58652e+07 8.66893e+06
8.59546e+07 8.45657e+06
8.60553e+07 8.55718e+06
8.60553e+07 8.4119e+06
8.61e+07 8.45661e+06
8.63459e+07 8.26662e+06
8.67372e+07 8.54606e+06
8.79443e+07 9.0154e+06
9.37561e+07 9.34425e+06
9.37784e+07 9.33305e+06
9.38008e+07 9.34422e+06
9.38008e+07 9.33303e+06
9.38008e+07 9.32185e+06
9.38008e+07 9.28832e+06
9.46395e+07 8.81897e+06
9.47066e+07 8.84135e+06
9.47401e+07 8.78548e+06
9.50978e+07 9.04253e+06
9.50978e+07 9.04253e+06
9.5109e+07 9.00901e+06
9.51202e+07 9.0202e+06
9.53884e+07 9.04251e+06
9.60256e+07 9.2884e+06
9.7434e+07 9.48971e+06
1.03804e+08 1.00476e+07
1.03804e+08 1.00253e+07
1.03804e+08 1.00029e+07
1.03826e+08 1.00253e+07
1.03837e+08 1.00365e+07
1.03837e+08 1.00365e+07
1.04553e+08 9.91348e+06
1.04709e+08 1.00029e+07
1.04844e+08 1.01035e+07
1.05e+08 9.90233e+06
1.05157e+08 1.00588e+07
1.0528e+08 1.01705e+07
1.05403e+08 1.02823e+07
1.05682e+08 1.02936e+07
1.05682e+08 1.02936e+07
1.06073e+08 1.00476e+07
1.07448e+08 1.0014e+07
1.14182e+08 1.03783e+07
1.14182e+08 1.03783e+07
1.14193e+08 1.03895e+07
1.14193e+08 1.03672e+07
1.14193e+08 1.0356e+07
1.14216e+08 1.03783e+07
1.15099e+08 1.0546e+07
1.153e+08 1.05906e+07
1.15311e+08 1.04677e+07
1.15423e+08 1.0423e+07
1.15535e+08 1.03783e+07
1.15636e+08 1.0356e+07
1.15703e+08 1.03001e+07
1.16016e+08 1.03337e+07
1.16016e+08 1.03337e+07
1.16016e+08 1.03337e+07
1.16183e+08 1.01102e+07
1.17905e+08 1.04566e+07
1.25388e+08 1.12056e+07
1.25399e+08 1.12167e+07
1.25443e+08 1.12503e+07
1.25443e+08 1.12503e+07
1.25488e+08 1.1295e+07
1.25589e+08 1.13732e+07
1.26204e+08 1.1105e+07
1.26215e+08 1.0915e+07
1.26293e+08 1.09821e+07
1.2645e+08 1.10267e+07
1.26506e+08 1.09708e+07
1.26741e+08 1.11051e+07
1.2683e+08 1.11274e+07
1.27534e+08 1.15186e+07
1.27534e+08 1.15186e+07
1.27646e+08 1.16303e+07
1.27803e+08 1.16192e+07
1.27836e+08 1.16527e+07
1.28842e+08 1.09373e+07
1.37075e+08 1.16871e+07
1.37075e+08 1.1676e+07
1.37131e+08 1.16873e+07
1.37131e+08 1.16873e+07
1.37142e+08 1.16538e+07
1.37264e+08 1.16751e+07
1.37969e+08 1.17647e+07
1.37969e+08 1.17535e+07
1.3798e+08 1.16864e+07
1.38013e+08 1.15635e+07
1.38013e+08 1.15076e+07
1.38371e+08 1.16304e+07
1.38371e+08 1.1541e+07
1.39154e+08 1.16193e+07
1.39154e+08 1.16193e+07
1.39154e+08 1.15075e+07
1.39578e+08 1.17757e+07
1.39645e+08 1.18093e+07
1.39645e+08 1.18093e+07
1.40182e+08 1.13399e+07
1.49588e+08 1.2513e+07
1.49621e+08 1.25466e+07
1.49621e+08 1.24905e+07
1.49621e+08 1.24905e+07
1.49644e+08 1.25016e+07
1.49686e+08 1.24221e+07
1.50328e+08 1.23599e+07
1.50416e+08 1.24478e+07
1.50416e+08 1.24366e+07
1.50428e+08 1.24144e+07
1.50428e+08 1.24144e+07
1.506e+08 1.22289e+07
1.506e+08 1.22289e+07
1.5136e+08 1.22065e+07
1.5136e+08 1.22065e+07
1.51371e+08 1.22177e+07
1.51863e+08 1.22847e+07
1.51964e+08 1.23182e+07
1.51964e+08 1.23182e+07
1.52142e+08 1.19606e+07
1.52165e+08 1.19829e+07
1.62532e+08 1.29444e+07
1.62555e+08 1.29332e+07
1.62577e+08 1.29556e+07
1.62588e+08 1.29668e+07
1.62655e+08 1.30115e+07
1.62666e+08 1.29804e+07
1.63366e+08 1.30375e+07
1.63435e+08 1.30183e+07
1.63467e+08 1.30509e+07
1.63501e+08 1.30737e+07
1.63502e+08 1.30737e+07
1.63584e+08 1.29837e+07
1.63628e+08 1.30284e+07
1.6431e+08 1.29502e+07
1.64333e+08 1.29725e+07
1.64366e+08 1.29949e+07
1.64992e+08 1.3129e+07
1.65104e+08 1.31402e+07
1.65104e+08 1.31402e+07
1.6516e+08 1.30173e+07
1.65193e+08 1.30284e+07
1.65193e+08 1.30284e+07
1.75695e+08 1.31626e+07
1.75695e+08 1.31402e+07
1.75695e+08 1.31179e+07
1.75695e+08 1.31067e+07
1.75717e+08 1.3062e+07
1.75728e+08 1.3062e+07
1.76511e+08 1.31455e+07
1.76556e+08 1.31215e+07
1.76556e+08 1.3089e+07
1.76556e+08 1.30548e+07
1.76567e+08 1.3066e+07
1.76619e+08 1.30351e+07
1.76686e+08 1.30575e+07
1.77345e+08 1.30351e+07
1.77401e+08 1.30686e+07
1.77524e+08 1.31581e+07
1.77915e+08 1.29234e+07
1.78228e+08 1.31245e+07
1.78228e+08 1.31245e+07
1.78273e+08 1.31133e+07
1.78273e+08 1.30798e+07
1.78329e+08 1.31357e+07
1.89267e+08 1.35718e+07
1.89267e+08 1.35719e+07
1.89267e+08 1.35719e+07
1.89311e+08 1.36166e+07
1.89334e+08 1.36389e+07
1.89345e+08 1.36277e+07
1.8939e+08 1.36613e+07
1.9025e+08 1.37385e+07
1.90318e+08 1.3762e+07
1.90329e+08 1.37732e+07
1.90331e+08 1.37744e+07
1.90331e+08 1.37632e+07
1.90351e+08 1.37324e+07
1.90385e+08 1.36989e+07
1.91245e+08 1.39001e+07
1.91435e+08 1.40342e+07
1.9157e+08 1.40454e+07
1.92229e+08 1.43136e+07
1.92229e+08 1.40007e+07
1.92229e+08 1.40007e+07
1.92263e+08 1.39895e+07
1.9233e+08 1.40565e+07
1.92419e+08 1.40901e+07
2.03715e+08 1.4448e+07
2.03715e+08 1.4448e+07
2.03715e+08 1.4448e+07
2.03715e+08 1.4448e+07
2.03715e+08 1.44033e+07
2.03715e+08 1.4381e+07
2.03737e+08 1.43922e+07
2.03737e+08 1.43476e+07
2.04675e+08 1.44251e+07
2.0472e+08 1.44017e+07
2.04731e+08 1.44017e+07
2.04753e+08 1.44228e+07
2.04753e+08 1.44228e+07
2.04753e+08 1.44023e+07
2.04765e+08 1.43799e+07
2.05994e+08 1.47488e+07
2.06106e+08 1.46705e+07
2.0624e+08 1.46705e+07
2.06598e+08 1.43688e+07
2.06598e+08 1.43688e+07
2.06598e+08 1.43688e+07
2.06598e+08 1.43352e+07
2.06698e+08 1.43688e+07
2.06698e+08 1.42794e+07
2.18654e+08 1.49391e+07
2.18654e+08 1.49391e+07
2.18654e+08 1.49391e+07
2.18654e+08 1.49391e+07
2.18654e+08 1.49392e+07
2.18654e+08 1.49392e+07
2.18654e+08 1.49392e+07
2.18654e+08 1.49168e+07
2.18665e+08 1.49279e+07
2.19538e+08 1.48626e+07
2.19683e+08 1.49632e+07
2.19683e+08 1.4952e+07
2.19739e+08 1.49855e+07
2.19739e+08 1.49855e+07
2.19739e+08 1.49855e+07
2.19761e+08 1.49967e+07
2.21203e+08 1.52091e+07
2.21304e+08 1.51979e+07
2.21393e+08 1.51532e+07
2.21449e+08 1.48514e+07
2.21449e+08 1.48514e+07
2.21449e+08 1.48514e+07
2.21449e+08 1.48514e+07
2.21706e+08 1.50079e+07
2.21706e+08 1.50079e+07
2.3412e+08 1.54665e+07
2.34131e+08 1.54777e+07
2.34131e+08 1.54777e+07
2.34131e+08 1.54777e+07
2.34132e+08 1.54778e+07
2.34132e+08 1.54778e+07
2.34132e+08 1.54778e+07
2.34132e+08 1.54777e+07
2.34132e+08 1.54777e+07
2.34132e+08 1.54664e+07
2.35026e+08 1.54887e+07
2.35272e+08 1.55893e+07
2.35272e+08 1.55893e+07
2.35272e+08 1.55334e+07
2.35328e+08 1.55893e+07
2.3534e+08 1.56005e+07
2.35351e+08 1.55893e+07
2.36871e+08 1.56675e+07
2.36871e+08 1.5567e+07
2.36904e+08 1.55111e+07
2.36904e+08 1.54552e+07
2.36904e+08 1.54552e+07
2.36904e+08 1.54552e+07
2.36904e+08 1.54552e+07
2.37106e+08 1.53993e+07
2.37162e+08 1.54552e+07
2.50179e+08 1.60591e+07
2.50179e+08 1.6048e+07
2.50179e+08 1.6048e+07
2.50179e+08 1.6048e+07
2.5018e+08 1.60479e+07
2.5018e+08 1.60479e+07
2.5018e+08 1.60479e+07
2.5018e+08 1.60479e+07
2.5018e+08 1.60479e+07
2.5018e+08 1.60479e+07
2.5018e+08 1.60479e+07
2.51098e+08 1.60715e+07
2.51444e+08 1.61721e+07
2.51467e+08 1.61944e+07
2.51489e+08 1.62168e+07
2.515e+08 1.61721e+07
2.515e+08 1.61609e+07
2.51534e+08 1.61833e+07
2.52674e+08 1.58032e+07
2.52674e+08 1.58032e+07
2.5273e+08 1.58256e+07
2.52965e+08 1.60603e+07
2.52965e+08 1.60603e+07
2.52965e+08 1.60603e+07
2.52965e+08 1.60603e+07
2.53021e+08 1.5915e+07
2.53188e+08 1.60268e+07
2.66832e+08 1.6653e+07
2.66832e+08 1.6653e+07
2.66832e+08 1.6653e+07
2.66832e+08 1.6653e+07
2.66832e+08 1.6653e+07
2.66832e+08 1.6653e+07
2.66833e+08 1.6653e+07
2.66833e+08 1.6653e+07
2.66833e+08 1.6653e+07
2.66833e+08 1.6653e+07
2.66833e+08 1.6653e+07
2.66833e+08 1.6653e+07
2.67805e+08 1.67066e+07
2.68218e+08 1.67737e+07
2.68241e+08 1.67737e+07
2.68241e+08 1.67513e+07
2.68241e+08 1.67401e+07
2.68241e+08 1.67401e+07
2.68285e+08 1.67513e+07
2.69224e+08 1.65501e+07
2.69224e+08 1.65501e+07
2.69224e+08 1.64943e+07
2.69615e+08 1.66507e+07
2.69649e+08 1.66842e+07
2.69727e+08 1.67625e+07
2.69738e+08 1.67737e+07
2.69761e+08 1.67402e+07
2.69828e+08 1.66396e+07
2.84098e+08 1.72658e+07
2.84098e+08 1.72658e+07
2.84098e+08 1.72658e+07
2.84098e+08 1.72658e+07
2.84098e+08 1.72658e+07
2.84098e+08 1.72658e+07
2.84098e+08 1.72658e+07
2.84098e+08 1.72658e+07
2.84098e+08 1.72658e+07
2.84098e+08 1.72658e+07
2.84098e+08 1.72658e+07
2.84098e+08 1.72658e+07
2.84098e+08 1.72658e+07
2.84982e+08 1.71776e+07
2.85552e+08 1.73341e+07
2.85586e+08 1.73452e+07
2.85586e+08 1.73452e+07
2.85586e+08 1.73452e+07
2.85586e+08 1.73452e+07
2.85653e+08 1.73676e+07
2.86379e+08 1.71552e+07
2.86379e+08 1.71552e+07
2.86379e+08 1.71552e+07
2.86502e+08 1.6887e+07
2.86502e+08 1.68534e+07
2.87039e+08 1.73117e+07
2.8705e+08 1.73117e+07
2.87061e+08 1.73005e+07
2.87229e+08 1.74011e+07
3.01935e+08 1.78372e+07
3.01947e+08 1.78484e+07
3.01947e+08 1.78484e+07
3.01947e+08 1.78484e+07
3.01947e+08 1.78484e+07
3.01947e+08 1.78484e+07
3.01947e+08 1.78485e+07
3.01947e+08 1.78485e+07
3.01947e+08 1.78485e+07
3.01947e+08 1.78485e+07
3.01947e+08 1.78485e+07
3.01947e+08 1.78485e+07
3.01947e+08 1.78485e+07
3.01947e+08 1.78485e+07
3.0311e+08 1.8128e+07
3.03445e+08 1.78933e+07
3.03468e+08 1.78821e+07
3.03468e+08 1.78821e+07
3.03501e+08 1.79156e+07
3.03501e+08 1.79156e+07
3.03636e+08 1.79827e+07
3.04306e+08 1.79268e+07
3.04306e+08 1.79268e+07
3.04329e+08 1.79492e+07
3.04407e+08 1.79045e+07
3.04407e+08 1.79045e+07
3.04809e+08 1.77703e+07
3.04832e+08 1.77815e+07
3.0491e+08 1.78486e+07
3.05256e+08 1.80274e+07
3.20287e+08 1.83518e+07
3.2031e+08 1.83629e+07
3.20321e+08 1.83741e+07
3.20321e+08 1.83741e+07
3.20321e+08 1.83741e+07
3.20321e+08 1.83741e+07
3.20332e+08 1.83853e+07
3.20332e+08 1.83854e+07
3.20332e+08 1.83854e+07
3.20332e+08 1.83854e+07
3.20332e+08 1.83854e+07
3.20332e+08 1.83854e+07
3.20332e+08 1.83854e+07
3.20343e+08 1.83965e+07
3.20344e+08 1.83965e+07
3.2154e+08 1.84301e+07
3.21842e+08 1.83966e+07
3.21887e+08 1.84189e+07
3.21887e+08 1.84189e+07
3.21909e+08 1.84078e+07
3.21943e+08 1.84413e+07
3.222e+08 1.85642e+07
3.22837e+08 1.85307e+07
3.22837e+08 1.85307e+07
3.22837e+08 1.85084e+07
3.22848e+08 1.84413e+07
3.22848e+08 1.84413e+07
3.22949e+08 1.81395e+07
3.23083e+08 1.82513e+07
3.23195e+08 1.82848e+07
3.23642e+08 1.83855e+07
3.39232e+08 1.89445e+07
3.39232e+08 1.89222e+07
3.39232e+08 1.8911e+07
3.39232e+08 1.8911e+07
3.39232e+08 1.8911e+07
3.39232e+08 1.8911e+07
3.39232e+08 1.88997e+07
3.39243e+08 1.89109e+07
3.39243e+08 1.89109e+07
3.39243e+08 1.8911e+07
3.39243e+08 1.8911e+07
3.39243e+08 1.8911e+07
3.39243e+08 1.8911e+07
3.39243e+08 1.88998e+07
3.39243e+08 1.88998e+07
3.39243e+08 1.88999e+07
3.40327e+08 1.87866e+07
3.40774e+08 1.89318e+07
3.40841e+08 1.89542e+07
3.40852e+08 1.89654e+07
3.40919e+08 1.90101e+07
3.40919e+08 1.89766e+07
3.41165e+08 1.89654e+07
3.41512e+08 1.86748e+07
3.41512e+08 1.86748e+07
3.41534e+08 1.86972e+07
3.41556e+08 1.87083e+07
3.41612e+08 1.87642e+07
3.41914e+08 1.89654e+07
3.42004e+08 1.89207e+07
3.42026e+08 1.88313e+07
3.42931e+08 1.92895e+07
3.58745e+08 1.95134e+07
3.58745e+08 1.95133e+07
3.58745e+08 1.95133e+07
3.58745e+08 1.95133e+07
3.58745e+08 1.95133e+07
3.58745e+08 1.95133e+07
3.58745e+08 1.95133e+07
3.58745e+08 1.95021e+07
3.58745e+08 1.95021e+07
3.58745e+08 1.95021e+07
3.58745e+08 1.95022e+07
3.58745e+08 1.95021e+07
3.58745e+08 1.95021e+07
3.58745e+08 1.95022e+07
3.58746e+08 1.95022e+07
3.58746e+08 1.95022e+07
3.58746e+08 1.95022e+07
3.59696e+08 1.93691e+07
3.60221e+08 1.94474e+07
3.60367e+08 1.95257e+07
3.60423e+08 1.95704e+07
3.60479e+08 1.95592e+07
3.60479e+08 1.95592e+07
3.60568e+08 1.94028e+07
3.60959e+08 1.94475e+07
3.60959e+08 1.94475e+07
3.61082e+08 1.95481e+07
3.61216e+08 1.96599e+07
3.61295e+08 1.96822e+07
3.61317e+08 1.94028e+07
3.61529e+08 1.95258e+07
3.61596e+08 1.95705e+07
3.62502e+08 1.95705e+07
3.78807e+08 2.00625e+07
3.78807e+08 2.00625e+07
3.78808e+08 2.00625e+07
3.78808e+08 2.00625e+07
3.78808e+08 2.00625e+07
3.78808e+08 2.00625e+07
3.78808e+08 2.00625e+07
3.78808e+08 2.00624e+07
3.78808e+08 2.00624e+07
3.78808e+08 2.00625e+07
3.78808e+08 2.00626e+07
3.78808e+08 2.00625e+07
3.78808e+08 2.00625e+07
3.78808e+08 2.00626e+07
3.78808e+08 2.00626e+07
3.78808e+08 2.00625e+07
3.78808e+08 2.00625e+07
3.78808e+08 2.00626e+07
3.79613e+08 1.99174e+07
3.80172e+08 1.99509e+07
3.80351e+08 1.99844e+07
3.80485e+08 2.00626e+07
3.80563e+08 2.00849e+07
3.80563e+08 2.00849e+07
3.80608e+08 2.00402e+07
3.8091e+08 1.99509e+07
3.81067e+08 2.01073e+07
3.81134e+08 2.00515e+07
3.81268e+08 2.00515e+07
3.81268e+08 1.99733e+07
3.81268e+08 1.99509e+07
3.8167e+08 2.01409e+07
3.81693e+08 2.00962e+07
3.83056e+08 2.05545e+07
3.99452e+08 2.06441e+07
3.99452e+08 2.06441e+07
3.99452e+08 2.06441e+07
3.99452e+08 2.06441e+07
3.99452e+08 2.06441e+07
3.99452e+08 2.06441e+07
3.99463e+08 2.06553e+07
3.99474e+08 2.06664e+07
3.99474e+08 2.06665e+07
3.99474e+08 2.06665e+07
3.99475e+08 2.06665e+07
3.99475e+08 2.06665e+07
3.99475e+08 2.06666e+07
3.99486e+08 2.06778e+07
3.99486e+08 2.06778e+07
3.99486e+08 2.06778e+07
3.99486e+08 2.06778e+07
3.99486e+08 2.06778e+07
4.00317e+08 2.07038e+07
4.00351e+08 2.07373e+07
4.0053e+08 2.03574e+07
4.00742e+08 2.03909e+07
4.00831e+08 2.03462e+07
4.01066e+08 2.05026e+07
4.01088e+08 2.0525e+07
4.01234e+08 2.06256e+07
4.01524e+08 2.06143e+07
4.01647e+08 2.05808e+07
4.0186e+08 2.07261e+07
4.01882e+08 2.06143e+07
4.01882e+08 2.06143e+07
4.01893e+08 2.06255e+07
4.02396e+08 2.0726e+07
4.02396e+08 2.07037e+07
4.03827e+08 2.07708e+07
4.20726e+08 2.1274e+07
4.20726e+08 2.1274e+07
4.20726e+08 2.1274e+07
4.20726e+08 2.1274e+07
4.20726e+08 2.1274e+07
4.20726e+08 2.1274e+07
4.20726e+08 2.12628e+07
4.20737e+08 2.12628e+07
4.20759e+08 2.12851e+07
4.20771e+08 2.12964e+07
4.20771e+08 2.12964e+07
4.20771e+08 2.12964e+07
4.20793e+08 2.13189e+07
4.20838e+08 2.13524e+07
4.20849e+08 2.13636e+07
4.20849e+08 2.13636e+07
4.20849e+08 2.13636e+07
4.20849e+08 2.13636e+07
4.21543e+08 2.12257e+07
4.21543e+08 2.11922e+07
4.21565e+08 2.12146e+07
4.21834e+08 2.13047e+07
4.22076e+08 2.13336e+07
4.22076e+08 2.12442e+07
4.22076e+08 2.10095e+07
4.22199e+08 2.111e+07
4.22411e+08 2.11771e+07
4.22802e+08 2.12777e+07
4.22824e+08 2.11771e+07
4.22959e+08 2.10989e+07
4.23015e+08 2.11324e+07
4.23015e+08 2.11324e+07
4.23048e+08 2.11548e+07
4.23506e+08 2.11101e+07
4.23529e+08 2.11324e+07
4.25228e+08 2.14007e+07
4.42618e+08 2.18926e+07
4.42618e+08 2.18926e+07
4.42618e+08 2.18926e+07
4.42618e+08 2.18927e+07
4.42618e+08 2.18927e+07
4.42618e+08 2.18927e+07
4.42618e+08 2.18927e+07
4.42618e+08 2.18815e+07
4.4263e+08 2.18703e+07
4.42675e+08 2.19038e+07
4.42697e+08 2.19262e+07
4.4272e+08 2.19486e+07
4.42742e+08 2.19486e+07
4.42753e+08 2.1915e+07
4.42753e+08 2.19038e+07
4.42753e+08 2.19038e+07
4.42753e+08 2.19038e+07
4.42753e+08 2.19039e+07
4.4345e+08 2.19077e+07
4.43473e+08 2.19301e+07
4.43494e+08 2.19292e+07
4.43873e+08 2.20391e+07
4.43918e+08 2.20838e+07
4.44008e+08 2.1932e+07
4.4403e+08 2.19544e+07
4.4403e+08 2.19544e+07
4.44086e+08 2.18873e+07
4.44343e+08 2.1932e+07
4.44645e+08 2.18426e+07
4.44678e+08 2.18538e+07
4.44935e+08 2.19768e+07
4.45137e+08 2.21221e+07
4.45193e+08 2.21779e+07
4.45383e+08 2.23344e+07
4.45561e+08 2.2055e+07
4.45561e+08 2.20327e+07
4.47216e+08 2.19879e+07
4.65098e+08 2.248e+07
4.65098e+08 2.248e+07
4.65121e+08 2.25023e+07
4.65121e+08 2.25023e+07
4.65132e+08 2.25135e+07
4.65132e+08 2.25135e+07
4.65132e+08 2.25135e+07
4.65132e+08 2.25135e+07
4.65132e+08 2.25023e+07
4.6521e+08 2.25356e+07
4.65255e+08 2.2558e+07
4.65267e+08 2.2547e+07
4.65278e+08 2.25358e+07
4.653e+08 2.2547e+07
4.65311e+08 2.25582e+07
4.65311e+08 2.25582e+07
4.65311e+08 2.25582e+07
4.65356e+08 2.26029e+07
4.65939e+08 2.2489e+07
4.66007e+08 2.25343e+07
4.66029e+08 2.25352e+07
4.66341e+08 2.24672e+07
4.66363e+08 2.24449e+07
4.66385e+08 2.24673e+07
4.66542e+08 2.25344e+07
4.66553e+08 2.25232e+07
4.66553e+08 2.25232e+07
4.66564e+08 2.24785e+07
4.66956e+08 2.26126e+07
4.67235e+08 2.25903e+07
4.67257e+08 2.25791e+07
4.67459e+08 2.25232e+07
4.67716e+08 2.25791e+07
4.67749e+08 2.25568e+07
4.67861e+08 2.24785e+07
4.68051e+08 2.24897e+07
4.68152e+08 2.25903e+07
4.69761e+08 2.25456e+07
4.88214e+08 2.31158e+07
4.88214e+08 2.31158e+07
4.88214e+08 2.30935e+07
4.88214e+08 2.30935e+07
4.88236e+08 2.31047e+07
4.88248e+08 2.31158e+07
4.88248e+08 2.31158e+07
4.88248e+08 2.31158e+07
4.88248e+08 2.31158e+07
4.88304e+08 2.30933e+07
4.88337e+08 2.30822e+07
4.88405e+08 2.31381e+07
4.88449e+08 2.31716e+07
4.88461e+08 2.31604e+07
4.88461e+08 2.31493e+07
4.88461e+08 2.31493e+07
4.88461e+08 2.31493e+07
4.88483e+08 2.31269e+07
4.89078e+08 2.31381e+07
4.89122e+08 2.31153e+07
4.89134e+08 2.31041e+07
4.89391e+08 2.30501e+07
4.89424e+08 2.30613e+07
4.89424e+08 2.30389e+07
4.89424e+08 2.3039e+07
4.89481e+08 2.2939e+07
4.89481e+08 2.29278e+07
4.89587e+08 2.3034e+07
4.89621e+08 2.30564e+07
4.89945e+08 2.29893e+07
4.90135e+08 2.28999e+07
4.90135e+08 2.28776e+07
4.90213e+08 2.27546e+07
4.90862e+08 2.31458e+07
4.90906e+08 2.3157e+07
4.91018e+08 2.3157e+07
4.91107e+08 2.30564e+07
4.9123e+08 2.30787e+07
4.92706e+08 2.29446e+07
5.11975e+08 2.37608e+07
5.11975e+08 2.37608e+07
5.11975e+08 2.37608e+07
5.11975e+08 2.37608e+07
5.11975e+08 2.37385e+07
5.11975e+08 2.37273e+07
5.11986e+08 2.37385e+07
5.11986e+08 2.37385e+07
5.11986e+08 2.37385e+07
5.12064e+08 2.37608e+07
5.12098e+08 2.37607e+07
5.12143e+08 2.37382e+07
5.12188e+08 2.37383e+07
5.12199e+08 2.37382e+07
5.1221e+08 2.37494e+07
5.1221e+08 2.37494e+07
5.1221e+08 2.37494e+07
5.12233e+08 2.37495e+07
5.12899e+08 2.38215e+07
5.12921e+08 2.37991e+07
5.12921e+08 2.37879e+07
5.13167e+08 2.37767e+07
5.1319e+08 2.37656e+07
5.1319e+08 2.37656e+07
5.13212e+08 2.37879e+07
5.13212e+08 2.37314e+07
5.13212e+08 2.37314e+07
5.13212e+08 2.37314e+07
5.13224e+08 2.36364e+07
5.13224e+08 2.36028e+07
5.13502e+08 2.35571e+07
5.13659e+08 2.35236e+07
5.13659e+08 2.35236e+07
5.13726e+08 2.35124e+07
5.14575e+08 2.37136e+07
5.14586e+08 2.36801e+07
5.14631e+08 2.3613e+07
5.14788e+08 2.36801e+07
5.14922e+08 2.36912e+07
5.16364e+08 2.36577e+07
5.36337e+08 2.43621e+07
5.36337e+08 2.43621e+07
5.36337e+08 2.43621e+07
5.36359e+08 2.43845e+07
5.36371e+08 2.43957e+07
5.36371e+08 2.43957e+07
5.36382e+08 2.43957e+07
5.36382e+08 2.43957e+07
5.36382e+08 2.43957e+07
5.36404e+08 2.43398e+07
5.36427e+08 2.43286e+07
5.36494e+08 2.43508e+07
5.36527e+08 2.43396e+07
5.3655e+08 2.43508e+07
5.36561e+08 2.43508e+07
5.36561e+08 2.43508e+07
5.36572e+08 2.4362e+07
5.36572e+08 2.43397e+07
5.37244e+08 2.4345e+07
5.37255e+08 2.43338e+07
5.37289e+08 2.43673e+07
5.3749e+08 2.43226e+07
5.37535e+08 2.4345e+07
5.37535e+08 2.4345e+07
5.37535e+08 2.43226e+07
5.37535e+08 2.43226e+07
5.37591e+08 2.43785e+07
5.37591e+08 2.43785e+07
5.37591e+08 2.43785e+07
5.37591e+08 2.43674e+07
5.37591e+08 2.43674e+07
5.37658e+08 2.4156e+07
5.37759e+08 2.41e+07
5.37759e+08 2.41e+07
5.37837e+08 2.41112e+07
5.38664e+08 2.4089e+07
5.38765e+08 2.41784e+07
5.38821e+08 2.41896e+07
5.39089e+08 2.43013e+07
5.39279e+08 2.43572e+07
5.40464e+08 2.41001e+07
5.61343e+08 2.50058e+07
5.61343e+08 2.50058e+07
5.61343e+08 2.50058e+07
5.61343e+08 2.49834e+07
5.61343e+08 2.49722e+07
5.61343e+08 2.49722e+07
5.61354e+08 2.49722e+07
5.61354e+08 2.49722e+07
5.61354e+08 2.49722e+07
5.61376e+08 2.49722e+07
5.61388e+08 2.4961e+07
5.61432e+08 2.49386e+07
5.61443e+08 2.49162e+07
5.61499e+08 2.49497e+07
5.61511e+08 2.49497e+07
5.61511e+08 2.49497e+07
5.61511e+08 2.49386e+07
5.61511e+08 2.49386e+07
5.62082e+08 2.48379e+07
5.62093e+08 2.4838e+07
5.62104e+08 2.48156e+07
5.62283e+08 2.47932e+07
5.62384e+08 2.48491e+07
5.62406e+08 2.48715e+07
5.62406e+08 2.48715e+07
5.62406e+08 2.48715e+07
5.62429e+08 2.48379e+07
5.62429e+08 2.48379e+07
5.62431e+08 2.48397e+07
5.62431e+08 2.48397e+07
5.62442e+08 2.48509e+07
5.62452e+08 2.48608e+07
5.62509e+08 2.4851e+07
5.62519e+08 2.47603e+07
5.62519e+08 2.47603e+07
5.6263e+08 2.47933e+07
5.63481e+08 2.48173e+07
5.63548e+08 2.47838e+07
5.63649e+08 2.48285e+07
5.63962e+08 2.48732e+07
5.64007e+08 2.47279e+07
5.65438e+08 2.49738e+07
5.86853e+08 2.55106e+07
5.86864e+08 2.55217e+07
5.86864e+08 2.55217e+07
5.86864e+08 2.55217e+07
5.86865e+08 2.55217e+07
5.86865e+08 2.55217e+07
5.86876e+08 2.55217e+07
5.86876e+08 2.55217e+07
5.86876e+08 2.55217e+07
5.86876e+08 2.54994e+07
5.86898e+08 2.55105e+07
5.86943e+08 2.55106e+07
5.86965e+08 2.55217e+07
5.86965e+08 2.54658e+07
5.86988e+08 2.54769e+07
5.86988e+08 2.54769e+07
5.86999e+08 2.54881e+07
5.86999e+08 2.54881e+07
5.87559e+08 2.54771e+07
5.87559e+08 2.54659e+07
5.87559e+08 2.54547e+07
5.8769e+08 2.54068e+07
5.8788e+08 2.54962e+07
5.87903e+08 2.54962e+07
5.87903e+08 2.54962e+07
5.87925e+08 2.55186e+07
5.87947e+08 2.55185e+07
5.87947e+08 2.55185e+07
5.87947e+08 2.55168e+07
5.87947e+08 2.55168e+07
5.87961e+08 2.553e+07
5.87973e+08 2.55314e+07
5.87984e+08 2.55327e+07
5.88007e+08 2.54978e+07
5.88007e+08 2.54879e+07
5.88007e+08 2.54878e+07
5.88061e+08 2.54313e+07
5.88899e+08 2.5418e+07
5.89034e+08 2.54851e+07
5.89123e+08 2.5474e+07
5.89335e+08 2.53734e+07
5.89335e+08 2.53287e+07
5.9099e+08 2.55522e+07
6.13222e+08 2.63688e+07
6.13222e+08 2.63576e+07
6.13222e+08 2.63576e+07
6.13222e+08 2.63576e+07
6.13222e+08 2.63576e+07
6.13233e+08 2.63688e+07
6.13233e+08 2.63576e+07
6.13233e+08 2.63576e+07
6.13233e+08 2.63576e+07
6.13233e+08 2.63577e+07
6.13256e+08 2.63577e+07
6.13323e+08 2.63801e+07
6.13356e+08 2.63913e+07
6.13379e+08 2.64136e+07
6.13446e+08 2.64583e+07
6.13446e+08 2.64583e+07
6.13468e+08 2.64695e+07
6.13636e+08 2.66371e+07
6.13905e+08 2.63463e+07
6.13905e+08 2.63463e+07
6.13917e+08 2.63575e+07
6.13917e+08 2.62265e+07
6.13917e+08 2.60365e+07
6.13917e+08 2.60142e+07
6.13917e+08 2.60142e+07
6.13917e+08 2.59917e+07
6.13917e+08 2.59694e+07
6.13917e+08 2.59694e+07
6.13917e+08 2.59694e+07
6.13917e+08 2.59694e+07
6.13917e+08 2.59561e+07
6.13917e+08 2.59436e+07
6.13917e+08 2.59436e+07
6.13917e+08 2.59324e+07
6.13917e+08 2.591e+07
6.13917e+08 2.591e+07
6.13917e+08 2.591e+07
6.13917e+08 2.58553e+07
6.14052e+08 2.51522e+07
6.14074e+08 2.50405e+07
6.14074e+08 2.49511e+07
6.14108e+08 2.47723e+07
6.14108e+08 2.47723e+07
6.14287e+08 2.3297e+07
6.20652e+08 7.42984e+06
6.20672e+08 7.44952e+06
6.20683e+08 7.46097e+06
