4.76736e+06 4.76694e+06
8.31617e+06 3.54881e+06
8.31618e+06 3.54882e+06
9.49572e+06 1.17955e+06
9.49573e+06 1.17955e+06
1.18344e+07 2.33864e+06
1.18344e+07 2.33865e+06
1.18344e+07 2.33865e+06
1.42385e+07 2.40417e+06
1.42385e+07 2.40417e+06
1.42723e+07 2.43793e+06
1.42723e+07 2.43793e+06
1.69138e+07 2.67532e+06
1.69474e+07 2.70885e+06
1.76293e+07 3.357e+06
1.76293e+07 3.35702e+06
1.76293e+07 3.35704e+06
2.06263e+07 3.71245e+06
2.06822e+07 3.73482e+06
2.10735e+07 3.44417e+06
2.10959e+07 3.46655e+06
2.10959e+07 3.46655e+06
2.10959e+07 3.46656e+06
2.40931e+07 3.46684e+06
2.43279e+07 3.64573e+06
2.48756e+07 3.80217e+06
2.49092e+07 3.81336e+06
2.49204e+07 3.82453e+06
2.49428e+07 3.84688e+06
2.49875e+07 3.8916e+06
2.80969e+07 4.00373e+06
2.84323e+07 4.10435e+06
2.88459e+07 3.97021e+06
2.89353e+07 4.02609e+06
2.89465e+07 4.02609e+06
2.89465e+07 4.00374e+06
2.90024e+07 4.0149e+06
3.28718e+07 4.77498e+06
3.28718e+07 4.77499e+06
3.31513e+07 4.71904e+06
3.34978e+07 4.65199e+06
3.36321e+07 4.69672e+06
3.36321e+07 4.68554e+06
3.36321e+07 4.68554e+06
3.36321e+07 4.62966e+06
3.81948e+07 5.32293e+06
3.82171e+07 5.34528e+06
3.82842e+07 5.41235e+06
3.8586e+07 5.4347e+06
3.8709e+07 5.21115e+06
3.89214e+07 5.28938e+06
3.89326e+07 5.30058e+06
3.89327e+07 5.30059e+06
3.89327e+07 5.3006e+06
4.39315e+07 5.73677e+06
4.39651e+07 5.74797e+06
4.42781e+07 5.99387e+06
4.43899e+07 5.80386e+06
4.43899e+07 5.80387e+06
4.45128e+07 5.80384e+06
4.47029e+07 5.7815e+06
4.47477e+07 5.81503e+06
4.477e+07 5.83738e+06
4.477e+07 5.83737e+06
5.06969e+07 6.76538e+06
5.07528e+07 6.78775e+06
5.09206e+07 6.64248e+06
5.09989e+07 6.60897e+06
5.09989e+07 6.60897e+06
5.09989e+07 6.60898e+06
5.09989e+07 6.48605e+06
5.11554e+07 6.45246e+06
5.11666e+07 6.41891e+06
5.12001e+07 6.43008e+06
5.12001e+07 6.4301e+06
5.75783e+07 6.88141e+06
5.76342e+07 6.88139e+06
5.78467e+07 6.92612e+06
5.79138e+07 6.91491e+06
5.79473e+07 6.94846e+06
5.79809e+07 6.98199e+06
5.80144e+07 7.01552e+06
5.80703e+07 7.07142e+06
5.81486e+07 6.99319e+06
5.81822e+07 7.01557e+06
5.81822e+07 6.98204e+06
5.82157e+07 7.01557e+06
6.53951e+07 7.81681e+06
6.54287e+07 7.79444e+06
6.56188e+07 7.77212e+06
6.56859e+07 7.7721e+06
6.57195e+07 7.77214e+06
6.57195e+07 7.73861e+06
6.5753e+07 7.73862e+06
6.57754e+07 7.70508e+06
6.57754e+07 7.70509e+06
6.58201e+07 7.67155e+06
6.58202e+07 7.63803e+06
6.58202e+07 7.63803e+06
6.58202e+07 7.60448e+06
7.36218e+07 8.22669e+06
7.36442e+07 8.21551e+06
7.37784e+07 8.15966e+06
7.38902e+07 8.20434e+06
7.40021e+07 8.28259e+06
7.40021e+07 8.28259e+06
7.40021e+07 8.24906e+06
7.40133e+07 8.23791e+06
7.40133e+07 8.23795e+06
7.40134e+07 8.23795e+06
7.40358e+07 8.21564e+06
7.40805e+07 8.26032e+06
7.40805e+07 8.26034e+06
7.41029e+07 8.2827e+06
8.24643e+07 8.84243e+06
8.24643e+07 8.82007e+06
8.27549e+07 8.97648e+06
8.27773e+07 8.88708e+06
8.28332e+07 8.83118e+06
8.28333e+07 8.83118e+06
8.28333e+07 8.83118e+06
8.28668e+07 8.85354e+06
8.28669e+07 8.85355e+06
8.2867e+07 8.85361e+06
8.29117e+07 8.87595e+06
8.29117e+07 8.87596e+06
8.29453e+07 8.86481e+06
8.29453e+07 8.86479e+06
8.29566e+07 8.85369e+06
9.20184e+07 9.55417e+06
9.20184e+07 9.55418e+06
9.20856e+07 9.33064e+06
9.21191e+07 9.34183e+06
9.21303e+07 9.29709e+06
9.21304e+07 9.29712e+06
9.21304e+07 9.29712e+06
9.22422e+07 9.3754e+06
9.22423e+07 9.37536e+06
9.22423e+07 9.37533e+06
9.22536e+07 9.34182e+06
9.2276e+07 9.36422e+06
9.2276e+07 9.36423e+06
9.23095e+07 9.36422e+06
9.23095e+07 9.36423e+06
9.23096e+07 9.35299e+06
1.02023e+08 1.0005e+07
1.02046e+08 1.00274e+07
1.02091e+08 1.0005e+07
1.02124e+08 1.0005e+07
1.02135e+08 1.0005e+07
1.02135e+08 1.0005e+07
1.02135e+08 1.0005e+07
1.02158e+08 9.91548e+06
1.02202e+08 9.96019e+06
1.02258e+08 1.00161e+07
1.0227e+08 1.00161e+07
1.02281e+08 1.0005e+07
1.02281e+08 1.0005e+07
1.02281e+08 9.97144e+06
1.02281e+08 9.97147e+06
1.02292e+08 9.98272e+06
1.02292e+08 9.98269e+06
1.12537e+08 1.0514e+07
1.12537e+08 1.04916e+07
1.12571e+08 1.04804e+07
1.12627e+08 1.05028e+07
1.12649e+08 1.0514e+07
1.12649e+08 1.0514e+07
1.12649e+08 1.0514e+07
1.12649e+08 1.04916e+07
1.12683e+08 1.04805e+07
1.1275e+08 1.04916e+07
1.12761e+08 1.04916e+07
1.12795e+08 1.05139e+07
1.12795e+08 1.05139e+07
1.1284e+08 1.05587e+07
1.12851e+08 1.05698e+07
1.12851e+08 1.05699e+07
1.12862e+08 1.05698e+07
1.12862e+08 1.05698e+07
1.237e+08 1.11624e+07
1.237e+08 1.11624e+07
1.237e+08 1.11288e+07
1.23812e+08 1.11847e+07
1.23834e+08 1.11847e+07
1.23834e+08 1.11848e+07
1.23856e+08 1.12071e+07
1.23879e+08 1.12295e+07
1.23901e+08 1.12183e+07
1.23935e+08 1.11847e+07
1.23968e+08 1.12071e+07
1.23991e+08 1.11959e+07
1.23991e+08 1.11959e+07
1.2408e+08 1.12406e+07
1.2408e+08 1.12294e+07
1.2408e+08 1.12294e+07
1.2408e+08 1.12182e+07
1.2408e+08 1.12182e+07
1.2408e+08 1.12182e+07
1.35341e+08 1.16416e+07
1.35341e+08 1.16416e+07
1.35353e+08 1.16528e+07
1.35442e+08 1.16305e+07
1.35442e+08 1.16081e+07
1.35509e+08 1.16752e+07
1.35588e+08 1.17311e+07
1.3561e+08 1.17311e+07
1.35655e+08 1.17534e+07
1.35688e+08 1.17534e+07
1.35711e+08 1.17422e+07
1.35722e+08 1.1731e+07
1.35722e+08 1.1731e+07
1.35722e+08 1.16416e+07
1.35722e+08 1.16416e+07
1.35722e+08 1.16416e+07
1.35722e+08 1.16416e+07
1.35722e+08 1.16416e+07
1.35722e+08 1.16416e+07
1.35722e+08 1.16416e+07
1.47612e+08 1.22707e+07
1.47612e+08 1.22707e+07
1.47623e+08 1.22707e+07
1.47791e+08 1.23489e+07
1.47847e+08 1.24048e+07
1.47914e+08 1.24048e+07
1.47914e+08 1.23266e+07
1.47948e+08 1.23377e+07
1.48015e+08 1.23602e+07
1.48026e+08 1.23378e+07
1.48037e+08 1.23266e+07
1.48037e+08 1.23154e+07
1.48037e+08 1.23154e+07
1.48048e+08 1.23266e+07
1.4806e+08 1.23378e+07
1.4806e+08 1.23378e+07
1.4806e+08 1.23378e+07
1.4806e+08 1.23378e+07
1.4806e+08 1.23378e+07
1.4806e+08 1.23378e+07
1.4806e+08 1.23378e+07
1.60576e+08 1.29644e+07
1.60576e+08 1.29644e+07
1.60588e+08 1.29644e+07
1.60688e+08 1.28974e+07
1.60688e+08 1.28415e+07
1.60688e+08 1.27744e+07
1.60711e+08 1.27968e+07
1.60733e+08 1.27856e+07
1.60834e+08 1.28192e+07
1.60834e+08 1.28081e+07
1.60879e+08 1.28416e+07
1.60879e+08 1.28416e+07
1.60879e+08 1.28416e+07
1.60879e+08 1.28304e+07
1.6089e+08 1.28304e+07
1.6089e+08 1.28304e+07
1.6089e+08 1.28304e+07
1.6089e+08 1.28304e+07
1.6089e+08 1.28304e+07
1.6089e+08 1.28304e+07
1.6089e+08 1.28304e+07
1.6089e+08 1.28304e+07
1.73524e+08 1.29476e+07
1.73535e+08 1.29588e+07
1.73569e+08 1.29812e+07
1.73647e+08 1.29588e+07
1.7367e+08 1.29812e+07
1.7367e+08 1.29812e+07
1.7367e+08 1.29588e+07
1.73681e+08 1.29476e+07
1.73737e+08 1.29029e+07
1.73737e+08 1.29029e+07
1.73782e+08 1.29029e+07
1.73782e+08 1.29029e+07
1.73782e+08 1.29029e+07
1.73782e+08 1.29029e+07
1.73804e+08 1.29142e+07
1.73804e+08 1.29142e+07
1.73804e+08 1.29142e+07
1.73804e+08 1.29142e+07
1.73804e+08 1.29142e+07
1.73815e+08 1.29253e+07
1.73815e+08 1.29253e+07
1.73815e+08 1.29253e+07
1.87236e+08 1.37123e+07
1.87236e+08 1.37123e+07
1.87248e+08 1.37123e+07
1.87259e+08 1.369e+07
1.87281e+08 1.36341e+07
1.87315e+08 1.36453e+07
1.87315e+08 1.36453e+07
1.87315e+08 1.36453e+07
1.87326e+08 1.36453e+07
1.8736e+08 1.3623e+07
1.87382e+08 1.36453e+07
1.87405e+08 1.3623e+07
1.87405e+08 1.3623e+07
1.87405e+08 1.3623e+07
1.87405e+08 1.3623e+07
1.87427e+08 1.3623e+07
1.87427e+08 1.3623e+07
1.87427e+08 1.3623e+07
1.87427e+08 1.3623e+07
1.87438e+08 1.36342e+07
1.8745e+08 1.36342e+07
1.87461e+08 1.36454e+07
1.87461e+08 1.36454e+07
2.01338e+08 1.41019e+07
2.01338e+08 1.41019e+07
2.01338e+08 1.41019e+07
2.01349e+08 1.41019e+07
2.01349e+08 1.40907e+07
2.01383e+08 1.41019e+07
2.01406e+08 1.40907e+07
2.01406e+08 1.40907e+07
2.01406e+08 1.40907e+07
2.01406e+08 1.40796e+07
2.01506e+08 1.41466e+07
2.01562e+08 1.41802e+07
2.01562e+08 1.41578e+07
2.01585e+08 1.41802e+07
2.01585e+08 1.41802e+07
2.01585e+08 1.41802e+07
2.01596e+08 1.4169e+07
2.01596e+08 1.4169e+07
2.01596e+08 1.4169e+07
2.01596e+08 1.4169e+07
2.01596e+08 1.41578e+07
2.01596e+08 1.41467e+07
2.01596e+08 1.41355e+07
2.01596e+08 1.41355e+07
2.16044e+08 1.47058e+07
2.16044e+08 1.47058e+07
2.16044e+08 1.47058e+07
2.16055e+08 1.47058e+07
2.16055e+08 1.47058e+07
2.16055e+08 1.47058e+07
2.16055e+08 1.46723e+07
2.16111e+08 1.47058e+07
2.16123e+08 1.4717e+07
2.16167e+08 1.47617e+07
2.16167e+08 1.47617e+07
2.16223e+08 1.4717e+07
2.16279e+08 1.4717e+07
2.16291e+08 1.47282e+07
2.16291e+08 1.47058e+07
2.16291e+08 1.47058e+07
2.16302e+08 1.4717e+07
2.16313e+08 1.4717e+07
2.16313e+08 1.4717e+07
2.16313e+08 1.4717e+07
2.16313e+08 1.4717e+07
2.16313e+08 1.4717e+07
2.16324e+08 1.47282e+07
2.16347e+08 1.47506e+07
2.16347e+08 1.47506e+07
2.31354e+08 1.53103e+07
2.31354e+08 1.53102e+07
2.31354e+08 1.53102e+07
2.31354e+08 1.52991e+07
2.31354e+08 1.52991e+07
2.31366e+08 1.53103e+07
2.31366e+08 1.53103e+07
2.31377e+08 1.53214e+07
2.31433e+08 1.53214e+07
2.31433e+08 1.53102e+07
2.31444e+08 1.52767e+07
2.31444e+08 1.52767e+07
2.31511e+08 1.52879e+07
2.31567e+08 1.52879e+07
2.31579e+08 1.52879e+07
2.31579e+08 1.52879e+07
2.31579e+08 1.52879e+07
2.31579e+08 1.52768e+07
2.31601e+08 1.52879e+07
2.31601e+08 1.52879e+07
2.31601e+08 1.5288e+07
2.31624e+08 1.53103e+07
2.31624e+08 1.53103e+07
2.31624e+08 1.52992e+07
2.31668e+08 1.53215e+07
2.31679e+08 1.53327e+07
2.47312e+08 1.59576e+07
2.47312e+08 1.59577e+07
2.47312e+08 1.59577e+07
2.47312e+08 1.59576e+07
2.47312e+08 1.59576e+07
2.47312e+08 1.59465e+07
2.47323e+08 1.59576e+07
2.47323e+08 1.59577e+07
2.47379e+08 1.60024e+07
2.47402e+08 1.59688e+07
2.47402e+08 1.59688e+07
2.47402e+08 1.59576e+07
2.47402e+08 1.59576e+07
2.47424e+08 1.5913e+07
2.47491e+08 1.59241e+07
2.47492e+08 1.5913e+07
2.47492e+08 1.5913e+07
2.47503e+08 1.59242e+07
2.47514e+08 1.59354e+07
2.47536e+08 1.59354e+07
2.47559e+08 1.59577e+07
2.4757e+08 1.59689e+07
2.4757e+08 1.59465e+07
2.47581e+08 1.59577e+07
2.47581e+08 1.59577e+07
2.47682e+08 1.60136e+07
2.4776e+08 1.60806e+07
2.63906e+08 1.65939e+07
2.63906e+08 1.65939e+07
2.63906e+08 1.65939e+07
2.63906e+08 1.65939e+07
2.63906e+08 1.65939e+07
2.63906e+08 1.65939e+07
2.63917e+08 1.65939e+07
2.63928e+08 1.66051e+07
2.63951e+08 1.66274e+07
2.63951e+08 1.65716e+07
2.63951e+08 1.65492e+07
2.63951e+08 1.65492e+07
2.63951e+08 1.65492e+07
2.63951e+08 1.65492e+07
2.63951e+08 1.65269e+07
2.63974e+08 1.64823e+07
2.63974e+08 1.64822e+07
2.63974e+08 1.64822e+07
2.64086e+08 1.65828e+07
2.64086e+08 1.65717e+07
2.64108e+08 1.65716e+07
2.64108e+08 1.65493e+07
2.6413e+08 1.65605e+07
2.64153e+08 1.65828e+07
2.64153e+08 1.65716e+07
2.64153e+08 1.65716e+07
2.64186e+08 1.65045e+07
2.64186e+08 1.64263e+07
2.81019e+08 1.71134e+07
2.81019e+08 1.71134e+07
2.81019e+08 1.71134e+07
2.81019e+08 1.71134e+07
2.81019e+08 1.71134e+07
2.81019e+08 1.71134e+07
2.81019e+08 1.71023e+07
2.81019e+08 1.70911e+07
2.81019e+08 1.70687e+07
2.81031e+08 1.70799e+07
2.81031e+08 1.70799e+07
2.81031e+08 1.70799e+07
2.81031e+08 1.70799e+07
2.81031e+08 1.70799e+07
2.81031e+08 1.70799e+07
2.81031e+08 1.70799e+07
2.81098e+08 1.71246e+07
2.8111e+08 1.71358e+07
2.8111e+08 1.71358e+07
2.81166e+08 1.70799e+07
2.81166e+08 1.70799e+07
2.81177e+08 1.70688e+07
2.81188e+08 1.70799e+07
2.81199e+08 1.70687e+07
2.81199e+08 1.70464e+07
2.81199e+08 1.70464e+07
2.81199e+08 1.70464e+07
2.81244e+08 1.70575e+07
2.81244e+08 1.70576e+07
2.98711e+08 1.7692e+07
2.98711e+08 1.7692e+07
2.98711e+08 1.7692e+07
2.98711e+08 1.7692e+07
2.98711e+08 1.7692e+07
2.98711e+08 1.7692e+07
2.98711e+08 1.7692e+07
2.98711e+08 1.7692e+07
2.98711e+08 1.7692e+07
2.98723e+08 1.7692e+07
2.98723e+08 1.7692e+07
2.98723e+08 1.7692e+07
2.98723e+08 1.7692e+07
2.98723e+08 1.7692e+07
2.98723e+08 1.7692e+07
2.98723e+08 1.76921e+07
2.98757e+08 1.77256e+07
2.98802e+08 1.77032e+07
2.98813e+08 1.77032e+07
2.98824e+08 1.77144e+07
2.98913e+08 1.77479e+07
2.98913e+08 1.77479e+07
2.98936e+08 1.77591e+07
2.98936e+08 1.77479e+07
2.98936e+08 1.77367e+07
2.98936e+08 1.77367e+07
2.98936e+08 1.77367e+07
2.98936e+08 1.77367e+07
2.98936e+08 1.7692e+07
2.98981e+08 1.77367e+07
3.16983e+08 1.82714e+07
3.16983e+08 1.82714e+07
3.16983e+08 1.82714e+07
3.16983e+08 1.82714e+07
3.16983e+08 1.82714e+07
3.16983e+08 1.82714e+07
3.16983e+08 1.82714e+07
3.16983e+08 1.82714e+07
3.16983e+08 1.82714e+07
3.16983e+08 1.82602e+07
3.16994e+08 1.82714e+07
3.16994e+08 1.82714e+07
3.17028e+08 1.83049e+07
3.17028e+08 1.83049e+07
3.17028e+08 1.83049e+07
3.17028e+08 1.83049e+07
3.17028e+08 1.8305e+07
3.17039e+08 1.82826e+07
3.17118e+08 1.83161e+07
3.17129e+08 1.83161e+07
3.17129e+08 1.83049e+07
3.1723e+08 1.83161e+07
3.1723e+08 1.83161e+07
3.17274e+08 1.83385e+07
3.17274e+08 1.83385e+07
3.17274e+08 1.83385e+07
3.17274e+08 1.83385e+07
3.17274e+08 1.83385e+07
3.17274e+08 1.83385e+07
3.17274e+08 1.83385e+07
3.17297e+08 1.83162e+07
3.35837e+08 1.88548e+07
3.35837e+08 1.88548e+07
3.35837e+08 1.88548e+07
3.35837e+08 1.88548e+07
3.35838e+08 1.88548e+07
3.35838e+08 1.88548e+07
3.35838e+08 1.88548e+07
3.35838e+08 1.88548e+07
3.35838e+08 1.88548e+07
3.3586e+08 1.88771e+07
3.35871e+08 1.88771e+07
3.35871e+08 1.88771e+07
3.35883e+08 1.88548e+07
3.35883e+08 1.88548e+07
3.35883e+08 1.88548e+07
3.35883e+08 1.88548e+07
3.35883e+08 1.88548e+07
3.35928e+08 1.88996e+07
3.35928e+08 1.88883e+07
3.36028e+08 1.89107e+07
3.36028e+08 1.88995e+07
3.36051e+08 1.89219e+07
3.36151e+08 1.89219e+07
3.36163e+08 1.8933e+07
3.36174e+08 1.88995e+07
3.36174e+08 1.88995e+07
3.36174e+08 1.88995e+07
3.36174e+08 1.88995e+07
3.36174e+08 1.88995e+07
3.36174e+08 1.88995e+07
3.3623e+08 1.89554e+07
3.36275e+08 1.89777e+07
3.55307e+08 1.94699e+07
3.55307e+08 1.94699e+07
3.55307e+08 1.94699e+07
3.55307e+08 1.94699e+07
3.55307e+08 1.94699e+07
3.55307e+08 1.94699e+07
3.55307e+08 1.94699e+07
3.55307e+08 1.94699e+07
3.55307e+08 1.94698e+07
3.55307e+08 1.94475e+07
3.55308e+08 1.94363e+07
3.55308e+08 1.94363e+07
3.55364e+08 1.9481e+07
3.55364e+08 1.9481e+07
3.55386e+08 1.95034e+07
3.55386e+08 1.95034e+07
3.55386e+08 1.95034e+07
3.55386e+08 1.95034e+07
3.55386e+08 1.94587e+07
3.55386e+08 1.94587e+07
3.55543e+08 1.95146e+07
3.55543e+08 1.95146e+07
3.55565e+08 1.95146e+07
3.55688e+08 1.95369e+07
3.55688e+08 1.95258e+07
3.55744e+08 1.95705e+07
3.55744e+08 1.95705e+07
3.55744e+08 1.95705e+07
3.55744e+08 1.95705e+07
3.55744e+08 1.95705e+07
3.55744e+08 1.95705e+07
3.55744e+08 1.95146e+07
3.55811e+08 1.95369e+07
3.75336e+08 2.0029e+07
3.75336e+08 2.00291e+07
3.75348e+08 2.00402e+07
3.75348e+08 2.00403e+07
3.75348e+08 2.00403e+07
3.75348e+08 2.00403e+07
3.75359e+08 2.00515e+07
3.75359e+08 2.00515e+07
3.7537e+08 2.00626e+07
3.75381e+08 2.00738e+07
3.75404e+08 2.00961e+07
3.75404e+08 2.00961e+07
3.75404e+08 2.00402e+07
3.75404e+08 2.00402e+07
3.75404e+08 2.00178e+07
3.75415e+08 2.00291e+07
3.75415e+08 2.00291e+07
3.75437e+08 2.00514e+07
3.75437e+08 2.00514e+07
3.75449e+08 2.00626e+07
3.75471e+08 2.0085e+07
3.7565e+08 2.01073e+07
3.75684e+08 2.01408e+07
3.75717e+08 2.0152e+07
3.75863e+08 2.01744e+07
3.75863e+08 2.01744e+07
3.75863e+08 2.01184e+07
3.75863e+08 2.01184e+07
3.75863e+08 2.01184e+07
3.75863e+08 2.01184e+07
3.75863e+08 2.01184e+07
3.75863e+08 2.01184e+07
3.75863e+08 2.01184e+07
3.75874e+08 2.00626e+07
3.95969e+08 2.06329e+07
3.95969e+08 2.06329e+07
3.95969e+08 2.06217e+07
3.9598e+08 2.06329e+07
3.9598e+08 2.06329e+07
3.9598e+08 2.06329e+07
3.96003e+08 2.0644e+07
3.96003e+08 2.0644e+07
3.96003e+08 2.06329e+07
3.96025e+08 2.06441e+07
3.96025e+08 2.06217e+07
3.96025e+08 2.06218e+07
3.96059e+08 2.06553e+07
3.96059e+08 2.06553e+07
3.96059e+08 2.06553e+07
3.96059e+08 2.06441e+07
3.96059e+08 2.06441e+07
3.96059e+08 2.06218e+07
3.96059e+08 2.06218e+07
3.96059e+08 2.06218e+07
3.96182e+08 2.07336e+07
3.96182e+08 2.07112e+07
3.96306e+08 2.06553e+07
3.96317e+08 2.0633e+07
3.9635e+08 2.0633e+07
3.96507e+08 2.06442e+07
3.96507e+08 2.06442e+07
3.96507e+08 2.06442e+07
3.96507e+08 2.06442e+07
3.96507e+08 2.06442e+07
3.96507e+08 2.06442e+07
3.96507e+08 2.06442e+07
3.96507e+08 2.06442e+07
3.96507e+08 2.06442e+07
3.96507e+08 2.0633e+07
4.17324e+08 2.1355e+07
4.17335e+08 2.13662e+07
4.17335e+08 2.13662e+07
4.17336e+08 2.1355e+07
4.17336e+08 2.1355e+07
4.17336e+08 2.1355e+07
4.17336e+08 2.13327e+07
4.17336e+08 2.13327e+07
4.17336e+08 2.13327e+07
4.17336e+08 2.13103e+07
4.17336e+08 2.13103e+07
4.17336e+08 2.13103e+07
4.17369e+08 2.13103e+07
4.17369e+08 2.13103e+07
4.17369e+08 2.13103e+07
4.17369e+08 2.13104e+07
4.17381e+08 2.13215e+07
4.17403e+08 2.13439e+07
4.17403e+08 2.13439e+07
4.17414e+08 2.13551e+07
4.17414e+08 2.13551e+07
4.17571e+08 2.13886e+07
4.17571e+08 2.13886e+07
4.17705e+08 2.13998e+07
4.17705e+08 2.13886e+07
4.17717e+08 2.13663e+07
4.17806e+08 2.12993e+07
4.17806e+08 2.12993e+07
4.17806e+08 2.12993e+07
4.17817e+08 2.13104e+07
4.17817e+08 2.13104e+07
4.17817e+08 2.13104e+07
4.17829e+08 2.13216e+07
4.17829e+08 2.13216e+07
4.17829e+08 2.13216e+07
4.17829e+08 2.13216e+07
4.39174e+08 2.18501e+07
4.39174e+08 2.18389e+07
4.39174e+08 2.18389e+07
4.39174e+08 2.18389e+07
4.39174e+08 2.18389e+07
4.39174e+08 2.18389e+07
4.39174e+08 2.18389e+07
4.39174e+08 2.18389e+07
4.39174e+08 2.18389e+07
4.39174e+08 2.18389e+07
4.39175e+08 2.18389e+07
4.39175e+08 2.18389e+07
4.39197e+08 2.18277e+07
4.39208e+08 2.18389e+07
4.39242e+08 2.18724e+07
4.39331e+08 2.19618e+07
4.39331e+08 2.19507e+07
4.39354e+08 2.19507e+07
4.39365e+08 2.19618e+07
4.39365e+08 2.19506e+07
4.39376e+08 2.19618e+07
4.39421e+08 2.18501e+07
4.39421e+08 2.18502e+07
4.39421e+08 2.18502e+07
4.39567e+08 2.18614e+07
4.39567e+08 2.18613e+07
4.39578e+08 2.18614e+07
4.39668e+08 2.18614e+07
4.39679e+08 2.18725e+07
4.39679e+08 2.18725e+07
4.39679e+08 2.18614e+07
4.3969e+08 2.18725e+07
4.3969e+08 2.18725e+07
4.39701e+08 2.18726e+07
4.39701e+08 2.18726e+07
4.39701e+08 2.18726e+07
4.39701e+08 2.18726e+07
4.6161e+08 2.24352e+07
4.6161e+08 2.24352e+07
4.61665e+08 2.2491e+07
4.61665e+08 2.2491e+07
4.61665e+08 2.2491e+07
4.61665e+08 2.2491e+07
4.61665e+08 2.2491e+07
4.61665e+08 2.2491e+07
4.61666e+08 2.2491e+07
4.61666e+08 2.24911e+07
4.61666e+08 2.2491e+07
4.61688e+08 2.25134e+07
4.61811e+08 2.2614e+07
4.61811e+08 2.26028e+07
4.61856e+08 2.2614e+07
4.61889e+08 2.2558e+07
4.61889e+08 2.2558e+07
4.61889e+08 2.25357e+07
4.61889e+08 2.25245e+07
4.61889e+08 2.25245e+07
4.6189e+08 2.25134e+07
4.61935e+08 2.25134e+07
4.61946e+08 2.25246e+07
4.61946e+08 2.25246e+07
4.61957e+08 2.25358e+07
4.6208e+08 2.25136e+07
4.62092e+08 2.25248e+07
4.62147e+08 2.25694e+07
4.62192e+08 2.25246e+07
4.62203e+08 2.25246e+07
4.62203e+08 2.25246e+07
4.62203e+08 2.25246e+07
4.62215e+08 2.25247e+07
4.62215e+08 2.25247e+07
4.62248e+08 2.25471e+07
4.62248e+08 2.25471e+07
4.62248e+08 2.25471e+07
4.62248e+08 2.25471e+07
4.84423e+08 2.28136e+07
4.84434e+08 2.28248e+07
4.84457e+08 2.27912e+07
4.84468e+08 2.28024e+07
4.84468e+08 2.28024e+07
4.84468e+08 2.28024e+07
4.84468e+08 2.28024e+07
4.8449e+08 2.28247e+07
4.8458e+08 2.29142e+07
4.84591e+08 2.29254e+07
4.84591e+08 2.29253e+07
4.84636e+08 2.29477e+07
4.84904e+08 2.3093e+07
4.84904e+08 2.3093e+07
4.84938e+08 2.30818e+07
4.84949e+08 2.30594e+07
4.84949e+08 2.30594e+07
4.84949e+08 2.30594e+07
4.84949e+08 2.30594e+07
4.84949e+08 2.30594e+07
4.8496e+08 2.30706e+07
4.85016e+08 2.30818e+07
4.85016e+08 2.30706e+07
4.85016e+08 2.30706e+07
4.85017e+08 2.30707e+07
4.85017e+08 2.30595e+07
4.85196e+08 2.31154e+07
4.85229e+08 2.31377e+07
4.85229e+08 2.30819e+07
4.85252e+08 2.30595e+07
4.85263e+08 2.30595e+07
4.85263e+08 2.30595e+07
4.85274e+08 2.30707e+07
4.85296e+08 2.30818e+07
4.85296e+08 2.30818e+07
4.85353e+08 2.31043e+07
4.85353e+08 2.31043e+07
4.85353e+08 2.31043e+07
4.85353e+08 2.31043e+07
5.08089e+08 2.36655e+07
5.08089e+08 2.36543e+07
5.08089e+08 2.3632e+07
5.08089e+08 2.36208e+07
5.08089e+08 2.36208e+07
5.08089e+08 2.36208e+07
5.081e+08 2.3632e+07
5.08111e+08 2.36208e+07
5.08178e+08 2.35985e+07
5.08223e+08 2.3632e+07
5.08223e+08 2.3632e+07
5.08234e+08 2.35984e+07
5.08447e+08 2.35426e+07
5.08458e+08 2.35538e+07
5.08514e+08 2.35761e+07
5.08547e+08 2.35985e+07
5.08558e+08 2.36096e+07
5.08558e+08 2.36096e+07
5.0857e+08 2.36208e+07
5.0857e+08 2.36208e+07
5.08659e+08 2.3699e+07
5.08693e+08 2.36767e+07
5.08693e+08 2.36767e+07
5.08693e+08 2.36767e+07
5.08693e+08 2.36767e+07
5.08727e+08 2.37104e+07
5.08738e+08 2.37215e+07
5.08783e+08 2.35872e+07
5.08783e+08 2.35537e+07
5.08783e+08 2.35537e+07
5.08794e+08 2.35425e+07
5.08794e+08 2.35314e+07
5.08805e+08 2.35426e+07
5.0885e+08 2.35761e+07
5.08873e+08 2.35761e+07
5.08895e+08 2.35985e+07
5.09063e+08 2.37103e+07
5.09063e+08 2.37103e+07
5.09085e+08 2.37327e+07
5.09085e+08 2.37327e+07
5.32222e+08 2.41333e+07
5.32222e+08 2.41333e+07
5.32222e+08 2.41333e+07
5.32222e+08 2.41333e+07
5.32222e+08 2.41333e+07
5.32222e+08 2.41333e+07
5.32222e+08 2.41222e+07
5.32222e+08 2.4111e+07
5.32356e+08 2.41781e+07
5.32412e+08 2.41892e+07
5.32412e+08 2.41892e+07
5.32434e+08 2.42004e+07
5.32491e+08 2.40439e+07
5.32535e+08 2.40774e+07
5.32546e+08 2.40328e+07
5.32569e+08 2.40216e+07
5.32569e+08 2.40104e+07
5.32614e+08 2.40551e+07
5.32614e+08 2.40439e+07
5.32636e+08 2.40663e+07
5.32681e+08 2.40216e+07
5.32882e+08 2.41892e+07
5.32883e+08 2.41893e+07
5.32883e+08 2.41893e+07
5.32883e+08 2.41893e+07
5.32961e+08 2.4234e+07
5.32961e+08 2.42228e+07
5.32961e+08 2.42228e+07
5.32983e+08 2.42004e+07
5.32983e+08 2.42004e+07
5.32983e+08 2.42004e+07
5.32983e+08 2.41893e+07
5.33006e+08 2.42116e+07
5.33006e+08 2.42004e+07
5.33051e+08 2.42004e+07
5.33118e+08 2.42452e+07
5.33118e+08 2.42228e+07
5.33152e+08 2.40887e+07
5.33163e+08 2.40999e+07
5.33185e+08 2.40998e+07
5.33252e+08 2.41669e+07
5.57095e+08 2.48727e+07
5.57095e+08 2.48727e+07
5.57095e+08 2.48727e+07
5.57095e+08 2.48727e+07
5.57095e+08 2.48727e+07
5.57106e+08 2.48839e+07
5.57106e+08 2.48839e+07
5.57162e+08 2.49398e+07
5.57218e+08 2.48615e+07
5.5724e+08 2.4828e+07
5.5724e+08 2.4828e+07
5.57251e+08 2.48169e+07
5.57319e+08 2.4828e+07
5.57341e+08 2.48057e+07
5.57374e+08 2.4828e+07
5.57386e+08 2.48168e+07
5.57386e+08 2.48168e+07
5.57386e+08 2.47721e+07
5.57386e+08 2.47721e+07
5.57408e+08 2.47721e+07
5.57442e+08 2.47609e+07
5.57632e+08 2.47498e+07
5.57711e+08 2.48281e+07
5.57755e+08 2.48728e+07
5.57755e+08 2.48728e+07
5.57856e+08 2.48951e+07
5.57856e+08 2.48951e+07
5.57867e+08 2.49063e+07
5.57878e+08 2.48951e+07
5.57878e+08 2.48951e+07
5.5789e+08 2.49063e+07
5.57912e+08 2.49286e+07
5.57912e+08 2.49286e+07
5.57923e+08 2.49174e+07
5.57923e+08 2.49174e+07
5.57934e+08 2.48839e+07
5.57935e+08 2.48169e+07
5.57935e+08 2.48169e+07
5.5798e+08 2.4828e+07
5.5798e+08 2.48169e+07
5.5798e+08 2.47946e+07
5.58002e+08 2.47498e+07
5.82455e+08 2.53603e+07
5.825e+08 2.5405e+07
5.825e+08 2.5405e+07
5.825e+08 2.5405e+07
5.82533e+08 2.54385e+07
5.82556e+08 2.54497e+07
5.82567e+08 2.54609e+07
5.82578e+08 2.54162e+07
5.82645e+08 2.54273e+07
5.82667e+08 2.54274e+07
5.82667e+08 2.54274e+07
5.82679e+08 2.54273e+07
5.82735e+08 2.54162e+07
5.82757e+08 2.54162e+07
5.82768e+08 2.53938e+07
5.82768e+08 2.53826e+07
5.82768e+08 2.53826e+07
5.82768e+08 2.53826e+07
5.82768e+08 2.53826e+07
5.82791e+08 2.53826e+07
5.8288e+08 2.54385e+07
5.83026e+08 2.53938e+07
5.83172e+08 2.54609e+07
5.83194e+08 2.54385e+07
5.83205e+08 2.54497e+07
5.83261e+08 2.5405e+07
5.83261e+08 2.5405e+07
5.83272e+08 2.5405e+07
5.83272e+08 2.53938e+07
5.83272e+08 2.53938e+07
5.83317e+08 2.54386e+07
5.83395e+08 2.55056e+07
5.83395e+08 2.54833e+07
5.83395e+08 2.54833e+07
5.83395e+08 2.54721e+07
5.83395e+08 2.54721e+07
5.83395e+08 2.54609e+07
5.83396e+08 2.54609e+07
5.83396e+08 2.54609e+07
5.83463e+08 2.54833e+07
5.83463e+08 2.54833e+07
5.83496e+08 2.55168e+07
5.83564e+08 2.55616e+07
6.08521e+08 2.60664e+07
6.08533e+08 2.60329e+07
6.08533e+08 2.60329e+07
6.08533e+08 2.60329e+07
6.08533e+08 2.59994e+07
6.08555e+08 2.59994e+07
6.08555e+08 2.59882e+07
6.08555e+08 2.5977e+07
6.08589e+08 2.59435e+07
6.08645e+08 2.59771e+07
6.08645e+08 2.59771e+07
6.08645e+08 2.59659e+07
6.08768e+08 2.60329e+07
6.08801e+08 2.60441e+07
6.08801e+08 2.6033e+07
6.08801e+08 2.6033e+07
6.08801e+08 2.6033e+07
6.08801e+08 2.6033e+07
6.08801e+08 2.6033e+07
6.08801e+08 2.60106e+07
6.08824e+08 2.59435e+07
6.08992e+08 2.59659e+07
6.09171e+08 2.59995e+07
6.09171e+08 2.59771e+07
6.09193e+08 2.59883e+07
6.09238e+08 2.59771e+07
6.09272e+08 2.60106e+07
6.09316e+08 2.60441e+07
6.09328e+08 2.60553e+07
6.09328e+08 2.60553e+07
6.09328e+08 2.60106e+07
6.09428e+08 2.6033e+07
6.09428e+08 2.6033e+07
6.09439e+08 2.60441e+07
6.09451e+08 2.60553e+07
6.09451e+08 2.60553e+07
6.09451e+08 2.60554e+07
6.09462e+08 2.60665e+07
6.09473e+08 2.60776e+07
6.09473e+08 2.60776e+07
6.09552e+08 2.60889e+07
6.09552e+08 2.60889e+07
6.09574e+08 2.60777e+07
6.09664e+08 2.61e+07
6.14176e+08 5.65469e+06
6.14176e+08 5.64348e+06
6.14176e+08 5.64348e+06
