4.82335e+06 4.82287e+06
8.29241e+06 3.46907e+06
8.29242e+06 3.46907e+06
9.7473e+06 1.45488e+06
9.74731e+06 1.45488e+06
1.1599e+07 1.85167e+06
1.1599e+07 1.85168e+06
1.1599e+07 1.85168e+06
1.43807e+07 2.78172e+06
1.43807e+07 2.78172e+06
1.43807e+07 2.78172e+06
1.43807e+07 2.78173e+06
1.72617e+07 2.88098e+06
1.72617e+07 2.88098e+06
1.72617e+07 2.88098e+06
1.72617e+07 2.88101e+06
1.72617e+07 2.88101e+06
2.10748e+07 3.81312e+06
2.10748e+07 3.81312e+06
2.10748e+07 3.81313e+06
2.10748e+07 3.81312e+06
2.10748e+07 3.81312e+06
2.10749e+07 3.81313e+06
2.53489e+07 4.2741e+06
2.53489e+07 4.2741e+06
2.53489e+07 4.2741e+06
2.53489e+07 4.2741e+06
2.53489e+07 4.2741e+06
2.53489e+07 4.2741e+06
2.5349e+07 4.2741e+06
2.94805e+07 4.13159e+06
2.94805e+07 4.1316e+06
2.94805e+07 4.13161e+06
2.94917e+07 4.14278e+06
2.94917e+07 4.14278e+06
2.94917e+07 4.14278e+06
2.94917e+07 4.14278e+06
3.42506e+07 4.77015e+06
3.4273e+07 4.79251e+06
3.42954e+07 4.81489e+06
3.4329e+07 4.84847e+06
3.4329e+07 4.8373e+06
3.4329e+07 4.8373e+06
3.4329e+07 4.8373e+06
3.4329e+07 4.8373e+06
3.96404e+07 5.38982e+06
3.96405e+07 5.36748e+06
3.96405e+07 5.36748e+06
3.96629e+07 5.36749e+06
3.96965e+07 5.36754e+06
3.96965e+07 5.36753e+06
3.96966e+07 5.36753e+06
3.96966e+07 5.36754e+06
3.96966e+07 5.36754e+06
4.56614e+07 6.02098e+06
4.56726e+07 6.03216e+06
4.56726e+07 6.03216e+06
4.57062e+07 6.04333e+06
4.57062e+07 6.04337e+06
4.57287e+07 6.03219e+06
4.57287e+07 6.03219e+06
4.57287e+07 6.03219e+06
4.57287e+07 6.03218e+06
4.57288e+07 6.03218e+06
5.20987e+07 6.4373e+06
5.21323e+07 6.45967e+06
5.21323e+07 6.45967e+06
5.21994e+07 6.49321e+06
5.21995e+07 6.49322e+06
5.21995e+07 6.49322e+06
5.21996e+07 6.47087e+06
5.21996e+07 6.47087e+06
5.21996e+07 6.47087e+06
5.21996e+07 6.47087e+06
5.21996e+07 6.47087e+06
5.92485e+07 7.14982e+06
5.93268e+07 7.19452e+06
5.93603e+07 7.22805e+06
5.94163e+07 7.21689e+06
5.94163e+07 7.21687e+06
5.94163e+07 7.21687e+06
5.94947e+07 7.29511e+06
5.94947e+07 7.29512e+06
5.95171e+07 7.31748e+06
5.95283e+07 7.32871e+06
5.95395e+07 7.33991e+06
5.95395e+07 7.33991e+06
6.69424e+07 7.69388e+06
6.69983e+07 7.67151e+06
6.69983e+07 7.63798e+06
6.71772e+07 7.76095e+06
6.71996e+07 7.7833e+06
6.71996e+07 7.7833e+06
6.72221e+07 7.72739e+06
6.72221e+07 7.72739e+06
6.72221e+07 7.7274e+06
6.72221e+07 7.70504e+06
6.72333e+07 7.70499e+06
6.72334e+07 7.69383e+06
6.72334e+07 7.69383e+06
7.52578e+07 8.31534e+06
7.52913e+07 8.293e+06
7.53472e+07 8.34888e+06
7.54591e+07 8.28186e+06
7.54591e+07 8.25948e+06
7.54591e+07 8.25948e+06
7.54592e+07 8.23711e+06
7.54592e+07 8.23711e+06
7.54592e+07 8.23712e+06
7.54594e+07 8.23726e+06
7.54594e+07 8.23726e+06
7.54594e+07 8.22608e+06
7.54594e+07 8.22608e+06
7.54594e+07 8.22608e+06
8.42389e+07 8.9811e+06
8.42836e+07 8.99227e+06
8.4306e+07 8.95875e+06
8.44291e+07 8.97001e+06
8.44291e+07 8.97001e+06
8.44291e+07 8.97001e+06
8.44404e+07 8.98119e+06
8.44404e+07 8.98119e+06
8.44405e+07 8.98125e+06
8.44405e+07 8.98113e+06
8.44405e+07 8.98113e+06
8.44405e+07 8.98113e+06
8.44405e+07 8.98114e+06
8.44517e+07 8.9923e+06
8.4463e+07 9.00352e+06
9.3773e+07 9.53409e+06
9.3773e+07 9.48938e+06
9.38177e+07 9.51176e+06
9.39073e+07 9.47816e+06
9.39073e+07 9.47819e+06
9.39073e+07 9.47819e+06
9.39522e+07 9.51177e+06
9.39522e+07 9.51178e+06
9.39523e+07 9.51177e+06
9.39747e+07 9.53419e+06
9.39747e+07 9.53422e+06
9.39747e+07 9.53422e+06
9.39747e+07 9.53423e+06
9.39748e+07 9.53424e+06
9.39748e+07 9.52305e+06
9.39748e+07 9.51186e+06
1.03853e+08 1.00796e+07
1.03853e+08 1.00796e+07
1.03931e+08 1.01131e+07
1.04054e+08 1.01467e+07
1.04054e+08 1.01467e+07
1.04054e+08 1.01467e+07
1.04088e+08 1.01354e+07
1.04088e+08 1.01354e+07
1.04099e+08 1.01466e+07
1.04121e+08 1.01465e+07
1.04121e+08 1.01466e+07
1.04121e+08 1.01466e+07
1.04121e+08 1.01466e+07
1.04121e+08 1.01466e+07
1.04121e+08 1.01466e+07
1.04121e+08 1.01466e+07
1.04121e+08 1.01466e+07
1.14435e+08 1.05826e+07
1.14435e+08 1.05826e+07
1.14457e+08 1.05267e+07
1.14759e+08 1.07055e+07
1.14793e+08 1.07392e+07
1.14793e+08 1.07392e+07
1.14849e+08 1.07615e+07
1.14849e+08 1.07615e+07
1.14849e+08 1.07503e+07
1.1486e+08 1.07392e+07
1.1486e+08 1.07391e+07
1.1486e+08 1.07391e+07
1.1486e+08 1.07391e+07
1.1486e+08 1.07391e+07
1.1486e+08 1.07391e+07
1.1486e+08 1.07391e+07
1.1486e+08 1.07391e+07
1.14861e+08 1.07391e+07
1.25749e+08 1.13138e+07
1.25771e+08 1.13362e+07
1.25805e+08 1.13474e+07
1.26073e+08 1.13138e+07
1.26152e+08 1.13585e+07
1.26163e+08 1.13697e+07
1.26163e+08 1.13138e+07
1.26163e+08 1.13138e+07
1.26163e+08 1.13138e+07
1.2623e+08 1.13698e+07
1.2623e+08 1.13697e+07
1.2623e+08 1.13697e+07
1.2623e+08 1.13698e+07
1.2623e+08 1.13698e+07
1.2623e+08 1.13698e+07
1.2623e+08 1.13698e+07
1.2623e+08 1.13698e+07
1.2623e+08 1.13698e+07
1.2623e+08 1.13698e+07
1.37516e+08 1.17673e+07
1.37572e+08 1.18008e+07
1.37583e+08 1.17785e+07
1.37718e+08 1.16443e+07
1.37986e+08 1.18343e+07
1.37986e+08 1.18231e+07
1.37986e+08 1.18231e+07
1.37986e+08 1.18231e+07
1.37986e+08 1.18231e+07
1.38109e+08 1.18791e+07
1.38109e+08 1.18791e+07
1.38109e+08 1.18791e+07
1.38121e+08 1.18903e+07
1.38121e+08 1.18903e+07
1.38121e+08 1.18903e+07
1.38121e+08 1.18903e+07
1.38121e+08 1.18903e+07
1.38121e+08 1.18903e+07
1.38121e+08 1.18903e+07
1.38121e+08 1.18903e+07
1.4982e+08 1.23034e+07
1.49842e+08 1.22698e+07
1.49931e+08 1.23481e+07
1.50032e+08 1.23145e+07
1.50379e+08 1.23928e+07
1.50379e+08 1.23928e+07
1.50435e+08 1.24487e+07
1.50435e+08 1.24487e+07
1.50435e+08 1.24487e+07
1.5058e+08 1.2471e+07
1.5058e+08 1.2471e+07
1.5058e+08 1.2471e+07
1.5058e+08 1.24598e+07
1.5058e+08 1.24598e+07
1.5058e+08 1.24598e+07
1.5058e+08 1.24598e+07
1.5058e+08 1.24598e+07
1.5058e+08 1.24598e+07
1.5058e+08 1.24598e+07
1.5058e+08 1.24598e+07
1.5058e+08 1.24598e+07
1.62856e+08 1.3036e+07
1.62967e+08 1.31254e+07
1.62967e+08 1.3036e+07
1.6299e+08 1.29577e+07
1.6318e+08 1.28012e+07
1.6318e+08 1.28012e+07
1.63281e+08 1.28459e+07
1.63314e+08 1.28794e+07
1.63314e+08 1.28794e+07
1.63594e+08 1.30137e+07
1.63594e+08 1.30137e+07
1.63594e+08 1.30137e+07
1.63616e+08 1.3036e+07
1.63616e+08 1.3036e+07
1.63616e+08 1.3036e+07
1.63616e+08 1.3036e+07
1.63616e+08 1.3036e+07
1.63616e+08 1.3036e+07
1.63616e+08 1.3036e+07
1.63616e+08 1.3036e+07
1.63616e+08 1.3036e+07
1.63617e+08 1.3036e+07
1.75907e+08 1.3051e+07
1.75929e+08 1.29616e+07
1.75929e+08 1.29616e+07
1.75951e+08 1.29616e+07
1.75996e+08 1.28161e+07
1.75996e+08 1.28161e+07
1.75996e+08 1.27155e+07
1.75996e+08 1.2682e+07
1.76007e+08 1.26932e+07
1.76477e+08 1.28833e+07
1.76477e+08 1.28833e+07
1.76533e+08 1.29392e+07
1.76567e+08 1.29503e+07
1.76567e+08 1.29503e+07
1.76567e+08 1.29503e+07
1.76578e+08 1.29615e+07
1.766e+08 1.29839e+07
1.766e+08 1.29839e+07
1.766e+08 1.29839e+07
1.766e+08 1.29839e+07
1.766e+08 1.29839e+07
1.76612e+08 1.29951e+07
1.89606e+08 1.36989e+07
1.89639e+08 1.37325e+07
1.8965e+08 1.37213e+07
1.8965e+08 1.37213e+07
1.89695e+08 1.37436e+07
1.89751e+08 1.37548e+07
1.89751e+08 1.37548e+07
1.89751e+08 1.37548e+07
1.89751e+08 1.37548e+07
1.89751e+08 1.37436e+07
1.90266e+08 1.37883e+07
1.90266e+08 1.37883e+07
1.90277e+08 1.37436e+07
1.90299e+08 1.37325e+07
1.90299e+08 1.37325e+07
1.90299e+08 1.37325e+07
1.90299e+08 1.37213e+07
1.90299e+08 1.3699e+07
1.90299e+08 1.3699e+07
1.90299e+08 1.3699e+07
1.90299e+08 1.36989e+07
1.90299e+08 1.36989e+07
1.90299e+08 1.36878e+07
2.04008e+08 1.44029e+07
2.04008e+08 1.43693e+07
2.04008e+08 1.43693e+07
2.04053e+08 1.44029e+07
2.04053e+08 1.44029e+07
2.04064e+08 1.43694e+07
2.04076e+08 1.43247e+07
2.04076e+08 1.43247e+07
2.04076e+08 1.43247e+07
2.04087e+08 1.43359e+07
2.04087e+08 1.43359e+07
2.04601e+08 1.43359e+07
2.04601e+08 1.43359e+07
2.04602e+08 1.43247e+07
2.04669e+08 1.43694e+07
2.04669e+08 1.43694e+07
2.04669e+08 1.43694e+07
2.04669e+08 1.43694e+07
2.04669e+08 1.43694e+07
2.04669e+08 1.43694e+07
2.04669e+08 1.43694e+07
2.04669e+08 1.43694e+07
2.04669e+08 1.43694e+07
2.04691e+08 1.43918e+07
2.18971e+08 1.49629e+07
2.18971e+08 1.49629e+07
2.18971e+08 1.49629e+07
2.18994e+08 1.49406e+07
2.18994e+08 1.49406e+07
2.18994e+08 1.49406e+07
2.19005e+08 1.49406e+07
2.19028e+08 1.49519e+07
2.19028e+08 1.49519e+07
2.19039e+08 1.49631e+07
2.19039e+08 1.49519e+07
2.1905e+08 1.49631e+07
2.19542e+08 1.49406e+07
2.19542e+08 1.49406e+07
2.19553e+08 1.49519e+07
2.19565e+08 1.4896e+07
2.19565e+08 1.4896e+07
2.19565e+08 1.4896e+07
2.19643e+08 1.49742e+07
2.19676e+08 1.50078e+07
2.19676e+08 1.50078e+07
2.19676e+08 1.50078e+07
2.19676e+08 1.50078e+07
2.19676e+08 1.50077e+07
2.19677e+08 1.49854e+07
2.34426e+08 1.5455e+07
2.34426e+08 1.5455e+07
2.34426e+08 1.5455e+07
2.34471e+08 1.54773e+07
2.34471e+08 1.54773e+07
2.34471e+08 1.54773e+07
2.34482e+08 1.54885e+07
2.34494e+08 1.54885e+07
2.34617e+08 1.55891e+07
2.34617e+08 1.55891e+07
2.34617e+08 1.55779e+07
2.34617e+08 1.55779e+07
2.34639e+08 1.55891e+07
2.34952e+08 1.54102e+07
2.34952e+08 1.54102e+07
2.34975e+08 1.54213e+07
2.34975e+08 1.54101e+07
2.34975e+08 1.54102e+07
2.34975e+08 1.54102e+07
2.35008e+08 1.53655e+07
2.35109e+08 1.54325e+07
2.35109e+08 1.54325e+07
2.3512e+08 1.54437e+07
2.3512e+08 1.54437e+07
2.3512e+08 1.54437e+07
2.3512e+08 1.54437e+07
2.5053e+08 1.61037e+07
2.5053e+08 1.61037e+07
2.50541e+08 1.61149e+07
2.50586e+08 1.61149e+07
2.50586e+08 1.61149e+07
2.50597e+08 1.61261e+07
2.50597e+08 1.61149e+07
2.50597e+08 1.61149e+07
2.50597e+08 1.61037e+07
2.5062e+08 1.60031e+07
2.5062e+08 1.60032e+07
2.5062e+08 1.60032e+07
2.5062e+08 1.60032e+07
2.50732e+08 1.60926e+07
2.51034e+08 1.60814e+07
2.51034e+08 1.60814e+07
2.51078e+08 1.61038e+07
2.51078e+08 1.61038e+07
2.51134e+08 1.61596e+07
2.51134e+08 1.61597e+07
2.51134e+08 1.61261e+07
2.51134e+08 1.60255e+07
2.51134e+08 1.60255e+07
2.51134e+08 1.60143e+07
2.51135e+08 1.60143e+07
2.51135e+08 1.60143e+07
2.51168e+08 1.60478e+07
2.67003e+08 1.64728e+07
2.67003e+08 1.64728e+07
2.67025e+08 1.6484e+07
2.67092e+08 1.65063e+07
2.67092e+08 1.65063e+07
2.67092e+08 1.64951e+07
2.67092e+08 1.64951e+07
2.67115e+08 1.65174e+07
2.67115e+08 1.65174e+07
2.67115e+08 1.65174e+07
2.67148e+08 1.65287e+07
2.67171e+08 1.65511e+07
2.67171e+08 1.65511e+07
2.67171e+08 1.65511e+07
2.67316e+08 1.65846e+07
2.67697e+08 1.66628e+07
2.67708e+08 1.6674e+07
2.67708e+08 1.66293e+07
2.67708e+08 1.66293e+07
2.6773e+08 1.65958e+07
2.6773e+08 1.65958e+07
2.6773e+08 1.65957e+07
2.6773e+08 1.65957e+07
2.6773e+08 1.65957e+07
2.6773e+08 1.65957e+07
2.6773e+08 1.65958e+07
2.67742e+08 1.6607e+07
2.67753e+08 1.65846e+07
2.84124e+08 1.71213e+07
2.84124e+08 1.71214e+07
2.84135e+08 1.71102e+07
2.84147e+08 1.70543e+07
2.84147e+08 1.70543e+07
2.84147e+08 1.70543e+07
2.84147e+08 1.70543e+07
2.84147e+08 1.7032e+07
2.84147e+08 1.7032e+07
2.84147e+08 1.7032e+07
2.84147e+08 1.7032e+07
2.84214e+08 1.70655e+07
2.84248e+08 1.70767e+07
2.8427e+08 1.70991e+07
2.84281e+08 1.71102e+07
2.84404e+08 1.70879e+07
2.84762e+08 1.70655e+07
2.84852e+08 1.71438e+07
2.84852e+08 1.71438e+07
2.84852e+08 1.71438e+07
2.84863e+08 1.71326e+07
2.84863e+08 1.71326e+07
2.84863e+08 1.71326e+07
2.84863e+08 1.71326e+07
2.84863e+08 1.71326e+07
2.84863e+08 1.71326e+07
2.84896e+08 1.71662e+07
2.84919e+08 1.71773e+07
2.84919e+08 1.71661e+07
3.01805e+08 1.76806e+07
3.01838e+08 1.77141e+07
3.01861e+08 1.77253e+07
3.01861e+08 1.77141e+07
3.01861e+08 1.77141e+07
3.01872e+08 1.77253e+07
3.01872e+08 1.77253e+07
3.01872e+08 1.77253e+07
3.01872e+08 1.77253e+07
3.01872e+08 1.77253e+07
3.01872e+08 1.77253e+07
3.01894e+08 1.77476e+07
3.02062e+08 1.78482e+07
3.02152e+08 1.79041e+07
3.02152e+08 1.78818e+07
3.02152e+08 1.78706e+07
3.02163e+08 1.77588e+07
3.02476e+08 1.77141e+07
3.02577e+08 1.77253e+07
3.02577e+08 1.77253e+07
3.02577e+08 1.77253e+07
3.02577e+08 1.77141e+07
3.02577e+08 1.77141e+07
3.02577e+08 1.77141e+07
3.02622e+08 1.77589e+07
3.02633e+08 1.777e+07
3.02633e+08 1.777e+07
3.02689e+08 1.77924e+07
3.02722e+08 1.78036e+07
3.02734e+08 1.78147e+07
3.20201e+08 1.83962e+07
3.20268e+08 1.84297e+07
3.20279e+08 1.84186e+07
3.20279e+08 1.84185e+07
3.20279e+08 1.84185e+07
3.20279e+08 1.84074e+07
3.20279e+08 1.84074e+07
3.20279e+08 1.84074e+07
3.20279e+08 1.84074e+07
3.20279e+08 1.84074e+07
3.20279e+08 1.84074e+07
3.20279e+08 1.8385e+07
3.20358e+08 1.82956e+07
3.20358e+08 1.82956e+07
3.20447e+08 1.82957e+07
3.20447e+08 1.82957e+07
3.20447e+08 1.82957e+07
3.20492e+08 1.83292e+07
3.20895e+08 1.84186e+07
3.2094e+08 1.83627e+07
3.2094e+08 1.83627e+07
3.2094e+08 1.83627e+07
3.2094e+08 1.83627e+07
3.20984e+08 1.84074e+07
3.20996e+08 1.84186e+07
3.2104e+08 1.84186e+07
3.21096e+08 1.84633e+07
3.21096e+08 1.84633e+07
3.21152e+08 1.84634e+07
3.21163e+08 1.8441e+07
3.21186e+08 1.84522e+07
3.38955e+08 1.87546e+07
3.39e+08 1.87322e+07
3.39123e+08 1.8844e+07
3.39146e+08 1.88664e+07
3.39146e+08 1.88664e+07
3.39157e+08 1.88775e+07
3.39157e+08 1.88775e+07
3.39157e+08 1.88775e+07
3.39157e+08 1.88775e+07
3.39157e+08 1.88775e+07
3.39157e+08 1.88775e+07
3.39168e+08 1.88887e+07
3.3928e+08 1.89222e+07
3.3928e+08 1.89222e+07
3.39291e+08 1.89334e+07
3.39336e+08 1.88887e+07
3.39336e+08 1.88887e+07
3.39358e+08 1.89111e+07
3.39537e+08 1.90452e+07
3.39839e+08 1.89446e+07
3.40041e+08 1.91011e+07
3.40052e+08 1.91123e+07
3.40052e+08 1.91123e+07
3.40063e+08 1.91235e+07
3.40074e+08 1.909e+07
3.40074e+08 1.90788e+07
3.40074e+08 1.90341e+07
3.40119e+08 1.90228e+07
3.40119e+08 1.90228e+07
3.4013e+08 1.89782e+07
3.40142e+08 1.89782e+07
3.40142e+08 1.89558e+07
3.58306e+08 1.93506e+07
3.58306e+08 1.9306e+07
3.58396e+08 1.92724e+07
3.5844e+08 1.92947e+07
3.5844e+08 1.92947e+07
3.5844e+08 1.92835e+07
3.5844e+08 1.92835e+07
3.5844e+08 1.92835e+07
3.58452e+08 1.92947e+07
3.58452e+08 1.92947e+07
3.58485e+08 1.93283e+07
3.58485e+08 1.93171e+07
3.58675e+08 1.93953e+07
3.58698e+08 1.94177e+07
3.58731e+08 1.944e+07
3.58988e+08 1.96524e+07
3.59011e+08 1.96748e+07
3.59022e+08 1.9686e+07
3.59056e+08 1.96971e+07
3.5919e+08 1.96524e+07
3.5947e+08 1.96301e+07
3.59593e+08 1.95519e+07
3.59615e+08 1.95631e+07
3.59615e+08 1.95631e+07
3.59693e+08 1.96301e+07
3.59693e+08 1.96189e+07
3.59693e+08 1.96189e+07
3.59693e+08 1.96189e+07
3.59693e+08 1.95742e+07
3.59693e+08 1.95742e+07
3.59705e+08 1.95742e+07
3.59716e+08 1.95742e+07
3.59716e+08 1.95742e+07
3.78336e+08 2.00303e+07
3.78336e+08 2.00302e+07
3.78426e+08 2.00302e+07
3.78459e+08 2.0019e+07
3.78459e+08 2.0019e+07
3.78504e+08 2.00638e+07
3.78504e+08 2.00638e+07
3.78504e+08 2.00638e+07
3.7856e+08 2.01085e+07
3.7856e+08 2.01085e+07
3.78582e+08 2.00973e+07
3.78616e+08 2.01308e+07
3.78661e+08 1.99855e+07
3.78661e+08 1.99632e+07
3.78661e+08 1.99296e+07
3.79209e+08 2.02202e+07
3.7922e+08 2.02091e+07
3.79242e+08 2.02314e+07
3.79276e+08 2.02538e+07
3.79276e+08 2.02202e+07
3.79511e+08 2.03209e+07
3.7969e+08 2.02203e+07
3.79891e+08 2.02986e+07
3.79891e+08 2.02762e+07
3.79891e+08 2.02762e+07
3.79902e+08 2.02091e+07
3.79902e+08 2.02091e+07
3.79902e+08 2.02091e+07
3.79902e+08 2.02091e+07
3.79902e+08 2.02091e+07
3.79902e+08 2.02091e+07
3.79925e+08 2.02203e+07
3.79936e+08 2.02203e+07
3.79936e+08 2.02203e+07
3.98722e+08 2.03859e+07
3.98722e+08 2.03859e+07
3.98722e+08 2.02965e+07
3.98924e+08 2.04641e+07
3.98968e+08 2.05088e+07
3.99024e+08 2.052e+07
3.99091e+08 2.0587e+07
3.99102e+08 2.05982e+07
3.99102e+08 2.05423e+07
3.99102e+08 2.05423e+07
3.99147e+08 2.05647e+07
3.99225e+08 2.06094e+07
3.99348e+08 2.06876e+07
3.99348e+08 2.06876e+07
3.99348e+08 2.06876e+07
3.99718e+08 2.05088e+07
3.99751e+08 2.05312e+07
3.99762e+08 2.052e+07
3.99863e+08 2.05871e+07
3.99863e+08 2.05871e+07
3.99908e+08 2.06318e+07
4.00288e+08 2.07771e+07
4.00489e+08 2.07994e+07
4.00679e+08 2.07883e+07
4.00679e+08 2.07883e+07
4.00679e+08 2.07883e+07
4.00679e+08 2.07771e+07
4.00679e+08 2.07771e+07
4.00679e+08 2.07771e+07
4.00679e+08 2.07771e+07
4.0068e+08 2.07771e+07
4.0068e+08 2.07771e+07
4.0068e+08 2.07547e+07
4.00747e+08 2.08107e+07
4.00747e+08 2.08107e+07
4.19981e+08 2.12586e+07
4.19981e+08 2.12586e+07
4.19981e+08 2.12586e+07
4.20059e+08 2.11356e+07
4.2007e+08 2.11021e+07
4.2007e+08 2.10462e+07
4.2007e+08 2.09791e+07
4.20082e+08 2.09791e+07
4.20137e+08 2.1035e+07
4.20137e+08 2.1035e+07
4.20149e+08 2.10015e+07
4.2016e+08 2.09344e+07
4.20395e+08 2.10463e+07
4.20395e+08 2.10463e+07
4.20395e+08 2.10463e+07
4.20965e+08 2.12474e+07
4.20965e+08 2.12139e+07
4.20987e+08 2.1225e+07
4.21021e+08 2.1158e+07
4.21099e+08 2.12362e+07
4.2111e+08 2.12474e+07
4.21256e+08 2.1348e+07
4.21569e+08 2.1281e+07
4.21804e+08 2.13145e+07
4.22061e+08 2.13815e+07
4.22061e+08 2.13815e+07
4.22061e+08 2.13815e+07
4.22061e+08 2.13815e+07
4.22061e+08 2.13815e+07
4.22061e+08 2.13815e+07
4.22061e+08 2.13816e+07
4.22061e+08 2.13816e+07
4.22061e+08 2.13816e+07
4.22072e+08 2.13927e+07
4.22128e+08 2.13815e+07
4.22128e+08 2.13815e+07
4.42023e+08 2.20423e+07
4.42023e+08 2.20423e+07
4.42023e+08 2.20423e+07
4.42023e+08 2.19641e+07
4.42023e+08 2.19529e+07
4.42023e+08 2.19529e+07
4.42023e+08 2.19529e+07
4.42023e+08 2.19417e+07
4.42023e+08 2.18858e+07
4.42023e+08 2.18858e+07
4.42023e+08 2.18747e+07
4.42023e+08 2.18635e+07
4.42225e+08 2.183e+07
4.42269e+08 2.18747e+07
4.42303e+08 2.19083e+07
4.42773e+08 2.18077e+07
4.42817e+08 2.18524e+07
4.42884e+08 2.18971e+07
4.42884e+08 2.18636e+07
4.42896e+08 2.17965e+07
4.42907e+08 2.17965e+07
4.43052e+08 2.17965e+07
4.43052e+08 2.17965e+07
4.43287e+08 2.17182e+07
4.43958e+08 2.21543e+07
4.44014e+08 2.1953e+07
4.44014e+08 2.1953e+07
4.44014e+08 2.1953e+07
4.44014e+08 2.1953e+07
4.44014e+08 2.1953e+07
4.44014e+08 2.1953e+07
4.44025e+08 2.19641e+07
4.44036e+08 2.19753e+07
4.44036e+08 2.19753e+07
4.44048e+08 2.19753e+07
4.44227e+08 2.20984e+07
4.44227e+08 2.20984e+07
4.6439e+08 2.23663e+07
4.6439e+08 2.23663e+07
4.6439e+08 2.23664e+07
4.6439e+08 2.23664e+07
4.6439e+08 2.23664e+07
4.6439e+08 2.23664e+07
4.6439e+08 2.23664e+07
4.6439e+08 2.23664e+07
4.6439e+08 2.23664e+07
4.64401e+08 2.23776e+07
4.64401e+08 2.23776e+07
4.64401e+08 2.23777e+07
4.64647e+08 2.24223e+07
4.64681e+08 2.24112e+07
4.64681e+08 2.23776e+07
4.65094e+08 2.23218e+07
4.65094e+08 2.22771e+07
4.65139e+08 2.22547e+07
4.65161e+08 2.22771e+07
4.65206e+08 2.23106e+07
4.65206e+08 2.22994e+07
4.65262e+08 2.221e+07
4.65262e+08 2.221e+07
4.65262e+08 2.221e+07
4.65475e+08 2.21876e+07
4.66459e+08 2.25006e+07
4.66537e+08 2.25229e+07
4.66537e+08 2.25229e+07
4.66537e+08 2.25229e+07
4.66537e+08 2.25229e+07
4.66537e+08 2.25229e+07
4.66537e+08 2.25229e+07
4.66548e+08 2.25229e+07
4.66548e+08 2.25118e+07
4.66593e+08 2.25565e+07
4.66593e+08 2.25453e+07
4.66873e+08 2.26459e+07
4.66873e+08 2.26459e+07
4.87371e+08 2.29814e+07
4.87371e+08 2.29814e+07
4.87382e+08 2.29925e+07
4.87382e+08 2.29925e+07
4.87382e+08 2.29925e+07
4.87382e+08 2.29925e+07
4.87416e+08 2.30261e+07
4.87416e+08 2.30261e+07
4.87427e+08 2.30373e+07
4.87427e+08 2.30261e+07
4.87438e+08 2.30373e+07
4.87539e+08 2.31379e+07
4.87651e+08 2.30038e+07
4.87718e+08 2.30373e+07
4.87729e+08 2.30485e+07
4.88031e+08 2.29368e+07
4.88053e+08 2.29592e+07
4.88098e+08 2.29591e+07
4.88098e+08 2.29368e+07
4.88098e+08 2.28921e+07
4.88098e+08 2.28921e+07
4.88098e+08 2.28362e+07
4.88132e+08 2.28697e+07
4.88132e+08 2.28698e+07
4.88154e+08 2.28921e+07
4.88288e+08 2.28138e+07
4.89295e+08 2.28363e+07
4.89485e+08 2.29481e+07
4.89485e+08 2.29481e+07
4.89597e+08 2.30599e+07
4.89597e+08 2.30599e+07
4.89597e+08 2.30599e+07
4.89597e+08 2.30599e+07
4.89597e+08 2.30487e+07
4.89597e+08 2.30487e+07
4.89697e+08 2.31046e+07
4.89697e+08 2.31046e+07
4.89966e+08 2.30933e+07
4.89966e+08 2.30933e+07
5.108e+08 2.34288e+07
5.10811e+08 2.344e+07
5.10811e+08 2.34288e+07
5.10811e+08 2.34288e+07
5.10844e+08 2.34624e+07
5.10867e+08 2.34848e+07
5.1099e+08 2.35741e+07
5.11001e+08 2.35853e+07
5.11035e+08 2.36077e+07
5.11079e+08 2.36524e+07
5.11124e+08 2.3686e+07
5.1118e+08 2.36412e+07
5.1127e+08 2.36189e+07
5.11292e+08 2.35742e+07
5.11326e+08 2.35965e+07
5.11572e+08 2.35407e+07
5.11617e+08 2.3563e+07
5.1165e+08 2.35518e+07
5.1165e+08 2.35518e+07
5.1165e+08 2.35518e+07
5.1165e+08 2.35518e+07
5.1165e+08 2.35518e+07
5.1165e+08 2.35183e+07
5.11661e+08 2.35294e+07
5.11728e+08 2.35741e+07
5.11918e+08 2.36301e+07
5.1193e+08 2.36413e+07
5.1288e+08 2.35856e+07
5.12992e+08 2.35072e+07
5.12992e+08 2.35072e+07
5.13037e+08 2.34402e+07
5.13037e+08 2.34402e+07
5.13037e+08 2.34402e+07
5.13048e+08 2.34514e+07
5.13048e+08 2.34514e+07
5.13059e+08 2.34625e+07
5.1316e+08 2.34626e+07
5.1316e+08 2.34626e+07
5.13496e+08 2.35296e+07
5.13496e+08 2.35296e+07
5.34752e+08 2.39525e+07
5.34752e+08 2.39413e+07
5.34775e+08 2.39636e+07
5.34775e+08 2.39636e+07
5.34797e+08 2.39525e+07
5.34886e+08 2.40196e+07
5.34953e+08 2.39636e+07
5.34953e+08 2.39525e+07
5.34953e+08 2.39189e+07
5.34987e+08 2.39078e+07
5.35166e+08 2.40419e+07
5.35345e+08 2.41649e+07
5.35468e+08 2.41984e+07
5.35479e+08 2.41872e+07
5.35479e+08 2.41537e+07
5.35737e+08 2.41649e+07
5.35737e+08 2.41202e+07
5.35737e+08 2.40866e+07
5.35737e+08 2.40866e+07
5.35748e+08 2.40978e+07
5.35748e+08 2.40978e+07
5.35748e+08 2.40978e+07
5.35748e+08 2.40978e+07
5.35748e+08 2.40866e+07
5.35759e+08 2.40307e+07
5.36206e+08 2.42878e+07
5.36251e+08 2.43213e+07
5.36251e+08 2.43213e+07
5.37023e+08 2.41426e+07
5.37112e+08 2.41203e+07
5.37124e+08 2.41315e+07
5.37157e+08 2.41202e+07
5.37168e+08 2.41314e+07
5.37247e+08 2.42097e+07
5.37247e+08 2.41985e+07
5.37247e+08 2.41985e+07
5.37258e+08 2.41986e+07
5.3728e+08 2.41203e+07
5.3728e+08 2.41203e+07
5.37459e+08 2.39638e+07
5.37471e+08 2.3975e+07
5.59645e+08 2.48927e+07
5.59645e+08 2.48927e+07
5.59656e+08 2.48815e+07
5.59656e+08 2.48815e+07
5.5969e+08 2.48927e+07
5.5979e+08 2.49039e+07
5.5979e+08 2.48369e+07
5.59813e+08 2.48592e+07
5.59846e+08 2.48928e+07
5.5988e+08 2.48927e+07
5.59936e+08 2.47698e+07
5.60137e+08 2.47922e+07
5.6054e+08 2.50716e+07
5.6054e+08 2.50604e+07
5.60551e+08 2.50716e+07
5.60808e+08 2.50714e+07
5.60808e+08 2.50714e+07
5.60831e+08 2.50939e+07
5.60853e+08 2.51163e+07
5.60853e+08 2.51051e+07
5.60853e+08 2.51051e+07
5.60864e+08 2.51163e+07
5.60875e+08 2.51274e+07
5.60875e+08 2.51274e+07
5.60875e+08 2.51163e+07
5.61043e+08 2.48369e+07
5.61099e+08 2.4848e+07
5.61099e+08 2.4848e+07
5.62028e+08 2.50046e+07
5.62028e+08 2.50046e+07
5.62039e+08 2.49264e+07
5.62039e+08 2.49152e+07
5.62039e+08 2.48817e+07
5.62039e+08 2.48705e+07
5.62162e+08 2.49152e+07
5.62162e+08 2.49152e+07
5.62173e+08 2.49264e+07
5.62207e+08 2.49488e+07
5.62274e+08 2.49935e+07
5.62274e+08 2.49935e+07
5.62408e+08 2.49487e+07
5.62408e+08 2.49376e+07
5.85157e+08 2.5512e+07
5.85157e+08 2.5512e+07
5.85157e+08 2.55008e+07
5.85157e+08 2.55008e+07
5.85157e+08 2.54673e+07
5.85246e+08 2.54561e+07
5.85246e+08 2.54561e+07
5.85269e+08 2.54561e+07
5.85269e+08 2.54226e+07
5.85269e+08 2.53891e+07
5.85381e+08 2.5445e+07
5.8556e+08 2.54226e+07
5.85929e+08 2.53891e+07
5.85929e+08 2.53891e+07
5.85929e+08 2.53779e+07
5.86041e+08 2.52326e+07
5.86041e+08 2.52326e+07
5.86153e+08 2.5322e+07
5.86186e+08 2.53332e+07
5.86186e+08 2.53332e+07
5.86197e+08 2.53444e+07
5.86197e+08 2.53332e+07
5.86197e+08 2.5322e+07
5.86197e+08 2.5322e+07
5.86197e+08 2.5322e+07
5.86399e+08 2.53555e+07
5.86522e+08 2.54226e+07
5.86611e+08 2.5512e+07
5.87607e+08 2.55792e+07
5.87607e+08 2.55792e+07
5.87607e+08 2.55792e+07
5.87607e+08 2.5568e+07
5.87618e+08 2.55792e+07
5.87618e+08 2.55792e+07
5.87618e+08 2.55792e+07
5.87618e+08 2.54562e+07
5.87629e+08 2.54674e+07
5.87629e+08 2.54562e+07
5.87641e+08 2.54339e+07
5.87641e+08 2.53668e+07
5.87652e+08 2.5378e+07
5.8792e+08 2.55121e+07
5.8792e+08 2.55121e+07
6.11155e+08 2.59979e+07
6.11166e+08 2.60091e+07
6.11166e+08 2.60091e+07
6.11211e+08 2.60538e+07
6.11244e+08 2.60874e+07
6.11289e+08 2.60427e+07
6.11311e+08 2.6065e+07
6.11379e+08 2.61097e+07
6.1139e+08 2.61209e+07
6.1139e+08 2.61209e+07
6.11479e+08 2.60986e+07
6.11826e+08 2.62662e+07
6.11916e+08 2.59868e+07
6.11916e+08 2.59868e+07
6.11916e+08 2.59868e+07
6.11983e+08 2.59423e+07
6.11983e+08 2.59423e+07
6.12072e+08 2.59198e+07
6.12072e+08 2.58862e+07
6.12084e+08 2.58974e+07
6.12095e+08 2.58974e+07
6.12106e+08 2.59086e+07
6.12106e+08 2.59086e+07
6.12117e+08 2.59198e+07
6.12117e+08 2.59198e+07
6.12207e+08 2.5808e+07
6.1233e+08 2.5808e+07
6.12453e+08 2.58416e+07
6.13672e+08 2.60651e+07
6.13672e+08 2.60651e+07
6.13672e+08 2.60651e+07
6.13672e+08 2.60651e+07
6.13672e+08 2.60651e+07
6.13672e+08 2.60539e+07
6.13728e+08 2.61098e+07
6.13728e+08 2.61098e+07
6.13728e+08 2.61098e+07
6.13728e+08 2.60986e+07
6.13728e+08 2.60986e+07
6.13739e+08 2.60986e+07
6.1375e+08 2.61097e+07
6.13761e+08 2.61097e+07
6.14008e+08 2.60876e+07
6.14019e+08 2.60988e+07
6.16675e+08 5.52064e+06
6.16675e+08 5.50949e+06
6.16675e+08 5.50947e+06
