3.02609e+06 3.02607e+06
8.28262e+06 5.25652e+06
8.28262e+06 5.25653e+06
9.80469e+06 1.52208e+06
9.8047e+06 1.52208e+06
1.16892e+07 1.88451e+06
1.16892e+07 1.88452e+06
1.16892e+07 1.88452e+06
1.46027e+07 2.91345e+06
1.46027e+07 2.91345e+06
1.46027e+07 2.91345e+06
1.46027e+07 2.91345e+06
1.75657e+07 2.96304e+06
1.75657e+07 2.96304e+06
1.75658e+07 2.96311e+06
1.75658e+07 2.96311e+06
1.75658e+07 2.96312e+06
2.19737e+07 4.40796e+06
2.19849e+07 4.41915e+06
2.20296e+07 4.46386e+06
2.20296e+07 4.46386e+06
2.20297e+07 4.46386e+06
2.20297e+07 4.46387e+06
2.61964e+07 4.2227e+06
2.61964e+07 4.21151e+06
2.61964e+07 4.1668e+06
2.61965e+07 4.16681e+06
2.61965e+07 4.16685e+06
2.61965e+07 4.16685e+06
2.61965e+07 4.16685e+06
3.08284e+07 4.63208e+06
3.08285e+07 4.6321e+06
3.08286e+07 4.63211e+06
3.08286e+07 4.63213e+06
3.08286e+07 4.63213e+06
3.08286e+07 4.63213e+06
3.08287e+07 4.63213e+06
3.55434e+07 4.715e+06
3.55434e+07 4.71501e+06
3.55436e+07 4.71514e+06
3.55437e+07 4.71514e+06
3.55438e+07 4.71517e+06
3.55438e+07 4.71519e+06
3.55438e+07 4.71519e+06
3.55438e+07 4.71518e+06
4.16031e+07 6.05971e+06
4.16032e+07 6.05971e+06
4.16032e+07 6.05972e+06
4.16033e+07 6.05973e+06
4.16034e+07 6.05972e+06
4.16035e+07 6.05974e+06
4.16035e+07 6.05971e+06
4.16035e+07 6.05971e+06
4.16036e+07 6.05972e+06
4.75573e+07 5.95415e+06
4.75573e+07 5.95417e+06
4.75573e+07 5.95416e+06
4.75687e+07 5.96539e+06
4.75688e+07 5.96543e+06
4.75912e+07 5.98782e+06
4.75912e+07 5.98775e+06
4.75913e+07 5.98779e+06
4.75913e+07 5.98779e+06
4.75913e+07 5.98778e+06
5.51146e+07 7.55729e+06
5.51258e+07 7.5685e+06
5.51258e+07 7.5685e+06
5.51819e+07 7.61321e+06
5.5182e+07 7.61322e+06
5.5182e+07 7.61323e+06
5.5238e+07 7.6468e+06
5.52381e+07 7.6468e+06
5.52605e+07 7.66918e+06
5.52605e+07 7.66918e+06
5.52606e+07 7.66922e+06
6.24755e+07 7.36088e+06
6.24979e+07 7.37209e+06
6.25091e+07 7.3833e+06
6.25765e+07 7.39453e+06
6.25765e+07 7.39451e+06
6.25877e+07 7.40569e+06
6.26102e+07 7.37214e+06
6.26102e+07 7.37214e+06
6.26103e+07 7.37222e+06
6.26216e+07 7.36105e+06
6.26216e+07 7.36106e+06
6.26216e+07 7.36103e+06
7.1422e+07 8.94655e+06
7.14445e+07 8.94655e+06
7.14669e+07 8.9578e+06
7.15231e+07 8.94659e+06
7.15231e+07 8.94664e+06
7.15567e+07 8.969e+06
7.16127e+07 9.00252e+06
7.16127e+07 9.00252e+06
7.16127e+07 9.00253e+06
7.1624e+07 9.01376e+06
7.16353e+07 9.01377e+06
7.16353e+07 9.01378e+06
7.16354e+07 9.0138e+06
8.01072e+07 8.68512e+06
8.01855e+07 8.74109e+06
8.01968e+07 8.7299e+06
8.02306e+07 8.70757e+06
8.02419e+07 8.71874e+06
8.02531e+07 8.69638e+06
8.02979e+07 8.68525e+06
8.02979e+07 8.68525e+06
8.0298e+07 8.68525e+06
8.03091e+07 8.69643e+06
8.03317e+07 8.70763e+06
8.03318e+07 8.69646e+06
8.03318e+07 8.69647e+06
8.0343e+07 8.70765e+06
8.98807e+07 9.77358e+06
8.99591e+07 9.77355e+06
8.99927e+07 9.79591e+06
9.00713e+07 9.84068e+06
9.00938e+07 9.85188e+06
9.01049e+07 9.85187e+06
9.01722e+07 9.87423e+06
9.01834e+07 9.88542e+06
9.01834e+07 9.88542e+06
9.01834e+07 9.87424e+06
9.01835e+07 9.85189e+06
9.01836e+07 9.85192e+06
9.01949e+07 9.86311e+06
9.02061e+07 9.8743e+06
9.02061e+07 9.86309e+06
9.96546e+07 9.77383e+06
9.97665e+07 9.80742e+06
9.97666e+07 9.77386e+06
9.98564e+07 9.78507e+06
9.99235e+07 9.82974e+06
9.99347e+07 9.82977e+06
9.99573e+07 9.78509e+06
9.99573e+07 9.77395e+06
9.99573e+07 9.77396e+06
9.99574e+07 9.77397e+06
9.99686e+07 9.78509e+06
9.99687e+07 9.78513e+06
9.99687e+07 9.78514e+06
9.99689e+07 9.77396e+06
9.99689e+07 9.76278e+06
9.99689e+07 9.76277e+06
1.10362e+08 1.07079e+07
1.10497e+08 1.07302e+07
1.10519e+08 1.07525e+07
1.10598e+08 1.07413e+07
1.10654e+08 1.07302e+07
1.10676e+08 1.07413e+07
1.10699e+08 1.07414e+07
1.10699e+08 1.07414e+07
1.10699e+08 1.07414e+07
1.10699e+08 1.07414e+07
1.1071e+08 1.07414e+07
1.1071e+08 1.07414e+07
1.1071e+08 1.07414e+07
1.1071e+08 1.07414e+07
1.1071e+08 1.07415e+07
1.1071e+08 1.07414e+07
1.1071e+08 1.07414e+07
1.21527e+08 1.11649e+07
1.21662e+08 1.11649e+07
1.21684e+08 1.11649e+07
1.21807e+08 1.12097e+07
1.2183e+08 1.11761e+07
1.21875e+08 1.11985e+07
1.21875e+08 1.11761e+07
1.21875e+08 1.11761e+07
1.21875e+08 1.11761e+07
1.21875e+08 1.11761e+07
1.21886e+08 1.11762e+07
1.21886e+08 1.11762e+07
1.21886e+08 1.11762e+07
1.21886e+08 1.11762e+07
1.21886e+08 1.11762e+07
1.21886e+08 1.11762e+07
1.21886e+08 1.11762e+07
1.21886e+08 1.11762e+07
1.33232e+08 1.17047e+07
1.33366e+08 1.17046e+07
1.33422e+08 1.17382e+07
1.33579e+08 1.17717e+07
1.33635e+08 1.18053e+07
1.33646e+08 1.17718e+07
1.33658e+08 1.17829e+07
1.33658e+08 1.17829e+07
1.33658e+08 1.17829e+07
1.33658e+08 1.17829e+07
1.33658e+08 1.17718e+07
1.33658e+08 1.17717e+07
1.33658e+08 1.17718e+07
1.33658e+08 1.17718e+07
1.33658e+08 1.17718e+07
1.33669e+08 1.17829e+07
1.33669e+08 1.17829e+07
1.33692e+08 1.18053e+07
1.33703e+08 1.18166e+07
1.45308e+08 1.20756e+07
1.45386e+08 1.20198e+07
1.4542e+08 1.19974e+07
1.45644e+08 1.20645e+07
1.45688e+08 1.20533e+07
1.45688e+08 1.20421e+07
1.45745e+08 1.20868e+07
1.45745e+08 1.20869e+07
1.45745e+08 1.20869e+07
1.45745e+08 1.20869e+07
1.45745e+08 1.20868e+07
1.45745e+08 1.20869e+07
1.45745e+08 1.20869e+07
1.45745e+08 1.20869e+07
1.45745e+08 1.20869e+07
1.45745e+08 1.20757e+07
1.45745e+08 1.20757e+07
1.45756e+08 1.20645e+07
1.45756e+08 1.20645e+07
1.4579e+08 1.20869e+07
1.5796e+08 1.26522e+07
1.58228e+08 1.28422e+07
1.58273e+08 1.28534e+07
1.58597e+08 1.2954e+07
1.58598e+08 1.29093e+07
1.58598e+08 1.29093e+07
1.58665e+08 1.29205e+07
1.58665e+08 1.29205e+07
1.58665e+08 1.29205e+07
1.58665e+08 1.29205e+07
1.58665e+08 1.29205e+07
1.58665e+08 1.29204e+07
1.58665e+08 1.29205e+07
1.5871e+08 1.29652e+07
1.5871e+08 1.29652e+07
1.5871e+08 1.29652e+07
1.5871e+08 1.29652e+07
1.5871e+08 1.2954e+07
1.5871e+08 1.2954e+07
1.5871e+08 1.29205e+07
1.5871e+08 1.29205e+07
1.70999e+08 1.30395e+07
1.71458e+08 1.32295e+07
1.71514e+08 1.32407e+07
1.71771e+08 1.31737e+07
1.71872e+08 1.32742e+07
1.71872e+08 1.32742e+07
1.71928e+08 1.3263e+07
1.71951e+08 1.32854e+07
1.71951e+08 1.32854e+07
1.71951e+08 1.32854e+07
1.71951e+08 1.32854e+07
1.71951e+08 1.32854e+07
1.71951e+08 1.32854e+07
1.71951e+08 1.32407e+07
1.71951e+08 1.32407e+07
1.71951e+08 1.32407e+07
1.71951e+08 1.32407e+07
1.71951e+08 1.32407e+07
1.71951e+08 1.32407e+07
1.71996e+08 1.32855e+07
1.71996e+08 1.32855e+07
1.71996e+08 1.32855e+07
1.84249e+08 1.32498e+07
1.84562e+08 1.31045e+07
1.84629e+08 1.31157e+07
1.8492e+08 1.31492e+07
1.85021e+08 1.31492e+07
1.85021e+08 1.31492e+07
1.851e+08 1.31716e+07
1.851e+08 1.31492e+07
1.851e+08 1.31492e+07
1.851e+08 1.31492e+07
1.851e+08 1.31492e+07
1.851e+08 1.31492e+07
1.851e+08 1.31492e+07
1.85145e+08 1.31939e+07
1.85145e+08 1.31939e+07
1.85145e+08 1.31939e+07
1.85145e+08 1.31939e+07
1.85145e+08 1.31939e+07
1.85145e+08 1.31939e+07
1.85145e+08 1.31492e+07
1.85145e+08 1.31492e+07
1.85156e+08 1.31604e+07
1.98127e+08 1.38775e+07
1.98127e+08 1.38775e+07
1.9844e+08 1.38775e+07
1.98563e+08 1.39334e+07
1.98753e+08 1.38328e+07
1.98865e+08 1.3844e+07
1.98865e+08 1.3844e+07
1.98944e+08 1.3844e+07
1.98944e+08 1.3844e+07
1.98944e+08 1.3844e+07
1.98944e+08 1.3844e+07
1.98944e+08 1.3844e+07
1.98944e+08 1.3844e+07
1.98989e+08 1.38887e+07
1.98989e+08 1.3844e+07
1.98989e+08 1.3844e+07
1.98989e+08 1.3844e+07
1.98989e+08 1.3844e+07
1.98989e+08 1.3844e+07
1.98989e+08 1.38441e+07
1.99023e+08 1.38776e+07
1.99023e+08 1.38776e+07
1.99034e+08 1.38776e+07
2.12697e+08 1.45703e+07
2.12764e+08 1.46373e+07
2.12786e+08 1.46597e+07
2.13032e+08 1.45926e+07
2.13144e+08 1.45815e+07
2.13279e+08 1.45256e+07
2.13413e+08 1.45479e+07
2.13435e+08 1.45703e+07
2.13514e+08 1.45704e+07
2.13514e+08 1.45703e+07
2.13514e+08 1.45703e+07
2.13514e+08 1.45703e+07
2.13537e+08 1.45926e+07
2.13548e+08 1.46038e+07
2.13559e+08 1.45703e+07
2.13559e+08 1.45703e+07
2.13559e+08 1.45703e+07
2.13559e+08 1.45703e+07
2.1357e+08 1.45815e+07
2.1357e+08 1.45815e+07
2.13582e+08 1.45927e+07
2.13604e+08 1.45815e+07
2.13638e+08 1.4615e+07
2.13638e+08 1.46038e+07
2.27778e+08 1.5081e+07
2.27812e+08 1.50475e+07
2.27856e+08 1.50699e+07
2.28147e+08 1.51146e+07
2.28169e+08 1.5137e+07
2.28248e+08 1.51035e+07
2.28405e+08 1.51258e+07
2.28539e+08 1.51258e+07
2.28561e+08 1.51258e+07
2.28629e+08 1.51146e+07
2.28629e+08 1.51147e+07
2.28629e+08 1.51147e+07
2.28629e+08 1.51147e+07
2.28662e+08 1.51258e+07
2.28685e+08 1.5137e+07
2.28685e+08 1.51258e+07
2.28685e+08 1.51258e+07
2.28685e+08 1.51258e+07
2.28685e+08 1.51258e+07
2.28696e+08 1.51258e+07
2.28696e+08 1.51258e+07
2.28696e+08 1.51147e+07
2.28752e+08 1.51482e+07
2.28775e+08 1.5137e+07
2.28775e+08 1.5137e+07
2.43087e+08 1.53093e+07
2.43087e+08 1.52757e+07
2.43143e+08 1.52869e+07
2.43736e+08 1.55887e+07
2.43814e+08 1.56446e+07
2.43836e+08 1.56669e+07
2.43959e+08 1.57116e+07
2.44016e+08 1.5611e+07
2.4415e+08 1.56111e+07
2.44195e+08 1.56334e+07
2.44251e+08 1.56223e+07
2.44251e+08 1.56222e+07
2.44251e+08 1.56222e+07
2.44251e+08 1.56222e+07
2.44318e+08 1.56558e+07
2.44318e+08 1.56334e+07
2.44318e+08 1.56334e+07
2.44341e+08 1.56557e+07
2.44341e+08 1.56557e+07
2.44341e+08 1.56557e+07
2.44397e+08 1.57005e+07
2.44397e+08 1.57005e+07
2.44419e+08 1.57228e+07
2.44453e+08 1.57005e+07
2.44453e+08 1.56781e+07
2.44453e+08 1.56781e+07
2.59097e+08 1.60101e+07
2.59142e+08 1.60548e+07
2.59153e+08 1.60101e+07
2.59623e+08 1.58872e+07
2.5969e+08 1.5876e+07
2.59701e+08 1.58648e+07
2.59914e+08 1.59542e+07
2.59947e+08 1.59877e+07
2.60171e+08 1.61554e+07
2.60272e+08 1.61219e+07
2.60305e+08 1.61107e+07
2.60406e+08 1.61554e+07
2.60406e+08 1.61554e+07
2.60406e+08 1.61554e+07
2.60406e+08 1.61555e+07
2.60462e+08 1.61443e+07
2.60474e+08 1.61554e+07
2.60496e+08 1.61778e+07
2.60507e+08 1.61666e+07
2.60507e+08 1.61666e+07
2.60507e+08 1.61666e+07
2.6053e+08 1.61331e+07
2.60563e+08 1.61666e+07
2.60563e+08 1.61442e+07
2.60586e+08 1.61331e+07
2.60586e+08 1.61331e+07
2.60597e+08 1.61442e+07
2.75707e+08 1.66097e+07
2.75718e+08 1.65762e+07
2.75718e+08 1.6565e+07
2.76087e+08 1.64644e+07
2.76199e+08 1.65091e+07
2.76199e+08 1.64979e+07
2.76389e+08 1.64755e+07
2.764e+08 1.64532e+07
2.76434e+08 1.64867e+07
2.76758e+08 1.65874e+07
2.76982e+08 1.67103e+07
2.77027e+08 1.67215e+07
2.77139e+08 1.67327e+07
2.77139e+08 1.67326e+07
2.77139e+08 1.67326e+07
2.77161e+08 1.6755e+07
2.77273e+08 1.6811e+07
2.77273e+08 1.67998e+07
2.77318e+08 1.68221e+07
2.77318e+08 1.68109e+07
2.77341e+08 1.68332e+07
2.77352e+08 1.68444e+07
2.77397e+08 1.68668e+07
2.77397e+08 1.68332e+07
2.77397e+08 1.68332e+07
2.77397e+08 1.68108e+07
2.7743e+08 1.68444e+07
2.7743e+08 1.68332e+07
2.9294e+08 1.72333e+07
2.93007e+08 1.72892e+07
2.93075e+08 1.73563e+07
2.9322e+08 1.71327e+07
2.93287e+08 1.7088e+07
2.93321e+08 1.71216e+07
2.935e+08 1.71104e+07
2.93578e+08 1.71774e+07
2.93611e+08 1.71774e+07
2.93958e+08 1.71998e+07
2.93958e+08 1.71998e+07
2.94081e+08 1.70993e+07
2.94126e+08 1.70992e+07
2.94451e+08 1.73116e+07
2.94462e+08 1.73228e+07
2.94462e+08 1.73228e+07
2.94574e+08 1.74122e+07
2.94652e+08 1.73786e+07
2.94674e+08 1.7401e+07
2.94742e+08 1.74234e+07
2.94742e+08 1.74234e+07
2.94742e+08 1.7401e+07
2.94742e+08 1.73898e+07
2.94786e+08 1.73899e+07
2.94786e+08 1.73898e+07
2.94786e+08 1.73898e+07
2.94809e+08 1.74122e+07
2.94831e+08 1.7401e+07
2.94842e+08 1.74122e+07
3.10489e+08 1.75486e+07
3.10545e+08 1.75374e+07
3.10623e+08 1.75486e+07
3.10992e+08 1.77721e+07
3.11059e+08 1.77721e+07
3.11093e+08 1.77721e+07
3.11205e+08 1.77051e+07
3.1135e+08 1.77721e+07
3.1135e+08 1.77386e+07
3.11786e+08 1.7828e+07
3.11786e+08 1.7828e+07
3.11786e+08 1.7828e+07
3.11865e+08 1.77833e+07
3.11865e+08 1.77386e+07
3.12111e+08 1.76604e+07
3.12111e+08 1.76492e+07
3.12156e+08 1.76939e+07
3.12212e+08 1.7638e+07
3.12592e+08 1.79399e+07
3.12592e+08 1.79175e+07
3.12726e+08 1.79845e+07
3.12737e+08 1.79957e+07
3.12749e+08 1.80069e+07
3.12749e+08 1.80069e+07
3.12816e+08 1.80292e+07
3.12816e+08 1.80292e+07
3.12838e+08 1.80516e+07
3.12838e+08 1.80293e+07
3.12849e+08 1.80181e+07
3.1286e+08 1.8018e+07
3.28941e+08 1.84523e+07
3.28952e+08 1.84076e+07
3.29008e+08 1.83852e+07
3.2931e+08 1.83181e+07
3.29355e+08 1.82958e+07
3.29422e+08 1.83293e+07
3.2959e+08 1.83852e+07
3.29735e+08 1.83852e+07
3.29735e+08 1.83852e+07
3.30216e+08 1.84299e+07
3.30216e+08 1.84299e+07
3.30227e+08 1.84411e+07
3.30362e+08 1.8497e+07
3.30362e+08 1.8497e+07
3.30373e+08 1.85082e+07
3.3053e+08 1.84187e+07
3.3053e+08 1.84187e+07
3.3053e+08 1.8374e+07
3.30575e+08 1.83629e+07
3.30966e+08 1.83741e+07
3.31067e+08 1.84747e+07
3.31313e+08 1.85865e+07
3.31313e+08 1.85753e+07
3.31324e+08 1.85753e+07
3.31324e+08 1.85753e+07
3.31369e+08 1.85529e+07
3.31369e+08 1.85529e+07
3.31402e+08 1.85641e+07
3.31413e+08 1.85753e+07
3.31447e+08 1.85976e+07
3.31458e+08 1.85976e+07
3.4793e+08 1.8989e+07
3.47953e+08 1.90002e+07
3.47964e+08 1.89555e+07
3.48109e+08 1.8799e+07
3.48109e+08 1.87542e+07
3.48187e+08 1.87654e+07
3.48512e+08 1.89219e+07
3.48679e+08 1.89443e+07
3.48691e+08 1.89555e+07
3.49317e+08 1.91008e+07
3.49373e+08 1.91567e+07
3.49373e+08 1.91455e+07
3.49518e+08 1.91566e+07
3.49518e+08 1.91566e+07
3.49518e+08 1.91566e+07
3.49518e+08 1.91454e+07
3.49642e+08 1.9112e+07
3.49642e+08 1.9112e+07
3.49642e+08 1.91119e+07
3.49664e+08 1.90896e+07
3.49854e+08 1.88884e+07
3.49899e+08 1.88326e+07
3.50257e+08 1.89443e+07
3.50313e+08 1.90002e+07
3.50358e+08 1.90338e+07
3.5038e+08 1.90561e+07
3.50548e+08 1.9179e+07
3.5057e+08 1.92014e+07
3.50604e+08 1.92014e+07
3.50626e+08 1.92126e+07
3.50637e+08 1.91902e+07
3.50671e+08 1.92126e+07
3.67571e+08 1.96412e+07
3.67571e+08 1.96189e+07
3.67616e+08 1.96524e+07
3.67616e+08 1.95071e+07
3.67616e+08 1.95071e+07
3.67627e+08 1.944e+07
3.67795e+08 1.92835e+07
3.67985e+08 1.93059e+07
3.68008e+08 1.93171e+07
3.68656e+08 1.93395e+07
3.68679e+08 1.9306e+07
3.68701e+08 1.93283e+07
3.69193e+08 1.96748e+07
3.69227e+08 1.97083e+07
3.69249e+08 1.97307e+07
3.69249e+08 1.97307e+07
3.69249e+08 1.97307e+07
3.69372e+08 1.97307e+07
3.69372e+08 1.97307e+07
3.69395e+08 1.9753e+07
3.6944e+08 1.97754e+07
3.69608e+08 1.97531e+07
3.69608e+08 1.97083e+07
3.69697e+08 1.94401e+07
3.69697e+08 1.93842e+07
3.69787e+08 1.9429e+07
3.69831e+08 1.94513e+07
3.69831e+08 1.92837e+07
3.69887e+08 1.93172e+07
3.70044e+08 1.94401e+07
3.70155e+08 1.95295e+07
3.70346e+08 1.97084e+07
3.70424e+08 1.97531e+07
3.87819e+08 2.02472e+07
3.87819e+08 2.02472e+07
3.87819e+08 2.02025e+07
3.8783e+08 2.02136e+07
3.8783e+08 2.02136e+07
3.87852e+08 2.02248e+07
3.87897e+08 2.01018e+07
3.88042e+08 2.0057e+07
3.88087e+08 2.00794e+07
3.88825e+08 2.01689e+07
3.88859e+08 2.018e+07
3.88881e+08 2.018e+07
3.8915e+08 1.99565e+07
3.89194e+08 1.99677e+07
3.89284e+08 2.00348e+07
3.89295e+08 2.0046e+07
3.89317e+08 2.00683e+07
3.89329e+08 2.00795e+07
3.89687e+08 2.03142e+07
3.89698e+08 2.03254e+07
3.89698e+08 2.0303e+07
3.89787e+08 2.03477e+07
3.89911e+08 2.0303e+07
3.89933e+08 2.03254e+07
3.90078e+08 2.03813e+07
3.9009e+08 2.03925e+07
3.90101e+08 2.03142e+07
3.90101e+08 2.02695e+07
3.90101e+08 2.02695e+07
3.90157e+08 2.02695e+07
3.90235e+08 2.01913e+07
3.90235e+08 2.00795e+07
3.90246e+08 1.99007e+07
3.90459e+08 2.00348e+07
4.08641e+08 2.08227e+07
4.08641e+08 2.08227e+07
4.08641e+08 2.08227e+07
4.08641e+08 2.08115e+07
4.08641e+08 2.08115e+07
4.08675e+08 2.08227e+07
4.08686e+08 2.07891e+07
4.0872e+08 2.06773e+07
4.0872e+08 2.06326e+07
4.09469e+08 2.06439e+07
4.09491e+08 2.06327e+07
4.09503e+08 2.06215e+07
4.10006e+08 2.08563e+07
4.10028e+08 2.08339e+07
4.10051e+08 2.07668e+07
4.10051e+08 2.07557e+07
4.10095e+08 2.0778e+07
4.10095e+08 2.07668e+07
4.10576e+08 2.08898e+07
4.10576e+08 2.08898e+07
4.10588e+08 2.08898e+07
4.10599e+08 2.09009e+07
4.10599e+08 2.08115e+07
4.10811e+08 2.09009e+07
4.10812e+08 2.08786e+07
4.10935e+08 2.08562e+07
4.10935e+08 2.08451e+07
4.10957e+08 2.08563e+07
4.10957e+08 2.08563e+07
4.10979e+08 2.08786e+07
4.11024e+08 2.08675e+07
4.11047e+08 2.08116e+07
4.1108e+08 2.08451e+07
4.1108e+08 2.08339e+07
4.11114e+08 2.06551e+07
4.30163e+08 2.1522e+07
4.30163e+08 2.1522e+07
4.30163e+08 2.1522e+07
4.30163e+08 2.1522e+07
4.30163e+08 2.1522e+07
4.30163e+08 2.14884e+07
4.30163e+08 2.14773e+07
4.30175e+08 2.14548e+07
4.30175e+08 2.14548e+07
4.30812e+08 2.13431e+07
4.30846e+08 2.13543e+07
4.30846e+08 2.13431e+07
4.31125e+08 2.11196e+07
4.31181e+08 2.11531e+07
4.31204e+08 2.11531e+07
4.31248e+08 2.11978e+07
4.31248e+08 2.11531e+07
4.31248e+08 2.11531e+07
4.32154e+08 2.15778e+07
4.32165e+08 2.1589e+07
4.32165e+08 2.1589e+07
4.32165e+08 2.15778e+07
4.32165e+08 2.15667e+07
4.32199e+08 2.16002e+07
4.32378e+08 2.15667e+07
4.32389e+08 2.15779e+07
4.32445e+08 2.15107e+07
4.32479e+08 2.15443e+07
4.3249e+08 2.15331e+07
4.32501e+08 2.15443e+07
4.32513e+08 2.15331e+07
4.32535e+08 2.15108e+07
4.32591e+08 2.15443e+07
4.32647e+08 2.15667e+07
4.32658e+08 2.15778e+07
4.32703e+08 2.1589e+07
4.52279e+08 2.21159e+07
4.52279e+08 2.21159e+07
4.52279e+08 2.21159e+07
4.52279e+08 2.21159e+07
4.52279e+08 2.21159e+07
4.52279e+08 2.21159e+07
4.52279e+08 2.21159e+07
4.52279e+08 2.21047e+07
4.52279e+08 2.21047e+07
4.52772e+08 2.19594e+07
4.52917e+08 2.20712e+07
4.52917e+08 2.20712e+07
4.53197e+08 2.20711e+07
4.53197e+08 2.20153e+07
4.53197e+08 2.19929e+07
4.53197e+08 2.19482e+07
4.53197e+08 2.19482e+07
4.53197e+08 2.19482e+07
4.54203e+08 2.20488e+07
4.54248e+08 2.20824e+07
4.54259e+08 2.20935e+07
4.5427e+08 2.21047e+07
4.54292e+08 2.21271e+07
4.54304e+08 2.21383e+07
4.54304e+08 2.21047e+07
4.54505e+08 2.21271e+07
4.5455e+08 2.21606e+07
4.54561e+08 2.21159e+07
4.54628e+08 2.21494e+07
4.54684e+08 2.21941e+07
4.54684e+08 2.21829e+07
4.54718e+08 2.22053e+07
4.54718e+08 2.2183e+07
4.54729e+08 2.21383e+07
4.54729e+08 2.20824e+07
4.54729e+08 2.20712e+07
4.54774e+08 2.20712e+07
4.75092e+08 2.28124e+07
4.75092e+08 2.28124e+07
4.75092e+08 2.28124e+07
4.75092e+08 2.28124e+07
4.75092e+08 2.28124e+07
4.75092e+08 2.28124e+07
4.75092e+08 2.28124e+07
4.75125e+08 2.28459e+07
4.75125e+08 2.28459e+07
4.75304e+08 2.25328e+07
4.75416e+08 2.24993e+07
4.7545e+08 2.25329e+07
4.75942e+08 2.27452e+07
4.76009e+08 2.28123e+07
4.76009e+08 2.28123e+07
4.7602e+08 2.28234e+07
4.7602e+08 2.28234e+07
4.7602e+08 2.28234e+07
4.76825e+08 2.26223e+07
4.76825e+08 2.25776e+07
4.76859e+08 2.25999e+07
4.7687e+08 2.25999e+07
4.76915e+08 2.26223e+07
4.76959e+08 2.2667e+07
4.76982e+08 2.26782e+07
4.77004e+08 2.27005e+07
4.7734e+08 2.28347e+07
4.77418e+08 2.28682e+07
4.77485e+08 2.29241e+07
4.77485e+08 2.2857e+07
4.77519e+08 2.28346e+07
4.77519e+08 2.28346e+07
4.77519e+08 2.28011e+07
4.77597e+08 2.28794e+07
4.77653e+08 2.29241e+07
4.77664e+08 2.29352e+07
4.77664e+08 2.29352e+07
4.77664e+08 2.28905e+07
4.9847e+08 2.33783e+07
4.9847e+08 2.33783e+07
4.9847e+08 2.33783e+07
4.9847e+08 2.33783e+07
4.9847e+08 2.33783e+07
4.9847e+08 2.33783e+07
4.9847e+08 2.33783e+07
4.9847e+08 2.33448e+07
4.9847e+08 2.33448e+07
4.98672e+08 2.33671e+07
4.98672e+08 2.32554e+07
4.98694e+08 2.32442e+07
4.9922e+08 2.32777e+07
4.99343e+08 2.33336e+07
4.9941e+08 2.34007e+07
4.99421e+08 2.34007e+07
4.99421e+08 2.34007e+07
4.99421e+08 2.34007e+07
4.99757e+08 2.29313e+07
4.9979e+08 2.29648e+07
4.9979e+08 2.29313e+07
4.99868e+08 2.29984e+07
4.99958e+08 2.30431e+07
5.00014e+08 2.30542e+07
5.00014e+08 2.30542e+07
5.00058e+08 2.30766e+07
5.00081e+08 2.30766e+07
5.00606e+08 2.32666e+07
5.00808e+08 2.33895e+07
5.00819e+08 2.33337e+07
5.0083e+08 2.33448e+07
5.0083e+08 2.33113e+07
5.0083e+08 2.33113e+07
5.0083e+08 2.33113e+07
5.00998e+08 2.34007e+07
5.01032e+08 2.33784e+07
5.01043e+08 2.33784e+07
5.01043e+08 2.33784e+07
5.01043e+08 2.33784e+07
5.22491e+08 2.40213e+07
5.22491e+08 2.40213e+07
5.22491e+08 2.40213e+07
5.22491e+08 2.40213e+07
5.22491e+08 2.40213e+07
5.22491e+08 2.40213e+07
5.22491e+08 2.40213e+07
5.22491e+08 2.40213e+07
5.22491e+08 2.40213e+07
5.22581e+08 2.39095e+07
5.22592e+08 2.39206e+07
5.22603e+08 2.39095e+07
5.22939e+08 2.37195e+07
5.22984e+08 2.36412e+07
5.2304e+08 2.36301e+07
5.2304e+08 2.36189e+07
5.23073e+08 2.36524e+07
5.23084e+08 2.36636e+07
5.23588e+08 2.38313e+07
5.23588e+08 2.37977e+07
5.23588e+08 2.37977e+07
5.23666e+08 2.37977e+07
5.23767e+08 2.38089e+07
5.23789e+08 2.37754e+07
5.238e+08 2.37866e+07
5.23811e+08 2.3753e+07
5.23811e+08 2.37531e+07
5.23856e+08 2.37754e+07
5.2446e+08 2.38536e+07
5.24606e+08 2.37978e+07
5.24639e+08 2.38201e+07
5.24684e+08 2.38536e+07
5.24695e+08 2.38648e+07
5.24695e+08 2.38648e+07
5.24729e+08 2.38983e+07
5.24908e+08 2.39095e+07
5.24908e+08 2.3876e+07
5.24941e+08 2.38983e+07
5.24941e+08 2.38983e+07
5.25031e+08 2.39878e+07
5.47067e+08 2.45759e+07
5.47067e+08 2.45759e+07
5.47067e+08 2.45759e+07
5.47067e+08 2.45759e+07
5.47067e+08 2.45759e+07
5.47067e+08 2.45759e+07
5.47067e+08 2.45759e+07
5.47067e+08 2.45759e+07
5.47067e+08 2.45759e+07
5.47112e+08 2.45311e+07
5.47112e+08 2.45199e+07
5.47112e+08 2.45087e+07
5.47347e+08 2.44083e+07
5.4737e+08 2.4386e+07
5.47392e+08 2.43524e+07
5.47392e+08 2.43524e+07
5.47414e+08 2.43413e+07
5.47426e+08 2.43413e+07
5.48052e+08 2.44641e+07
5.48063e+08 2.44754e+07
5.48063e+08 2.44754e+07
5.48086e+08 2.44195e+07
5.48108e+08 2.43412e+07
5.48141e+08 2.43524e+07
5.48197e+08 2.43971e+07
5.4822e+08 2.44083e+07
5.4822e+08 2.44083e+07
5.48253e+08 2.44419e+07
5.48332e+08 2.44754e+07
5.48768e+08 2.43077e+07
5.49103e+08 2.44977e+07
5.49137e+08 2.44977e+07
5.49148e+08 2.44642e+07
5.49148e+08 2.4453e+07
5.49148e+08 2.4453e+07
5.49159e+08 2.44307e+07
5.49271e+08 2.43636e+07
5.49271e+08 2.43636e+07
5.49271e+08 2.43301e+07
5.49271e+08 2.43301e+07
5.49282e+08 2.42518e+07
5.72256e+08 2.5189e+07
5.72256e+08 2.5189e+07
5.72256e+08 2.5189e+07
5.72256e+08 2.5189e+07
5.72256e+08 2.5189e+07
5.72256e+08 2.5189e+07
5.72256e+08 2.5189e+07
5.72256e+08 2.5189e+07
5.72256e+08 2.5189e+07
5.72312e+08 2.52001e+07
5.72312e+08 2.52001e+07
5.72312e+08 2.52001e+07
5.72425e+08 2.50772e+07
5.72447e+08 2.50772e+07
5.72469e+08 2.50772e+07
5.72469e+08 2.50772e+07
5.72469e+08 2.50549e+07
5.72503e+08 2.50772e+07
5.73129e+08 2.50772e+07
5.73208e+08 2.51443e+07
5.73208e+08 2.51443e+07
5.73219e+08 2.51331e+07
5.7323e+08 2.51219e+07
5.73263e+08 2.5122e+07
5.73286e+08 2.50884e+07
5.73331e+08 2.51107e+07
5.73331e+08 2.51107e+07
5.73331e+08 2.50772e+07
5.73353e+08 2.50213e+07
5.73353e+08 2.50213e+07
5.73744e+08 2.49767e+07
5.7408e+08 2.49767e+07
5.74136e+08 2.4999e+07
5.74203e+08 2.50549e+07
5.74248e+08 2.50996e+07
5.7427e+08 2.51219e+07
5.74359e+08 2.52002e+07
5.74438e+08 2.51666e+07
5.74471e+08 2.52002e+07
5.74471e+08 2.52002e+07
5.74471e+08 2.52002e+07
5.74505e+08 2.52225e+07
5.97927e+08 2.56708e+07
5.97927e+08 2.56708e+07
5.97927e+08 2.56708e+07
5.97927e+08 2.56708e+07
5.97927e+08 2.56708e+07
5.97927e+08 2.56708e+07
5.97927e+08 2.56708e+07
5.97927e+08 2.56708e+07
5.97927e+08 2.56708e+07
5.97938e+08 2.56262e+07
5.97938e+08 2.56262e+07
5.97938e+08 2.56262e+07
5.97984e+08 2.5559e+07
5.98028e+08 2.55815e+07
5.98028e+08 2.55591e+07
5.98028e+08 2.55591e+07
5.98028e+08 2.55591e+07
5.9804e+08 2.55368e+07
5.98454e+08 2.53244e+07
5.98565e+08 2.53579e+07
5.98565e+08 2.53579e+07
5.98565e+08 2.53468e+07
5.98565e+08 2.53356e+07
5.98655e+08 2.53915e+07
5.98655e+08 2.53691e+07
5.98655e+08 2.53244e+07
5.98655e+08 2.53244e+07
5.98677e+08 2.53468e+07
5.98677e+08 2.53244e+07
5.98677e+08 2.53244e+07
5.98677e+08 2.53244e+07
5.99337e+08 2.55926e+07
5.99505e+08 2.5425e+07
5.99527e+08 2.53915e+07
5.99561e+08 2.53579e+07
5.9965e+08 2.54026e+07
5.99762e+08 2.54921e+07
5.99852e+08 2.54921e+07
6.00042e+08 2.56038e+07
6.00086e+08 2.5615e+07
6.0012e+08 2.56485e+07
6.00131e+08 2.56597e+07
6.00142e+08 2.56374e+07
6.23779e+08 2.58522e+07
6.23779e+08 2.58522e+07
6.23779e+08 2.58522e+07
6.2379e+08 2.58634e+07
6.2379e+08 2.58634e+07
6.2379e+08 2.58634e+07
6.23813e+08 2.58858e+07
6.23813e+08 2.58858e+07
6.23813e+08 2.58858e+07
6.2388e+08 2.59413e+07
6.2388e+08 2.59413e+07
6.2388e+08 2.59413e+07
6.23936e+08 2.5952e+07
6.23936e+08 2.59072e+07
6.23936e+08 2.59072e+07
6.23936e+08 2.59072e+07
6.23936e+08 2.59072e+07
6.23958e+08 2.59183e+07
6.24047e+08 2.55939e+07
6.24047e+08 2.54821e+07
6.24047e+08 2.54821e+07
6.24048e+08 2.54821e+07
6.24048e+08 2.54821e+07
6.24048e+08 2.53926e+07
6.24048e+08 2.53926e+07
6.24048e+08 2.53926e+07
6.24048e+08 2.53926e+07
6.24048e+08 2.53702e+07
6.24048e+08 2.53702e+07
6.24048e+08 2.53702e+07
6.24048e+08 2.53702e+07
6.24081e+08 2.47444e+07
6.24081e+08 2.47444e+07
6.24082e+08 2.45768e+07
6.24082e+08 2.45544e+07
6.24082e+08 2.45209e+07
6.24082e+08 2.44314e+07
6.24104e+08 2.4342e+07
6.24104e+08 2.42526e+07
6.24104e+08 2.40626e+07
6.24104e+08 2.40179e+07
6.24104e+08 2.39843e+07
6.24104e+08 2.39731e+07
6.24115e+08 2.39731e+07
6.29937e+08 6.15761e+06
6.29937e+08 6.15761e+06
6.29937e+08 6.15761e+06
