4.83791e+06 4.83724e+06
8.44157e+06 3.60366e+06
8.44157e+06 3.60366e+06
1.01568e+07 1.71519e+06
1.01914e+07 1.74982e+06
1.23617e+07 2.20499e+06
1.23618e+07 2.20499e+06
1.23618e+07 2.17036e+06
1.47884e+07 2.42669e+06
1.47884e+07 2.42669e+06
1.47884e+07 2.4267e+06
1.47885e+07 2.4267e+06
1.8031e+07 3.24253e+06
1.80981e+07 3.30961e+06
1.80981e+07 3.30961e+06
1.81875e+07 3.39904e+06
1.81875e+07 3.39905e+06
2.21802e+07 4.14922e+06
2.21802e+07 4.08214e+06
2.22473e+07 4.14921e+06
2.26385e+07 4.45102e+06
2.26832e+07 4.49573e+06
2.26832e+07 4.49573e+06
2.60547e+07 3.87447e+06
2.60547e+07 3.87447e+06
2.64683e+07 4.22099e+06
2.69043e+07 4.26575e+06
2.6949e+07 4.26574e+06
2.6949e+07 4.26574e+06
2.6949e+07 4.26575e+06
3.03267e+07 4.27204e+06
3.03267e+07 4.27204e+06
3.06173e+07 4.14905e+06
3.13998e+07 4.49554e+06
3.14893e+07 4.54028e+06
3.14893e+07 4.54028e+06
3.14893e+07 4.54028e+06
3.47427e+07 4.41597e+06
3.4821e+07 4.49426e+06
3.4821e+07 4.49426e+06
3.49439e+07 4.32661e+06
3.56481e+07 4.24827e+06
3.56928e+07 4.20355e+06
3.56928e+07 4.20355e+06
3.56928e+07 4.20355e+06
4.00463e+07 5.30365e+06
4.01582e+07 5.33729e+06
4.01918e+07 5.37082e+06
4.01918e+07 5.37082e+06
4.02701e+07 5.32617e+06
4.09519e+07 5.30382e+06
4.11084e+07 5.41558e+06
4.11084e+07 5.41558e+06
4.11084e+07 5.41558e+06
4.59097e+07 5.86337e+06
4.60327e+07 5.8745e+06
4.60327e+07 5.84097e+06
4.60328e+07 5.84097e+06
4.60328e+07 5.84097e+06
4.60886e+07 5.81856e+06
4.61111e+07 5.15917e+06
4.61222e+07 5.01386e+06
4.61223e+07 5.01386e+06
4.61335e+07 5.02506e+06
5.25966e+07 6.68687e+06
5.26413e+07 6.60859e+06
5.26414e+07 6.60861e+06
5.26414e+07 6.60861e+06
5.26414e+07 6.60862e+06
5.26526e+07 6.6198e+06
5.26526e+07 6.56392e+06
5.26526e+07 6.54152e+06
5.26526e+07 6.53034e+06
5.26526e+07 6.53034e+06
5.26974e+07 6.56389e+06
5.93638e+07 6.76728e+06
5.97104e+07 7.06907e+06
5.97104e+07 7.06905e+06
5.97104e+07 7.06905e+06
5.97104e+07 7.06905e+06
5.97104e+07 7.05788e+06
5.97105e+07 7.05789e+06
5.97105e+07 7.05789e+06
5.97217e+07 7.06908e+06
5.97328e+07 7.08025e+06
5.97329e+07 7.08026e+06
5.9744e+07 7.04669e+06
6.69232e+07 7.55941e+06
6.69569e+07 7.24646e+06
6.69569e+07 7.24646e+06
6.69569e+07 7.24646e+06
6.71804e+07 7.47e+06
6.71804e+07 7.47e+06
6.72252e+07 7.51474e+06
6.72699e+07 7.55945e+06
6.72699e+07 7.55946e+06
6.72699e+07 7.54828e+06
6.72699e+07 7.5371e+06
6.73147e+07 7.5818e+06
6.73147e+07 7.57062e+06
7.50073e+07 8.08404e+06
7.5139e+07 8.18217e+06
7.5139e+07 8.18217e+06
7.5139e+07 8.18217e+06
7.53962e+07 8.21577e+06
7.54409e+07 8.26047e+06
7.54968e+07 8.2716e+06
7.54968e+07 8.22689e+06
7.54968e+07 8.22689e+06
7.54968e+07 8.2269e+06
7.54968e+07 8.2269e+06
7.54968e+07 8.2269e+06
7.54968e+07 8.18219e+06
7.54969e+07 8.18219e+06
8.37724e+07 8.76512e+06
8.38061e+07 8.66704e+06
8.38104e+07 8.67137e+06
8.38422e+07 8.70312e+06
8.40987e+07 8.70253e+06
8.42552e+07 8.81429e+06
8.42664e+07 8.76958e+06
8.42776e+07 8.78076e+06
8.42999e+07 8.80311e+06
8.42999e+07 8.80311e+06
8.42999e+07 8.80311e+06
8.42999e+07 8.80312e+06
8.43223e+07 8.82548e+06
8.4367e+07 8.8702e+06
8.43671e+07 8.8702e+06
9.30007e+07 9.22835e+06
9.3191e+07 9.38489e+06
9.32022e+07 9.39175e+06
9.32694e+07 9.42724e+06
9.33424e+07 9.24369e+06
9.33424e+07 9.08723e+06
9.33424e+07 9.07605e+06
9.33536e+07 9.07605e+06
9.33939e+07 9.094e+06
9.34052e+07 9.10524e+06
9.34654e+07 9.16546e+06
9.34989e+07 9.199e+06
9.35213e+07 9.22137e+06
9.37225e+07 9.4002e+06
9.38008e+07 9.43374e+06
9.38008e+07 9.43376e+06
1.03206e+08 1.02049e+07
1.03217e+08 1.00259e+07
1.03239e+08 1.00371e+07
1.03273e+08 1.00036e+07
1.03273e+08 9.93059e+06
1.03273e+08 9.93059e+06
1.03273e+08 9.9306e+06
1.03279e+08 9.92504e+06
1.03414e+08 1.00204e+07
1.0348e+08 1.00744e+07
1.03535e+08 1.007e+07
1.03558e+08 1.00588e+07
1.03636e+08 1.01147e+07
1.03781e+08 1.00588e+07
1.03781e+08 1.00588e+07
1.03837e+08 1.00365e+07
1.0386e+08 1.00588e+07
1.13879e+08 1.06738e+07
1.1388e+08 1.06627e+07
1.1388e+08 1.06402e+07
1.13936e+08 1.06626e+07
1.13936e+08 1.06626e+07
1.13947e+08 1.06738e+07
1.13947e+08 1.06738e+07
1.13958e+08 1.06797e+07
1.14027e+08 1.06125e+07
1.14093e+08 1.06137e+07
1.14105e+08 1.05698e+07
1.1416e+08 1.06018e+07
1.14238e+08 1.06019e+07
1.14283e+08 1.05013e+07
1.14316e+08 1.05349e+07
1.1435e+08 1.05684e+07
1.14562e+08 1.07249e+07
1.14562e+08 1.07025e+07
1.25085e+08 1.12056e+07
1.25107e+08 1.12279e+07
1.25163e+08 1.12838e+07
1.25186e+08 1.12504e+07
1.25208e+08 1.12728e+07
1.2522e+08 1.12728e+07
1.2522e+08 1.12728e+07
1.2522e+08 1.12613e+07
1.25242e+08 1.12153e+07
1.25253e+08 1.11601e+07
1.25253e+08 1.11481e+07
1.25365e+08 1.12056e+07
1.25488e+08 1.12503e+07
1.25488e+08 1.12056e+07
1.25522e+08 1.12056e+07
1.25622e+08 1.12726e+07
1.25757e+08 1.11944e+07
1.25846e+08 1.12838e+07
1.25846e+08 1.12838e+07
1.36861e+08 1.17759e+07
1.36872e+08 1.17647e+07
1.36939e+08 1.1776e+07
1.36962e+08 1.17759e+07
1.36984e+08 1.17759e+07
1.36984e+08 1.17647e+07
1.36996e+08 1.17759e+07
1.36996e+08 1.17759e+07
1.36996e+08 1.17535e+07
1.37007e+08 1.17535e+07
1.37007e+08 1.17535e+07
1.37142e+08 1.17769e+07
1.37309e+08 1.18205e+07
1.37309e+08 1.18205e+07
1.37331e+08 1.18093e+07
1.37342e+08 1.17199e+07
1.37521e+08 1.17647e+07
1.37544e+08 1.16976e+07
1.37544e+08 1.16976e+07
1.37588e+08 1.17423e+07
1.49296e+08 1.24354e+07
1.49308e+08 1.24355e+07
1.49408e+08 1.2469e+07
1.4942e+08 1.24578e+07
1.49453e+08 1.2469e+07
1.49453e+08 1.2469e+07
1.49453e+08 1.24578e+07
1.49465e+08 1.2469e+07
1.49465e+08 1.2469e+07
1.49476e+08 1.2469e+07
1.49476e+08 1.2469e+07
1.49621e+08 1.24792e+07
1.49655e+08 1.23462e+07
1.49655e+08 1.23462e+07
1.4972e+08 1.23886e+07
1.4972e+08 1.23774e+07
1.49889e+08 1.23683e+07
1.49968e+08 1.24242e+07
1.49968e+08 1.24242e+07
1.49968e+08 1.23795e+07
1.4999e+08 1.24018e+07
1.62319e+08 1.30227e+07
1.62342e+08 1.30339e+07
1.62398e+08 1.29892e+07
1.62476e+08 1.30562e+07
1.62487e+08 1.30339e+07
1.62487e+08 1.30339e+07
1.62487e+08 1.30338e+07
1.62498e+08 1.30338e+07
1.62498e+08 1.30338e+07
1.62498e+08 1.30227e+07
1.62498e+08 1.30227e+07
1.6261e+08 1.29892e+07
1.62666e+08 1.30115e+07
1.62673e+08 1.30183e+07
1.62752e+08 1.3032e+07
1.62763e+08 1.30431e+07
1.62952e+08 1.30627e+07
1.62997e+08 1.30291e+07
1.62997e+08 1.30291e+07
1.63008e+08 1.30403e+07
1.63008e+08 1.3018e+07
1.63008e+08 1.3018e+07
1.75504e+08 1.31851e+07
1.75527e+08 1.31851e+07
1.75583e+08 1.3185e+07
1.75639e+08 1.31626e+07
1.75639e+08 1.31514e+07
1.75639e+08 1.31514e+07
1.75639e+08 1.31513e+07
1.75639e+08 1.31402e+07
1.75639e+08 1.31402e+07
1.7565e+08 1.31513e+07
1.75661e+08 1.31625e+07
1.75728e+08 1.3118e+07
1.75796e+08 1.31292e+07
1.75807e+08 1.31336e+07
1.7584e+08 1.30888e+07
1.7584e+08 1.30776e+07
1.76008e+08 1.30561e+07
1.76053e+08 1.3056e+07
1.76053e+08 1.3056e+07
1.76053e+08 1.30449e+07
1.76053e+08 1.30449e+07
1.76131e+08 1.31231e+07
1.89031e+08 1.3527e+07
1.89031e+08 1.3527e+07
1.89031e+08 1.35047e+07
1.8911e+08 1.3527e+07
1.89132e+08 1.34935e+07
1.89154e+08 1.35159e+07
1.89177e+08 1.35383e+07
1.89177e+08 1.35383e+07
1.89188e+08 1.35495e+07
1.89188e+08 1.35495e+07
1.89222e+08 1.35719e+07
1.89222e+08 1.35607e+07
1.89345e+08 1.36165e+07
1.89457e+08 1.36613e+07
1.89457e+08 1.365e+07
1.89499e+08 1.3659e+07
1.89535e+08 1.36951e+07
1.89602e+08 1.35936e+07
1.89602e+08 1.35489e+07
1.89602e+08 1.35489e+07
1.89604e+08 1.35507e+07
1.89622e+08 1.35694e+07
1.89691e+08 1.35597e+07
2.03267e+08 1.42355e+07
2.03278e+08 1.42467e+07
2.03278e+08 1.42467e+07
2.03278e+08 1.42467e+07
2.03356e+08 1.42468e+07
2.03356e+08 1.42244e+07
2.03379e+08 1.42244e+07
2.03379e+08 1.42021e+07
2.03379e+08 1.42021e+07
2.03379e+08 1.41909e+07
2.0339e+08 1.42021e+07
2.03468e+08 1.42468e+07
2.03502e+08 1.42803e+07
2.03715e+08 1.43697e+07
2.03737e+08 1.42804e+07
2.03737e+08 1.42804e+07
2.03737e+08 1.42378e+07
2.03817e+08 1.42819e+07
2.03917e+08 1.43147e+07
2.03917e+08 1.43148e+07
2.03917e+08 1.43149e+07
2.03929e+08 1.43254e+07
2.03941e+08 1.43184e+07
2.03961e+08 1.42704e+07
2.18128e+08 1.48608e+07
2.18128e+08 1.48496e+07
2.18128e+08 1.48496e+07
2.1815e+08 1.48719e+07
2.1815e+08 1.48719e+07
2.18239e+08 1.48831e+07
2.18262e+08 1.49055e+07
2.18262e+08 1.48831e+07
2.18273e+08 1.48943e+07
2.18273e+08 1.48943e+07
2.18273e+08 1.48943e+07
2.1834e+08 1.49502e+07
2.18374e+08 1.49055e+07
2.18441e+08 1.4939e+07
2.18654e+08 1.4939e+07
2.18665e+08 1.49279e+07
2.18665e+08 1.49279e+07
2.18665e+08 1.49279e+07
2.18702e+08 1.48841e+07
2.18725e+08 1.48081e+07
2.18735e+08 1.48181e+07
2.18735e+08 1.48181e+07
2.18769e+08 1.48401e+07
2.18781e+08 1.48398e+07
2.18791e+08 1.48293e+07
2.33493e+08 1.53658e+07
2.33493e+08 1.53658e+07
2.33504e+08 1.5377e+07
2.33505e+08 1.53546e+07
2.33549e+08 1.53993e+07
2.3356e+08 1.54105e+07
2.33672e+08 1.54328e+07
2.33728e+08 1.54664e+07
2.33762e+08 1.54999e+07
2.33762e+08 1.54887e+07
2.33796e+08 1.55222e+07
2.33818e+08 1.55446e+07
2.33896e+08 1.55558e+07
2.3393e+08 1.55558e+07
2.33975e+08 1.55335e+07
2.3412e+08 1.54664e+07
2.34132e+08 1.54664e+07
2.34132e+08 1.54664e+07
2.34132e+08 1.54664e+07
2.34132e+08 1.54302e+07
2.34132e+08 1.54072e+07
2.34168e+08 1.54335e+07
2.34168e+08 1.54335e+07
2.34168e+08 1.53992e+07
2.34191e+08 1.54101e+07
2.34191e+08 1.54003e+07
2.49373e+08 1.58801e+07
2.49385e+08 1.58913e+07
2.49385e+08 1.58801e+07
2.49407e+08 1.59025e+07
2.49519e+08 1.59696e+07
2.49519e+08 1.59584e+07
2.49664e+08 1.59919e+07
2.49664e+08 1.5992e+07
2.49787e+08 1.60589e+07
2.49933e+08 1.61708e+07
2.49933e+08 1.61708e+07
2.49944e+08 1.61484e+07
2.49966e+08 1.61484e+07
2.49978e+08 1.60813e+07
2.49989e+08 1.6059e+07
2.50045e+08 1.60702e+07
2.50179e+08 1.6059e+07
2.50179e+08 1.60478e+07
2.50179e+08 1.60478e+07
2.50179e+08 1.60479e+07
2.5018e+08 1.60478e+07
2.5018e+08 1.60478e+07
2.5018e+08 1.60115e+07
2.5018e+08 1.60115e+07
2.5018e+08 1.60115e+07
2.5018e+08 1.5989e+07
2.5018e+08 1.5989e+07
2.65937e+08 1.65633e+07
2.65993e+08 1.66081e+07
2.65993e+08 1.66081e+07
2.65993e+08 1.65858e+07
2.66127e+08 1.66083e+07
2.66127e+08 1.66083e+07
2.66295e+08 1.66306e+07
2.66384e+08 1.672e+07
2.66462e+08 1.67983e+07
2.66552e+08 1.67647e+07
2.66642e+08 1.67088e+07
2.66642e+08 1.67088e+07
2.66642e+08 1.66977e+07
2.66642e+08 1.66753e+07
2.66675e+08 1.66976e+07
2.66675e+08 1.66864e+07
2.66709e+08 1.66641e+07
2.66821e+08 1.66418e+07
2.66832e+08 1.6653e+07
2.66832e+08 1.6653e+07
2.66832e+08 1.66529e+07
2.66833e+08 1.66529e+07
2.66833e+08 1.6653e+07
2.66833e+08 1.66529e+07
2.66833e+08 1.66529e+07
2.66833e+08 1.66529e+07
2.66833e+08 1.66529e+07
2.66833e+08 1.66529e+07
2.83113e+08 1.71762e+07
2.8318e+08 1.71874e+07
2.8318e+08 1.71874e+07
2.8318e+08 1.71874e+07
2.83583e+08 1.74557e+07
2.83605e+08 1.74781e+07
2.83661e+08 1.73663e+07
2.83739e+08 1.73551e+07
2.83806e+08 1.7344e+07
2.83807e+08 1.72546e+07
2.83807e+08 1.72546e+07
2.83918e+08 1.72769e+07
2.83918e+08 1.72769e+07
2.83918e+08 1.72769e+07
2.8393e+08 1.72881e+07
2.8393e+08 1.72545e+07
2.8393e+08 1.72545e+07
2.83975e+08 1.72657e+07
2.84064e+08 1.72434e+07
2.84098e+08 1.72657e+07
2.84098e+08 1.72657e+07
2.84098e+08 1.72657e+07
2.84098e+08 1.72657e+07
2.84098e+08 1.72657e+07
2.84098e+08 1.72658e+07
2.84098e+08 1.72658e+07
2.84098e+08 1.72658e+07
2.84098e+08 1.72658e+07
2.84098e+08 1.72658e+07
3.00928e+08 1.78148e+07
3.01062e+08 1.78818e+07
3.01073e+08 1.78931e+07
3.01073e+08 1.78931e+07
3.01319e+08 1.77366e+07
3.01364e+08 1.7759e+07
3.01554e+08 1.78931e+07
3.0161e+08 1.78707e+07
3.01655e+08 1.78485e+07
3.01655e+08 1.78485e+07
3.01666e+08 1.78596e+07
3.01666e+08 1.78597e+07
3.01767e+08 1.78484e+07
3.01767e+08 1.78484e+07
3.018e+08 1.7882e+07
3.01812e+08 1.7882e+07
3.01812e+08 1.7882e+07
3.01812e+08 1.7882e+07
3.01823e+08 1.78484e+07
3.0189e+08 1.78261e+07
3.01935e+08 1.78373e+07
3.01935e+08 1.78373e+07
3.01935e+08 1.78373e+07
3.01947e+08 1.78485e+07
3.01947e+08 1.78485e+07
3.01947e+08 1.78485e+07
3.01947e+08 1.78485e+07
3.01947e+08 1.78484e+07
3.01947e+08 1.78484e+07
3.01947e+08 1.78485e+07
3.1947e+08 1.85419e+07
3.19514e+08 1.84524e+07
3.19559e+08 1.84859e+07
3.19559e+08 1.84859e+07
3.19738e+08 1.84188e+07
3.19783e+08 1.84188e+07
3.19917e+08 1.83629e+07
3.19984e+08 1.83741e+07
3.20051e+08 1.83964e+07
3.20051e+08 1.83964e+07
3.20051e+08 1.83852e+07
3.20085e+08 1.84188e+07
3.20186e+08 1.84188e+07
3.20186e+08 1.84188e+07
3.20197e+08 1.843e+07
3.2023e+08 1.843e+07
3.2023e+08 1.84188e+07
3.2023e+08 1.84188e+07
3.2023e+08 1.84188e+07
3.20231e+08 1.84077e+07
3.20253e+08 1.83629e+07
3.20276e+08 1.83406e+07
3.20276e+08 1.83406e+07
3.20276e+08 1.83406e+07
3.20332e+08 1.83853e+07
3.20332e+08 1.83853e+07
3.20332e+08 1.83853e+07
3.20332e+08 1.83853e+07
3.20332e+08 1.83854e+07
3.20343e+08 1.83966e+07
3.20344e+08 1.83966e+07
3.3847e+08 1.90005e+07
3.38548e+08 1.9034e+07
3.38638e+08 1.90787e+07
3.38638e+08 1.90787e+07
3.38772e+08 1.90339e+07
3.38806e+08 1.90227e+07
3.38884e+08 1.89669e+07
3.38918e+08 1.89333e+07
3.38962e+08 1.89109e+07
3.38962e+08 1.89109e+07
3.38962e+08 1.89109e+07
3.39063e+08 1.8978e+07
3.39108e+08 1.89221e+07
3.39108e+08 1.89221e+07
3.39108e+08 1.89222e+07
3.39175e+08 1.8978e+07
3.39197e+08 1.89669e+07
3.39197e+08 1.89669e+07
3.39197e+08 1.89669e+07
3.39197e+08 1.89669e+07
3.39198e+08 1.89668e+07
3.39198e+08 1.89444e+07
3.39232e+08 1.89557e+07
3.39232e+08 1.89557e+07
3.39232e+08 1.89557e+07
3.39243e+08 1.89109e+07
3.39243e+08 1.89109e+07
3.39243e+08 1.8911e+07
3.39243e+08 1.89111e+07
3.39243e+08 1.89111e+07
3.39243e+08 1.88999e+07
3.39243e+08 1.88999e+07
3.58028e+08 1.9558e+07
3.58106e+08 1.9558e+07
3.58241e+08 1.96028e+07
3.58274e+08 1.96363e+07
3.58442e+08 1.96699e+07
3.58476e+08 1.96699e+07
3.58498e+08 1.9614e+07
3.58509e+08 1.95917e+07
3.5852e+08 1.95581e+07
3.5852e+08 1.95581e+07
3.5852e+08 1.95581e+07
3.58565e+08 1.95022e+07
3.58643e+08 1.95356e+07
3.58643e+08 1.95357e+07
3.58655e+08 1.95468e+07
3.58655e+08 1.94798e+07
3.58655e+08 1.94798e+07
3.58677e+08 1.94798e+07
3.58677e+08 1.94798e+07
3.58677e+08 1.94798e+07
3.58688e+08 1.94909e+07
3.58711e+08 1.95133e+07
3.58711e+08 1.95133e+07
3.58745e+08 1.95132e+07
3.58745e+08 1.95132e+07
3.58745e+08 1.95132e+07
3.58745e+08 1.95021e+07
3.58745e+08 1.95021e+07
3.58745e+08 1.95022e+07
3.58746e+08 1.95022e+07
3.58746e+08 1.95022e+07
3.58746e+08 1.95022e+07
3.58746e+08 1.95022e+07
3.78102e+08 2.00736e+07
3.78202e+08 2.0096e+07
3.78314e+08 2.00737e+07
3.78314e+08 2.00401e+07
3.78527e+08 2.00849e+07
3.78538e+08 2.00626e+07
3.78583e+08 2.00849e+07
3.78616e+08 2.01073e+07
3.78639e+08 2.01184e+07
3.78639e+08 2.01184e+07
3.78639e+08 2.01184e+07
3.78639e+08 2.00737e+07
3.78639e+08 1.99954e+07
3.78672e+08 2.0029e+07
3.78706e+08 2.00514e+07
3.78728e+08 2.00737e+07
3.78728e+08 2.00737e+07
3.78728e+08 2.00738e+07
3.7874e+08 2.00625e+07
3.7874e+08 2.00625e+07
3.7874e+08 2.00625e+07
3.7874e+08 2.00514e+07
3.78762e+08 2.00513e+07
3.78774e+08 2.00625e+07
3.78774e+08 2.00288e+07
3.78774e+08 2.00289e+07
3.78785e+08 2.00401e+07
3.78808e+08 2.00625e+07
3.78808e+08 2.00625e+07
3.78808e+08 2.00625e+07
3.78808e+08 2.00625e+07
3.78808e+08 2.00625e+07
3.78808e+08 2.00625e+07
3.78808e+08 2.00626e+07
3.98802e+08 2.07002e+07
3.98858e+08 2.06554e+07
3.99081e+08 2.07672e+07
3.99081e+08 2.07672e+07
3.99171e+08 2.06441e+07
3.99193e+08 2.06553e+07
3.99205e+08 2.06217e+07
3.99216e+08 2.05994e+07
3.99216e+08 2.0577e+07
3.99238e+08 2.05994e+07
3.99238e+08 2.05994e+07
3.99238e+08 2.05994e+07
3.99272e+08 2.06329e+07
3.9935e+08 2.06776e+07
3.99361e+08 2.06553e+07
3.99373e+08 2.06441e+07
3.99373e+08 2.06441e+07
3.99406e+08 2.06777e+07
3.99406e+08 2.06665e+07
3.99406e+08 2.06665e+07
3.99406e+08 2.06665e+07
3.99406e+08 2.06665e+07
3.99406e+08 2.06665e+07
3.99406e+08 2.06441e+07
3.99429e+08 2.06553e+07
3.9944e+08 2.06665e+07
3.9944e+08 2.06665e+07
3.9944e+08 2.06552e+07
3.99474e+08 2.06664e+07
3.99474e+08 2.06664e+07
3.99475e+08 2.06665e+07
3.99475e+08 2.06665e+07
3.99486e+08 2.06777e+07
3.99486e+08 2.06777e+07
3.99486e+08 2.06778e+07
4.20132e+08 2.133e+07
4.20188e+08 2.133e+07
4.20277e+08 2.11958e+07
4.20277e+08 2.11958e+07
4.20423e+08 2.12517e+07
4.20423e+08 2.12293e+07
4.20456e+08 2.12517e+07
4.20467e+08 2.12516e+07
4.20467e+08 2.12516e+07
4.20501e+08 2.12628e+07
4.20501e+08 2.12628e+07
4.20501e+08 2.12628e+07
4.20546e+08 2.1274e+07
4.20546e+08 2.11958e+07
4.20557e+08 2.11958e+07
4.20557e+08 2.11846e+07
4.20568e+08 2.11958e+07
4.20669e+08 2.12629e+07
4.20692e+08 2.12853e+07
4.20692e+08 2.12853e+07
4.20692e+08 2.12853e+07
4.20692e+08 2.12853e+07
4.20692e+08 2.12853e+07
4.20692e+08 2.12853e+07
4.20692e+08 2.12853e+07
4.20703e+08 2.12741e+07
4.20714e+08 2.12741e+07
4.20725e+08 2.12853e+07
4.20725e+08 2.12852e+07
4.20737e+08 2.12628e+07
4.20737e+08 2.12628e+07
4.20771e+08 2.12964e+07
4.20771e+08 2.12964e+07
4.20771e+08 2.12852e+07
4.20782e+08 2.12965e+07
4.20849e+08 2.13636e+07
4.42047e+08 2.19151e+07
4.42047e+08 2.18592e+07
4.42136e+08 2.18591e+07
4.42136e+08 2.18591e+07
4.42192e+08 2.17697e+07
4.42237e+08 2.18144e+07
4.42304e+08 2.18479e+07
4.42327e+08 2.18591e+07
4.42327e+08 2.18591e+07
4.42349e+08 2.18479e+07
4.4236e+08 2.18591e+07
4.42371e+08 2.18703e+07
4.42383e+08 2.18367e+07
4.42383e+08 2.18367e+07
4.42427e+08 2.18702e+07
4.42427e+08 2.18702e+07
4.42439e+08 2.18702e+07
4.42472e+08 2.18032e+07
4.42573e+08 2.18815e+07
4.42573e+08 2.18815e+07
4.42573e+08 2.18815e+07
4.42573e+08 2.18815e+07
4.42573e+08 2.18815e+07
4.42573e+08 2.18815e+07
4.42573e+08 2.18815e+07
4.42584e+08 2.18927e+07
4.42585e+08 2.18816e+07
4.42585e+08 2.18704e+07
4.42596e+08 2.18704e+07
4.42596e+08 2.18704e+07
4.42618e+08 2.18815e+07
4.42618e+08 2.18815e+07
4.42719e+08 2.19485e+07
4.4272e+08 2.19485e+07
4.4272e+08 2.19485e+07
4.4272e+08 2.19373e+07
4.42753e+08 2.19039e+07
4.64538e+08 2.24911e+07
4.64549e+08 2.25023e+07
4.6465e+08 2.25134e+07
4.64683e+08 2.2547e+07
4.64728e+08 2.25358e+07
4.64728e+08 2.24911e+07
4.64818e+08 2.25135e+07
4.64829e+08 2.25023e+07
4.64829e+08 2.25023e+07
4.64829e+08 2.248e+07
4.64829e+08 2.24688e+07
4.64829e+08 2.24576e+07
4.6484e+08 2.24576e+07
4.64863e+08 2.248e+07
4.64885e+08 2.24575e+07
4.64885e+08 2.24575e+07
4.64907e+08 2.24687e+07
4.64952e+08 2.24799e+07
4.65031e+08 2.24576e+07
4.65031e+08 2.24576e+07
4.65031e+08 2.24576e+07
4.65031e+08 2.24576e+07
4.65031e+08 2.24576e+07
4.65031e+08 2.24576e+07
4.65042e+08 2.24688e+07
4.65042e+08 2.24688e+07
4.65087e+08 2.25023e+07
4.65098e+08 2.25135e+07
4.65098e+08 2.25135e+07
4.65098e+08 2.25023e+07
4.65098e+08 2.25023e+07
4.65109e+08 2.24911e+07
4.65109e+08 2.2491e+07
4.65266e+08 2.25469e+07
4.65266e+08 2.25469e+07
4.65266e+08 2.25469e+07
4.65266e+08 2.25469e+07
4.65311e+08 2.25581e+07
4.87754e+08 2.32163e+07
4.87799e+08 2.32499e+07
4.87833e+08 2.31828e+07
4.87833e+08 2.31494e+07
4.87889e+08 2.31606e+07
4.879e+08 2.31718e+07
4.87934e+08 2.31159e+07
4.87945e+08 2.31158e+07
4.87945e+08 2.31158e+07
4.87945e+08 2.31158e+07
4.87945e+08 2.31158e+07
4.87945e+08 2.31158e+07
4.87945e+08 2.31046e+07
4.87945e+08 2.30823e+07
4.87945e+08 2.30599e+07
4.87945e+08 2.30599e+07
4.87945e+08 2.30376e+07
4.87967e+08 2.30152e+07
4.88146e+08 2.31158e+07
4.88146e+08 2.31158e+07
4.88146e+08 2.31158e+07
4.88146e+08 2.31159e+07
4.88146e+08 2.31159e+07
4.88146e+08 2.31158e+07
4.88146e+08 2.31159e+07
4.88158e+08 2.31158e+07
4.88158e+08 2.31158e+07
4.8818e+08 2.30935e+07
4.88214e+08 2.31158e+07
4.88214e+08 2.31158e+07
4.88214e+08 2.31158e+07
4.88214e+08 2.31158e+07
4.88214e+08 2.31046e+07
4.88214e+08 2.31046e+07
4.88382e+08 2.31157e+07
4.88382e+08 2.31157e+07
4.88382e+08 2.31158e+07
4.88382e+08 2.31158e+07
4.88449e+08 2.3138e+07
5.11515e+08 2.37607e+07
5.1156e+08 2.37608e+07
5.1156e+08 2.37272e+07
5.11582e+08 2.37495e+07
5.11616e+08 2.37273e+07
5.11616e+08 2.37161e+07
5.11694e+08 2.37608e+07
5.11694e+08 2.37496e+07
5.11706e+08 2.37608e+07
5.11706e+08 2.37608e+07
5.11706e+08 2.37608e+07
5.11706e+08 2.37608e+07
5.11706e+08 2.37608e+07
5.11706e+08 2.37608e+07
5.11706e+08 2.37608e+07
5.11706e+08 2.37608e+07
5.11706e+08 2.37608e+07
5.11717e+08 2.37496e+07
5.11885e+08 2.37384e+07
5.11885e+08 2.37384e+07
5.11885e+08 2.37384e+07
5.11885e+08 2.37384e+07
5.11885e+08 2.37384e+07
5.11885e+08 2.37384e+07
5.11885e+08 2.37384e+07
5.11885e+08 2.37272e+07
5.11885e+08 2.37273e+07
5.11896e+08 2.37384e+07
5.11907e+08 2.37272e+07
5.11952e+08 2.37384e+07
5.11952e+08 2.37384e+07
5.11952e+08 2.37384e+07
5.11964e+08 2.37496e+07
5.11964e+08 2.37496e+07
5.11964e+08 2.37496e+07
5.12031e+08 2.36487e+07
5.12031e+08 2.36487e+07
5.12098e+08 2.37158e+07
5.12109e+08 2.3727e+07
5.12188e+08 2.37383e+07
5.35888e+08 2.43732e+07
5.35911e+08 2.43509e+07
5.35933e+08 2.43733e+07
5.35933e+08 2.43509e+07
5.35945e+08 2.43285e+07
5.35956e+08 2.43396e+07
5.35978e+08 2.42838e+07
5.35978e+08 2.42838e+07
5.36012e+08 2.43062e+07
5.36012e+08 2.43062e+07
5.36012e+08 2.43062e+07
5.36012e+08 2.43062e+07
5.36023e+08 2.43174e+07
5.36034e+08 2.43285e+07
5.36034e+08 2.43285e+07
5.36034e+08 2.43285e+07
5.36045e+08 2.43397e+07
5.36045e+08 2.43285e+07
5.36191e+08 2.43063e+07
5.36191e+08 2.43063e+07
5.36191e+08 2.43063e+07
5.36191e+08 2.43063e+07
5.36191e+08 2.43062e+07
5.36191e+08 2.43062e+07
5.36202e+08 2.43174e+07
5.36213e+08 2.43286e+07
5.36213e+08 2.43286e+07
5.36213e+08 2.43286e+07
5.36214e+08 2.43174e+07
5.36247e+08 2.43398e+07
5.36281e+08 2.43286e+07
5.36292e+08 2.43397e+07
5.36292e+08 2.43397e+07
5.36303e+08 2.43397e+07
5.36303e+08 2.43398e+07
5.36303e+08 2.43398e+07
5.36348e+08 2.43173e+07
5.36359e+08 2.43285e+07
5.36371e+08 2.42726e+07
5.36404e+08 2.42949e+07
5.36527e+08 2.43396e+07
5.60738e+08 2.48492e+07
5.60861e+08 2.49498e+07
5.60872e+08 2.49387e+07
5.60872e+08 2.49387e+07
5.60872e+08 2.49274e+07
5.60872e+08 2.49163e+07
5.60939e+08 2.4961e+07
5.60939e+08 2.4961e+07
5.60939e+08 2.49274e+07
5.60939e+08 2.49274e+07
5.6095e+08 2.49386e+07
5.6095e+08 2.49386e+07
5.60962e+08 2.49386e+07
5.60962e+08 2.49274e+07
5.60962e+08 2.49274e+07
5.60962e+08 2.49274e+07
5.60962e+08 2.49163e+07
5.60973e+08 2.49274e+07
5.61074e+08 2.48827e+07
5.61074e+08 2.48827e+07
5.61074e+08 2.48827e+07
5.61074e+08 2.48827e+07
5.61074e+08 2.48827e+07
5.61085e+08 2.48939e+07
5.61096e+08 2.48939e+07
5.61096e+08 2.48828e+07
5.61096e+08 2.48828e+07
5.61107e+08 2.48939e+07
5.61107e+08 2.48939e+07
5.61107e+08 2.48939e+07
5.61175e+08 2.49276e+07
5.61197e+08 2.49163e+07
5.61208e+08 2.49163e+07
5.61208e+08 2.49163e+07
5.6122e+08 2.49163e+07
5.61231e+08 2.49275e+07
5.61231e+08 2.49275e+07
5.61231e+08 2.48828e+07
5.61231e+08 2.48716e+07
5.61231e+08 2.48604e+07
5.6132e+08 2.49162e+07
5.61455e+08 2.49274e+07
5.86181e+08 2.54435e+07
5.86293e+08 2.54323e+07
5.86293e+08 2.54211e+07
5.86293e+08 2.54211e+07
5.86338e+08 2.54658e+07
5.86349e+08 2.5477e+07
5.86416e+08 2.5477e+07
5.86416e+08 2.5477e+07
5.86416e+08 2.5477e+07
5.86427e+08 2.54881e+07
5.86427e+08 2.5477e+07
5.86427e+08 2.5477e+07
5.86427e+08 2.54658e+07
5.86427e+08 2.54658e+07
5.86439e+08 2.54769e+07
5.86461e+08 2.54993e+07
5.86461e+08 2.54993e+07
5.86461e+08 2.54881e+07
5.86562e+08 2.54879e+07
5.86562e+08 2.54879e+07
5.86562e+08 2.5488e+07
5.86562e+08 2.5488e+07
5.86562e+08 2.5488e+07
5.86562e+08 2.54768e+07
5.86562e+08 2.54657e+07
5.86562e+08 2.54657e+07
5.86562e+08 2.54657e+07
5.86562e+08 2.54546e+07
5.86573e+08 2.54658e+07
5.86573e+08 2.54658e+07
5.86584e+08 2.5477e+07
5.8664e+08 2.54658e+07
5.86663e+08 2.54658e+07
5.86663e+08 2.54546e+07
5.86674e+08 2.54658e+07
5.86685e+08 2.54658e+07
5.86685e+08 2.54546e+07
5.86685e+08 2.54546e+07
5.86685e+08 2.54546e+07
5.86697e+08 2.54658e+07
5.86697e+08 2.54658e+07
5.86697e+08 2.53764e+07
5.86909e+08 2.54546e+07
6.12292e+08 2.61115e+07
6.1236e+08 2.60667e+07
6.1236e+08 2.60667e+07
6.1236e+08 2.60667e+07
6.12393e+08 2.60555e+07
6.12449e+08 2.61002e+07
6.12527e+08 2.61113e+07
6.12527e+08 2.61113e+07
6.12539e+08 2.61225e+07
6.1255e+08 2.61225e+07
6.1255e+08 2.61225e+07
6.12561e+08 2.61336e+07
6.12561e+08 2.61336e+07
6.12561e+08 2.61336e+07
6.12561e+08 2.61225e+07
6.12561e+08 2.61001e+07
6.12561e+08 2.61001e+07
6.12561e+08 2.61001e+07
6.12684e+08 2.61224e+07
6.12684e+08 2.61224e+07
6.12684e+08 2.61225e+07
6.12684e+08 2.61225e+07
6.12684e+08 2.61225e+07
6.12684e+08 2.61225e+07
6.12684e+08 2.61225e+07
6.12684e+08 2.61225e+07
6.12684e+08 2.61225e+07
6.12696e+08 2.61337e+07
6.12696e+08 2.61225e+07
6.12696e+08 2.61225e+07
6.12696e+08 2.61113e+07
6.12741e+08 2.61002e+07
6.12741e+08 2.61002e+07
6.12763e+08 2.61002e+07
6.12763e+08 2.61002e+07
6.12774e+08 2.61002e+07
6.12808e+08 2.61225e+07
6.12875e+08 2.61896e+07
6.12909e+08 2.62231e+07
6.1292e+08 2.62343e+07
6.1292e+08 2.62231e+07
6.1292e+08 2.62231e+07
6.12931e+08 2.62342e+07
6.13076e+08 2.61671e+07
6.19479e+08 7.18616e+06
6.19501e+08 7.14144e+06
6.19523e+08 7.16381e+06
