4.82336e+06 4.82267e+06
8.29251e+06 3.46915e+06
8.29253e+06 3.46916e+06
9.73582e+06 1.44331e+06
9.73583e+06 1.44331e+06
1.1599e+07 1.86317e+06
1.16102e+07 1.87435e+06
1.16102e+07 1.87435e+06
1.43805e+07 2.78155e+06
1.43806e+07 2.77041e+06
1.43806e+07 2.77042e+06
1.43806e+07 2.77042e+06
1.72617e+07 2.88119e+06
1.72618e+07 2.88125e+06
1.72618e+07 2.88124e+06
1.72618e+07 2.88124e+06
1.72619e+07 2.88125e+06
2.10749e+07 3.81315e+06
2.1075e+07 3.81312e+06
2.1075e+07 3.81315e+06
2.1075e+07 3.81315e+06
2.1075e+07 3.81315e+06
2.1075e+07 3.81316e+06
2.5349e+07 4.27416e+06
2.53491e+07 4.27418e+06
2.53491e+07 4.27415e+06
2.53492e+07 4.27415e+06
2.53492e+07 4.27415e+06
2.53492e+07 4.27415e+06
2.53492e+07 4.27416e+06
2.94919e+07 4.14285e+06
2.95479e+07 4.19872e+06
2.95479e+07 4.19872e+06
2.95479e+07 4.19874e+06
2.95479e+07 4.19874e+06
2.95479e+07 4.19874e+06
2.9548e+07 4.1988e+06
3.43515e+07 4.85966e+06
3.43516e+07 4.85966e+06
3.43516e+07 4.80379e+06
3.43517e+07 4.80381e+06
3.4374e+07 4.82616e+06
3.43741e+07 4.82616e+06
3.43741e+07 4.82616e+06
3.44077e+07 4.85968e+06
3.96967e+07 5.34514e+06
3.96967e+07 5.34514e+06
3.96967e+07 5.34515e+06
3.97192e+07 5.36752e+06
3.97415e+07 5.38986e+06
3.97751e+07 5.40107e+06
3.97752e+07 5.40112e+06
3.97752e+07 5.40114e+06
3.97753e+07 5.36763e+06
4.58071e+07 6.11042e+06
4.58071e+07 6.11043e+06
4.58071e+07 6.11043e+06
4.58072e+07 6.088e+06
4.58072e+07 6.08802e+06
4.58072e+07 6.0657e+06
4.58073e+07 6.03222e+06
4.5841e+07 6.06581e+06
4.58522e+07 6.07698e+06
4.5897e+07 6.12172e+06
5.22892e+07 6.4821e+06
5.23004e+07 6.49329e+06
5.23004e+07 6.4933e+06
5.23228e+07 6.51568e+06
5.23228e+07 6.51567e+06
5.23229e+07 6.5157e+06
5.23565e+07 6.54926e+06
5.23566e+07 6.54926e+06
5.23567e+07 6.51568e+06
5.23567e+07 6.50449e+06
5.23679e+07 6.47088e+06
5.95508e+07 7.26161e+06
5.95508e+07 7.25043e+06
5.95509e+07 7.25042e+06
5.95845e+07 7.26163e+06
5.95845e+07 7.26163e+06
5.95845e+07 7.26164e+06
5.95846e+07 7.22809e+06
5.95846e+07 7.22809e+06
5.96182e+07 7.2616e+06
5.96183e+07 7.26162e+06
5.96183e+07 7.26162e+06
5.96183e+07 7.25045e+06
6.72335e+07 7.68264e+06
6.72336e+07 7.68274e+06
6.72336e+07 7.68274e+06
6.72448e+07 7.66034e+06
6.72448e+07 7.66034e+06
6.72673e+07 7.68281e+06
6.73009e+07 7.71635e+06
6.73009e+07 7.71635e+06
6.73009e+07 7.71636e+06
6.7301e+07 7.68283e+06
6.73011e+07 7.6828e+06
6.73011e+07 7.6828e+06
6.73011e+07 7.68277e+06
7.54593e+07 8.22585e+06
7.55267e+07 8.29312e+06
7.55379e+07 8.30429e+06
7.55379e+07 8.29309e+06
7.55379e+07 8.29309e+06
7.55716e+07 8.30431e+06
7.55941e+07 8.29314e+06
7.55941e+07 8.29314e+06
7.56276e+07 8.32669e+06
7.565e+07 8.34906e+06
7.56612e+07 8.36018e+06
7.56836e+07 8.38254e+06
7.56836e+07 8.38254e+06
7.56836e+07 8.38253e+06
8.44405e+07 8.98119e+06
8.4463e+07 8.93629e+06
8.4463e+07 8.92512e+06
8.4463e+07 8.92511e+06
8.4463e+07 8.92514e+06
8.45082e+07 8.93651e+06
8.45082e+07 8.9141e+06
8.45082e+07 8.9141e+06
8.45082e+07 8.88062e+06
8.45083e+07 8.85827e+06
8.45418e+07 8.88062e+06
8.4553e+07 8.8918e+06
8.45978e+07 8.91414e+06
8.45978e+07 8.91414e+06
8.46089e+07 8.92532e+06
9.39635e+07 9.52298e+06
9.39748e+07 9.51178e+06
9.39748e+07 9.51179e+06
9.39748e+07 9.51179e+06
9.39748e+07 9.5118e+06
9.39753e+07 9.46712e+06
9.39753e+07 9.46712e+06
9.39753e+07 9.46712e+06
9.39977e+07 9.48947e+06
9.39977e+07 9.48946e+06
9.4009e+07 9.46713e+06
9.4009e+07 9.45595e+06
9.40201e+07 9.46714e+06
9.40537e+07 9.45598e+06
9.40537e+07 9.45598e+06
9.40538e+07 9.44481e+06
1.04121e+08 1.01578e+07
1.04121e+08 1.01467e+07
1.04122e+08 1.01467e+07
1.04122e+08 1.01467e+07
1.04122e+08 1.01468e+07
1.04122e+08 1.01467e+07
1.04122e+08 1.01467e+07
1.04122e+08 1.01467e+07
1.04122e+08 1.01244e+07
1.04122e+08 1.01244e+07
1.04167e+08 1.01579e+07
1.04167e+08 1.01579e+07
1.04167e+08 1.01467e+07
1.042e+08 1.01467e+07
1.042e+08 1.01467e+07
1.042e+08 1.01467e+07
1.042e+08 1.01467e+07
1.14849e+08 1.07279e+07
1.14861e+08 1.07391e+07
1.14861e+08 1.07391e+07
1.14861e+08 1.07391e+07
1.14861e+08 1.07392e+07
1.14861e+08 1.07391e+07
1.14861e+08 1.07391e+07
1.14861e+08 1.07391e+07
1.14872e+08 1.07503e+07
1.14872e+08 1.07503e+07
1.1494e+08 1.07727e+07
1.1494e+08 1.07727e+07
1.1494e+08 1.07727e+07
1.1494e+08 1.07392e+07
1.1494e+08 1.07392e+07
1.1494e+08 1.07392e+07
1.1494e+08 1.07392e+07
1.1494e+08 1.07392e+07
1.26163e+08 1.13137e+07
1.2623e+08 1.13698e+07
1.2623e+08 1.13698e+07
1.2623e+08 1.13698e+07
1.26231e+08 1.13697e+07
1.26231e+08 1.13696e+07
1.26231e+08 1.13697e+07
1.26231e+08 1.13697e+07
1.26231e+08 1.13587e+07
1.26276e+08 1.14034e+07
1.26298e+08 1.13587e+07
1.26298e+08 1.13587e+07
1.26298e+08 1.13587e+07
1.26309e+08 1.13698e+07
1.26309e+08 1.13698e+07
1.26309e+08 1.13698e+07
1.26309e+08 1.13698e+07
1.26309e+08 1.13698e+07
1.26309e+08 1.13698e+07
1.37986e+08 1.18232e+07
1.38121e+08 1.18903e+07
1.38121e+08 1.18902e+07
1.38121e+08 1.18902e+07
1.38121e+08 1.18902e+07
1.38121e+08 1.18903e+07
1.38121e+08 1.18903e+07
1.38121e+08 1.18903e+07
1.38155e+08 1.19238e+07
1.382e+08 1.19238e+07
1.382e+08 1.19015e+07
1.382e+08 1.19015e+07
1.382e+08 1.19015e+07
1.382e+08 1.18903e+07
1.382e+08 1.18903e+07
1.382e+08 1.18903e+07
1.382e+08 1.18903e+07
1.382e+08 1.18903e+07
1.382e+08 1.18903e+07
1.382e+08 1.18903e+07
1.5039e+08 1.24038e+07
1.5058e+08 1.24597e+07
1.5058e+08 1.24597e+07
1.5058e+08 1.24598e+07
1.50581e+08 1.24598e+07
1.50603e+08 1.24822e+07
1.50603e+08 1.24822e+07
1.50603e+08 1.24822e+07
1.50648e+08 1.24933e+07
1.50648e+08 1.24486e+07
1.50704e+08 1.25046e+07
1.50716e+08 1.25158e+07
1.50716e+08 1.25158e+07
1.50738e+08 1.25382e+07
1.50738e+08 1.25382e+07
1.50738e+08 1.25382e+07
1.50738e+08 1.25382e+07
1.50738e+08 1.25382e+07
1.50738e+08 1.25382e+07
1.5076e+08 1.25605e+07
1.5076e+08 1.25605e+07
1.63281e+08 1.28907e+07
1.6356e+08 1.29801e+07
1.63583e+08 1.30024e+07
1.63583e+08 1.30024e+07
1.63617e+08 1.3036e+07
1.63661e+08 1.30583e+07
1.63662e+08 1.30583e+07
1.63717e+08 1.31142e+07
1.63729e+08 1.30806e+07
1.63729e+08 1.30807e+07
1.63785e+08 1.30807e+07
1.63785e+08 1.30696e+07
1.63785e+08 1.30695e+07
1.63807e+08 1.30695e+07
1.63819e+08 1.30807e+07
1.6383e+08 1.30919e+07
1.63852e+08 1.31143e+07
1.63863e+08 1.31255e+07
1.63863e+08 1.31255e+07
1.63863e+08 1.31031e+07
1.63863e+08 1.31031e+07
1.63863e+08 1.31031e+07
1.76175e+08 1.28945e+07
1.76455e+08 1.28945e+07
1.76477e+08 1.28945e+07
1.76511e+08 1.2928e+07
1.766e+08 1.29838e+07
1.76623e+08 1.29614e+07
1.76623e+08 1.29614e+07
1.7669e+08 1.29726e+07
1.76701e+08 1.29727e+07
1.76769e+08 1.30398e+07
1.76769e+08 1.29838e+07
1.76769e+08 1.29838e+07
1.76769e+08 1.29838e+07
1.76769e+08 1.29616e+07
1.76769e+08 1.29504e+07
1.76769e+08 1.29392e+07
1.76769e+08 1.29168e+07
1.76791e+08 1.2928e+07
1.76803e+08 1.29392e+07
1.76803e+08 1.29392e+07
1.76803e+08 1.29392e+07
1.76803e+08 1.29392e+07
1.89964e+08 1.37884e+07
1.89975e+08 1.37996e+07
1.90154e+08 1.36989e+07
1.90254e+08 1.37771e+07
1.90266e+08 1.37548e+07
1.90299e+08 1.36989e+07
1.90355e+08 1.37325e+07
1.90355e+08 1.37325e+07
1.90445e+08 1.37548e+07
1.90467e+08 1.3766e+07
1.90468e+08 1.3699e+07
1.90501e+08 1.37324e+07
1.90524e+08 1.37548e+07
1.90524e+08 1.37548e+07
1.90636e+08 1.38666e+07
1.90636e+08 1.38666e+07
1.90647e+08 1.38778e+07
1.90658e+08 1.3889e+07
1.90703e+08 1.39113e+07
1.90703e+08 1.39001e+07
1.90703e+08 1.39002e+07
1.90703e+08 1.39002e+07
1.90703e+08 1.39002e+07
2.04355e+08 1.43917e+07
2.04355e+08 1.43806e+07
2.04355e+08 1.43806e+07
2.04467e+08 1.43135e+07
2.04579e+08 1.43247e+07
2.04601e+08 1.43359e+07
2.04669e+08 1.43695e+07
2.04736e+08 1.43806e+07
2.04747e+08 1.43918e+07
2.0477e+08 1.43247e+07
2.0477e+08 1.43024e+07
2.04815e+08 1.43471e+07
2.0496e+08 1.44589e+07
2.04994e+08 1.44701e+07
2.04994e+08 1.44701e+07
2.05005e+08 1.43695e+07
2.05005e+08 1.43695e+07
2.05005e+08 1.43583e+07
2.05005e+08 1.43471e+07
2.05005e+08 1.43025e+07
2.05005e+08 1.43025e+07
2.05005e+08 1.43024e+07
2.05005e+08 1.43025e+07
2.05005e+08 1.43025e+07
2.19352e+08 1.49965e+07
2.19352e+08 1.49965e+07
2.19352e+08 1.49965e+07
2.19497e+08 1.50301e+07
2.19497e+08 1.50301e+07
2.19542e+08 1.4963e+07
2.19542e+08 1.49407e+07
2.19665e+08 1.49965e+07
2.19721e+08 1.49854e+07
2.19721e+08 1.49742e+07
2.19721e+08 1.49519e+07
2.19766e+08 1.49966e+07
2.19946e+08 1.51308e+07
2.19957e+08 1.49966e+07
2.19957e+08 1.49631e+07
2.19957e+08 1.49631e+07
2.19957e+08 1.49519e+07
2.19957e+08 1.49519e+07
2.19957e+08 1.49519e+07
2.19957e+08 1.49519e+07
2.19957e+08 1.49519e+07
2.19957e+08 1.49519e+07
2.19957e+08 1.49519e+07
2.19957e+08 1.49519e+07
2.19957e+08 1.49519e+07
2.34751e+08 1.5399e+07
2.34751e+08 1.5399e+07
2.34751e+08 1.5399e+07
2.34908e+08 1.54103e+07
2.34919e+08 1.54214e+07
2.34919e+08 1.54215e+07
2.3502e+08 1.54774e+07
2.35075e+08 1.55333e+07
2.3512e+08 1.5455e+07
2.35199e+08 1.54774e+07
2.35199e+08 1.54774e+07
2.35199e+08 1.54774e+07
2.35356e+08 1.55892e+07
2.35412e+08 1.54662e+07
2.35412e+08 1.54551e+07
2.35412e+08 1.54551e+07
2.35412e+08 1.54551e+07
2.35412e+08 1.54551e+07
2.35412e+08 1.54551e+07
2.35412e+08 1.54551e+07
2.35412e+08 1.54551e+07
2.35479e+08 1.55221e+07
2.35479e+08 1.55222e+07
2.35479e+08 1.55221e+07
2.35491e+08 1.55333e+07
2.35524e+08 1.55669e+07
2.5062e+08 1.5869e+07
2.5062e+08 1.5869e+07
2.5062e+08 1.5869e+07
2.50899e+08 1.59919e+07
2.50911e+08 1.59919e+07
2.50989e+08 1.60702e+07
2.51135e+08 1.61149e+07
2.51135e+08 1.6115e+07
2.51135e+08 1.60591e+07
2.51224e+08 1.61038e+07
2.51258e+08 1.60591e+07
2.51258e+08 1.60591e+07
2.51292e+08 1.60927e+07
2.51471e+08 1.6115e+07
2.51504e+08 1.60927e+07
2.51572e+08 1.61597e+07
2.51572e+08 1.61597e+07
2.51572e+08 1.61597e+07
2.51605e+08 1.61933e+07
2.51605e+08 1.61933e+07
2.51605e+08 1.61933e+07
2.51605e+08 1.61933e+07
2.51673e+08 1.61932e+07
2.51673e+08 1.61933e+07
2.51673e+08 1.61933e+07
2.5174e+08 1.62492e+07
2.51762e+08 1.62381e+07
2.6716e+08 1.65398e+07
2.67171e+08 1.6551e+07
2.67171e+08 1.6551e+07
2.67316e+08 1.64168e+07
2.67316e+08 1.64056e+07
2.67629e+08 1.66404e+07
2.6773e+08 1.65957e+07
2.6773e+08 1.65957e+07
2.6773e+08 1.65957e+07
2.6773e+08 1.65958e+07
2.67786e+08 1.65622e+07
2.67932e+08 1.66741e+07
2.67932e+08 1.66741e+07
2.67932e+08 1.66406e+07
2.68044e+08 1.65734e+07
2.68145e+08 1.66405e+07
2.68246e+08 1.66741e+07
2.68246e+08 1.66741e+07
2.68246e+08 1.66741e+07
2.68246e+08 1.66406e+07
2.68246e+08 1.66406e+07
2.68246e+08 1.66406e+07
2.68246e+08 1.66406e+07
2.68246e+08 1.65735e+07
2.68302e+08 1.66295e+07
2.68302e+08 1.66294e+07
2.68347e+08 1.6607e+07
2.68347e+08 1.65847e+07
2.84147e+08 1.69871e+07
2.84158e+08 1.69871e+07
2.84158e+08 1.69871e+07
2.84359e+08 1.70431e+07
2.84359e+08 1.70431e+07
2.84561e+08 1.69313e+07
2.8484e+08 1.71101e+07
2.84852e+08 1.71213e+07
2.84852e+08 1.71213e+07
2.84863e+08 1.71325e+07
2.84863e+08 1.71325e+07
2.84919e+08 1.71326e+07
2.85188e+08 1.72556e+07
2.85188e+08 1.72556e+07
2.85199e+08 1.72668e+07
2.85233e+08 1.71885e+07
2.85345e+08 1.71997e+07
2.85412e+08 1.71662e+07
2.85412e+08 1.71662e+07
2.85412e+08 1.71662e+07
2.85412e+08 1.71662e+07
2.85412e+08 1.71662e+07
2.85412e+08 1.71662e+07
2.85435e+08 1.71886e+07
2.85446e+08 1.71997e+07
2.85513e+08 1.7211e+07
2.85513e+08 1.7211e+07
2.85513e+08 1.71663e+07
2.85513e+08 1.71664e+07
3.01906e+08 1.77588e+07
3.01906e+08 1.77476e+07
3.01939e+08 1.77811e+07
3.02152e+08 1.77923e+07
3.02152e+08 1.77923e+07
3.02163e+08 1.76023e+07
3.02487e+08 1.76471e+07
3.02566e+08 1.77141e+07
3.02566e+08 1.77141e+07
3.02577e+08 1.77141e+07
3.02577e+08 1.77141e+07
3.02577e+08 1.77141e+07
3.02767e+08 1.78483e+07
3.02946e+08 1.77587e+07
3.0298e+08 1.77922e+07
3.0298e+08 1.7781e+07
3.02991e+08 1.77588e+07
3.03171e+08 1.78259e+07
3.03171e+08 1.7759e+07
3.03171e+08 1.7759e+07
3.03171e+08 1.7759e+07
3.03193e+08 1.77813e+07
3.03193e+08 1.77813e+07
3.03193e+08 1.77813e+07
3.03193e+08 1.77589e+07
3.03216e+08 1.77701e+07
3.03272e+08 1.77589e+07
3.03272e+08 1.77589e+07
3.03272e+08 1.7759e+07
3.03272e+08 1.77591e+07
3.20291e+08 1.8385e+07
3.20291e+08 1.8385e+07
3.20324e+08 1.83851e+07
3.20391e+08 1.82398e+07
3.20425e+08 1.82733e+07
3.20447e+08 1.82844e+07
3.20895e+08 1.84074e+07
3.20895e+08 1.83291e+07
3.2094e+08 1.83739e+07
3.2094e+08 1.83627e+07
3.2094e+08 1.83627e+07
3.2094e+08 1.83627e+07
3.21107e+08 1.83403e+07
3.21107e+08 1.83403e+07
3.21208e+08 1.82621e+07
3.21208e+08 1.82286e+07
3.2122e+08 1.82397e+07
3.21365e+08 1.83739e+07
3.21522e+08 1.83516e+07
3.21545e+08 1.8374e+07
3.21545e+08 1.8374e+07
3.21556e+08 1.83853e+07
3.21556e+08 1.8363e+07
3.21556e+08 1.8363e+07
3.21556e+08 1.8363e+07
3.21579e+08 1.83854e+07
3.21612e+08 1.83966e+07
3.21624e+08 1.83518e+07
3.21624e+08 1.83517e+07
3.21624e+08 1.83518e+07
3.21624e+08 1.83517e+07
3.39123e+08 1.88327e+07
3.39123e+08 1.88327e+07
3.39157e+08 1.88327e+07
3.39314e+08 1.89222e+07
3.39314e+08 1.88887e+07
3.39358e+08 1.8911e+07
3.39783e+08 1.88886e+07
3.39783e+08 1.88886e+07
3.39873e+08 1.89334e+07
3.39907e+08 1.89669e+07
3.39951e+08 1.90117e+07
3.40007e+08 1.90675e+07
3.40074e+08 1.89668e+07
3.40074e+08 1.89669e+07
3.40074e+08 1.89669e+07
3.40187e+08 1.89781e+07
3.40209e+08 1.90004e+07
3.40209e+08 1.89893e+07
3.40343e+08 1.89781e+07
3.40512e+08 1.89894e+07
3.40534e+08 1.89894e+07
3.40534e+08 1.89894e+07
3.40591e+08 1.90341e+07
3.40591e+08 1.90343e+07
3.40591e+08 1.90344e+07
3.40602e+08 1.90455e+07
3.40613e+08 1.90344e+07
3.40613e+08 1.90009e+07
3.40613e+08 1.89896e+07
3.40613e+08 1.89896e+07
3.40613e+08 1.89894e+07
3.40614e+08 1.89895e+07
3.58317e+08 1.91941e+07
3.58317e+08 1.91941e+07
3.58429e+08 1.92723e+07
3.58787e+08 1.94735e+07
3.58787e+08 1.94735e+07
3.58977e+08 1.96189e+07
3.59369e+08 1.95853e+07
3.59369e+08 1.95853e+07
3.59447e+08 1.95742e+07
3.59492e+08 1.95854e+07
3.59548e+08 1.95966e+07
3.59548e+08 1.95407e+07
3.59593e+08 1.95183e+07
3.59626e+08 1.95519e+07
3.59626e+08 1.95519e+07
3.59749e+08 1.95629e+07
3.59749e+08 1.95629e+07
3.59761e+08 1.95517e+07
3.59783e+08 1.95741e+07
3.59918e+08 1.95742e+07
3.60164e+08 1.96526e+07
3.60198e+08 1.96637e+07
3.60198e+08 1.96637e+07
3.60243e+08 1.96525e+07
3.60266e+08 1.9675e+07
3.60266e+08 1.96751e+07
3.60266e+08 1.96639e+07
3.60266e+08 1.96527e+07
3.60266e+08 1.96528e+07
3.60266e+08 1.96527e+07
3.60266e+08 1.96527e+07
3.60266e+08 1.96526e+07
3.60266e+08 1.96525e+07
3.78325e+08 2.00079e+07
3.78336e+08 2.0019e+07
3.78426e+08 1.99966e+07
3.78795e+08 2.00079e+07
3.78806e+08 2.0019e+07
3.79119e+08 2.0142e+07
3.79522e+08 2.01531e+07
3.79555e+08 2.01867e+07
3.796e+08 2.01532e+07
3.79701e+08 2.02091e+07
3.79701e+08 2.01532e+07
3.79701e+08 2.01531e+07
3.79712e+08 2.01196e+07
3.79802e+08 2.01755e+07
3.79802e+08 2.01755e+07
3.79914e+08 2.01643e+07
3.79936e+08 2.01867e+07
3.79936e+08 2.01867e+07
3.79936e+08 2.01756e+07
3.79947e+08 2.01644e+07
3.80171e+08 2.02538e+07
3.80407e+08 2.02427e+07
3.80452e+08 2.02539e+07
3.80452e+08 2.02539e+07
3.80497e+08 2.02539e+07
3.8052e+08 2.02539e+07
3.8052e+08 2.02539e+07
3.8052e+08 2.02539e+07
3.8052e+08 2.02539e+07
3.8052e+08 2.02539e+07
3.8052e+08 2.0254e+07
3.8052e+08 2.0254e+07
3.8052e+08 2.0254e+07
3.8052e+08 2.0254e+07
3.98622e+08 2.02965e+07
3.98622e+08 2.02853e+07
3.98711e+08 2.02853e+07
3.99348e+08 2.05534e+07
3.99348e+08 2.05423e+07
3.99673e+08 2.05535e+07
4.00031e+08 2.05088e+07
4.00086e+08 2.05311e+07
4.00254e+08 2.0654e+07
4.00489e+08 2.07882e+07
4.00489e+08 2.07882e+07
4.00489e+08 2.07882e+07
4.00489e+08 2.0777e+07
4.00489e+08 2.06876e+07
4.00489e+08 2.06876e+07
4.0068e+08 2.07659e+07
4.0068e+08 2.07434e+07
4.0068e+08 2.07434e+07
4.0068e+08 2.07434e+07
4.0068e+08 2.07434e+07
4.00691e+08 2.07435e+07
4.00971e+08 2.07994e+07
4.01218e+08 2.08107e+07
4.01274e+08 2.08219e+07
4.01274e+08 2.08219e+07
4.01319e+08 2.0822e+07
4.01342e+08 2.08219e+07
4.01342e+08 2.08218e+07
4.01342e+08 2.08218e+07
4.01342e+08 2.0822e+07
4.01342e+08 2.08218e+07
4.01342e+08 2.08218e+07
4.01342e+08 2.08219e+07
4.01342e+08 2.08219e+07
4.01342e+08 2.08219e+07
4.19746e+08 2.11244e+07
4.19746e+08 2.11244e+07
4.19891e+08 2.11803e+07
4.20171e+08 2.08227e+07
4.20171e+08 2.08226e+07
4.20764e+08 2.10908e+07
4.21166e+08 2.11356e+07
4.21189e+08 2.1102e+07
4.21457e+08 2.12027e+07
4.21804e+08 2.13144e+07
4.21804e+08 2.13144e+07
4.21804e+08 2.13144e+07
4.21804e+08 2.13145e+07
4.21815e+08 2.13256e+07
4.21815e+08 2.13256e+07
4.22061e+08 2.13815e+07
4.22061e+08 2.13814e+07
4.22061e+08 2.13814e+07
4.22061e+08 2.13814e+07
4.22061e+08 2.13815e+07
4.22061e+08 2.13815e+07
4.22083e+08 2.13926e+07
4.22341e+08 2.13702e+07
4.22633e+08 2.14152e+07
4.22689e+08 2.14152e+07
4.22689e+08 2.14152e+07
4.22756e+08 2.14376e+07
4.22757e+08 2.14151e+07
4.22757e+08 2.14151e+07
4.22757e+08 2.14151e+07
4.22757e+08 2.14151e+07
4.22757e+08 2.14151e+07
4.22757e+08 2.14152e+07
4.22757e+08 2.14151e+07
4.22757e+08 2.14151e+07
4.22757e+08 2.14152e+07
4.41766e+08 2.20198e+07
4.41766e+08 2.20198e+07
4.41777e+08 2.18857e+07
4.4209e+08 2.19194e+07
4.4209e+08 2.19194e+07
4.4237e+08 2.16064e+07
4.42717e+08 2.15505e+07
4.42717e+08 2.15281e+07
4.43142e+08 2.16847e+07
4.43578e+08 2.1774e+07
4.43578e+08 2.1774e+07
4.43578e+08 2.1774e+07
4.43589e+08 2.17852e+07
4.43712e+08 2.1897e+07
4.43723e+08 2.19082e+07
4.43958e+08 2.1897e+07
4.43969e+08 2.19082e+07
4.43969e+08 2.19082e+07
4.43969e+08 2.19082e+07
4.43969e+08 2.19082e+07
4.43992e+08 2.19305e+07
4.44036e+08 2.19529e+07
4.44036e+08 2.19529e+07
4.44204e+08 2.18635e+07
4.44653e+08 2.20201e+07
4.44709e+08 2.20202e+07
4.44709e+08 2.20202e+07
4.44777e+08 2.20202e+07
4.44777e+08 2.20201e+07
4.44777e+08 2.20201e+07
4.44777e+08 2.20201e+07
4.44777e+08 2.20201e+07
4.44777e+08 2.20201e+07
4.44777e+08 2.20201e+07
4.44777e+08 2.20201e+07
4.44777e+08 2.20201e+07
4.44777e+08 2.20201e+07
4.6402e+08 2.22545e+07
4.6402e+08 2.22545e+07
4.64043e+08 2.22656e+07
4.64435e+08 2.23441e+07
4.64435e+08 2.23441e+07
4.64647e+08 2.2277e+07
4.64781e+08 2.20646e+07
4.64781e+08 2.20646e+07
4.65374e+08 2.22323e+07
4.65911e+08 2.23329e+07
4.65911e+08 2.23329e+07
4.65911e+08 2.23329e+07
4.65922e+08 2.23329e+07
4.66022e+08 2.23105e+07
4.66078e+08 2.23553e+07
4.66268e+08 2.23104e+07
4.66313e+08 2.23439e+07
4.66336e+08 2.23663e+07
4.66347e+08 2.23775e+07
4.66403e+08 2.24334e+07
4.66436e+08 2.24446e+07
4.66537e+08 2.25005e+07
4.66537e+08 2.25005e+07
4.66537e+08 2.25005e+07
4.66794e+08 2.259e+07
4.67154e+08 2.25006e+07
4.6721e+08 2.25007e+07
4.67244e+08 2.25342e+07
4.67277e+08 2.25007e+07
4.67277e+08 2.25006e+07
4.67277e+08 2.25006e+07
4.67277e+08 2.25006e+07
4.67278e+08 2.25006e+07
4.67278e+08 2.25007e+07
4.67278e+08 2.25007e+07
4.67278e+08 2.25007e+07
4.67278e+08 2.25007e+07
4.67278e+08 2.25007e+07
4.86968e+08 2.29479e+07
4.86979e+08 2.29591e+07
4.86991e+08 2.29479e+07
4.8755e+08 2.31156e+07
4.8755e+08 2.31156e+07
4.8755e+08 2.29031e+07
4.87718e+08 2.29367e+07
4.87729e+08 2.29479e+07
4.88098e+08 2.27243e+07
4.88847e+08 2.29368e+07
4.88847e+08 2.29368e+07
4.88847e+08 2.29368e+07
4.88847e+08 2.29256e+07
4.88914e+08 2.2892e+07
4.88937e+08 2.28585e+07
4.89004e+08 2.27356e+07
4.89038e+08 2.27244e+07
4.89038e+08 2.27021e+07
4.89038e+08 2.26909e+07
4.89071e+08 2.26685e+07
4.89082e+08 2.26461e+07
4.89149e+08 2.26126e+07
4.89149e+08 2.26126e+07
4.89149e+08 2.26126e+07
4.89161e+08 2.26238e+07
4.89888e+08 2.30933e+07
4.90247e+08 2.30934e+07
4.90303e+08 2.30934e+07
4.90315e+08 2.3071e+07
4.90371e+08 2.30933e+07
4.90371e+08 2.30933e+07
4.90371e+08 2.30934e+07
4.90371e+08 2.30934e+07
4.90371e+08 2.30933e+07
4.90371e+08 2.30934e+07
4.90371e+08 2.30934e+07
4.90371e+08 2.30934e+07
4.90371e+08 2.30934e+07
4.90371e+08 2.30934e+07
5.10408e+08 2.344e+07
5.10453e+08 2.34736e+07
5.10475e+08 2.34848e+07
5.11146e+08 2.35964e+07
5.11146e+08 2.35964e+07
5.11146e+08 2.35964e+07
5.11225e+08 2.3507e+07
5.11225e+08 2.34959e+07
5.11393e+08 2.32945e+07
5.12332e+08 2.34848e+07
5.12343e+08 2.34959e+07
5.12343e+08 2.34959e+07
5.12366e+08 2.35183e+07
5.12366e+08 2.34512e+07
5.12422e+08 2.34847e+07
5.12444e+08 2.34401e+07
5.12455e+08 2.34178e+07
5.12455e+08 2.34178e+07
5.12455e+08 2.34178e+07
5.12455e+08 2.33842e+07
5.12489e+08 2.34066e+07
5.12623e+08 2.34737e+07
5.12634e+08 2.34848e+07
5.12634e+08 2.34848e+07
5.12668e+08 2.35072e+07
5.13126e+08 2.32388e+07
5.13126e+08 2.32388e+07
5.13933e+08 2.3686e+07
5.13989e+08 2.36861e+07
5.13989e+08 2.36749e+07
5.14057e+08 2.3686e+07
5.14057e+08 2.3686e+07
5.14057e+08 2.3686e+07
5.14057e+08 2.3686e+07
5.14057e+08 2.3686e+07
5.14057e+08 2.36861e+07
5.14057e+08 2.36861e+07
5.14057e+08 2.36861e+07
5.14057e+08 2.36861e+07
5.14057e+08 2.3686e+07
5.34528e+08 2.41201e+07
5.34551e+08 2.40978e+07
5.34596e+08 2.41202e+07
5.35267e+08 2.41202e+07
5.35267e+08 2.41202e+07
5.35267e+08 2.41202e+07
5.35323e+08 2.40976e+07
5.3539e+08 2.41647e+07
5.35401e+08 2.40082e+07
5.36352e+08 2.40195e+07
5.36352e+08 2.40084e+07
5.36352e+08 2.40084e+07
5.36408e+08 2.40419e+07
5.36408e+08 2.40419e+07
5.36609e+08 2.41872e+07
5.36687e+08 2.42431e+07
5.36687e+08 2.4232e+07
5.36687e+08 2.4232e+07
5.36687e+08 2.4232e+07
5.36687e+08 2.4232e+07
5.36687e+08 2.41985e+07
5.36754e+08 2.41314e+07
5.36766e+08 2.41314e+07
5.36777e+08 2.41426e+07
5.36777e+08 2.41091e+07
5.37157e+08 2.40307e+07
5.37168e+08 2.40419e+07
5.37168e+08 2.40419e+07
5.38232e+08 2.42992e+07
5.38288e+08 2.42991e+07
5.383e+08 2.43103e+07
5.38322e+08 2.42655e+07
5.38344e+08 2.42878e+07
5.38345e+08 2.42878e+07
5.38345e+08 2.42878e+07
5.38345e+08 2.4288e+07
5.38345e+08 2.42882e+07
5.38345e+08 2.42881e+07
5.38345e+08 2.42881e+07
5.38345e+08 2.42881e+07
5.38346e+08 2.42881e+07
5.59499e+08 2.4971e+07
5.59544e+08 2.49933e+07
5.59678e+08 2.50828e+07
5.60014e+08 2.47475e+07
5.60037e+08 2.47699e+07
5.60037e+08 2.47699e+07
5.6007e+08 2.47475e+07
5.60115e+08 2.47251e+07
5.6016e+08 2.47586e+07
5.61244e+08 2.48927e+07
5.61278e+08 2.49263e+07
5.613e+08 2.49486e+07
5.61334e+08 2.49263e+07
5.61367e+08 2.49598e+07
5.61524e+08 2.49151e+07
5.61703e+08 2.50157e+07
5.61703e+08 2.50157e+07
5.61703e+08 2.50157e+07
5.61703e+08 2.50157e+07
5.61714e+08 2.50269e+07
5.6177e+08 2.50828e+07
5.61781e+08 2.50269e+07
5.61781e+08 2.50157e+07
5.61793e+08 2.50157e+07
5.61793e+08 2.50157e+07
5.62028e+08 2.48704e+07
5.62028e+08 2.48592e+07
5.62039e+08 2.48705e+07
5.63248e+08 2.50158e+07
5.63259e+08 2.5027e+07
5.63416e+08 2.51276e+07
5.63416e+08 2.51164e+07
5.63416e+08 2.5094e+07
5.63416e+08 2.50717e+07
5.63416e+08 2.50717e+07
5.63416e+08 2.50717e+07
5.63417e+08 2.50718e+07
5.63417e+08 2.50718e+07
5.63417e+08 2.50718e+07
5.63417e+08 2.50718e+07
5.63417e+08 2.50718e+07
5.63417e+08 2.50718e+07
5.85034e+08 2.55344e+07
5.85056e+08 2.5512e+07
5.85157e+08 2.54785e+07
5.85515e+08 2.55009e+07
5.85515e+08 2.54785e+07
5.85515e+08 2.54785e+07
5.85549e+08 2.54785e+07
5.8556e+08 2.54449e+07
5.85571e+08 2.54114e+07
5.86499e+08 2.52549e+07
5.86656e+08 2.53778e+07
5.867e+08 2.54002e+07
5.86745e+08 2.54113e+07
5.86745e+08 2.53778e+07
5.86913e+08 2.5389e+07
5.87148e+08 2.54449e+07
5.87193e+08 2.54896e+07
5.87215e+08 2.5512e+07
5.87215e+08 2.5512e+07
5.87215e+08 2.55008e+07
5.87215e+08 2.54449e+07
5.87271e+08 2.54897e+07
5.87271e+08 2.54896e+07
5.87271e+08 2.54785e+07
5.87271e+08 2.54785e+07
5.87517e+08 2.54897e+07
5.87529e+08 2.55009e+07
5.87573e+08 2.55344e+07
5.88782e+08 2.55345e+07
5.88783e+08 2.55233e+07
5.88783e+08 2.55234e+07
5.88962e+08 2.55457e+07
5.88962e+08 2.55457e+07
5.88962e+08 2.55457e+07
5.88962e+08 2.55457e+07
5.88962e+08 2.55457e+07
5.88962e+08 2.55457e+07
5.88963e+08 2.55458e+07
5.88963e+08 2.55458e+07
5.88963e+08 2.55458e+07
5.88963e+08 2.55458e+07
5.88963e+08 2.55458e+07
5.88963e+08 2.55458e+07
6.11065e+08 2.60315e+07
6.11088e+08 2.60315e+07
6.11244e+08 2.60874e+07
6.11736e+08 2.62215e+07
6.11748e+08 2.62326e+07
6.11792e+08 2.62774e+07
6.11792e+08 2.62438e+07
6.11792e+08 2.62326e+07
6.11792e+08 2.62215e+07
6.12162e+08 2.56627e+07
6.12374e+08 2.57186e+07
6.12397e+08 2.56962e+07
6.12453e+08 2.57074e+07
6.12453e+08 2.57074e+07
6.12799e+08 2.58862e+07
6.1309e+08 2.59422e+07
6.13146e+08 2.59533e+07
6.13157e+08 2.59421e+07
6.13157e+08 2.59421e+07
6.13157e+08 2.59421e+07
6.13157e+08 2.59421e+07
6.13236e+08 2.59645e+07
6.13236e+08 2.59645e+07
6.13236e+08 2.59645e+07
6.13258e+08 2.59868e+07
6.13482e+08 2.59644e+07
6.13526e+08 2.5998e+07
6.13582e+08 2.60091e+07
6.14892e+08 2.61099e+07
6.14892e+08 2.61099e+07
6.14892e+08 2.61099e+07
6.15094e+08 2.61322e+07
6.15094e+08 2.61322e+07
6.15094e+08 2.61322e+07
6.15094e+08 2.61322e+07
6.15094e+08 2.61322e+07
6.15094e+08 2.61322e+07
6.15094e+08 2.61322e+07
6.15095e+08 2.61321e+07
6.15095e+08 2.61321e+07
6.15095e+08 2.61321e+07
6.15095e+08 2.61321e+07
6.15095e+08 2.61321e+07
6.15095e+08 2.61321e+07
6.1653e+08 5.46446e+06
6.1653e+08 5.44208e+06
6.16541e+08 5.29653e+06
