5.36442e+06 5.36354e+06
8.30706e+06 2.94265e+06
8.3075e+06 2.94308e+06
1.0274e+07 1.96697e+06
1.02741e+07 1.96664e+06
1.24934e+07 2.21933e+06
1.25381e+07 2.26406e+06
1.37432e+07 3.46909e+06
1.5298e+07 2.8046e+06
1.5298e+07 2.75987e+06
1.5298e+07 2.75988e+06
1.70713e+07 3.32805e+06
1.86573e+07 3.35938e+06
1.86696e+07 3.37167e+06
1.87591e+07 3.46108e+06
2.08942e+07 3.82293e+06
2.09278e+07 3.85649e+06
2.26507e+07 3.99337e+06
2.26507e+07 3.98108e+06
2.26507e+07 3.89168e+06
2.43996e+07 3.50544e+06
2.46232e+07 3.69544e+06
2.46456e+07 3.7178e+06
2.68718e+07 4.22109e+06
2.68718e+07 4.22112e+06
2.68719e+07 4.22114e+06
2.88168e+07 4.41717e+06
2.88392e+07 4.21602e+06
2.90405e+07 4.39491e+06
2.9074e+07 4.42845e+06
3.10207e+07 4.14895e+06
3.10208e+07 4.14901e+06
3.10209e+07 4.14903e+06
3.24057e+07 3.58886e+06
3.30874e+07 4.24822e+06
3.35122e+07 4.47176e+06
3.36352e+07 4.56119e+06
3.57945e+07 4.77376e+06
3.57945e+07 4.7738e+06
3.58282e+07 4.80738e+06
3.5969e+07 4.94813e+06
3.74426e+07 5.03698e+06
3.80685e+07 4.98109e+06
3.88397e+07 5.32749e+06
3.89738e+07 5.33863e+06
4.1301e+07 5.50654e+06
4.13122e+07 5.5177e+06
4.13123e+07 5.51771e+06
4.13907e+07 5.56247e+06
4.15262e+07 5.55711e+06
4.28393e+07 5.3967e+06
4.28617e+07 4.79319e+06
4.45382e+07 5.69843e+06
4.45941e+07 5.62021e+06
4.73572e+07 6.05618e+06
4.73796e+07 6.06739e+06
4.73908e+07 6.07857e+06
4.75477e+07 6.15698e+06
4.75477e+07 6.15698e+06
4.7626e+07 6.09986e+06
4.92732e+07 6.43386e+06
4.94297e+07 6.56798e+06
5.11061e+07 6.56798e+06
5.12515e+07 6.65741e+06
5.39813e+07 6.62411e+06
5.40372e+07 6.65762e+06
5.40373e+07 6.64647e+06
5.43171e+07 6.7694e+06
5.43171e+07 6.7694e+06
5.43171e+07 6.76941e+06
5.43396e+07 6.71359e+06
5.56886e+07 6.41539e+06
5.60686e+07 6.63894e+06
5.72198e+07 6.11363e+06
5.80245e+07 6.77301e+06
6.10002e+07 7.01888e+06
6.10338e+07 6.99655e+06
6.11568e+07 7.1195e+06
6.16938e+07 7.37675e+06
6.16938e+07 7.37675e+06
6.16938e+07 7.37675e+06
6.17276e+07 7.38801e+06
6.17388e+07 7.3992e+06
6.28025e+07 7.11393e+06
6.36296e+07 7.56097e+06
6.4725e+07 7.50521e+06
6.50826e+07 7.05814e+06
6.88745e+07 7.87427e+06
6.88745e+07 7.84071e+06
6.89305e+07 7.7737e+06
6.94451e+07 7.75129e+06
6.94787e+07 7.78482e+06
6.95122e+07 7.81837e+06
6.96131e+07 7.88546e+06
6.96131e+07 7.87431e+06
6.96131e+07 7.87432e+06
7.09013e+07 8.09878e+06
7.11473e+07 7.51767e+06
7.26785e+07 7.95354e+06
7.28462e+07 7.76353e+06
7.72416e+07 8.36711e+06
7.7264e+07 8.3895e+06
7.72976e+07 8.36716e+06
7.7667e+07 8.22189e+06
7.76894e+07 8.21071e+06
7.77676e+07 8.2554e+06
7.80585e+07 8.44542e+06
7.80809e+07 8.4678e+06
7.80809e+07 8.46782e+06
7.8081e+07 8.46788e+06
7.91852e+07 8.28392e+06
7.97553e+07 8.60804e+06
8.09624e+07 8.28385e+06
8.09624e+07 8.11621e+06
8.6241e+07 8.99937e+06
8.62858e+07 9.02182e+06
8.64424e+07 9.14476e+06
8.65882e+07 8.9212e+06
8.65994e+07 8.91003e+06
8.66106e+07 8.843e+06
8.71139e+07 9.05541e+06
8.7181e+07 9.10011e+06
8.71811e+07 9.10015e+06
8.71923e+07 9.1113e+06
8.80098e+07 8.82459e+06
8.80098e+07 8.82459e+06
8.87476e+07 8.99226e+06
8.91052e+07 8.14285e+06
8.91052e+07 8.14285e+06
9.56805e+07 9.43953e+06
9.577e+07 9.4842e+06
9.58261e+07 9.38369e+06
9.60053e+07 9.41709e+06
9.60165e+07 9.41712e+06
9.61061e+07 9.49545e+06
9.65199e+07 9.40603e+06
9.65424e+07 9.36137e+06
9.66095e+07 9.42843e+06
9.66096e+07 9.41725e+06
9.7649e+07 9.6392e+06
9.7649e+07 9.6392e+06
9.7649e+07 9.63921e+06
9.83309e+07 9.58333e+06
9.84427e+07 9.33747e+06
9.85209e+07 9.41571e+06
1.05812e+08 1.01312e+07
1.05834e+08 1.00641e+07
1.05924e+08 1.00976e+07
1.06114e+08 1.01089e+07
1.06125e+08 1.01089e+07
1.06226e+08 1.012e+07
1.06595e+08 1.00753e+07
1.06685e+08 1.01424e+07
1.0673e+08 1.01201e+07
1.0673e+08 1.01201e+07
1.08033e+08 1.03838e+07
1.08033e+08 1.03838e+07
1.08033e+08 1.03838e+07
1.08592e+08 1.02608e+07
1.08648e+08 1.03167e+07
1.08771e+08 1.03279e+07
1.08815e+08 1.02944e+07
1.16576e+08 1.0764e+07
1.16587e+08 1.07528e+07
1.16587e+08 1.06634e+07
1.16867e+08 1.07528e+07
1.16901e+08 1.07752e+07
1.16957e+08 1.07305e+07
1.17314e+08 1.07192e+07
1.17527e+08 1.08422e+07
1.17561e+08 1.08311e+07
1.17583e+08 1.08535e+07
1.18788e+08 1.07556e+07
1.18878e+08 1.0845e+07
1.18889e+08 1.08562e+07
1.19303e+08 1.07109e+07
1.19303e+08 1.0655e+07
1.19314e+08 1.06662e+07
1.19526e+08 1.07556e+07
1.19537e+08 1.07221e+07
1.27834e+08 1.12588e+07
1.27834e+08 1.12476e+07
1.27857e+08 1.127e+07
1.28193e+08 1.13259e+07
1.28204e+08 1.13036e+07
1.2826e+08 1.13036e+07
1.28461e+08 1.1147e+07
1.28808e+08 1.12812e+07
1.28842e+08 1.12812e+07
1.28875e+08 1.12924e+07
1.30002e+08 1.12134e+07
1.30228e+08 1.13498e+07
1.30406e+08 1.15174e+07
1.30608e+08 1.1305e+07
1.30664e+08 1.1361e+07
1.30664e+08 1.13498e+07
1.30842e+08 1.13163e+07
1.30842e+08 1.13163e+07
1.30843e+08 1.13051e+07
1.39699e+08 1.18641e+07
1.39699e+08 1.18641e+07
1.39699e+08 1.18418e+07
1.40057e+08 1.18643e+07
1.40091e+08 1.18866e+07
1.40102e+08 1.18418e+07
1.40337e+08 1.18754e+07
1.40706e+08 1.18976e+07
1.40706e+08 1.18641e+07
1.40829e+08 1.19536e+07
1.4197e+08 1.19682e+07
1.42059e+08 1.18318e+07
1.42194e+08 1.17872e+07
1.42384e+08 1.1776e+07
1.42529e+08 1.18654e+07
1.42529e+08 1.18654e+07
1.42676e+08 1.18332e+07
1.42676e+08 1.18332e+07
1.42676e+08 1.18333e+07
1.42768e+08 1.19256e+07
1.52082e+08 1.23836e+07
1.52105e+08 1.2406e+07
1.52138e+08 1.24395e+07
1.52519e+08 1.24618e+07
1.52541e+08 1.24507e+07
1.52586e+08 1.24842e+07
1.52687e+08 1.235e+07
1.53101e+08 1.23948e+07
1.53134e+08 1.24283e+07
1.53202e+08 1.23724e+07
1.54482e+08 1.25121e+07
1.54594e+08 1.25345e+07
1.54694e+08 1.25006e+07
1.54827e+08 1.24436e+07
1.5523e+08 1.27007e+07
1.5523e+08 1.27007e+07
1.5533e+08 1.26547e+07
1.5533e+08 1.26547e+07
1.55364e+08 1.26882e+07
1.55397e+08 1.26294e+07
1.5542e+08 1.26518e+07
1.65226e+08 1.31442e+07
1.65249e+08 1.31442e+07
1.65383e+08 1.32448e+07
1.65585e+08 1.3066e+07
1.65619e+08 1.30772e+07
1.65663e+08 1.30772e+07
1.6582e+08 1.31331e+07
1.661e+08 1.29989e+07
1.66144e+08 1.30101e+07
1.66379e+08 1.31777e+07
1.67453e+08 1.29711e+07
1.67688e+08 1.30941e+07
1.67744e+08 1.30497e+07
1.678e+08 1.29726e+07
1.68258e+08 1.30284e+07
1.68303e+08 1.30732e+07
1.68359e+08 1.30284e+07
1.68381e+08 1.30508e+07
1.68381e+08 1.30173e+07
1.68404e+08 1.30061e+07
1.68448e+08 1.30284e+07
1.68448e+08 1.30284e+07
1.78143e+08 1.29169e+07
1.78177e+08 1.29281e+07
1.78311e+08 1.2928e+07
1.78614e+08 1.30285e+07
1.78647e+08 1.30285e+07
1.78647e+08 1.29838e+07
1.78848e+08 1.30285e+07
1.79206e+08 1.31067e+07
1.79285e+08 1.31403e+07
1.79385e+08 1.30061e+07
1.80656e+08 1.32033e+07
1.80796e+08 1.31082e+07
1.81042e+08 1.32979e+07
1.81187e+08 1.33874e+07
1.81578e+08 1.33203e+07
1.81724e+08 1.34209e+07
1.81836e+08 1.34768e+07
1.81847e+08 1.34656e+07
1.81847e+08 1.34656e+07
1.81903e+08 1.34992e+07
1.81925e+08 1.34768e+07
1.81936e+08 1.3488e+07
1.92067e+08 1.3924e+07
1.92067e+08 1.3924e+07
1.9209e+08 1.39128e+07
1.92246e+08 1.39352e+07
1.92448e+08 1.38347e+07
1.92448e+08 1.38011e+07
1.92459e+08 1.38123e+07
1.92627e+08 1.37788e+07
1.92985e+08 1.37788e+07
1.93186e+08 1.39018e+07
1.93265e+08 1.38795e+07
1.94372e+08 1.37159e+07
1.94551e+08 1.37551e+07
1.94831e+08 1.3789e+07
1.94879e+08 1.36919e+07
1.9557e+08 1.39918e+07
1.95604e+08 1.388e+07
1.95693e+08 1.38576e+07
1.95704e+08 1.38576e+07
1.95727e+08 1.388e+07
1.95805e+08 1.39023e+07
1.95827e+08 1.39023e+07
1.95827e+08 1.38911e+07
2.06439e+08 1.43719e+07
2.06473e+08 1.44055e+07
2.06473e+08 1.44055e+07
2.06473e+08 1.43832e+07
2.06518e+08 1.42714e+07
2.06641e+08 1.41931e+07
2.06664e+08 1.42155e+07
2.06776e+08 1.43161e+07
2.06977e+08 1.43496e+07
2.07346e+08 1.43609e+07
2.07514e+08 1.43273e+07
2.07581e+08 1.43162e+07
2.08954e+08 1.45819e+07
2.091e+08 1.45484e+07
2.09357e+08 1.4526e+07
2.0948e+08 1.46007e+07
2.10095e+08 1.45244e+07
2.10106e+08 1.4502e+07
2.10128e+08 1.44349e+07
2.10128e+08 1.44238e+07
2.10206e+08 1.44797e+07
2.10374e+08 1.45691e+07
2.10397e+08 1.45691e+07
2.10419e+08 1.45914e+07
2.21433e+08 1.49941e+07
2.21478e+08 1.50053e+07
2.21478e+08 1.50053e+07
2.21478e+08 1.50053e+07
2.21478e+08 1.50053e+07
2.21478e+08 1.49605e+07
2.21658e+08 1.50164e+07
2.21702e+08 1.50387e+07
2.2177e+08 1.4994e+07
2.21948e+08 1.49717e+07
2.22307e+08 1.49605e+07
2.22441e+08 1.4927e+07
2.22609e+08 1.50277e+07
2.23785e+08 1.48304e+07
2.23863e+08 1.47633e+07
2.24377e+08 1.50204e+07
2.24511e+08 1.50315e+07
2.24936e+08 1.48415e+07
2.24936e+08 1.48304e+07
2.25216e+08 1.50875e+07
2.25216e+08 1.50875e+07
2.2535e+08 1.51434e+07
2.25428e+08 1.5054e+07
2.25428e+08 1.50316e+07
2.25428e+08 1.50093e+07
2.36968e+08 1.55347e+07
2.36968e+08 1.549e+07
2.36968e+08 1.549e+07
2.36968e+08 1.549e+07
2.36968e+08 1.549e+07
2.36968e+08 1.549e+07
2.36968e+08 1.549e+07
2.37204e+08 1.55459e+07
2.37226e+08 1.55236e+07
2.37226e+08 1.54565e+07
2.37494e+08 1.5546e+07
2.37841e+08 1.55347e+07
2.38009e+08 1.55683e+07
2.3821e+08 1.56018e+07
2.39398e+08 1.5613e+07
2.39487e+08 1.56242e+07
2.39856e+08 1.54788e+07
2.40102e+08 1.55906e+07
2.40538e+08 1.56018e+07
2.40571e+08 1.56353e+07
2.40907e+08 1.56912e+07
2.40929e+08 1.57136e+07
2.41007e+08 1.56576e+07
2.41153e+08 1.57247e+07
2.41153e+08 1.57247e+07
2.41164e+08 1.57359e+07
2.53084e+08 1.61162e+07
2.53084e+08 1.61161e+07
2.53084e+08 1.61161e+07
2.53084e+08 1.61161e+07
2.53084e+08 1.61161e+07
2.53084e+08 1.61161e+07
2.53084e+08 1.61161e+07
2.53084e+08 1.61161e+07
2.53331e+08 1.61273e+07
2.53353e+08 1.61273e+07
2.53376e+08 1.61497e+07
2.53577e+08 1.60827e+07
2.53935e+08 1.60939e+07
2.54092e+08 1.60827e+07
2.54461e+08 1.62503e+07
2.55544e+08 1.61461e+07
2.556e+08 1.61126e+07
2.55801e+08 1.5945e+07
2.56226e+08 1.61238e+07
2.56628e+08 1.60902e+07
2.56673e+08 1.61014e+07
2.57064e+08 1.61573e+07
2.57131e+08 1.6202e+07
2.57243e+08 1.62356e+07
2.57511e+08 1.63585e+07
2.57522e+08 1.63697e+07
2.57578e+08 1.64144e+07
2.69879e+08 1.67946e+07
2.69879e+08 1.67946e+07
2.69879e+08 1.67946e+07
2.69879e+08 1.67946e+07
2.69879e+08 1.67946e+07
2.69879e+08 1.67946e+07
2.69879e+08 1.67946e+07
2.69879e+08 1.67946e+07
2.69879e+08 1.67947e+07
2.7017e+08 1.68394e+07
2.7017e+08 1.6817e+07
2.70182e+08 1.68058e+07
2.70249e+08 1.66717e+07
2.70696e+08 1.67611e+07
2.70965e+08 1.68729e+07
2.71255e+08 1.67946e+07
2.72285e+08 1.67413e+07
2.72341e+08 1.67413e+07
2.72442e+08 1.66407e+07
2.72732e+08 1.65067e+07
2.73403e+08 1.67749e+07
2.73537e+08 1.68644e+07
2.73828e+08 1.67638e+07
2.73861e+08 1.67303e+07
2.74096e+08 1.68532e+07
2.74387e+08 1.68755e+07
2.74387e+08 1.68644e+07
2.7451e+08 1.69314e+07
2.87336e+08 1.74569e+07
2.87336e+08 1.74569e+07
2.87336e+08 1.74569e+07
2.87336e+08 1.74569e+07
2.87336e+08 1.74569e+07
2.87336e+08 1.74569e+07
2.87336e+08 1.74569e+07
2.87336e+08 1.74569e+07
2.87336e+08 1.74569e+07
2.87527e+08 1.73564e+07
2.87538e+08 1.73676e+07
2.87538e+08 1.73675e+07
2.87538e+08 1.73564e+07
2.87594e+08 1.73452e+07
2.88164e+08 1.74682e+07
2.8822e+08 1.72558e+07
2.88489e+08 1.72334e+07
2.89698e+08 1.74133e+07
2.89777e+08 1.74356e+07
2.89777e+08 1.7335e+07
2.89967e+08 1.72344e+07
2.90827e+08 1.74244e+07
2.90872e+08 1.7335e+07
2.9132e+08 1.74916e+07
2.9132e+08 1.74581e+07
2.91621e+08 1.75251e+07
2.91789e+08 1.74022e+07
2.91789e+08 1.74022e+07
2.91979e+08 1.74692e+07
3.05342e+08 1.80059e+07
3.05342e+08 1.80059e+07
3.05342e+08 1.80059e+07
3.05342e+08 1.80059e+07
3.05342e+08 1.80059e+07
3.05342e+08 1.80059e+07
3.05353e+08 1.80171e+07
3.05353e+08 1.80171e+07
3.05353e+08 1.80171e+07
3.05466e+08 1.79389e+07
3.05466e+08 1.79277e+07
3.05477e+08 1.79389e+07
3.05477e+08 1.79389e+07
3.05499e+08 1.79613e+07
3.05578e+08 1.79836e+07
3.06036e+08 1.78719e+07
3.06059e+08 1.78383e+07
3.06271e+08 1.77824e+07
3.07693e+08 1.79948e+07
3.07805e+08 1.80283e+07
3.07816e+08 1.80395e+07
3.07917e+08 1.79501e+07
3.0861e+08 1.77825e+07
3.08767e+08 1.78943e+07
3.0937e+08 1.80507e+07
3.09527e+08 1.82072e+07
3.09717e+08 1.80955e+07
3.0975e+08 1.79614e+07
3.09784e+08 1.79949e+07
3.09885e+08 1.79055e+07
3.23896e+08 1.8554e+07
3.23896e+08 1.8554e+07
3.23896e+08 1.85539e+07
3.23896e+08 1.85539e+07
3.23896e+08 1.85539e+07
3.23896e+08 1.85539e+07
3.23896e+08 1.85428e+07
3.23896e+08 1.85428e+07
3.23896e+08 1.85428e+07
3.24008e+08 1.85428e+07
3.2402e+08 1.8554e+07
3.2402e+08 1.85428e+07
3.2402e+08 1.85428e+07
3.2402e+08 1.85428e+07
3.2402e+08 1.85205e+07
3.24109e+08 1.85317e+07
3.24535e+08 1.84982e+07
3.24535e+08 1.84758e+07
3.24691e+08 1.842e+07
3.2619e+08 1.8497e+07
3.26213e+08 1.84076e+07
3.26414e+08 1.85976e+07
3.26537e+08 1.86199e+07
3.27062e+08 1.84523e+07
3.27252e+08 1.84858e+07
3.27979e+08 1.86089e+07
3.28136e+08 1.86089e+07
3.28214e+08 1.8497e+07
3.28214e+08 1.84634e+07
3.28214e+08 1.84299e+07
3.28426e+08 1.85417e+07
3.42952e+08 1.90561e+07
3.42952e+08 1.90561e+07
3.42952e+08 1.90561e+07
3.42952e+08 1.90561e+07
3.42952e+08 1.90561e+07
3.42952e+08 1.90561e+07
3.42952e+08 1.90561e+07
3.42952e+08 1.90561e+07
3.42963e+08 1.90673e+07
3.43109e+08 1.91009e+07
3.4312e+08 1.91009e+07
3.4312e+08 1.91009e+07
3.4312e+08 1.91009e+07
3.4312e+08 1.91009e+07
3.43121e+08 1.91009e+07
3.43154e+08 1.91344e+07
3.43221e+08 1.91121e+07
3.43669e+08 1.91345e+07
3.43669e+08 1.91345e+07
3.43781e+08 1.90898e+07
3.45257e+08 1.90666e+07
3.45257e+08 1.90442e+07
3.4529e+08 1.88766e+07
3.45615e+08 1.90778e+07
3.46028e+08 1.89659e+07
3.46308e+08 1.90554e+07
3.47213e+08 1.92343e+07
3.47403e+08 1.92678e+07
3.47426e+08 1.9212e+07
3.47426e+08 1.9212e+07
3.47437e+08 1.92231e+07
3.47437e+08 1.90108e+07
3.62611e+08 1.96592e+07
3.62611e+08 1.96592e+07
3.62611e+08 1.96591e+07
3.62611e+08 1.96591e+07
3.62611e+08 1.96591e+07
3.62611e+08 1.96591e+07
3.62611e+08 1.96591e+07
3.62611e+08 1.96591e+07
3.62633e+08 1.96704e+07
3.62746e+08 1.96368e+07
3.62746e+08 1.96257e+07
3.62746e+08 1.96257e+07
3.62769e+08 1.96481e+07
3.6278e+08 1.96592e+07
3.6278e+08 1.96592e+07
3.62802e+08 1.9648e+07
3.62813e+08 1.96593e+07
3.63015e+08 1.97934e+07
3.63351e+08 1.96817e+07
3.63351e+08 1.96817e+07
3.63396e+08 1.96146e+07
3.64939e+08 1.96823e+07
3.64939e+08 1.96823e+07
3.65017e+08 1.9727e+07
3.65397e+08 1.97829e+07
3.65666e+08 1.96376e+07
3.66091e+08 1.97829e+07
3.67041e+08 1.98276e+07
3.67242e+08 1.98388e+07
3.67242e+08 1.98165e+07
3.67242e+08 1.98165e+07
3.67253e+08 1.98165e+07
3.67265e+08 1.98277e+07
3.82852e+08 2.02414e+07
3.82875e+08 2.02638e+07
3.82875e+08 2.02638e+07
3.82875e+08 2.02638e+07
3.82875e+08 2.02638e+07
3.82875e+08 2.02638e+07
3.82875e+08 2.02638e+07
3.82875e+08 2.02639e+07
3.82897e+08 2.02639e+07
3.83099e+08 2.03532e+07
3.8311e+08 2.03644e+07
3.83111e+08 2.03644e+07
3.83111e+08 2.0342e+07
3.83111e+08 2.03308e+07
3.83111e+08 2.03308e+07
3.83111e+08 2.03085e+07
3.83122e+08 2.03085e+07
3.83122e+08 2.03085e+07
3.83525e+08 2.05098e+07
3.83738e+08 2.03869e+07
3.83738e+08 2.03869e+07
3.83794e+08 2.03981e+07
3.85247e+08 2.0308e+07
3.85258e+08 2.03192e+07
3.85404e+08 2.03862e+07
3.85784e+08 2.03862e+07
3.86108e+08 2.04421e+07
3.86723e+08 2.06321e+07
3.87416e+08 2.0375e+07
3.8755e+08 2.0308e+07
3.87561e+08 2.03192e+07
3.87584e+08 2.03415e+07
3.87606e+08 2.03527e+07
3.8764e+08 2.03751e+07
4.03697e+08 2.0845e+07
4.03708e+08 2.08338e+07
4.03708e+08 2.08338e+07
4.03709e+08 2.08338e+07
4.03709e+08 2.08338e+07
4.03709e+08 2.08338e+07
4.03709e+08 2.08338e+07
4.03709e+08 2.08337e+07
4.03709e+08 2.08113e+07
4.0391e+08 2.08111e+07
4.0391e+08 2.07999e+07
4.0391e+08 2.07999e+07
4.0391e+08 2.08e+07
4.0391e+08 2.08e+07
4.03911e+08 2.08e+07
4.03911e+08 2.08e+07
4.03911e+08 2.07888e+07
4.03911e+08 2.07888e+07
4.04358e+08 2.08335e+07
4.04358e+08 2.08335e+07
4.04571e+08 2.08336e+07
4.04571e+08 2.08336e+07
4.04694e+08 2.09006e+07
4.06327e+08 2.10804e+07
4.06406e+08 2.11475e+07
4.06708e+08 2.1304e+07
4.0711e+08 2.13263e+07
4.07289e+08 2.11809e+07
4.08038e+08 2.13151e+07
4.08563e+08 2.11475e+07
4.08653e+08 2.11028e+07
4.08687e+08 2.11251e+07
4.08988e+08 2.14046e+07
4.09e+08 2.13934e+07
4.09067e+08 2.1427e+07
4.25281e+08 2.15837e+07
4.25281e+08 2.15725e+07
4.25281e+08 2.15725e+07
4.25315e+08 2.1606e+07
4.25315e+08 2.1606e+07
4.25315e+08 2.16061e+07
4.25315e+08 2.16061e+07
4.25315e+08 2.16061e+07
4.25315e+08 2.16061e+07
4.25483e+08 2.15724e+07
4.25483e+08 2.15724e+07
4.25483e+08 2.15724e+07
4.25483e+08 2.15725e+07
4.25505e+08 2.15948e+07
4.25505e+08 2.15948e+07
4.25561e+08 2.16507e+07
4.25561e+08 2.16507e+07
4.25561e+08 2.16507e+07
4.25964e+08 2.1606e+07
4.25964e+08 2.1606e+07
4.25964e+08 2.1606e+07
4.26323e+08 2.17514e+07
4.26345e+08 2.17737e+07
4.26457e+08 2.17626e+07
4.28158e+08 2.18308e+07
4.28225e+08 2.18196e+07
4.28829e+08 2.21214e+07
4.2903e+08 2.19202e+07
4.29086e+08 2.17972e+07
4.29723e+08 2.16855e+07
4.3026e+08 2.16967e+07
4.30573e+08 2.19202e+07
4.30573e+08 2.18867e+07
4.30752e+08 2.17638e+07
4.3083e+08 2.18309e+07
4.30864e+08 2.17973e+07
4.47481e+08 2.22e+07
4.47492e+08 2.22111e+07
4.47492e+08 2.22111e+07
4.47503e+08 2.21887e+07
4.47503e+08 2.21888e+07
4.47503e+08 2.21888e+07
4.47503e+08 2.21888e+07
4.47526e+08 2.22111e+07
4.47526e+08 2.22111e+07
4.47727e+08 2.22446e+07
4.47727e+08 2.22446e+07
4.47761e+08 2.22781e+07
4.47817e+08 2.2334e+07
4.47828e+08 2.23228e+07
4.47851e+08 2.23452e+07
4.47895e+08 2.2334e+07
4.47918e+08 2.23563e+07
4.47918e+08 2.23563e+07
4.48153e+08 2.21887e+07
4.48153e+08 2.21887e+07
4.48153e+08 2.21887e+07
4.48646e+08 2.2323e+07
4.48657e+08 2.23342e+07
4.48657e+08 2.23118e+07
4.48679e+08 2.22223e+07
4.50491e+08 2.23326e+07
4.50558e+08 2.23327e+07
4.51419e+08 2.25898e+07
4.51463e+08 2.24333e+07
4.51508e+08 2.24221e+07
4.52067e+08 2.23438e+07
4.52649e+08 2.23887e+07
4.52816e+08 2.22433e+07
4.52839e+08 2.22656e+07
4.53331e+08 2.25785e+07
4.53588e+08 2.27574e+07
4.53644e+08 2.27797e+07
4.70306e+08 2.28248e+07
4.70317e+08 2.28248e+07
4.70317e+08 2.28248e+07
4.70317e+08 2.28136e+07
4.70317e+08 2.28136e+07
4.70317e+08 2.28136e+07
4.70317e+08 2.28136e+07
4.70317e+08 2.27912e+07
4.70317e+08 2.27912e+07
4.70686e+08 2.29589e+07
4.70686e+08 2.29589e+07
4.70698e+08 2.29365e+07
4.70742e+08 2.29254e+07
4.70753e+08 2.29254e+07
4.70776e+08 2.29253e+07
4.70787e+08 2.28918e+07
4.70787e+08 2.28694e+07
4.70787e+08 2.28694e+07
4.70955e+08 2.28024e+07
4.70955e+08 2.28024e+07
4.70955e+08 2.28024e+07
4.71504e+08 2.28583e+07
4.71515e+08 2.28583e+07
4.71515e+08 2.28583e+07
4.71515e+08 2.28583e+07
4.71515e+08 2.28359e+07
4.7341e+08 2.29194e+07
4.73466e+08 2.29082e+07
4.74685e+08 2.32658e+07
4.74707e+08 2.32435e+07
4.74707e+08 2.31988e+07
4.75054e+08 2.29864e+07
4.75825e+08 2.31764e+07
4.75948e+08 2.31317e+07
4.75959e+08 2.31205e+07
4.76708e+08 2.33776e+07
4.77502e+08 2.39141e+07
4.77725e+08 2.40817e+07
4.93728e+08 2.34226e+07
4.93728e+08 2.34114e+07
4.93728e+08 2.34114e+07
4.9374e+08 2.34226e+07
4.9374e+08 2.34226e+07
4.9374e+08 2.34226e+07
4.9374e+08 2.34226e+07
4.9374e+08 2.34226e+07
4.9374e+08 2.34226e+07
4.94131e+08 2.34449e+07
4.94142e+08 2.34561e+07
4.94142e+08 2.3445e+07
4.94176e+08 2.34337e+07
4.94176e+08 2.34226e+07
4.94176e+08 2.34002e+07
4.94187e+08 2.34002e+07
4.9421e+08 2.34226e+07
4.94221e+08 2.34338e+07
4.94322e+08 2.33667e+07
4.94333e+08 2.33779e+07
4.94333e+08 2.33779e+07
4.94882e+08 2.33778e+07
4.94882e+08 2.33666e+07
4.94882e+08 2.33666e+07
4.94893e+08 2.33778e+07
4.94904e+08 2.3389e+07
4.94904e+08 2.3389e+07
4.96637e+08 2.32263e+07
4.96899e+08 2.34332e+07
4.9804e+08 2.3355e+07
4.9804e+08 2.33326e+07
4.9804e+08 2.33326e+07
4.98476e+08 2.34221e+07
4.99236e+08 2.34108e+07
4.99471e+08 2.35225e+07
4.99482e+08 2.35225e+07
5.00622e+08 2.39137e+07
5.01304e+08 2.3802e+07
5.01416e+08 2.36902e+07
5.17609e+08 2.38806e+07
5.1762e+08 2.38917e+07
5.17631e+08 2.39029e+07
5.17631e+08 2.38917e+07
5.17631e+08 2.38917e+07
5.17631e+08 2.38918e+07
5.17642e+08 2.3903e+07
5.17643e+08 2.39029e+07
5.17643e+08 2.39029e+07
5.18023e+08 2.38917e+07
5.18023e+08 2.38805e+07
5.18023e+08 2.38805e+07
5.18079e+08 2.39029e+07
5.1809e+08 2.39141e+07
5.18101e+08 2.39253e+07
5.18113e+08 2.39253e+07
5.18113e+08 2.39029e+07
5.18113e+08 2.38917e+07
5.18225e+08 2.3903e+07
5.18225e+08 2.38918e+07
5.18225e+08 2.38918e+07
5.18784e+08 2.39028e+07
5.18785e+08 2.39029e+07
5.18796e+08 2.3914e+07
5.18807e+08 2.39141e+07
5.18852e+08 2.39476e+07
5.18863e+08 2.39588e+07
5.18874e+08 2.397e+07
5.20531e+08 2.38948e+07
5.20971e+08 2.40715e+07
5.21809e+08 2.37698e+07
5.21809e+08 2.37698e+07
5.21809e+08 2.37698e+07
5.22257e+08 2.37809e+07
5.23307e+08 2.40715e+07
5.23486e+08 2.40156e+07
5.23542e+08 2.40603e+07
5.24738e+08 2.41161e+07
5.25375e+08 2.40713e+07
5.25465e+08 2.4049e+07
5.42005e+08 2.43959e+07
5.42005e+08 2.43847e+07
5.42005e+08 2.43735e+07
5.42016e+08 2.43847e+07
5.42016e+08 2.43847e+07
5.42061e+08 2.44294e+07
5.42117e+08 2.44741e+07
5.42139e+08 2.44965e+07
5.4215e+08 2.45076e+07
5.42464e+08 2.44406e+07
5.42464e+08 2.44406e+07
5.42464e+08 2.44406e+07
5.4252e+08 2.44405e+07
5.4252e+08 2.44294e+07
5.42531e+08 2.44294e+07
5.42531e+08 2.44182e+07
5.42553e+08 2.44406e+07
5.42564e+08 2.44518e+07
5.42632e+08 2.44071e+07
5.42632e+08 2.44071e+07
5.42643e+08 2.44183e+07
5.43225e+08 2.44407e+07
5.43225e+08 2.44406e+07
5.43236e+08 2.44406e+07
5.43248e+08 2.44406e+07
5.43281e+08 2.44294e+07
5.43281e+08 2.44182e+07
5.43292e+08 2.44294e+07
5.43292e+08 2.44183e+07
5.45209e+08 2.46774e+07
5.45924e+08 2.49531e+07
5.46617e+08 2.48078e+07
5.46628e+08 2.4819e+07
5.46628e+08 2.48191e+07
5.4693e+08 2.46737e+07
5.48205e+08 2.48972e+07
5.48361e+08 2.48749e+07
5.48361e+08 2.4819e+07
5.49747e+08 2.50089e+07
5.50563e+08 2.51877e+07
5.51178e+08 2.5713e+07
5.6717e+08 2.51657e+07
5.67182e+08 2.51769e+07
5.67182e+08 2.51769e+07
5.67204e+08 2.5188e+07
5.67215e+08 2.51993e+07
5.67271e+08 2.52104e+07
5.67282e+08 2.51657e+07
5.67305e+08 2.51657e+07
5.67305e+08 2.51545e+07
5.67618e+08 2.51545e+07
5.67618e+08 2.51545e+07
5.67618e+08 2.51545e+07
5.67618e+08 2.50986e+07
5.67618e+08 2.50986e+07
5.67641e+08 2.51098e+07
5.67641e+08 2.51098e+07
5.67641e+08 2.50874e+07
5.67663e+08 2.50986e+07
5.67742e+08 2.51098e+07
5.67742e+08 2.51098e+07
5.67742e+08 2.50986e+07
5.68324e+08 2.50986e+07
5.68335e+08 2.51098e+07
5.68346e+08 2.51098e+07
5.68346e+08 2.50986e+07
5.68346e+08 2.50651e+07
5.68346e+08 2.50651e+07
5.68413e+08 2.5121e+07
5.68413e+08 2.5121e+07
5.68413e+08 2.5121e+07
5.70576e+08 2.53672e+07
5.71046e+08 2.51214e+07
5.71638e+08 2.50207e+07
5.71683e+08 2.50543e+07
5.71783e+08 2.51549e+07
5.71906e+08 2.49761e+07
5.72924e+08 2.4719e+07
5.73136e+08 2.47748e+07
5.73326e+08 2.49648e+07
5.74242e+08 2.44954e+07
5.74712e+08 2.4149e+07
5.75092e+08 2.39143e+07
5.92605e+08 2.54345e+07
5.92616e+08 2.54345e+07
5.92616e+08 2.54345e+07
5.92616e+08 2.54122e+07
5.92728e+08 2.55127e+07
5.92829e+08 2.55574e+07
5.92873e+08 2.55909e+07
5.92873e+08 2.55686e+07
5.92873e+08 2.55686e+07
5.93243e+08 2.56245e+07
5.93276e+08 2.56581e+07
5.93276e+08 2.56581e+07
5.9331e+08 2.56916e+07
5.93321e+08 2.57028e+07
5.93321e+08 2.56805e+07
5.93321e+08 2.56805e+07
5.93332e+08 2.56916e+07
5.93343e+08 2.56805e+07
5.93434e+08 2.56918e+07
5.93434e+08 2.56917e+07
5.93434e+08 2.56917e+07
5.94015e+08 2.56917e+07
5.94071e+08 2.57364e+07
5.94083e+08 2.57364e+07
5.94083e+08 2.57364e+07
5.94083e+08 2.57365e+07
5.94083e+08 2.57365e+07
5.94094e+08 2.56805e+07
5.94094e+08 2.56805e+07
5.94094e+08 2.56805e+07
5.94094e+08 2.56805e+07
5.96439e+08 2.5863e+07
5.97266e+08 2.62207e+07
5.97512e+08 2.58743e+07
5.97535e+08 2.58519e+07
5.97792e+08 2.60083e+07
5.9787e+08 2.59636e+07
5.98686e+08 2.57624e+07
5.98921e+08 2.57848e+07
5.99491e+08 2.61648e+07
6.00105e+08 2.5863e+07
6.00865e+08 2.61536e+07
6.0195e+08 2.68577e+07
6.19677e+08 2.70724e+07
6.19677e+08 2.70612e+07
6.19677e+08 2.70612e+07
6.19677e+08 2.70612e+07
6.19677e+08 2.69495e+07
6.19767e+08 2.69383e+07
6.198e+08 2.69271e+07
6.198e+08 2.69271e+07
6.19946e+08 2.70724e+07
6.20359e+08 2.71168e+07
6.20371e+08 2.70944e+07
6.20382e+08 2.71056e+07
6.20415e+08 2.71055e+07
6.20427e+08 2.71055e+07
6.20427e+08 2.71055e+07
6.20427e+08 2.71055e+07
6.20427e+08 2.70944e+07
6.20561e+08 2.72173e+07
6.20673e+08 2.72392e+07
6.20706e+08 2.72727e+07
6.20706e+08 2.72727e+07
6.2083e+08 2.68141e+07
6.2083e+08 2.67582e+07
6.2083e+08 2.67471e+07
6.2083e+08 2.6747e+07
6.2083e+08 2.6747e+07
6.20841e+08 2.67582e+07
6.20841e+08 2.6747e+07
6.20841e+08 2.67471e+07
6.20841e+08 2.67471e+07
6.20841e+08 2.67471e+07
6.21322e+08 2.48834e+07
6.21334e+08 2.48946e+07
6.21345e+08 2.40786e+07
6.21356e+08 2.38439e+07
6.21356e+08 2.38215e+07
6.21356e+08 2.35644e+07
6.21356e+08 2.34862e+07
6.21356e+08 2.26702e+07
6.21356e+08 2.24355e+07
6.21356e+08 2.18655e+07
6.21356e+08 2.12508e+07
6.21367e+08 2.0502e+07
6.21368e+08 1.9418e+07
6.22476e+08 2.79917e+06
6.22488e+08 2.81033e+06
6.22499e+08 2.82151e+06
