5.40813e+06 5.40727e+06
8.38581e+06 2.97768e+06
8.98932e+06 3.58119e+06
1.06496e+07 2.26382e+06
1.10296e+07 2.04029e+06
1.34002e+07 2.75053e+06
1.35119e+07 2.8623e+06
1.35119e+07 2.48232e+06
1.61006e+07 2.70045e+06
1.61565e+07 2.6446e+06
1.61565e+07 2.64461e+06
1.61677e+07 2.65579e+06
1.92611e+07 3.16047e+06
1.9317e+07 3.16046e+06
1.9317e+07 3.16046e+06
1.94511e+07 3.28341e+06
1.95406e+07 3.37285e+06
2.3204e+07 3.94291e+06
2.32822e+07 3.96526e+06
2.33158e+07 3.9988e+06
2.34834e+07 4.03231e+06
2.35505e+07 4.00996e+06
2.35617e+07 4.02115e+06
2.7543e+07 4.33905e+06
2.76101e+07 4.32789e+06
2.76437e+07 4.32789e+06
2.76437e+07 4.16025e+06
2.7666e+07 4.11551e+06
2.76772e+07 4.11551e+06
2.76996e+07 4.13787e+06
3.19581e+07 4.41502e+06
3.20922e+07 4.48205e+06
3.21593e+07 4.5156e+06
3.21705e+07 4.5268e+06
3.22152e+07 4.54915e+06
3.22487e+07 4.57151e+06
3.22711e+07 4.57151e+06
3.72826e+07 5.32454e+06
3.73161e+07 5.35808e+06
3.73161e+07 5.22396e+06
3.7372e+07 5.21275e+06
3.74168e+07 5.24627e+06
3.74168e+07 5.20156e+06
3.7495e+07 5.24627e+06
3.75062e+07 5.2351e+06
4.30783e+07 5.79574e+06
4.31007e+07 5.78457e+06
4.31007e+07 5.78458e+06
4.31901e+07 5.87401e+06
4.32461e+07 5.87401e+06
4.3302e+07 5.88521e+06
4.33243e+07 5.90756e+06
4.34138e+07 5.91875e+06
4.34249e+07 5.91875e+06
4.96801e+07 6.60174e+06
4.97807e+07 6.67997e+06
4.97807e+07 6.67997e+06
4.97919e+07 6.60172e+06
4.97919e+07 6.60172e+06
4.97919e+07 6.54583e+06
4.98366e+07 6.53465e+06
4.98366e+07 6.5123e+06
4.99373e+07 6.52351e+06
4.99485e+07 6.52353e+06
5.66916e+07 7.01154e+06
5.6714e+07 6.93332e+06
5.67587e+07 6.97806e+06
5.67699e+07 6.97806e+06
5.677e+07 6.97815e+06
5.677e+07 6.97815e+06
5.677e+07 6.97817e+06
5.68706e+07 7.03403e+06
5.68706e+07 7.03403e+06
5.7016e+07 7.07873e+06
5.7016e+07 7.06755e+06
6.42876e+07 7.59596e+06
6.43435e+07 7.62949e+06
6.43658e+07 7.6071e+06
6.43658e+07 7.59592e+06
6.44329e+07 7.66292e+06
6.44777e+07 7.70763e+06
6.45e+07 7.72997e+06
6.45224e+07 7.75233e+06
6.45224e+07 7.65175e+06
6.45336e+07 7.66292e+06
6.46677e+07 7.65175e+06
6.46678e+07 7.65175e+06
7.24286e+07 8.14102e+06
7.2574e+07 8.23051e+06
7.25852e+07 8.21933e+06
7.25852e+07 8.21933e+06
7.25852e+07 8.15225e+06
7.26411e+07 8.16344e+06
7.26858e+07 8.1858e+06
7.2697e+07 8.17462e+06
7.27194e+07 8.19699e+06
7.27305e+07 8.20816e+06
7.27306e+07 8.19699e+06
7.28871e+07 8.21941e+06
7.29207e+07 8.25293e+06
8.12269e+07 8.79832e+06
8.13611e+07 8.78708e+06
8.13723e+07 8.78709e+06
8.13834e+07 8.79826e+06
8.13835e+07 8.79826e+06
8.14282e+07 8.78707e+06
8.14952e+07 8.80941e+06
8.15064e+07 8.80942e+06
8.15176e+07 8.79826e+06
8.154e+07 8.82061e+06
8.154e+07 8.80944e+06
8.16071e+07 8.87649e+06
8.17301e+07 8.84293e+06
8.17413e+07 8.82057e+06
9.03411e+07 9.11415e+06
9.05088e+07 9.1477e+06
9.06094e+07 9.23713e+06
9.06094e+07 9.22595e+06
9.06094e+07 9.22595e+06
9.06877e+07 9.25949e+06
9.07771e+07 9.28186e+06
9.08106e+07 9.30419e+06
9.09001e+07 9.38244e+06
9.09113e+07 9.3713e+06
9.09784e+07 9.43839e+06
9.10231e+07 9.4831e+06
9.10902e+07 9.4831e+06
9.12579e+07 9.52778e+06
9.13473e+07 9.60602e+06
1.00249e+08 9.90792e+06
1.00495e+08 9.9861e+06
1.00528e+08 9.91901e+06
1.00551e+08 9.94136e+06
1.00573e+08 9.96372e+06
1.00696e+08 1.00085e+07
1.00752e+08 9.97493e+06
1.00786e+08 9.97496e+06
1.00875e+08 9.97499e+06
1.00998e+08 1.00867e+07
1.01032e+08 1.00532e+07
1.01099e+08 1.00756e+07
1.01199e+08 1.01761e+07
1.01199e+08 1.01091e+07
1.01311e+08 1.00532e+07
1.01356e+08 1.00085e+07
1.10529e+08 1.02801e+07
1.10596e+08 1.01013e+07
1.10742e+08 1.02131e+07
1.10742e+08 1.01908e+07
1.10909e+08 1.0336e+07
1.11122e+08 1.04254e+07
1.11166e+08 1.04142e+07
1.11211e+08 1.04254e+07
1.11412e+08 1.05372e+07
1.11546e+08 1.05484e+07
1.11558e+08 1.0526e+07
1.11558e+08 1.0459e+07
1.11692e+08 1.04925e+07
1.11703e+08 1.05037e+07
1.11714e+08 1.05149e+07
1.11837e+08 1.05261e+07
1.11871e+08 1.05149e+07
1.21882e+08 1.13529e+07
1.21938e+08 1.13417e+07
1.22039e+08 1.1297e+07
1.22094e+08 1.13529e+07
1.22296e+08 1.13864e+07
1.22296e+08 1.11741e+07
1.22318e+08 1.11517e+07
1.22329e+08 1.11182e+07
1.22732e+08 1.13194e+07
1.22832e+08 1.12858e+07
1.22855e+08 1.1297e+07
1.22855e+08 1.1297e+07
1.22978e+08 1.12858e+07
1.23e+08 1.1297e+07
1.23e+08 1.12858e+07
1.23022e+08 1.13082e+07
1.23201e+08 1.13641e+07
1.23414e+08 1.1543e+07
1.33238e+08 1.13563e+07
1.3335e+08 1.14122e+07
1.3335e+08 1.13116e+07
1.33384e+08 1.12893e+07
1.33887e+08 1.15911e+07
1.33909e+08 1.16135e+07
1.33965e+08 1.1647e+07
1.33965e+08 1.16358e+07
1.34412e+08 1.16805e+07
1.34546e+08 1.17141e+07
1.34546e+08 1.16917e+07
1.34546e+08 1.16917e+07
1.34569e+08 1.15911e+07
1.34569e+08 1.15688e+07
1.34636e+08 1.16358e+07
1.34759e+08 1.17364e+07
1.35016e+08 1.18147e+07
1.35038e+08 1.1837e+07
1.3524e+08 1.18259e+07
1.45409e+08 1.2171e+07
1.45532e+08 1.21822e+07
1.45532e+08 1.21822e+07
1.45543e+08 1.21598e+07
1.46326e+08 1.24391e+07
1.46471e+08 1.25621e+07
1.46471e+08 1.25062e+07
1.46505e+08 1.25397e+07
1.4674e+08 1.23274e+07
1.46751e+08 1.22044e+07
1.46751e+08 1.22044e+07
1.46784e+08 1.2238e+07
1.46885e+08 1.23162e+07
1.46907e+08 1.23385e+07
1.47019e+08 1.23833e+07
1.47075e+08 1.23162e+07
1.47366e+08 1.23497e+07
1.47399e+08 1.23609e+07
1.47466e+08 1.2428e+07
1.4769e+08 1.24503e+07
1.58064e+08 1.2655e+07
1.58243e+08 1.27109e+07
1.58277e+08 1.27444e+07
1.58321e+08 1.2778e+07
1.58936e+08 1.26103e+07
1.5926e+08 1.27892e+07
1.59316e+08 1.28451e+07
1.59394e+08 1.28898e+07
1.59562e+08 1.28227e+07
1.59573e+08 1.28227e+07
1.59607e+08 1.28562e+07
1.59685e+08 1.29009e+07
1.59819e+08 1.29344e+07
1.59931e+08 1.30239e+07
1.60132e+08 1.31133e+07
1.60199e+08 1.31245e+07
1.60244e+08 1.28786e+07
1.60289e+08 1.28898e+07
1.60322e+08 1.28563e+07
1.60613e+08 1.29233e+07
1.60636e+08 1.29456e+07
1.7097e+08 1.2906e+07
1.71205e+08 1.29619e+07
1.71239e+08 1.29619e+07
1.71339e+08 1.30178e+07
1.72222e+08 1.3286e+07
1.72312e+08 1.30513e+07
1.72379e+08 1.30625e+07
1.72535e+08 1.31408e+07
1.72658e+08 1.30961e+07
1.72792e+08 1.3219e+07
1.72804e+08 1.31967e+07
1.72826e+08 1.31408e+07
1.72893e+08 1.30738e+07
1.73195e+08 1.32637e+07
1.73251e+08 1.31184e+07
1.73284e+08 1.30849e+07
1.7334e+08 1.3096e+07
1.73407e+08 1.31184e+07
1.73463e+08 1.31407e+07
1.73732e+08 1.31185e+07
1.73732e+08 1.30961e+07
1.73732e+08 1.30961e+07
1.84369e+08 1.33984e+07
1.84782e+08 1.35772e+07
1.84928e+08 1.3689e+07
1.84928e+08 1.35884e+07
1.85766e+08 1.35437e+07
1.859e+08 1.35884e+07
1.859e+08 1.35213e+07
1.86001e+08 1.34654e+07
1.86191e+08 1.35324e+07
1.86381e+08 1.35883e+07
1.86437e+08 1.3633e+07
1.86515e+08 1.36889e+07
1.86738e+08 1.38454e+07
1.86783e+08 1.35883e+07
1.86839e+08 1.35883e+07
1.8685e+08 1.3566e+07
1.86984e+08 1.36443e+07
1.87029e+08 1.36219e+07
1.87063e+08 1.35996e+07
1.87443e+08 1.37113e+07
1.87443e+08 1.37113e+07
1.87465e+08 1.37336e+07
1.98493e+08 1.41244e+07
1.98538e+08 1.41692e+07
1.99153e+08 1.43703e+07
1.99454e+08 1.45268e+07
1.9951e+08 1.45826e+07
2.00036e+08 1.42696e+07
2.00125e+08 1.42249e+07
2.00136e+08 1.42361e+07
2.00326e+08 1.43255e+07
2.00393e+08 1.42026e+07
2.00516e+08 1.41355e+07
2.00684e+08 1.42474e+07
2.00829e+08 1.43145e+07
2.00975e+08 1.42362e+07
2.00997e+08 1.42138e+07
2.01008e+08 1.41691e+07
2.01053e+08 1.42026e+07
2.01142e+08 1.41579e+07
2.01176e+08 1.41467e+07
2.01232e+08 1.41691e+07
2.01668e+08 1.4225e+07
2.01668e+08 1.4225e+07
2.01679e+08 1.42138e+07
2.13288e+08 1.47953e+07
2.13568e+08 1.503e+07
2.13691e+08 1.5153e+07
2.14149e+08 1.49965e+07
2.14406e+08 1.49518e+07
2.14551e+08 1.50412e+07
2.14842e+08 1.48065e+07
2.14909e+08 1.47841e+07
2.14954e+08 1.48177e+07
2.152e+08 1.48736e+07
2.15222e+08 1.48289e+07
2.15412e+08 1.4896e+07
2.15558e+08 1.48736e+07
2.15681e+08 1.48512e+07
2.15804e+08 1.48289e+07
2.15837e+08 1.48401e+07
2.15915e+08 1.49071e+07
2.15915e+08 1.48624e+07
2.16005e+08 1.48624e+07
2.16016e+08 1.484e+07
2.16284e+08 1.50524e+07
2.16497e+08 1.48288e+07
2.16508e+08 1.484e+07
2.16586e+08 1.4907e+07
2.2887e+08 1.55812e+07
2.29127e+08 1.55588e+07
2.2935e+08 1.56594e+07
2.29641e+08 1.54918e+07
2.29697e+08 1.55477e+07
2.30021e+08 1.56147e+07
2.30043e+08 1.54918e+07
2.30278e+08 1.54359e+07
2.30423e+08 1.55142e+07
2.3049e+08 1.55366e+07
2.30647e+08 1.54472e+07
2.30714e+08 1.54919e+07
2.30826e+08 1.54136e+07
2.31016e+08 1.54583e+07
2.31061e+08 1.53801e+07
2.31239e+08 1.54359e+07
2.31284e+08 1.54471e+07
2.3134e+08 1.54248e+07
2.31374e+08 1.54583e+07
2.31407e+08 1.54024e+07
2.31597e+08 1.55812e+07
2.31731e+08 1.54471e+07
2.32123e+08 1.56259e+07
2.32178e+08 1.56706e+07
2.32179e+08 1.55924e+07
2.45074e+08 1.62042e+07
2.45152e+08 1.60254e+07
2.45476e+08 1.61259e+07
2.45711e+08 1.60701e+07
2.45733e+08 1.60365e+07
2.45778e+08 1.60813e+07
2.45968e+08 1.59472e+07
2.45979e+08 1.5936e+07
2.46259e+08 1.59808e+07
2.46449e+08 1.60254e+07
2.46482e+08 1.59919e+07
2.46628e+08 1.59807e+07
2.46661e+08 1.59471e+07
2.46728e+08 1.59024e+07
2.46974e+08 1.59583e+07
2.46997e+08 1.5936e+07
2.47153e+08 1.59136e+07
2.47254e+08 1.59695e+07
2.4731e+08 1.59695e+07
2.47365e+08 1.59918e+07
2.47455e+08 1.60477e+07
2.47656e+08 1.60589e+07
2.47835e+08 1.61036e+07
2.48181e+08 1.60589e+07
2.48182e+08 1.6003e+07
2.48204e+08 1.60254e+07
2.61701e+08 1.66271e+07
2.61992e+08 1.68394e+07
2.62204e+08 1.67277e+07
2.62293e+08 1.65824e+07
2.62293e+08 1.65601e+07
2.62383e+08 1.66048e+07
2.62539e+08 1.65712e+07
2.62595e+08 1.66272e+07
2.62618e+08 1.66384e+07
2.63098e+08 1.68395e+07
2.63109e+08 1.66607e+07
2.63109e+08 1.66272e+07
2.63255e+08 1.66271e+07
2.63277e+08 1.66159e+07
2.63422e+08 1.66942e+07
2.63579e+08 1.66048e+07
2.63624e+08 1.66271e+07
2.63836e+08 1.6683e+07
2.63937e+08 1.6683e+07
2.64015e+08 1.67054e+07
2.6406e+08 1.66942e+07
2.6406e+08 1.66048e+07
2.64339e+08 1.6683e+07
2.64619e+08 1.67836e+07
2.64887e+08 1.67054e+07
2.64887e+08 1.67054e+07
2.64932e+08 1.67277e+07
2.78912e+08 1.72107e+07
2.79213e+08 1.72219e+07
2.79471e+08 1.72666e+07
2.79471e+08 1.71772e+07
2.79515e+08 1.72219e+07
2.79515e+08 1.71325e+07
2.79772e+08 1.72332e+07
2.79795e+08 1.71996e+07
2.79828e+08 1.72332e+07
2.80063e+08 1.74455e+07
2.8032e+08 1.72219e+07
2.80331e+08 1.72219e+07
2.80343e+08 1.72331e+07
2.80454e+08 1.71995e+07
2.80465e+08 1.71884e+07
2.806e+08 1.71772e+07
2.80678e+08 1.70989e+07
2.8089e+08 1.72666e+07
2.81181e+08 1.73448e+07
2.81326e+08 1.73895e+07
2.81404e+08 1.73895e+07
2.81449e+08 1.73895e+07
2.81483e+08 1.7423e+07
2.81606e+08 1.72666e+07
2.82042e+08 1.74231e+07
2.82142e+08 1.72554e+07
2.82187e+08 1.73001e+07
2.82198e+08 1.72666e+07
2.96559e+08 1.76469e+07
2.96994e+08 1.7781e+07
2.97162e+08 1.76916e+07
2.97196e+08 1.77252e+07
2.97196e+08 1.76805e+07
2.97218e+08 1.77029e+07
2.97576e+08 1.78034e+07
2.97576e+08 1.77811e+07
2.97587e+08 1.77587e+07
2.97643e+08 1.75799e+07
2.97732e+08 1.76693e+07
2.98001e+08 1.76805e+07
2.98034e+08 1.77028e+07
2.98045e+08 1.77028e+07
2.98179e+08 1.77252e+07
2.98247e+08 1.77811e+07
2.98358e+08 1.77587e+07
2.98392e+08 1.7714e+07
2.98671e+08 1.77811e+07
2.99085e+08 1.7904e+07
2.99118e+08 1.77922e+07
2.99241e+08 1.78369e+07
2.99264e+08 1.78146e+07
2.99331e+08 1.78482e+07
2.99487e+08 1.78817e+07
2.99823e+08 1.7781e+07
2.99968e+08 1.78258e+07
3.00002e+08 1.78146e+07
3.00091e+08 1.78928e+07
3.1482e+08 1.82611e+07
3.15367e+08 1.8373e+07
3.15558e+08 1.83954e+07
3.15558e+08 1.83619e+07
3.15558e+08 1.83619e+07
3.15591e+08 1.8373e+07
3.15815e+08 1.82389e+07
3.15837e+08 1.82612e+07
3.15949e+08 1.83618e+07
3.16016e+08 1.8373e+07
3.16061e+08 1.83283e+07
3.16061e+08 1.83283e+07
3.16318e+08 1.83171e+07
3.16396e+08 1.83618e+07
3.16452e+08 1.84065e+07
3.16631e+08 1.84512e+07
3.16675e+08 1.84289e+07
3.16731e+08 1.8373e+07
3.16798e+08 1.84065e+07
3.17301e+08 1.863e+07
3.17547e+08 1.84624e+07
3.17547e+08 1.84289e+07
3.17737e+08 1.8496e+07
3.17782e+08 1.85183e+07
3.18061e+08 1.87306e+07
3.18218e+08 1.87306e+07
3.18296e+08 1.84736e+07
3.18397e+08 1.84289e+07
3.18397e+08 1.83953e+07
3.1871e+08 1.86189e+07
3.33384e+08 1.85639e+07
3.342e+08 1.88323e+07
3.34379e+08 1.88211e+07
3.34412e+08 1.88546e+07
3.34435e+08 1.88769e+07
3.34435e+08 1.88434e+07
3.34513e+08 1.86981e+07
3.34569e+08 1.87316e+07
3.34647e+08 1.86981e+07
3.34781e+08 1.87652e+07
3.34803e+08 1.87428e+07
3.34826e+08 1.87652e+07
3.34993e+08 1.86757e+07
3.35083e+08 1.87652e+07
3.35239e+08 1.88434e+07
3.35239e+08 1.87875e+07
3.35396e+08 1.87652e+07
3.35418e+08 1.87428e+07
3.35597e+08 1.88657e+07
3.35664e+08 1.88658e+07
3.36212e+08 1.89105e+07
3.36357e+08 1.88099e+07
3.36435e+08 1.88881e+07
3.36849e+08 1.91116e+07
3.36883e+08 1.91005e+07
3.37005e+08 1.8944e+07
3.3705e+08 1.88322e+07
3.37296e+08 1.89998e+07
3.37397e+08 1.89999e+07
3.3743e+08 1.90334e+07
3.37766e+08 1.90558e+07
3.52417e+08 1.90337e+07
3.53681e+08 1.94809e+07
3.53759e+08 1.93803e+07
3.53815e+08 1.94027e+07
3.53871e+08 1.94362e+07
3.53882e+08 1.94474e+07
3.54038e+08 1.95256e+07
3.54105e+08 1.95368e+07
3.54105e+08 1.94585e+07
3.54128e+08 1.93468e+07
3.5415e+08 1.93468e+07
3.54262e+08 1.94362e+07
3.54307e+08 1.93133e+07
3.54486e+08 1.94027e+07
3.54597e+08 1.95144e+07
3.54754e+08 1.95144e+07
3.54821e+08 1.95815e+07
3.54921e+08 1.95256e+07
3.54944e+08 1.95256e+07
3.55156e+08 1.95591e+07
3.55324e+08 1.96597e+07
3.55827e+08 1.9615e+07
3.55905e+08 1.9548e+07
3.55983e+08 1.9548e+07
3.56464e+08 1.9615e+07
3.56464e+08 1.95815e+07
3.56565e+08 1.95591e+07
3.56565e+08 1.95144e+07
3.56855e+08 1.95591e+07
3.57045e+08 1.96486e+07
3.5709e+08 1.96598e+07
3.57414e+08 1.96486e+07
3.722e+08 1.97823e+07
3.73541e+08 1.98606e+07
3.73564e+08 1.98047e+07
3.73631e+08 1.98159e+07
3.73676e+08 1.98048e+07
3.73765e+08 1.9883e+07
3.73843e+08 1.98048e+07
3.73877e+08 1.97713e+07
3.73955e+08 1.98495e+07
3.74033e+08 1.99054e+07
3.74033e+08 1.9883e+07
3.74223e+08 1.99613e+07
3.74357e+08 2.00507e+07
3.74581e+08 2.00954e+07
3.74614e+08 2.00172e+07
3.74816e+08 2.00619e+07
3.74838e+08 2.00842e+07
3.74916e+08 2.00954e+07
3.75073e+08 2.01513e+07
3.75151e+08 2.02072e+07
3.7543e+08 2.02742e+07
3.75609e+08 2.02854e+07
3.75967e+08 2.01401e+07
3.76e+08 2.00954e+07
3.76157e+08 2.01736e+07
3.76392e+08 1.99278e+07
3.76559e+08 2.00954e+07
3.76559e+08 1.99948e+07
3.76615e+08 2.00507e+07
3.77007e+08 2.01513e+07
3.77174e+08 2.01288e+07
3.77253e+08 2.01624e+07
3.77879e+08 2.04642e+07
3.92676e+08 2.04764e+07
3.94062e+08 2.05212e+07
3.94063e+08 2.04988e+07
3.94085e+08 2.04541e+07
3.94096e+08 2.04206e+07
3.9413e+08 2.03647e+07
3.94241e+08 2.03982e+07
3.94297e+08 2.04206e+07
3.94297e+08 2.03424e+07
3.94443e+08 2.04094e+07
3.94476e+08 2.0443e+07
3.94476e+08 2.0253e+07
3.94543e+08 2.01859e+07
3.95069e+08 2.04877e+07
3.95125e+08 2.051e+07
3.95192e+08 2.03759e+07
3.95259e+08 2.04206e+07
3.95303e+08 2.04653e+07
3.95616e+08 2.07e+07
3.95806e+08 2.07336e+07
3.95806e+08 2.06553e+07
3.96075e+08 2.06441e+07
3.96466e+08 2.08565e+07
3.96645e+08 2.06777e+07
3.96723e+08 2.07224e+07
3.96946e+08 2.07895e+07
3.97326e+08 2.09347e+07
3.97427e+08 2.08677e+07
3.97505e+08 2.09459e+07
3.97539e+08 2.09235e+07
3.97751e+08 2.07447e+07
3.97863e+08 2.06888e+07
3.98064e+08 2.08118e+07
3.98679e+08 2.08006e+07
4.13891e+08 2.12146e+07
4.15232e+08 2.11699e+07
4.15232e+08 2.11699e+07
4.15255e+08 2.11699e+07
4.15277e+08 2.11811e+07
4.15389e+08 2.12593e+07
4.1559e+08 2.13487e+07
4.1559e+08 2.12928e+07
4.1559e+08 2.12928e+07
4.15657e+08 2.12146e+07
4.15713e+08 2.12369e+07
4.15803e+08 2.13263e+07
4.15836e+08 2.12928e+07
4.16238e+08 2.11699e+07
4.1625e+08 2.11252e+07
4.16417e+08 2.12258e+07
4.16417e+08 2.11587e+07
4.16619e+08 2.13152e+07
4.16809e+08 2.11922e+07
4.16809e+08 2.11922e+07
4.16965e+08 2.11587e+07
4.17032e+08 2.12258e+07
4.17189e+08 2.1114e+07
4.17714e+08 2.12481e+07
4.17759e+08 2.1114e+07
4.17971e+08 2.12481e+07
4.18295e+08 2.13487e+07
4.18508e+08 2.1181e+07
4.18575e+08 2.11475e+07
4.18642e+08 2.11363e+07
4.18742e+08 2.12034e+07
4.18921e+08 2.11699e+07
4.18988e+08 2.11251e+07
4.19391e+08 2.13262e+07
4.19994e+08 2.13151e+07
4.3559e+08 2.1699e+07
4.37054e+08 2.18218e+07
4.37054e+08 2.18218e+07
4.37054e+08 2.17994e+07
4.37121e+08 2.18441e+07
4.37278e+08 2.18888e+07
4.37535e+08 2.19447e+07
4.37546e+08 2.19559e+07
4.37602e+08 2.20118e+07
4.37613e+08 2.19559e+07
4.37624e+08 2.19112e+07
4.37624e+08 2.18218e+07
4.37647e+08 2.18106e+07
4.38138e+08 2.19e+07
4.38138e+08 2.18888e+07
4.38507e+08 2.209e+07
4.38563e+08 2.21459e+07
4.38586e+08 2.1967e+07
4.38664e+08 2.18553e+07
4.38675e+08 2.18664e+07
4.38697e+08 2.18888e+07
4.38854e+08 2.18888e+07
4.38865e+08 2.18329e+07
4.39066e+08 2.18776e+07
4.39569e+08 2.18553e+07
4.39569e+08 2.18106e+07
4.39681e+08 2.171e+07
4.4024e+08 2.19447e+07
4.40352e+08 2.18441e+07
4.40564e+08 2.19894e+07
4.40564e+08 2.19223e+07
4.40855e+08 2.21123e+07
4.40989e+08 2.20676e+07
4.40989e+08 2.20005e+07
4.41156e+08 2.17658e+07
4.41827e+08 2.18329e+07
4.57967e+08 2.23772e+07
4.59655e+08 2.26008e+07
4.59655e+08 2.26008e+07
4.59677e+08 2.26231e+07
4.59879e+08 2.27572e+07
4.59957e+08 2.2679e+07
4.5999e+08 2.24555e+07
4.5999e+08 2.24443e+07
4.60035e+08 2.24331e+07
4.60035e+08 2.24219e+07
4.60046e+08 2.24219e+07
4.6008e+08 2.24554e+07
4.60225e+08 2.25784e+07
4.60605e+08 2.24666e+07
4.60717e+08 2.25784e+07
4.60929e+08 2.24219e+07
4.60974e+08 2.24107e+07
4.60974e+08 2.23884e+07
4.60996e+08 2.23325e+07
4.61019e+08 2.23437e+07
4.61197e+08 2.25001e+07
4.61265e+08 2.24107e+07
4.61388e+08 2.25337e+07
4.61399e+08 2.25337e+07
4.61589e+08 2.25225e+07
4.61946e+08 2.23772e+07
4.62002e+08 2.24331e+07
4.62136e+08 2.24555e+07
4.62919e+08 2.26789e+07
4.63019e+08 2.26678e+07
4.63254e+08 2.26901e+07
4.63344e+08 2.27795e+07
4.63377e+08 2.25225e+07
4.63478e+08 2.2489e+07
4.63612e+08 2.26231e+07
4.63612e+08 2.24554e+07
4.64338e+08 2.25113e+07
4.80927e+08 2.29605e+07
4.82716e+08 2.30612e+07
4.82806e+08 2.31506e+07
4.8285e+08 2.31729e+07
4.82861e+08 2.29829e+07
4.82984e+08 2.30276e+07
4.83051e+08 2.30611e+07
4.83208e+08 2.32176e+07
4.83253e+08 2.32176e+07
4.83387e+08 2.33517e+07
4.8351e+08 2.34635e+07
4.83689e+08 2.36088e+07
4.83689e+08 2.34635e+07
4.83778e+08 2.31729e+07
4.83789e+08 2.30723e+07
4.83845e+08 2.29159e+07
4.83867e+08 2.28935e+07
4.83867e+08 2.28935e+07
4.83912e+08 2.29159e+07
4.83912e+08 2.28935e+07
4.84046e+08 2.28488e+07
4.84203e+08 2.29382e+07
4.84225e+08 2.28376e+07
4.8437e+08 2.29829e+07
4.84382e+08 2.29829e+07
4.84672e+08 2.30835e+07
4.84952e+08 2.30053e+07
4.85019e+08 2.30165e+07
4.85131e+08 2.29941e+07
4.85823e+08 2.29047e+07
4.86025e+08 2.30053e+07
4.86047e+08 2.27929e+07
4.86203e+08 2.286e+07
4.86248e+08 2.28712e+07
4.86248e+08 2.27706e+07
4.86304e+08 2.26924e+07
4.8636e+08 2.27482e+07
4.87355e+08 2.30165e+07
5.04506e+08 2.3579e+07
5.06887e+08 2.41714e+07
5.06887e+08 2.40819e+07
5.06955e+08 2.41043e+07
5.06977e+08 2.41155e+07
5.07066e+08 2.40819e+07
5.07078e+08 2.40261e+07
5.07089e+08 2.38808e+07
5.07111e+08 2.38584e+07
5.07323e+08 2.39367e+07
5.07458e+08 2.39479e+07
5.07569e+08 2.38808e+07
5.07569e+08 2.38808e+07
5.07592e+08 2.38138e+07
5.07592e+08 2.38026e+07
5.07636e+08 2.37914e+07
5.07648e+08 2.37802e+07
5.0767e+08 2.38026e+07
5.07726e+08 2.38137e+07
5.07726e+08 2.38137e+07
5.07759e+08 2.37131e+07
5.07927e+08 2.37243e+07
5.07949e+08 2.37243e+07
5.08072e+08 2.3702e+07
5.08117e+08 2.37467e+07
5.08162e+08 2.37802e+07
5.08207e+08 2.35343e+07
5.08631e+08 2.36796e+07
5.08687e+08 2.36684e+07
5.08777e+08 2.36461e+07
5.09671e+08 2.38473e+07
5.09671e+08 2.36461e+07
5.09671e+08 2.36237e+07
5.09794e+08 2.35902e+07
5.09905e+08 2.36573e+07
5.0995e+08 2.3702e+07
5.09995e+08 2.36908e+07
5.10017e+08 2.36573e+07
5.11113e+08 2.37579e+07
5.28989e+08 2.44826e+07
5.31482e+08 2.45944e+07
5.31482e+08 2.45944e+07
5.31527e+08 2.45721e+07
5.31549e+08 2.45721e+07
5.31549e+08 2.44827e+07
5.3156e+08 2.44827e+07
5.31605e+08 2.45162e+07
5.31627e+08 2.45162e+07
5.31795e+08 2.44715e+07
5.32007e+08 2.45497e+07
5.32086e+08 2.45162e+07
5.32086e+08 2.45162e+07
5.32108e+08 2.45162e+07
5.32119e+08 2.45274e+07
5.32175e+08 2.45386e+07
5.32197e+08 2.45497e+07
5.32209e+08 2.45386e+07
5.3222e+08 2.44939e+07
5.32253e+08 2.45274e+07
5.3232e+08 2.45609e+07
5.32566e+08 2.46391e+07
5.326e+08 2.46503e+07
5.32644e+08 2.45721e+07
5.32667e+08 2.45497e+07
5.32689e+08 2.45274e+07
5.32745e+08 2.45833e+07
5.3279e+08 2.45833e+07
5.33136e+08 2.4505e+07
5.33136e+08 2.44492e+07
5.33136e+08 2.43598e+07
5.33908e+08 2.42368e+07
5.33963e+08 2.42927e+07
5.34075e+08 2.44044e+07
5.34153e+08 2.43597e+07
5.34355e+08 2.44491e+07
5.34433e+08 2.44827e+07
5.34433e+08 2.4438e+07
5.34545e+08 2.45274e+07
5.35517e+08 2.44045e+07
5.53856e+08 2.48671e+07
5.56338e+08 2.48558e+07
5.56427e+08 2.49452e+07
5.56427e+08 2.49005e+07
5.56427e+08 2.48782e+07
5.56494e+08 2.49452e+07
5.5655e+08 2.499e+07
5.56561e+08 2.49564e+07
5.56561e+08 2.49341e+07
5.56774e+08 2.49788e+07
5.56953e+08 2.49453e+07
5.5702e+08 2.49341e+07
5.5702e+08 2.49341e+07
5.5702e+08 2.49117e+07
5.5702e+08 2.49006e+07
5.57053e+08 2.48782e+07
5.57098e+08 2.49006e+07
5.5712e+08 2.49118e+07
5.57143e+08 2.49229e+07
5.57165e+08 2.49118e+07
5.5731e+08 2.499e+07
5.57478e+08 2.49118e+07
5.57489e+08 2.48894e+07
5.5759e+08 2.49453e+07
5.57601e+08 2.49341e+07
5.57634e+08 2.49453e+07
5.5769e+08 2.49453e+07
5.57713e+08 2.49676e+07
5.57746e+08 2.49565e+07
5.58093e+08 2.49565e+07
5.58093e+08 2.49565e+07
5.58138e+08 2.50012e+07
5.58428e+08 2.45206e+07
5.58551e+08 2.45877e+07
5.58585e+08 2.45094e+07
5.58976e+08 2.48224e+07
5.58976e+08 2.46212e+07
5.58976e+08 2.4543e+07
5.59065e+08 2.46324e+07
5.59311e+08 2.47665e+07
5.60217e+08 2.46994e+07
5.79536e+08 2.56799e+07
5.81705e+08 2.53668e+07
5.81861e+08 2.54339e+07
5.81883e+08 2.54563e+07
5.8195e+08 2.55233e+07
5.82029e+08 2.55345e+07
5.82107e+08 2.55569e+07
5.82118e+08 2.55569e+07
5.82129e+08 2.55681e+07
5.82521e+08 2.5747e+07
5.82588e+08 2.56352e+07
5.82599e+08 2.55793e+07
5.82599e+08 2.55793e+07
5.82644e+08 2.5624e+07
5.82644e+08 2.5624e+07
5.82666e+08 2.56128e+07
5.82711e+08 2.56128e+07
5.82755e+08 2.56352e+07
5.82767e+08 2.5624e+07
5.82878e+08 2.57134e+07
5.82934e+08 2.5624e+07
5.82979e+08 2.55011e+07
5.8308e+08 2.55905e+07
5.83281e+08 2.5691e+07
5.83314e+08 2.57134e+07
5.83326e+08 2.5691e+07
5.83393e+08 2.57022e+07
5.83393e+08 2.56799e+07
5.83404e+08 2.56575e+07
5.83426e+08 2.56799e+07
5.8384e+08 2.57469e+07
5.8384e+08 2.57469e+07
5.83873e+08 2.57358e+07
5.8394e+08 2.55122e+07
5.83985e+08 2.5434e+07
5.84019e+08 2.5434e+07
5.84019e+08 2.50428e+07
5.84019e+08 2.50428e+07
5.84019e+08 2.50428e+07
5.84052e+08 2.49869e+07
5.84186e+08 2.48752e+07
5.85841e+08 2.5624e+07
6.05716e+08 2.61797e+07
6.07471e+08 2.57661e+07
6.07683e+08 2.58219e+07
6.07772e+08 2.5889e+07
6.07862e+08 2.59114e+07
6.07962e+08 2.59337e+07
6.08152e+08 2.60454e+07
6.08175e+08 2.60566e+07
6.08186e+08 2.60566e+07
6.08667e+08 2.61462e+07
6.08723e+08 2.6135e+07
6.08734e+08 2.6135e+07
6.08745e+08 2.61462e+07
6.08756e+08 2.61126e+07
6.0879e+08 2.61462e+07
6.08823e+08 2.61574e+07
6.08879e+08 2.61685e+07
6.08969e+08 2.62132e+07
6.08991e+08 2.62244e+07
6.09069e+08 2.61909e+07
6.09136e+08 2.62021e+07
6.09159e+08 2.61797e+07
6.09215e+08 2.6135e+07
6.09405e+08 2.61238e+07
6.09405e+08 2.60903e+07
6.09483e+08 2.61574e+07
6.09483e+08 2.60903e+07
6.09483e+08 2.60903e+07
6.09528e+08 2.61238e+07
6.09572e+08 2.61462e+07
6.09684e+08 2.62579e+07
6.10042e+08 2.62021e+07
6.10042e+08 2.62021e+07
6.10042e+08 2.61685e+07
6.10109e+08 2.61685e+07
6.10109e+08 2.61238e+07
6.1012e+08 2.61015e+07
6.10131e+08 2.61127e+07
6.10154e+08 2.6135e+07
6.10165e+08 2.61462e+07
6.10243e+08 2.61909e+07
6.10433e+08 2.62468e+07
6.12099e+08 2.6258e+07
6.18088e+08 1.23729e+07
6.18133e+08 1.06626e+07
6.18133e+08 1.04502e+07
6.18133e+08 1.03608e+07
6.18133e+08 1.02714e+07
6.18133e+08 1.01708e+07
6.18144e+08 9.99197e+06
6.18144e+08 9.96959e+06
6.18144e+08 9.95842e+06
6.18178e+08 9.51117e+06
6.18178e+08 9.45529e+06
6.18178e+08 9.44412e+06
6.18178e+08 9.43294e+06
6.18178e+08 9.42177e+06
6.18178e+08 9.38823e+06
6.18178e+08 9.3547e+06
6.18178e+08 9.29882e+06
6.18178e+08 9.20941e+06
6.18178e+08 9.18706e+06
6.18178e+08 9.10882e+06
6.18234e+08 9.09765e+06
6.18234e+08 9.0753e+06
6.18234e+08 9.01942e+06
6.18234e+08 8.82942e+06
6.18234e+08 8.82942e+06
6.18234e+08 8.75119e+06
6.18234e+08 8.75119e+06
6.18234e+08 8.75119e+06
6.18234e+08 8.70649e+06
6.18234e+08 8.66178e+06
6.18234e+08 8.55003e+06
6.18234e+08 8.19235e+06
6.18234e+08 8.19235e+06
6.18234e+08 8.19235e+06
6.18234e+08 8.19235e+06
6.18234e+08 8.12528e+06
6.18234e+08 8.12528e+06
6.18245e+08 8.12537e+06
6.18257e+08 8.12537e+06
6.18268e+08 8.11421e+06
6.1829e+08 8.12542e+06
6.1829e+08 8.0472e+06
6.18301e+08 7.86844e+06
6.18324e+08 6.22528e+06
6.19757e+08 1.6681e+06
6.1979e+08 1.65691e+06
6.1979e+08 1.65692e+06
