4.79085e+06 4.79057e+06
8.2618e+06 3.47095e+06
8.2618e+06 3.47096e+06
9.86604e+06 1.60424e+06
9.92205e+06 1.66024e+06
1.18415e+07 1.97541e+06
1.18862e+07 2.02015e+06
1.26367e+07 2.71468e+06
1.49066e+07 3.06513e+06
1.49066e+07 3.0204e+06
1.49066e+07 3.0204e+06
1.49852e+07 2.34848e+06
1.78701e+07 2.96351e+06
1.78701e+07 2.96351e+06
1.78701e+07 2.96351e+06
2.06804e+07 5.69518e+06
2.0781e+07 5.79578e+06
2.22912e+07 4.42115e+06
2.23024e+07 4.43233e+06
2.23136e+07 4.4435e+06
2.26635e+07 1.98312e+06
2.2682e+07 1.90106e+06
2.2912e+07 2.131e+06
2.65569e+07 4.26564e+06
2.66463e+07 4.34391e+06
2.66575e+07 4.34393e+06
2.73068e+07 4.6433e+06
2.74589e+07 4.77684e+06
2.76042e+07 4.6922e+06
2.76377e+07 4.72574e+06
3.11374e+07 4.58055e+06
3.1171e+07 4.52464e+06
3.11934e+07 4.53584e+06
3.20017e+07 4.69495e+06
3.20577e+07 4.59877e+06
3.208e+07 4.47585e+06
3.208e+07 4.44232e+06
3.6474e+07 5.33661e+06
3.64741e+07 5.33662e+06
3.64741e+07 5.30315e+06
3.64742e+07 5.28079e+06
3.74966e+07 5.4949e+06
3.76085e+07 5.55082e+06
3.77538e+07 5.67374e+06
3.77985e+07 5.71846e+06
4.24273e+07 5.95329e+06
4.24497e+07 5.97566e+06
4.24497e+07 5.97567e+06
4.24833e+07 6.00921e+06
4.25169e+07 6.04278e+06
4.36314e+07 6.13476e+06
4.39444e+07 6.33596e+06
4.39444e+07 6.19067e+06
4.39445e+07 6.14595e+06
4.90205e+07 6.59318e+06
4.90988e+07 6.64907e+06
4.90988e+07 6.64907e+06
4.91324e+07 6.6491e+06
4.91324e+07 6.64911e+06
4.91325e+07 6.61555e+06
5.04195e+07 6.78804e+06
5.24424e+07 8.49796e+06
5.30012e+07 9.05678e+06
5.31577e+07 9.21324e+06
5.62558e+07 7.2353e+06
5.6267e+07 7.16826e+06
5.62671e+07 7.16828e+06
5.62671e+07 7.13471e+06
5.62672e+07 7.13471e+06
5.62672e+07 7.13472e+06
5.62784e+07 7.1459e+06
5.74712e+07 7.05179e+06
5.76838e+07 5.24144e+06
5.79968e+07 4.99557e+06
5.8075e+07 4.91734e+06
6.38333e+07 7.57745e+06
6.38333e+07 7.56623e+06
6.38334e+07 7.56629e+06
6.38334e+07 7.56625e+06
6.38334e+07 7.56625e+06
6.38334e+07 7.56625e+06
6.3867e+07 7.5886e+06
6.3867e+07 7.58861e+06
6.50978e+07 7.62652e+06
6.62158e+07 8.53194e+06
6.74787e+07 9.4819e+06
6.76575e+07 9.58249e+06
7.20189e+07 8.18563e+06
7.20189e+07 8.18563e+06
7.2019e+07 8.18559e+06
7.2019e+07 8.1856e+06
7.20414e+07 8.20799e+06
7.20414e+07 8.208e+06
7.20415e+07 8.1745e+06
7.20415e+07 8.17451e+06
7.20415e+07 8.17451e+06
7.31902e+07 8.0924e+06
7.34279e+07 7.21209e+06
7.37984e+07 6.31975e+06
7.38879e+07 6.23034e+06
8.07865e+07 8.76758e+06
8.07977e+07 8.77878e+06
8.08089e+07 8.78992e+06
8.08089e+07 8.7899e+06
8.0809e+07 8.76758e+06
8.0809e+07 8.76757e+06
8.08091e+07 8.7676e+06
8.08091e+07 8.76761e+06
8.08091e+07 8.76761e+06
8.08091e+07 8.76763e+06
8.18944e+07 8.70427e+06
8.21293e+07 8.70143e+06
8.27424e+07 8.94394e+06
8.28206e+07 8.93277e+06
9.00099e+07 9.2234e+06
9.00099e+07 9.21222e+06
9.00099e+07 9.20104e+06
9.00099e+07 9.20103e+06
9.001e+07 9.20107e+06
9.00101e+07 9.20108e+06
9.00326e+07 9.22348e+06
9.00326e+07 9.22347e+06
9.00326e+07 9.22348e+06
9.00326e+07 9.22347e+06
9.11305e+07 9.23603e+06
9.11305e+07 9.23605e+06
9.13653e+07 9.236e+06
9.18033e+07 9.06094e+06
9.18033e+07 8.9827e+06
9.99092e+07 9.89934e+06
9.99093e+07 9.89937e+06
9.99093e+07 9.89937e+06
9.99093e+07 9.89938e+06
9.9943e+07 9.93295e+06
9.9943e+07 9.93295e+06
9.99432e+07 9.91062e+06
9.99432e+07 9.91062e+06
9.99544e+07 9.92178e+06
9.99544e+07 9.92178e+06
1.00872e+08 9.74195e+06
1.00872e+08 9.74194e+06
1.00872e+08 9.74194e+06
1.00929e+08 9.56324e+06
1.01546e+08 9.74258e+06
1.01546e+08 9.74258e+06
1.10144e+08 1.02345e+07
1.102e+08 1.02904e+07
1.102e+08 1.02904e+07
1.102e+08 1.02903e+07
1.10211e+08 1.0268e+07
1.10211e+08 1.0268e+07
1.10234e+08 1.02904e+07
1.10234e+08 1.02904e+07
1.10234e+08 1.02792e+07
1.10234e+08 1.02792e+07
1.11185e+08 1.03129e+07
1.11185e+08 1.03129e+07
1.11185e+08 1.03129e+07
1.11383e+08 1.04543e+07
1.11405e+08 1.04767e+07
1.11963e+08 1.04169e+07
1.12008e+08 1.04617e+07
1.20918e+08 1.07747e+07
1.21142e+08 1.09424e+07
1.21142e+08 1.09424e+07
1.21153e+08 1.09535e+07
1.21209e+08 1.09982e+07
1.21209e+08 1.09982e+07
1.21232e+08 1.09982e+07
1.21232e+08 1.09983e+07
1.21232e+08 1.09983e+07
1.21232e+08 1.09984e+07
1.22251e+08 1.10654e+07
1.22251e+08 1.10654e+07
1.22251e+08 1.10654e+07
1.22296e+08 1.09127e+07
1.22296e+08 1.08904e+07
1.22296e+08 1.08904e+07
1.22855e+08 1.0892e+07
1.22855e+08 1.08472e+07
1.32336e+08 1.14174e+07
1.32615e+08 1.14734e+07
1.32615e+08 1.14734e+07
1.32615e+08 1.14622e+07
1.32615e+08 1.14063e+07
1.32615e+08 1.14062e+07
1.32638e+08 1.14063e+07
1.32638e+08 1.14063e+07
1.32638e+08 1.14062e+07
1.32638e+08 1.14062e+07
1.33713e+08 1.14622e+07
1.33713e+08 1.14623e+07
1.33713e+08 1.14623e+07
1.33825e+08 1.15294e+07
1.33825e+08 1.15294e+07
1.33825e+08 1.15294e+07
1.34654e+08 1.17997e+07
1.34722e+08 1.18667e+07
1.34777e+08 1.19226e+07
1.44292e+08 1.19563e+07
1.44661e+08 1.20457e+07
1.44661e+08 1.20456e+07
1.44717e+08 1.21015e+07
1.44728e+08 1.21127e+07
1.4475e+08 1.21351e+07
1.44807e+08 1.21685e+07
1.44807e+08 1.21686e+07
1.44807e+08 1.21686e+07
1.44807e+08 1.21686e+07
1.45926e+08 1.22134e+07
1.45926e+08 1.22134e+07
1.45926e+08 1.22134e+07
1.46061e+08 1.22359e+07
1.46061e+08 1.22359e+07
1.46061e+08 1.22359e+07
1.46967e+08 1.23127e+07
1.4728e+08 1.25586e+07
1.4728e+08 1.25586e+07
1.47336e+08 1.25586e+07
1.57097e+08 1.28045e+07
1.5741e+08 1.27486e+07
1.5741e+08 1.27486e+07
1.5741e+08 1.26928e+07
1.5741e+08 1.26816e+07
1.57421e+08 1.26704e+07
1.57511e+08 1.2704e+07
1.57511e+08 1.2704e+07
1.57522e+08 1.27152e+07
1.57522e+08 1.27152e+07
1.58507e+08 1.25811e+07
1.58507e+08 1.25811e+07
1.58519e+08 1.25922e+07
1.58787e+08 1.27264e+07
1.58798e+08 1.27376e+07
1.58799e+08 1.27376e+07
1.5983e+08 1.28625e+07
1.60098e+08 1.28179e+07
1.6012e+08 1.28402e+07
1.6012e+08 1.27843e+07
1.6012e+08 1.27843e+07
1.70127e+08 1.30302e+07
1.70485e+08 1.3075e+07
1.70485e+08 1.3075e+07
1.70496e+08 1.30862e+07
1.70507e+08 1.30974e+07
1.7063e+08 1.32092e+07
1.7082e+08 1.33097e+07
1.70831e+08 1.33208e+07
1.70932e+08 1.34102e+07
1.70932e+08 1.34102e+07
1.71851e+08 1.33434e+07
1.71873e+08 1.33658e+07
1.71873e+08 1.33546e+07
1.72164e+08 1.33769e+07
1.72164e+08 1.33658e+07
1.72175e+08 1.3377e+07
1.72702e+08 1.2872e+07
1.73037e+08 1.2939e+07
1.73037e+08 1.29166e+07
1.73037e+08 1.29166e+07
1.73037e+08 1.29166e+07
1.73037e+08 1.29167e+07
1.83178e+08 1.30509e+07
1.83659e+08 1.31738e+07
1.83692e+08 1.32074e+07
1.83692e+08 1.31962e+07
1.83703e+08 1.31962e+07
1.83871e+08 1.32409e+07
1.83938e+08 1.31179e+07
1.83938e+08 1.31068e+07
1.83983e+08 1.3051e+07
1.83983e+08 1.3051e+07
1.85058e+08 1.32074e+07
1.85058e+08 1.3185e+07
1.85058e+08 1.3185e+07
1.85271e+08 1.31068e+07
1.85293e+08 1.31292e+07
1.85316e+08 1.31404e+07
1.85873e+08 1.31719e+07
1.86343e+08 1.3306e+07
1.86388e+08 1.33507e+07
1.86388e+08 1.33507e+07
1.86421e+08 1.33842e+07
1.86455e+08 1.34177e+07
1.9692e+08 1.3742e+07
1.9692e+08 1.3742e+07
1.97378e+08 1.37197e+07
1.97389e+08 1.36973e+07
1.97389e+08 1.36973e+07
1.97389e+08 1.36862e+07
1.97501e+08 1.36303e+07
1.97602e+08 1.36639e+07
1.97636e+08 1.36974e+07
1.9768e+08 1.36973e+07
1.9768e+08 1.36973e+07
1.98778e+08 1.37198e+07
1.98812e+08 1.37533e+07
1.98812e+08 1.37533e+07
1.99024e+08 1.37534e+07
1.99024e+08 1.3731e+07
1.99069e+08 1.37534e+07
2.00021e+08 1.41472e+07
2.00423e+08 1.40802e+07
2.00423e+08 1.40354e+07
2.00501e+08 1.41137e+07
2.00501e+08 1.40801e+07
2.00635e+08 1.41807e+07
2.11514e+08 1.45944e+07
2.11514e+08 1.45944e+07
2.11514e+08 1.45944e+07
2.11961e+08 1.45832e+07
2.12006e+08 1.46168e+07
2.12017e+08 1.4628e+07
2.12029e+08 1.46391e+07
2.12085e+08 1.45833e+07
2.12163e+08 1.45608e+07
2.12196e+08 1.45608e+07
2.12241e+08 1.45609e+07
2.12241e+08 1.45609e+07
2.13428e+08 1.46504e+07
2.13462e+08 1.46504e+07
2.13507e+08 1.46951e+07
2.13641e+08 1.46169e+07
2.13664e+08 1.46393e+07
2.13675e+08 1.46058e+07
2.14433e+08 1.4412e+07
2.14869e+08 1.44455e+07
2.14869e+08 1.44455e+07
2.14913e+08 1.4412e+07
2.14958e+08 1.44568e+07
2.15048e+08 1.44121e+07
2.26597e+08 1.50828e+07
2.26619e+08 1.51051e+07
2.26619e+08 1.51051e+07
2.27011e+08 1.50492e+07
2.27011e+08 1.50492e+07
2.27011e+08 1.50045e+07
2.27067e+08 1.50492e+07
2.27078e+08 1.50492e+07
2.27111e+08 1.50269e+07
2.27167e+08 1.50045e+07
2.27167e+08 1.4971e+07
2.27223e+08 1.49821e+07
2.27235e+08 1.49934e+07
2.28332e+08 1.49041e+07
2.28534e+08 1.50717e+07
2.28578e+08 1.50717e+07
2.28735e+08 1.50941e+07
2.28747e+08 1.5083e+07
2.28862e+08 1.51867e+07
2.29663e+08 1.52308e+07
2.29965e+08 1.50967e+07
2.29965e+08 1.50967e+07
2.30066e+08 1.51526e+07
2.30088e+08 1.51302e+07
2.30278e+08 1.52309e+07
2.42208e+08 1.56109e+07
2.42219e+08 1.55998e+07
2.42286e+08 1.56668e+07
2.42722e+08 1.57116e+07
2.42767e+08 1.57563e+07
2.42767e+08 1.57563e+07
2.42789e+08 1.57787e+07
2.42789e+08 1.57228e+07
2.42789e+08 1.57116e+07
2.42812e+08 1.57004e+07
2.4289e+08 1.57227e+07
2.42946e+08 1.57786e+07
2.42991e+08 1.57674e+07
2.43024e+08 1.57897e+07
2.44189e+08 1.5857e+07
2.44279e+08 1.57452e+07
2.44301e+08 1.57228e+07
2.44559e+08 1.58236e+07
2.44593e+08 1.58458e+07
2.44732e+08 1.58698e+07
2.45695e+08 1.60319e+07
2.45807e+08 1.58418e+07
2.45818e+08 1.5853e+07
2.45997e+08 1.59313e+07
2.46042e+08 1.59536e+07
2.46333e+08 1.60541e+07
2.58396e+08 1.61884e+07
2.58407e+08 1.61884e+07
2.5843e+08 1.61437e+07
2.59011e+08 1.62891e+07
2.59011e+08 1.62444e+07
2.59011e+08 1.62444e+07
2.59034e+08 1.62444e+07
2.59034e+08 1.62444e+07
2.59034e+08 1.62443e+07
2.59034e+08 1.62443e+07
2.59045e+08 1.62331e+07
2.59123e+08 1.62331e+07
2.59168e+08 1.62219e+07
2.59224e+08 1.62332e+07
2.59258e+08 1.62332e+07
2.60412e+08 1.62221e+07
2.60412e+08 1.61327e+07
2.6059e+08 1.62892e+07
2.60893e+08 1.6334e+07
2.60915e+08 1.63228e+07
2.61236e+08 1.65047e+07
2.6232e+08 1.66245e+07
2.62376e+08 1.65686e+07
2.62376e+08 1.65574e+07
2.62655e+08 1.6658e+07
2.627e+08 1.6658e+07
2.62946e+08 1.66133e+07
2.752e+08 1.68035e+07
2.75244e+08 1.6837e+07
2.75244e+08 1.68146e+07
2.75983e+08 1.69712e+07
2.75994e+08 1.69823e+07
2.75994e+08 1.69823e+07
2.75994e+08 1.696e+07
2.75994e+08 1.696e+07
2.76016e+08 1.69823e+07
2.76027e+08 1.69935e+07
2.76038e+08 1.70047e+07
2.76038e+08 1.69935e+07
2.7605e+08 1.69264e+07
2.76106e+08 1.69376e+07
2.76184e+08 1.69599e+07
2.7624e+08 1.69823e+07
2.77472e+08 1.70607e+07
2.77472e+08 1.70607e+07
2.77562e+08 1.69713e+07
2.7792e+08 1.70272e+07
2.7792e+08 1.70049e+07
2.78324e+08 1.70879e+07
2.79371e+08 1.70516e+07
2.79539e+08 1.71633e+07
2.79606e+08 1.72304e+07
2.79975e+08 1.73198e+07
2.8002e+08 1.73198e+07
2.80109e+08 1.71633e+07
2.92542e+08 1.73423e+07
2.92587e+08 1.73423e+07
2.92609e+08 1.73647e+07
2.93325e+08 1.73423e+07
2.93347e+08 1.73535e+07
2.93381e+08 1.7387e+07
2.93381e+08 1.7387e+07
2.93381e+08 1.7387e+07
2.93381e+08 1.73647e+07
2.93381e+08 1.73535e+07
2.93381e+08 1.73535e+07
2.93414e+08 1.73758e+07
2.93425e+08 1.7387e+07
2.93437e+08 1.7387e+07
2.93481e+08 1.73758e+07
2.9356e+08 1.73758e+07
2.93627e+08 1.7387e+07
2.9496e+08 1.74878e+07
2.94982e+08 1.75101e+07
2.95117e+08 1.75548e+07
2.95457e+08 1.7537e+07
2.9548e+08 1.75593e+07
2.9596e+08 1.76359e+07
2.97033e+08 1.76621e+07
2.97223e+08 1.76844e+07
2.97358e+08 1.77514e+07
2.97659e+08 1.76844e+07
2.97659e+08 1.76397e+07
2.97659e+08 1.75503e+07
3.10394e+08 1.78522e+07
3.10439e+08 1.78522e+07
3.10495e+08 1.78857e+07
3.11278e+08 1.79528e+07
3.11278e+08 1.79305e+07
3.11289e+08 1.79081e+07
3.113e+08 1.79193e+07
3.11334e+08 1.79528e+07
3.11334e+08 1.79528e+07
3.11334e+08 1.79529e+07
3.11334e+08 1.79529e+07
3.11345e+08 1.7964e+07
3.11367e+08 1.79529e+07
3.11367e+08 1.79417e+07
3.11367e+08 1.79305e+07
3.11367e+08 1.78858e+07
3.1149e+08 1.79305e+07
3.11569e+08 1.79417e+07
3.13092e+08 1.81318e+07
3.13293e+08 1.83106e+07
3.13304e+08 1.81877e+07
3.13652e+08 1.8195e+07
3.13652e+08 1.81727e+07
3.14166e+08 1.82061e+07
3.15307e+08 1.82732e+07
3.15541e+08 1.83179e+07
3.15608e+08 1.82509e+07
3.1591e+08 1.82508e+07
3.1591e+08 1.82508e+07
3.1591e+08 1.82508e+07
3.28846e+08 1.84521e+07
3.28947e+08 1.85081e+07
3.28947e+08 1.84522e+07
3.29786e+08 1.85081e+07
3.2983e+08 1.85528e+07
3.2983e+08 1.85416e+07
3.29864e+08 1.8564e+07
3.29886e+08 1.85528e+07
3.29909e+08 1.85751e+07
3.29931e+08 1.85975e+07
3.29942e+08 1.86087e+07
3.29954e+08 1.86087e+07
3.29954e+08 1.85863e+07
3.29954e+08 1.85864e+07
3.29954e+08 1.85864e+07
3.29976e+08 1.86087e+07
3.29976e+08 1.86087e+07
3.30043e+08 1.85528e+07
3.30099e+08 1.85304e+07
3.31779e+08 1.86871e+07
3.31913e+08 1.862e+07
3.32002e+08 1.86982e+07
3.32228e+08 1.85753e+07
3.32249e+08 1.85966e+07
3.32774e+08 1.86078e+07
3.34015e+08 1.87084e+07
3.34194e+08 1.86525e+07
3.34194e+08 1.85855e+07
3.34608e+08 1.86972e+07
3.3463e+08 1.87196e+07
3.3463e+08 1.87196e+07
3.47868e+08 1.90215e+07
3.48103e+08 1.91556e+07
3.48103e+08 1.91556e+07
3.48796e+08 1.90103e+07
3.48997e+08 1.91668e+07
3.48997e+08 1.91668e+07
3.48997e+08 1.91333e+07
3.48997e+08 1.9111e+07
3.48997e+08 1.90886e+07
3.49042e+08 1.9111e+07
3.49042e+08 1.90998e+07
3.49076e+08 1.91221e+07
3.49076e+08 1.91221e+07
3.49098e+08 1.91445e+07
3.49109e+08 1.91557e+07
3.49109e+08 1.91557e+07
3.4912e+08 1.91445e+07
3.4912e+08 1.91445e+07
3.49154e+08 1.9111e+07
3.49299e+08 1.92004e+07
3.51158e+08 1.93793e+07
3.51248e+08 1.93346e+07
3.51248e+08 1.92452e+07
3.51552e+08 1.93245e+07
3.51576e+08 1.93267e+07
3.52189e+08 1.94151e+07
3.53475e+08 1.94598e+07
3.53587e+08 1.93927e+07
3.53587e+08 1.93927e+07
3.54056e+08 1.94486e+07
3.54101e+08 1.9471e+07
3.54101e+08 1.9471e+07
3.6716e+08 1.92924e+07
3.67831e+08 1.97282e+07
3.67853e+08 1.97505e+07
3.68569e+08 1.97729e+07
3.68748e+08 1.97505e+07
3.68759e+08 1.97617e+07
3.68759e+08 1.97617e+07
3.68781e+08 1.97841e+07
3.68781e+08 1.9784e+07
3.68837e+08 1.97952e+07
3.68837e+08 1.97952e+07
3.68837e+08 1.97617e+07
3.68837e+08 1.97617e+07
3.68837e+08 1.97393e+07
3.68837e+08 1.97281e+07
3.68837e+08 1.97281e+07
3.68849e+08 1.97393e+07
3.6886e+08 1.97393e+07
3.68904e+08 1.97841e+07
3.6896e+08 1.98065e+07
3.69151e+08 1.98512e+07
3.71121e+08 1.99631e+07
3.71244e+08 1.99966e+07
3.71289e+08 2.00413e+07
3.71457e+08 1.99052e+07
3.7148e+08 1.99041e+07
3.72015e+08 1.98264e+07
3.73368e+08 1.98935e+07
3.73424e+08 1.98376e+07
3.73469e+08 1.98823e+07
3.7376e+08 1.97035e+07
3.73827e+08 1.97258e+07
3.73871e+08 1.97705e+07
3.87255e+08 2.00948e+07
3.87523e+08 1.96924e+07
3.87568e+08 1.97148e+07
3.88742e+08 2.01731e+07
3.88966e+08 2.02178e+07
3.89055e+08 2.0296e+07
3.89066e+08 2.03072e+07
3.89077e+08 2.0296e+07
3.89077e+08 2.0296e+07
3.89111e+08 2.02736e+07
3.89133e+08 2.0296e+07
3.89144e+08 2.03072e+07
3.89156e+08 2.03183e+07
3.89178e+08 2.03407e+07
3.89178e+08 2.03407e+07
3.89178e+08 2.03407e+07
3.89178e+08 2.03295e+07
3.89178e+08 2.03295e+07
3.89178e+08 2.03183e+07
3.89212e+08 2.03072e+07
3.89335e+08 2.03742e+07
3.89514e+08 2.03631e+07
3.91742e+08 2.06203e+07
3.91742e+08 2.04973e+07
3.91742e+08 2.04526e+07
3.91932e+08 2.0475e+07
3.91955e+08 2.0475e+07
3.92486e+08 2.04706e+07
3.93761e+08 2.03922e+07
3.93895e+08 2.04704e+07
3.94029e+08 2.05598e+07
3.94152e+08 2.03921e+07
3.94208e+08 2.0381e+07
3.94252e+08 2.03809e+07
4.08161e+08 2.09065e+07
4.08285e+08 2.07612e+07
4.08307e+08 2.07388e+07
4.09224e+08 2.04818e+07
4.09716e+08 2.075e+07
4.09771e+08 2.07165e+07
4.09771e+08 2.07053e+07
4.09771e+08 2.06941e+07
4.09827e+08 2.075e+07
4.09928e+08 2.0817e+07
4.09928e+08 2.07947e+07
4.09961e+08 2.0817e+07
4.09973e+08 2.0817e+07
4.09973e+08 2.07947e+07
4.09973e+08 2.07947e+07
4.09973e+08 2.07947e+07
4.09973e+08 2.07947e+07
4.10006e+08 2.08282e+07
4.10006e+08 2.08282e+07
4.10085e+08 2.09064e+07
4.10174e+08 2.09623e+07
4.10275e+08 2.09399e+07
4.10599e+08 2.10853e+07
4.12883e+08 2.11413e+07
4.12883e+08 2.11413e+07
4.12883e+08 2.11413e+07
4.13107e+08 2.11749e+07
4.13118e+08 2.11638e+07
4.13451e+08 2.09651e+07
4.1464e+08 2.08792e+07
4.14774e+08 2.08792e+07
4.14852e+08 2.08233e+07
4.15076e+08 2.09239e+07
4.15154e+08 2.09463e+07
4.15176e+08 2.09239e+07
4.29566e+08 2.14047e+07
4.29689e+08 2.14047e+07
4.29689e+08 2.13824e+07
4.30315e+08 2.10917e+07
4.30606e+08 2.08906e+07
4.30662e+08 2.08906e+07
4.30718e+08 2.09465e+07
4.30718e+08 2.09465e+07
4.30763e+08 2.09353e+07
4.3083e+08 2.09018e+07
4.30942e+08 2.10136e+07
4.30964e+08 2.10024e+07
4.30986e+08 2.10136e+07
4.30986e+08 2.10135e+07
4.30986e+08 2.10135e+07
4.30986e+08 2.10135e+07
4.30986e+08 2.10135e+07
4.30986e+08 2.098e+07
4.30986e+08 2.098e+07
4.31042e+08 2.09577e+07
4.31132e+08 2.10471e+07
4.31132e+08 2.09577e+07
4.3131e+08 2.10359e+07
4.3216e+08 2.15611e+07
4.34478e+08 2.15949e+07
4.34489e+08 2.1606e+07
4.34489e+08 2.16061e+07
4.34691e+08 2.15837e+07
4.34766e+08 2.16476e+07
4.35161e+08 2.17098e+07
4.36163e+08 2.15232e+07
4.3623e+08 2.14562e+07
4.36308e+08 2.14561e+07
4.36442e+08 2.13668e+07
4.36454e+08 2.12997e+07
4.36554e+08 2.13779e+07
4.51671e+08 2.21046e+07
4.51861e+08 2.21718e+07
4.51895e+08 2.22053e+07
4.52275e+08 2.19593e+07
4.52565e+08 2.19593e+07
4.52566e+08 2.19035e+07
4.52577e+08 2.18588e+07
4.52588e+08 2.18699e+07
4.52621e+08 2.18588e+07
4.52655e+08 2.18252e+07
4.52722e+08 2.17805e+07
4.52756e+08 2.17917e+07
4.52756e+08 2.17694e+07
4.52789e+08 2.18029e+07
4.52834e+08 2.18476e+07
4.52845e+08 2.18588e+07
4.52845e+08 2.18588e+07
4.52845e+08 2.18588e+07
4.52845e+08 2.18588e+07
4.52867e+08 2.18253e+07
4.5289e+08 2.17582e+07
4.52912e+08 2.17806e+07
4.52968e+08 2.18364e+07
4.53169e+08 2.18588e+07
4.53862e+08 2.17023e+07
4.56717e+08 2.22389e+07
4.56717e+08 2.22277e+07
4.56728e+08 2.22389e+07
4.56954e+08 2.22626e+07
4.5703e+08 2.2264e+07
4.57478e+08 2.23178e+07
4.58485e+08 2.23222e+07
4.58496e+08 2.22663e+07
4.5853e+08 2.22215e+07
4.58552e+08 2.21097e+07
4.58563e+08 2.21097e+07
4.58575e+08 2.20203e+07
4.7425e+08 2.25794e+07
4.74597e+08 2.27359e+07
4.74686e+08 2.27918e+07
4.74888e+08 2.26128e+07
4.75223e+08 2.26576e+07
4.75268e+08 2.27023e+07
4.75279e+08 2.27023e+07
4.75279e+08 2.26912e+07
4.75324e+08 2.27024e+07
4.75335e+08 2.268e+07
4.75369e+08 2.26465e+07
4.75369e+08 2.26129e+07
4.75391e+08 2.26353e+07
4.75402e+08 2.26129e+07
4.75424e+08 2.25906e+07
4.7548e+08 2.26353e+07
4.75514e+08 2.26688e+07
4.75536e+08 2.26912e+07
4.75547e+08 2.27024e+07
4.75626e+08 2.27583e+07
4.75626e+08 2.27359e+07
4.75626e+08 2.27136e+07
4.75648e+08 2.268e+07
4.75648e+08 2.268e+07
4.75726e+08 2.25571e+07
4.76308e+08 2.24453e+07
4.79531e+08 2.28142e+07
4.79564e+08 2.28477e+07
4.79564e+08 2.28366e+07
4.79811e+08 2.28577e+07
4.79834e+08 2.28043e+07
4.80292e+08 2.28137e+07
4.81467e+08 2.29814e+07
4.81522e+08 2.30261e+07
4.81578e+08 2.30485e+07
4.81578e+08 2.30261e+07
4.81668e+08 2.31044e+07
4.81668e+08 2.30932e+07
4.97522e+08 2.32722e+07
4.9797e+08 2.33728e+07
4.98059e+08 2.33728e+07
4.98104e+08 2.32163e+07
4.98518e+08 2.32944e+07
4.98562e+08 2.32944e+07
4.98574e+08 2.32945e+07
4.98607e+08 2.3328e+07
4.98641e+08 2.33169e+07
4.98663e+08 2.33281e+07
4.98697e+08 2.33281e+07
4.98708e+08 2.33393e+07
4.98741e+08 2.33504e+07
4.98764e+08 2.33616e+07
4.98797e+08 2.33728e+07
4.98831e+08 2.33504e+07
4.98864e+08 2.33504e+07
4.98898e+08 2.33616e+07
4.98943e+08 2.33951e+07
4.98943e+08 2.33169e+07
4.98943e+08 2.33169e+07
4.98954e+08 2.33281e+07
4.99066e+08 2.34175e+07
4.99066e+08 2.34175e+07
4.99077e+08 2.34287e+07
4.99088e+08 2.33616e+07
4.99412e+08 2.31045e+07
5.02826e+08 2.32947e+07
5.02848e+08 2.32835e+07
5.03027e+08 2.34623e+07
5.03296e+08 2.34847e+07
5.03308e+08 2.34735e+07
5.0371e+08 2.34176e+07
5.05242e+08 2.37753e+07
5.05264e+08 2.37417e+07
5.05264e+08 2.36858e+07
5.05264e+08 2.36858e+07
5.05287e+08 2.36188e+07
5.05354e+08 2.36858e+07
5.21421e+08 2.38984e+07
5.21767e+08 2.37978e+07
5.21913e+08 2.38537e+07
5.2198e+08 2.38761e+07
5.22226e+08 2.37084e+07
5.22271e+08 2.37083e+07
5.22282e+08 2.37083e+07
5.22371e+08 2.37641e+07
5.22461e+08 2.382e+07
5.22461e+08 2.37976e+07
5.22505e+08 2.38088e+07
5.22617e+08 2.39095e+07
5.22617e+08 2.38759e+07
5.22617e+08 2.38536e+07
5.22617e+08 2.38201e+07
5.22684e+08 2.38537e+07
5.22763e+08 2.38984e+07
5.22796e+08 2.38984e+07
5.22841e+08 2.38984e+07
5.22852e+08 2.39096e+07
5.22897e+08 2.39543e+07
5.22897e+08 2.39432e+07
5.23031e+08 2.39655e+07
5.23042e+08 2.39767e+07
5.23087e+08 2.40102e+07
5.23087e+08 2.3999e+07
5.23087e+08 2.3999e+07
5.23355e+08 2.39431e+07
5.26814e+08 2.3988e+07
5.26814e+08 2.39656e+07
5.26914e+08 2.38874e+07
5.27385e+08 2.40891e+07
5.27385e+08 2.40773e+07
5.2773e+08 2.40208e+07
5.2923e+08 2.39878e+07
5.29241e+08 2.39767e+07
5.29241e+08 2.39767e+07
5.29286e+08 2.40214e+07
5.29286e+08 2.3999e+07
5.29286e+08 2.3932e+07
5.45856e+08 2.44351e+07
5.46281e+08 2.45133e+07
5.46516e+08 2.46028e+07
5.46616e+08 2.46363e+07
5.46728e+08 2.45022e+07
5.46728e+08 2.44575e+07
5.46773e+08 2.4491e+07
5.46773e+08 2.44016e+07
5.46773e+08 2.43122e+07
5.46773e+08 2.43122e+07
5.46773e+08 2.42675e+07
5.46907e+08 2.42897e+07
5.46918e+08 2.43009e+07
5.46918e+08 2.43009e+07
5.46941e+08 2.43232e+07
5.47209e+08 2.45244e+07
5.47242e+08 2.44798e+07
5.47298e+08 2.45021e+07
5.4741e+08 2.45692e+07
5.47466e+08 2.46139e+07
5.47544e+08 2.46475e+07
5.47544e+08 2.46475e+07
5.47556e+08 2.45245e+07
5.47623e+08 2.45804e+07
5.47634e+08 2.45469e+07
5.47634e+08 2.45469e+07
5.47656e+08 2.45692e+07
5.47667e+08 2.45804e+07
5.47947e+08 2.45916e+07
5.51316e+08 2.45023e+07
5.51327e+08 2.45135e+07
5.51607e+08 2.46923e+07
5.52205e+08 2.482e+07
5.5222e+08 2.48348e+07
5.52472e+08 2.47419e+07
5.53967e+08 2.47372e+07
5.54045e+08 2.48043e+07
5.54079e+08 2.48378e+07
5.54123e+08 2.48378e+07
5.54123e+08 2.48378e+07
5.54123e+08 2.48378e+07
5.70962e+08 2.51062e+07
5.71275e+08 2.49945e+07
5.71477e+08 2.4961e+07
5.71488e+08 2.48715e+07
5.71711e+08 2.49833e+07
5.71711e+08 2.49833e+07
5.71734e+08 2.4961e+07
5.71734e+08 2.4961e+07
5.71756e+08 2.49833e+07
5.71779e+08 2.50057e+07
5.71779e+08 2.50057e+07
5.71868e+08 2.4961e+07
5.71879e+08 2.4961e+07
5.7189e+08 2.49722e+07
5.71902e+08 2.4961e+07
5.71969e+08 2.47598e+07
5.72103e+08 2.48603e+07
5.72282e+08 2.49832e+07
5.72595e+08 2.51843e+07
5.72628e+08 2.5162e+07
5.72662e+08 2.51174e+07
5.72662e+08 2.51174e+07
5.72662e+08 2.51062e+07
5.72673e+08 2.50503e+07
5.72707e+08 2.50727e+07
5.72729e+08 2.50951e+07
5.7274e+08 2.50839e+07
5.72763e+08 2.50951e+07
5.73042e+08 2.5095e+07
5.73064e+08 2.51174e+07
5.76579e+08 2.52629e+07
5.76623e+08 2.52964e+07
5.76769e+08 2.51623e+07
5.774e+08 2.51949e+07
5.77422e+08 2.52024e+07
5.77698e+08 2.52252e+07
5.79028e+08 2.50616e+07
5.7914e+08 2.50951e+07
5.79151e+08 2.50728e+07
5.79151e+08 2.50281e+07
5.79185e+08 2.50616e+07
5.79185e+08 2.50616e+07
5.9656e+08 2.55982e+07
5.96974e+08 2.56988e+07
5.97142e+08 2.56653e+07
5.97164e+08 2.56765e+07
5.97433e+08 2.57212e+07
5.97433e+08 2.57212e+07
5.97444e+08 2.571e+07
5.97444e+08 2.571e+07
5.97466e+08 2.571e+07
5.97466e+08 2.56877e+07
5.97466e+08 2.56877e+07
5.97466e+08 2.55983e+07
5.97477e+08 2.55983e+07
5.97477e+08 2.55871e+07
5.97477e+08 2.55759e+07
5.97522e+08 2.55536e+07
5.97567e+08 2.54642e+07
5.97645e+08 2.53636e+07
5.97768e+08 2.51736e+07
5.97802e+08 2.51735e+07
5.98182e+08 2.55199e+07
5.98182e+08 2.55199e+07
5.98182e+08 2.55199e+07
5.98249e+08 2.55758e+07
5.98349e+08 2.56428e+07
5.98528e+08 2.57993e+07
5.98562e+08 2.58216e+07
5.98573e+08 2.58105e+07
5.98718e+08 2.56764e+07
5.98774e+08 2.571e+07
5.98774e+08 2.571e+07
6.02356e+08 2.57772e+07
6.02389e+08 2.5766e+07
6.02602e+08 2.58331e+07
6.03334e+08 2.59338e+07
6.03352e+08 2.59302e+07
6.03692e+08 2.5994e+07
6.05e+08 2.59714e+07
6.05045e+08 2.59043e+07
6.05279e+08 2.61278e+07
6.05302e+08 2.61502e+07
6.0538e+08 2.61949e+07
6.05425e+08 2.62396e+07
6.22454e+08 2.58938e+07
6.22532e+08 2.55582e+07
6.22566e+08 2.5424e+07
6.22566e+08 2.54017e+07
6.22566e+08 2.51333e+07
6.22566e+08 2.51333e+07
6.22566e+08 2.51221e+07
6.22566e+08 2.51221e+07
6.22566e+08 2.50998e+07
6.22566e+08 2.50998e+07
6.22566e+08 2.50997e+07
6.22566e+08 2.50997e+07
6.22566e+08 2.50886e+07
6.22566e+08 2.50886e+07
6.22566e+08 2.50886e+07
6.22566e+08 2.50438e+07
6.22577e+08 2.50103e+07
6.22588e+08 2.49432e+07
6.22588e+08 2.48202e+07
6.22588e+08 2.47867e+07
6.22588e+08 2.44067e+07
6.226e+08 2.44179e+07
6.226e+08 2.44179e+07
6.22633e+08 2.43844e+07
6.22633e+08 2.42838e+07
6.22633e+08 2.4105e+07
6.22644e+08 2.40827e+07
6.227e+08 2.41274e+07
6.22768e+08 2.40491e+07
6.22768e+08 2.39931e+07
6.22768e+08 2.39931e+07
6.28004e+08 2.56479e+07
6.28004e+08 2.56479e+07
6.28004e+08 2.56144e+07
6.28026e+08 2.54244e+07
6.28452e+08 2.5118e+07
6.28452e+08 2.50993e+07
6.28474e+08 2.47827e+07
6.28542e+08 2.35419e+07
6.28542e+08 2.34972e+07
6.28542e+08 2.32625e+07
6.28542e+08 2.32401e+07
6.28542e+08 2.3162e+07
6.28542e+08 2.31173e+07
6.28654e+08 6.20024e+06
6.28654e+08 6.12196e+06
6.28654e+08 6.08843e+06
