4.78316e+06 4.78268e+06
8.28369e+06 3.50052e+06
8.28369e+06 3.50053e+06
9.79463e+06 1.51095e+06
9.79464e+06 1.51095e+06
1.15786e+07 1.78396e+06
1.15786e+07 1.78397e+06
1.15786e+07 1.78397e+06
1.43288e+07 2.7502e+06
1.43288e+07 2.7502e+06
1.43288e+07 2.7502e+06
1.43288e+07 2.75021e+06
1.72698e+07 2.941e+06
1.72698e+07 2.941e+06
1.72698e+07 2.941e+06
1.72698e+07 2.941e+06
1.72698e+07 2.941e+06
2.09203e+07 3.65045e+06
2.09203e+07 3.65045e+06
2.09203e+07 3.65045e+06
2.09203e+07 3.65045e+06
2.09203e+07 3.65049e+06
2.09204e+07 3.65056e+06
2.50292e+07 4.10896e+06
2.50292e+07 4.10896e+06
2.50292e+07 4.10896e+06
2.50404e+07 4.12013e+06
2.5074e+07 4.15363e+06
2.50964e+07 4.17596e+06
2.50964e+07 4.17597e+06
2.91961e+07 4.16685e+06
2.91961e+07 4.16685e+06
2.91961e+07 4.16685e+06
2.91961e+07 4.15567e+06
2.91961e+07 4.12214e+06
2.92408e+07 4.14446e+06
2.92408e+07 4.14446e+06
3.40155e+07 4.81945e+06
3.40155e+07 4.81945e+06
3.40155e+07 4.81945e+06
3.40155e+07 4.81945e+06
3.40155e+07 4.81945e+06
3.40155e+07 4.81945e+06
3.40156e+07 4.77474e+06
3.40156e+07 4.77474e+06
3.94402e+07 5.42468e+06
3.94402e+07 5.42468e+06
3.94402e+07 5.42469e+06
3.94402e+07 5.42469e+06
3.94402e+07 5.42469e+06
3.94402e+07 5.42469e+06
3.94402e+07 5.42468e+06
3.94402e+07 5.42468e+06
3.94402e+07 5.42468e+06
4.54456e+07 6.00539e+06
4.54456e+07 6.00539e+06
4.54456e+07 6.00539e+06
4.54456e+07 6.00539e+06
4.54456e+07 6.0054e+06
4.54456e+07 6.0054e+06
4.54456e+07 6.00541e+06
4.54456e+07 6.00541e+06
4.54457e+07 6.00541e+06
4.54457e+07 6.00541e+06
5.21102e+07 6.6646e+06
5.21102e+07 6.6646e+06
5.21102e+07 6.66461e+06
5.21102e+07 6.66461e+06
5.21103e+07 6.66465e+06
5.21103e+07 6.66465e+06
5.21103e+07 6.66465e+06
5.21103e+07 6.66465e+06
5.21103e+07 6.66465e+06
5.21103e+07 6.66465e+06
5.21103e+07 6.66468e+06
5.91818e+07 7.07167e+06
5.91819e+07 7.07167e+06
5.91931e+07 7.08286e+06
5.91931e+07 7.08286e+06
5.92267e+07 7.1164e+06
5.92267e+07 7.1164e+06
5.92267e+07 7.1164e+06
5.92379e+07 7.12758e+06
5.92379e+07 7.12757e+06
5.9249e+07 7.13875e+06
5.92602e+07 7.14994e+06
5.92714e+07 7.1611e+06
6.69765e+07 7.79463e+06
6.69877e+07 7.80582e+06
6.7066e+07 7.87289e+06
6.7066e+07 7.87289e+06
6.7066e+07 7.83933e+06
6.7066e+07 7.83933e+06
6.7066e+07 7.83933e+06
6.7066e+07 7.82815e+06
6.7066e+07 7.8282e+06
6.70661e+07 7.8282e+06
6.70772e+07 7.82819e+06
6.70772e+07 7.817e+06
6.70884e+07 7.81701e+06
7.50902e+07 8.11376e+06
7.51014e+07 8.11375e+06
7.51127e+07 8.04671e+06
7.51238e+07 8.05789e+06
7.51575e+07 8.09151e+06
7.51575e+07 8.09151e+06
7.52022e+07 8.13624e+06
7.52022e+07 8.13624e+06
7.52246e+07 8.15856e+06
7.52246e+07 8.15856e+06
7.52246e+07 8.15856e+06
7.52246e+07 8.14739e+06
7.52359e+07 8.15865e+06
7.53254e+07 8.23694e+06
8.39707e+07 8.88046e+06
8.39707e+07 8.86928e+06
8.39819e+07 8.86923e+06
8.39819e+07 8.85805e+06
8.4049e+07 8.89149e+06
8.4049e+07 8.8915e+06
8.40603e+07 8.85805e+06
8.40603e+07 8.85805e+06
8.40603e+07 8.8357e+06
8.40603e+07 8.8357e+06
8.40603e+07 8.8357e+06
8.40603e+07 8.8357e+06
8.40603e+07 8.83572e+06
8.4094e+07 8.85809e+06
8.41276e+07 8.80221e+06
9.33539e+07 9.3832e+06
9.33539e+07 9.3832e+06
9.33539e+07 9.37203e+06
9.33763e+07 9.39438e+06
9.3421e+07 9.37201e+06
9.3421e+07 9.37201e+06
9.34435e+07 9.38323e+06
9.34435e+07 9.38323e+06
9.34435e+07 9.38324e+06
9.34435e+07 9.38324e+06
9.34436e+07 9.38324e+06
9.34436e+07 9.38324e+06
9.34436e+07 9.38325e+06
9.34436e+07 9.38323e+06
9.35443e+07 9.45029e+06
9.36003e+07 9.47266e+06
1.03443e+08 1.00893e+07
1.03443e+08 1.00893e+07
1.03443e+08 1.00893e+07
1.03443e+08 1.0067e+07
1.03443e+08 1.00223e+07
1.03443e+08 1.00223e+07
1.03477e+08 1.00336e+07
1.03477e+08 1.00336e+07
1.03488e+08 1.00447e+07
1.03488e+08 1.00447e+07
1.03488e+08 1.00447e+07
1.03488e+08 1.00447e+07
1.03488e+08 1.00447e+07
1.03488e+08 1.00448e+07
1.03488e+08 1.00448e+07
1.03623e+08 1.00783e+07
1.03634e+08 1.00336e+07
1.14045e+08 1.06015e+07
1.14045e+08 1.06015e+07
1.14045e+08 1.06015e+07
1.14045e+08 1.06015e+07
1.14045e+08 1.06016e+07
1.14056e+08 1.06128e+07
1.14056e+08 1.05792e+07
1.14056e+08 1.05792e+07
1.14067e+08 1.05792e+07
1.14067e+08 1.05792e+07
1.1409e+08 1.06016e+07
1.1409e+08 1.06016e+07
1.1409e+08 1.06017e+07
1.14124e+08 1.06352e+07
1.14135e+08 1.06464e+07
1.14135e+08 1.06464e+07
1.14269e+08 1.06464e+07
1.14325e+08 1.06911e+07
1.25317e+08 1.12725e+07
1.2534e+08 1.12948e+07
1.2534e+08 1.12948e+07
1.25362e+08 1.13172e+07
1.25362e+08 1.13171e+07
1.25362e+08 1.13059e+07
1.25418e+08 1.1362e+07
1.25418e+08 1.1362e+07
1.25418e+08 1.13508e+07
1.25418e+08 1.13508e+07
1.25441e+08 1.13507e+07
1.25485e+08 1.13955e+07
1.25485e+08 1.13955e+07
1.25497e+08 1.13731e+07
1.25497e+08 1.13619e+07
1.25541e+08 1.14066e+07
1.2562e+08 1.13508e+07
1.2562e+08 1.13508e+07
1.25653e+08 1.13284e+07
1.37097e+08 1.17795e+07
1.37097e+08 1.17571e+07
1.37097e+08 1.17571e+07
1.37097e+08 1.17348e+07
1.37175e+08 1.18131e+07
1.37175e+08 1.18131e+07
1.37276e+08 1.18578e+07
1.37276e+08 1.18578e+07
1.37287e+08 1.1869e+07
1.37298e+08 1.18802e+07
1.37299e+08 1.18579e+07
1.37366e+08 1.18802e+07
1.37366e+08 1.18802e+07
1.37388e+08 1.18914e+07
1.37388e+08 1.18914e+07
1.37388e+08 1.18467e+07
1.37466e+08 1.18465e+07
1.37466e+08 1.18465e+07
1.37466e+08 1.18466e+07
1.37511e+08 1.18577e+07
1.49443e+08 1.23461e+07
1.49443e+08 1.23461e+07
1.49454e+08 1.23573e+07
1.49454e+08 1.23573e+07
1.49555e+08 1.23797e+07
1.49555e+08 1.23797e+07
1.497e+08 1.24244e+07
1.49701e+08 1.24244e+07
1.49701e+08 1.24132e+07
1.49745e+08 1.24468e+07
1.4979e+08 1.24915e+07
1.49846e+08 1.24803e+07
1.49846e+08 1.24803e+07
1.49846e+08 1.24579e+07
1.49846e+08 1.24579e+07
1.49846e+08 1.24579e+07
1.49857e+08 1.2391e+07
1.49857e+08 1.2391e+07
1.49857e+08 1.2391e+07
1.49857e+08 1.23462e+07
1.49857e+08 1.23463e+07
1.62404e+08 1.29612e+07
1.62404e+08 1.29612e+07
1.62404e+08 1.295e+07
1.62426e+08 1.29724e+07
1.62561e+08 1.30059e+07
1.62561e+08 1.30059e+07
1.62695e+08 1.29948e+07
1.62695e+08 1.29948e+07
1.62707e+08 1.3006e+07
1.62852e+08 1.31066e+07
1.62852e+08 1.30619e+07
1.62863e+08 1.30172e+07
1.62863e+08 1.30172e+07
1.62863e+08 1.30172e+07
1.62874e+08 1.30283e+07
1.62874e+08 1.30283e+07
1.62908e+08 1.30507e+07
1.62919e+08 1.30619e+07
1.62919e+08 1.30619e+07
1.62919e+08 1.30619e+07
1.62998e+08 1.31401e+07
1.62998e+08 1.31401e+07
1.75444e+08 1.30398e+07
1.75444e+08 1.30398e+07
1.75444e+08 1.30398e+07
1.75444e+08 1.30175e+07
1.75466e+08 1.29056e+07
1.75466e+08 1.29056e+07
1.75702e+08 1.30062e+07
1.75713e+08 1.30174e+07
1.75713e+08 1.30062e+07
1.75847e+08 1.2995e+07
1.75847e+08 1.2995e+07
1.75858e+08 1.2995e+07
1.75858e+08 1.2995e+07
1.75858e+08 1.2995e+07
1.75881e+08 1.30062e+07
1.75881e+08 1.30062e+07
1.75892e+08 1.29838e+07
1.75914e+08 1.2995e+07
1.75925e+08 1.30062e+07
1.75937e+08 1.30174e+07
1.75959e+08 1.29615e+07
1.75959e+08 1.29615e+07
1.89238e+08 1.3794e+07
1.89249e+08 1.38052e+07
1.89249e+08 1.38052e+07
1.89249e+08 1.38052e+07
1.8926e+08 1.38163e+07
1.89271e+08 1.38051e+07
1.89271e+08 1.38051e+07
1.89395e+08 1.36934e+07
1.89395e+08 1.36822e+07
1.89417e+08 1.37046e+07
1.8954e+08 1.36934e+07
1.8954e+08 1.36934e+07
1.89563e+08 1.37046e+07
1.89574e+08 1.37158e+07
1.89574e+08 1.37158e+07
1.89596e+08 1.37158e+07
1.89607e+08 1.3727e+07
1.89652e+08 1.37606e+07
1.89686e+08 1.37718e+07
1.89708e+08 1.3783e+07
1.89764e+08 1.38276e+07
1.89764e+08 1.38053e+07
1.89764e+08 1.38053e+07
2.03593e+08 1.43556e+07
2.03616e+08 1.43668e+07
2.03616e+08 1.43668e+07
2.03616e+08 1.43668e+07
2.03616e+08 1.43668e+07
2.03616e+08 1.43556e+07
2.03638e+08 1.43668e+07
2.03638e+08 1.43668e+07
2.03751e+08 1.43556e+07
2.03762e+08 1.43668e+07
2.03829e+08 1.44115e+07
2.03941e+08 1.44003e+07
2.03941e+08 1.44004e+07
2.03941e+08 1.4378e+07
2.03941e+08 1.43668e+07
2.03941e+08 1.43668e+07
2.03986e+08 1.43892e+07
2.04008e+08 1.44004e+07
2.04053e+08 1.44004e+07
2.04053e+08 1.43669e+07
2.04053e+08 1.43445e+07
2.04053e+08 1.42887e+07
2.04053e+08 1.42887e+07
2.04053e+08 1.42887e+07
2.18468e+08 1.4875e+07
2.1848e+08 1.48638e+07
2.1848e+08 1.48638e+07
2.1848e+08 1.48639e+07
2.1848e+08 1.48639e+07
2.1848e+08 1.48639e+07
2.1848e+08 1.48638e+07
2.18525e+08 1.48862e+07
2.18525e+08 1.48862e+07
2.18748e+08 1.49979e+07
2.18771e+08 1.50091e+07
2.18804e+08 1.49756e+07
2.18816e+08 1.4875e+07
2.18816e+08 1.48751e+07
2.18816e+08 1.48751e+07
2.18816e+08 1.48751e+07
2.18816e+08 1.48751e+07
2.18816e+08 1.48303e+07
2.18816e+08 1.4808e+07
2.18894e+08 1.48416e+07
2.18894e+08 1.48416e+07
2.18894e+08 1.48416e+07
2.18894e+08 1.48415e+07
2.18895e+08 1.48415e+07
2.18895e+08 1.48415e+07
2.3397e+08 1.55012e+07
2.34014e+08 1.55348e+07
2.34014e+08 1.55348e+07
2.34026e+08 1.5546e+07
2.34026e+08 1.5546e+07
2.34037e+08 1.55572e+07
2.34037e+08 1.55572e+07
2.34037e+08 1.55572e+07
2.34093e+08 1.55683e+07
2.34093e+08 1.55683e+07
2.3425e+08 1.55012e+07
2.3425e+08 1.54789e+07
2.34272e+08 1.54677e+07
2.34339e+08 1.55237e+07
2.34339e+08 1.55237e+07
2.34339e+08 1.55237e+07
2.34339e+08 1.55237e+07
2.34339e+08 1.55237e+07
2.34339e+08 1.55237e+07
2.3434e+08 1.55237e+07
2.34384e+08 1.549e+07
2.34384e+08 1.549e+07
2.34385e+08 1.549e+07
2.34385e+08 1.549e+07
2.34385e+08 1.549e+07
2.34385e+08 1.54901e+07
2.50089e+08 1.6119e+07
2.50122e+08 1.61078e+07
2.50122e+08 1.61078e+07
2.50122e+08 1.60966e+07
2.50122e+08 1.60966e+07
2.50122e+08 1.60854e+07
2.50122e+08 1.60854e+07
2.50122e+08 1.60854e+07
2.50122e+08 1.60854e+07
2.50122e+08 1.60295e+07
2.50122e+08 1.60295e+07
2.50302e+08 1.60519e+07
2.50302e+08 1.60519e+07
2.50335e+08 1.60631e+07
2.50369e+08 1.60296e+07
2.50369e+08 1.60296e+07
2.50369e+08 1.60296e+07
2.50369e+08 1.60296e+07
2.50369e+08 1.60296e+07
2.50369e+08 1.60296e+07
2.50369e+08 1.60296e+07
2.50414e+08 1.60295e+07
2.50414e+08 1.60296e+07
2.50414e+08 1.60295e+07
2.50414e+08 1.60296e+07
2.50414e+08 1.60296e+07
2.50414e+08 1.60295e+07
2.66741e+08 1.66528e+07
2.66753e+08 1.66304e+07
2.66753e+08 1.66304e+07
2.66753e+08 1.66304e+07
2.66753e+08 1.66304e+07
2.66753e+08 1.66304e+07
2.66753e+08 1.66304e+07
2.66775e+08 1.66528e+07
2.66775e+08 1.66528e+07
2.66775e+08 1.66528e+07
2.66775e+08 1.66528e+07
2.66775e+08 1.66528e+07
2.66932e+08 1.66305e+07
2.66932e+08 1.66305e+07
2.66988e+08 1.66529e+07
2.66988e+08 1.66193e+07
2.66988e+08 1.66193e+07
2.66988e+08 1.66193e+07
2.66988e+08 1.66193e+07
2.66988e+08 1.66193e+07
2.66988e+08 1.66193e+07
2.66988e+08 1.66193e+07
2.67033e+08 1.66193e+07
2.67033e+08 1.66193e+07
2.67033e+08 1.66193e+07
2.67033e+08 1.66193e+07
2.67033e+08 1.66193e+07
2.67033e+08 1.66193e+07
2.8397e+08 1.72282e+07
2.84003e+08 1.72505e+07
2.84003e+08 1.72505e+07
2.84003e+08 1.72505e+07
2.84003e+08 1.72505e+07
2.84014e+08 1.72617e+07
2.84014e+08 1.72617e+07
2.84014e+08 1.72394e+07
2.84026e+08 1.72505e+07
2.84037e+08 1.72618e+07
2.84037e+08 1.72618e+07
2.84082e+08 1.73065e+07
2.84093e+08 1.73177e+07
2.8416e+08 1.72283e+07
2.8416e+08 1.72282e+07
2.84194e+08 1.72059e+07
2.84194e+08 1.72059e+07
2.84194e+08 1.72059e+07
2.84194e+08 1.72059e+07
2.84194e+08 1.72059e+07
2.84194e+08 1.72059e+07
2.84194e+08 1.72059e+07
2.84194e+08 1.72059e+07
2.8425e+08 1.72171e+07
2.8425e+08 1.72171e+07
2.8425e+08 1.72171e+07
2.8425e+08 1.72171e+07
2.8425e+08 1.72171e+07
2.84251e+08 1.72171e+07
3.01755e+08 1.77856e+07
3.01766e+08 1.77632e+07
3.01766e+08 1.77632e+07
3.01778e+08 1.77744e+07
3.018e+08 1.77968e+07
3.01811e+08 1.77968e+07
3.01811e+08 1.77968e+07
3.01845e+08 1.78303e+07
3.01923e+08 1.78974e+07
3.01923e+08 1.78863e+07
3.01923e+08 1.78863e+07
3.01923e+08 1.78863e+07
3.01923e+08 1.78416e+07
3.01923e+08 1.78304e+07
3.01991e+08 1.78303e+07
3.01991e+08 1.78303e+07
3.02002e+08 1.7808e+07
3.02002e+08 1.78079e+07
3.02002e+08 1.78079e+07
3.02002e+08 1.78079e+07
3.02002e+08 1.7808e+07
3.02002e+08 1.7808e+07
3.02002e+08 1.7808e+07
3.02002e+08 1.7808e+07
3.0207e+08 1.78192e+07
3.0207e+08 1.78192e+07
3.0207e+08 1.78192e+07
3.0207e+08 1.78191e+07
3.0207e+08 1.78191e+07
3.0207e+08 1.78192e+07
3.20183e+08 1.84281e+07
3.20194e+08 1.84281e+07
3.20194e+08 1.84281e+07
3.20194e+08 1.84169e+07
3.20195e+08 1.83946e+07
3.20195e+08 1.83834e+07
3.20195e+08 1.83834e+07
3.20195e+08 1.83498e+07
3.20195e+08 1.82716e+07
3.20239e+08 1.83162e+07
3.20295e+08 1.83721e+07
3.20306e+08 1.83833e+07
3.20318e+08 1.83946e+07
3.20318e+08 1.83946e+07
3.20318e+08 1.83946e+07
3.20385e+08 1.83946e+07
3.20385e+08 1.83946e+07
3.20408e+08 1.84057e+07
3.20408e+08 1.84058e+07
3.20408e+08 1.84058e+07
3.20408e+08 1.84058e+07
3.20408e+08 1.84058e+07
3.20408e+08 1.84058e+07
3.20408e+08 1.84058e+07
3.20408e+08 1.84058e+07
3.20487e+08 1.8417e+07
3.20487e+08 1.8417e+07
3.20487e+08 1.8417e+07
3.20487e+08 1.8417e+07
3.20487e+08 1.8417e+07
3.20487e+08 1.8417e+07
3.3917e+08 1.89865e+07
3.3917e+08 1.89753e+07
3.3917e+08 1.89753e+07
3.3917e+08 1.89753e+07
3.3917e+08 1.89753e+07
3.3917e+08 1.89753e+07
3.3917e+08 1.89753e+07
3.3917e+08 1.89753e+07
3.3917e+08 1.89753e+07
3.39226e+08 1.89866e+07
3.39226e+08 1.89307e+07
3.39226e+08 1.89196e+07
3.39248e+08 1.89307e+07
3.39248e+08 1.89307e+07
3.39248e+08 1.89307e+07
3.39248e+08 1.89306e+07
3.39349e+08 1.89641e+07
3.39349e+08 1.89641e+07
3.39394e+08 1.89865e+07
3.39394e+08 1.89865e+07
3.39395e+08 1.89865e+07
3.39395e+08 1.89865e+07
3.39395e+08 1.89865e+07
3.39395e+08 1.89865e+07
3.39395e+08 1.89865e+07
3.39395e+08 1.89865e+07
3.39484e+08 1.89977e+07
3.39484e+08 1.89977e+07
3.39484e+08 1.89977e+07
3.39484e+08 1.89977e+07
3.39484e+08 1.89977e+07
3.39484e+08 1.89978e+07
3.58789e+08 1.96197e+07
3.58789e+08 1.96197e+07
3.5879e+08 1.96197e+07
3.5879e+08 1.96197e+07
3.58801e+08 1.96309e+07
3.58801e+08 1.96309e+07
3.58801e+08 1.96309e+07
3.58812e+08 1.96421e+07
3.58834e+08 1.96645e+07
3.58879e+08 1.96532e+07
3.58879e+08 1.96532e+07
3.58879e+08 1.96532e+07
3.58879e+08 1.96308e+07
3.58879e+08 1.96308e+07
3.58902e+08 1.96532e+07
3.58902e+08 1.96532e+07
3.58902e+08 1.96532e+07
3.58935e+08 1.95859e+07
3.58935e+08 1.95859e+07
3.58969e+08 1.95749e+07
3.59025e+08 1.96309e+07
3.59025e+08 1.96309e+07
3.59025e+08 1.96309e+07
3.59025e+08 1.96309e+07
3.59025e+08 1.96309e+07
3.59025e+08 1.96309e+07
3.59025e+08 1.96308e+07
3.59126e+08 1.96421e+07
3.59126e+08 1.96421e+07
3.59126e+08 1.96421e+07
3.59126e+08 1.96421e+07
3.59126e+08 1.96421e+07
3.59138e+08 1.96533e+07
3.79102e+08 2.03124e+07
3.79113e+08 2.03236e+07
3.79124e+08 2.03348e+07
3.79124e+08 2.03347e+07
3.7918e+08 2.03794e+07
3.7918e+08 2.03794e+07
3.7918e+08 2.03794e+07
3.7918e+08 2.03683e+07
3.79191e+08 2.03571e+07
3.79225e+08 2.03459e+07
3.79225e+08 2.03459e+07
3.79225e+08 2.03459e+07
3.79236e+08 2.0357e+07
3.79247e+08 2.03682e+07
3.7927e+08 2.03682e+07
3.7927e+08 2.03683e+07
3.7927e+08 2.03683e+07
3.7927e+08 2.03683e+07
3.79292e+08 2.03571e+07
3.79292e+08 2.03571e+07
3.79293e+08 2.03235e+07
3.7936e+08 2.03346e+07
3.7936e+08 2.03346e+07
3.7936e+08 2.03346e+07
3.7936e+08 2.03346e+07
3.7936e+08 2.03346e+07
3.7936e+08 2.03346e+07
3.7936e+08 2.03346e+07
3.79472e+08 2.03459e+07
3.79472e+08 2.03459e+07
3.79472e+08 2.0346e+07
3.79472e+08 2.0346e+07
3.79484e+08 2.03571e+07
3.79484e+08 2.0346e+07
4.00006e+08 2.09045e+07
4.0004e+08 2.09268e+07
4.0004e+08 2.09156e+07
4.00051e+08 2.09268e+07
4.00073e+08 2.08932e+07
4.00073e+08 2.08932e+07
4.00073e+08 2.08932e+07
4.00073e+08 2.08932e+07
4.00085e+08 2.08932e+07
4.00152e+08 2.09267e+07
4.00152e+08 2.09267e+07
4.00152e+08 2.09267e+07
4.00152e+08 2.09155e+07
4.00152e+08 2.09044e+07
4.00152e+08 2.0882e+07
4.00152e+08 2.0882e+07
4.00152e+08 2.0882e+07
4.00152e+08 2.0882e+07
4.00163e+08 2.08709e+07
4.00163e+08 2.08709e+07
4.00163e+08 2.0871e+07
4.00231e+08 2.09379e+07
4.00231e+08 2.08709e+07
4.00231e+08 2.08709e+07
4.00231e+08 2.08709e+07
4.00231e+08 2.08708e+07
4.00231e+08 2.08708e+07
4.00231e+08 2.08708e+07
4.00231e+08 2.08708e+07
4.00377e+08 2.09044e+07
4.00433e+08 2.09604e+07
4.00466e+08 2.09939e+07
4.00466e+08 2.09939e+07
4.00466e+08 2.09827e+07
4.005e+08 2.10163e+07
4.21503e+08 2.14971e+07
4.21548e+08 2.15083e+07
4.21548e+08 2.15083e+07
4.21548e+08 2.14971e+07
4.21548e+08 2.14747e+07
4.21548e+08 2.14747e+07
4.21548e+08 2.14747e+07
4.21559e+08 2.14859e+07
4.21559e+08 2.14747e+07
4.21571e+08 2.14188e+07
4.21571e+08 2.14188e+07
4.21571e+08 2.14188e+07
4.21571e+08 2.14188e+07
4.21571e+08 2.14189e+07
4.21582e+08 2.143e+07
4.21582e+08 2.143e+07
4.21582e+08 2.143e+07
4.21582e+08 2.143e+07
4.21582e+08 2.14189e+07
4.21593e+08 2.14301e+07
4.21593e+08 2.14301e+07
4.21616e+08 2.14524e+07
4.2165e+08 2.1419e+07
4.2165e+08 2.14189e+07
4.2165e+08 2.14189e+07
4.2165e+08 2.14189e+07
4.2165e+08 2.14189e+07
4.2165e+08 2.14189e+07
4.2165e+08 2.14189e+07
4.2165e+08 2.14189e+07
4.21896e+08 2.15195e+07
4.21952e+08 2.15196e+07
4.21964e+08 2.14972e+07
4.21964e+08 2.14972e+07
4.21975e+08 2.15084e+07
4.22042e+08 2.15419e+07
4.43467e+08 2.19639e+07
4.43467e+08 2.19192e+07
4.43467e+08 2.19192e+07
4.43467e+08 2.19192e+07
4.43467e+08 2.19192e+07
4.43467e+08 2.19192e+07
4.43467e+08 2.19192e+07
4.43467e+08 2.1908e+07
4.43467e+08 2.1908e+07
4.43479e+08 2.1908e+07
4.43479e+08 2.1908e+07
4.43479e+08 2.1908e+07
4.43479e+08 2.1908e+07
4.43479e+08 2.1908e+07
4.43479e+08 2.18968e+07
4.43479e+08 2.18968e+07
4.43479e+08 2.18968e+07
4.43479e+08 2.18968e+07
4.43513e+08 2.19304e+07
4.43524e+08 2.19303e+07
4.43546e+08 2.19527e+07
4.43546e+08 2.19304e+07
4.43546e+08 2.19304e+07
4.43546e+08 2.18969e+07
4.43547e+08 2.18969e+07
4.43547e+08 2.18968e+07
4.43547e+08 2.18969e+07
4.43547e+08 2.18969e+07
4.43558e+08 2.19081e+07
4.43569e+08 2.19192e+07
4.4358e+08 2.19304e+07
4.43905e+08 2.20088e+07
4.43983e+08 2.20311e+07
4.43983e+08 2.20199e+07
4.44006e+08 2.20423e+07
4.4404e+08 2.20648e+07
4.44185e+08 2.21432e+07
4.66028e+08 2.25607e+07
4.66028e+08 2.25607e+07
4.66028e+08 2.25607e+07
4.66028e+08 2.25607e+07
4.66028e+08 2.25607e+07
4.66028e+08 2.25607e+07
4.66028e+08 2.25607e+07
4.66028e+08 2.25607e+07
4.66028e+08 2.25607e+07
4.66028e+08 2.25495e+07
4.66028e+08 2.25495e+07
4.66028e+08 2.25495e+07
4.66028e+08 2.25495e+07
4.66028e+08 2.25495e+07
4.66028e+08 2.25495e+07
4.66028e+08 2.25495e+07
4.66028e+08 2.25495e+07
4.66028e+08 2.25495e+07
4.66096e+08 2.25831e+07
4.66096e+08 2.2572e+07
4.66096e+08 2.25496e+07
4.66096e+08 2.25496e+07
4.66096e+08 2.25496e+07
4.66096e+08 2.25496e+07
4.66107e+08 2.25608e+07
4.66141e+08 2.25943e+07
4.66141e+08 2.25943e+07
4.66152e+08 2.26055e+07
4.66174e+08 2.26278e+07
4.66208e+08 2.26502e+07
4.66242e+08 2.26726e+07
4.66264e+08 2.26838e+07
4.66622e+08 2.27174e+07
4.66723e+08 2.274e+07
4.66723e+08 2.274e+07
4.66824e+08 2.28183e+07
4.66824e+08 2.27846e+07
4.66847e+08 2.26615e+07
4.892e+08 2.31717e+07
4.89233e+08 2.32052e+07
4.89233e+08 2.32052e+07
4.89233e+08 2.32052e+07
4.89233e+08 2.32052e+07
4.89233e+08 2.32052e+07
4.89233e+08 2.32052e+07
4.89233e+08 2.32052e+07
4.89233e+08 2.32052e+07
4.89245e+08 2.32164e+07
4.89245e+08 2.32164e+07
4.89245e+08 2.32165e+07
4.89245e+08 2.32165e+07
4.89245e+08 2.32165e+07
4.89245e+08 2.32165e+07
4.89245e+08 2.32165e+07
4.89245e+08 2.32165e+07
4.89245e+08 2.32165e+07
4.89267e+08 2.31717e+07
4.89267e+08 2.31717e+07
4.89267e+08 2.31717e+07
4.89268e+08 2.31717e+07
4.89268e+08 2.31717e+07
4.89268e+08 2.31717e+07
4.89268e+08 2.31717e+07
4.89357e+08 2.325e+07
4.89357e+08 2.32165e+07
4.89357e+08 2.32165e+07
4.89458e+08 2.33059e+07
4.89548e+08 2.33731e+07
4.89581e+08 2.33731e+07
4.89648e+08 2.34067e+07
4.89659e+08 2.33955e+07
4.90029e+08 2.34069e+07
4.90052e+08 2.33284e+07
4.90052e+08 2.33284e+07
4.90063e+08 2.3239e+07
4.90063e+08 2.3239e+07
4.90074e+08 2.32277e+07
5.13009e+08 2.38091e+07
5.13009e+08 2.37755e+07
5.13009e+08 2.37755e+07
5.13009e+08 2.37755e+07
5.13009e+08 2.37755e+07
5.13009e+08 2.37755e+07
5.13009e+08 2.37755e+07
5.13009e+08 2.37755e+07
5.13009e+08 2.37755e+07
5.13009e+08 2.37643e+07
5.13009e+08 2.37643e+07
5.13009e+08 2.37644e+07
5.13009e+08 2.37644e+07
5.13009e+08 2.37644e+07
5.13009e+08 2.37644e+07
5.1302e+08 2.37756e+07
5.13031e+08 2.37868e+07
5.13031e+08 2.37868e+07
5.13032e+08 2.37644e+07
5.13032e+08 2.37644e+07
5.13032e+08 2.37644e+07
5.13032e+08 2.37644e+07
5.13032e+08 2.37644e+07
5.13032e+08 2.37644e+07
5.13032e+08 2.37644e+07
5.13189e+08 2.38314e+07
5.13189e+08 2.38315e+07
5.13233e+08 2.38762e+07
5.13256e+08 2.38985e+07
5.13289e+08 2.38315e+07
5.13468e+08 2.39209e+07
5.13502e+08 2.3921e+07
5.13648e+08 2.39994e+07
5.13648e+08 2.39882e+07
5.13838e+08 2.38092e+07
5.1385e+08 2.3798e+07
5.1385e+08 2.3798e+07
5.13861e+08 2.37979e+07
5.13872e+08 2.38092e+07
5.13872e+08 2.3798e+07
5.37306e+08 2.4297e+07
5.37306e+08 2.4297e+07
5.37306e+08 2.4297e+07
5.37306e+08 2.4297e+07
5.37306e+08 2.4297e+07
5.37317e+08 2.43082e+07
5.37339e+08 2.43305e+07
5.37339e+08 2.43305e+07
5.37339e+08 2.43305e+07
5.37339e+08 2.43306e+07
5.3734e+08 2.43306e+07
5.37373e+08 2.43641e+07
5.37384e+08 2.43752e+07
5.37395e+08 2.43864e+07
5.37395e+08 2.43864e+07
5.37396e+08 2.43753e+07
5.37396e+08 2.43641e+07
5.37396e+08 2.43641e+07
5.37396e+08 2.43642e+07
5.37396e+08 2.43642e+07
5.37396e+08 2.43642e+07
5.37407e+08 2.43754e+07
5.37407e+08 2.43754e+07
5.37418e+08 2.43866e+07
5.37441e+08 2.44089e+07
5.37586e+08 2.43976e+07
5.37586e+08 2.43976e+07
5.37586e+08 2.43976e+07
5.37687e+08 2.44535e+07
5.37687e+08 2.44311e+07
5.37698e+08 2.44088e+07
5.38012e+08 2.45431e+07
5.38045e+08 2.45431e+07
5.38169e+08 2.45209e+07
5.38169e+08 2.45209e+07
5.38236e+08 2.43977e+07
5.38259e+08 2.44088e+07
5.38259e+08 2.44088e+07
5.38259e+08 2.43977e+07
5.38281e+08 2.44089e+07
5.38315e+08 2.44424e+07
5.6229e+08 2.49839e+07
5.6229e+08 2.49839e+07
5.6229e+08 2.49839e+07
5.6229e+08 2.49839e+07
5.6229e+08 2.49839e+07
5.6229e+08 2.49727e+07
5.62301e+08 2.49615e+07
5.62312e+08 2.49727e+07
5.62323e+08 2.49839e+07
5.62323e+08 2.49839e+07
5.62323e+08 2.49839e+07
5.62323e+08 2.49504e+07
5.62323e+08 2.49392e+07
5.62324e+08 2.49281e+07
5.62324e+08 2.49281e+07
5.62324e+08 2.4928e+07
5.62324e+08 2.4928e+07
5.62324e+08 2.4928e+07
5.62358e+08 2.49616e+07
5.62391e+08 2.49951e+07
5.62402e+08 2.50063e+07
5.62425e+08 2.50175e+07
5.62458e+08 2.5051e+07
5.6247e+08 2.5051e+07
5.62492e+08 2.5051e+07
5.62794e+08 2.52075e+07
5.62839e+08 2.52522e+07
5.62839e+08 2.52522e+07
5.62839e+08 2.51517e+07
5.62839e+08 2.51517e+07
5.62839e+08 2.51517e+07
5.62839e+08 2.51405e+07
5.63074e+08 2.50622e+07
5.63096e+08 2.50511e+07
5.63186e+08 2.50177e+07
5.63186e+08 2.50177e+07
5.6322e+08 2.49839e+07
5.63243e+08 2.49839e+07
5.63243e+08 2.49839e+07
5.63254e+08 2.49951e+07
5.63276e+08 2.49951e+07
5.6331e+08 2.49951e+07
5.87751e+08 2.5461e+07
5.87784e+08 2.54945e+07
5.87784e+08 2.54945e+07
5.87784e+08 2.54945e+07
5.87784e+08 2.54945e+07
5.87784e+08 2.54945e+07
5.87784e+08 2.54834e+07
5.87784e+08 2.54722e+07
5.87795e+08 2.54722e+07
5.87818e+08 2.54945e+07
5.8784e+08 2.55168e+07
5.8784e+08 2.55169e+07
5.8784e+08 2.55169e+07
5.8784e+08 2.55168e+07
5.87852e+08 2.5528e+07
5.87852e+08 2.5528e+07
5.87852e+08 2.5528e+07
5.87852e+08 2.5528e+07
5.87886e+08 2.55281e+07
5.8793e+08 2.55393e+07
5.87942e+08 2.55393e+07
5.88165e+08 2.57405e+07
5.88176e+08 2.57181e+07
5.88255e+08 2.57852e+07
5.88299e+08 2.58076e+07
5.88344e+08 2.55505e+07
5.88356e+08 2.55169e+07
5.88356e+08 2.55169e+07
5.88356e+08 2.55169e+07
5.88356e+08 2.55169e+07
5.88356e+08 2.55169e+07
5.88356e+08 2.55169e+07
5.88356e+08 2.55169e+07
5.88591e+08 2.55168e+07
5.88591e+08 2.54945e+07
5.88748e+08 2.55616e+07
5.88759e+08 2.55728e+07
5.88782e+08 2.55615e+07
5.88804e+08 2.55615e+07
5.88804e+08 2.55616e+07
5.88804e+08 2.55504e+07
5.88849e+08 2.55728e+07
5.8886e+08 2.55504e+07
6.13978e+08 2.62275e+07
6.13978e+08 2.6194e+07
6.13978e+08 2.6194e+07
6.13978e+08 2.6194e+07
6.13978e+08 2.6194e+07
6.13978e+08 2.6194e+07
6.13978e+08 2.6194e+07
6.13978e+08 2.6194e+07
6.13978e+08 2.61828e+07
6.13978e+08 2.61604e+07
6.13978e+08 2.61381e+07
6.13978e+08 2.61381e+07
6.13978e+08 2.61381e+07
6.13978e+08 2.61381e+07
6.13978e+08 2.61269e+07
6.13978e+08 2.61269e+07
6.13979e+08 2.61269e+07
6.13979e+08 2.61269e+07
6.14303e+08 2.64177e+07
6.14315e+08 2.63842e+07
6.14348e+08 2.64065e+07
6.14471e+08 2.63061e+07
6.14471e+08 2.62949e+07
6.14684e+08 2.64296e+07
6.14729e+08 2.64296e+07
6.14886e+08 2.65413e+07
6.15065e+08 2.67091e+07
6.15087e+08 2.67315e+07
6.15087e+08 2.67315e+07
6.15098e+08 2.67427e+07
6.15098e+08 2.67427e+07
6.15121e+08 2.6765e+07
6.15121e+08 2.6765e+07
6.15154e+08 2.67986e+07
6.15535e+08 2.69444e+07
6.15535e+08 2.69444e+07
6.15927e+08 2.71793e+07
6.15927e+08 2.71681e+07
6.15961e+08 2.71792e+07
6.16017e+08 2.72128e+07
6.16028e+08 2.72239e+07
6.16039e+08 2.72351e+07
6.16084e+08 2.72351e+07
6.16084e+08 2.72239e+07
6.21189e+08 7.21047e+06
6.21211e+08 7.23281e+06
6.21233e+08 7.25515e+06
