5.40472e+06 2
8.38455e+06 2.5
8.39579e+06 2.9
9.79811e+06 3.24483
1.04337e+07 3.55301
1.2159e+07 3.83446
1.2159e+07 4.09525
1.22601e+07 4.33944
1.44512e+07 4.56988
1.44512e+07 4.78871
1.44512e+07 4.99753
1.47205e+07 5.19763
1.76063e+07 5.39003
1.76063e+07 5.57555
1.76063e+07 5.75491
1.79087e+07 5.92867
1.79199e+07 6.09735
2.11624e+07 6.26135
2.1196e+07 6.42106
2.1196e+07 6.5768
2.14536e+07 6.72885
2.14761e+07 6.87746
2.14761e+07 7.02286
2.50373e+07 7.16526
2.50598e+07 7.30482
2.50598e+07 7.44171
2.56192e+07 7.57609
2.5664e+07 7.70809
2.56864e+07 7.83782
2.56976e+07 7.96541
2.89913e+07 8.09095
2.92708e+07 8.21454
2.92708e+07 8.33628
2.99197e+07 8.45624
2.99422e+07 8.57449
2.99422e+07 8.69112
2.99422e+07 8.80618
3.38999e+07 8.91974
3.38999e+07 9.03185
3.40341e+07 9.14257
3.40341e+07 9.25194
3.46944e+07 9.36003
3.48174e+07 9.46687
3.4851e+07 9.5725
3.48845e+07 9.67696
3.92407e+07 9.7803
3.92407e+07 9.88255
3.92407e+07 9.98374
3.92966e+07 10.0839
3.9319e+07 10.1831
4.01472e+07 10.2813
4.02702e+07 10.3785
4.02702e+07 10.4749
4.02702e+07 10.5704
4.53449e+07 10.665
4.53449e+07 10.7587
4.53449e+07 10.8517
4.53785e+07 10.9438
4.53785e+07 11.0352
4.53785e+07 11.1258
4.61332e+07 11.2157
4.62466e+07 11.3049
4.62466e+07 11.3933
4.62952e+07 11.4811
5.19409e+07 11.5682
5.19633e+07 11.6546
5.19633e+07 11.7404
5.20304e+07 11.8256
5.21088e+07 11.9102
5.21088e+07 11.9941
5.21088e+07 12.0775
5.27919e+07 12.1603
5.28893e+07 12.2425
5.28893e+07 12.3242
5.29324e+07 12.4054
5.91378e+07 12.486
5.91826e+07 12.5661
5.91826e+07 12.6456
5.91826e+07 12.7247
5.92721e+07 12.8033
5.92722e+07 12.8814
5.92834e+07 12.959
5.92834e+07 13.0362
5.99794e+07 13.1129
6.00677e+07 13.1892
6.00678e+07 13.265
6.02019e+07 13.3404
6.71831e+07 13.4153
6.71943e+07 13.4899
6.71943e+07 13.564
6.71943e+07 13.6377
6.73956e+07 13.7111
6.73957e+07 13.784
6.74069e+07 13.8566
6.74181e+07 13.9287
6.74181e+07 14.0005
6.80791e+07 14.0719
6.81015e+07 14.143
6.81127e+07 14.2137
6.81351e+07 14.2841
7.55364e+07 14.3541
7.55699e+07 14.4237
7.55699e+07 14.4931
7.55699e+07 14.5621
7.56931e+07 14.6307
7.57714e+07 14.6991
7.57714e+07 14.7671
7.57714e+07 14.8348
7.57714e+07 14.9022
7.57826e+07 14.9694
7.65219e+07 15.0362
7.65622e+07 15.1027
7.65964e+07 15.1689
7.667e+07 15.2348
8.45066e+07 15.3004
8.45066e+07 15.3658
8.45066e+07 15.4309
8.45066e+07 15.4957
8.46856e+07 15.5602
8.46856e+07 15.6245
8.46856e+07 15.6885
8.46856e+07 15.7522
8.4708e+07 15.8157
8.47416e+07 15.8789
8.55815e+07 15.9419
8.56039e+07 16.0046
8.56882e+07 16.0671
8.56994e+07 16.1294
8.57219e+07 16.1914
9.39857e+07 16.2531
9.39857e+07 16.3146
9.39857e+07 16.3759
9.39857e+07 16.437
9.40865e+07 16.4978
9.41201e+07 16.5585
9.41201e+07 16.6189
9.41313e+07 16.679
9.4176e+07 16.739
9.42096e+07 16.7987
9.52395e+07 16.8582
9.52842e+07 16.9176
9.52842e+07 16.9767
9.53737e+07 17.0356
9.53849e+07 17.0943
9.54063e+07 17.1528
1.03914e+08 17.2111
1.03914e+08 17.2692
1.03914e+08 17.3271
1.03914e+08 17.3848
1.04003e+08 17.4423
1.04081e+08 17.4997
1.04081e+08 17.5568
1.04081e+08 17.6138
1.04081e+08 17.6705
1.04104e+08 17.7271
1.05391e+08 17.7835
1.05447e+08 17.8398
1.05458e+08 17.8958
1.05514e+08 17.9517
1.05514e+08 18.0074
1.05525e+08 18.0629
1.05548e+08 18.1183
1.14591e+08 18.1735
1.14591e+08 18.2285
1.14591e+08 18.2834
1.14591e+08 18.3381
1.14692e+08 18.3926
1.14692e+08 18.447
1.14703e+08 18.5012
1.14703e+08 18.5552
1.14703e+08 18.6091
1.14804e+08 18.6629
1.16135e+08 18.7164
1.16191e+08 18.7699
1.16214e+08 18.8231
1.16247e+08 18.8763
1.16258e+08 18.9293
1.1627e+08 18.9821
1.16393e+08 19.0348
1.16426e+08 19.0873
1.25756e+08 19.1397
1.25756e+08 19.1919
1.25756e+08 19.244
1.25756e+08 19.296
1.25845e+08 19.3478
1.25868e+08 19.3995
1.25879e+08 19.4511
1.25879e+08 19.5025
1.25879e+08 19.5537
1.25912e+08 19.6049
1.27367e+08 19.6559
1.2739e+08 19.7068
1.27535e+08 19.7575
1.2768e+08 19.8081
1.27714e+08 19.8586
1.27714e+08 19.909
1.27759e+08 19.9592
1.27759e+08 20.0093
1.27759e+08 20.0593
1.37676e+08 20.1091
1.37676e+08 20.1589
1.37676e+08 20.2085
1.37676e+08 20.2579
1.37743e+08 20.3073
1.37754e+08 20.3566
1.37788e+08 20.4057
1.37788e+08 20.4547
1.37799e+08 20.5036
1.3781e+08 20.5523
1.39343e+08 20.601
1.39343e+08 20.6495
1.39488e+08 20.698
1.39556e+08 20.7463
1.39556e+08 20.7945
1.39567e+08 20.8426
1.39612e+08 20.8906
1.39612e+08 20.9384
1.39612e+08 20.9862
1.39634e+08 21.0338
1.50031e+08 21.0814
1.50031e+08 21.1288
1.50031e+08 21.1761
1.50031e+08 21.2234
1.50065e+08 21.2705
1.50099e+08 21.3175
1.50199e+08 21.3644
1.50222e+08 21.4112
1.50222e+08 21.4579
1.50222e+08 21.5045
1.51777e+08 21.551
1.51777e+08 21.5974
1.51844e+08 21.6437
1.52001e+08 21.6899
1.52046e+08 21.736
1.52046e+08 21.782
1.52101e+08 21.8279
1.52124e+08 21.8738
1.52124e+08 21.9195
1.52157e+08 21.9651
1.52157e+08 22.0106
1.62993e+08 22.0561
1.62993e+08 22.1014
1.62993e+08 22.1466
1.62993e+08 22.1918
1.63071e+08 22.2369
1.63082e+08 22.2818
1.63194e+08 22.3267
1.63205e+08 22.3715
1.63205e+08 22.4162
1.63239e+08 22.4608
1.6475e+08 22.5053
1.6475e+08 22.5498
1.64772e+08 22.5941
1.64861e+08 22.6384
1.64962e+08 22.6825
1.65085e+08 22.7266
1.65096e+08 22.7706
1.65164e+08 22.8145
1.65164e+08 22.8584
1.65175e+08 22.9021
1.65197e+08 22.9458
1.65208e+08 22.9894
1.75909e+08 23.0329
1.75921e+08 23.0763
1.75921e+08 23.1196
1.75921e+08 23.1629
1.75921e+08 23.206
1.75977e+08 23.2491
1.76189e+08 23.2921
1.762e+08 23.3351
1.762e+08 23.3779
1.762e+08 23.4207
1.77767e+08 23.4634
1.77812e+08 23.506
1.77912e+08 23.5486
1.78013e+08 23.591
1.7808e+08 23.6334
1.78102e+08 23.6757
1.78125e+08 23.718
1.78281e+08 23.7601
1.78304e+08 23.8022
1.78427e+08 23.8442
1.78472e+08 23.8862
1.78494e+08 23.928
1.89553e+08 23.9698
1.89564e+08 24.0116
1.89598e+08 24.0532
1.89598e+08 24.0948
1.89598e+08 24.1363
1.89609e+08 24.1777
1.89654e+08 24.2191
1.89766e+08 24.2604
1.89788e+08 24.3016
1.89788e+08 24.3427
1.89788e+08 24.3838
1.91232e+08 24.4248
1.91455e+08 24.4658
1.91478e+08 24.5066
1.91534e+08 24.5474
1.91645e+08 24.5882
1.91724e+08 24.6288
1.91735e+08 24.6694
1.92081e+08 24.71
1.92093e+08 24.7505
1.92149e+08 24.7909
1.92243e+08 24.8312
1.92277e+08 24.8715
2.03738e+08 24.9117
2.0376e+08 24.9518
2.0376e+08 24.9919
2.03828e+08 25.0319
2.0385e+08 25.0719
2.03872e+08 25.1117
2.03872e+08 25.1516
2.03895e+08 25.1913
2.04096e+08 25.231
2.04096e+08 25.2707
2.04107e+08 25.3102
2.0413e+08 25.3497
2.05784e+08 25.3892
2.0584e+08 25.4286
2.05885e+08 25.4679
2.05985e+08 25.5072
2.05996e+08 25.5464
2.06119e+08 25.5855
2.06187e+08 25.6246
2.06343e+08 25.6636
2.06354e+08 25.7026
2.06477e+08 25.7415
2.06674e+08 25.7803
2.06685e+08 25.8191
2.18594e+08 25.8579
2.18617e+08 25.8965
2.18639e+08 25.9351
2.18717e+08 25.9737
2.18717e+08 26.0122
2.18717e+08 26.0506
2.18717e+08 26.089
2.18717e+08 26.1274
2.18796e+08 26.1656
2.18941e+08 26.2039
2.18952e+08 26.242
2.18952e+08 26.2801
2.18964e+08 26.3182
2.20704e+08 26.3562
2.20793e+08 26.3941
2.2086e+08 26.432
2.20882e+08 26.4698
2.20994e+08 26.5076
2.21073e+08 26.5453
2.21095e+08 26.583
2.21263e+08 26.6206
2.21263e+08 26.6582
2.21329e+08 26.6957
2.21599e+08 26.7332
2.2161e+08 26.7706
2.3416e+08 26.8079
2.3416e+08 26.8452
2.3416e+08 26.8825
2.3416e+08 26.9197
2.34171e+08 26.9568
2.34171e+08 26.9939
2.34171e+08 27.031
2.34171e+08 27.068
2.34171e+08 27.1049
2.3435e+08 27.1418
2.34451e+08 27.1786
2.34507e+08 27.2154
2.34507e+08 27.2522
2.34507e+08 27.2889
2.36301e+08 27.3255
2.36335e+08 27.3621
2.36446e+08 27.3987
2.3648e+08 27.4352
2.36536e+08 27.4716
2.36581e+08 27.508
2.36581e+08 27.5444
2.36692e+08 27.5807
2.36726e+08 27.6169
2.36995e+08 27.6531
2.37073e+08 27.6893
2.37073e+08 27.7254
2.50301e+08 27.7615
2.50301e+08 27.7975
2.50301e+08 27.8335
2.50301e+08 27.8694
2.50302e+08 27.9053
2.50313e+08 27.9411
2.50313e+08 27.9769
2.50313e+08 28.0127
2.50324e+08 28.0484
2.50324e+08 28.084
2.50458e+08 28.1196
2.50604e+08 28.1552
2.50615e+08 28.1907
2.50626e+08 28.2262
2.50626e+08 28.2616
2.52351e+08 28.297
2.52485e+08 28.3323
2.52597e+08 28.3676
2.52608e+08 28.4029
2.52664e+08 28.4381
2.52731e+08 28.4732
2.52742e+08 28.5084
2.52854e+08 28.5434
2.52865e+08 28.5785
2.53035e+08 28.6135
2.53162e+08 28.6484
2.53189e+08 28.6833
2.66972e+08 28.7182
2.66972e+08 28.753
2.66972e+08 28.7878
2.66972e+08 28.8225
2.66972e+08 28.8572
2.66972e+08 28.8919
2.66972e+08 28.9265
2.66972e+08 28.961
2.66972e+08 28.9956
2.66983e+08 29.0301
2.66994e+08 29.0645
2.67162e+08 29.0989
2.67319e+08 29.1333
2.67319e+08 29.1676
2.67319e+08 29.2019
2.6733e+08 29.2361
2.69064e+08 29.2703
2.6921e+08 29.3045
2.69266e+08 29.3386
2.69277e+08 29.3727
2.69355e+08 29.4068
2.69445e+08 29.4408
2.69489e+08 29.4747
2.69579e+08 29.5087
2.69601e+08 29.5425
2.69788e+08 29.5764
2.69844e+08 29.6102
2.69955e+08 29.644
2.84157e+08 29.6777
2.84157e+08 29.7114
2.84157e+08 29.7451
2.84157e+08 29.7787
2.84157e+08 29.8123
2.84157e+08 29.8458
2.84157e+08 29.8793
2.84157e+08 29.9128
2.84157e+08 29.9462
2.84179e+08 29.9796
2.84179e+08 30.013
2.84213e+08 30.0463
2.84392e+08 30.0796
2.84526e+08 30.1128
2.84537e+08 30.146
2.84548e+08 30.1792
2.84571e+08 30.2123
2.86294e+08 30.2454
2.86328e+08 30.2785
2.86518e+08 30.3115
2.86518e+08 30.3445
2.86674e+08 30.3775
2.86719e+08 30.4104
2.8673e+08 30.4433
2.86764e+08 30.4761
2.8682e+08 30.5089
2.87009e+08 30.5417
2.87235e+08 30.5744
2.87268e+08 30.6071
3.01961e+08 30.6398
3.01962e+08 30.6725
3.01962e+08 30.7051
3.01962e+08 30.7376
3.01962e+08 30.7702
3.01962e+08 30.8027
3.01962e+08 30.8351
3.01962e+08 30.8676
3.01962e+08 30.9
3.01962e+08 30.9323
3.01973e+08 30.9646
3.01984e+08 30.9969
3.02051e+08 31.0292
3.02208e+08 31.0614
3.02353e+08 31.0936
3.02409e+08 31.1258
3.02409e+08 31.1579
3.02409e+08 31.19
3.04135e+08 31.2221
3.04191e+08 31.2541
3.04414e+08 31.2861
3.04426e+08 31.3181
3.04582e+08 31.35
3.04616e+08 31.3819
3.04616e+08 31.4137
3.04768e+08 31.4456
3.04768e+08 31.4774
3.04945e+08 31.5092
3.05032e+08 31.5409
3.05059e+08 31.5726
3.20345e+08 31.6043
3.20345e+08 31.6359
3.20345e+08 31.6675
3.20345e+08 31.6991
3.20345e+08 31.7306
3.20345e+08 31.7622
3.20345e+08 31.7936
3.20345e+08 31.8251
3.20345e+08 31.8565
3.20345e+08 31.8879
3.20345e+08 31.9193
3.20345e+08 31.9506
3.20446e+08 31.9819
3.20446e+08 32.0132
3.2058e+08 32.0444
3.20815e+08 32.0756
3.20827e+08 32.1068
3.20827e+08 32.1379
3.20827e+08 32.169
3.22643e+08 32.2001
3.2271e+08 32.2312
3.228e+08 32.2622
3.22844e+08 32.2932
3.2299e+08 32.3242
3.23142e+08 32.3551
3.23175e+08 32.386
3.23358e+08 32.4169
3.23358e+08 32.4477
3.23481e+08 32.4786
3.23503e+08 32.5094
3.2356e+08 32.5401
3.3926e+08 32.5708
3.3926e+08 32.6015
3.3926e+08 32.6322
3.3926e+08 32.6629
3.39305e+08 32.6935
3.39305e+08 32.7241
3.39305e+08 32.7546
3.39305e+08 32.7852
3.39305e+08 32.8157
3.39316e+08 32.8461
3.39316e+08 32.8766
3.39338e+08 32.907
3.39406e+08 32.9374
3.39439e+08 32.9677
3.3945e+08 32.9981
3.39585e+08 33.0284
3.39797e+08 33.0587
3.39797e+08 33.0889
3.39797e+08 33.1191
3.39797e+08 33.1493
3.41688e+08 33.1795
3.41699e+08 33.2096
3.41901e+08 33.2397
3.41968e+08 33.2698
3.42097e+08 33.2999
3.42277e+08 33.3299
3.42277e+08 33.3599
3.42353e+08 33.3899
3.42454e+08 33.4198
3.42565e+08 33.4498
3.42722e+08 33.4797
3.42755e+08 33.5095
3.58857e+08 33.5394
3.58857e+08 33.5692
3.58857e+08 33.599
3.58857e+08 33.6287
3.58947e+08 33.6585
3.58947e+08 33.6882
3.58947e+08 33.7179
3.58947e+08 33.7475
3.58969e+08 33.7772
3.58969e+08 33.8068
3.58969e+08 33.8363
3.58969e+08 33.8659
3.58992e+08 33.8954
3.59104e+08 33.9249
3.59137e+08 33.9544
3.59272e+08 33.9839
3.59272e+08 34.0133
3.59428e+08 34.0427
3.59428e+08 34.0721
3.59428e+08 34.1014
3.59428e+08 34.1307
3.61387e+08 34.16
3.61387e+08 34.1893
3.61566e+08 34.2185
3.61666e+08 34.2478
3.61836e+08 34.277
3.61957e+08 34.3061
3.6198e+08 34.3353
3.62024e+08 34.3644
3.62136e+08 34.3935
3.62214e+08 34.4226
3.62594e+08 34.4516
3.62606e+08 34.4807
3.78998e+08 34.5097
3.78998e+08 34.5387
3.78998e+08 34.5676
3.7901e+08 34.5965
3.79099e+08 34.6254
3.7911e+08 34.6543
3.7911e+08 34.6832
3.7911e+08 34.712
3.79144e+08 34.7408
3.79144e+08 34.7696
3.79144e+08 34.7984
3.79144e+08 34.8271
3.79178e+08 34.8558
3.79233e+08 34.8845
3.79278e+08 34.9132
3.79547e+08 34.9418
3.79547e+08 34.9704
3.79547e+08 34.999
3.79558e+08 35.0276
3.7958e+08 35.0561
3.7958e+08 35.0847
3.79592e+08 35.1132
3.81561e+08 35.1417
3.81606e+08 35.1701
3.81774e+08 35.1985
3.81886e+08 35.227
3.82145e+08 35.2553
3.82322e+08 35.2837
3.82355e+08 35.312
3.82433e+08 35.3404
3.82523e+08 35.3687
3.82545e+08 35.3969
3.82925e+08 35.4252
3.82959e+08 35.4534
3.99821e+08 35.4816
3.99821e+08 35.5098
3.99821e+08 35.538
3.99832e+08 35.5661
3.999e+08 35.5942
3.99945e+08 35.6223
3.99945e+08 35.6504
3.99945e+08 35.6784
3.99945e+08 35.7065
3.99945e+08 35.7345
3.99956e+08 35.7625
3.99978e+08 35.7904
4.00001e+08 35.8184
4.00045e+08 35.8463
4.0009e+08 35.8742
4.00347e+08 35.902
4.00359e+08 35.9299
4.0037e+08 35.9577
4.0037e+08 35.9855
4.0037e+08 36.0133
4.00381e+08 36.0411
4.00415e+08 36.0688
4.00426e+08 36.0966
4.02496e+08 36.1243
4.02496e+08 36.152
4.02664e+08 36.1796
4.02823e+08 36.2073
4.03179e+08 36.2349
4.03235e+08 36.2625
4.03302e+08 36.2901
4.03302e+08 36.3176
4.03335e+08 36.3451
4.03481e+08 36.3727
4.03838e+08 36.4002
4.03838e+08 36.4276
4.21182e+08 36.4551
4.21182e+08 36.4825
4.21182e+08 36.5099
4.21204e+08 36.5373
4.21271e+08 36.5647
4.2135e+08 36.592
4.2135e+08 36.6194
4.2135e+08 36.6467
4.21361e+08 36.6739
4.21361e+08 36.7012
4.21361e+08 36.7285
4.21361e+08 36.7557
4.21361e+08 36.7829
4.21394e+08 36.8101
4.21451e+08 36.8372
4.21596e+08 36.8644
4.21596e+08 36.8915
4.21596e+08 36.9186
4.2163e+08 36.9457
4.21697e+08 36.9728
4.2173e+08 36.9998
4.21764e+08 37.0269
4.21764e+08 37.0539
4.21797e+08 37.0809
4.23935e+08 37.1078
4.23935e+08 37.1348
4.24083e+08 37.1617
4.24416e+08 37.1886
4.24662e+08 37.2155
4.24684e+08 37.2424
4.24695e+08 37.2692
4.24718e+08 37.296
4.24975e+08 37.3229
4.25064e+08 37.3497
4.2521e+08 37.3764
4.25232e+08 37.4032
4.4319e+08 37.4299
4.4319e+08 37.4566
4.43213e+08 37.4833
4.43224e+08 37.51
4.43257e+08 37.5367
4.43258e+08 37.5633
4.43258e+08 37.5899
4.43258e+08 37.6165
4.43269e+08 37.6431
4.43269e+08 37.6697
4.43269e+08 37.6962
4.43269e+08 37.7228
4.43314e+08 37.7493
4.43336e+08 37.7758
4.4337e+08 37.8022
4.43627e+08 37.8287
4.43627e+08 37.8551
4.43638e+08 37.8815
4.43672e+08 37.9079
4.43683e+08 37.9343
4.43694e+08 37.9607
4.43694e+08 37.987
4.43694e+08 38.0133
4.43705e+08 38.0397
4.43728e+08 38.0659
4.46034e+08 38.0922
4.46045e+08 38.1185
4.4618e+08 38.1447
4.46454e+08 38.1709
4.46603e+08 38.1971
4.46625e+08 38.2233
4.46625e+08 38.2495
4.46625e+08 38.2756
4.47061e+08 38.3017
4.47129e+08 38.3278
4.47531e+08 38.3539
4.47565e+08 38.38
4.65691e+08 38.406
4.65702e+08 38.4321
4.65713e+08 38.4581
4.65713e+08 38.4841
4.65713e+08 38.5101
4.65725e+08 38.5361
4.65725e+08 38.562
4.65725e+08 38.5879
4.65736e+08 38.6139
4.65792e+08 38.6398
4.65792e+08 38.6656
4.65803e+08 38.6915
4.65803e+08 38.7173
4.65825e+08 38.7432
4.65859e+08 38.769
4.66138e+08 38.7948
4.66161e+08 38.8206
4.66183e+08 38.8463
4.66183e+08 38.8721
4.66183e+08 38.8978
4.66195e+08 38.9235
4.66195e+08 38.9492
4.66195e+08 38.9749
4.66195e+08 39.0005
4.66206e+08 39.0262
4.66206e+08 39.0518
4.68712e+08 39.0774
4.68858e+08 39.103
4.68902e+08 39.1285
4.69115e+08 39.1541
4.69137e+08 39.1796
4.69138e+08 39.2052
4.69138e+08 39.2307
4.69138e+08 39.2562
4.69625e+08 39.2816
4.69692e+08 39.3071
4.7053e+08 39.3325
4.70553e+08 39.358
4.88712e+08 39.3834
4.88713e+08 39.4088
4.88724e+08 39.4341
4.88724e+08 39.4595
4.88757e+08 39.4848
4.88825e+08 39.5102
4.88825e+08 39.5355
4.88825e+08 39.5608
4.88825e+08 39.586
4.88825e+08 39.6113
4.88836e+08 39.6366
4.88836e+08 39.6618
4.88847e+08 39.687
4.88858e+08 39.7122
4.88948e+08 39.7374
4.89228e+08 39.7625
4.89228e+08 39.7877
4.89228e+08 39.8128
4.89239e+08 39.8379
4.89239e+08 39.863
4.89239e+08 39.8881
4.89239e+08 39.9132
4.89239e+08 39.9382
4.89239e+08 39.9633
4.89239e+08 39.9883
4.89239e+08 40.0133
4.8925e+08 40.0383
4.91824e+08 40.0633
4.91868e+08 40.0882
4.92114e+08 40.1132
4.92148e+08 40.1381
4.92148e+08 40.163
4.9217e+08 40.1879
4.92304e+08 40.2128
4.92327e+08 40.2377
4.92762e+08 40.2625
4.9284e+08 40.2874
4.93947e+08 40.3122
4.93947e+08 40.337
5.12319e+08 40.3618
5.12342e+08 40.3866
5.12353e+08 40.4113
5.12353e+08 40.4361
5.12364e+08 40.4608
5.12443e+08 40.4855
5.12443e+08 40.5102
5.12443e+08 40.5349
5.12443e+08 40.5596
5.12443e+08 40.5842
5.12454e+08 40.6089
5.12454e+08 40.6335
5.12465e+08 40.6581
5.12465e+08 40.6827
5.12544e+08 40.7073
5.12812e+08 40.7318
5.12834e+08 40.7564
5.12834e+08 40.7809
5.12834e+08 40.8055
5.12834e+08 40.83
5.12834e+08 40.8545
5.12834e+08 40.8789
5.12834e+08 40.9034
5.12834e+08 40.9278
5.12834e+08 40.9523
5.12846e+08 40.9767
5.12846e+08 41.0011
5.1289e+08 41.0255
5.1557e+08 41.0499
5.1557e+08 41.0742
5.1566e+08 41.0986
5.15727e+08 41.1229
5.1576e+08 41.1472
5.16017e+08 41.1715
5.16118e+08 41.1958
5.16118e+08 41.2201
5.16632e+08 41.2443
5.16711e+08 41.2686
5.17762e+08 41.2928
5.17762e+08 41.317
5.36436e+08 41.3412
5.36593e+08 41.3654
5.36638e+08 41.3896
5.36671e+08 41.4138
5.36694e+08 41.4379
5.36694e+08 41.462
5.36705e+08 41.4862
5.36705e+08 41.5103
5.36738e+08 41.5344
5.36738e+08 41.5584
5.3675e+08 41.5825
5.3675e+08 41.6065
5.36761e+08 41.6306
5.36761e+08 41.6546
5.36984e+08 41.6786
5.37085e+08 41.7026
5.37096e+08 41.7266
5.37096e+08 41.7505
5.37096e+08 41.7745
5.37119e+08 41.7984
5.37119e+08 41.8224
5.37119e+08 41.8463
5.37119e+08 41.8702
5.3713e+08 41.8941
5.37164e+08 41.9179
5.37186e+08 41.9418
5.37186e+08 41.9656
5.37186e+08 41.9894
5.37208e+08 42.0133
5.39804e+08 42.0371
5.39804e+08 42.0609
5.39815e+08 42.0846
5.39815e+08 42.1084
5.39849e+08 42.1321
5.40229e+08 42.1559
5.40285e+08 42.1796
5.40285e+08 42.2033
5.41112e+08 42.227
5.41123e+08 42.2507
5.42241e+08 42.2743
5.42241e+08 42.298
5.6136e+08 42.3216
5.61416e+08 42.3453
5.61606e+08 42.3689
5.61629e+08 42.3925
5.61629e+08 42.4161
5.61674e+08 42.4397
5.61685e+08 42.4632
5.61696e+08 42.4868
5.61696e+08 42.5103
5.61707e+08 42.5338
5.61752e+08 42.5573
5.61797e+08 42.5808
5.6183e+08 42.6043
5.61875e+08 42.6278
5.62054e+08 42.6513
5.62065e+08 42.6747
5.62099e+08 42.6981
5.62099e+08 42.7216
5.62099e+08 42.745
5.62099e+08 42.7684
5.62132e+08 42.7917
5.62155e+08 42.8151
5.62155e+08 42.8385
5.62155e+08 42.8618
5.62177e+08 42.8851
5.62188e+08 42.9085
5.62188e+08 42.9318
5.62188e+08 42.9551
5.62233e+08 42.9783
5.62244e+08 43.0016
5.65053e+08 43.0249
5.65276e+08 43.0481
5.6541e+08 43.0713
5.65455e+08 43.0945
5.65455e+08 43.1178
5.65466e+08 43.1409
5.65466e+08 43.1641
5.65466e+08 43.1873
5.66137e+08 43.2104
5.66182e+08 43.2336
5.67166e+08 43.2567
5.67177e+08 43.2798
5.86861e+08 43.3029
5.86884e+08 43.326
5.87108e+08 43.3491
5.8713e+08 43.3722
5.8713e+08 43.3952
5.87186e+08 43.4183
5.87197e+08 43.4413
5.87197e+08 43.4643
5.87231e+08 43.4873
5.87231e+08 43.5103
5.87231e+08 43.5333
5.8732e+08 43.5563
5.87331e+08 43.5792
5.87387e+08 43.6022
5.87589e+08 43.6251
5.87622e+08 43.6481
5.87689e+08 43.671
5.87689e+08 43.6939
5.87723e+08 43.7167
5.87723e+08 43.7396
5.87723e+08 43.7625
5.87757e+08 43.7853
5.87757e+08 43.8082
5.87757e+08 43.831
5.87757e+08 43.8538
5.87757e+08 43.8766
5.87757e+08 43.8994
5.87757e+08 43.9222
5.87768e+08 43.945
5.87768e+08 43.9677
5.87768e+08 43.9905
5.90766e+08 44.0132
5.90811e+08 44.0359
5.90811e+08 44.0586
5.90844e+08 44.0813
5.90934e+08 44.104
5.90956e+08 44.1267
5.90956e+08 44.1493
5.90956e+08 44.172
5.91772e+08 44.1946
5.91784e+08 44.2173
5.92857e+08 44.2399
5.92857e+08 44.2625
6.13061e+08 44.2851
6.13062e+08 44.3076
6.13285e+08 44.3302
6.13319e+08 44.3528
6.1333e+08 44.3753
6.13341e+08 44.3979
6.13341e+08 44.4204
6.13341e+08 44.4429
6.13341e+08 44.4654
6.13341e+08 44.4879
6.13342e+08 44.5104
6.13342e+08 44.5328
6.13375e+08 44.5553
6.13431e+08 44.5777
6.13766e+08 44.6002
6.13778e+08 44.6226
6.13901e+08 44.645
6.13901e+08 44.6674
6.13901e+08 44.6898
6.13901e+08 44.7122
6.13901e+08 44.7345
6.13923e+08 44.7569
6.13923e+08 44.7792
6.13923e+08 44.8015
6.13923e+08 44.8239
6.13923e+08 44.8462
6.13923e+08 44.8685
6.13923e+08 44.8908
6.13945e+08 44.913
6.13945e+08 44.9353
6.13945e+08 44.9576
6.14752e+08 44.9798
6.14785e+08 45.002
6.14808e+08 45.0243
6.14808e+08 45.0465
6.14819e+08 45.0687
6.14819e+08 45.0909
6.14819e+08 45.113
6.14819e+08 45.1352
6.14841e+08 45.1574
6.15043e+08 45.1795
6.15267e+08 45.2016
6.15771e+08 45.2238
6.15771e+08 45.2459
6.17169e+08 45.268
6.17292e+08 45.2901
6.17571e+08 45.3121
