4.21186e+06 2
8.35176e+06 2.5
8.35176e+06 2.9
9.62559e+06 3.24483
9.64795e+06 3.55301
1.20976e+07 3.83446
1.20976e+07 4.09525
1.20976e+07 4.33944
1.45914e+07 4.56988
1.45914e+07 4.78871
1.46026e+07 4.99753
1.46138e+07 5.19763
1.7636e+07 5.39003
1.76584e+07 5.57555
1.76584e+07 5.75491
1.76585e+07 5.92867
1.76585e+07 6.09735
2.12369e+07 6.26135
2.14382e+07 6.42106
2.14606e+07 6.5768
2.14718e+07 6.72885
2.1483e+07 6.87746
2.14942e+07 7.02286
2.57212e+07 7.16526
2.5833e+07 7.30482
2.59224e+07 7.44171
2.60007e+07 7.57609
2.61237e+07 7.70809
2.61796e+07 7.83782
2.62355e+07 7.96541
3.00536e+07 8.09095
3.02995e+07 8.21454
3.04337e+07 8.33628
3.04672e+07 8.45624
3.04784e+07 8.57449
3.07244e+07 8.69112
3.08362e+07 8.80618
3.51216e+07 8.91974
3.51216e+07 9.03185
3.54459e+07 9.14257
3.54571e+07 9.25194
3.54571e+07 9.36003
3.54571e+07 9.46687
3.63514e+07 9.5725
3.66644e+07 9.67696
4.10351e+07 9.7803
4.10351e+07 9.88255
4.10352e+07 9.98374
4.12476e+07 10.0839
4.16724e+07 10.1831
4.17171e+07 10.2813
4.18401e+07 10.3785
4.28013e+07 10.4749
4.28797e+07 10.5704
4.80465e+07 10.665
4.80465e+07 10.7587
4.80465e+07 10.8517
4.82477e+07 10.9438
4.82477e+07 11.0352
4.8896e+07 11.1258
4.89743e+07 11.2157
4.90413e+07 11.3049
4.91308e+07 11.3933
4.94104e+07 11.4811
5.51405e+07 11.5682
5.51628e+07 11.6546
5.52299e+07 11.7404
5.54758e+07 11.8256
5.55429e+07 11.9102
5.56547e+07 11.9941
5.62247e+07 12.0775
5.62359e+07 12.1603
5.62583e+07 12.2425
5.63478e+07 12.3242
5.64598e+07 12.4054
6.38272e+07 12.486
6.38272e+07 12.5661
6.38273e+07 12.6456
6.38385e+07 12.7247
6.38497e+07 12.8033
6.38497e+07 12.8814
6.38833e+07 12.959
6.38833e+07 13.0362
6.38833e+07 13.1129
6.39169e+07 13.1892
6.39169e+07 13.265
6.40624e+07 13.3404
7.17127e+07 13.4153
7.17463e+07 13.4899
7.18916e+07 13.564
7.19028e+07 13.6377
7.19028e+07 13.7111
7.19252e+07 13.784
7.19365e+07 13.8566
7.19365e+07 13.9287
7.19365e+07 14.0005
7.19365e+07 14.0719
7.19477e+07 14.143
7.19701e+07 14.2137
7.20933e+07 14.2841
8.06086e+07 14.3541
8.06086e+07 14.4237
8.06086e+07 14.4931
8.06086e+07 14.5621
8.06087e+07 14.6307
8.06087e+07 14.6991
8.06535e+07 14.7671
8.06535e+07 14.8348
8.06535e+07 14.9022
8.06535e+07 14.9694
8.06536e+07 15.0362
8.06536e+07 15.1027
8.06536e+07 15.1689
8.06761e+07 15.2348
8.98515e+07 15.3004
8.98627e+07 15.3658
8.98627e+07 15.4309
8.98627e+07 15.4957
8.98627e+07 15.5602
8.98627e+07 15.6245
8.99187e+07 15.6885
8.99187e+07 15.7522
8.99188e+07 15.8157
8.99188e+07 15.8789
8.99188e+07 15.9419
8.99188e+07 16.0046
8.99188e+07 16.0671
8.99188e+07 16.1294
8.99301e+07 16.1914
9.89101e+07 16.2531
9.89213e+07 16.3146
9.89213e+07 16.3759
9.89213e+07 16.437
9.90219e+07 16.4978
9.90443e+07 16.5585
9.96703e+07 16.6189
9.96815e+07 16.679
9.96815e+07 16.739
9.96815e+07 16.7987
9.96927e+07 16.8582
9.96928e+07 16.9176
9.96928e+07 16.9767
9.97263e+07 17.0356
9.97263e+07 17.0943
9.98046e+07 17.1528
1.09199e+08 17.2111
1.09199e+08 17.2692
1.09199e+08 17.3271
1.09199e+08 17.3848
1.09478e+08 17.4423
1.09478e+08 17.4997
1.09993e+08 17.5568
1.1006e+08 17.6138
1.10105e+08 17.6705
1.10127e+08 17.7271
1.10138e+08 17.7835
1.10138e+08 17.8398
1.10149e+08 17.8958
1.10149e+08 17.9517
1.10149e+08 18.0074
1.10149e+08 18.0629
1.10183e+08 18.1183
1.1958e+08 18.1735
1.1958e+08 18.2285
1.1958e+08 18.2834
1.1958e+08 18.3381
1.19647e+08 18.3926
1.1967e+08 18.447
1.2072e+08 18.5012
1.20754e+08 18.5552
1.20821e+08 18.6091
1.20866e+08 18.6629
1.21044e+08 18.7164
1.21167e+08 18.7699
1.2119e+08 18.8231
1.21279e+08 18.8763
1.21346e+08 18.9293
1.21346e+08 18.9821
1.21358e+08 19.0348
1.21369e+08 19.0873
1.30888e+08 19.1397
1.31067e+08 19.1919
1.31112e+08 19.244
1.31145e+08 19.296
1.31168e+08 19.3478
1.3119e+08 19.3995
1.32151e+08 19.4511
1.32207e+08 19.5025
1.32219e+08 19.5537
1.32252e+08 19.6049
1.32386e+08 19.6559
1.32654e+08 19.7068
1.32766e+08 19.7575
1.32811e+08 19.8081
1.32934e+08 19.8586
1.32956e+08 19.909
1.32979e+08 19.9592
1.33023e+08 20.0093
1.33023e+08 20.0593
1.42955e+08 20.1091
1.43011e+08 20.1589
1.43111e+08 20.2085
1.43111e+08 20.2579
1.43123e+08 20.3073
1.43123e+08 20.3566
1.43793e+08 20.4057
1.43849e+08 20.4547
1.43983e+08 20.5036
1.44151e+08 20.5523
1.44296e+08 20.601
1.44352e+08 20.6495
1.44676e+08 20.698
1.44721e+08 20.7463
1.45124e+08 20.7945
1.45146e+08 20.8426
1.45202e+08 20.8906
1.45224e+08 20.9384
1.45224e+08 20.9862
1.45224e+08 21.0338
1.5522e+08 21.0814
1.55231e+08 21.1288
1.55477e+08 21.1761
1.55477e+08 21.2234
1.55522e+08 21.2705
1.55611e+08 21.3175
1.55779e+08 21.3644
1.55835e+08 21.4112
1.55913e+08 21.4579
1.55924e+08 21.5045
1.56025e+08 21.551
1.56058e+08 21.5974
1.56561e+08 21.6437
1.56561e+08 21.6899
1.57266e+08 21.736
1.57333e+08 21.782
1.57657e+08 21.8279
1.57657e+08 21.8738
1.57713e+08 21.9195
1.57735e+08 21.9651
1.57758e+08 22.0106
1.68362e+08 22.0561
1.68619e+08 22.1014
1.68753e+08 22.1466
1.68753e+08 22.1918
1.68765e+08 22.2369
1.6891e+08 22.2818
1.69134e+08 22.3267
1.69212e+08 22.3715
1.69324e+08 22.4162
1.69592e+08 22.4608
1.69592e+08 22.5053
1.69815e+08 22.5498
1.6986e+08 22.5941
1.70084e+08 22.6384
1.70642e+08 22.6825
1.70754e+08 22.7266
1.70777e+08 22.7706
1.70788e+08 22.8145
1.70788e+08 22.8584
1.70799e+08 22.9021
1.7081e+08 22.9458
1.7081e+08 22.9894
1.81391e+08 23.0329
1.81391e+08 23.0763
1.81435e+08 23.1196
1.81447e+08 23.1629
1.8148e+08 23.206
1.81816e+08 23.2491
1.81871e+08 23.2921
1.81916e+08 23.3351
1.81972e+08 23.3779
1.82129e+08 23.4207
1.82252e+08 23.4634
1.8233e+08 23.506
1.82352e+08 23.5486
1.82509e+08 23.591
1.83258e+08 23.6334
1.8347e+08 23.6757
1.83694e+08 23.718
1.83839e+08 23.7601
1.83895e+08 23.8022
1.83973e+08 23.8442
1.84062e+08 23.8862
1.84062e+08 23.928
1.95068e+08 23.9698
1.95101e+08 24.0116
1.95101e+08 24.0532
1.95101e+08 24.0948
1.95236e+08 24.1363
1.95392e+08 24.1777
1.95459e+08 24.2191
1.9547e+08 24.2604
1.95482e+08 24.3016
1.95672e+08 24.3427
1.95996e+08 24.3838
1.96186e+08 24.4248
1.9623e+08 24.4658
1.9623e+08 24.5066
1.96432e+08 24.5474
1.97181e+08 24.5882
1.97326e+08 24.6288
1.97326e+08 24.6694
1.97337e+08 24.71
1.97337e+08 24.7505
1.97415e+08 24.7909
1.97482e+08 24.8312
1.97672e+08 24.8715
2.09145e+08 24.9117
2.09357e+08 24.9518
2.09357e+08 24.9919
2.09357e+08 25.0319
2.09357e+08 25.0719
2.09469e+08 25.1117
2.09681e+08 25.1516
2.09816e+08 25.1913
2.09816e+08 25.231
2.09816e+08 25.2707
2.09916e+08 25.3102
2.10073e+08 25.3497
2.10095e+08 25.3892
2.10095e+08 25.4286
2.10129e+08 25.4679
2.10565e+08 25.5072
2.10978e+08 25.5464
2.11101e+08 25.5855
2.11168e+08 25.6246
2.11414e+08 25.6636
2.11414e+08 25.7026
2.11738e+08 25.7415
2.11884e+08 25.7803
2.11973e+08 25.8191
2.23898e+08 25.8579
2.23932e+08 25.8965
2.23943e+08 25.9351
2.23943e+08 25.9737
2.23943e+08 26.0122
2.23943e+08 26.0506
2.23999e+08 26.089
2.24077e+08 26.1274
2.24133e+08 26.1656
2.242e+08 26.2039
2.24245e+08 26.242
2.24468e+08 26.2801
2.24569e+08 26.3182
2.24569e+08 26.3562
2.24569e+08 26.3941
2.24658e+08 26.432
2.25273e+08 26.4698
2.25553e+08 26.5076
2.25821e+08 26.5453
2.25989e+08 26.583
2.26167e+08 26.6206
2.26223e+08 26.6582
2.26223e+08 26.6957
2.26313e+08 26.7332
2.2657e+08 26.7706
2.39058e+08 26.8079
2.39103e+08 26.8452
2.39237e+08 26.8825
2.39271e+08 26.9197
2.39271e+08 26.9568
2.39304e+08 26.9939
2.39315e+08 27.031
2.39315e+08 27.068
2.39405e+08 27.1049
2.39405e+08 27.1418
2.39438e+08 27.1786
2.39438e+08 27.2154
2.39662e+08 27.2522
2.39696e+08 27.2889
2.39707e+08 27.3255
2.39763e+08 27.3621
2.39774e+08 27.3987
2.40154e+08 27.4352
2.41138e+08 27.4716
2.41194e+08 27.508
2.41205e+08 27.5444
2.41451e+08 27.5807
2.4154e+08 27.6169
2.4154e+08 27.6531
2.41585e+08 27.6893
2.42043e+08 27.7254
2.54616e+08 27.7615
2.54616e+08 27.7975
2.54661e+08 27.8335
2.54672e+08 27.8694
2.54706e+08 27.9053
2.54739e+08 27.9411
2.54818e+08 27.9769
2.54885e+08 28.0127
2.54907e+08 28.0484
2.54974e+08 28.084
2.55198e+08 28.1196
2.55242e+08 28.1552
2.55287e+08 28.1907
2.55544e+08 28.2262
2.55544e+08 28.2616
2.55544e+08 28.297
2.55555e+08 28.3323
2.55555e+08 28.3676
2.55913e+08 28.4029
2.56718e+08 28.4381
2.57008e+08 28.4732
2.57165e+08 28.5084
2.57344e+08 28.5434
2.57478e+08 28.5785
2.57511e+08 28.6135
2.57511e+08 28.6484
2.58004e+08 28.6833
2.714e+08 28.7182
2.714e+08 28.753
2.714e+08 28.7878
2.71401e+08 28.8225
2.71401e+08 28.8572
2.71468e+08 28.8919
2.71479e+08 28.9265
2.71479e+08 28.961
2.71479e+08 28.9956
2.71523e+08 29.0301
2.71524e+08 29.0645
2.71535e+08 29.0989
2.71557e+08 29.1333
2.71557e+08 29.1676
2.71579e+08 29.2019
2.71602e+08 29.2361
2.71602e+08 29.2703
2.71602e+08 29.3045
2.71602e+08 29.3386
2.71635e+08 29.3727
2.72664e+08 29.4068
2.72865e+08 29.4408
2.73099e+08 29.4747
2.73234e+08 29.5087
2.74072e+08 29.5425
2.74161e+08 29.5764
2.74161e+08 29.6102
2.74709e+08 29.644
2.88642e+08 29.6777
2.88653e+08 29.7114
2.88653e+08 29.7451
2.88653e+08 29.7787
2.88653e+08 29.8123
2.88743e+08 29.8458
2.88743e+08 29.8793
2.88776e+08 29.9128
2.88776e+08 29.9462
2.88787e+08 29.9796
2.88787e+08 30.013
2.88787e+08 30.0463
2.88799e+08 30.0796
2.8881e+08 30.1128
2.88821e+08 30.146
2.88888e+08 30.1792
2.88888e+08 30.2123
2.88888e+08 30.2454
2.88888e+08 30.2785
2.88888e+08 30.3115
2.88888e+08 30.3445
2.88966e+08 30.3775
2.89033e+08 30.4104
2.89089e+08 30.4433
2.8938e+08 30.4761
2.8967e+08 30.5089
2.89805e+08 30.5417
2.89894e+08 30.5744
2.91638e+08 30.6071
3.06546e+08 30.6398
3.06546e+08 30.6725
3.06546e+08 30.7051
3.06546e+08 30.7376
3.06546e+08 30.7702
3.06546e+08 30.8027
3.06546e+08 30.8351
3.06658e+08 30.8676
3.06669e+08 30.9
3.06691e+08 30.9323
3.06691e+08 30.9646
3.06703e+08 30.9969
3.06714e+08 31.0292
3.06803e+08 31.0614
3.06803e+08 31.0936
3.06803e+08 31.1258
3.06803e+08 31.1579
3.06803e+08 31.19
3.06803e+08 31.2221
3.06814e+08 31.2541
3.06815e+08 31.2861
3.06815e+08 31.3181
3.06826e+08 31.35
3.06893e+08 31.3819
3.06893e+08 31.4137
3.06904e+08 31.4456
3.07105e+08 31.4774
3.07183e+08 31.5092
3.07429e+08 31.5409
3.08983e+08 31.5726
3.24951e+08 31.6043
3.24951e+08 31.6359
3.24951e+08 31.6675
3.24951e+08 31.6991
3.24951e+08 31.7306
3.24951e+08 31.7622
3.24951e+08 31.7936
3.24951e+08 31.8251
3.24962e+08 31.8565
3.24962e+08 31.8879
3.24995e+08 31.9193
3.25029e+08 31.9506
3.25063e+08 31.9819
3.25118e+08 32.0132
3.2532e+08 32.0444
3.2532e+08 32.0756
3.25331e+08 32.1068
3.25387e+08 32.1379
3.25398e+08 32.169
3.25398e+08 32.2001
3.25398e+08 32.2312
3.25398e+08 32.2622
3.25409e+08 32.2932
3.2542e+08 32.3242
3.25443e+08 32.3551
3.25454e+08 32.386
3.25465e+08 32.4169
3.25465e+08 32.4477
3.25465e+08 32.4786
3.25465e+08 32.5094
3.27041e+08 32.5401
3.44133e+08 32.5708
3.44133e+08 32.6015
3.44133e+08 32.6322
3.44133e+08 32.6629
3.44133e+08 32.6935
3.44133e+08 32.7241
3.44133e+08 32.7546
3.44133e+08 32.7852
3.44133e+08 32.8157
3.44133e+08 32.8461
3.44145e+08 32.8766
3.44145e+08 32.907
3.44145e+08 32.9374
3.44145e+08 32.9677
3.44156e+08 32.9981
3.44502e+08 33.0284
3.44514e+08 33.0587
3.44536e+08 33.0889
3.4457e+08 33.1191
3.44581e+08 33.1493
3.44581e+08 33.1795
3.44581e+08 33.2096
3.44592e+08 33.2397
3.44592e+08 33.2698
3.44603e+08 33.2999
3.44625e+08 33.3299
3.44637e+08 33.3599
3.44648e+08 33.3899
3.44693e+08 33.4198
3.44693e+08 33.4498
3.44748e+08 33.4797
3.45307e+08 33.5095
3.63773e+08 33.5394
3.63773e+08 33.5692
3.63784e+08 33.599
3.63784e+08 33.6287
3.63784e+08 33.6585
3.63784e+08 33.6882
3.63795e+08 33.7179
3.63806e+08 33.7475
3.63806e+08 33.7772
3.63806e+08 33.8068
3.63806e+08 33.8363
3.63806e+08 33.8659
3.63818e+08 33.8954
3.63829e+08 33.9249
3.63829e+08 33.9544
3.63952e+08 33.9839
3.63985e+08 34.0133
3.64309e+08 34.0427
3.64332e+08 34.0721
3.64332e+08 34.1014
3.64332e+08 34.1307
3.64332e+08 34.16
3.64332e+08 34.1893
3.64332e+08 34.2185
3.64332e+08 34.2478
3.64332e+08 34.277
3.64332e+08 34.3061
3.64332e+08 34.3353
3.64343e+08 34.3644
3.64365e+08 34.3935
3.64365e+08 34.4226
3.64365e+08 34.4516
3.64444e+08 34.4807
3.84082e+08 34.5097
3.84082e+08 34.5387
3.84082e+08 34.5676
3.84082e+08 34.5965
3.84082e+08 34.6254
3.84082e+08 34.6543
3.84082e+08 34.6832
3.84104e+08 34.712
3.84104e+08 34.7408
3.84104e+08 34.7696
3.84104e+08 34.7984
3.84104e+08 34.8271
3.84104e+08 34.8558
3.84104e+08 34.8845
3.84115e+08 34.9132
3.8416e+08 34.9418
3.84171e+08 34.9704
3.84171e+08 34.999
3.84629e+08 35.0276
3.84652e+08 35.0561
3.84652e+08 35.0847
3.84652e+08 35.1132
3.84652e+08 35.1417
3.84652e+08 35.1701
3.84652e+08 35.1985
3.84652e+08 35.227
3.84652e+08 35.2553
3.84652e+08 35.2837
3.84652e+08 35.312
3.84652e+08 35.3404
3.84652e+08 35.3687
3.84652e+08 35.3969
3.84652e+08 35.4252
3.84652e+08 35.4534
4.04875e+08 35.4816
4.04875e+08 35.5098
4.04875e+08 35.538
4.04875e+08 35.5661
4.04975e+08 35.5942
4.04975e+08 35.6223
4.04975e+08 35.6504
4.04975e+08 35.6784
4.04975e+08 35.7065
4.04986e+08 35.7345
4.04986e+08 35.7625
4.04986e+08 35.7904
4.04986e+08 35.8184
4.04987e+08 35.8463
4.04998e+08 35.8742
4.04998e+08 35.902
4.04998e+08 35.9299
4.04998e+08 35.9577
4.05478e+08 35.9855
4.05512e+08 36.0133
4.05545e+08 36.0411
4.05545e+08 36.0688
4.05545e+08 36.0966
4.05568e+08 36.1243
4.05579e+08 36.152
4.05579e+08 36.1796
4.05579e+08 36.2073
4.05579e+08 36.2349
4.05579e+08 36.2625
4.05579e+08 36.2901
4.05579e+08 36.3176
4.05579e+08 36.3451
4.05579e+08 36.3727
4.05579e+08 36.4002
4.05579e+08 36.4276
4.26293e+08 36.4551
4.26349e+08 36.4825
4.26349e+08 36.5099
4.26372e+08 36.5373
4.26372e+08 36.5647
4.26405e+08 36.592
4.26416e+08 36.6194
4.26416e+08 36.6467
4.26416e+08 36.6739
4.26416e+08 36.7012
4.26427e+08 36.7285
4.26427e+08 36.7557
4.26427e+08 36.7829
4.2645e+08 36.8101
4.26461e+08 36.8372
4.26483e+08 36.8644
4.26483e+08 36.8915
4.26483e+08 36.9186
4.26863e+08 36.9457
4.26863e+08 36.9728
4.26863e+08 36.9998
4.26863e+08 37.0269
4.26908e+08 37.0539
4.26998e+08 37.0809
4.26998e+08 37.1078
4.27031e+08 37.1348
4.27031e+08 37.1617
4.27031e+08 37.1886
4.27031e+08 37.2155
4.27031e+08 37.2424
4.27031e+08 37.2692
4.27042e+08 37.296
4.27042e+08 37.3229
4.27065e+08 37.3497
4.27065e+08 37.3764
4.27065e+08 37.4032
4.48324e+08 37.4299
4.48335e+08 37.4566
4.48335e+08 37.4833
4.48335e+08 37.51
4.48335e+08 37.5367
4.48335e+08 37.5633
4.48335e+08 37.5899
4.48335e+08 37.6165
4.48335e+08 37.6431
4.48347e+08 37.6697
4.48347e+08 37.6962
4.48347e+08 37.7228
4.48347e+08 37.7493
4.48347e+08 37.7758
4.48347e+08 37.8022
4.48358e+08 37.8287
4.48358e+08 37.8551
4.48369e+08 37.8815
4.4866e+08 37.9079
4.48671e+08 37.9343
4.48671e+08 37.9607
4.48671e+08 37.987
4.48682e+08 38.0133
4.48693e+08 38.0397
4.48783e+08 38.0659
4.48783e+08 38.0922
4.48827e+08 38.1185
4.48839e+08 38.1447
4.48895e+08 38.1709
4.48939e+08 38.1971
4.48939e+08 38.2233
4.49029e+08 38.2495
4.49051e+08 38.2756
4.49096e+08 38.3017
4.49107e+08 38.3278
4.49107e+08 38.3539
4.49107e+08 38.38
4.70867e+08 38.406
4.70867e+08 38.4321
4.70867e+08 38.4581
4.70867e+08 38.4841
4.709e+08 38.5101
4.71001e+08 38.5361
4.71001e+08 38.562
4.71001e+08 38.5879
4.71001e+08 38.6139
4.71001e+08 38.6398
4.71001e+08 38.6656
4.71001e+08 38.6915
4.71001e+08 38.7173
4.71001e+08 38.7432
4.71001e+08 38.769
4.71001e+08 38.7948
4.71001e+08 38.8206
4.71001e+08 38.8463
4.71124e+08 38.8721
4.71147e+08 38.8978
4.71147e+08 38.9235
4.71147e+08 38.9492
4.71147e+08 38.9749
4.7118e+08 39.0005
4.71214e+08 39.0262
4.71348e+08 39.0518
4.71348e+08 39.0774
4.7146e+08 39.103
4.7146e+08 39.1285
4.7156e+08 39.1541
4.71627e+08 39.1796
4.71627e+08 39.2052
4.71661e+08 39.2307
4.71672e+08 39.2562
4.71728e+08 39.2816
4.7175e+08 39.3071
4.71773e+08 39.3325
4.71773e+08 39.358
4.94104e+08 39.3834
4.94137e+08 39.4088
4.94137e+08 39.4341
4.94137e+08 39.4595
4.94182e+08 39.4848
4.94238e+08 39.5102
4.94238e+08 39.5355
4.94249e+08 39.5608
4.9426e+08 39.586
4.9426e+08 39.6113
4.94272e+08 39.6366
4.94272e+08 39.6618
4.94316e+08 39.687
4.94316e+08 39.7122
4.94316e+08 39.7374
4.94339e+08 39.7625
4.94339e+08 39.7877
4.94339e+08 39.8128
4.94384e+08 39.8379
4.94384e+08 39.863
4.94451e+08 39.8881
4.94496e+08 39.9132
4.94518e+08 39.9382
4.94518e+08 39.9633
4.94518e+08 39.9883
4.94529e+08 40.0133
4.94574e+08 40.0383
4.94585e+08 40.0633
4.94585e+08 40.0882
4.94674e+08 40.1132
4.94797e+08 40.1381
4.94932e+08 40.163
4.94943e+08 40.1879
4.94988e+08 40.2128
4.95021e+08 40.2377
4.95055e+08 40.2625
4.95099e+08 40.2874
4.95111e+08 40.3122
4.95133e+08 40.337
5.17925e+08 40.3618
5.1797e+08 40.3866
5.17981e+08 40.4113
5.18004e+08 40.4361
5.18048e+08 40.4608
5.18071e+08 40.4855
5.18071e+08 40.5102
5.18071e+08 40.5349
5.18071e+08 40.5596
5.18071e+08 40.5842
5.18082e+08 40.6089
5.18082e+08 40.6335
5.18082e+08 40.6581
5.18082e+08 40.6827
5.18082e+08 40.7073
5.18104e+08 40.7318
5.18138e+08 40.7564
5.18138e+08 40.7809
5.1816e+08 40.8055
5.1816e+08 40.83
5.18362e+08 40.8545
5.18429e+08 40.8789
5.18429e+08 40.9034
5.18429e+08 40.9278
5.18429e+08 40.9523
5.18474e+08 40.9767
5.18474e+08 41.0011
5.18474e+08 41.0255
5.18485e+08 41.0499
5.18485e+08 41.0742
5.18496e+08 41.0986
5.18563e+08 41.1229
5.1872e+08 41.1472
5.18843e+08 41.1715
5.18854e+08 41.1958
5.18932e+08 41.2201
5.18988e+08 41.2443
5.18999e+08 41.2686
5.18999e+08 41.2928
5.19033e+08 41.317
5.42433e+08 41.3412
5.42433e+08 41.3654
5.42478e+08 41.3896
5.42489e+08 41.4138
5.42545e+08 41.4379
5.42545e+08 41.462
5.42545e+08 41.4862
5.42545e+08 41.5103
5.42545e+08 41.5344
5.42545e+08 41.5584
5.42545e+08 41.5825
5.42545e+08 41.6065
5.42545e+08 41.6306
5.42545e+08 41.6546
5.42545e+08 41.6786
5.42545e+08 41.7026
5.42556e+08 41.7266
5.42567e+08 41.7505
5.4259e+08 41.7745
5.42601e+08 41.7984
5.42813e+08 41.8224
5.42948e+08 41.8463
5.42948e+08 41.8702
5.42959e+08 41.8941
5.42959e+08 41.9179
5.42981e+08 41.9418
5.42981e+08 41.9656
5.42981e+08 41.9894
5.42981e+08 42.0133
5.42992e+08 42.0371
5.42992e+08 42.0609
5.42992e+08 42.0846
5.43026e+08 42.1084
5.43194e+08 42.1321
5.4335e+08 42.1559
5.43373e+08 42.1796
5.4344e+08 42.2033
5.43507e+08 42.227
5.43507e+08 42.2507
5.43507e+08 42.2743
5.43552e+08 42.298
5.674e+08 42.3216
5.674e+08 42.3453
5.67422e+08 42.3689
5.67489e+08 42.3925
5.67568e+08 42.4161
5.6759e+08 42.4397
5.67624e+08 42.4632
5.67624e+08 42.4868
5.67624e+08 42.5103
5.67624e+08 42.5338
5.67624e+08 42.5573
5.67624e+08 42.5808
5.67624e+08 42.6043
5.67624e+08 42.6278
5.67624e+08 42.6513
5.67624e+08 42.6747
5.67624e+08 42.6981
5.67624e+08 42.7216
5.67624e+08 42.745
5.67624e+08 42.7684
5.67814e+08 42.7917
5.67948e+08 42.8151
5.67948e+08 42.8385
5.67959e+08 42.8618
5.67959e+08 42.8851
5.67982e+08 42.9085
5.67982e+08 42.9318
5.67993e+08 42.9551
5.68026e+08 42.9783
5.68038e+08 43.0016
5.68049e+08 43.0249
5.68049e+08 43.0481
5.68049e+08 43.0713
5.68049e+08 43.0945
5.68049e+08 43.1178
5.68284e+08 43.1409
5.68306e+08 43.1641
5.68496e+08 43.1873
5.6872e+08 43.2104
5.68776e+08 43.2336
5.68798e+08 43.2567
5.68932e+08 43.2798
5.93066e+08 43.3029
5.93066e+08 43.326
5.93111e+08 43.3491
5.93144e+08 43.3722
5.932e+08 43.3952
5.932e+08 43.4183
5.93222e+08 43.4413
5.93222e+08 43.4643
5.93245e+08 43.4873
5.93256e+08 43.5103
5.93256e+08 43.5333
5.93278e+08 43.5563
5.93278e+08 43.5792
5.9329e+08 43.6022
5.9329e+08 43.6251
5.9329e+08 43.6481
5.9329e+08 43.671
5.9329e+08 43.6939
5.9329e+08 43.7167
5.9329e+08 43.7396
5.93446e+08 43.7625
5.93547e+08 43.7853
5.93569e+08 43.8082
5.93569e+08 43.831
5.93614e+08 43.8538
5.93636e+08 43.8766
5.93659e+08 43.8994
5.93692e+08 43.9222
5.93692e+08 43.945
5.93703e+08 43.9677
5.93703e+08 43.9905
5.93703e+08 44.0132
5.93703e+08 44.0359
5.93703e+08 44.0586
5.93704e+08 44.0813
5.93704e+08 44.104
5.93849e+08 44.1267
5.93927e+08 44.1493
5.9405e+08 44.172
5.94408e+08 44.1946
5.94531e+08 44.2173
5.94531e+08 44.2399
5.94688e+08 44.2625
6.17112e+08 44.2851
6.17134e+08 44.3076
6.17134e+08 44.3302
6.17168e+08 44.3528
6.17214e+08 44.3753
6.17214e+08 44.3979
6.17225e+08 44.4204
6.17247e+08 44.4429
6.17247e+08 44.4654
6.17258e+08 44.4879
6.1727e+08 44.5104
6.17348e+08 44.5328
6.17348e+08 44.5553
6.1735e+08 44.5777
6.1735e+08 44.6002
6.1735e+08 44.6226
6.1735e+08 44.645
6.17361e+08 44.6674
6.17394e+08 44.6898
6.17405e+08 44.7122
6.17417e+08 44.7345
6.17473e+08 44.7569
6.17473e+08 44.7792
6.17473e+08 44.8015
6.17485e+08 44.8239
6.17485e+08 44.8462
6.17496e+08 44.8685
6.17496e+08 44.8908
6.17507e+08 44.913
6.17563e+08 44.9353
6.17597e+08 44.9576
6.17597e+08 44.9798
6.17597e+08 45.002
6.17597e+08 45.0243
6.17598e+08 45.0465
6.17632e+08 45.0687
6.17793e+08 45.0909
6.18162e+08 45.113
6.18258e+08 45.1352
6.18717e+08 45.1574
6.19179e+08 45.1795
6.19302e+08 45.2016
6.19335e+08 45.2238
6.19746e+08 45.2459
6.26555e+08 45.268
6.26588e+08 45.2901
6.26644e+08 45.3121
