4.17836e+06 2
8.27252e+06 2.5
8.27253e+06 2.9
9.76839e+06 3.24483
9.7684e+06 3.55301
1.1412e+07 3.83446
1.1412e+07 4.09525
1.1412e+07 4.33944
1.42559e+07 4.56988
1.43007e+07 4.78871
1.43118e+07 4.99753
1.43454e+07 5.19763
1.71584e+07 5.39003
1.72032e+07 5.57555
1.72144e+07 5.75491
1.72368e+07 5.92867
1.72368e+07 6.09735
2.07202e+07 6.26135
2.07202e+07 6.42106
2.09773e+07 6.5768
2.11337e+07 6.72885
2.11561e+07 6.87746
2.11561e+07 7.02286
2.48018e+07 7.16526
2.48018e+07 7.30482
2.51259e+07 7.44171
2.54277e+07 7.57609
2.54277e+07 7.70809
2.54277e+07 7.83782
2.54278e+07 7.96541
2.90055e+07 8.09095
2.90055e+07 8.21454
2.93185e+07 8.33628
2.95197e+07 8.45624
2.95644e+07 8.57449
2.96203e+07 8.69112
2.98438e+07 8.80618
3.41451e+07 8.91974
3.41451e+07 9.03185
3.41451e+07 9.14257
3.43798e+07 9.25194
3.43799e+07 9.36003
3.43799e+07 9.46687
3.44805e+07 9.5725
3.48046e+07 9.67696
4.00381e+07 9.7803
4.00382e+07 9.88255
4.00717e+07 9.98374
4.00941e+07 10.0839
4.01388e+07 10.1831
4.015e+07 10.2813
4.015e+07 10.3785
4.02953e+07 10.4749
4.05747e+07 10.5704
4.61112e+07 10.665
4.61112e+07 10.7587
4.61671e+07 10.8517
4.62007e+07 10.9438
4.62007e+07 11.0352
4.62007e+07 11.1258
4.62119e+07 11.2157
4.62343e+07 11.3049
4.6279e+07 11.3933
4.64913e+07 11.4811
5.31931e+07 11.5682
5.32042e+07 11.6546
5.33272e+07 11.7404
5.34613e+07 11.8256
5.34613e+07 11.9102
5.34613e+07 11.9941
5.34614e+07 12.0775
5.34725e+07 12.1603
5.34837e+07 12.2425
5.35061e+07 12.3242
5.35061e+07 12.4054
6.04127e+07 12.486
6.04127e+07 12.5661
6.04352e+07 12.6456
6.04464e+07 12.7247
6.04464e+07 12.8033
6.04464e+07 12.8814
6.04464e+07 12.959
6.04464e+07 13.0362
6.04464e+07 13.1129
6.04464e+07 13.1892
6.05135e+07 13.265
6.05135e+07 13.3404
6.886e+07 13.4153
6.88601e+07 13.4899
6.89159e+07 13.564
6.89159e+07 13.6377
6.8916e+07 13.7111
6.8916e+07 13.784
6.89495e+07 13.8566
6.89495e+07 13.9287
6.89495e+07 14.0005
6.89495e+07 14.0719
6.89495e+07 14.143
6.89719e+07 14.2137
6.89719e+07 14.2841
7.73211e+07 14.3541
7.73323e+07 14.4237
7.73323e+07 14.4931
7.73323e+07 14.5621
7.73323e+07 14.6307
7.73324e+07 14.6991
7.73324e+07 14.7671
7.73324e+07 14.8348
7.73324e+07 14.9022
7.73324e+07 14.9694
7.73324e+07 15.0362
7.73324e+07 15.1027
7.73324e+07 15.1689
7.73324e+07 15.2348
8.70513e+07 15.3004
8.71743e+07 15.3658
8.71855e+07 15.4309
8.71855e+07 15.4957
8.71855e+07 15.5602
8.72414e+07 15.6245
8.72414e+07 15.6885
8.72414e+07 15.7522
8.72414e+07 15.8157
8.72414e+07 15.8789
8.72414e+07 15.9419
8.72414e+07 16.0046
8.72414e+07 16.0671
8.72415e+07 16.1294
8.72415e+07 16.1914
9.67915e+07 16.2531
9.69257e+07 16.3146
9.6948e+07 16.3759
9.69592e+07 16.437
9.69704e+07 16.4978
9.69928e+07 16.5585
9.7004e+07 16.6189
9.7004e+07 16.679
9.70151e+07 16.739
9.70263e+07 16.7987
9.70599e+07 16.8582
9.70599e+07 16.9176
9.70599e+07 16.9767
9.70599e+07 17.0356
9.70599e+07 17.0943
9.70599e+07 17.1528
1.07913e+08 17.2111
1.0807e+08 17.2692
1.0807e+08 17.3271
1.08081e+08 17.3848
1.08081e+08 17.4423
1.08081e+08 17.4997
1.08081e+08 17.5568
1.08081e+08 17.6138
1.08081e+08 17.6705
1.08081e+08 17.7271
1.08137e+08 17.7835
1.08137e+08 17.8398
1.08137e+08 17.8958
1.08137e+08 17.9517
1.08137e+08 18.0074
1.08148e+08 18.0629
1.08148e+08 18.1183
1.18989e+08 18.1735
1.19056e+08 18.2285
1.19056e+08 18.2834
1.19068e+08 18.3381
1.19068e+08 18.3926
1.19068e+08 18.447
1.19079e+08 18.5012
1.19079e+08 18.5552
1.19079e+08 18.6091
1.19079e+08 18.6629
1.1909e+08 18.7164
1.1909e+08 18.7699
1.1909e+08 18.8231
1.1909e+08 18.8763
1.1909e+08 18.9293
1.1909e+08 18.9821
1.19112e+08 19.0348
1.19112e+08 19.0873
1.31073e+08 19.1397
1.31185e+08 19.1919
1.31185e+08 19.244
1.31185e+08 19.296
1.31185e+08 19.3478
1.31185e+08 19.3995
1.31185e+08 19.4511
1.31185e+08 19.5025
1.31185e+08 19.5537
1.31185e+08 19.6049
1.31196e+08 19.6559
1.31207e+08 19.7068
1.31207e+08 19.7575
1.31207e+08 19.8081
1.31207e+08 19.8586
1.31207e+08 19.909
1.31207e+08 19.9592
1.31207e+08 20.0093
1.31218e+08 20.0593
1.4324e+08 20.1091
1.43296e+08 20.1589
1.43296e+08 20.2085
1.43296e+08 20.2579
1.43296e+08 20.3073
1.43296e+08 20.3566
1.43296e+08 20.4057
1.43296e+08 20.4547
1.43296e+08 20.5036
1.43308e+08 20.5523
1.43308e+08 20.601
1.43319e+08 20.6495
1.43319e+08 20.698
1.43319e+08 20.7463
1.43319e+08 20.7945
1.43319e+08 20.8426
1.43352e+08 20.8906
1.43352e+08 20.9384
1.43352e+08 20.9862
1.43375e+08 21.0338
1.56248e+08 21.0814
1.56304e+08 21.1288
1.56304e+08 21.1761
1.56327e+08 21.2234
1.56349e+08 21.2705
1.56349e+08 21.3175
1.56349e+08 21.3644
1.56349e+08 21.4112
1.56349e+08 21.4579
1.56349e+08 21.5045
1.56349e+08 21.551
1.5636e+08 21.5974
1.5636e+08 21.6437
1.5636e+08 21.6899
1.5636e+08 21.736
1.5636e+08 21.782
1.5636e+08 21.8279
1.5636e+08 21.8738
1.5636e+08 21.9195
1.56372e+08 21.9651
1.56394e+08 22.0106
1.69575e+08 22.0561
1.69642e+08 22.1014
1.69642e+08 22.1466
1.69654e+08 22.1918
1.69654e+08 22.2369
1.69676e+08 22.2818
1.69687e+08 22.3267
1.69687e+08 22.3715
1.69687e+08 22.4162
1.69687e+08 22.4608
1.6971e+08 22.5053
1.6971e+08 22.5498
1.6971e+08 22.5941
1.6971e+08 22.6384
1.6971e+08 22.6825
1.69743e+08 22.7266
1.69754e+08 22.7706
1.69777e+08 22.8145
1.69799e+08 22.8584
1.69799e+08 22.9021
1.6981e+08 22.9458
1.69821e+08 22.9894
1.8277e+08 23.0329
1.82815e+08 23.0763
1.82815e+08 23.1196
1.82815e+08 23.1629
1.82837e+08 23.206
1.82849e+08 23.2491
1.82849e+08 23.2921
1.82871e+08 23.3351
1.82871e+08 23.3779
1.82882e+08 23.4207
1.82882e+08 23.4634
1.82882e+08 23.506
1.82882e+08 23.5486
1.82882e+08 23.591
1.82882e+08 23.6334
1.82882e+08 23.6757
1.82893e+08 23.718
1.82893e+08 23.7601
1.82893e+08 23.8022
1.82893e+08 23.8442
1.82893e+08 23.8862
1.82893e+08 23.928
1.96627e+08 23.9698
1.96627e+08 24.0116
1.96728e+08 24.0532
1.96739e+08 24.0948
1.96739e+08 24.1363
1.96739e+08 24.1777
1.96739e+08 24.2191
1.96762e+08 24.2604
1.96762e+08 24.3016
1.96762e+08 24.3427
1.96784e+08 24.3838
1.96806e+08 24.4248
1.96885e+08 24.4658
1.96974e+08 24.5066
1.96974e+08 24.5474
1.97008e+08 24.5882
1.9703e+08 24.6288
1.97119e+08 24.6694
1.97119e+08 24.71
1.97119e+08 24.7505
1.97119e+08 24.7909
1.97119e+08 24.8312
1.97119e+08 24.8715
2.11291e+08 24.9117
2.11291e+08 24.9518
2.11291e+08 24.9919
2.11303e+08 25.0319
2.11303e+08 25.0719
2.11303e+08 25.1117
2.11303e+08 25.1516
2.11325e+08 25.1913
2.11325e+08 25.231
2.11325e+08 25.2707
2.11325e+08 25.3102
2.11325e+08 25.3497
2.11325e+08 25.3892
2.11325e+08 25.4286
2.11414e+08 25.4679
2.11426e+08 25.5072
2.11448e+08 25.5464
2.11448e+08 25.5855
2.1166e+08 25.6246
2.11672e+08 25.6636
2.11672e+08 25.7026
2.11672e+08 25.7415
2.11672e+08 25.7803
2.11705e+08 25.8191
2.26388e+08 25.8579
2.26388e+08 25.8965
2.26388e+08 25.9351
2.26388e+08 25.9737
2.26388e+08 26.0122
2.26433e+08 26.0506
2.26433e+08 26.089
2.26444e+08 26.1274
2.26489e+08 26.1656
2.26489e+08 26.2039
2.26489e+08 26.242
2.26489e+08 26.2801
2.26489e+08 26.3182
2.26489e+08 26.3562
2.26489e+08 26.3941
2.26579e+08 26.432
2.26579e+08 26.4698
2.26646e+08 26.5076
2.26679e+08 26.5453
2.26836e+08 26.583
2.26892e+08 26.6206
2.26892e+08 26.6582
2.26892e+08 26.6957
2.26892e+08 26.7332
2.26903e+08 26.7706
2.4212e+08 26.8079
2.42131e+08 26.8452
2.42131e+08 26.8825
2.42153e+08 26.9197
2.42175e+08 26.9568
2.42175e+08 26.9939
2.42175e+08 27.031
2.42209e+08 27.068
2.4222e+08 27.1049
2.42243e+08 27.1418
2.42265e+08 27.1786
2.42265e+08 27.2154
2.42287e+08 27.2522
2.42287e+08 27.2889
2.42321e+08 27.3255
2.42321e+08 27.3621
2.42422e+08 27.3987
2.42433e+08 27.4352
2.42533e+08 27.4716
2.42601e+08 27.508
2.42623e+08 27.5444
2.42645e+08 27.5807
2.42656e+08 27.6169
2.42656e+08 27.6531
2.42657e+08 27.6893
2.42657e+08 27.7254
2.58525e+08 27.7615
2.58525e+08 27.7975
2.58525e+08 27.8335
2.58536e+08 27.8694
2.58581e+08 27.9053
2.58581e+08 27.9411
2.58614e+08 27.9769
2.58614e+08 28.0127
2.58615e+08 28.0484
2.58682e+08 28.084
2.58682e+08 28.1196
2.58726e+08 28.1552
2.5876e+08 28.1907
2.58793e+08 28.2262
2.58794e+08 28.2616
2.58794e+08 28.297
2.58794e+08 28.3323
2.58849e+08 28.3676
2.58861e+08 28.4029
2.58995e+08 28.4381
2.59028e+08 28.4732
2.59028e+08 28.5084
2.59073e+08 28.5434
2.59073e+08 28.5785
2.59084e+08 28.6135
2.59084e+08 28.6484
2.59084e+08 28.6833
2.75646e+08 28.7182
2.7568e+08 28.753
2.7568e+08 28.7878
2.7568e+08 28.8225
2.75691e+08 28.8572
2.75691e+08 28.8919
2.75691e+08 28.9265
2.75702e+08 28.961
2.75702e+08 28.9956
2.75702e+08 29.0301
2.75713e+08 29.0645
2.75713e+08 29.0989
2.75769e+08 29.1333
2.75769e+08 29.1676
2.75803e+08 29.2019
2.75803e+08 29.2361
2.75803e+08 29.2703
2.75848e+08 29.3045
2.75848e+08 29.3386
2.75915e+08 29.3727
2.75993e+08 29.4068
2.76027e+08 29.4408
2.76027e+08 29.4747
2.76049e+08 29.5087
2.76049e+08 29.5425
2.76049e+08 29.5764
2.76049e+08 29.6102
2.76049e+08 29.644
2.93326e+08 29.6777
2.93349e+08 29.7114
2.93349e+08 29.7451
2.9336e+08 29.7787
2.9336e+08 29.8123
2.93405e+08 29.8458
2.93405e+08 29.8793
2.93416e+08 29.9128
2.93438e+08 29.9462
2.9345e+08 29.9796
2.9345e+08 30.013
2.9345e+08 30.0463
2.9345e+08 30.0796
2.93494e+08 30.1128
2.93494e+08 30.146
2.93517e+08 30.1792
2.93517e+08 30.2123
2.93517e+08 30.2454
2.93584e+08 30.2785
2.93584e+08 30.3115
2.93651e+08 30.3445
2.93674e+08 30.3775
2.93707e+08 30.4104
2.93707e+08 30.4433
2.93707e+08 30.4761
2.93707e+08 30.5089
2.93718e+08 30.5417
2.93718e+08 30.5744
2.93718e+08 30.6071
3.11535e+08 30.6398
3.11535e+08 30.6725
3.11558e+08 30.7051
3.11558e+08 30.7376
3.11558e+08 30.7702
3.11603e+08 30.8027
3.11603e+08 30.8351
3.11603e+08 30.8676
3.11614e+08 30.9
3.11625e+08 30.9323
3.11625e+08 30.9646
3.11625e+08 30.9969
3.11647e+08 31.0292
3.11659e+08 31.0614
3.11692e+08 31.0936
3.11692e+08 31.1258
3.11692e+08 31.1579
3.11759e+08 31.19
3.11759e+08 31.2221
3.11916e+08 31.2541
3.11927e+08 31.2861
3.11949e+08 31.3181
3.11983e+08 31.35
3.12017e+08 31.3819
3.12017e+08 31.4137
3.12017e+08 31.4456
3.12017e+08 31.4774
3.12017e+08 31.5092
3.12017e+08 31.5409
3.12017e+08 31.5726
3.30524e+08 31.6043
3.30524e+08 31.6359
3.30535e+08 31.6675
3.30535e+08 31.6991
3.30535e+08 31.7306
3.30558e+08 31.7622
3.30558e+08 31.7936
3.30569e+08 31.8251
3.30569e+08 31.8565
3.30569e+08 31.8879
3.3058e+08 31.9193
3.30591e+08 31.9506
3.30614e+08 31.9819
3.30636e+08 32.0132
3.30636e+08 32.0444
3.30659e+08 32.0756
3.3067e+08 32.1068
3.3067e+08 32.1379
3.30726e+08 32.169
3.30726e+08 32.2001
3.30748e+08 32.2312
3.30793e+08 32.2622
3.30793e+08 32.2932
3.30838e+08 32.3242
3.30838e+08 32.3551
3.30838e+08 32.386
3.30938e+08 32.4169
3.30961e+08 32.4477
3.31005e+08 32.4786
3.31005e+08 32.5094
3.31005e+08 32.5401
3.49974e+08 32.5708
3.49974e+08 32.6015
3.49974e+08 32.6322
3.49974e+08 32.6629
3.49974e+08 32.6935
3.49985e+08 32.7241
3.49985e+08 32.7546
3.49985e+08 32.7852
3.5003e+08 32.8157
3.50041e+08 32.8461
3.50041e+08 32.8766
3.50063e+08 32.907
3.50063e+08 32.9374
3.50074e+08 32.9677
3.50074e+08 32.9981
3.50086e+08 33.0284
3.50086e+08 33.0587
3.50086e+08 33.0889
3.50086e+08 33.1191
3.50119e+08 33.1493
3.50142e+08 33.1795
3.50175e+08 33.2096
3.50186e+08 33.2397
3.50209e+08 33.2698
3.50209e+08 33.2999
3.5022e+08 33.3299
3.5022e+08 33.3599
3.50332e+08 33.3899
3.50332e+08 33.4198
3.50332e+08 33.4498
3.50332e+08 33.4797
3.50354e+08 33.5095
3.69998e+08 33.5394
3.69998e+08 33.5692
3.69998e+08 33.599
3.69998e+08 33.6287
3.69998e+08 33.6585
3.70076e+08 33.6882
3.70087e+08 33.7179
3.70087e+08 33.7475
3.7011e+08 33.7772
3.7011e+08 33.8068
3.7011e+08 33.8363
3.70121e+08 33.8659
3.70121e+08 33.8954
3.70121e+08 33.9249
3.70132e+08 33.9544
3.70132e+08 33.9839
3.70132e+08 34.0133
3.70132e+08 34.0427
3.70132e+08 34.0721
3.70143e+08 34.1014
3.7021e+08 34.1307
3.7021e+08 34.16
3.7021e+08 34.1893
3.7021e+08 34.2185
3.70222e+08 34.2478
3.70244e+08 34.277
3.70244e+08 34.3061
3.70244e+08 34.3353
3.70389e+08 34.3644
3.70389e+08 34.3935
3.70423e+08 34.4226
3.70445e+08 34.4516
3.70501e+08 34.4807
3.90512e+08 34.5097
3.90512e+08 34.5387
3.90512e+08 34.5676
3.90512e+08 34.5965
3.90523e+08 34.6254
3.9059e+08 34.6543
3.90601e+08 34.6832
3.90646e+08 34.712
3.90646e+08 34.7408
3.90646e+08 34.7696
3.90646e+08 34.7984
3.90657e+08 34.8271
3.90668e+08 34.8558
3.90668e+08 34.8845
3.9068e+08 34.9132
3.9068e+08 34.9418
3.9068e+08 34.9704
3.9068e+08 34.999
3.9068e+08 35.0276
3.9068e+08 35.0561
3.9068e+08 35.0847
3.90713e+08 35.1132
3.90724e+08 35.1417
3.90724e+08 35.1701
3.90725e+08 35.1985
3.90725e+08 35.227
3.90836e+08 35.2553
3.9087e+08 35.2837
3.90903e+08 35.312
3.90982e+08 35.3404
3.90982e+08 35.3687
3.90993e+08 35.3969
3.90993e+08 35.4252
3.91027e+08 35.4534
4.11593e+08 35.4816
4.11593e+08 35.5098
4.11593e+08 35.538
4.11605e+08 35.5661
4.11605e+08 35.5942
4.11672e+08 35.6223
4.11683e+08 35.6504
4.11716e+08 35.6784
4.11716e+08 35.7065
4.11728e+08 35.7345
4.11728e+08 35.7625
4.11739e+08 35.7904
4.11761e+08 35.8184
4.11761e+08 35.8463
4.11772e+08 35.8742
4.11772e+08 35.902
4.11772e+08 35.9299
4.11772e+08 35.9577
4.11772e+08 35.9855
4.11772e+08 36.0133
4.11772e+08 36.0411
4.11772e+08 36.0688
4.11795e+08 36.0966
4.11806e+08 36.1243
4.1184e+08 36.152
4.1184e+08 36.1796
4.11862e+08 36.2073
4.11985e+08 36.2349
4.12019e+08 36.2625
4.12041e+08 36.2901
4.12075e+08 36.3176
4.12075e+08 36.3451
4.12075e+08 36.3727
4.12097e+08 36.4002
4.12164e+08 36.4276
4.33127e+08 36.4551
4.33127e+08 36.4825
4.33127e+08 36.5099
4.33138e+08 36.5373
4.33138e+08 36.5647
4.33217e+08 36.592
4.33217e+08 36.6194
4.3325e+08 36.6467
4.3325e+08 36.6739
4.33261e+08 36.7012
4.33272e+08 36.7285
4.33306e+08 36.7557
4.33306e+08 36.7829
4.33328e+08 36.8101
4.33328e+08 36.8372
4.33328e+08 36.8644
4.3334e+08 36.8915
4.3334e+08 36.9186
4.3334e+08 36.9457
4.3334e+08 36.9728
4.33351e+08 36.9998
4.33351e+08 37.0269
4.33351e+08 37.0539
4.33407e+08 37.0809
4.33407e+08 37.1078
4.3344e+08 37.1348
4.3344e+08 37.1617
4.33541e+08 37.1886
4.33586e+08 37.2155
4.33642e+08 37.2424
4.33653e+08 37.2692
4.33675e+08 37.296
4.33675e+08 37.3229
4.33675e+08 37.3497
4.33687e+08 37.3764
4.33687e+08 37.4032
4.55273e+08 37.4299
4.55273e+08 37.4566
4.55351e+08 37.4833
4.55362e+08 37.51
4.55385e+08 37.5367
4.55452e+08 37.5633
4.55452e+08 37.5899
4.55463e+08 37.6165
4.55463e+08 37.6431
4.55463e+08 37.6697
4.55474e+08 37.6962
4.55508e+08 37.7228
4.55519e+08 37.7493
4.5553e+08 37.7758
4.5553e+08 37.8022
4.55552e+08 37.8287
4.55552e+08 37.8551
4.55552e+08 37.8815
4.55552e+08 37.9079
4.55552e+08 37.9343
4.55553e+08 37.9607
4.55564e+08 37.987
4.55575e+08 38.0133
4.55575e+08 38.0397
4.5562e+08 38.0659
4.55631e+08 38.0922
4.55631e+08 38.1185
4.55631e+08 38.1447
4.55664e+08 38.1709
4.55743e+08 38.1971
4.55855e+08 38.2233
4.55899e+08 38.2495
4.55911e+08 38.2756
4.55911e+08 38.3017
4.55922e+08 38.3278
4.55944e+08 38.3539
4.55944e+08 38.38
4.78165e+08 38.406
4.78165e+08 38.4321
4.78165e+08 38.4581
4.78187e+08 38.4841
4.78187e+08 38.5101
4.78243e+08 38.5361
4.78243e+08 38.562
4.78254e+08 38.5879
4.78254e+08 38.6139
4.78254e+08 38.6398
4.78254e+08 38.6656
4.78265e+08 38.6915
4.78299e+08 38.7173
4.78321e+08 38.7432
4.78332e+08 38.769
4.78332e+08 38.7948
4.78332e+08 38.8206
4.78332e+08 38.8463
4.78332e+08 38.8721
4.78332e+08 38.8978
4.78332e+08 38.9235
4.78366e+08 38.9492
4.78399e+08 38.9749
4.78399e+08 39.0005
4.78399e+08 39.0262
4.78455e+08 39.0518
4.78455e+08 39.0774
4.78455e+08 39.103
4.78455e+08 39.1285
4.78489e+08 39.1541
4.78489e+08 39.1796
4.78612e+08 39.2052
4.7869e+08 39.2307
4.7869e+08 39.2562
4.7869e+08 39.2816
4.7869e+08 39.3071
4.7878e+08 39.3325
4.7878e+08 39.358
5.01494e+08 39.3834
5.01494e+08 39.4088
5.01494e+08 39.4341
5.01494e+08 39.4595
5.01494e+08 39.4848
5.01494e+08 39.5102
5.01494e+08 39.5355
5.01494e+08 39.5608
5.01494e+08 39.586
5.01494e+08 39.6113
5.01494e+08 39.6366
5.01494e+08 39.6618
5.01494e+08 39.687
5.01494e+08 39.7122
5.01539e+08 39.7374
5.01539e+08 39.7625
5.01539e+08 39.7877
5.01539e+08 39.8128
5.01539e+08 39.8379
5.0155e+08 39.863
5.0155e+08 39.8881
5.0155e+08 39.9132
5.0155e+08 39.9382
5.0155e+08 39.9633
5.01572e+08 39.9883
5.01572e+08 40.0133
5.01595e+08 40.0383
5.01595e+08 40.0633
5.01595e+08 40.0882
5.01595e+08 40.1132
5.0174e+08 40.1381
5.01785e+08 40.163
5.01919e+08 40.1879
5.01986e+08 40.2128
5.0202e+08 40.2377
5.02042e+08 40.2625
5.02042e+08 40.2874
5.02143e+08 40.3122
5.02165e+08 40.337
5.25429e+08 40.3618
5.25429e+08 40.3866
5.25429e+08 40.4113
5.25429e+08 40.4361
5.25429e+08 40.4608
5.25429e+08 40.4855
5.25429e+08 40.5102
5.25429e+08 40.5349
5.25429e+08 40.5596
5.25429e+08 40.5842
5.25429e+08 40.6089
5.25429e+08 40.6335
5.25429e+08 40.6581
5.2544e+08 40.6827
5.2544e+08 40.7073
5.2544e+08 40.7318
5.2544e+08 40.7564
5.2544e+08 40.7809
5.2544e+08 40.8055
5.2544e+08 40.83
5.2544e+08 40.8545
5.2544e+08 40.8789
5.25441e+08 40.9034
5.25441e+08 40.9278
5.25441e+08 40.9523
5.25441e+08 40.9767
5.25441e+08 41.0011
5.25441e+08 41.0255
5.25441e+08 41.0499
5.25463e+08 41.0742
5.25463e+08 41.0986
5.2553e+08 41.1229
5.25564e+08 41.1472
5.25664e+08 41.1715
5.25843e+08 41.1958
5.25866e+08 41.2201
5.25866e+08 41.2443
5.25888e+08 41.2686
5.26089e+08 41.2928
5.26123e+08 41.317
5.49905e+08 41.3412
5.49905e+08 41.3654
5.49905e+08 41.3896
5.49905e+08 41.4138
5.49905e+08 41.4379
5.49905e+08 41.462
5.49905e+08 41.4862
5.49905e+08 41.5103
5.49905e+08 41.5344
5.49905e+08 41.5584
5.49905e+08 41.5825
5.49905e+08 41.6065
5.49905e+08 41.6306
5.49905e+08 41.6546
5.49905e+08 41.6786
5.49905e+08 41.7026
5.49905e+08 41.7266
5.49905e+08 41.7505
5.49916e+08 41.7745
5.49916e+08 41.7984
5.49928e+08 41.8224
5.49928e+08 41.8463
5.49939e+08 41.8702
5.49939e+08 41.8941
5.49939e+08 41.9179
5.49939e+08 41.9418
5.49939e+08 41.9656
5.49939e+08 41.9894
5.49939e+08 42.0133
5.4995e+08 42.0371
5.49972e+08 42.0609
5.49972e+08 42.0846
5.50006e+08 42.1084
5.50051e+08 42.1321
5.50062e+08 42.1559
5.50073e+08 42.1796
5.50096e+08 42.2033
5.50096e+08 42.227
5.50185e+08 42.2507
5.50319e+08 42.2743
5.5033e+08 42.298
5.74865e+08 42.3216
5.74865e+08 42.3453
5.74865e+08 42.3689
5.74865e+08 42.3925
5.74876e+08 42.4161
5.74876e+08 42.4397
5.74876e+08 42.4632
5.74876e+08 42.4868
5.74876e+08 42.5103
5.74876e+08 42.5338
5.74899e+08 42.5573
5.74899e+08 42.5808
5.74899e+08 42.6043
5.7491e+08 42.6278
5.7491e+08 42.6513
5.7491e+08 42.6747
5.7491e+08 42.6981
5.7491e+08 42.7216
5.7491e+08 42.745
5.7491e+08 42.7684
5.74921e+08 42.7917
5.74921e+08 42.8151
5.74921e+08 42.8385
5.74921e+08 42.8618
5.74921e+08 42.8851
5.74921e+08 42.9085
5.74921e+08 42.9318
5.74921e+08 42.9551
5.74921e+08 42.9783
5.74921e+08 43.0016
5.74944e+08 43.0249
5.74944e+08 43.0481
5.74944e+08 43.0713
5.74966e+08 43.0945
5.74989e+08 43.1178
5.74989e+08 43.1409
5.74989e+08 43.1641
5.74989e+08 43.1873
5.74989e+08 43.2104
5.74989e+08 43.2336
5.75067e+08 43.2567
5.75089e+08 43.2798
6.00206e+08 43.3029
6.00206e+08 43.326
6.00262e+08 43.3491
6.00262e+08 43.3722
6.00274e+08 43.3952
6.00274e+08 43.4183
6.00274e+08 43.4413
6.00274e+08 43.4643
6.00274e+08 43.4873
6.00274e+08 43.5103
6.00318e+08 43.5333
6.00318e+08 43.5563
6.00318e+08 43.5792
6.00341e+08 43.6022
6.00341e+08 43.6251
6.00341e+08 43.6481
6.00341e+08 43.671
6.00341e+08 43.6939
6.00341e+08 43.7167
6.00341e+08 43.7396
6.00374e+08 43.7625
6.00374e+08 43.7853
6.00374e+08 43.8082
6.00386e+08 43.831
6.00386e+08 43.8538
6.00386e+08 43.8766
6.00386e+08 43.8994
6.00386e+08 43.9222
6.00386e+08 43.945
6.00386e+08 43.9677
6.00386e+08 43.9905
6.00386e+08 44.0132
6.00386e+08 44.0359
6.00386e+08 44.0586
6.00386e+08 44.0813
6.00386e+08 44.104
6.00386e+08 44.1267
6.00397e+08 44.1493
6.00397e+08 44.172
6.00397e+08 44.1946
6.00397e+08 44.2173
6.00408e+08 44.2399
6.00408e+08 44.2625
6.25703e+08 44.2851
6.25715e+08 44.3076
6.25715e+08 44.3302
6.25715e+08 44.3528
6.25715e+08 44.3753
6.25715e+08 44.3979
6.25715e+08 44.4204
6.25715e+08 44.4429
6.25726e+08 44.4654
6.25726e+08 44.4879
6.25793e+08 44.5104
6.25793e+08 44.5328
6.25793e+08 44.5553
6.25815e+08 44.5777
6.25815e+08 44.6002
6.25815e+08 44.6226
6.25815e+08 44.645
6.25815e+08 44.6674
6.25815e+08 44.6898
6.25815e+08 44.7122
6.25871e+08 44.7345
6.25871e+08 44.7569
6.25871e+08 44.7792
6.25894e+08 44.8015
6.25894e+08 44.8239
6.25894e+08 44.8462
6.25894e+08 44.8685
6.25894e+08 44.8908
6.25905e+08 44.913
6.25905e+08 44.9353
6.25905e+08 44.9576
6.25905e+08 44.9798
6.25905e+08 45.002
6.25905e+08 45.0243
6.25905e+08 45.0465
6.25905e+08 45.0687
6.25905e+08 45.0909
6.2595e+08 45.113
6.2595e+08 45.1352
6.2595e+08 45.1574
6.2595e+08 45.1795
6.2595e+08 45.2016
6.2595e+08 45.2238
6.2595e+08 45.2459
6.3201e+08 45.268
6.3201e+08 45.2901
6.3201e+08 45.3121
