4.80315e+06 2
8.39312e+06 2.5
8.39312e+06 2.9
1.00736e+07 3.24483
1.00736e+07 3.55301
1.20249e+07 3.83446
1.20249e+07 4.09525
1.20249e+07 4.33944
1.51106e+07 4.56988
1.51218e+07 4.78871
1.51442e+07 4.99753
1.5189e+07 5.19763
1.81098e+07 5.39003
1.81099e+07 5.57555
1.81435e+07 5.75491
1.81771e+07 5.92867
1.81995e+07 6.09735
2.21242e+07 6.26135
2.21242e+07 6.42106
2.22362e+07 6.5768
2.23033e+07 6.72885
2.23033e+07 6.87746
2.23256e+07 7.02286
2.62874e+07 7.16526
2.62874e+07 7.30482
2.63883e+07 7.44171
2.64777e+07 7.57609
2.65001e+07 7.70809
2.65672e+07 7.83782
2.65672e+07 7.96541
3.04365e+07 8.09095
3.04477e+07 8.21454
3.05485e+07 8.33628
3.05709e+07 8.45624
3.07274e+07 8.57449
3.07274e+07 8.69112
3.0761e+07 8.80618
3.50104e+07 8.91974
3.50104e+07 9.03185
3.50104e+07 9.14257
3.55024e+07 9.25194
3.55248e+07 9.36003
3.5592e+07 9.46687
3.5592e+07 9.5725
3.56033e+07 9.67696
4.06782e+07 9.7803
4.07229e+07 9.88255
4.07229e+07 9.98374
4.07229e+07 10.0839
4.08795e+07 10.1831
4.08795e+07 10.2813
4.10026e+07 10.3785
4.10026e+07 10.4749
4.11032e+07 10.5704
4.67429e+07 10.665
4.67429e+07 10.7587
4.67765e+07 10.8517
4.67765e+07 10.9438
4.67765e+07 11.0352
4.69667e+07 11.1258
4.69667e+07 11.2157
4.70003e+07 11.3049
4.70115e+07 11.3933
4.72575e+07 11.4811
5.35819e+07 11.5682
5.35819e+07 11.6546
5.36266e+07 11.7404
5.36266e+07 11.8256
5.36266e+07 11.9102
5.36267e+07 11.9941
5.37945e+07 12.0775
5.38057e+07 12.1603
5.38281e+07 12.2425
5.38505e+07 12.3242
5.3884e+07 12.4054
6.0782e+07 12.486
6.0782e+07 12.5661
6.08379e+07 12.6456
6.08379e+07 12.7247
6.08379e+07 12.8033
6.08379e+07 12.8814
6.09835e+07 12.959
6.09835e+07 13.0362
6.09835e+07 13.1129
6.10731e+07 13.1892
6.11066e+07 13.265
6.11179e+07 13.3404
6.88942e+07 13.4153
6.88942e+07 13.4899
6.89278e+07 13.564
6.8939e+07 13.6377
6.8939e+07 13.7111
6.8939e+07 13.784
6.89726e+07 13.8566
6.89727e+07 13.9287
6.89727e+07 14.0005
6.89727e+07 14.0719
6.89839e+07 14.143
6.90063e+07 14.2137
6.90175e+07 14.2841
7.74044e+07 14.3541
7.74044e+07 14.4237
7.74044e+07 14.4931
7.74044e+07 14.5621
7.74044e+07 14.6307
7.74045e+07 14.6991
7.74492e+07 14.7671
7.74492e+07 14.8348
7.74493e+07 14.9022
7.74493e+07 14.9694
7.74493e+07 15.0362
7.75053e+07 15.1027
7.75949e+07 15.1689
7.76397e+07 15.2348
8.65613e+07 15.3004
8.65613e+07 15.3658
8.65613e+07 15.4309
8.65613e+07 15.4957
8.65948e+07 15.5602
8.65948e+07 15.6245
8.66396e+07 15.6885
8.66396e+07 15.7522
8.66508e+07 15.8157
8.66508e+07 15.8789
8.66508e+07 15.9419
8.66508e+07 16.0046
8.66733e+07 16.0671
8.67404e+07 16.1294
8.67516e+07 16.1914
9.62768e+07 16.2531
9.6288e+07 16.3146
9.6288e+07 16.3759
9.62881e+07 16.437
9.62881e+07 16.4978
9.62881e+07 16.5585
9.62881e+07 16.6189
9.62881e+07 16.679
9.62881e+07 16.739
9.62881e+07 16.7987
9.62881e+07 16.8582
9.62993e+07 16.9176
9.62994e+07 16.9767
9.64001e+07 17.0356
9.64002e+07 17.0943
9.64002e+07 17.1528
1.06603e+08 17.2111
1.06625e+08 17.2692
1.06636e+08 17.3271
1.0667e+08 17.3848
1.06681e+08 17.4423
1.06681e+08 17.4997
1.06692e+08 17.5568
1.06692e+08 17.6138
1.06692e+08 17.6705
1.06692e+08 17.7271
1.06703e+08 17.7835
1.06703e+08 17.8398
1.06726e+08 17.8958
1.06849e+08 17.9517
1.06882e+08 18.0074
1.06882e+08 18.0629
1.06882e+08 18.1183
1.17515e+08 18.1735
1.17549e+08 18.2285
1.17593e+08 18.2834
1.17593e+08 18.3381
1.17593e+08 18.3926
1.17593e+08 18.447
1.17616e+08 18.5012
1.17638e+08 18.5552
1.17638e+08 18.6091
1.17649e+08 18.6629
1.17661e+08 18.7164
1.17672e+08 18.7699
1.17683e+08 18.8231
1.1775e+08 18.8763
1.17784e+08 18.9293
1.17784e+08 18.9821
1.17806e+08 19.0348
1.17828e+08 19.0873
1.29181e+08 19.1397
1.29181e+08 19.1919
1.29181e+08 19.244
1.29181e+08 19.296
1.29181e+08 19.3478
1.29181e+08 19.3995
1.29215e+08 19.4511
1.29226e+08 19.5025
1.29259e+08 19.5537
1.29259e+08 19.6049
1.29271e+08 19.6559
1.29282e+08 19.7068
1.29282e+08 19.7575
1.29327e+08 19.8081
1.29338e+08 19.8586
1.29338e+08 19.909
1.29338e+08 19.9592
1.29338e+08 20.0093
1.29349e+08 20.0593
1.41078e+08 20.1091
1.41089e+08 20.1589
1.41223e+08 20.2085
1.41223e+08 20.2579
1.41223e+08 20.3073
1.41223e+08 20.3566
1.41257e+08 20.4057
1.41257e+08 20.4547
1.41279e+08 20.5036
1.41279e+08 20.5523
1.41313e+08 20.601
1.41313e+08 20.6495
1.41313e+08 20.698
1.41346e+08 20.7463
1.41391e+08 20.7945
1.41391e+08 20.8426
1.41391e+08 20.8906
1.41402e+08 20.9384
1.41402e+08 20.9862
1.41425e+08 21.0338
1.5372e+08 21.0814
1.53765e+08 21.1288
1.53865e+08 21.1761
1.53865e+08 21.2234
1.53865e+08 21.2705
1.53865e+08 21.3175
1.53865e+08 21.3644
1.53865e+08 21.4112
1.54067e+08 21.4579
1.54078e+08 21.5045
1.54167e+08 21.551
1.5419e+08 21.5974
1.54201e+08 21.6437
1.54246e+08 21.6899
1.54257e+08 21.736
1.54257e+08 21.782
1.54257e+08 21.8279
1.54257e+08 21.8738
1.54257e+08 21.9195
1.54257e+08 21.9651
1.54257e+08 22.0106
1.66944e+08 22.0561
1.66967e+08 22.1014
1.66967e+08 22.1466
1.66967e+08 22.1918
1.66967e+08 22.2369
1.66967e+08 22.2818
1.66989e+08 22.3267
1.66989e+08 22.3715
1.67392e+08 22.4162
1.67403e+08 22.4608
1.67448e+08 22.5053
1.67448e+08 22.5498
1.67448e+08 22.5941
1.67493e+08 22.6384
1.67515e+08 22.6825
1.67515e+08 22.7266
1.67515e+08 22.7706
1.67515e+08 22.8145
1.67515e+08 22.8584
1.67515e+08 22.9021
1.67515e+08 22.9458
1.67515e+08 22.9894
1.80308e+08 23.0329
1.80398e+08 23.0763
1.80409e+08 23.1196
1.80409e+08 23.1629
1.80409e+08 23.206
1.80409e+08 23.2491
1.8042e+08 23.2921
1.8042e+08 23.3351
1.80655e+08 23.3779
1.80667e+08 23.4207
1.80667e+08 23.4634
1.80667e+08 23.506
1.80667e+08 23.5486
1.80667e+08 23.591
1.80667e+08 23.6334
1.80667e+08 23.6757
1.80667e+08 23.718
1.80667e+08 23.7601
1.80667e+08 23.8022
1.80667e+08 23.8442
1.80667e+08 23.8862
1.80667e+08 23.928
1.94147e+08 23.9698
1.94147e+08 24.0116
1.94159e+08 24.0532
1.94159e+08 24.0948
1.94159e+08 24.1363
1.94159e+08 24.1777
1.94159e+08 24.2191
1.94159e+08 24.2604
1.94159e+08 24.3016
1.94371e+08 24.3427
1.94371e+08 24.3838
1.94371e+08 24.4248
1.94371e+08 24.4658
1.94371e+08 24.5066
1.94383e+08 24.5474
1.94461e+08 24.5882
1.94483e+08 24.6288
1.94517e+08 24.6694
1.94562e+08 24.71
1.94584e+08 24.7505
1.94606e+08 24.7909
1.94606e+08 24.8312
1.94606e+08 24.8715
2.08752e+08 24.9117
2.08763e+08 24.9518
2.08763e+08 24.9919
2.08763e+08 25.0319
2.08763e+08 25.0719
2.08763e+08 25.1117
2.08763e+08 25.1516
2.08763e+08 25.1913
2.08763e+08 25.231
2.08774e+08 25.2707
2.09121e+08 25.3102
2.09121e+08 25.3497
2.09121e+08 25.3892
2.09121e+08 25.4286
2.09121e+08 25.4679
2.09122e+08 25.5072
2.09122e+08 25.5464
2.09122e+08 25.5855
2.09122e+08 25.6246
2.09122e+08 25.6636
2.09122e+08 25.7026
2.09122e+08 25.7415
2.09122e+08 25.7803
2.09133e+08 25.8191
2.23766e+08 25.8579
2.23778e+08 25.8965
2.23789e+08 25.9351
2.23789e+08 25.9737
2.23789e+08 26.0122
2.238e+08 26.0506
2.238e+08 26.089
2.23811e+08 26.1274
2.23867e+08 26.1656
2.23878e+08 26.2039
2.2389e+08 26.242
2.24125e+08 26.2801
2.24125e+08 26.3182
2.24125e+08 26.3562
2.24125e+08 26.3941
2.24125e+08 26.432
2.24125e+08 26.4698
2.24125e+08 26.5076
2.24136e+08 26.5453
2.24192e+08 26.583
2.24192e+08 26.6206
2.2427e+08 26.6582
2.2427e+08 26.6957
2.2427e+08 26.7332
2.24271e+08 26.7706
2.39696e+08 26.8079
2.39708e+08 26.8452
2.39719e+08 26.8825
2.39719e+08 26.9197
2.39719e+08 26.9568
2.39719e+08 26.9939
2.39719e+08 27.031
2.39719e+08 27.068
2.39719e+08 27.1049
2.39719e+08 27.1418
2.39719e+08 27.1786
2.39719e+08 27.2154
2.39775e+08 27.2522
2.39842e+08 27.2889
2.39943e+08 27.3255
2.39965e+08 27.3621
2.39977e+08 27.3987
2.39988e+08 27.4352
2.39999e+08 27.4716
2.4001e+08 27.508
2.40077e+08 27.5444
2.40077e+08 27.5807
2.40167e+08 27.6169
2.40167e+08 27.6531
2.40167e+08 27.6893
2.40167e+08 27.7254
2.55941e+08 27.7615
2.55952e+08 27.7975
2.55952e+08 27.8335
2.55952e+08 27.8694
2.55952e+08 27.9053
2.55952e+08 27.9411
2.55952e+08 27.9769
2.55952e+08 28.0127
2.55952e+08 28.0484
2.55952e+08 28.084
2.55952e+08 28.1196
2.55952e+08 28.1552
2.55952e+08 28.1907
2.56142e+08 28.2262
2.56187e+08 28.2616
2.56243e+08 28.297
2.56277e+08 28.3323
2.5631e+08 28.3676
2.56366e+08 28.4029
2.56366e+08 28.4381
2.56377e+08 28.4732
2.56433e+08 28.5084
2.56445e+08 28.5434
2.56456e+08 28.5785
2.56456e+08 28.6135
2.56456e+08 28.6484
2.56467e+08 28.6833
2.72882e+08 28.7182
2.72938e+08 28.753
2.72938e+08 28.7878
2.72938e+08 28.8225
2.72938e+08 28.8572
2.72961e+08 28.8919
2.72961e+08 28.9265
2.72961e+08 28.961
2.72961e+08 28.9956
2.72961e+08 29.0301
2.72961e+08 29.0645
2.72961e+08 29.0989
2.72961e+08 29.1333
2.72961e+08 29.1676
2.73095e+08 29.2019
2.73106e+08 29.2361
2.73107e+08 29.2703
2.73174e+08 29.3045
2.73297e+08 29.3386
2.73297e+08 29.3727
2.73297e+08 29.4068
2.73297e+08 29.4408
2.73297e+08 29.4747
2.73297e+08 29.5087
2.73297e+08 29.5425
2.73297e+08 29.5764
2.73297e+08 29.6102
2.73297e+08 29.644
2.90387e+08 29.6777
2.90409e+08 29.7114
2.90409e+08 29.7451
2.90409e+08 29.7787
2.90431e+08 29.8123
2.90443e+08 29.8458
2.90443e+08 29.8793
2.90443e+08 29.9128
2.90443e+08 29.9462
2.90443e+08 29.9796
2.90443e+08 30.013
2.90443e+08 30.0463
2.90443e+08 30.0796
2.90443e+08 30.1128
2.90443e+08 30.146
2.90588e+08 30.1792
2.906e+08 30.2123
2.90633e+08 30.2454
2.907e+08 30.2785
2.90723e+08 30.3115
2.90723e+08 30.3445
2.90723e+08 30.3775
2.90723e+08 30.4104
2.90734e+08 30.4433
2.90734e+08 30.4761
2.90757e+08 30.5089
2.90757e+08 30.5417
2.90757e+08 30.5744
2.90757e+08 30.6071
3.08439e+08 30.6398
3.08461e+08 30.6725
3.08461e+08 30.7051
3.08461e+08 30.7376
3.08472e+08 30.7702
3.08472e+08 30.8027
3.08472e+08 30.8351
3.08472e+08 30.8676
3.08472e+08 30.9
3.08472e+08 30.9323
3.08472e+08 30.9646
3.08472e+08 30.9969
3.08472e+08 31.0292
3.08472e+08 31.0614
3.08472e+08 31.0936
3.08473e+08 31.1258
3.08708e+08 31.1579
3.0873e+08 31.19
3.0873e+08 31.2221
3.08753e+08 31.2541
3.08775e+08 31.2861
3.08786e+08 31.3181
3.08786e+08 31.35
3.08786e+08 31.3819
3.08786e+08 31.4137
3.08786e+08 31.4456
3.08798e+08 31.4774
3.08798e+08 31.5092
3.08798e+08 31.5409
3.08798e+08 31.5726
3.26931e+08 31.6043
3.26942e+08 31.6359
3.26942e+08 31.6675
3.26942e+08 31.6991
3.26942e+08 31.7306
3.26942e+08 31.7622
3.26953e+08 31.7936
3.26964e+08 31.8251
3.26987e+08 31.8565
3.26998e+08 31.8879
3.26998e+08 31.9193
3.27009e+08 31.9506
3.27009e+08 31.9819
3.27009e+08 32.0132
3.27009e+08 32.0444
3.27009e+08 32.0756
3.27021e+08 32.1068
3.27256e+08 32.1379
3.27267e+08 32.169
3.27267e+08 32.2001
3.2729e+08 32.2312
3.27335e+08 32.2622
3.27335e+08 32.2932
3.27346e+08 32.3242
3.27346e+08 32.3551
3.27346e+08 32.386
3.27346e+08 32.4169
3.27413e+08 32.4477
3.27413e+08 32.4786
3.27413e+08 32.5094
3.27413e+08 32.5401
3.46173e+08 32.5708
3.46173e+08 32.6015
3.46173e+08 32.6322
3.46173e+08 32.6629
3.46173e+08 32.6935
3.46173e+08 32.7241
3.46173e+08 32.7546
3.46173e+08 32.7852
3.46173e+08 32.8157
3.46173e+08 32.8461
3.46184e+08 32.8766
3.46184e+08 32.907
3.46229e+08 32.9374
3.46229e+08 32.9677
3.4624e+08 32.9981
3.4624e+08 33.0284
3.46252e+08 33.0587
3.46263e+08 33.0889
3.4651e+08 33.1191
3.4651e+08 33.1493
3.46521e+08 33.1795
3.46543e+08 33.2096
3.46599e+08 33.2397
3.46599e+08 33.2698
3.46599e+08 33.2999
3.46599e+08 33.3299
3.46611e+08 33.3599
3.46622e+08 33.3899
3.46667e+08 33.4198
3.46678e+08 33.4498
3.46689e+08 33.4797
3.46689e+08 33.5095
3.65976e+08 33.5394
3.65976e+08 33.5692
3.65976e+08 33.599
3.65976e+08 33.6287
3.65976e+08 33.6585
3.65976e+08 33.6882
3.65976e+08 33.7179
3.65976e+08 33.7475
3.65976e+08 33.7772
3.65976e+08 33.8068
3.65976e+08 33.8363
3.65976e+08 33.8659
3.65987e+08 33.8954
3.65987e+08 33.9249
3.66021e+08 33.9544
3.66032e+08 33.9839
3.66043e+08 34.0133
3.66054e+08 34.0427
3.66066e+08 34.0721
3.66402e+08 34.1014
3.66424e+08 34.1307
3.66435e+08 34.16
3.66447e+08 34.1893
3.66514e+08 34.2185
3.66525e+08 34.2478
3.66536e+08 34.277
3.66536e+08 34.3061
3.66536e+08 34.3353
3.66547e+08 34.3644
3.66592e+08 34.3935
3.66592e+08 34.4226
3.66626e+08 34.4516
3.66626e+08 34.4807
3.86341e+08 34.5097
3.86352e+08 34.5387
3.86352e+08 34.5676
3.86352e+08 34.5965
3.86352e+08 34.6254
3.86363e+08 34.6543
3.86363e+08 34.6832
3.86363e+08 34.712
3.86363e+08 34.7408
3.86363e+08 34.7696
3.86363e+08 34.7984
3.86363e+08 34.8271
3.86363e+08 34.8558
3.86363e+08 34.8845
3.86363e+08 34.9132
3.86363e+08 34.9418
3.86363e+08 34.9704
3.86363e+08 34.999
3.86363e+08 35.0276
3.86442e+08 35.0561
3.86879e+08 35.0847
3.86901e+08 35.1132
3.86901e+08 35.1417
3.86901e+08 35.1701
3.8698e+08 35.1985
3.8698e+08 35.227
3.87002e+08 35.2553
3.87002e+08 35.2837
3.87002e+08 35.312
3.87024e+08 35.3404
3.87024e+08 35.3687
3.87036e+08 35.3969
3.87047e+08 35.4252
3.87047e+08 35.4534
4.07365e+08 35.4816
4.07366e+08 35.5098
4.07366e+08 35.538
4.07366e+08 35.5661
4.07366e+08 35.5942
4.07366e+08 35.6223
4.07366e+08 35.6504
4.07366e+08 35.6784
4.07366e+08 35.7065
4.07366e+08 35.7345
4.07366e+08 35.7625
4.07366e+08 35.7904
4.07366e+08 35.8184
4.07366e+08 35.8463
4.07366e+08 35.8742
4.07366e+08 35.902
4.07366e+08 35.9299
4.07366e+08 35.9577
4.07366e+08 35.9855
4.07366e+08 36.0133
4.07445e+08 36.0411
4.07993e+08 36.0688
4.08004e+08 36.0966
4.08004e+08 36.1243
4.08038e+08 36.152
4.0806e+08 36.1796
4.0806e+08 36.2073
4.08083e+08 36.2349
4.08083e+08 36.2625
4.08083e+08 36.2901
4.08105e+08 36.3176
4.08139e+08 36.3451
4.0815e+08 36.3727
4.08172e+08 36.4002
4.08228e+08 36.4276
4.28971e+08 36.4551
4.28971e+08 36.4825
4.28971e+08 36.5099
4.28971e+08 36.5373
4.28971e+08 36.5647
4.28971e+08 36.592
4.28971e+08 36.6194
4.28971e+08 36.6467
4.28971e+08 36.6739
4.28971e+08 36.7012
4.28982e+08 36.7285
4.28993e+08 36.7557
4.28993e+08 36.7829
4.28993e+08 36.8101
4.28993e+08 36.8372
4.28993e+08 36.8644
4.28993e+08 36.8915
4.28993e+08 36.9186
4.28993e+08 36.9457
4.28993e+08 36.9728
4.28993e+08 36.9998
4.29094e+08 37.0269
4.29654e+08 37.0539
4.29654e+08 37.0809
4.29665e+08 37.1078
4.29665e+08 37.1348
4.29688e+08 37.1617
4.29688e+08 37.1886
4.29766e+08 37.2155
4.29766e+08 37.2424
4.29766e+08 37.2692
4.29766e+08 37.296
4.29766e+08 37.3229
4.29889e+08 37.3497
4.29945e+08 37.3764
4.30012e+08 37.4032
4.51076e+08 37.4299
4.51076e+08 37.4566
4.51076e+08 37.4833
4.51076e+08 37.51
4.51076e+08 37.5367
4.51076e+08 37.5633
4.51076e+08 37.5899
4.51076e+08 37.6165
4.51076e+08 37.6431
4.51076e+08 37.6697
4.51076e+08 37.6962
4.51087e+08 37.7228
4.51098e+08 37.7493
4.51098e+08 37.7758
4.51098e+08 37.8022
4.51098e+08 37.8287
4.51098e+08 37.8551
4.51098e+08 37.8815
4.5111e+08 37.9079
4.5111e+08 37.9343
4.51121e+08 37.9607
4.512e+08 37.987
4.512e+08 38.0133
4.51782e+08 38.0397
4.51782e+08 38.0659
4.51782e+08 38.0922
4.51782e+08 38.1185
4.51871e+08 38.1447
4.51871e+08 38.1709
4.5195e+08 38.1971
4.5195e+08 38.2233
4.51983e+08 38.2495
4.52073e+08 38.2756
4.52095e+08 38.3017
4.52307e+08 38.3278
4.52319e+08 38.3539
4.5233e+08 38.38
4.73738e+08 38.406
4.73738e+08 38.4321
4.73738e+08 38.4581
4.73738e+08 38.4841
4.73738e+08 38.5101
4.73749e+08 38.5361
4.73749e+08 38.562
4.73749e+08 38.5879
4.73749e+08 38.6139
4.73749e+08 38.6398
4.7376e+08 38.6656
4.7376e+08 38.6915
4.73782e+08 38.7173
4.73782e+08 38.7432
4.73782e+08 38.769
4.73783e+08 38.7948
4.73783e+08 38.8206
4.73783e+08 38.8463
4.73794e+08 38.8721
4.73805e+08 38.8978
4.73827e+08 38.9235
4.73862e+08 38.9492
4.73907e+08 38.9749
4.73907e+08 39.0005
4.74455e+08 39.0262
4.74455e+08 39.0518
4.74455e+08 39.0774
4.745e+08 39.103
4.74645e+08 39.1285
4.74656e+08 39.1541
4.74723e+08 39.1796
4.74746e+08 39.2052
4.74768e+08 39.2307
4.74835e+08 39.2562
4.74902e+08 39.2816
4.75126e+08 39.3071
4.75171e+08 39.3325
4.75171e+08 39.358
4.97166e+08 39.3834
4.97166e+08 39.4088
4.97166e+08 39.4341
4.97177e+08 39.4595
4.97177e+08 39.4848
4.97188e+08 39.5102
4.97188e+08 39.5355
4.97188e+08 39.5608
4.97188e+08 39.586
4.97189e+08 39.6113
4.97189e+08 39.6366
4.97189e+08 39.6618
4.97211e+08 39.687
4.97222e+08 39.7122
4.97222e+08 39.7374
4.97222e+08 39.7625
4.97222e+08 39.7877
4.97222e+08 39.8128
4.97222e+08 39.8379
4.97222e+08 39.863
4.97222e+08 39.8881
4.97257e+08 39.9132
4.97335e+08 39.9382
4.97335e+08 39.9633
4.97335e+08 39.9883
4.97951e+08 40.0133
4.97951e+08 40.0383
4.98018e+08 40.0633
4.98174e+08 40.0882
4.98286e+08 40.1132
4.98297e+08 40.1381
4.98297e+08 40.163
4.98308e+08 40.1879
4.98331e+08 40.2128
4.98342e+08 40.2377
4.98353e+08 40.2625
4.98655e+08 40.2874
4.98655e+08 40.3122
4.98655e+08 40.337
5.21188e+08 40.3618
5.21188e+08 40.3866
5.21188e+08 40.4113
5.2121e+08 40.4361
5.2121e+08 40.4608
5.2121e+08 40.4855
5.2121e+08 40.5102
5.2121e+08 40.5349
5.2121e+08 40.5596
5.2121e+08 40.5842
5.2121e+08 40.6089
5.2121e+08 40.6335
5.21221e+08 40.6581
5.21221e+08 40.6827
5.21221e+08 40.7073
5.21221e+08 40.7318
5.21221e+08 40.7564
5.21221e+08 40.7809
5.21221e+08 40.8055
5.21221e+08 40.83
5.21222e+08 40.8545
5.21401e+08 40.8789
5.21446e+08 40.9034
5.21446e+08 40.9278
5.21457e+08 40.9523
5.22173e+08 40.9767
5.22185e+08 41.0011
5.22196e+08 41.0255
5.22196e+08 41.0499
5.22229e+08 41.0742
5.22263e+08 41.0986
5.22285e+08 41.1229
5.22319e+08 41.1472
5.22364e+08 41.1715
5.22397e+08 41.1958
5.22431e+08 41.2201
5.22509e+08 41.2443
5.22688e+08 41.2686
5.22688e+08 41.2928
5.22688e+08 41.317
5.45835e+08 41.3412
5.45835e+08 41.3654
5.45835e+08 41.3896
5.45835e+08 41.4138
5.45835e+08 41.4379
5.45835e+08 41.462
5.45835e+08 41.4862
5.45835e+08 41.5103
5.45835e+08 41.5344
5.45847e+08 41.5584
5.45847e+08 41.5825
5.45847e+08 41.6065
5.45847e+08 41.6306
5.45847e+08 41.6546
5.45847e+08 41.6786
5.45847e+08 41.7026
5.45847e+08 41.7266
5.45847e+08 41.7505
5.45847e+08 41.7745
5.45847e+08 41.7984
5.45847e+08 41.8224
5.46094e+08 41.8463
5.46094e+08 41.8702
5.46094e+08 41.8941
5.46094e+08 41.9179
5.46977e+08 41.9418
5.47011e+08 41.9656
5.47011e+08 41.9894
5.47089e+08 42.0133
5.47123e+08 42.0371
5.47291e+08 42.0609
5.47291e+08 42.0846
5.47313e+08 42.1084
5.47335e+08 42.1321
5.47335e+08 42.1559
5.47347e+08 42.1796
5.47347e+08 42.2033
5.47347e+08 42.227
5.47347e+08 42.2507
5.47347e+08 42.2743
5.47347e+08 42.298
5.70908e+08 42.3216
5.70908e+08 42.3453
5.70908e+08 42.3689
5.7092e+08 42.3925
5.7092e+08 42.4161
5.7092e+08 42.4397
5.7092e+08 42.4632
5.7092e+08 42.4868
5.7092e+08 42.5103
5.7092e+08 42.5338
5.7092e+08 42.5573
5.7092e+08 42.5808
5.7092e+08 42.6043
5.7092e+08 42.6278
5.7092e+08 42.6513
5.7092e+08 42.6747
5.7092e+08 42.6981
5.7092e+08 42.7216
5.7092e+08 42.745
5.7092e+08 42.7684
5.7092e+08 42.7917
5.71212e+08 42.8151
5.71223e+08 42.8385
5.71245e+08 42.8618
5.71245e+08 42.8851
5.72352e+08 42.9085
5.72453e+08 42.9318
5.72453e+08 42.9551
5.72453e+08 42.9783
5.72453e+08 43.0016
5.72453e+08 43.0249
5.72453e+08 43.0481
5.72453e+08 43.0713
5.72453e+08 43.0945
5.72453e+08 43.1178
5.72453e+08 43.1409
5.72453e+08 43.1641
5.72453e+08 43.1873
5.72453e+08 43.2104
5.72554e+08 43.2336
5.72588e+08 43.2567
5.72588e+08 43.2798
5.96527e+08 43.3029
5.96527e+08 43.326
5.96527e+08 43.3491
5.96538e+08 43.3722
5.96538e+08 43.3952
5.96538e+08 43.4183
5.96538e+08 43.4413
5.96538e+08 43.4643
5.96538e+08 43.4873
5.96538e+08 43.5103
5.96538e+08 43.5333
5.96538e+08 43.5563
5.96538e+08 43.5792
5.96538e+08 43.6022
5.96538e+08 43.6251
5.96538e+08 43.6481
5.96538e+08 43.671
5.96538e+08 43.6939
5.96538e+08 43.7167
5.96538e+08 43.7396
5.96538e+08 43.7625
5.96975e+08 43.7853
5.97009e+08 43.8082
5.9702e+08 43.831
5.9702e+08 43.8538
5.98083e+08 43.8766
5.98083e+08 43.8994
5.98083e+08 43.9222
5.98083e+08 43.945
5.98105e+08 43.9677
5.98116e+08 43.9905
5.98127e+08 44.0132
5.98128e+08 44.0359
5.98128e+08 44.0586
5.98128e+08 44.0813
5.98128e+08 44.104
5.98128e+08 44.1267
5.98139e+08 44.1493
5.98139e+08 44.172
5.98161e+08 44.1946
5.98331e+08 44.2173
5.98487e+08 44.2399
5.98499e+08 44.2625
6.23808e+08 44.2851
6.23808e+08 44.3076
6.23819e+08 44.3302
6.2383e+08 44.3528
6.2383e+08 44.3753
6.2383e+08 44.3979
6.2383e+08 44.4204
6.2383e+08 44.4429
6.23841e+08 44.4654
6.23852e+08 44.4879
6.23852e+08 44.5104
6.23852e+08 44.5328
6.23852e+08 44.5553
6.23864e+08 44.5777
6.23864e+08 44.6002
6.23864e+08 44.6226
6.23864e+08 44.645
6.23864e+08 44.6674
6.23864e+08 44.6898
6.23864e+08 44.7122
6.23864e+08 44.7345
6.24066e+08 44.7569
6.24066e+08 44.7792
6.24066e+08 44.8015
6.24066e+08 44.8239
6.24388e+08 44.8462
6.24512e+08 44.8685
6.24523e+08 44.8908
6.24546e+08 44.913
6.24557e+08 44.9353
6.24614e+08 44.9576
6.24625e+08 44.9798
6.24636e+08 45.002
6.24805e+08 45.0243
6.24805e+08 45.0465
6.24883e+08 45.0687
6.24906e+08 45.0909
6.24917e+08 45.113
6.2494e+08 45.1352
6.24962e+08 45.1574
6.25008e+08 45.1795
6.25097e+08 45.2016
6.25109e+08 45.2238
6.2512e+08 45.2459
6.3204e+08 45.268
6.32063e+08 45.2901
6.32074e+08 45.3121
