4.8143e+06 2
8.36438e+06 2.5
8.36439e+06 2.9
9.52711e+06 3.24483
9.54953e+06 3.55301
1.31318e+07 3.83446
1.31654e+07 4.09525
1.32772e+07 4.33944
1.53646e+07 4.56988
1.53646e+07 4.78871
1.53646e+07 4.99753
1.54317e+07 5.19763
1.87149e+07 5.39003
1.87149e+07 5.57555
1.87149e+07 5.75491
1.87261e+07 5.92867
1.87261e+07 6.09735
2.27624e+07 6.26135
2.27624e+07 6.42106
2.27624e+07 6.5768
2.27624e+07 6.72885
2.27624e+07 6.87746
2.27624e+07 7.02286
2.68329e+07 7.16526
2.68441e+07 7.30482
2.68441e+07 7.44171
2.68441e+07 7.57609
2.68441e+07 7.70809
2.68441e+07 7.83782
2.68441e+07 7.96541
3.16191e+07 8.09095
3.16638e+07 8.21454
3.16974e+07 8.33628
3.16974e+07 8.45624
3.16974e+07 8.57449
3.17086e+07 8.69112
3.17198e+07 8.80618
3.6573e+07 8.91974
3.65954e+07 9.03185
3.6696e+07 9.14257
3.67519e+07 9.25194
3.67519e+07 9.36003
3.67519e+07 9.46687
3.68078e+07 9.5725
3.68078e+07 9.67696
4.21309e+07 9.7803
4.2131e+07 9.88255
4.21421e+07 9.98374
4.21757e+07 10.0839
4.22092e+07 10.1831
4.22093e+07 10.2813
4.22093e+07 10.3785
4.22093e+07 10.4749
4.22093e+07 10.5704
4.82702e+07 10.665
4.82702e+07 10.7587
4.82702e+07 10.8517
4.83485e+07 10.9438
4.83709e+07 11.0352
4.83709e+07 11.1258
4.84156e+07 11.2157
4.84156e+07 11.3049
4.84156e+07 11.3933
4.84827e+07 11.4811
5.48456e+07 11.5682
5.48456e+07 11.6546
5.48792e+07 11.7404
5.50469e+07 11.8256
5.50469e+07 11.9102
5.50581e+07 11.9941
5.50581e+07 12.0775
5.51924e+07 12.1603
5.52036e+07 12.2425
5.52036e+07 12.3242
5.5226e+07 12.4054
6.21256e+07 12.486
6.21256e+07 12.5661
6.21368e+07 12.6456
6.2271e+07 12.7247
6.22711e+07 12.8033
6.22934e+07 12.8814
6.22934e+07 12.959
6.22934e+07 13.0362
6.25172e+07 13.1129
6.25172e+07 13.1892
6.25172e+07 13.265
6.25619e+07 13.3404
6.99871e+07 13.4153
7.00095e+07 13.4899
7.00206e+07 13.564
7.0222e+07 13.6377
7.0222e+07 13.7111
7.0222e+07 13.784
7.0222e+07 13.8566
7.0222e+07 13.9287
7.02444e+07 14.0005
7.05016e+07 14.0719
7.05016e+07 14.143
7.0524e+07 14.2137
7.05352e+07 14.2841
7.8419e+07 14.3541
7.84973e+07 14.4237
7.84973e+07 14.4931
7.86875e+07 14.5621
7.8721e+07 14.6307
7.87434e+07 14.6991
7.87769e+07 14.7671
7.87769e+07 14.8348
7.87993e+07 14.9022
7.8844e+07 14.9694
7.90676e+07 15.0362
7.90676e+07 15.1027
7.91012e+07 15.1689
7.91571e+07 15.2348
8.74549e+07 15.3004
8.74661e+07 15.3658
8.74661e+07 15.4309
8.77904e+07 15.4957
8.77904e+07 15.5602
8.77904e+07 15.6245
8.78687e+07 15.6885
8.78687e+07 15.7522
8.7891e+07 15.8157
8.7891e+07 15.8789
8.80922e+07 15.9419
8.81034e+07 16.0046
8.81034e+07 16.0671
8.82265e+07 16.1294
8.82935e+07 16.1914
9.71283e+07 16.2531
9.71283e+07 16.3146
9.71283e+07 16.3759
9.74413e+07 16.437
9.74413e+07 16.4978
9.74748e+07 16.5585
9.74972e+07 16.6189
9.74972e+07 16.679
9.74972e+07 16.739
9.74972e+07 16.7987
9.77319e+07 16.8582
9.77319e+07 16.9176
9.77543e+07 16.9767
9.77878e+07 17.0356
9.79444e+07 17.0943
9.79779e+07 17.1528
1.0726e+08 17.2111
1.0726e+08 17.2692
1.0726e+08 17.3271
1.07394e+08 17.3848
1.07394e+08 17.4423
1.07394e+08 17.4997
1.07394e+08 17.5568
1.07394e+08 17.6138
1.07517e+08 17.6705
1.07528e+08 17.7271
1.07596e+08 17.7835
1.07596e+08 17.8398
1.07685e+08 17.8958
1.07685e+08 17.9517
1.07685e+08 18.0074
1.08333e+08 18.0629
1.08434e+08 18.1183
1.18097e+08 18.1735
1.18097e+08 18.2285
1.18097e+08 18.2834
1.18097e+08 18.3381
1.18097e+08 18.3926
1.18097e+08 18.447
1.18097e+08 18.5012
1.18141e+08 18.5552
1.18141e+08 18.6091
1.18141e+08 18.6629
1.18264e+08 18.7164
1.18309e+08 18.7699
1.18354e+08 18.8231
1.18398e+08 18.8763
1.18398e+08 18.9293
1.18398e+08 18.9821
1.19438e+08 19.0348
1.1946e+08 19.0873
1.29436e+08 19.1397
1.29459e+08 19.1919
1.29515e+08 19.244
1.29515e+08 19.296
1.2957e+08 19.3478
1.2957e+08 19.3995
1.29604e+08 19.4511
1.29604e+08 19.5025
1.29604e+08 19.5537
1.29604e+08 19.6049
1.29626e+08 19.6559
1.29649e+08 19.7068
1.29649e+08 19.7575
1.29649e+08 19.8081
1.29839e+08 19.8586
1.29906e+08 19.909
1.30833e+08 19.9592
1.30901e+08 20.0093
1.30957e+08 20.0593
1.41246e+08 20.1091
1.41246e+08 20.1589
1.4138e+08 20.2085
1.41413e+08 20.2579
1.41413e+08 20.3073
1.41492e+08 20.3566
1.41492e+08 20.4057
1.41525e+08 20.4547
1.41525e+08 20.5036
1.41525e+08 20.5523
1.41637e+08 20.601
1.41637e+08 20.6495
1.41682e+08 20.698
1.41682e+08 20.7463
1.4176e+08 20.7945
1.4176e+08 20.8426
1.42587e+08 20.8906
1.42587e+08 20.9384
1.42587e+08 20.9862
1.42934e+08 21.0338
1.53704e+08 21.0814
1.53704e+08 21.1288
1.53704e+08 21.1761
1.53726e+08 21.2234
1.53726e+08 21.2705
1.53726e+08 21.3175
1.53737e+08 21.3644
1.53782e+08 21.4112
1.5386e+08 21.4579
1.53905e+08 21.5045
1.5395e+08 21.551
1.54073e+08 21.5974
1.54173e+08 21.6437
1.54229e+08 21.6899
1.54229e+08 21.736
1.54263e+08 21.782
1.54933e+08 21.8279
1.54967e+08 21.8738
1.54989e+08 21.9195
1.55492e+08 21.9651
1.55559e+08 22.0106
1.66699e+08 22.0561
1.66699e+08 22.1014
1.66699e+08 22.1466
1.66699e+08 22.1918
1.66699e+08 22.2369
1.66699e+08 22.2818
1.66699e+08 22.3267
1.6671e+08 22.3715
1.66844e+08 22.4162
1.66844e+08 22.4608
1.66866e+08 22.5053
1.66866e+08 22.5498
1.66866e+08 22.5941
1.66989e+08 22.6384
1.67034e+08 22.6825
1.67101e+08 22.7266
1.67649e+08 22.7706
1.67783e+08 22.8145
1.67973e+08 22.8584
1.68498e+08 22.9021
1.68498e+08 22.9458
1.68521e+08 22.9894
1.79917e+08 23.0329
1.79917e+08 23.0763
1.79917e+08 23.1196
1.79917e+08 23.1629
1.7994e+08 23.206
1.7994e+08 23.2491
1.7994e+08 23.2921
1.79962e+08 23.3351
1.80018e+08 23.3779
1.80018e+08 23.4207
1.80018e+08 23.4634
1.80018e+08 23.506
1.80063e+08 23.5486
1.80074e+08 23.591
1.80085e+08 23.6334
1.80085e+08 23.6757
1.80845e+08 23.718
1.8089e+08 23.7601
1.81292e+08 23.8022
1.81952e+08 23.8442
1.81952e+08 23.8862
1.81974e+08 23.928
1.93862e+08 23.9698
1.93885e+08 24.0116
1.93896e+08 24.0532
1.93896e+08 24.0948
1.93907e+08 24.1363
1.9393e+08 24.1777
1.9393e+08 24.2191
1.93941e+08 24.2604
1.93974e+08 24.3016
1.93997e+08 24.3427
1.94019e+08 24.3838
1.9403e+08 24.4248
1.94041e+08 24.4658
1.94097e+08 24.5066
1.9412e+08 24.5474
1.94187e+08 24.5882
1.94187e+08 24.6288
1.94835e+08 24.6694
1.9498e+08 24.71
1.95573e+08 24.7505
1.96076e+08 24.7909
1.96076e+08 24.8312
1.96109e+08 24.8715
2.0821e+08 24.9117
2.08333e+08 24.9518
2.08333e+08 24.9919
2.08333e+08 25.0319
2.08356e+08 25.0719
2.08378e+08 25.1117
2.08412e+08 25.1516
2.08412e+08 25.1913
2.08423e+08 25.231
2.08445e+08 25.2707
2.08445e+08 25.3102
2.08445e+08 25.3497
2.08524e+08 25.3892
2.08524e+08 25.4286
2.08524e+08 25.4679
2.08535e+08 25.5072
2.08624e+08 25.5464
2.08658e+08 25.5855
2.08747e+08 25.6246
2.08904e+08 25.6636
2.0972e+08 25.7026
2.10647e+08 25.7415
2.10647e+08 25.7803
2.10737e+08 25.8191
2.23006e+08 25.8579
2.23319e+08 25.8965
2.23341e+08 25.9351
2.23341e+08 25.9737
2.23352e+08 26.0122
2.23352e+08 26.0506
2.23386e+08 26.089
2.23475e+08 26.1274
2.23475e+08 26.1656
2.23475e+08 26.2039
2.23487e+08 26.242
2.23487e+08 26.2801
2.23487e+08 26.3182
2.23587e+08 26.3562
2.23621e+08 26.3941
2.23621e+08 26.432
2.23632e+08 26.4698
2.23665e+08 26.5076
2.23666e+08 26.5453
2.23822e+08 26.583
2.24124e+08 26.6206
2.24884e+08 26.6582
2.25856e+08 26.6957
2.25868e+08 26.7332
2.25924e+08 26.7706
2.38327e+08 26.8079
2.38707e+08 26.8452
2.38707e+08 26.8825
2.3874e+08 26.9197
2.38819e+08 26.9568
2.38852e+08 26.9939
2.38852e+08 27.031
2.38886e+08 27.068
2.38942e+08 27.1049
2.38975e+08 27.1418
2.3902e+08 27.1786
2.39121e+08 27.2154
2.39165e+08 27.2522
2.39165e+08 27.2889
2.39177e+08 27.3255
2.39221e+08 27.3621
2.39221e+08 27.3987
2.39266e+08 27.4352
2.39299e+08 27.4716
2.39333e+08 27.508
2.3949e+08 27.5444
2.39646e+08 27.5807
2.40473e+08 27.6169
2.41613e+08 27.6531
2.41613e+08 27.6893
2.41781e+08 27.7254
2.54207e+08 27.7615
2.54665e+08 27.7975
2.54665e+08 27.8335
2.54665e+08 27.8694
2.54688e+08 27.9053
2.54811e+08 27.9411
2.54811e+08 27.9769
2.54855e+08 28.0127
2.54855e+08 28.0484
2.55057e+08 28.084
2.55124e+08 28.1196
2.55213e+08 28.1552
2.55325e+08 28.1907
2.55325e+08 28.2262
2.55325e+08 28.2616
2.55336e+08 28.297
2.55448e+08 28.3323
2.55482e+08 28.3676
2.55515e+08 28.4029
2.55515e+08 28.4381
2.55638e+08 28.4732
2.55694e+08 28.5084
2.55918e+08 28.5434
2.56331e+08 28.5785
2.57985e+08 28.6135
2.58008e+08 28.6484
2.58142e+08 28.6833
2.70669e+08 28.7182
2.71082e+08 28.753
2.71082e+08 28.7878
2.71082e+08 28.8225
2.71127e+08 28.8572
2.71451e+08 28.8919
2.71451e+08 28.9265
2.71485e+08 28.961
2.71485e+08 28.9956
2.7153e+08 29.0301
2.71686e+08 29.0645
2.71697e+08 29.0989
2.71943e+08 29.1333
2.72077e+08 29.1676
2.72077e+08 29.2019
2.72077e+08 29.2361
2.72077e+08 29.2703
2.72212e+08 29.3045
2.72234e+08 29.3386
2.72413e+08 29.3727
2.72435e+08 29.4068
2.72435e+08 29.4408
2.7248e+08 29.4747
2.72882e+08 29.5087
2.7305e+08 29.5425
2.74626e+08 29.5764
2.74693e+08 29.6102
2.75129e+08 29.644
2.87299e+08 29.6777
2.87735e+08 29.7114
2.87779e+08 29.7451
2.88215e+08 29.7787
2.88338e+08 29.8123
2.88483e+08 29.8458
2.88483e+08 29.8793
2.88528e+08 29.9128
2.88528e+08 29.9462
2.88595e+08 29.9796
2.88741e+08 30.013
2.88953e+08 30.0463
2.89031e+08 30.0796
2.89322e+08 30.1128
2.89322e+08 30.146
2.89322e+08 30.1792
2.89355e+08 30.2123
2.89534e+08 30.2454
2.8959e+08 30.2785
2.89691e+08 30.3115
2.89858e+08 30.3445
2.89881e+08 30.3775
2.89881e+08 30.4104
2.89881e+08 30.4433
2.9054e+08 30.4761
2.90719e+08 30.5089
2.9215e+08 30.5417
2.92217e+08 30.5744
2.92731e+08 30.6071
3.04756e+08 30.6398
3.05013e+08 30.6725
3.05013e+08 30.7051
3.0584e+08 30.7376
3.05896e+08 30.7702
3.06265e+08 30.8027
3.06321e+08 30.8351
3.06321e+08 30.8676
3.06365e+08 30.9
3.06365e+08 30.9323
3.06466e+08 30.9646
3.06589e+08 30.9969
3.06935e+08 31.0292
3.06935e+08 31.0614
3.07181e+08 31.0936
3.07181e+08 31.1258
3.07181e+08 31.1579
3.07226e+08 31.19
3.07371e+08 31.2221
3.07729e+08 31.2541
3.07752e+08 31.2861
3.07874e+08 31.3181
3.07919e+08 31.35
3.07919e+08 31.3819
3.07942e+08 31.4137
3.08635e+08 31.4456
3.08914e+08 31.4774
3.10054e+08 31.5092
3.10278e+08 31.5409
3.10814e+08 31.5726
3.23018e+08 31.6043
3.23208e+08 31.6359
3.2332e+08 31.6675
3.24214e+08 31.6991
3.24404e+08 31.7306
3.24617e+08 31.7622
3.24684e+08 31.7936
3.24684e+08 31.8251
3.24706e+08 31.8565
3.24706e+08 31.8879
3.24706e+08 31.9193
3.24896e+08 31.9506
3.25019e+08 31.9819
3.25142e+08 32.0132
3.25321e+08 32.0444
3.25701e+08 32.0756
3.25779e+08 32.1068
3.25801e+08 32.1379
3.25846e+08 32.169
3.25846e+08 32.2001
3.26316e+08 32.2312
3.2636e+08 32.2622
3.26483e+08 32.2932
3.26483e+08 32.3242
3.26562e+08 32.3551
3.26562e+08 32.386
3.2731e+08 32.4169
3.27534e+08 32.4477
3.28574e+08 32.4786
3.28741e+08 32.5094
3.29513e+08 32.5401
3.42018e+08 32.5708
3.4213e+08 32.6015
3.4213e+08 32.6322
3.43751e+08 32.6629
3.44042e+08 32.6935
3.44187e+08 32.7241
3.44187e+08 32.7546
3.44187e+08 32.7852
3.44209e+08 32.8157
3.44209e+08 32.8461
3.44299e+08 32.8766
3.4441e+08 32.907
3.44455e+08 32.9374
3.44489e+08 32.9677
3.44489e+08 32.9981
3.44489e+08 33.0284
3.44556e+08 33.0587
3.44601e+08 33.0889
3.44768e+08 33.1191
3.44869e+08 33.1493
3.45036e+08 33.1795
3.45394e+08 33.2096
3.45484e+08 33.2397
3.45506e+08 33.2698
3.45573e+08 33.2999
3.45595e+08 33.3299
3.45651e+08 33.3599
3.46601e+08 33.3899
3.46803e+08 33.4198
3.47864e+08 33.4498
3.47999e+08 33.4797
3.48982e+08 33.5095
3.61589e+08 33.5394
3.61645e+08 33.5692
3.61667e+08 33.599
3.63813e+08 33.6287
3.63892e+08 33.6585
3.63925e+08 33.6882
3.63925e+08 33.7179
3.63925e+08 33.7475
3.63925e+08 33.7772
3.63925e+08 33.8068
3.6397e+08 33.8363
3.6397e+08 33.8659
3.64015e+08 33.8954
3.64171e+08 33.9249
3.64238e+08 33.9544
3.64238e+08 33.9839
3.64272e+08 34.0133
3.64294e+08 34.0427
3.64372e+08 34.0721
3.64909e+08 34.1014
3.65043e+08 34.1307
3.65043e+08 34.16
3.65043e+08 34.1893
3.65099e+08 34.2185
3.65099e+08 34.2478
3.65267e+08 34.277
3.65267e+08 34.3061
3.65322e+08 34.3353
3.66083e+08 34.3644
3.66686e+08 34.3935
3.6777e+08 34.4226
3.67904e+08 34.4516
3.68888e+08 34.4807
3.81719e+08 34.5097
3.81786e+08 34.5387
3.81842e+08 34.5676
3.8429e+08 34.5965
3.84312e+08 34.6254
3.84312e+08 34.6543
3.84413e+08 34.6832
3.8448e+08 34.712
3.84524e+08 34.7408
3.84524e+08 34.7696
3.84536e+08 34.7984
3.84569e+08 34.8271
3.8458e+08 34.8558
3.84715e+08 34.8845
3.84715e+08 34.9132
3.8477e+08 34.9418
3.8477e+08 34.9704
3.8477e+08 34.999
3.84849e+08 35.0276
3.84994e+08 35.0561
3.85251e+08 35.0847
3.8534e+08 35.1132
3.8534e+08 35.1417
3.8534e+08 35.1701
3.85341e+08 35.1985
3.85341e+08 35.227
3.85408e+08 35.2553
3.85408e+08 35.2837
3.85408e+08 35.312
3.86313e+08 35.3404
3.8714e+08 35.3687
3.87777e+08 35.3969
3.87844e+08 35.4252
3.89163e+08 35.4534
4.02475e+08 35.4816
4.02531e+08 35.5098
4.02531e+08 35.538
4.04889e+08 35.5661
4.05001e+08 35.5942
4.05079e+08 35.6223
4.05202e+08 35.6504
4.05314e+08 35.6784
4.05359e+08 35.7065
4.05459e+08 35.7345
4.05471e+08 35.7625
4.05471e+08 35.7904
4.05482e+08 35.8184
4.05538e+08 35.8463
4.05571e+08 35.8742
4.05739e+08 35.902
4.05772e+08 35.9299
4.05817e+08 35.9577
4.05962e+08 35.9855
4.05974e+08 36.0133
4.06007e+08 36.0411
4.06052e+08 36.0688
4.06253e+08 36.0966
4.06275e+08 36.1243
4.06287e+08 36.152
4.06287e+08 36.1796
4.0632e+08 36.2073
4.06376e+08 36.2349
4.06432e+08 36.2625
4.06465e+08 36.2901
4.07281e+08 36.3176
4.08332e+08 36.3451
4.08723e+08 36.3727
4.08846e+08 36.4002
4.10143e+08 36.4276
4.23812e+08 36.4551
4.23846e+08 36.4825
4.23891e+08 36.5099
4.25735e+08 36.5373
4.26171e+08 36.5647
4.26261e+08 36.592
4.26328e+08 36.6194
4.26652e+08 36.6467
4.26652e+08 36.6739
4.26965e+08 36.7012
4.26976e+08 36.7285
4.27032e+08 36.7557
4.27088e+08 36.7829
4.27211e+08 36.8101
4.27278e+08 36.8372
4.27367e+08 36.8644
4.27389e+08 36.8915
4.2749e+08 36.9186
4.27524e+08 36.9457
4.27524e+08 36.9728
4.27591e+08 36.9998
4.27591e+08 37.0269
4.27624e+08 37.0539
4.27725e+08 37.0809
4.27725e+08 37.1078
4.27725e+08 37.1348
4.27725e+08 37.1617
4.27792e+08 37.1886
4.27792e+08 37.2155
4.27926e+08 37.2424
4.27971e+08 37.2692
4.28843e+08 37.296
4.29793e+08 37.3229
4.30273e+08 37.3497
4.30329e+08 37.3764
4.31615e+08 37.4032
4.45687e+08 37.4299
4.45687e+08 37.4566
4.45787e+08 37.4833
4.47464e+08 37.51
4.4809e+08 37.5367
4.48202e+08 37.5633
4.48269e+08 37.5899
4.48459e+08 37.6165
4.48783e+08 37.6431
4.49141e+08 37.6697
4.49163e+08 37.6962
4.49242e+08 37.7228
4.49454e+08 37.7493
4.49554e+08 37.7758
4.49622e+08 37.8022
4.49677e+08 37.8287
4.49677e+08 37.8551
4.497e+08 37.8815
4.497e+08 37.9079
4.497e+08 37.9343
4.49722e+08 37.9607
4.49722e+08 37.987
4.49767e+08 38.0133
4.49767e+08 38.0397
4.49767e+08 38.0659
4.49767e+08 38.0922
4.49767e+08 38.1185
4.49767e+08 38.1447
4.49856e+08 38.1709
4.49856e+08 38.1971
4.4989e+08 38.2233
4.49991e+08 38.2495
4.5103e+08 38.2756
4.51477e+08 38.3017
4.51936e+08 38.3278
4.52159e+08 38.3539
4.53746e+08 38.38
4.68131e+08 38.406
4.68131e+08 38.4321
4.68266e+08 38.4581
4.69987e+08 38.4841
4.70591e+08 38.5101
4.70591e+08 38.5361
4.70781e+08 38.562
4.70781e+08 38.5879
4.71262e+08 38.6139
4.71865e+08 38.6398
4.71888e+08 38.6656
4.72111e+08 38.6915
4.72178e+08 38.7173
4.72301e+08 38.7432
4.7239e+08 38.769
4.7239e+08 38.7948
4.72413e+08 38.8206
4.72435e+08 38.8463
4.72435e+08 38.8721
4.72435e+08 38.8978
4.72435e+08 38.9235
4.72435e+08 38.9492
4.72435e+08 38.9749
4.72458e+08 39.0005
4.72502e+08 39.0262
4.72514e+08 39.0518
4.72569e+08 39.0774
4.72569e+08 39.103
4.72569e+08 39.1285
4.72614e+08 39.1541
4.72614e+08 39.1796
4.72715e+08 39.2052
4.72726e+08 39.2307
4.74012e+08 39.2562
4.74425e+08 39.2816
4.74526e+08 39.3071
4.74772e+08 39.3325
4.76236e+08 39.358
4.90934e+08 39.3834
4.90934e+08 39.4088
4.91337e+08 39.4341
4.92958e+08 39.4595
4.93472e+08 39.4848
4.93684e+08 39.5102
4.9383e+08 39.5355
4.93953e+08 39.5608
4.94042e+08 39.586
4.95115e+08 39.6113
4.95204e+08 39.6366
4.95238e+08 39.6618
4.9554e+08 39.687
4.95562e+08 39.7122
4.95607e+08 39.7374
4.95741e+08 39.7625
4.95741e+08 39.7877
4.95763e+08 39.8128
4.95775e+08 39.8379
4.95775e+08 39.863
4.95775e+08 39.8881
4.95786e+08 39.9132
4.95786e+08 39.9382
4.95786e+08 39.9633
4.95786e+08 39.9883
4.95875e+08 40.0133
4.95875e+08 40.0383
4.95875e+08 40.0633
4.95875e+08 40.0882
4.95875e+08 40.1132
4.95898e+08 40.1381
4.9592e+08 40.163
4.95987e+08 40.1879
4.96009e+08 40.2128
4.97418e+08 40.2377
4.97932e+08 40.2625
4.97966e+08 40.2874
4.98401e+08 40.3122
4.99419e+08 40.337
5.1415e+08 40.3618
5.1415e+08 40.3866
5.14721e+08 40.4113
5.1642e+08 40.4361
5.16644e+08 40.4608
5.16722e+08 40.4855
5.16935e+08 40.5102
5.17505e+08 40.5349
5.17549e+08 40.5596
5.18924e+08 40.5842
5.19058e+08 40.6089
5.19103e+08 40.6335
5.1936e+08 40.6581
5.19449e+08 40.6827
5.19505e+08 40.7073
5.19606e+08 40.7318
5.19673e+08 40.7564
5.19695e+08 40.7809
5.19718e+08 40.8055
5.19718e+08 40.83
5.19718e+08 40.8545
5.19729e+08 40.8789
5.19751e+08 40.9034
5.19751e+08 40.9278
5.19751e+08 40.9523
5.19785e+08 40.9767
5.19785e+08 41.0011
5.19807e+08 41.0255
5.19807e+08 41.0499
5.19807e+08 41.0742
5.19807e+08 41.0986
5.19818e+08 41.1229
5.19818e+08 41.1472
5.19863e+08 41.1715
5.19897e+08 41.1958
5.21451e+08 41.2201
5.22121e+08 41.2443
5.22356e+08 41.2686
5.22702e+08 41.2928
5.23228e+08 41.317
5.3825e+08 41.3412
5.3825e+08 41.3654
5.38631e+08 41.3896
5.40643e+08 41.4138
5.40889e+08 41.4379
5.41068e+08 41.462
5.41146e+08 41.4862
5.41415e+08 41.5103
5.41728e+08 41.5344
5.43125e+08 41.5584
5.43404e+08 41.5825
5.43561e+08 41.6065
5.43963e+08 41.6306
5.44052e+08 41.6546
5.44064e+08 41.6786
5.44097e+08 41.7026
5.44097e+08 41.7266
5.44254e+08 41.7505
5.44265e+08 41.7745
5.44276e+08 41.7984
5.44276e+08 41.8224
5.44287e+08 41.8463
5.44298e+08 41.8702
5.4431e+08 41.8941
5.4431e+08 41.9179
5.4431e+08 41.9418
5.4431e+08 41.9656
5.4431e+08 41.9894
5.44321e+08 42.0133
5.44343e+08 42.0371
5.44343e+08 42.0609
5.44354e+08 42.0846
5.44354e+08 42.1084
5.44377e+08 42.1321
5.44377e+08 42.1559
5.44433e+08 42.1796
5.46132e+08 42.2033
5.46445e+08 42.227
5.46691e+08 42.2507
5.46992e+08 42.2743
5.47384e+08 42.298
5.6311e+08 42.3216
5.6311e+08 42.3453
5.6339e+08 42.3689
5.6585e+08 42.3925
5.65917e+08 42.4161
5.6604e+08 42.4397
5.66331e+08 42.4632
5.66554e+08 42.4868
5.66621e+08 42.5103
5.67661e+08 42.5338
5.68119e+08 42.5573
5.68711e+08 42.5808
5.69036e+08 42.6043
5.69136e+08 42.6278
5.69136e+08 42.6513
5.69203e+08 42.6747
5.69226e+08 42.6981
5.69349e+08 42.7216
5.69371e+08 42.745
5.69382e+08 42.7684
5.69393e+08 42.7917
5.69393e+08 42.8151
5.69416e+08 42.8385
5.69416e+08 42.8618
5.69427e+08 42.8851
5.69427e+08 42.9085
5.69427e+08 42.9318
5.69427e+08 42.9551
5.69427e+08 42.9783
5.69427e+08 43.0016
5.69427e+08 43.0249
5.69427e+08 43.0481
5.69449e+08 43.0713
5.69449e+08 43.0945
5.69449e+08 43.1178
5.69517e+08 43.1409
5.69606e+08 43.1641
5.71383e+08 43.1873
5.71417e+08 43.2104
5.71629e+08 43.2336
5.71752e+08 43.2567
5.72412e+08 43.2798
5.88262e+08 43.3029
5.88273e+08 43.326
5.88854e+08 43.3491
5.91214e+08 43.3722
5.91851e+08 43.3952
5.91851e+08 43.4183
5.91974e+08 43.4413
5.92119e+08 43.4643
5.92119e+08 43.4873
5.92958e+08 43.5103
5.93248e+08 43.5333
5.9431e+08 43.5563
5.94601e+08 43.5792
5.94679e+08 43.6022
5.94701e+08 43.6251
5.94701e+08 43.6481
5.94746e+08 43.671
5.94779e+08 43.6939
5.94936e+08 43.7167
5.9507e+08 43.7396
5.9507e+08 43.7625
5.95081e+08 43.7853
5.95092e+08 43.8082
5.95115e+08 43.831
5.95115e+08 43.8538
5.95115e+08 43.8766
5.95115e+08 43.8994
5.95115e+08 43.9222
5.95126e+08 43.945
5.95126e+08 43.9677
5.95126e+08 43.9905
5.95126e+08 44.0132
5.95126e+08 44.0359
5.95126e+08 44.0586
5.95126e+08 44.0813
5.95126e+08 44.104
5.95171e+08 44.1267
5.95283e+08 44.1493
5.96982e+08 44.172
5.96982e+08 44.1946
5.97082e+08 44.2173
5.97261e+08 44.2399
5.98032e+08 44.2625
6.11614e+08 44.2851
6.11614e+08 44.3076
6.11959e+08 44.3302
6.1262e+08 44.3528
6.1262e+08 44.3753
6.1262e+08 44.3979
6.12621e+08 44.4204
6.12621e+08 44.4429
6.12621e+08 44.4654
6.12621e+08 44.4879
6.12642e+08 44.5104
6.12642e+08 44.5328
6.12642e+08 44.5553
6.12654e+08 44.5777
6.12654e+08 44.6002
6.12654e+08 44.6226
6.12654e+08 44.645
6.12654e+08 44.6674
6.12665e+08 44.6898
6.12676e+08 44.7122
6.12676e+08 44.7345
6.12676e+08 44.7569
6.12676e+08 44.7792
6.12676e+08 44.8015
6.12676e+08 44.8239
6.12676e+08 44.8462
6.12677e+08 44.8685
6.12677e+08 44.8908
6.12677e+08 44.913
6.12677e+08 44.9353
6.12677e+08 44.9576
6.12677e+08 44.9798
6.12677e+08 45.002
6.12677e+08 45.0243
6.12677e+08 45.0465
6.12677e+08 45.0687
6.12677e+08 45.0909
6.12688e+08 45.113
6.12713e+08 45.1352
6.12863e+08 45.1574
6.12897e+08 45.1795
6.12911e+08 45.2016
6.12953e+08 45.2238
6.13054e+08 45.2459
6.19464e+08 45.268
6.19475e+08 45.2901
6.1952e+08 45.3121
