4.18844e+06 2
8.28378e+06 2.5
8.28379e+06 2.9
9.78192e+06 3.24483
9.78209e+06 3.55301
1.16894e+07 3.83446
1.16894e+07 4.09525
1.17231e+07 4.33944
1.46139e+07 4.56988
1.46252e+07 4.78871
1.46252e+07 4.99753
1.46252e+07 5.19763
1.75994e+07 5.39003
1.75994e+07 5.57555
1.75994e+07 5.75491
1.75994e+07 5.92867
1.75994e+07 6.09735
2.20297e+07 6.26135
2.20297e+07 6.42106
2.20297e+07 6.5768
2.20298e+07 6.72885
2.20298e+07 6.87746
2.20298e+07 7.02286
2.61964e+07 7.16526
2.61964e+07 7.30482
2.61964e+07 7.44171
2.61966e+07 7.57609
2.61966e+07 7.70809
2.61966e+07 7.83782
2.61967e+07 7.96541
3.08285e+07 8.09095
3.08285e+07 8.21454
3.08285e+07 8.33628
3.08287e+07 8.45624
3.08287e+07 8.57449
3.08288e+07 8.69112
3.08288e+07 8.80618
3.5521e+07 8.91974
3.55434e+07 9.03185
3.55435e+07 9.14257
3.55435e+07 9.25194
3.55438e+07 9.36003
3.55438e+07 9.46687
3.56221e+07 9.5725
3.56333e+07 9.67696
4.15695e+07 9.7803
4.15696e+07 9.88255
4.15696e+07 9.98374
4.16032e+07 10.0839
4.16032e+07 10.1831
4.16035e+07 10.2813
4.16035e+07 10.3785
4.16036e+07 10.4749
4.16036e+07 10.5704
4.75237e+07 10.665
4.75237e+07 10.7587
4.75237e+07 10.8517
4.75461e+07 10.9438
4.75461e+07 11.0352
4.75573e+07 11.1258
4.758e+07 11.2157
4.75912e+07 11.3049
4.75913e+07 11.3933
4.76026e+07 11.4811
5.4902e+07 11.5682
5.4902e+07 11.6546
5.49132e+07 11.7404
5.49915e+07 11.8256
5.49915e+07 11.9102
5.49915e+07 11.9941
5.50363e+07 12.0775
5.52268e+07 12.1603
5.52268e+07 12.2425
5.5238e+07 12.3242
5.52605e+07 12.4054
6.23411e+07 12.486
6.23411e+07 12.5661
6.23412e+07 12.6456
6.23412e+07 12.7247
6.23412e+07 12.8033
6.23412e+07 12.8814
6.23636e+07 12.959
6.23636e+07 13.0362
6.25877e+07 13.1129
6.25989e+07 13.1892
6.26101e+07 13.265
6.26215e+07 13.3404
7.12206e+07 13.4153
7.12206e+07 13.4899
7.12318e+07 13.564
7.12318e+07 13.6377
7.12542e+07 13.7111
7.12542e+07 13.784
7.12654e+07 13.8566
7.12766e+07 13.9287
7.12766e+07 14.0005
7.15343e+07 14.0719
7.15343e+07 14.143
7.15903e+07 14.2137
7.16353e+07 14.2841
7.99504e+07 14.3541
7.99504e+07 14.4237
7.99728e+07 14.4931
7.99728e+07 14.5621
7.99728e+07 14.6307
7.99728e+07 14.6991
8.00288e+07 14.7671
8.00288e+07 14.8348
8.00623e+07 14.9022
8.00623e+07 14.9694
8.02643e+07 15.0362
8.02643e+07 15.1027
8.02979e+07 15.1689
8.03318e+07 15.2348
8.96681e+07 15.3004
8.96682e+07 15.3658
8.96682e+07 15.4309
8.96682e+07 15.4957
8.96682e+07 15.5602
8.96794e+07 15.6245
8.97576e+07 15.6885
8.97577e+07 15.7522
8.97577e+07 15.8157
8.97577e+07 15.8789
9.01162e+07 15.9419
9.01162e+07 16.0046
9.01162e+07 16.0671
9.01834e+07 16.1294
9.01949e+07 16.1914
9.9442e+07 16.2531
9.9442e+07 16.3146
9.94532e+07 16.3759
9.94867e+07 16.437
9.94867e+07 16.4978
9.95203e+07 16.5585
9.9565e+07 16.6189
9.95762e+07 16.679
9.95762e+07 16.739
9.95762e+07 16.7987
9.99572e+07 16.8582
9.99572e+07 16.9176
9.99572e+07 16.9767
9.99572e+07 17.0356
9.99573e+07 17.0943
9.99688e+07 17.1528
1.09971e+08 17.2111
1.09993e+08 17.2692
1.09993e+08 17.3271
1.09993e+08 17.3848
1.09993e+08 17.4423
1.10083e+08 17.4997
1.10139e+08 17.5568
1.10139e+08 17.6138
1.1015e+08 17.6705
1.1015e+08 17.7271
1.10699e+08 17.7835
1.10699e+08 17.8398
1.10699e+08 17.8958
1.10699e+08 17.9517
1.10699e+08 18.0074
1.10699e+08 18.0629
1.1071e+08 18.1183
1.21035e+08 18.1735
1.21035e+08 18.2285
1.21058e+08 18.2834
1.21058e+08 18.3381
1.21169e+08 18.3926
1.21169e+08 18.447
1.21203e+08 18.5012
1.21203e+08 18.5552
1.21214e+08 18.6091
1.21248e+08 18.6629
1.21875e+08 18.7164
1.21875e+08 18.7699
1.21875e+08 18.8231
1.21875e+08 18.8763
1.21875e+08 18.9293
1.21875e+08 18.9821
1.21875e+08 19.0348
1.21886e+08 19.0873
1.32695e+08 19.1397
1.32695e+08 19.1919
1.32729e+08 19.244
1.3274e+08 19.296
1.32852e+08 19.3478
1.32852e+08 19.3995
1.32874e+08 19.4511
1.32874e+08 19.5025
1.32908e+08 19.5537
1.32919e+08 19.6049
1.33646e+08 19.6559
1.33646e+08 19.7068
1.33646e+08 19.7575
1.33646e+08 19.8081
1.33647e+08 19.8586
1.33658e+08 19.909
1.33658e+08 19.9592
1.33658e+08 20.0093
1.33658e+08 20.0593
1.44458e+08 20.1091
1.44458e+08 20.1589
1.44514e+08 20.2085
1.44536e+08 20.2579
1.44704e+08 20.3073
1.44726e+08 20.3566
1.44749e+08 20.4057
1.44782e+08 20.4547
1.44827e+08 20.5036
1.44872e+08 20.5523
1.45733e+08 20.601
1.45733e+08 20.6495
1.45733e+08 20.698
1.45733e+08 20.7463
1.45745e+08 20.7945
1.45745e+08 20.8426
1.45745e+08 20.8906
1.45745e+08 20.9384
1.45745e+08 20.9862
1.45745e+08 21.0338
1.57289e+08 21.0814
1.57289e+08 21.1288
1.57356e+08 21.1761
1.57389e+08 21.2234
1.57468e+08 21.2705
1.57501e+08 21.3175
1.57535e+08 21.3644
1.57546e+08 21.4112
1.57557e+08 21.4579
1.57602e+08 21.5045
1.58654e+08 21.551
1.58654e+08 21.5974
1.58665e+08 21.6437
1.58665e+08 21.6899
1.58665e+08 21.736
1.58665e+08 21.782
1.58665e+08 21.8279
1.58665e+08 21.8738
1.58665e+08 21.9195
1.58665e+08 21.9651
1.58665e+08 22.0106
1.70418e+08 22.0561
1.70418e+08 22.1014
1.70462e+08 22.1466
1.70485e+08 22.1918
1.70597e+08 22.2369
1.70619e+08 22.2818
1.70675e+08 22.3267
1.70731e+08 22.3715
1.70742e+08 22.4162
1.70776e+08 22.4608
1.71872e+08 22.5053
1.71872e+08 22.5498
1.71872e+08 22.5941
1.71872e+08 22.6384
1.71883e+08 22.6825
1.71894e+08 22.7266
1.71951e+08 22.7706
1.71951e+08 22.8145
1.71951e+08 22.8584
1.71951e+08 22.9021
1.71951e+08 22.9458
1.71951e+08 22.9894
1.83366e+08 23.0329
1.83366e+08 23.0763
1.83522e+08 23.1196
1.83556e+08 23.1629
1.83612e+08 23.206
1.8369e+08 23.2491
1.83847e+08 23.2921
1.8388e+08 23.3351
1.8388e+08 23.3779
1.83914e+08 23.4207
1.85044e+08 23.4634
1.85044e+08 23.506
1.85044e+08 23.5486
1.85044e+08 23.591
1.85066e+08 23.6334
1.85088e+08 23.6757
1.851e+08 23.718
1.851e+08 23.7601
1.851e+08 23.8022
1.851e+08 23.8442
1.851e+08 23.8862
1.851e+08 23.928
1.97154e+08 23.9698
1.97154e+08 24.0116
1.97165e+08 24.0532
1.97299e+08 24.0948
1.97299e+08 24.1363
1.97344e+08 24.1777
1.97366e+08 24.2191
1.97568e+08 24.2604
1.97579e+08 24.3016
1.97579e+08 24.3427
1.97579e+08 24.3838
1.98899e+08 24.4248
1.98899e+08 24.4658
1.98899e+08 24.5066
1.98899e+08 24.5474
1.98921e+08 24.5882
1.98944e+08 24.6288
1.98944e+08 24.6694
1.98944e+08 24.71
1.98944e+08 24.7505
1.98944e+08 24.7909
1.98944e+08 24.8312
1.98955e+08 24.8715
2.11534e+08 24.9117
2.11534e+08 24.9518
2.11534e+08 24.9919
2.11534e+08 25.0319
2.11556e+08 25.0719
2.11579e+08 25.1117
2.11601e+08 25.1516
2.11601e+08 25.1913
2.11802e+08 25.231
2.11814e+08 25.2707
2.11892e+08 25.3102
2.11892e+08 25.3497
2.13458e+08 25.3892
2.13458e+08 25.4286
2.13469e+08 25.4679
2.13469e+08 25.5072
2.1348e+08 25.5464
2.13514e+08 25.5855
2.13514e+08 25.6246
2.13514e+08 25.6636
2.13525e+08 25.7026
2.13559e+08 25.7415
2.13559e+08 25.7803
2.13559e+08 25.8191
2.26548e+08 25.8579
2.26548e+08 25.8965
2.26604e+08 25.9351
2.26604e+08 25.9737
2.26615e+08 26.0122
2.26615e+08 26.0506
2.26615e+08 26.089
2.26615e+08 26.1274
2.26682e+08 26.1656
2.26705e+08 26.2039
2.2676e+08 26.242
2.26794e+08 26.2801
2.26794e+08 26.3182
2.28572e+08 26.3562
2.28572e+08 26.3941
2.28572e+08 26.432
2.28584e+08 26.4698
2.28595e+08 26.5076
2.28617e+08 26.5453
2.28629e+08 26.583
2.28629e+08 26.6206
2.28662e+08 26.6582
2.28685e+08 26.6957
2.28685e+08 26.7332
2.28685e+08 26.7706
2.42125e+08 26.8079
2.42125e+08 26.8452
2.42137e+08 26.8825
2.42137e+08 26.9197
2.4217e+08 26.9568
2.42193e+08 26.9939
2.42193e+08 27.031
2.42226e+08 27.068
2.42226e+08 27.1049
2.42226e+08 27.1418
2.42237e+08 27.1786
2.42249e+08 27.2154
2.42249e+08 27.2522
2.42249e+08 27.2889
2.44195e+08 27.3255
2.44195e+08 27.3621
2.44195e+08 27.3987
2.44195e+08 27.4352
2.44195e+08 27.4716
2.44195e+08 27.508
2.44251e+08 27.5444
2.44251e+08 27.5807
2.44296e+08 27.6169
2.44318e+08 27.6531
2.44318e+08 27.6893
2.44318e+08 27.7254
2.58214e+08 27.7615
2.58214e+08 27.7975
2.58214e+08 27.8335
2.58225e+08 27.8694
2.58225e+08 27.9053
2.58258e+08 27.9411
2.58258e+08 27.9769
2.58258e+08 28.0127
2.58326e+08 28.0484
2.58348e+08 28.084
2.58348e+08 28.1196
2.58348e+08 28.1552
2.58348e+08 28.1907
2.58359e+08 28.2262
2.58359e+08 28.2616
2.60339e+08 28.297
2.6035e+08 28.3323
2.6035e+08 28.3676
2.6035e+08 28.4029
2.60384e+08 28.4381
2.60384e+08 28.4732
2.60406e+08 28.5084
2.60406e+08 28.5434
2.60429e+08 28.5785
2.60485e+08 28.6135
2.60485e+08 28.6484
2.60485e+08 28.6833
2.74779e+08 28.7182
2.7479e+08 28.753
2.7479e+08 28.7878
2.7479e+08 28.8225
2.7479e+08 28.8572
2.74835e+08 28.8919
2.74857e+08 28.9265
2.74868e+08 28.961
2.74868e+08 28.9956
2.74902e+08 29.0301
2.74902e+08 29.0645
2.74913e+08 29.0989
2.74913e+08 29.1333
2.74913e+08 29.1676
2.74913e+08 29.2019
2.74913e+08 29.2361
2.77027e+08 29.2703
2.77027e+08 29.3045
2.77027e+08 29.3386
2.77027e+08 29.3727
2.77038e+08 29.4068
2.77038e+08 29.4408
2.77139e+08 29.4747
2.77139e+08 29.5087
2.77206e+08 29.5425
2.77318e+08 29.5764
2.77318e+08 29.6102
2.77318e+08 29.644
2.92001e+08 29.6777
2.92023e+08 29.7114
2.92023e+08 29.7451
2.92023e+08 29.7787
2.92034e+08 29.8123
2.92034e+08 29.8458
2.92034e+08 29.8793
2.92034e+08 29.9128
2.92034e+08 29.9462
2.92057e+08 29.9796
2.92079e+08 30.013
2.92113e+08 30.0463
2.92113e+08 30.0796
2.92113e+08 30.1128
2.92113e+08 30.146
2.92113e+08 30.1792
2.92124e+08 30.2123
2.94126e+08 30.2454
2.94126e+08 30.2785
2.94126e+08 30.3115
2.94149e+08 30.3445
2.94204e+08 30.3775
2.94204e+08 30.4104
2.94462e+08 30.4433
2.94473e+08 30.4761
2.94618e+08 30.5089
2.94686e+08 30.5417
2.94686e+08 30.5744
2.94719e+08 30.6071
3.09773e+08 30.6398
3.09784e+08 30.6725
3.09784e+08 30.7051
3.09784e+08 30.7376
3.09784e+08 30.7702
3.09784e+08 30.8027
3.09807e+08 30.8351
3.09807e+08 30.8676
3.09807e+08 30.9
3.09807e+08 30.9323
3.09807e+08 30.9646
3.09807e+08 30.9969
3.09807e+08 31.0292
3.09807e+08 31.0614
3.0984e+08 31.0936
3.0984e+08 31.1258
3.0984e+08 31.1579
3.0984e+08 31.19
3.11865e+08 31.2221
3.11865e+08 31.2541
3.11876e+08 31.2861
3.11876e+08 31.3181
3.11876e+08 31.35
3.11876e+08 31.3819
3.12167e+08 31.4137
3.12178e+08 31.4456
3.12458e+08 31.4774
3.1267e+08 31.5092
3.1267e+08 31.5409
3.1267e+08 31.5726
3.28214e+08 31.6043
3.2827e+08 31.6359
3.2827e+08 31.6675
3.2827e+08 31.6991
3.2827e+08 31.7306
3.2827e+08 31.7622
3.28292e+08 31.7936
3.28292e+08 31.8251
3.28292e+08 31.8565
3.28292e+08 31.8879
3.28292e+08 31.9193
3.28304e+08 31.9506
3.28304e+08 31.9819
3.28304e+08 32.0132
3.28304e+08 32.0444
3.28348e+08 32.0756
3.28348e+08 32.1068
3.28348e+08 32.1379
3.28348e+08 32.169
3.30373e+08 32.2001
3.30373e+08 32.2312
3.30373e+08 32.2622
3.30373e+08 32.2932
3.30373e+08 32.3242
3.30395e+08 32.3551
3.3053e+08 32.386
3.3053e+08 32.4169
3.30742e+08 32.4477
3.31301e+08 32.4786
3.31301e+08 32.5094
3.31313e+08 32.5401
3.47315e+08 32.5708
3.47371e+08 32.6015
3.47382e+08 32.6322
3.47382e+08 32.6629
3.47382e+08 32.6935
3.47382e+08 32.7241
3.47404e+08 32.7546
3.47404e+08 32.7852
3.47404e+08 32.8157
3.47404e+08 32.8461
3.47404e+08 32.8766
3.47404e+08 32.907
3.47404e+08 32.9374
3.47404e+08 32.9677
3.47416e+08 32.9981
3.47416e+08 33.0284
3.47416e+08 33.0587
3.47416e+08 33.0889
3.47416e+08 33.1191
3.47416e+08 33.1493
3.4953e+08 33.1795
3.4953e+08 33.2096
3.4953e+08 33.2397
3.4953e+08 33.2698
3.4953e+08 33.2999
3.4953e+08 33.3299
3.49642e+08 33.3599
3.49642e+08 33.3899
3.49821e+08 33.4198
3.50134e+08 33.4498
3.5019e+08 33.4797
3.5019e+08 33.5095
3.66978e+08 33.5394
3.67023e+08 33.5692
3.67023e+08 33.599
3.67023e+08 33.6287
3.67034e+08 33.6585
3.67034e+08 33.6882
3.67068e+08 33.7179
3.67079e+08 33.7475
3.67079e+08 33.7772
3.67079e+08 33.8068
3.67079e+08 33.8363
3.67079e+08 33.8659
3.67079e+08 33.8954
3.67079e+08 33.9249
3.67079e+08 33.9544
3.67079e+08 33.9839
3.67079e+08 34.0133
3.67079e+08 34.0427
3.67079e+08 34.0721
3.67079e+08 34.1014
3.67079e+08 34.1307
3.69249e+08 34.16
3.69249e+08 34.1893
3.69249e+08 34.2185
3.69249e+08 34.2478
3.6926e+08 34.277
3.6926e+08 34.3061
3.69406e+08 34.3353
3.69417e+08 34.3644
3.6954e+08 34.3935
3.69675e+08 34.4226
3.69675e+08 34.4516
3.69675e+08 34.4807
3.8727e+08 34.5097
3.87304e+08 34.5387
3.87304e+08 34.5676
3.87304e+08 34.5965
3.87304e+08 34.6254
3.87304e+08 34.6543
3.87337e+08 34.6832
3.87337e+08 34.712
3.87337e+08 34.7408
3.87337e+08 34.7696
3.87337e+08 34.7984
3.87337e+08 34.8271
3.87337e+08 34.8558
3.87349e+08 34.8845
3.87349e+08 34.9132
3.87349e+08 34.9418
3.87349e+08 34.9704
3.87349e+08 34.999
3.87349e+08 35.0276
3.87349e+08 35.0561
3.87349e+08 35.0847
3.87349e+08 35.1132
3.89351e+08 35.1417
3.89373e+08 35.1701
3.89396e+08 35.1985
3.89429e+08 35.227
3.89474e+08 35.2553
3.8953e+08 35.2837
3.8972e+08 35.312
3.89776e+08 35.3404
3.89866e+08 35.3687
3.90011e+08 35.3969
3.90011e+08 35.4252
3.90011e+08 35.4534
4.08059e+08 35.4816
4.08104e+08 35.5098
4.08104e+08 35.538
4.08104e+08 35.5661
4.08115e+08 35.5942
4.08115e+08 35.6223
4.0816e+08 35.6504
4.0816e+08 35.6784
4.0816e+08 35.7065
4.0816e+08 35.7345
4.0816e+08 35.7625
4.0816e+08 35.7904
4.0816e+08 35.8184
4.0816e+08 35.8463
4.0816e+08 35.8742
4.0816e+08 35.902
4.0816e+08 35.9299
4.0816e+08 35.9577
4.0816e+08 35.9855
4.0816e+08 36.0133
4.0816e+08 36.0411
4.0816e+08 36.0688
4.0816e+08 36.0966
4.10107e+08 36.1243
4.10118e+08 36.152
4.10118e+08 36.1796
4.10151e+08 36.2073
4.10174e+08 36.2349
4.10185e+08 36.2625
4.10599e+08 36.2901
4.10599e+08 36.3176
4.10811e+08 36.3451
4.10901e+08 36.3727
4.10935e+08 36.4002
4.10935e+08 36.4276
4.29525e+08 36.4551
4.2957e+08 36.4825
4.2957e+08 36.5099
4.29581e+08 36.5373
4.29581e+08 36.5647
4.29581e+08 36.592
4.29626e+08 36.6194
4.29637e+08 36.6467
4.29637e+08 36.6739
4.29637e+08 36.7012
4.29637e+08 36.7285
4.2966e+08 36.7557
4.2966e+08 36.7829
4.2966e+08 36.8101
4.2966e+08 36.8372
4.2966e+08 36.8644
4.2966e+08 36.8915
4.2966e+08 36.9186
4.2966e+08 36.9457
4.29671e+08 36.9728
4.29682e+08 36.9998
4.29682e+08 37.0269
4.29682e+08 37.0539
4.29682e+08 37.0809
4.31271e+08 37.1078
4.31338e+08 37.1348
4.31427e+08 37.1617
4.31472e+08 37.1886
4.31506e+08 37.2155
4.31528e+08 37.2424
4.32165e+08 37.2692
4.32177e+08 37.296
4.32367e+08 37.3229
4.32445e+08 37.3497
4.32457e+08 37.3764
4.32479e+08 37.4032
4.51585e+08 37.4299
4.51619e+08 37.4566
4.51619e+08 37.4833
4.51641e+08 37.51
4.51641e+08 37.5367
4.51641e+08 37.5633
4.51686e+08 37.5899
4.51742e+08 37.6165
4.51742e+08 37.6431
4.51742e+08 37.6697
4.51742e+08 37.6962
4.51742e+08 37.7228
4.51742e+08 37.7493
4.51742e+08 37.7758
4.51742e+08 37.8022
4.51742e+08 37.8287
4.51742e+08 37.8551
4.51742e+08 37.8815
4.51742e+08 37.9079
4.51753e+08 37.9343
4.51753e+08 37.9607
4.51776e+08 37.987
4.51776e+08 38.0133
4.51776e+08 38.0397
4.51776e+08 38.0659
4.53264e+08 38.0922
4.53264e+08 38.1185
4.53275e+08 38.1447
4.53297e+08 38.1709
4.53309e+08 38.1971
4.53376e+08 38.2233
4.54315e+08 38.2495
4.54315e+08 38.2756
4.54516e+08 38.3017
4.54561e+08 38.3278
4.54561e+08 38.3539
4.54561e+08 38.38
4.74319e+08 38.406
4.74319e+08 38.4321
4.74319e+08 38.4581
4.74341e+08 38.4841
4.74341e+08 38.5101
4.74353e+08 38.5361
4.7442e+08 38.562
4.74498e+08 38.5879
4.74498e+08 38.6139
4.74498e+08 38.6398
4.74498e+08 38.6656
4.74498e+08 38.6915
4.74498e+08 38.7173
4.74498e+08 38.7432
4.74498e+08 38.769
4.74498e+08 38.7948
4.74498e+08 38.8206
4.74498e+08 38.8463
4.74498e+08 38.8721
4.7451e+08 38.8978
4.74521e+08 38.9235
4.74554e+08 38.9492
4.74554e+08 38.9749
4.74565e+08 39.0005
4.74565e+08 39.0262
4.74565e+08 39.0518
4.76031e+08 39.0774
4.76031e+08 39.103
4.76043e+08 39.1285
4.76065e+08 39.1541
4.76087e+08 39.1796
4.76143e+08 39.2052
4.77105e+08 39.2307
4.77105e+08 39.2562
4.77373e+08 39.2816
4.77441e+08 39.3071
4.77485e+08 39.3325
4.77485e+08 39.358
4.97585e+08 39.3834
4.97585e+08 39.4088
4.97585e+08 39.4341
4.97586e+08 39.4595
4.97586e+08 39.4848
4.97586e+08 39.5102
4.97697e+08 39.5355
4.97787e+08 39.5608
4.97787e+08 39.586
4.97787e+08 39.6113
4.97787e+08 39.6366
4.97798e+08 39.6618
4.97798e+08 39.687
4.97798e+08 39.7122
4.97798e+08 39.7374
4.97798e+08 39.7625
4.97798e+08 39.7877
4.97809e+08 39.8128
4.97832e+08 39.8379
4.97843e+08 39.863
4.97843e+08 39.8881
4.97843e+08 39.9132
4.97843e+08 39.9382
4.97843e+08 39.9633
4.97843e+08 39.9883
4.97843e+08 40.0133
4.97843e+08 40.0383
4.99432e+08 40.0633
4.99432e+08 40.0882
4.99466e+08 40.1132
4.99466e+08 40.1381
4.99477e+08 40.163
4.99477e+08 40.1879
5.00293e+08 40.2128
5.00293e+08 40.2377
5.00685e+08 40.2625
5.0083e+08 40.2874
5.0083e+08 40.3122
5.0083e+08 40.337
5.21439e+08 40.3618
5.21439e+08 40.3866
5.21461e+08 40.4113
5.21461e+08 40.4361
5.21461e+08 40.4608
5.21461e+08 40.4855
5.21484e+08 40.5102
5.21674e+08 40.5349
5.21674e+08 40.5596
5.21674e+08 40.5842
5.21674e+08 40.6089
5.21674e+08 40.6335
5.21674e+08 40.6581
5.21685e+08 40.6827
5.21685e+08 40.7073
5.21685e+08 40.7318
5.21685e+08 40.7564
5.21685e+08 40.7809
5.21697e+08 40.8055
5.21697e+08 40.83
5.21708e+08 40.8545
5.21708e+08 40.8789
5.2173e+08 40.9034
5.21741e+08 40.9278
5.21753e+08 40.9523
5.21753e+08 40.9767
5.21753e+08 41.0011
5.21753e+08 41.0255
5.23096e+08 41.0499
5.23129e+08 41.0742
5.23364e+08 41.0986
5.23364e+08 41.1229
5.23375e+08 41.1472
5.23375e+08 41.1715
5.23912e+08 41.1958
5.2399e+08 41.2201
5.24538e+08 41.2443
5.24673e+08 41.2686
5.24684e+08 41.2928
5.24695e+08 41.317
5.45937e+08 41.3412
5.45937e+08 41.3654
5.45959e+08 41.3896
5.45981e+08 41.4138
5.45981e+08 41.4379
5.45981e+08 41.462
5.46026e+08 41.4862
5.46116e+08 41.5103
5.46127e+08 41.5344
5.46127e+08 41.5584
5.46127e+08 41.5825
5.46127e+08 41.6065
5.46127e+08 41.6306
5.46138e+08 41.6546
5.46149e+08 41.6786
5.46149e+08 41.7026
5.46149e+08 41.7266
5.46194e+08 41.7505
5.46217e+08 41.7745
5.46217e+08 41.7984
5.46228e+08 41.8224
5.46228e+08 41.8463
5.46228e+08 41.8702
5.46228e+08 41.8941
5.46228e+08 41.9179
5.46284e+08 41.9418
5.46295e+08 41.9656
5.46295e+08 41.9894
5.46295e+08 42.0133
5.47403e+08 42.0371
5.47426e+08 42.0609
5.4756e+08 42.0846
5.47582e+08 42.1084
5.47605e+08 42.1321
5.47627e+08 42.1559
5.48354e+08 42.1796
5.48399e+08 42.2033
5.4907e+08 42.227
5.49148e+08 42.2507
5.49148e+08 42.2743
5.49159e+08 42.298
5.71058e+08 42.3216
5.71058e+08 42.3453
5.71058e+08 42.3689
5.71081e+08 42.3925
5.71092e+08 42.4161
5.71092e+08 42.4397
5.71137e+08 42.4632
5.71226e+08 42.4868
5.71226e+08 42.5103
5.71238e+08 42.5338
5.71238e+08 42.5573
5.71294e+08 42.5808
5.71305e+08 42.6043
5.71305e+08 42.6278
5.71316e+08 42.6513
5.71349e+08 42.6747
5.71349e+08 42.6981
5.71406e+08 42.7216
5.71439e+08 42.745
5.71439e+08 42.7684
5.71439e+08 42.7917
5.71439e+08 42.8151
5.71439e+08 42.8385
5.71439e+08 42.8618
5.71439e+08 42.8851
5.71439e+08 42.9085
5.71439e+08 42.9318
5.71439e+08 42.9551
5.7145e+08 42.9783
5.71462e+08 43.0016
5.72469e+08 43.0249
5.72481e+08 43.0481
5.72559e+08 43.0713
5.72559e+08 43.0945
5.72581e+08 43.1178
5.72626e+08 43.1409
5.73431e+08 43.1641
5.73498e+08 43.1873
5.73946e+08 43.2104
5.74248e+08 43.2336
5.74292e+08 43.2567
5.74371e+08 43.2798
5.9655e+08 43.3029
5.96573e+08 43.326
5.96584e+08 43.3491
5.96785e+08 43.3722
5.9683e+08 43.3952
5.9683e+08 43.4183
5.9683e+08 43.4413
5.96919e+08 43.4643
5.96919e+08 43.4873
5.96919e+08 43.5103
5.96919e+08 43.5333
5.96942e+08 43.5563
5.96942e+08 43.5792
5.96942e+08 43.6022
5.96953e+08 43.6251
5.96953e+08 43.6481
5.96953e+08 43.671
5.97032e+08 43.6939
5.97065e+08 43.7167
5.97065e+08 43.7396
5.97065e+08 43.7625
5.97065e+08 43.7853
5.97065e+08 43.8082
5.97065e+08 43.831
5.97065e+08 43.8538
5.97065e+08 43.8766
5.97065e+08 43.8994
5.97065e+08 43.9222
5.97065e+08 43.945
5.97065e+08 43.9677
5.97077e+08 43.9905
5.98028e+08 44.0132
5.9804e+08 44.0359
5.98096e+08 44.0586
5.98118e+08 44.0813
5.98129e+08 44.104
5.98163e+08 44.1267
5.98912e+08 44.1493
5.98979e+08 44.172
5.99382e+08 44.1946
5.99729e+08 44.2173
5.99729e+08 44.2399
5.99818e+08 44.2625
6.22626e+08 44.2851
6.22626e+08 44.3076
6.22626e+08 44.3302
6.22917e+08 44.3528
6.22939e+08 44.3753
6.22973e+08 44.3979
6.22984e+08 44.4204
6.2304e+08 44.4429
6.2304e+08 44.4654
6.2304e+08 44.4879
6.23085e+08 44.5104
6.23185e+08 44.5328
6.23197e+08 44.5553
6.23197e+08 44.5777
6.23219e+08 44.6002
6.2323e+08 44.6226
6.2323e+08 44.645
6.23398e+08 44.6674
6.23432e+08 44.6898
6.23432e+08 44.7122
6.23432e+08 44.7345
6.23432e+08 44.7569
6.23432e+08 44.7792
6.23432e+08 44.8015
6.23432e+08 44.8239
6.23432e+08 44.8462
6.23432e+08 44.8685
6.23432e+08 44.8908
6.23432e+08 44.913
6.23432e+08 44.9353
6.23432e+08 44.9576
6.24172e+08 44.9798
6.24172e+08 45.002
6.24172e+08 45.0243
6.24172e+08 45.0465
6.24172e+08 45.0687
6.24172e+08 45.0909
6.24172e+08 45.113
6.24183e+08 45.1352
6.24183e+08 45.1574
6.24184e+08 45.1795
6.24184e+08 45.2016
6.24184e+08 45.2238
6.24184e+08 45.2459
6.29825e+08 45.268
6.29825e+08 45.2901
6.29825e+08 45.3121
