5.39337e+06 2
8.36219e+06 2.5
8.3622e+06 2.9
9.75859e+06 3.24483
9.81447e+06 3.55301
1.22745e+07 3.83446
1.22745e+07 4.09525
1.22857e+07 4.33944
1.53048e+07 4.56988
1.53048e+07 4.78871
1.5316e+07 4.99753
1.5316e+07 5.19763
1.85281e+07 5.39003
1.85281e+07 5.57555
1.86064e+07 5.75491
1.86287e+07 5.92867
1.86511e+07 6.09735
2.28444e+07 6.26135
2.29115e+07 6.42106
2.30903e+07 6.5768
2.30903e+07 6.72885
2.30903e+07 6.87746
2.31798e+07 7.02286
2.70268e+07 7.16526
2.71051e+07 7.30482
2.72281e+07 7.44171
2.72728e+07 7.57609
2.72952e+07 7.70809
2.73063e+07 7.83782
2.73175e+07 7.96541
3.12428e+07 8.09095
3.15894e+07 8.21454
3.17682e+07 8.33628
3.17906e+07 8.45624
3.18353e+07 8.57449
3.18353e+07 8.69112
3.18913e+07 8.80618
3.63754e+07 8.91974
3.63754e+07 9.03185
3.66102e+07 9.14257
3.66102e+07 9.25194
3.68114e+07 9.36003
3.68897e+07 9.46687
3.69679e+07 9.5725
3.71133e+07 9.67696
4.24815e+07 9.7803
4.24816e+07 9.88255
4.24816e+07 9.98374
4.25151e+07 10.0839
4.25375e+07 10.1831
4.25598e+07 10.2813
4.27834e+07 10.3785
4.28058e+07 10.4749
4.28841e+07 10.5704
4.90904e+07 10.665
4.90904e+07 10.7587
4.91016e+07 10.8517
4.91016e+07 10.9438
4.91016e+07 11.0352
4.91016e+07 11.1258
4.91128e+07 11.2157
4.92023e+07 11.3049
4.92023e+07 11.3933
4.92247e+07 11.4811
5.55543e+07 11.5682
5.55543e+07 11.6546
5.55543e+07 11.7404
5.56214e+07 11.8256
5.5655e+07 11.9102
5.56773e+07 11.9941
5.57332e+07 12.0775
5.57333e+07 12.1603
5.59568e+07 12.2425
5.59792e+07 12.3242
5.59793e+07 12.4054
6.32038e+07 12.486
6.32038e+07 12.5661
6.3215e+07 12.6456
6.32373e+07 12.7247
6.32485e+07 12.8033
6.32709e+07 12.8814
6.33491e+07 12.959
6.34274e+07 13.0362
6.34386e+07 13.1129
6.34386e+07 13.1892
6.34387e+07 13.265
6.34387e+07 13.3404
7.09941e+07 13.4153
7.09941e+07 13.4899
7.09941e+07 13.564
7.09941e+07 13.6377
7.09941e+07 13.7111
7.09941e+07 13.784
7.09941e+07 13.8566
7.11059e+07 13.9287
7.11283e+07 14.0005
7.12401e+07 14.0719
7.12513e+07 14.143
7.12513e+07 14.2137
7.13184e+07 14.2841
7.96496e+07 14.3541
7.96496e+07 14.4237
7.96496e+07 14.4931
7.96496e+07 14.5621
7.96497e+07 14.6307
7.96608e+07 14.6991
7.96608e+07 14.7671
7.96609e+07 14.8348
7.96609e+07 14.9022
7.96832e+07 14.9694
7.98286e+07 15.0362
7.98621e+07 15.1027
7.98733e+07 15.1689
7.99293e+07 15.2348
8.88334e+07 15.3004
8.88446e+07 15.3658
8.88446e+07 15.4309
8.88446e+07 15.4957
8.88446e+07 15.5602
8.88446e+07 15.6245
8.88446e+07 15.6885
8.88446e+07 15.7522
8.88446e+07 15.8157
8.88447e+07 15.8789
8.89006e+07 15.9419
8.899e+07 16.0046
8.90124e+07 16.0671
8.90571e+07 16.1294
8.90571e+07 16.1914
9.81189e+07 16.2531
9.81189e+07 16.3146
9.81189e+07 16.3759
9.81189e+07 16.437
9.81189e+07 16.4978
9.82642e+07 16.5585
9.82977e+07 16.6189
9.83872e+07 16.679
9.83984e+07 16.739
9.84319e+07 16.7987
9.86779e+07 16.8582
9.87114e+07 16.9176
9.87114e+07 16.9767
9.87114e+07 17.0356
9.87674e+07 17.0943
9.87786e+07 17.1528
1.06965e+08 17.2111
1.06987e+08 17.2692
1.07457e+08 17.3271
1.07569e+08 17.3848
1.07569e+08 17.4423
1.07569e+08 17.4997
1.07569e+08 17.5568
1.07569e+08 17.6138
1.0768e+08 17.6705
1.07803e+08 17.7271
1.08776e+08 17.7835
1.08776e+08 17.8398
1.08809e+08 17.8958
1.08876e+08 17.9517
1.08876e+08 18.0074
1.09066e+08 18.0629
1.09167e+08 18.1183
1.16516e+08 18.1735
1.16572e+08 18.2285
1.17086e+08 18.2834
1.176e+08 18.3381
1.17678e+08 18.3926
1.17757e+08 18.447
1.17757e+08 18.5012
1.17757e+08 18.5552
1.17824e+08 18.6091
1.17868e+08 18.6629
1.18953e+08 18.7164
1.19198e+08 18.7699
1.19344e+08 18.8231
1.19422e+08 18.8763
1.19511e+08 18.9293
1.19556e+08 18.9821
1.1978e+08 19.0348
1.1997e+08 19.0873
1.27703e+08 19.1397
1.27714e+08 19.1919
1.27725e+08 19.244
1.2787e+08 19.296
1.2787e+08 19.3478
1.27937e+08 19.3995
1.27937e+08 19.4511
1.27937e+08 19.5025
1.28071e+08 19.5537
1.2815e+08 19.6049
1.2844e+08 19.6559
1.28485e+08 19.7068
1.28798e+08 19.7575
1.2882e+08 19.8081
1.29122e+08 19.8586
1.2939e+08 19.909
1.29625e+08 19.9592
1.29715e+08 20.0093
1.30933e+08 20.0593
1.39523e+08 20.1091
1.39523e+08 20.1589
1.39546e+08 20.2085
1.39635e+08 20.2579
1.3968e+08 20.3073
1.39725e+08 20.3566
1.39725e+08 20.4057
1.39725e+08 20.4547
1.39825e+08 20.5036
1.39825e+08 20.5523
1.4016e+08 20.601
1.4016e+08 20.6495
1.40216e+08 20.698
1.40283e+08 20.7463
1.40283e+08 20.7945
1.4035e+08 20.8426
1.41043e+08 20.8906
1.41043e+08 20.9384
1.41043e+08 20.9862
1.41938e+08 21.0338
1.52026e+08 21.0814
1.52026e+08 21.1288
1.52026e+08 21.1761
1.52093e+08 21.2234
1.52093e+08 21.2705
1.52093e+08 21.3175
1.52093e+08 21.3644
1.52093e+08 21.4112
1.52115e+08 21.4579
1.52127e+08 21.5045
1.52127e+08 21.551
1.52127e+08 21.5974
1.52127e+08 21.6437
1.5216e+08 21.6899
1.52183e+08 21.736
1.52183e+08 21.782
1.52238e+08 21.8279
1.52272e+08 21.8738
1.52417e+08 21.9195
1.53468e+08 21.9651
1.53468e+08 22.0106
1.65054e+08 22.0561
1.6511e+08 22.1014
1.6511e+08 22.1466
1.65121e+08 22.1918
1.65121e+08 22.2369
1.65121e+08 22.2818
1.65133e+08 22.3267
1.65155e+08 22.3715
1.652e+08 22.4162
1.652e+08 22.4608
1.652e+08 22.5053
1.652e+08 22.5498
1.652e+08 22.5941
1.652e+08 22.6384
1.65278e+08 22.6825
1.65278e+08 22.7266
1.65613e+08 22.7706
1.65669e+08 22.8145
1.66005e+08 22.8584
1.66943e+08 22.9021
1.66943e+08 22.9458
1.66943e+08 22.9894
1.78228e+08 23.0329
1.78228e+08 23.0763
1.78228e+08 23.1196
1.78228e+08 23.1629
1.78228e+08 23.206
1.78228e+08 23.2491
1.78262e+08 23.2921
1.78329e+08 23.3351
1.78329e+08 23.3779
1.78329e+08 23.4207
1.78329e+08 23.4634
1.78329e+08 23.506
1.78329e+08 23.5486
1.78329e+08 23.591
1.78329e+08 23.6334
1.78329e+08 23.6757
1.7834e+08 23.718
1.78351e+08 23.7601
1.78351e+08 23.8022
1.78497e+08 23.8442
1.78541e+08 23.8862
1.78664e+08 23.928
1.91995e+08 23.9698
1.91995e+08 24.0116
1.91995e+08 24.0532
1.91995e+08 24.0948
1.91995e+08 24.1363
1.92006e+08 24.1777
1.92006e+08 24.2191
1.92017e+08 24.2604
1.92017e+08 24.3016
1.92028e+08 24.3427
1.92039e+08 24.3838
1.92039e+08 24.4248
1.92051e+08 24.4658
1.92062e+08 24.5066
1.92062e+08 24.5474
1.92073e+08 24.5882
1.92073e+08 24.6288
1.92073e+08 24.6694
1.92084e+08 24.71
1.92095e+08 24.7505
1.92185e+08 24.7909
1.92196e+08 24.8312
1.92297e+08 24.8715
2.06365e+08 24.9117
2.06365e+08 24.9518
2.06365e+08 24.9919
2.06365e+08 25.0319
2.06365e+08 25.0719
2.06365e+08 25.1117
2.06376e+08 25.1516
2.06387e+08 25.1913
2.06387e+08 25.231
2.06387e+08 25.2707
2.06387e+08 25.3102
2.06387e+08 25.3497
2.06387e+08 25.3892
2.06387e+08 25.4286
2.06387e+08 25.4679
2.06387e+08 25.5072
2.06387e+08 25.5464
2.06387e+08 25.5855
2.06399e+08 25.6246
2.06399e+08 25.6636
2.06432e+08 25.7026
2.06499e+08 25.7415
2.06499e+08 25.7803
2.06544e+08 25.8191
2.21317e+08 25.8579
2.21317e+08 25.8965
2.21317e+08 25.9351
2.21317e+08 25.9737
2.21317e+08 26.0122
2.21317e+08 26.0506
2.21317e+08 26.089
2.21328e+08 26.1274
2.21328e+08 26.1656
2.21328e+08 26.2039
2.21328e+08 26.242
2.21328e+08 26.2801
2.21328e+08 26.3182
2.21339e+08 26.3562
2.21339e+08 26.3941
2.21339e+08 26.432
2.21339e+08 26.4698
2.21351e+08 26.5076
2.21351e+08 26.5453
2.21351e+08 26.583
2.21351e+08 26.6206
2.21351e+08 26.6582
2.21351e+08 26.6957
2.21362e+08 26.7332
2.21384e+08 26.7706
2.36861e+08 26.8079
2.36861e+08 26.8452
2.36861e+08 26.8825
2.36861e+08 26.9197
2.36861e+08 26.9568
2.36861e+08 26.9939
2.36861e+08 27.031
2.36861e+08 27.068
2.36884e+08 27.1049
2.36884e+08 27.1418
2.36884e+08 27.1786
2.36884e+08 27.2154
2.36884e+08 27.2522
2.36884e+08 27.2889
2.36884e+08 27.3255
2.36884e+08 27.3621
2.36884e+08 27.3987
2.36895e+08 27.4352
2.36895e+08 27.4716
2.36895e+08 27.508
2.36895e+08 27.5444
2.36895e+08 27.5807
2.36895e+08 27.6169
2.36895e+08 27.6531
2.36906e+08 27.6893
2.36906e+08 27.7254
2.52999e+08 27.7615
2.52999e+08 27.7975
2.52999e+08 27.8335
2.52999e+08 27.8694
2.52999e+08 27.9053
2.52999e+08 27.9411
2.52999e+08 27.9769
2.52999e+08 28.0127
2.52999e+08 28.0484
2.52999e+08 28.084
2.52999e+08 28.1196
2.53032e+08 28.1552
2.53032e+08 28.1907
2.53032e+08 28.2262
2.53032e+08 28.2616
2.53032e+08 28.297
2.53032e+08 28.3323
2.53032e+08 28.3676
2.53032e+08 28.4029
2.53032e+08 28.4381
2.53032e+08 28.4732
2.53032e+08 28.5084
2.53032e+08 28.5434
2.53032e+08 28.5785
2.53033e+08 28.6135
2.53033e+08 28.6484
2.53033e+08 28.6833
2.69706e+08 28.7182
2.69706e+08 28.753
2.69706e+08 28.7878
2.69718e+08 28.8225
2.69718e+08 28.8572
2.69718e+08 28.8919
2.69718e+08 28.9265
2.69718e+08 28.961
2.69718e+08 28.9956
2.69718e+08 29.0301
2.69718e+08 29.0645
2.69718e+08 29.0989
2.69718e+08 29.1333
2.69718e+08 29.1676
2.69718e+08 29.2019
2.69751e+08 29.2361
2.69751e+08 29.2703
2.69751e+08 29.3045
2.69751e+08 29.3386
2.69751e+08 29.3727
2.69751e+08 29.4068
2.69751e+08 29.4408
2.69751e+08 29.4747
2.69751e+08 29.5087
2.69751e+08 29.5425
2.69751e+08 29.5764
2.69751e+08 29.6102
2.69751e+08 29.644
2.86943e+08 29.6777
2.86943e+08 29.7114
2.86943e+08 29.7451
2.86943e+08 29.7787
2.86943e+08 29.8123
2.86965e+08 29.8458
2.86999e+08 29.8793
2.87044e+08 29.9128
2.87044e+08 29.9462
2.87044e+08 29.9796
2.87044e+08 30.013
2.87044e+08 30.0463
2.87044e+08 30.0796
2.87044e+08 30.1128
2.87044e+08 30.146
2.87044e+08 30.1792
2.87044e+08 30.2123
2.87044e+08 30.2454
2.87044e+08 30.2785
2.87044e+08 30.3115
2.87044e+08 30.3445
2.87044e+08 30.3775
2.87044e+08 30.4104
2.87044e+08 30.4433
2.87055e+08 30.4761
2.87066e+08 30.5089
2.87077e+08 30.5417
2.87077e+08 30.5744
2.87077e+08 30.6071
3.04836e+08 30.6398
3.04858e+08 30.6725
3.04858e+08 30.7051
3.0487e+08 30.7376
3.0487e+08 30.7702
3.04881e+08 30.8027
3.04892e+08 30.8351
3.04948e+08 30.8676
3.0497e+08 30.9
3.04993e+08 30.9323
3.04993e+08 30.9646
3.04993e+08 30.9969
3.04993e+08 31.0292
3.04993e+08 31.0614
3.04993e+08 31.0936
3.04993e+08 31.1258
3.04993e+08 31.1579
3.04993e+08 31.19
3.04993e+08 31.2221
3.04993e+08 31.2541
3.04993e+08 31.2861
3.04993e+08 31.3181
3.04993e+08 31.35
3.04993e+08 31.3819
3.04993e+08 31.4137
3.04993e+08 31.4456
3.04993e+08 31.4774
3.04993e+08 31.5092
3.04993e+08 31.5409
3.05026e+08 31.5726
3.23281e+08 31.6043
3.23281e+08 31.6359
3.23292e+08 31.6675
3.23314e+08 31.6991
3.23314e+08 31.7306
3.23348e+08 31.7622
3.2337e+08 31.7936
3.23381e+08 31.8251
3.23381e+08 31.8565
3.23516e+08 31.8879
3.23516e+08 31.9193
3.23516e+08 31.9506
3.23516e+08 31.9819
3.23516e+08 32.0132
3.23516e+08 32.0444
3.23516e+08 32.0756
3.23516e+08 32.1068
3.23516e+08 32.1379
3.23516e+08 32.169
3.23516e+08 32.2001
3.23516e+08 32.2312
3.23516e+08 32.2622
3.23516e+08 32.2932
3.23516e+08 32.3242
3.23516e+08 32.3551
3.23516e+08 32.386
3.23516e+08 32.4169
3.23516e+08 32.4477
3.23516e+08 32.4786
3.23516e+08 32.5094
3.23527e+08 32.5401
3.42158e+08 32.5708
3.42158e+08 32.6015
3.42158e+08 32.6322
3.42281e+08 32.6629
3.42315e+08 32.6935
3.42359e+08 32.7241
3.42393e+08 32.7546
3.42415e+08 32.7852
3.42415e+08 32.8157
3.42572e+08 32.8461
3.42583e+08 32.8766
3.42583e+08 32.907
3.42583e+08 32.9374
3.42583e+08 32.9677
3.42583e+08 32.9981
3.42583e+08 33.0284
3.42583e+08 33.0587
3.42583e+08 33.0889
3.42583e+08 33.1191
3.42583e+08 33.1493
3.42583e+08 33.1795
3.42583e+08 33.2096
3.42583e+08 33.2397
3.42583e+08 33.2698
3.42583e+08 33.2999
3.42583e+08 33.3299
3.42583e+08 33.3599
3.42583e+08 33.3899
3.42583e+08 33.4198
3.42583e+08 33.4498
3.42583e+08 33.4797
3.42583e+08 33.5095
3.61025e+08 33.5394
3.61114e+08 33.5692
3.61315e+08 33.599
3.61472e+08 33.6287
3.61516e+08 33.6585
3.61751e+08 33.6882
3.61785e+08 33.7179
3.62031e+08 33.7475
3.62075e+08 33.7772
3.62075e+08 33.8068
3.62075e+08 33.8363
3.62154e+08 33.8659
3.62243e+08 33.8954
3.62243e+08 33.9249
3.62243e+08 33.9544
3.62243e+08 33.9839
3.62243e+08 34.0133
3.62243e+08 34.0427
3.62243e+08 34.0721
3.62243e+08 34.1014
3.62243e+08 34.1307
3.62243e+08 34.16
3.62243e+08 34.1893
3.62243e+08 34.2185
3.62243e+08 34.2478
3.62243e+08 34.277
3.62243e+08 34.3061
3.62243e+08 34.3353
3.62243e+08 34.3644
3.62243e+08 34.3935
3.62243e+08 34.4226
3.62243e+08 34.4516
3.62243e+08 34.4807
3.80998e+08 34.5097
3.81188e+08 34.5387
3.81188e+08 34.5676
3.81367e+08 34.5965
3.814e+08 34.6254
3.81445e+08 34.6543
3.81445e+08 34.6832
3.81859e+08 34.712
3.82317e+08 34.7408
3.82317e+08 34.7696
3.82328e+08 34.7984
3.82328e+08 34.8271
3.82451e+08 34.8558
3.82496e+08 34.8845
3.82496e+08 34.9132
3.82496e+08 34.9418
3.82496e+08 34.9704
3.82496e+08 34.999
3.82496e+08 35.0276
3.82496e+08 35.0561
3.82496e+08 35.0847
3.82496e+08 35.1132
3.82496e+08 35.1417
3.82496e+08 35.1701
3.82496e+08 35.1985
3.82496e+08 35.227
3.82496e+08 35.2553
3.82496e+08 35.2837
3.82496e+08 35.312
3.82496e+08 35.3404
3.82496e+08 35.3687
3.82496e+08 35.3969
3.82496e+08 35.4252
3.82496e+08 35.4534
4.01586e+08 35.4816
4.0162e+08 35.5098
4.01642e+08 35.538
4.01698e+08 35.5661
4.0172e+08 35.5942
4.01866e+08 35.6223
4.01922e+08 35.6504
4.02313e+08 35.6784
4.02995e+08 35.7065
4.03106e+08 35.7345
4.03162e+08 35.7625
4.03162e+08 35.7904
4.03174e+08 35.8184
4.03207e+08 35.8463
4.03207e+08 35.8742
4.03218e+08 35.902
4.03241e+08 35.9299
4.03241e+08 35.9577
4.03263e+08 35.9855
4.03285e+08 36.0133
4.03341e+08 36.0411
4.03341e+08 36.0688
4.03341e+08 36.0966
4.03341e+08 36.1243
4.03341e+08 36.152
4.03341e+08 36.1796
4.03341e+08 36.2073
4.03341e+08 36.2349
4.03341e+08 36.2625
4.03341e+08 36.2901
4.03341e+08 36.3176
4.03341e+08 36.3451
4.03341e+08 36.3727
4.03342e+08 36.4002
4.03342e+08 36.4276
4.23013e+08 36.4551
4.23025e+08 36.4825
4.23025e+08 36.5099
4.23025e+08 36.5373
4.23025e+08 36.5647
4.23047e+08 36.592
4.2308e+08 36.6194
4.23114e+08 36.6467
4.23639e+08 36.6739
4.24153e+08 36.7012
4.24243e+08 36.7285
4.24299e+08 36.7557
4.24433e+08 36.7829
4.24466e+08 36.8101
4.245e+08 36.8372
4.24511e+08 36.8644
4.24522e+08 36.8915
4.24545e+08 36.9186
4.24578e+08 36.9457
4.24578e+08 36.9728
4.24589e+08 36.9998
4.24589e+08 37.0269
4.2459e+08 37.0539
4.24634e+08 37.0809
4.24679e+08 37.1078
4.24679e+08 37.1348
4.24713e+08 37.1617
4.24735e+08 37.1886
4.24735e+08 37.2155
4.24757e+08 37.2424
4.2478e+08 37.2692
4.2478e+08 37.296
4.2478e+08 37.3229
4.2478e+08 37.3497
4.2478e+08 37.3764
4.2478e+08 37.4032
4.45012e+08 37.4299
4.45012e+08 37.4566
4.45034e+08 37.4833
4.45045e+08 37.51
4.45068e+08 37.5367
4.45068e+08 37.5633
4.45068e+08 37.5899
4.45068e+08 37.6165
4.4509e+08 37.6431
4.45414e+08 37.6697
4.45414e+08 37.6962
4.4547e+08 37.7228
4.45995e+08 37.7493
4.46476e+08 37.7758
4.4651e+08 37.8022
4.4651e+08 37.8287
4.4651e+08 37.8551
4.46521e+08 37.8815
4.46566e+08 37.9079
4.46566e+08 37.9343
4.46599e+08 37.9607
4.4661e+08 37.987
4.46621e+08 38.0133
4.46633e+08 38.0397
4.46644e+08 38.0659
4.46655e+08 38.0922
4.46655e+08 38.1185
4.46666e+08 38.1447
4.46666e+08 38.1709
4.46666e+08 38.1971
4.46677e+08 38.2233
4.46677e+08 38.2495
4.467e+08 38.2756
4.467e+08 38.3017
4.467e+08 38.3278
4.46733e+08 38.3539
4.46733e+08 38.38
4.67448e+08 38.406
4.67448e+08 38.4321
4.67616e+08 38.4581
4.67638e+08 38.4841
4.67671e+08 38.5101
4.67671e+08 38.5361
4.67683e+08 38.562
4.67683e+08 38.5879
4.67683e+08 38.6139
4.67839e+08 38.6398
4.67929e+08 38.6656
4.68018e+08 38.6915
4.68655e+08 38.7173
4.69046e+08 38.7432
4.69046e+08 38.769
4.69057e+08 38.7948
4.69057e+08 38.8206
4.69136e+08 38.8463
4.69147e+08 38.8721
4.69192e+08 38.8978
4.69192e+08 38.9235
4.69203e+08 38.9492
4.69225e+08 38.9749
4.69248e+08 39.0005
4.69248e+08 39.0262
4.6927e+08 39.0518
4.69303e+08 39.0774
4.69326e+08 39.103
4.69348e+08 39.1285
4.69348e+08 39.1541
4.69348e+08 39.1796
4.69348e+08 39.2052
4.69348e+08 39.2307
4.69348e+08 39.2562
4.69348e+08 39.2816
4.69359e+08 39.3071
4.69359e+08 39.3325
4.69393e+08 39.358
4.90695e+08 39.3834
4.90729e+08 39.4088
4.90952e+08 39.4341
4.91031e+08 39.4595
4.91154e+08 39.4848
4.91276e+08 39.5102
4.91466e+08 39.5355
4.91545e+08 39.5608
4.91545e+08 39.586
4.91601e+08 39.6113
4.91668e+08 39.6366
4.91735e+08 39.6618
4.92305e+08 39.687
4.92349e+08 39.7122
4.92417e+08 39.7374
4.92417e+08 39.7625
4.92439e+08 39.7877
4.92484e+08 39.8128
4.92484e+08 39.8379
4.92484e+08 39.863
4.92484e+08 39.8881
4.92517e+08 39.9132
4.92528e+08 39.9382
4.9254e+08 39.9633
4.92551e+08 39.9883
4.92573e+08 40.0133
4.92607e+08 40.0383
4.92607e+08 40.0633
4.92618e+08 40.0882
4.92618e+08 40.1132
4.92618e+08 40.1381
4.92618e+08 40.163
4.92618e+08 40.1879
4.92618e+08 40.2128
4.92618e+08 40.2377
4.9264e+08 40.2625
4.92685e+08 40.2874
4.92685e+08 40.3122
4.92685e+08 40.337
5.14493e+08 40.3618
5.14516e+08 40.3866
5.14717e+08 40.4113
5.14862e+08 40.4361
5.14885e+08 40.4608
5.14918e+08 40.4855
5.15052e+08 40.5102
5.15075e+08 40.5349
5.15108e+08 40.5596
5.15164e+08 40.5842
5.15399e+08 40.6089
5.15466e+08 40.6335
5.156e+08 40.6581
5.15823e+08 40.6827
5.16159e+08 40.7073
5.16159e+08 40.7318
5.1617e+08 40.7564
5.16326e+08 40.7809
5.16326e+08 40.8055
5.16326e+08 40.83
5.1636e+08 40.8545
5.1636e+08 40.8789
5.1636e+08 40.9034
5.16394e+08 40.9278
5.16394e+08 40.9523
5.16438e+08 40.9767
5.16472e+08 41.0011
5.16539e+08 41.0255
5.16539e+08 41.0499
5.1655e+08 41.0742
5.1655e+08 41.0986
5.1655e+08 41.1229
5.16628e+08 41.1472
5.16628e+08 41.1715
5.16628e+08 41.1958
5.16628e+08 41.2201
5.16628e+08 41.2443
5.16628e+08 41.2686
5.16628e+08 41.2928
5.16684e+08 41.317
5.39331e+08 41.3412
5.39398e+08 41.3654
5.39498e+08 41.3896
5.39912e+08 41.4138
5.39945e+08 41.4379
5.40013e+08 41.462
5.4008e+08 41.4862
5.40191e+08 41.5103
5.40303e+08 41.5344
5.40348e+08 41.5584
5.40583e+08 41.5825
5.40728e+08 41.6065
5.40728e+08 41.6306
5.40795e+08 41.6546
5.4084e+08 41.6786
5.40884e+08 41.7026
5.40963e+08 41.7266
5.41086e+08 41.7505
5.41086e+08 41.7745
5.41153e+08 41.7984
5.41153e+08 41.8224
5.41153e+08 41.8463
5.41175e+08 41.8702
5.41186e+08 41.8941
5.41186e+08 41.9179
5.41186e+08 41.9418
5.41186e+08 41.9656
5.41197e+08 41.9894
5.41242e+08 42.0133
5.41253e+08 42.0371
5.41265e+08 42.0609
5.41287e+08 42.0846
5.41287e+08 42.1084
5.41287e+08 42.1321
5.41298e+08 42.1559
5.41298e+08 42.1796
5.41298e+08 42.2033
5.41298e+08 42.227
5.41354e+08 42.2507
5.41376e+08 42.2743
5.41421e+08 42.298
5.64312e+08 42.3216
5.64379e+08 42.3453
5.64435e+08 42.3689
5.64916e+08 42.3925
5.64916e+08 42.4161
5.64916e+08 42.4397
5.6495e+08 42.4632
5.65151e+08 42.4868
5.65151e+08 42.5103
5.65184e+08 42.5338
5.65363e+08 42.5573
5.65676e+08 42.5808
5.65732e+08 42.6043
5.65922e+08 42.6278
5.65955e+08 42.6513
5.65989e+08 42.6747
5.6609e+08 42.6981
5.66146e+08 42.7216
5.66168e+08 42.745
5.6619e+08 42.7684
5.66246e+08 42.7917
5.66257e+08 42.8151
5.66257e+08 42.8385
5.66268e+08 42.8618
5.66268e+08 42.8851
5.66291e+08 42.9085
5.66291e+08 42.9318
5.66302e+08 42.9551
5.66313e+08 42.9783
5.66324e+08 43.0016
5.66336e+08 43.0249
5.66336e+08 43.0481
5.66336e+08 43.0713
5.66336e+08 43.0945
5.66336e+08 43.1178
5.66336e+08 43.1409
5.66336e+08 43.1641
5.66347e+08 43.1873
5.66369e+08 43.2104
5.66392e+08 43.2336
5.66392e+08 43.2567
5.66392e+08 43.2798
5.90203e+08 43.3029
5.90225e+08 43.326
5.9027e+08 43.3491
5.91298e+08 43.3722
5.91309e+08 43.3952
5.91321e+08 43.4183
5.91377e+08 43.4413
5.91377e+08 43.4643
5.91388e+08 43.4873
5.9141e+08 43.5103
5.91444e+08 43.5333
5.91623e+08 43.5563
5.9169e+08 43.5792
5.91757e+08 43.6022
5.91768e+08 43.6251
5.91813e+08 43.6481
5.91857e+08 43.671
5.91868e+08 43.6939
5.91891e+08 43.7167
5.91891e+08 43.7396
5.91902e+08 43.7625
5.91913e+08 43.7853
5.91924e+08 43.8082
5.91924e+08 43.831
5.91936e+08 43.8538
5.91958e+08 43.8766
5.91958e+08 43.8994
5.91958e+08 43.9222
5.91958e+08 43.945
5.91958e+08 43.9677
5.91969e+08 43.9905
5.9198e+08 44.0132
5.92014e+08 44.0359
5.92014e+08 44.0586
5.92014e+08 44.0813
5.92014e+08 44.104
5.92014e+08 44.1267
5.92025e+08 44.1493
5.92036e+08 44.172
5.92048e+08 44.1946
5.92048e+08 44.2173
5.9207e+08 44.2399
5.9207e+08 44.2625
6.1496e+08 44.2851
6.14972e+08 44.3076
6.15027e+08 44.3302
6.15218e+08 44.3528
6.1523e+08 44.3753
6.15319e+08 44.3979
6.15365e+08 44.4204
6.15374e+08 44.4429
6.15416e+08 44.4654
6.15454e+08 44.4879
6.1551e+08 44.5104
6.1551e+08 44.5328
6.1552e+08 44.5553
6.15543e+08 44.5777
6.15577e+08 44.6002
6.1561e+08 44.6226
6.15633e+08 44.645
6.15689e+08 44.6674
6.15723e+08 44.6898
6.15744e+08 44.7122
6.15744e+08 44.7345
6.15755e+08 44.7569
6.15789e+08 44.7792
6.15822e+08 44.8015
6.15857e+08 44.8239
6.1589e+08 44.8462
6.15901e+08 44.8685
6.15901e+08 44.8908
6.15901e+08 44.913
6.15901e+08 44.9353
6.15925e+08 44.9576
6.15947e+08 44.9798
6.15947e+08 45.002
6.16025e+08 45.0243
6.16025e+08 45.0465
6.16082e+08 45.0687
6.16092e+08 45.0909
6.16126e+08 45.113
6.16148e+08 45.1352
6.16194e+08 45.1574
6.16194e+08 45.1795
6.16205e+08 45.2016
6.16295e+08 45.2238
6.16305e+08 45.2459
6.23587e+08 45.268
6.23632e+08 45.2901
6.23724e+08 45.3121
