5.39576e+06 2
8.31868e+06 2.5
8.32285e+06 2.9
9.82703e+06 3.24483
9.82704e+06 3.55301
1.22238e+07 3.83446
1.23125e+07 4.09525
1.23573e+07 4.33944
1.46608e+07 4.56988
1.48976e+07 4.78871
1.50082e+07 4.99753
1.51759e+07 5.19763
1.82825e+07 5.39003
1.85083e+07 5.57555
1.86265e+07 5.75491
1.88305e+07 5.92867
1.88529e+07 6.09735
2.31487e+07 6.26135
2.33723e+07 6.42106
2.34929e+07 6.5768
2.365e+07 6.72885
2.36724e+07 6.87746
2.36948e+07 7.02286
2.76773e+07 7.16526
2.76773e+07 7.30482
2.76997e+07 7.44171
2.78115e+07 7.57609
2.7834e+07 7.70809
2.78563e+07 7.83782
2.78787e+07 7.96541
3.28903e+07 8.09095
3.29014e+07 8.21454
3.30766e+07 8.33628
3.33002e+07 8.45624
3.34344e+07 8.57449
3.34456e+07 8.69112
3.34456e+07 8.80618
3.77399e+07 8.91974
3.77399e+07 9.03185
3.77399e+07 9.14257
3.79774e+07 9.25194
3.81423e+07 9.36003
3.888e+07 9.46687
3.888e+07 9.5725
3.89583e+07 9.67696
4.42514e+07 9.7803
4.4352e+07 9.88255
4.4352e+07 9.98374
4.43521e+07 10.0839
4.45355e+07 10.1831
4.47591e+07 10.2813
4.54522e+07 10.3785
4.54522e+07 10.4749
4.56757e+07 10.5704
5.03345e+07 10.665
5.04577e+07 10.7587
5.04974e+07 10.8517
5.04974e+07 10.9438
5.05197e+07 11.0352
5.07098e+07 11.1258
5.10116e+07 11.2157
5.12128e+07 11.3049
5.13246e+07 11.3933
5.16823e+07 11.4811
5.79384e+07 11.5682
5.80167e+07 11.6546
5.80167e+07 11.7404
5.80391e+07 11.8256
5.80391e+07 11.9102
5.80391e+07 11.9941
5.83633e+07 12.0775
5.85869e+07 12.1603
5.86986e+07 12.2425
5.88551e+07 12.3242
5.90899e+07 12.4054
6.51877e+07 12.486
6.53526e+07 12.5661
6.53526e+07 12.6456
6.53526e+07 12.7247
6.53526e+07 12.8033
6.53526e+07 12.8814
6.58893e+07 12.959
6.59005e+07 13.0362
6.63252e+07 13.1129
6.63252e+07 13.1892
6.63252e+07 13.265
6.64147e+07 13.3404
7.36726e+07 13.4153
7.37173e+07 13.4899
7.37173e+07 13.564
7.37762e+07 13.6377
7.38014e+07 13.7111
7.38796e+07 13.784
7.4841e+07 13.8566
7.48411e+07 13.9287
7.48411e+07 14.0005
7.48746e+07 14.0719
7.48746e+07 14.143
7.48746e+07 14.2137
7.51764e+07 14.2841
8.2231e+07 14.3541
8.22535e+07 14.4237
8.22535e+07 14.4931
8.23096e+07 14.5621
8.23096e+07 14.6307
8.23841e+07 14.6991
8.35579e+07 14.7671
8.36026e+07 14.8348
8.3625e+07 14.9022
8.3625e+07 14.9694
8.37256e+07 15.0362
8.37592e+07 15.1027
8.37592e+07 15.1689
8.41615e+07 15.2348
9.1964e+07 15.3004
9.19864e+07 15.3658
9.20311e+07 15.4309
9.20311e+07 15.4957
9.20311e+07 15.5602
9.20311e+07 15.6245
9.32049e+07 15.6885
9.32497e+07 15.7522
9.32832e+07 15.8157
9.32832e+07 15.8789
9.33391e+07 15.9419
9.33727e+07 16.0046
9.34398e+07 16.0671
9.34398e+07 16.1294
9.36074e+07 16.1914
1.02083e+08 16.2531
1.02083e+08 16.3146
1.02083e+08 16.3759
1.02105e+08 16.437
1.02116e+08 16.4978
1.02116e+08 16.5585
1.03022e+08 16.6189
1.03078e+08 16.679
1.03078e+08 16.739
1.03078e+08 16.7987
1.03078e+08 16.8582
1.03078e+08 16.9176
1.03078e+08 16.9767
1.03078e+08 17.0356
1.0319e+08 17.0943
1.03212e+08 17.1528
1.13199e+08 17.2111
1.13199e+08 17.2692
1.13266e+08 17.3271
1.13299e+08 17.3848
1.13299e+08 17.4423
1.13333e+08 17.4997
1.13769e+08 17.5568
1.13769e+08 17.6138
1.13769e+08 17.6705
1.13769e+08 17.7271
1.13769e+08 17.7835
1.13769e+08 17.8398
1.13814e+08 17.8958
1.13814e+08 17.9517
1.13814e+08 18.0074
1.13836e+08 18.0629
1.13836e+08 18.1183
1.24462e+08 18.1735
1.24462e+08 18.2285
1.24462e+08 18.2834
1.24495e+08 18.3381
1.24585e+08 18.3926
1.24585e+08 18.447
1.24697e+08 18.5012
1.24719e+08 18.5552
1.24719e+08 18.6091
1.24719e+08 18.6629
1.24719e+08 18.7164
1.24719e+08 18.7699
1.24808e+08 18.8231
1.24808e+08 18.8763
1.24808e+08 18.9293
1.24808e+08 18.9821
1.24808e+08 19.0348
1.24808e+08 19.0873
1.3632e+08 19.1397
1.3632e+08 19.1919
1.3632e+08 19.244
1.36331e+08 19.296
1.36376e+08 19.3478
1.36376e+08 19.3995
1.36488e+08 19.4511
1.36488e+08 19.5025
1.36488e+08 19.5537
1.36488e+08 19.6049
1.36521e+08 19.6559
1.36521e+08 19.7068
1.36521e+08 19.7575
1.36521e+08 19.8081
1.36544e+08 19.8586
1.36555e+08 19.909
1.36555e+08 19.9592
1.36555e+08 20.0093
1.36555e+08 20.0593
1.48282e+08 20.1091
1.48282e+08 20.1589
1.48282e+08 20.2085
1.48282e+08 20.2579
1.48305e+08 20.3073
1.48305e+08 20.3566
1.48416e+08 20.4057
1.48416e+08 20.4547
1.48416e+08 20.5036
1.48416e+08 20.5523
1.48416e+08 20.601
1.48416e+08 20.6495
1.48416e+08 20.698
1.48416e+08 20.7463
1.48416e+08 20.7945
1.48428e+08 20.8426
1.48461e+08 20.8906
1.48461e+08 20.9384
1.48472e+08 20.9862
1.48472e+08 21.0338
1.61339e+08 21.0814
1.61339e+08 21.1288
1.61361e+08 21.1761
1.61361e+08 21.2234
1.61372e+08 21.2705
1.61372e+08 21.3175
1.61406e+08 21.3644
1.61406e+08 21.4112
1.61406e+08 21.4579
1.61406e+08 21.5045
1.61406e+08 21.551
1.61428e+08 21.5974
1.61428e+08 21.6437
1.61428e+08 21.6899
1.61428e+08 21.736
1.61428e+08 21.782
1.61439e+08 21.8279
1.61451e+08 21.8738
1.61484e+08 21.9195
1.61484e+08 21.9651
1.61484e+08 22.0106
1.7411e+08 22.0561
1.74143e+08 22.1014
1.74154e+08 22.1466
1.74154e+08 22.1918
1.74233e+08 22.2369
1.74311e+08 22.2818
1.74412e+08 22.3267
1.74412e+08 22.3715
1.74412e+08 22.4162
1.74412e+08 22.4608
1.74412e+08 22.5053
1.74412e+08 22.5498
1.74412e+08 22.5941
1.74412e+08 22.6384
1.74423e+08 22.6825
1.74468e+08 22.7266
1.74468e+08 22.7706
1.74468e+08 22.8145
1.74468e+08 22.8584
1.74468e+08 22.9021
1.74479e+08 22.9458
1.74479e+08 22.9894
1.87529e+08 23.0329
1.87551e+08 23.0763
1.87551e+08 23.1196
1.87562e+08 23.1629
1.8773e+08 23.206
1.87797e+08 23.2491
1.87875e+08 23.2921
1.87898e+08 23.3351
1.87898e+08 23.3779
1.87898e+08 23.4207
1.8792e+08 23.4634
1.8792e+08 23.506
1.8792e+08 23.5486
1.8792e+08 23.591
1.87932e+08 23.6334
1.87932e+08 23.6757
1.87932e+08 23.718
1.87932e+08 23.7601
1.87932e+08 23.8022
1.87932e+08 23.8442
1.87932e+08 23.8862
1.87932e+08 23.928
2.0132e+08 23.9698
2.01331e+08 24.0116
2.01365e+08 24.0532
2.01365e+08 24.0948
2.01365e+08 24.1363
2.01522e+08 24.1777
2.01522e+08 24.2191
2.01689e+08 24.2604
2.01768e+08 24.3016
2.01768e+08 24.3427
2.01768e+08 24.3838
2.01768e+08 24.4248
2.01768e+08 24.4658
2.01768e+08 24.5066
2.01768e+08 24.5474
2.01813e+08 24.5882
2.01813e+08 24.6288
2.01813e+08 24.6694
2.01813e+08 24.71
2.01813e+08 24.7505
2.01813e+08 24.7909
2.01813e+08 24.8312
2.01824e+08 24.8715
2.15738e+08 24.9117
2.15749e+08 24.9518
2.15749e+08 24.9919
2.1576e+08 25.0319
2.1576e+08 25.0719
2.15772e+08 25.1117
2.15951e+08 25.1516
2.15951e+08 25.1913
2.1613e+08 25.231
2.16174e+08 25.2707
2.16208e+08 25.3102
2.16219e+08 25.3497
2.16219e+08 25.3892
2.16219e+08 25.4286
2.16219e+08 25.4679
2.16219e+08 25.5072
2.16335e+08 25.5464
2.16352e+08 25.5855
2.16422e+08 25.6246
2.16422e+08 25.6636
2.16446e+08 25.7026
2.16446e+08 25.7415
2.1649e+08 25.7803
2.16513e+08 25.8191
2.30665e+08 25.8579
2.30665e+08 25.8965
2.30743e+08 25.9351
2.30821e+08 25.9737
2.30822e+08 26.0122
2.30822e+08 26.0506
2.30844e+08 26.089
2.31034e+08 26.1274
2.31045e+08 26.1656
2.31157e+08 26.2039
2.31269e+08 26.242
2.31269e+08 26.2801
2.31358e+08 26.3182
2.31358e+08 26.3562
2.31358e+08 26.3941
2.31358e+08 26.432
2.31381e+08 26.4698
2.31392e+08 26.5076
2.31392e+08 26.5453
2.31448e+08 26.583
2.31459e+08 26.6206
2.3147e+08 26.6582
2.31482e+08 26.6957
2.3156e+08 26.7332
2.31593e+08 26.7706
2.4636e+08 26.8079
2.46405e+08 26.8452
2.46416e+08 26.8825
2.46472e+08 26.9197
2.46472e+08 26.9568
2.46472e+08 26.9939
2.46472e+08 27.031
2.46472e+08 27.068
2.46662e+08 27.1049
2.46695e+08 27.1418
2.46763e+08 27.1786
2.46774e+08 27.2154
2.46774e+08 27.2522
2.47053e+08 27.2889
2.47064e+08 27.3255
2.47087e+08 27.3621
2.47087e+08 27.3987
2.47087e+08 27.4352
2.4712e+08 27.4716
2.4712e+08 27.508
2.47132e+08 27.5444
2.47132e+08 27.5807
2.47132e+08 27.6169
2.47132e+08 27.6531
2.47255e+08 27.6893
2.47266e+08 27.7254
2.62547e+08 27.7615
2.62558e+08 27.7975
2.62558e+08 27.8335
2.62625e+08 27.8694
2.62626e+08 27.9053
2.62626e+08 27.9411
2.62771e+08 27.9769
2.62771e+08 28.0127
2.62804e+08 28.0484
2.62894e+08 28.084
2.62961e+08 28.1196
2.6305e+08 28.1552
2.6305e+08 28.1907
2.6305e+08 28.2262
2.63151e+08 28.2616
2.63162e+08 28.297
2.63162e+08 28.3323
2.63173e+08 28.3676
2.63218e+08 28.4029
2.63352e+08 28.4381
2.63375e+08 28.4732
2.63375e+08 28.5084
2.63375e+08 28.5434
2.63386e+08 28.5785
2.63386e+08 28.6135
2.63397e+08 28.6484
2.63397e+08 28.6833
2.79419e+08 28.7182
2.79576e+08 28.753
2.79677e+08 28.7878
2.79688e+08 28.8225
2.79688e+08 28.8572
2.79688e+08 28.8919
2.79732e+08 28.9265
2.79732e+08 28.961
2.79755e+08 28.9956
2.79755e+08 29.0301
2.79811e+08 29.0645
2.79811e+08 29.0989
2.79878e+08 29.1333
2.79889e+08 29.1676
2.79889e+08 29.2019
2.80068e+08 29.2361
2.8009e+08 29.2703
2.80113e+08 29.3045
2.80135e+08 29.3386
2.80236e+08 29.3727
2.80269e+08 29.4068
2.8028e+08 29.4408
2.8028e+08 29.4747
2.80336e+08 29.5087
2.80359e+08 29.5425
2.80359e+08 29.5764
2.80392e+08 29.6102
2.80392e+08 29.644
2.97159e+08 29.6777
2.97204e+08 29.7114
2.97204e+08 29.7451
2.97204e+08 29.7787
2.97204e+08 29.8123
2.97215e+08 29.8458
2.97282e+08 29.8793
2.97372e+08 29.9128
2.97383e+08 29.9462
2.97383e+08 29.9796
2.97383e+08 30.013
2.97383e+08 30.0463
2.97416e+08 30.0796
2.97461e+08 30.1128
2.97461e+08 30.146
2.97484e+08 30.1792
2.97718e+08 30.2123
2.97718e+08 30.2454
2.97718e+08 30.2785
2.97718e+08 30.3115
2.97774e+08 30.3445
2.97797e+08 30.3775
2.97819e+08 30.4104
2.97864e+08 30.4433
2.97864e+08 30.4761
2.97864e+08 30.5089
2.97864e+08 30.5417
2.97909e+08 30.5744
2.97931e+08 30.6071
3.15326e+08 30.6398
3.15326e+08 30.6725
3.15371e+08 30.7051
3.15393e+08 30.7376
3.15404e+08 30.7702
3.15404e+08 30.8027
3.15404e+08 30.8351
3.15639e+08 30.8676
3.15706e+08 30.9
3.1574e+08 30.9323
3.15751e+08 30.9646
3.15751e+08 30.9969
3.15751e+08 31.0292
3.15751e+08 31.0614
3.15818e+08 31.0936
3.15841e+08 31.1258
3.15852e+08 31.1579
3.15852e+08 31.19
3.15852e+08 31.2221
3.15852e+08 31.2541
3.15863e+08 31.2861
3.15874e+08 31.3181
3.15874e+08 31.35
3.15874e+08 31.3819
3.15908e+08 31.4137
3.15908e+08 31.4456
3.1593e+08 31.4774
3.1593e+08 31.5092
3.16098e+08 31.5409
3.16109e+08 31.5726
3.33966e+08 31.6043
3.34011e+08 31.6359
3.34089e+08 31.6675
3.34089e+08 31.6991
3.341e+08 31.7306
3.34122e+08 31.7622
3.34123e+08 31.7936
3.34324e+08 31.8251
3.34514e+08 31.8565
3.34514e+08 31.8879
3.34514e+08 31.9193
3.34525e+08 31.9506
3.34525e+08 31.9819
3.34525e+08 32.0132
3.34525e+08 32.0444
3.34592e+08 32.0756
3.34592e+08 32.1068
3.34592e+08 32.1379
3.34682e+08 32.169
3.34715e+08 32.2001
3.34727e+08 32.2312
3.34727e+08 32.2622
3.34738e+08 32.2932
3.34738e+08 32.3242
3.34738e+08 32.3551
3.34749e+08 32.386
3.34749e+08 32.4169
3.34749e+08 32.4477
3.34749e+08 32.4786
3.34917e+08 32.5094
3.34962e+08 32.5401
3.53302e+08 32.5708
3.53358e+08 32.6015
3.53492e+08 32.6322
3.53592e+08 32.6629
3.53615e+08 32.6935
3.53615e+08 32.7241
3.53637e+08 32.7546
3.53883e+08 32.7852
3.53883e+08 32.8157
3.53928e+08 32.8461
3.54006e+08 32.8766
3.54028e+08 32.907
3.54051e+08 32.9374
3.54051e+08 32.9677
3.54062e+08 32.9981
3.54062e+08 33.0284
3.54107e+08 33.0587
3.54107e+08 33.0889
3.54129e+08 33.1191
3.54196e+08 33.1493
3.5423e+08 33.1795
3.54264e+08 33.2096
3.54264e+08 33.2397
3.54297e+08 33.2698
3.54308e+08 33.2999
3.54308e+08 33.3299
3.54331e+08 33.3599
3.54331e+08 33.3899
3.54331e+08 33.4198
3.54331e+08 33.4498
3.54554e+08 33.4797
3.54555e+08 33.5095
3.73375e+08 33.5394
3.73375e+08 33.5692
3.73476e+08 33.599
3.73577e+08 33.6287
3.73644e+08 33.6585
3.73677e+08 33.6882
3.73733e+08 33.7179
3.73945e+08 33.7475
3.74068e+08 33.7772
3.74191e+08 33.8068
3.74214e+08 33.8363
3.74214e+08 33.8659
3.74247e+08 33.8954
3.74247e+08 33.9249
3.74247e+08 33.9544
3.74259e+08 33.9839
3.74259e+08 34.0133
3.74337e+08 34.0427
3.74337e+08 34.0721
3.74348e+08 34.1014
3.74539e+08 34.1307
3.74561e+08 34.16
3.74617e+08 34.1893
3.74617e+08 34.2185
3.74617e+08 34.2478
3.74617e+08 34.277
3.74617e+08 34.3061
3.74684e+08 34.3353
3.74684e+08 34.3644
3.74707e+08 34.3935
3.74707e+08 34.4226
3.74852e+08 34.4516
3.74852e+08 34.4807
3.94031e+08 34.5097
3.94064e+08 34.5387
3.94098e+08 34.5676
3.9431e+08 34.5965
3.944e+08 34.6254
3.944e+08 34.6543
3.944e+08 34.6832
3.94646e+08 34.712
3.9469e+08 34.7408
3.94858e+08 34.7696
3.94858e+08 34.7984
3.94858e+08 34.8271
3.94903e+08 34.8558
3.94914e+08 34.8845
3.94925e+08 34.9132
3.94925e+08 34.9418
3.94925e+08 34.9704
3.94925e+08 34.999
3.95116e+08 35.0276
3.95116e+08 35.0561
3.95127e+08 35.0847
3.95317e+08 35.1132
3.95317e+08 35.1417
3.95317e+08 35.1701
3.95317e+08 35.1985
3.95362e+08 35.227
3.95362e+08 35.2553
3.95384e+08 35.2837
3.95384e+08 35.312
3.95384e+08 35.3404
3.95518e+08 35.3687
3.95518e+08 35.3969
3.95518e+08 35.4252
3.95563e+08 35.4534
4.1544e+08 35.4816
4.1544e+08 35.5098
4.15485e+08 35.538
4.15776e+08 35.5661
4.15776e+08 35.5942
4.15865e+08 35.6223
4.15865e+08 35.6504
4.16033e+08 35.6784
4.16044e+08 35.7065
4.16044e+08 35.7345
4.16055e+08 35.7625
4.16055e+08 35.7904
4.16067e+08 35.8184
4.16089e+08 35.8463
4.161e+08 35.8742
4.161e+08 35.902
4.161e+08 35.9299
4.161e+08 35.9577
4.16369e+08 35.9855
4.16369e+08 36.0133
4.1638e+08 36.0411
4.1638e+08 36.0688
4.16548e+08 36.0966
4.1657e+08 36.1243
4.16637e+08 36.152
4.16637e+08 36.1796
4.16637e+08 36.2073
4.16637e+08 36.2349
4.16637e+08 36.2625
4.16637e+08 36.2901
4.16671e+08 36.3176
4.16839e+08 36.3451
4.16839e+08 36.3727
4.16839e+08 36.4002
4.16839e+08 36.4276
4.3738e+08 36.4551
4.3738e+08 36.4825
4.37392e+08 36.5099
4.37515e+08 36.5373
4.37515e+08 36.5647
4.3757e+08 36.592
4.37582e+08 36.6194
4.37872e+08 36.6467
4.37872e+08 36.6739
4.37917e+08 36.7012
4.37984e+08 36.7285
4.37985e+08 36.7557
4.37985e+08 36.7829
4.37996e+08 36.8101
4.37996e+08 36.8372
4.37996e+08 36.8644
4.38007e+08 36.8915
4.38007e+08 36.9186
4.38175e+08 36.9457
4.38175e+08 36.9728
4.38186e+08 36.9998
4.38253e+08 37.0269
4.38264e+08 37.0539
4.38343e+08 37.0809
4.38387e+08 37.1078
4.38387e+08 37.1348
4.38387e+08 37.1617
4.38387e+08 37.1886
4.38387e+08 37.2155
4.38387e+08 37.2424
4.38421e+08 37.2692
4.38421e+08 37.296
4.38566e+08 37.3229
4.38667e+08 37.3497
4.38667e+08 37.3764
4.38667e+08 37.4032
4.59443e+08 37.4299
4.59443e+08 37.4566
4.59443e+08 37.4833
4.59666e+08 37.51
4.59711e+08 37.5367
4.59711e+08 37.5633
4.59711e+08 37.5899
4.60103e+08 37.6165
4.60103e+08 37.6431
4.60259e+08 37.6697
4.60293e+08 37.6962
4.60327e+08 37.7228
4.60349e+08 37.7493
4.60349e+08 37.7758
4.60349e+08 37.8022
4.60349e+08 37.8287
4.60383e+08 37.8551
4.60427e+08 37.8815
4.60506e+08 37.9079
4.60517e+08 37.9343
4.60517e+08 37.9607
4.60517e+08 37.987
4.60517e+08 38.0133
4.60562e+08 38.0397
4.60774e+08 38.0659
4.60808e+08 38.0922
4.60808e+08 38.1185
4.60808e+08 38.1447
4.60808e+08 38.1709
4.60808e+08 38.1971
4.60808e+08 38.2233
4.60852e+08 38.2495
4.60852e+08 38.2756
4.60852e+08 38.3017
4.60864e+08 38.3278
4.60864e+08 38.3539
4.60975e+08 38.38
4.8235e+08 38.406
4.8235e+08 38.4321
4.8235e+08 38.4581
4.8235e+08 38.4841
4.82473e+08 38.5101
4.82484e+08 38.5361
4.82484e+08 38.562
4.83177e+08 38.5879
4.83177e+08 38.6139
4.83267e+08 38.6398
4.83379e+08 38.6656
4.83424e+08 38.6915
4.83435e+08 38.7173
4.83435e+08 38.7432
4.83435e+08 38.769
4.83446e+08 38.7948
4.83446e+08 38.8206
4.8348e+08 38.8463
4.83558e+08 38.8721
4.8358e+08 38.8978
4.83614e+08 38.9235
4.83614e+08 38.9492
4.83614e+08 38.9749
4.83614e+08 39.0005
4.83692e+08 39.0262
4.83804e+08 39.0518
4.83804e+08 39.0774
4.83804e+08 39.103
4.83838e+08 39.1285
4.83838e+08 39.1541
4.83838e+08 39.1796
4.83838e+08 39.2052
4.83905e+08 39.2307
4.83905e+08 39.2562
4.83905e+08 39.2816
4.83905e+08 39.3071
4.83972e+08 39.3325
4.83972e+08 39.358
5.05831e+08 39.3834
5.05831e+08 39.4088
5.05831e+08 39.4341
5.05831e+08 39.4595
5.05831e+08 39.4848
5.05831e+08 39.5102
5.05831e+08 39.5355
5.0658e+08 39.5608
5.06591e+08 39.586
5.06781e+08 39.6113
5.06949e+08 39.6366
5.06994e+08 39.6618
5.07039e+08 39.687
5.07061e+08 39.7122
5.07061e+08 39.7374
5.07061e+08 39.7625
5.07061e+08 39.7877
5.07251e+08 39.8128
5.07307e+08 39.8379
5.07374e+08 39.863
5.07374e+08 39.8881
5.07442e+08 39.9132
5.07442e+08 39.9382
5.07442e+08 39.9633
5.07442e+08 39.9883
5.07609e+08 40.0133
5.07687e+08 40.0383
5.07687e+08 40.0633
5.07687e+08 40.0882
5.07688e+08 40.1132
5.07688e+08 40.1381
5.07688e+08 40.163
5.07688e+08 40.1879
5.07688e+08 40.2128
5.07688e+08 40.2377
5.07688e+08 40.2625
5.07688e+08 40.2874
5.07688e+08 40.3122
5.07732e+08 40.337
5.30018e+08 40.3618
5.30063e+08 40.3866
5.30063e+08 40.4113
5.30063e+08 40.4361
5.30063e+08 40.4608
5.30063e+08 40.4855
5.30063e+08 40.5102
5.30857e+08 40.5349
5.30857e+08 40.5596
5.30969e+08 40.5842
5.31248e+08 40.6089
5.31293e+08 40.6335
5.3136e+08 40.6581
5.31383e+08 40.6827
5.31383e+08 40.7073
5.31383e+08 40.7318
5.31405e+08 40.7564
5.31808e+08 40.7809
5.31841e+08 40.8055
5.31953e+08 40.83
5.31953e+08 40.8545
5.31953e+08 40.8789
5.31953e+08 40.9034
5.31953e+08 40.9278
5.31953e+08 40.9523
5.32099e+08 40.9767
5.32099e+08 41.0011
5.32099e+08 41.0255
5.32177e+08 41.0499
5.3221e+08 41.0742
5.3221e+08 41.0986
5.3221e+08 41.1229
5.3221e+08 41.1472
5.32333e+08 41.1715
5.32412e+08 41.1958
5.32479e+08 41.2201
5.32479e+08 41.2443
5.32479e+08 41.2686
5.32479e+08 41.2928
5.32479e+08 41.317
5.54733e+08 41.3412
5.54756e+08 41.3654
5.54756e+08 41.3896
5.54756e+08 41.4138
5.54756e+08 41.4379
5.54756e+08 41.462
5.54756e+08 41.4862
5.55572e+08 41.5103
5.5565e+08 41.5344
5.55751e+08 41.5584
5.5584e+08 41.5825
5.55997e+08 41.6065
5.56064e+08 41.6306
5.56075e+08 41.6546
5.56075e+08 41.6786
5.56086e+08 41.7026
5.56098e+08 41.7266
5.56489e+08 41.7505
5.56612e+08 41.7745
5.56612e+08 41.7984
5.56612e+08 41.8224
5.56612e+08 41.8463
5.56612e+08 41.8702
5.56612e+08 41.8941
5.56612e+08 41.9179
5.56657e+08 41.9418
5.56702e+08 41.9656
5.56702e+08 41.9894
5.56702e+08 42.0133
5.56702e+08 42.0371
5.56746e+08 42.0609
5.56791e+08 42.0846
5.56791e+08 42.1084
5.56914e+08 42.1321
5.56914e+08 42.1559
5.56948e+08 42.1796
5.56948e+08 42.2033
5.56948e+08 42.227
5.56948e+08 42.2507
5.56948e+08 42.2743
5.56948e+08 42.298
5.80491e+08 42.3216
5.80514e+08 42.3453
5.80514e+08 42.3689
5.80536e+08 42.3925
5.80615e+08 42.4161
5.80615e+08 42.4397
5.80615e+08 42.4632
5.81241e+08 42.4868
5.81241e+08 42.5103
5.81308e+08 42.5338
5.81341e+08 42.5573
5.81386e+08 42.5808
5.81498e+08 42.6043
5.81554e+08 42.6278
5.81554e+08 42.6513
5.81588e+08 42.6747
5.81588e+08 42.6981
5.82046e+08 42.7216
5.82091e+08 42.745
5.82091e+08 42.7684
5.82091e+08 42.7917
5.82091e+08 42.8151
5.82124e+08 42.8385
5.82135e+08 42.8618
5.82135e+08 42.8851
5.82135e+08 42.9085
5.82147e+08 42.9318
5.82147e+08 42.9551
5.82158e+08 42.9783
5.82158e+08 43.0016
5.82158e+08 43.0249
5.8218e+08 43.0481
5.82214e+08 43.0713
5.82225e+08 43.0945
5.82326e+08 43.1178
5.82348e+08 43.1409
5.8237e+08 43.1641
5.8237e+08 43.1873
5.82393e+08 43.2104
5.82415e+08 43.2336
5.82426e+08 43.2567
5.82437e+08 43.2798
6.06302e+08 43.3029
6.06381e+08 43.326
6.06381e+08 43.3491
6.06425e+08 43.3722
6.06481e+08 43.3952
6.06493e+08 43.4183
6.06504e+08 43.4413
6.06895e+08 43.4643
6.06895e+08 43.4873
6.0694e+08 43.5103
6.07018e+08 43.5333
6.07231e+08 43.5563
6.07275e+08 43.5792
6.07287e+08 43.6022
6.07298e+08 43.6251
6.07298e+08 43.6481
6.07298e+08 43.671
6.07756e+08 43.6939
6.07801e+08 43.7167
6.07801e+08 43.7396
6.07801e+08 43.7625
6.07801e+08 43.7853
6.07801e+08 43.8082
6.07834e+08 43.831
6.07834e+08 43.8538
6.07857e+08 43.8766
6.07868e+08 43.8994
6.07924e+08 43.9222
6.0798e+08 43.945
6.0798e+08 43.9677
6.0798e+08 43.9905
6.07991e+08 44.0132
6.07991e+08 44.0359
6.08069e+08 44.0586
6.08081e+08 44.0813
6.08159e+08 44.104
6.0817e+08 44.1267
6.0817e+08 44.1493
6.08192e+08 44.172
6.08215e+08 44.1946
6.08259e+08 44.2173
6.08483e+08 44.2399
6.08517e+08 44.2625
6.27125e+08 44.2851
6.2717e+08 44.3076
6.27181e+08 44.3302
6.27192e+08 44.3528
6.27338e+08 44.3753
6.27349e+08 44.3979
6.27349e+08 44.4204
6.27528e+08 44.4429
6.27528e+08 44.4654
6.27562e+08 44.4879
6.27618e+08 44.5104
6.27886e+08 44.5328
6.27931e+08 44.5553
6.27953e+08 44.5777
6.2802e+08 44.6002
6.2811e+08 44.6226
6.2811e+08 44.645
6.28244e+08 44.6674
6.28267e+08 44.6898
6.28278e+08 44.7122
6.28278e+08 44.7345
6.28278e+08 44.7569
6.28278e+08 44.7792
6.28278e+08 44.8015
6.28289e+08 44.8239
6.283e+08 44.8462
6.28311e+08 44.8685
6.28323e+08 44.8908
6.28345e+08 44.913
6.28356e+08 44.9353
6.28378e+08 44.9576
6.2839e+08 44.9798
6.2839e+08 45.002
6.2839e+08 45.0243
6.28557e+08 45.0465
6.28569e+08 45.0687
6.28569e+08 45.0909
6.2858e+08 45.113
6.2858e+08 45.1352
6.28602e+08 45.1574
6.28613e+08 45.1795
6.28636e+08 45.2016
6.28703e+08 45.2238
6.28725e+08 45.2459
6.30908e+08 45.268
6.30908e+08 45.2901
6.30908e+08 45.3121
