4.49014e+06 2
8.37324e+06 2.5
8.37325e+06 2.9
9.51373e+06 3.24483
9.51374e+06 3.55301
1.26602e+07 3.83446
1.26602e+07 4.09525
1.26602e+07 4.33944
1.55787e+07 4.56988
1.55787e+07 4.78871
1.5724e+07 4.99753
1.58246e+07 5.19763
1.87656e+07 5.39003
1.87656e+07 5.57555
1.87656e+07 5.75491
1.90675e+07 5.92867
1.91122e+07 6.09735
2.27392e+07 6.26135
2.27504e+07 6.42106
2.27504e+07 6.5768
2.2851e+07 6.72885
2.29293e+07 6.87746
2.29293e+07 7.02286
2.69197e+07 7.16526
2.69197e+07 7.30482
2.69198e+07 7.44171
2.69421e+07 7.57609
2.69757e+07 7.70809
2.69981e+07 7.83782
2.70205e+07 7.96541
3.13057e+07 8.09095
3.13057e+07 8.21454
3.13169e+07 8.33628
3.13169e+07 8.45624
3.13729e+07 8.57449
3.13729e+07 8.69112
3.14177e+07 8.80618
3.60113e+07 8.91974
3.60113e+07 9.03185
3.60114e+07 9.14257
3.60561e+07 9.25194
3.60561e+07 9.36003
3.63132e+07 9.46687
3.63133e+07 9.5725
3.6414e+07 9.67696
4.13773e+07 9.7803
4.13773e+07 9.88255
4.13773e+07 9.98374
4.13774e+07 10.0839
4.13774e+07 10.1831
4.13774e+07 10.2813
4.18022e+07 10.3785
4.18469e+07 10.4749
4.20481e+07 10.5704
4.74425e+07 10.665
4.74425e+07 10.7587
4.74425e+07 10.8517
4.74425e+07 10.9438
4.74425e+07 11.0352
4.74873e+07 11.1258
4.75208e+07 11.2157
4.77892e+07 11.3049
4.78228e+07 11.3933
4.78787e+07 11.4811
5.37388e+07 11.5682
5.37388e+07 11.6546
5.37388e+07 11.7404
5.37388e+07 11.8256
5.37724e+07 11.9102
5.38283e+07 11.9941
5.394e+07 12.0775
5.39401e+07 12.1603
5.43202e+07 12.2425
5.43537e+07 12.3242
5.43537e+07 12.4054
6.07507e+07 12.486
6.07507e+07 12.5661
6.08736e+07 12.6456
6.08736e+07 12.7247
6.09966e+07 12.8033
6.10636e+07 12.8814
6.10636e+07 12.959
6.1086e+07 13.0362
6.1086e+07 13.1129
6.15331e+07 13.1892
6.15331e+07 13.265
6.15667e+07 13.3404
6.83552e+07 13.4153
6.83553e+07 13.4899
6.84111e+07 13.564
6.84111e+07 13.6377
6.84223e+07 13.7111
6.84223e+07 13.784
6.84224e+07 13.8566
6.84783e+07 13.9287
6.84783e+07 14.0005
6.84783e+07 14.0719
6.86459e+07 14.143
6.87912e+07 14.2137
6.87912e+07 14.2841
7.65302e+07 14.3541
7.65749e+07 14.4237
7.65749e+07 14.4931
7.65749e+07 14.5621
7.66308e+07 14.6307
7.6642e+07 14.6991
7.6642e+07 14.7671
7.67314e+07 14.8348
7.67314e+07 14.9022
7.67314e+07 14.9694
7.67761e+07 15.0362
7.68097e+07 15.1027
7.68097e+07 15.1689
7.68097e+07 15.2348
8.53537e+07 15.3004
8.54208e+07 15.3658
8.54208e+07 15.4309
8.5499e+07 15.4957
8.55661e+07 15.5602
8.56108e+07 15.6245
8.56108e+07 15.6885
8.56108e+07 15.7522
8.56108e+07 15.8157
8.56109e+07 15.8789
8.56109e+07 15.9419
8.57003e+07 16.0046
8.60803e+07 16.0671
8.60803e+07 16.1294
8.60803e+07 16.1914
9.46917e+07 16.2531
9.48706e+07 16.3146
9.48706e+07 16.3759
9.50048e+07 16.437
9.51165e+07 16.4978
9.52283e+07 16.5585
9.52507e+07 16.6189
9.52842e+07 16.679
9.53178e+07 16.739
9.53178e+07 16.7987
9.53178e+07 16.8582
9.53513e+07 16.9176
9.56084e+07 16.9767
9.60443e+07 17.0356
9.60443e+07 17.0943
9.60444e+07 17.1528
1.04868e+08 17.2111
1.05215e+08 17.2692
1.05215e+08 17.3271
1.05215e+08 17.3848
1.05215e+08 17.4423
1.05215e+08 17.4997
1.05383e+08 17.5568
1.05416e+08 17.6138
1.05416e+08 17.6705
1.0545e+08 17.7271
1.05584e+08 17.7835
1.05684e+08 17.8398
1.05796e+08 17.8958
1.0602e+08 17.9517
1.0602e+08 18.0074
1.0602e+08 18.0629
1.0602e+08 18.1183
1.15246e+08 18.1735
1.15593e+08 18.2285
1.15593e+08 18.2834
1.15626e+08 18.3381
1.15682e+08 18.3926
1.15682e+08 18.447
1.15805e+08 18.5012
1.15839e+08 18.5552
1.15928e+08 18.6091
1.16163e+08 18.6629
1.16163e+08 18.7164
1.16197e+08 18.7699
1.16197e+08 18.8231
1.1642e+08 18.8763
1.16655e+08 18.9293
1.16655e+08 18.9821
1.16655e+08 19.0348
1.16655e+08 19.0873
1.26228e+08 19.1397
1.26441e+08 19.1919
1.26463e+08 19.244
1.26508e+08 19.296
1.26597e+08 19.3478
1.26631e+08 19.3995
1.26664e+08 19.4511
1.26798e+08 19.5025
1.26977e+08 19.5537
1.27302e+08 19.6049
1.27302e+08 19.6559
1.27346e+08 19.7068
1.27346e+08 19.7575
1.27503e+08 19.8081
1.27581e+08 19.8586
1.27671e+08 19.909
1.27671e+08 19.9592
1.27704e+08 20.0093
1.27894e+08 20.0593
1.37915e+08 20.1091
1.37937e+08 20.1589
1.37971e+08 20.2085
1.3806e+08 20.2579
1.38149e+08 20.3073
1.38149e+08 20.3566
1.38183e+08 20.4057
1.38239e+08 20.4547
1.38775e+08 20.5036
1.39021e+08 20.5523
1.39066e+08 20.601
1.39223e+08 20.6495
1.39223e+08 20.698
1.39692e+08 20.7463
1.39882e+08 20.7945
1.40083e+08 20.8426
1.40173e+08 20.8906
1.40173e+08 20.9384
1.40173e+08 20.9862
1.40184e+08 21.0338
1.50306e+08 21.0814
1.50328e+08 21.1288
1.50373e+08 21.1761
1.50384e+08 21.2234
1.50384e+08 21.2705
1.50406e+08 21.3175
1.50406e+08 21.3644
1.50574e+08 21.4112
1.51099e+08 21.4579
1.5148e+08 21.5045
1.5148e+08 21.551
1.51491e+08 21.5974
1.51491e+08 21.6437
1.51491e+08 21.6899
1.5205e+08 21.736
1.52128e+08 21.782
1.52318e+08 21.8279
1.5234e+08 21.8738
1.52407e+08 21.9195
1.52732e+08 21.9651
1.52754e+08 22.0106
1.63233e+08 22.0561
1.63412e+08 22.1014
1.63412e+08 22.1466
1.63423e+08 22.1918
1.63423e+08 22.2369
1.63434e+08 22.2818
1.63513e+08 22.3267
1.63636e+08 22.3715
1.64161e+08 22.4162
1.64429e+08 22.4608
1.6444e+08 22.5053
1.64541e+08 22.5498
1.64541e+08 22.5941
1.64586e+08 22.6384
1.65089e+08 22.6825
1.65178e+08 22.7266
1.65458e+08 22.7706
1.65458e+08 22.8145
1.65458e+08 22.8584
1.65793e+08 22.9021
1.65793e+08 22.9458
1.65793e+08 22.9894
1.7625e+08 23.0329
1.76418e+08 23.0763
1.76418e+08 23.1196
1.76418e+08 23.1629
1.76418e+08 23.206
1.76418e+08 23.2491
1.76586e+08 23.2921
1.76586e+08 23.3351
1.76698e+08 23.3779
1.77346e+08 23.4207
1.77391e+08 23.4634
1.77614e+08 23.506
1.77648e+08 23.5486
1.77693e+08 23.591
1.7786e+08 23.6334
1.78017e+08 23.6757
1.78229e+08 23.718
1.78229e+08 23.7601
1.78229e+08 23.8022
1.78475e+08 23.8442
1.78754e+08 23.8862
1.79045e+08 23.928
1.89837e+08 23.9698
1.89837e+08 24.0116
1.90161e+08 24.0532
1.90173e+08 24.0948
1.90195e+08 24.1363
1.90217e+08 24.1777
1.90262e+08 24.2191
1.90363e+08 24.2604
1.90363e+08 24.3016
1.90586e+08 24.3427
1.90899e+08 24.3838
1.90899e+08 24.4248
1.91268e+08 24.4658
1.91492e+08 24.5066
1.91682e+08 24.5474
1.91794e+08 24.5882
1.91939e+08 24.6288
1.92028e+08 24.6694
1.92028e+08 24.71
1.92028e+08 24.7505
1.92386e+08 24.7909
1.92531e+08 24.8312
1.92621e+08 24.8715
2.0404e+08 24.9117
2.0404e+08 24.9518
2.0404e+08 24.9919
2.04174e+08 25.0319
2.04174e+08 25.0719
2.04431e+08 25.1117
2.04543e+08 25.1516
2.04588e+08 25.1913
2.04677e+08 25.231
2.04711e+08 25.2707
2.04979e+08 25.3102
2.05203e+08 25.3497
2.05203e+08 25.3892
2.05482e+08 25.4286
2.05851e+08 25.4679
2.06231e+08 25.5072
2.06231e+08 25.5464
2.06332e+08 25.5855
2.06388e+08 25.6246
2.06399e+08 25.6636
2.06432e+08 25.7026
2.06846e+08 25.7415
2.07058e+08 25.7803
2.07461e+08 25.8191
2.18904e+08 25.8579
2.18904e+08 25.8965
2.18904e+08 25.9351
2.18971e+08 25.9737
2.18971e+08 26.0122
2.18971e+08 26.0506
2.19027e+08 26.089
2.1915e+08 26.1274
2.19485e+08 26.1656
2.19564e+08 26.2039
2.19597e+08 26.242
2.19899e+08 26.2801
2.20156e+08 26.3182
2.20223e+08 26.3562
2.20436e+08 26.3941
2.20503e+08 26.432
2.21229e+08 26.4698
2.21263e+08 26.5076
2.21497e+08 26.5453
2.2152e+08 26.583
2.21643e+08 26.6206
2.21878e+08 26.6582
2.21878e+08 26.6957
2.21922e+08 26.7332
2.22034e+08 26.7706
2.34287e+08 26.8079
2.34287e+08 26.8452
2.34287e+08 26.8825
2.34298e+08 26.9197
2.34331e+08 26.9568
2.34365e+08 26.9939
2.34387e+08 27.031
2.34499e+08 27.068
2.34588e+08 27.1049
2.35013e+08 27.1418
2.35114e+08 27.1786
2.35192e+08 27.2154
2.35505e+08 27.2522
2.35695e+08 27.2889
2.35729e+08 27.3255
2.35908e+08 27.3621
2.36131e+08 27.3987
2.36511e+08 27.4352
2.36679e+08 27.4716
2.3716e+08 27.508
2.37227e+08 27.5444
2.37227e+08 27.5807
2.37327e+08 27.6169
2.37327e+08 27.6531
2.37338e+08 27.6893
2.3735e+08 27.7254
2.50227e+08 27.7615
2.50227e+08 27.7975
2.50245e+08 27.8335
2.50245e+08 27.8694
2.50245e+08 27.9053
2.50245e+08 27.9411
2.50256e+08 27.9769
2.50256e+08 28.0127
2.50287e+08 28.0484
2.5038e+08 28.084
2.51051e+08 28.1196
2.51141e+08 28.1552
2.51297e+08 28.1907
2.51465e+08 28.2262
2.5189e+08 28.2616
2.51957e+08 28.297
2.52046e+08 28.3323
2.52091e+08 28.3676
2.52538e+08 28.4029
2.52873e+08 28.4381
2.53421e+08 28.4732
2.53499e+08 28.5084
2.53578e+08 28.5434
2.53611e+08 28.5785
2.53611e+08 28.6135
2.53656e+08 28.6484
2.53656e+08 28.6833
2.66876e+08 28.7182
2.66876e+08 28.753
2.66876e+08 28.7878
2.66876e+08 28.8225
2.66876e+08 28.8572
2.66876e+08 28.8919
2.66876e+08 28.9265
2.66876e+08 28.961
2.66876e+08 28.9956
2.66876e+08 29.0301
2.66928e+08 29.0645
2.67439e+08 29.0989
2.67819e+08 29.1333
2.67819e+08 29.1676
2.68099e+08 29.2019
2.6849e+08 29.2361
2.68524e+08 29.2703
2.68546e+08 29.3045
2.68568e+08 29.3386
2.69094e+08 29.3727
2.69619e+08 29.4068
2.70267e+08 29.4408
2.70357e+08 29.4747
2.70357e+08 29.5087
2.70435e+08 29.5425
2.70435e+08 29.5764
2.70491e+08 29.6102
2.70524e+08 29.644
2.84113e+08 29.6777
2.84113e+08 29.7114
2.84113e+08 29.7451
2.84113e+08 29.7787
2.84114e+08 29.8123
2.84114e+08 29.8458
2.84114e+08 29.8793
2.84114e+08 29.9128
2.84114e+08 29.9462
2.84114e+08 29.9796
2.84114e+08 30.013
2.84114e+08 30.0463
2.84523e+08 30.0796
2.85026e+08 30.1128
2.85026e+08 30.146
2.85205e+08 30.1792
2.85752e+08 30.2123
2.85752e+08 30.2454
2.85831e+08 30.2785
2.85875e+08 30.3115
2.8639e+08 30.3445
2.86948e+08 30.3775
2.8763e+08 30.4104
2.87664e+08 30.4433
2.87664e+08 30.4761
2.87697e+08 30.5089
2.8772e+08 30.5417
2.8772e+08 30.5744
2.8772e+08 30.6071
3.01924e+08 30.6398
3.01924e+08 30.6725
3.01924e+08 30.7051
3.01924e+08 30.7376
3.01924e+08 30.7702
3.01924e+08 30.8027
3.01924e+08 30.8351
3.01924e+08 30.8676
3.01924e+08 30.9
3.01924e+08 30.9323
3.01932e+08 30.9646
3.01944e+08 30.9969
3.01957e+08 31.0292
3.02665e+08 31.0614
3.02922e+08 31.0936
3.02922e+08 31.1258
3.03302e+08 31.1579
3.03761e+08 31.19
3.03794e+08 31.2221
3.03984e+08 31.2541
3.04163e+08 31.2861
3.04878e+08 31.3181
3.05404e+08 31.35
3.0565e+08 31.3819
3.05717e+08 31.4137
3.05773e+08 31.4456
3.05773e+08 31.4774
3.05773e+08 31.5092
3.05773e+08 31.5409
3.05773e+08 31.5726
3.20499e+08 31.6043
3.20499e+08 31.6359
3.20522e+08 31.6675
3.20522e+08 31.6991
3.20522e+08 31.7306
3.20533e+08 31.7622
3.20533e+08 31.7936
3.20533e+08 31.8251
3.20533e+08 31.8565
3.20533e+08 31.8879
3.20533e+08 31.9193
3.20554e+08 31.9506
3.20565e+08 31.9819
3.20565e+08 32.0132
3.21721e+08 32.0444
3.22001e+08 32.0756
3.22001e+08 32.1068
3.22638e+08 32.1379
3.23007e+08 32.169
3.23007e+08 32.2001
3.23465e+08 32.2312
3.23744e+08 32.2622
3.24337e+08 32.2932
3.24739e+08 32.3242
3.2475e+08 32.3551
3.24929e+08 32.386
3.24952e+08 32.4169
3.24952e+08 32.4477
3.24952e+08 32.4786
3.24952e+08 32.5094
3.24952e+08 32.5401
3.39999e+08 32.5708
3.39999e+08 32.6015
3.40088e+08 32.6322
3.40088e+08 32.6629
3.40088e+08 32.6935
3.40088e+08 32.7241
3.40111e+08 32.7546
3.40111e+08 32.7852
3.40122e+08 32.8157
3.40122e+08 32.8461
3.40133e+08 32.8766
3.40144e+08 32.907
3.40211e+08 32.9374
3.40223e+08 32.9677
3.4029e+08 32.9981
3.41642e+08 33.0284
3.41709e+08 33.0587
3.41765e+08 33.0889
3.42805e+08 33.1191
3.43263e+08 33.1493
3.4333e+08 33.1795
3.43386e+08 33.2096
3.43475e+08 33.2397
3.44124e+08 33.2698
3.44325e+08 33.2999
3.44325e+08 33.3299
3.44448e+08 33.3599
3.4447e+08 33.3899
3.4447e+08 33.4198
3.44504e+08 33.4498
3.44537e+08 33.4797
3.44604e+08 33.5095
3.60542e+08 33.5394
3.60542e+08 33.5692
3.60844e+08 33.599
3.60889e+08 33.6287
3.60933e+08 33.6585
3.60989e+08 33.6882
3.61101e+08 33.7179
3.61101e+08 33.7475
3.61101e+08 33.7772
3.61101e+08 33.8068
3.61157e+08 33.8363
3.61179e+08 33.8659
3.61258e+08 33.8954
3.61336e+08 33.9249
3.61828e+08 33.9544
3.63057e+08 33.9839
3.63057e+08 34.0133
3.63091e+08 34.0427
3.63124e+08 34.0721
3.63258e+08 34.1014
3.63303e+08 34.1307
3.63594e+08 34.16
3.63829e+08 34.1893
3.64041e+08 34.2185
3.64477e+08 34.2478
3.6603e+08 34.277
3.66086e+08 34.3061
3.665e+08 34.3353
3.666e+08 34.3644
3.66701e+08 34.3935
3.66768e+08 34.4226
3.66936e+08 34.4516
3.67036e+08 34.4807
3.81905e+08 34.5097
3.81972e+08 34.5387
3.82397e+08 34.5676
3.8271e+08 34.5965
3.8271e+08 34.6254
3.8271e+08 34.6543
3.82922e+08 34.6832
3.82922e+08 34.712
3.82922e+08 34.7408
3.83023e+08 34.7696
3.83067e+08 34.7984
3.83112e+08 34.8271
3.83201e+08 34.8558
3.83459e+08 34.8845
3.83514e+08 34.9132
3.83749e+08 34.9418
3.83749e+08 34.9704
3.83783e+08 34.999
3.83783e+08 35.0276
3.83816e+08 35.0561
3.84275e+08 35.0847
3.84509e+08 35.1132
3.84979e+08 35.1417
3.85571e+08 35.1701
3.85817e+08 35.1985
3.88064e+08 35.227
3.8831e+08 35.2553
3.88366e+08 35.2837
3.88656e+08 35.312
3.88746e+08 35.3404
3.88846e+08 35.3687
3.88891e+08 35.3969
3.88891e+08 35.4252
3.88925e+08 35.4534
4.04639e+08 35.4816
4.04651e+08 35.5098
4.04651e+08 35.538
4.04729e+08 35.5661
4.04729e+08 35.5942
4.0474e+08 35.6223
4.05277e+08 35.6504
4.05333e+08 35.6784
4.05333e+08 35.7065
4.05333e+08 35.7345
4.05333e+08 35.7625
4.05389e+08 35.7904
4.05411e+08 35.8184
4.05702e+08 35.8463
4.05802e+08 35.8742
4.06674e+08 35.902
4.06674e+08 35.9299
4.06674e+08 35.9577
4.06797e+08 35.9855
4.06797e+08 36.0133
4.07534e+08 36.0411
4.07892e+08 36.0688
4.09435e+08 36.0966
4.09658e+08 36.1243
4.09681e+08 36.152
4.09692e+08 36.1796
4.10597e+08 36.2073
4.10899e+08 36.2349
4.11011e+08 36.2625
4.11212e+08 36.2901
4.11212e+08 36.3176
4.11257e+08 36.3451
4.11257e+08 36.3727
4.11268e+08 36.4002
4.11279e+08 36.4276
4.27022e+08 36.4551
4.27111e+08 36.4825
4.27111e+08 36.5099
4.28073e+08 36.5373
4.28073e+08 36.5647
4.28296e+08 36.592
4.28732e+08 36.6194
4.28732e+08 36.6467
4.28732e+08 36.6739
4.28732e+08 36.7012
4.28732e+08 36.7285
4.29134e+08 36.7557
4.29134e+08 36.7829
4.29336e+08 36.8101
4.29436e+08 36.8372
4.2947e+08 36.8644
4.2947e+08 36.8915
4.29548e+08 36.9186
4.29794e+08 36.9457
4.30051e+08 36.9728
4.30051e+08 36.9998
4.30342e+08 37.0269
4.31236e+08 37.0539
4.3156e+08 37.0809
4.31672e+08 37.1078
4.32208e+08 37.1348
4.32298e+08 37.1617
4.32868e+08 37.1886
4.33036e+08 37.2155
4.33036e+08 37.2424
4.33058e+08 37.2692
4.33092e+08 37.296
4.33092e+08 37.3229
4.33092e+08 37.3497
4.33092e+08 37.3764
4.33103e+08 37.4032
4.53105e+08 37.4299
4.53295e+08 37.4566
4.53373e+08 37.4833
4.53474e+08 37.51
4.53474e+08 37.5367
4.53496e+08 37.5633
4.53496e+08 37.5899
4.53496e+08 37.6165
4.53508e+08 37.6431
4.53508e+08 37.6697
4.53508e+08 37.6962
4.53508e+08 37.7228
4.53508e+08 37.7493
4.53575e+08 37.7758
4.53687e+08 37.8022
4.53687e+08 37.8287
4.53765e+08 37.8551
4.53821e+08 37.8815
4.54033e+08 37.9079
4.54123e+08 37.9343
4.54179e+08 37.9607
4.54413e+08 37.987
4.54413e+08 38.0133
4.54816e+08 38.0397
4.55229e+08 38.0659
4.5533e+08 38.0922
4.55364e+08 38.1185
4.55397e+08 38.1447
4.55431e+08 38.1709
4.55431e+08 38.1971
4.55431e+08 38.2233
4.55442e+08 38.2495
4.55442e+08 38.2756
4.55442e+08 38.3017
4.55498e+08 38.3278
4.55599e+08 38.3539
4.55912e+08 38.38
4.76493e+08 38.406
4.76493e+08 38.4321
4.76493e+08 38.4581
4.76526e+08 38.4841
4.76526e+08 38.5101
4.76526e+08 38.5361
4.76538e+08 38.562
4.7656e+08 38.5879
4.76582e+08 38.6139
4.76582e+08 38.6398
4.76582e+08 38.6656
4.76582e+08 38.6915
4.76616e+08 38.7173
4.76661e+08 38.7432
4.77219e+08 38.769
4.77387e+08 38.7948
4.77465e+08 38.8206
4.77465e+08 38.8463
4.77521e+08 38.8721
4.77521e+08 38.8978
4.77521e+08 38.9235
4.77633e+08 38.9492
4.77678e+08 38.9749
4.77678e+08 39.0005
4.77756e+08 39.0262
4.78114e+08 39.0518
4.78214e+08 39.0774
4.78315e+08 39.103
4.78315e+08 39.1285
4.78326e+08 39.1541
4.78371e+08 39.1796
4.78472e+08 39.2052
4.78572e+08 39.2307
4.78572e+08 39.2562
4.78662e+08 39.2816
4.79109e+08 39.3071
4.79411e+08 39.3325
4.7988e+08 39.358
5.01204e+08 39.3834
5.01204e+08 39.4088
5.01204e+08 39.4341
5.01204e+08 39.4595
5.01204e+08 39.4848
5.01204e+08 39.5102
5.01204e+08 39.5355
5.01204e+08 39.5608
5.01204e+08 39.586
5.01215e+08 39.6113
5.01215e+08 39.6366
5.01215e+08 39.6618
5.01249e+08 39.687
5.01249e+08 39.7122
5.01349e+08 39.7374
5.01416e+08 39.7625
5.01416e+08 39.7877
5.01416e+08 39.8128
5.01416e+08 39.8379
5.01416e+08 39.863
5.01416e+08 39.8881
5.01484e+08 39.9132
5.01528e+08 39.9382
5.01551e+08 39.9633
5.01573e+08 39.9883
5.0183e+08 40.0133
5.01842e+08 40.0383
5.01842e+08 40.0633
5.0211e+08 40.0882
5.02445e+08 40.1132
5.02635e+08 40.1381
5.03228e+08 40.163
5.03328e+08 40.1879
5.03328e+08 40.2128
5.03328e+08 40.2377
5.03485e+08 40.2625
5.03485e+08 40.2874
5.0353e+08 40.3122
5.03753e+08 40.337
5.25726e+08 40.3618
5.25726e+08 40.3866
5.25726e+08 40.4113
5.25737e+08 40.4361
5.25771e+08 40.4608
5.25771e+08 40.4855
5.25793e+08 40.5102
5.25793e+08 40.5349
5.25827e+08 40.5596
5.25827e+08 40.5842
5.25827e+08 40.6089
5.25827e+08 40.6335
5.25827e+08 40.6581
5.25827e+08 40.6827
5.25916e+08 40.7073
5.25927e+08 40.7318
5.25927e+08 40.7564
5.25927e+08 40.7809
5.25938e+08 40.8055
5.2595e+08 40.83
5.25961e+08 40.8545
5.26006e+08 40.8789
5.26017e+08 40.9034
5.26017e+08 40.9278
5.26017e+08 40.9523
5.26039e+08 40.9767
5.26039e+08 41.0011
5.26162e+08 41.0255
5.26453e+08 41.0499
5.27191e+08 41.0742
5.2747e+08 41.0986
5.27481e+08 41.1229
5.27694e+08 41.1472
5.27761e+08 41.1715
5.27772e+08 41.1958
5.27772e+08 41.2201
5.2794e+08 41.2443
5.27962e+08 41.2686
5.28063e+08 41.2928
5.28275e+08 41.317
5.50643e+08 41.3412
5.50654e+08 41.3654
5.50654e+08 41.3896
5.50654e+08 41.4138
5.50665e+08 41.4379
5.50665e+08 41.462
5.50665e+08 41.4862
5.50676e+08 41.5103
5.50687e+08 41.5344
5.50687e+08 41.5584
5.50687e+08 41.5825
5.50687e+08 41.6065
5.50687e+08 41.6306
5.50687e+08 41.6546
5.50721e+08 41.6786
5.50721e+08 41.7026
5.50721e+08 41.7266
5.50721e+08 41.7505
5.50732e+08 41.7745
5.50732e+08 41.7984
5.50732e+08 41.8224
5.50732e+08 41.8463
5.50744e+08 41.8702
5.50777e+08 41.8941
5.50855e+08 41.9179
5.51671e+08 41.9418
5.51716e+08 41.9656
5.51794e+08 41.9894
5.51828e+08 42.0133
5.51985e+08 42.0371
5.52465e+08 42.0609
5.52566e+08 42.0846
5.52722e+08 42.1084
5.52801e+08 42.1321
5.52845e+08 42.1559
5.52857e+08 42.1796
5.5289e+08 42.2033
5.52946e+08 42.227
5.52968e+08 42.2507
5.53024e+08 42.2743
5.53605e+08 42.298
5.76045e+08 42.3216
5.76045e+08 42.3453
5.76045e+08 42.3689
5.76045e+08 42.3925
5.76045e+08 42.4161
5.76045e+08 42.4397
5.76045e+08 42.4632
5.76045e+08 42.4868
5.76045e+08 42.5103
5.76045e+08 42.5338
5.76045e+08 42.5573
5.76045e+08 42.5808
5.76068e+08 42.6043
5.7609e+08 42.6278
5.76202e+08 42.6513
5.76358e+08 42.6747
5.76548e+08 42.6981
5.76548e+08 42.7216
5.76649e+08 42.745
5.7675e+08 42.7684
5.7675e+08 42.7917
5.76817e+08 42.8151
5.76873e+08 42.8385
5.76884e+08 42.8618
5.76906e+08 42.8851
5.77365e+08 42.9085
5.77365e+08 42.9318
5.77376e+08 42.9551
5.77409e+08 42.9783
5.77432e+08 43.0016
5.77611e+08 43.0249
5.78259e+08 43.0481
5.78516e+08 43.0713
5.78539e+08 43.0945
5.7903e+08 43.1178
5.7903e+08 43.1409
5.7903e+08 43.1641
5.7903e+08 43.1873
5.7903e+08 43.2104
5.7903e+08 43.2336
5.79053e+08 43.2567
5.79109e+08 43.2798
6.02098e+08 43.3029
6.02098e+08 43.326
6.02098e+08 43.3491
6.02098e+08 43.3722
6.02098e+08 43.3952
6.02098e+08 43.4183
6.02165e+08 43.4413
6.02188e+08 43.4643
6.02188e+08 43.4873
6.02233e+08 43.5103
6.02255e+08 43.5333
6.02333e+08 43.5563
6.02355e+08 43.5792
6.02367e+08 43.6022
6.02467e+08 43.6251
6.02546e+08 43.6481
6.02747e+08 43.671
6.02747e+08 43.6939
6.02803e+08 43.7167
6.02825e+08 43.7396
6.02825e+08 43.7625
6.02836e+08 43.7853
6.02915e+08 43.8082
6.03004e+08 43.831
6.0306e+08 43.8538
6.03507e+08 43.8766
6.0353e+08 43.8994
6.03597e+08 43.9222
6.03597e+08 43.945
6.03641e+08 43.9677
6.03641e+08 43.9905
6.0382e+08 44.0132
6.05005e+08 44.0359
6.05005e+08 44.0586
6.05016e+08 44.0813
6.05016e+08 44.104
6.05016e+08 44.1267
6.05016e+08 44.1493
6.05016e+08 44.172
6.05016e+08 44.1946
6.05016e+08 44.2173
6.05072e+08 44.2399
6.05083e+08 44.2625
6.19708e+08 44.2851
6.1973e+08 44.3076
6.1973e+08 44.3302
6.1973e+08 44.3528
6.19731e+08 44.3753
6.19731e+08 44.3979
6.19731e+08 44.4204
6.19764e+08 44.4429
6.19775e+08 44.4654
6.19865e+08 44.4879
6.19877e+08 44.5104
6.19877e+08 44.5328
6.19889e+08 44.5553
6.19932e+08 44.5777
6.20022e+08 44.6002
6.20046e+08 44.6226
6.20147e+08 44.645
6.20158e+08 44.6674
6.2017e+08 44.6898
6.2018e+08 44.7122
6.2018e+08 44.7345
6.20192e+08 44.7569
6.20203e+08 44.7792
6.20203e+08 44.8015
6.20203e+08 44.8239
6.20249e+08 44.8462
6.20249e+08 44.8685
6.2026e+08 44.8908
6.2026e+08 44.913
6.20305e+08 44.9353
6.20316e+08 44.9576
6.20608e+08 44.9798
6.20698e+08 45.002
6.21201e+08 45.0243
6.21246e+08 45.0465
6.21291e+08 45.0687
6.21302e+08 45.0909
6.21346e+08 45.113
6.21391e+08 45.1352
6.21481e+08 45.1574
6.21536e+08 45.1795
6.21603e+08 45.2016
6.2176e+08 45.2238
6.21838e+08 45.2459
6.28543e+08 45.268
6.28621e+08 45.2901
6.28677e+08 45.3121
