4.7831e+06 2
8.2831e+06 2.5
8.28311e+06 2.9
9.78314e+06 3.24483
9.78314e+06 3.55301
1.15411e+07 3.83446
1.15412e+07 4.09525
1.15412e+07 4.33944
1.42951e+07 4.56988
1.42951e+07 4.78871
1.42951e+07 4.99753
1.42951e+07 5.19763
1.7312e+07 5.39003
1.7312e+07 5.57555
1.7312e+07 5.75491
1.7312e+07 5.92867
1.73121e+07 6.09735
2.09203e+07 6.26135
2.09204e+07 6.42106
2.09204e+07 6.5768
2.09204e+07 6.72885
2.09204e+07 6.87746
2.09204e+07 7.02286
2.53829e+07 7.16526
2.54165e+07 7.30482
2.54165e+07 7.44171
2.54165e+07 7.57609
2.54277e+07 7.70809
2.54277e+07 7.83782
2.54277e+07 7.96541
2.93082e+07 8.09095
2.93866e+07 8.21454
2.93866e+07 8.33628
2.93866e+07 8.45624
2.95094e+07 8.57449
2.95653e+07 8.69112
2.95877e+07 8.80618
3.44119e+07 8.91974
3.44119e+07 9.03185
3.4564e+07 9.14257
3.4564e+07 9.25194
3.45641e+07 9.36003
3.47552e+07 9.46687
3.47552e+07 9.5725
3.47887e+07 9.67696
3.97203e+07 9.7803
3.97315e+07 9.88255
3.97315e+07 9.98374
3.97877e+07 10.0839
3.97877e+07 10.1831
3.97877e+07 10.2813
4.00305e+07 10.3785
4.00807e+07 10.4749
4.06486e+07 10.5704
4.64188e+07 10.665
4.64188e+07 10.7587
4.64188e+07 10.8517
4.65082e+07 10.9438
4.65083e+07 11.0352
4.65083e+07 11.1258
4.65083e+07 11.2157
4.70225e+07 11.3049
4.70225e+07 11.3933
4.72572e+07 11.4811
5.27435e+07 11.5682
5.27435e+07 11.6546
5.27547e+07 11.7404
5.27547e+07 11.8256
5.27609e+07 11.9102
5.27609e+07 11.9941
5.27862e+07 12.0775
5.27974e+07 12.1603
5.64524e+07 12.2425
5.64971e+07 12.3242
5.66424e+07 12.4054
6.30619e+07 12.486
6.30619e+07 12.5661
6.31736e+07 12.6456
6.32407e+07 12.7247
6.32407e+07 12.8033
6.32407e+07 12.8814
6.32407e+07 12.959
6.32407e+07 13.0362
6.32407e+07 13.1129
6.41125e+07 13.1892
6.42244e+07 13.265
6.44368e+07 13.3404
7.12315e+07 13.4153
7.12986e+07 13.4899
7.1321e+07 13.564
7.14327e+07 13.6377
7.14551e+07 13.7111
7.14551e+07 13.784
7.14886e+07 13.8566
7.14998e+07 13.9287
7.15893e+07 14.0005
7.16005e+07 14.0719
7.33107e+07 14.143
7.34002e+07 14.2137
7.3445e+07 14.2841
8.1878e+07 14.3541
8.19003e+07 14.4237
8.19003e+07 14.4931
8.19115e+07 14.5621
8.19115e+07 14.6307
8.19227e+07 14.6991
8.19451e+07 14.7671
8.19451e+07 14.8348
8.19786e+07 14.9022
8.19787e+07 14.9694
8.19898e+07 15.0362
8.21129e+07 15.1027
8.21688e+07 15.1689
8.22695e+07 15.2348
9.13728e+07 15.3004
9.13728e+07 15.3658
9.13728e+07 15.4309
9.13729e+07 15.4957
9.13729e+07 15.5602
9.14288e+07 15.6245
9.14288e+07 15.6885
9.14288e+07 15.7522
9.14288e+07 15.8157
9.14288e+07 15.8789
9.14288e+07 15.9419
9.14289e+07 16.0046
9.15071e+07 16.0671
9.16973e+07 16.1294
9.17198e+07 16.1914
1.01451e+08 16.2531
1.01462e+08 16.3146
1.01473e+08 16.3759
1.01485e+08 16.437
1.01485e+08 16.4978
1.01485e+08 16.5585
1.01529e+08 16.6189
1.01529e+08 16.679
1.01529e+08 16.739
1.01529e+08 16.7987
1.01529e+08 16.8582
1.01529e+08 16.9176
1.01529e+08 16.9767
1.01529e+08 17.0356
1.01764e+08 17.0943
1.01764e+08 17.1528
1.11941e+08 17.2111
1.11952e+08 17.2692
1.11963e+08 17.3271
1.11974e+08 17.3848
1.11974e+08 17.4423
1.11974e+08 17.4997
1.11974e+08 17.5568
1.11986e+08 17.6138
1.12008e+08 17.6705
1.12008e+08 17.7271
1.12008e+08 17.7835
1.12019e+08 17.8398
1.12019e+08 17.8958
1.12019e+08 17.9517
1.12019e+08 18.0074
1.12198e+08 18.0629
1.1222e+08 18.1183
1.23079e+08 18.1735
1.2309e+08 18.2285
1.2309e+08 18.2834
1.2309e+08 18.3381
1.2309e+08 18.3926
1.2309e+08 18.447
1.23113e+08 18.5012
1.23113e+08 18.5552
1.23146e+08 18.6091
1.23157e+08 18.6629
1.23157e+08 18.7164
1.23157e+08 18.7699
1.23191e+08 18.8231
1.23202e+08 18.8763
1.23213e+08 18.9293
1.23213e+08 18.9821
1.23347e+08 19.0348
1.23359e+08 19.0873
1.34724e+08 19.1397
1.34735e+08 19.1919
1.34735e+08 19.244
1.34735e+08 19.296
1.34735e+08 19.3478
1.34735e+08 19.3995
1.34769e+08 19.4511
1.34769e+08 19.5025
1.34791e+08 19.5537
1.34791e+08 19.6049
1.34791e+08 19.6559
1.34791e+08 19.7068
1.34836e+08 19.7575
1.34836e+08 19.8081
1.34859e+08 19.8586
1.34859e+08 19.909
1.35037e+08 19.9592
1.35149e+08 20.0093
1.35194e+08 20.0593
1.46802e+08 20.1091
1.46813e+08 20.1589
1.46813e+08 20.2085
1.46835e+08 20.2579
1.4688e+08 20.3073
1.46947e+08 20.3566
1.4697e+08 20.4057
1.46992e+08 20.4547
1.46992e+08 20.5036
1.46992e+08 20.5523
1.46992e+08 20.601
1.47003e+08 20.6495
1.47048e+08 20.698
1.47048e+08 20.7463
1.4707e+08 20.7945
1.47137e+08 20.8426
1.47305e+08 20.8906
1.47316e+08 20.9384
1.47316e+08 20.9862
1.47316e+08 21.0338
1.59316e+08 21.0814
1.59316e+08 21.1288
1.59506e+08 21.1761
1.59528e+08 21.2234
1.59584e+08 21.2705
1.59729e+08 21.3175
1.59729e+08 21.3644
1.59785e+08 21.4112
1.59785e+08 21.4579
1.59785e+08 21.5045
1.59785e+08 21.551
1.59808e+08 21.5974
1.59819e+08 21.6437
1.59819e+08 21.6899
1.59875e+08 21.736
1.59897e+08 21.782
1.59909e+08 21.8279
1.59931e+08 21.8738
1.60009e+08 21.9195
1.60032e+08 21.9651
1.60132e+08 22.0106
1.72512e+08 22.0561
1.72512e+08 22.1014
1.72657e+08 22.1466
1.72669e+08 22.1918
1.72691e+08 22.2369
1.72713e+08 22.2818
1.72736e+08 22.3267
1.72758e+08 22.3715
1.72758e+08 22.4162
1.7278e+08 22.4608
1.72792e+08 22.5053
1.72836e+08 22.5498
1.72836e+08 22.5941
1.7287e+08 22.6384
1.72982e+08 22.6825
1.73015e+08 22.7266
1.7306e+08 22.7706
1.73082e+08 22.8145
1.73172e+08 22.8584
1.73194e+08 22.9021
1.73205e+08 22.9458
1.73217e+08 22.9894
1.85624e+08 23.0329
1.85646e+08 23.0763
1.85736e+08 23.1196
1.85769e+08 23.1629
1.85781e+08 23.206
1.85948e+08 23.2491
1.85948e+08 23.2921
1.86027e+08 23.3351
1.86071e+08 23.3779
1.86138e+08 23.4207
1.8615e+08 23.4634
1.86183e+08 23.506
1.86183e+08 23.5486
1.86206e+08 23.591
1.86228e+08 23.6334
1.86273e+08 23.6757
1.86306e+08 23.718
1.86362e+08 23.7601
1.86463e+08 23.8022
1.86474e+08 23.8442
1.86485e+08 23.8862
1.86496e+08 23.928
1.99644e+08 23.9698
1.99644e+08 24.0116
1.99667e+08 24.0532
1.99734e+08 24.0948
1.99745e+08 24.1363
1.99778e+08 24.1777
1.99846e+08 24.2191
1.99846e+08 24.2604
1.99946e+08 24.3016
1.9998e+08 24.3427
2.00103e+08 24.3838
2.00103e+08 24.4248
2.00125e+08 24.4658
2.00125e+08 24.5066
2.00192e+08 24.5474
2.00214e+08 24.5882
2.00237e+08 24.6288
2.00405e+08 24.6694
2.00494e+08 24.71
2.0055e+08 24.7505
2.00572e+08 24.7909
2.00583e+08 24.8312
2.00583e+08 24.8715
2.14072e+08 24.9117
2.14128e+08 24.9518
2.14206e+08 24.9919
2.14206e+08 25.0319
2.1424e+08 25.0719
2.1424e+08 25.1117
2.14296e+08 25.1516
2.14329e+08 25.1913
2.14329e+08 25.231
2.1434e+08 25.2707
2.1434e+08 25.3102
2.14363e+08 25.3497
2.1443e+08 25.3892
2.1443e+08 25.4286
2.14463e+08 25.4679
2.14586e+08 25.5072
2.1462e+08 25.5464
2.14743e+08 25.5855
2.14832e+08 25.6246
2.14855e+08 25.6636
2.15045e+08 25.7026
2.15056e+08 25.7415
2.15056e+08 25.7803
2.15056e+08 25.8191
2.29204e+08 25.8579
2.29204e+08 25.8965
2.29405e+08 25.9351
2.2945e+08 25.9737
2.29472e+08 26.0122
2.29506e+08 26.0506
2.2954e+08 26.089
2.29562e+08 26.1274
2.29618e+08 26.1656
2.29618e+08 26.2039
2.29618e+08 26.242
2.29651e+08 26.2801
2.29663e+08 26.3182
2.29663e+08 26.3562
2.29663e+08 26.3941
2.29663e+08 26.432
2.29663e+08 26.4698
2.29685e+08 26.5076
2.29774e+08 26.5453
2.29897e+08 26.583
2.29931e+08 26.6206
2.30188e+08 26.6582
2.30289e+08 26.6957
2.30322e+08 26.7332
2.30356e+08 26.7706
2.44976e+08 26.8079
2.44999e+08 26.8452
2.45066e+08 26.8825
2.45166e+08 26.9197
2.45211e+08 26.9568
2.45211e+08 26.9939
2.45256e+08 27.031
2.45301e+08 27.068
2.45323e+08 27.1049
2.45379e+08 27.1418
2.45412e+08 27.1786
2.4548e+08 27.2154
2.45524e+08 27.2522
2.45524e+08 27.2889
2.45524e+08 27.3255
2.45524e+08 27.3621
2.45524e+08 27.3987
2.45524e+08 27.4352
2.45524e+08 27.4716
2.45603e+08 27.508
2.45625e+08 27.5444
2.45647e+08 27.5807
2.45759e+08 27.6169
2.45938e+08 27.6531
2.4605e+08 27.6893
2.46139e+08 27.7254
2.61305e+08 27.7615
2.61316e+08 27.7975
2.61316e+08 27.8335
2.61327e+08 27.8694
2.61327e+08 27.9053
2.61327e+08 27.9411
2.61327e+08 27.9769
2.61327e+08 28.0127
2.6135e+08 28.0484
2.6135e+08 28.084
2.61361e+08 28.1196
2.61361e+08 28.1552
2.61495e+08 28.1907
2.61551e+08 28.2262
2.61607e+08 28.2616
2.61674e+08 28.297
2.61707e+08 28.3323
2.61707e+08 28.3676
2.61752e+08 28.4029
2.61797e+08 28.4381
2.61853e+08 28.4732
2.61976e+08 28.5084
2.62076e+08 28.5434
2.62088e+08 28.5785
2.62177e+08 28.6135
2.62322e+08 28.6484
2.62389e+08 28.6833
2.78242e+08 28.7182
2.78253e+08 28.753
2.78253e+08 28.7878
2.78253e+08 28.8225
2.78253e+08 28.8572
2.78253e+08 28.8919
2.78265e+08 28.9265
2.78276e+08 28.961
2.78287e+08 28.9956
2.78298e+08 29.0301
2.78298e+08 29.0645
2.78354e+08 29.0989
2.78365e+08 29.1333
2.78365e+08 29.1676
2.78376e+08 29.2019
2.78376e+08 29.2361
2.78376e+08 29.2703
2.7841e+08 29.3045
2.7841e+08 29.3386
2.78444e+08 29.3727
2.78488e+08 29.4068
2.786e+08 29.4408
2.78656e+08 29.4747
2.78678e+08 29.5087
2.78712e+08 29.5425
2.7898e+08 29.5764
2.79092e+08 29.6102
2.79137e+08 29.644
2.95033e+08 29.6777
2.95111e+08 29.7114
2.95279e+08 29.7451
2.95279e+08 29.7787
2.95312e+08 29.8123
2.95312e+08 29.8458
2.95379e+08 29.8793
2.95435e+08 29.9128
2.95435e+08 29.9462
2.95469e+08 29.9796
2.95491e+08 30.013
2.95514e+08 30.0463
2.95536e+08 30.0796
2.95569e+08 30.1128
2.9567e+08 30.146
2.95826e+08 30.1792
2.95826e+08 30.2123
2.95827e+08 30.2454
2.9586e+08 30.2785
2.95894e+08 30.3115
2.96039e+08 30.3445
2.96073e+08 30.3775
2.96073e+08 30.4104
2.96073e+08 30.4433
2.96095e+08 30.4761
2.96173e+08 30.5089
2.96251e+08 30.5417
2.96374e+08 30.5744
2.96374e+08 30.6071
3.12958e+08 30.6398
3.13002e+08 30.6725
3.13092e+08 30.7051
3.13092e+08 30.7376
3.13092e+08 30.7702
3.13092e+08 30.8027
3.13125e+08 30.8351
3.13237e+08 30.8676
3.13271e+08 30.9
3.13271e+08 30.9323
3.13271e+08 30.9646
3.13271e+08 30.9969
3.13293e+08 31.0292
3.13293e+08 31.0614
3.13293e+08 31.0936
3.13371e+08 31.1258
3.13416e+08 31.1579
3.13438e+08 31.19
3.13438e+08 31.2221
3.13438e+08 31.2541
3.13439e+08 31.2861
3.13886e+08 31.3181
3.1412e+08 31.35
3.1412e+08 31.3819
3.14199e+08 31.4137
3.14199e+08 31.4456
3.14199e+08 31.4774
3.14243e+08 31.5092
3.14333e+08 31.5409
3.14333e+08 31.5726
3.31005e+08 31.6043
3.31005e+08 31.6359
3.31206e+08 31.6675
3.31206e+08 31.6991
3.31251e+08 31.7306
3.31295e+08 31.7622
3.31374e+08 31.7936
3.31452e+08 31.8251
3.3153e+08 31.8565
3.31564e+08 31.8879
3.31586e+08 31.9193
3.31586e+08 31.9506
3.31642e+08 31.9819
3.31642e+08 32.0132
3.31653e+08 32.0444
3.31709e+08 32.0756
3.31776e+08 32.1068
3.32033e+08 32.1379
3.32123e+08 32.169
3.32134e+08 32.2001
3.32134e+08 32.2312
3.32168e+08 32.2622
3.32291e+08 32.2932
3.32615e+08 32.3242
3.32648e+08 32.3551
3.32648e+08 32.386
3.3266e+08 32.4169
3.32671e+08 32.4477
3.32693e+08 32.4786
3.32738e+08 32.5094
3.3276e+08 32.5401
3.49328e+08 32.5708
3.49328e+08 32.6015
3.4954e+08 32.6322
3.49629e+08 32.6629
3.49696e+08 32.6935
3.49719e+08 32.7241
3.49719e+08 32.7546
3.49898e+08 32.7852
3.5011e+08 32.8157
3.50244e+08 32.8461
3.50434e+08 32.8766
3.50501e+08 32.907
3.50647e+08 32.9374
3.50647e+08 32.9677
3.50691e+08 32.9981
3.50691e+08 33.0284
3.50781e+08 33.0587
3.50814e+08 33.0889
3.50881e+08 33.1191
3.50881e+08 33.1493
3.5096e+08 33.1795
3.50982e+08 33.2096
3.51016e+08 33.2397
3.51586e+08 33.2698
3.51608e+08 33.2999
3.51631e+08 33.3299
3.51631e+08 33.3599
3.51865e+08 33.3899
3.51877e+08 33.4198
3.51933e+08 33.4498
3.52089e+08 33.4797
3.52089e+08 33.5095
3.68935e+08 33.5394
3.68935e+08 33.5692
3.68991e+08 33.599
3.69002e+08 33.6287
3.69002e+08 33.6585
3.69002e+08 33.6882
3.69002e+08 33.7179
3.69036e+08 33.7475
3.69193e+08 33.7772
3.69237e+08 33.8068
3.69338e+08 33.8363
3.69394e+08 33.8659
3.69472e+08 33.8954
3.69494e+08 33.9249
3.69494e+08 33.9544
3.69494e+08 33.9839
3.69562e+08 34.0133
3.69763e+08 34.0427
3.69763e+08 34.0721
3.69908e+08 34.1014
3.69975e+08 34.1307
3.70199e+08 34.16
3.70243e+08 34.1893
3.70724e+08 34.2185
3.71294e+08 34.2478
3.71317e+08 34.277
3.71518e+08 34.3061
3.71641e+08 34.3353
3.7173e+08 34.3644
3.71764e+08 34.3935
3.71932e+08 34.4226
3.72189e+08 34.4516
3.72189e+08 34.4807
3.89169e+08 34.5097
3.89169e+08 34.5387
3.89169e+08 34.5676
3.89213e+08 34.5965
3.89213e+08 34.6254
3.89225e+08 34.6543
3.89225e+08 34.6832
3.89258e+08 34.712
3.89292e+08 34.7408
3.89303e+08 34.7696
3.89325e+08 34.7984
3.89381e+08 34.8271
3.89482e+08 34.8558
3.89515e+08 34.8845
3.89538e+08 34.9132
3.89549e+08 34.9418
3.89661e+08 34.9704
3.89661e+08 34.999
3.89929e+08 35.0276
3.89929e+08 35.0561
3.89963e+08 35.0847
3.89963e+08 35.1132
3.90309e+08 35.1417
3.90421e+08 35.1701
3.906e+08 35.1985
3.91438e+08 35.227
3.91438e+08 35.2553
3.91606e+08 35.2837
3.91762e+08 35.312
3.92355e+08 35.3404
3.92411e+08 35.3687
3.92456e+08 35.3969
3.92702e+08 35.4252
3.92702e+08 35.4534
4.08497e+08 35.4816
4.08598e+08 35.5098
4.08598e+08 35.538
4.09257e+08 35.5661
4.09548e+08 35.5942
4.09648e+08 35.6223
4.09782e+08 35.6504
4.09928e+08 35.6784
4.10151e+08 35.7065
4.10151e+08 35.7345
4.10174e+08 35.7625
4.10285e+08 35.7904
4.10431e+08 35.8184
4.10509e+08 35.8463
4.10531e+08 35.8742
4.10554e+08 35.902
4.10599e+08 35.9299
4.10599e+08 35.9577
4.10599e+08 35.9855
4.10599e+08 36.0133
4.10599e+08 36.0411
4.10599e+08 36.0688
4.10599e+08 36.0966
4.10711e+08 36.1243
4.10755e+08 36.152
4.11135e+08 36.1796
4.12387e+08 36.2073
4.1241e+08 36.2349
4.126e+08 36.2625
4.12656e+08 36.2901
4.1336e+08 36.3176
4.13394e+08 36.3451
4.13617e+08 36.3727
4.13639e+08 36.4002
4.1364e+08 36.4276
4.26851e+08 36.4551
4.26851e+08 36.4825
4.26851e+08 36.5099
4.26996e+08 36.5373
4.27007e+08 36.5647
4.27007e+08 36.592
4.27153e+08 36.6194
4.27231e+08 36.6467
4.27231e+08 36.6739
4.27477e+08 36.7012
4.277e+08 36.7285
4.29108e+08 36.7557
4.30483e+08 36.7829
4.31578e+08 36.8101
4.31701e+08 36.8372
4.31701e+08 36.8644
4.32048e+08 36.8915
4.32081e+08 36.9186
4.32093e+08 36.9457
4.32093e+08 36.9728
4.32115e+08 36.9998
4.32115e+08 37.0269
4.32115e+08 37.0539
4.32115e+08 37.0809
4.32149e+08 37.1078
4.3216e+08 37.1348
4.32182e+08 37.1617
4.3368e+08 37.1886
4.33814e+08 37.2155
4.34083e+08 37.2424
4.34083e+08 37.2692
4.34809e+08 37.296
4.34854e+08 37.3229
4.35078e+08 37.3497
4.35212e+08 37.3764
4.35223e+08 37.4032
4.48461e+08 37.4299
4.48461e+08 37.4566
4.48607e+08 37.4833
4.48607e+08 37.51
4.48618e+08 37.5367
4.4864e+08 37.5633
4.4864e+08 37.5899
4.48685e+08 37.6165
4.48752e+08 37.6431
4.49042e+08 37.6697
4.493e+08 37.6962
4.49646e+08 37.7228
4.5101e+08 37.7493
4.52529e+08 37.7758
4.52664e+08 37.8022
4.52731e+08 37.8287
4.53055e+08 37.8551
4.53245e+08 37.8815
4.5329e+08 37.9079
4.5339e+08 37.9343
4.53457e+08 37.9607
4.53524e+08 37.987
4.53759e+08 38.0133
4.53759e+08 38.0397
4.5405e+08 38.0659
4.5415e+08 38.0922
4.54173e+08 38.1185
4.54251e+08 38.1447
4.55447e+08 38.1709
4.55682e+08 38.1971
4.56241e+08 38.2233
4.56241e+08 38.2495
4.56476e+08 38.2756
4.568e+08 38.3017
4.57269e+08 38.3278
4.57292e+08 38.3539
4.57292e+08 38.38
4.70236e+08 38.406
4.70314e+08 38.4321
4.70437e+08 38.4581
4.70437e+08 38.4841
4.7075e+08 38.5101
4.71029e+08 38.5361
4.71074e+08 38.562
4.71074e+08 38.5879
4.71152e+08 38.6139
4.71297e+08 38.6398
4.7132e+08 38.6656
4.71353e+08 38.6915
4.71521e+08 38.7173
4.73265e+08 38.7432
4.73287e+08 38.769
4.73421e+08 38.7948
4.74103e+08 38.8206
4.74617e+08 38.8463
4.74919e+08 38.8721
4.74975e+08 38.8978
4.74975e+08 38.9235
4.75075e+08 38.9492
4.75187e+08 38.9749
4.75377e+08 39.0005
4.75533e+08 39.0262
4.75667e+08 39.0518
4.75824e+08 39.0774
4.75869e+08 39.103
4.76282e+08 39.1285
4.7787e+08 39.1541
4.78004e+08 39.1796
4.78987e+08 39.2052
4.78987e+08 39.2307
4.79144e+08 39.2562
4.79178e+08 39.2816
4.80072e+08 39.3071
4.80094e+08 39.3325
4.80094e+08 39.358
4.93094e+08 39.3834
4.93217e+08 39.4088
4.93351e+08 39.4341
4.93362e+08 39.4595
4.93474e+08 39.4848
4.93608e+08 39.5102
4.93698e+08 39.5355
4.93754e+08 39.5608
4.9391e+08 39.586
4.93966e+08 39.6113
4.93966e+08 39.6366
4.94022e+08 39.6618
4.94301e+08 39.687
4.94614e+08 39.7122
4.94614e+08 39.7374
4.94715e+08 39.7625
4.94838e+08 39.7877
4.95095e+08 39.8128
4.95307e+08 39.8379
4.95553e+08 39.863
4.95553e+08 39.8881
4.95654e+08 39.9132
4.95755e+08 39.9382
4.9619e+08 39.9633
4.96302e+08 39.9883
4.96347e+08 40.0133
4.96638e+08 40.0383
4.96638e+08 40.0633
4.9714e+08 40.0882
4.97453e+08 40.1132
5.00695e+08 40.1381
5.00706e+08 40.163
5.02081e+08 40.1879
5.02092e+08 40.2128
5.02193e+08 40.2377
5.02282e+08 40.2625
5.02897e+08 40.2874
5.02975e+08 40.3122
5.03076e+08 40.337
5.16731e+08 40.3618
5.16731e+08 40.3866
5.1681e+08 40.4113
5.16841e+08 40.4361
5.16841e+08 40.4608
5.17056e+08 40.4855
5.171e+08 40.5102
5.171e+08 40.5349
5.17223e+08 40.5596
5.17514e+08 40.5842
5.17536e+08 40.6089
5.17592e+08 40.6335
5.1786e+08 40.6581
5.18364e+08 40.6827
5.18587e+08 40.7073
5.18609e+08 40.7318
5.18654e+08 40.7564
5.18699e+08 40.7809
5.1871e+08 40.8055
5.18911e+08 40.83
5.19001e+08 40.8545
5.19045e+08 40.8789
5.1909e+08 40.9034
5.1947e+08 40.9278
5.19671e+08 40.9523
5.19682e+08 40.9767
5.19682e+08 41.0011
5.19682e+08 41.0255
5.19738e+08 41.0499
5.1985e+08 41.0742
5.1985e+08 41.0986
5.24667e+08 41.1229
5.24667e+08 41.1472
5.25975e+08 41.1715
5.25975e+08 41.1958
5.25987e+08 41.2201
5.26042e+08 41.2443
5.26713e+08 41.2686
5.26803e+08 41.2928
5.26881e+08 41.317
5.4103e+08 41.3412
5.4103e+08 41.3654
5.41052e+08 41.3896
5.4113e+08 41.4138
5.4113e+08 41.4379
5.4113e+08 41.462
5.41186e+08 41.4862
5.41186e+08 41.5103
5.41231e+08 41.5344
5.41324e+08 41.5584
5.41324e+08 41.5825
5.41324e+08 41.6065
5.41503e+08 41.6306
5.42073e+08 41.6546
5.42196e+08 41.6786
5.42419e+08 41.7026
5.42464e+08 41.7266
5.42654e+08 41.7505
5.42844e+08 41.7745
5.42889e+08 41.7984
5.42945e+08 41.8224
5.42989e+08 41.8463
5.43146e+08 41.8702
5.4347e+08 41.8941
5.43761e+08 41.9179
5.43761e+08 41.9418
5.43794e+08 41.9656
5.43828e+08 41.9894
5.43861e+08 42.0133
5.43917e+08 42.0371
5.44085e+08 42.0609
5.44085e+08 42.0846
5.48936e+08 42.1084
5.49003e+08 42.1321
5.50422e+08 42.1559
5.50422e+08 42.1796
5.50422e+08 42.2033
5.50434e+08 42.227
5.50914e+08 42.2507
5.51115e+08 42.2743
5.51328e+08 42.298
5.6577e+08 42.3216
5.6577e+08 42.3453
5.65793e+08 42.3689
5.65857e+08 42.3925
5.65857e+08 42.4161
5.65868e+08 42.4397
5.65893e+08 42.4632
5.65893e+08 42.4868
5.65935e+08 42.5103
5.66069e+08 42.5338
5.66069e+08 42.5573
5.66069e+08 42.5808
5.66069e+08 42.6043
5.66505e+08 42.6278
5.66595e+08 42.6513
5.66751e+08 42.6747
5.66773e+08 42.6981
5.67098e+08 42.7216
5.67377e+08 42.745
5.67444e+08 42.7684
5.67623e+08 42.7917
5.67645e+08 42.8151
5.67668e+08 42.8385
5.67869e+08 42.8618
5.68238e+08 42.8851
5.6826e+08 42.9085
5.6826e+08 42.9318
5.6826e+08 42.9551
5.6835e+08 42.9783
5.6845e+08 43.0016
5.6845e+08 43.0249
5.68573e+08 43.0481
5.68573e+08 43.0713
5.73558e+08 43.0945
5.73659e+08 43.1178
5.74654e+08 43.1409
5.749e+08 43.1641
5.7509e+08 43.1873
5.7547e+08 43.2104
5.7576e+08 43.2336
5.75771e+08 43.2567
5.75839e+08 43.2798
5.91321e+08 43.3029
5.91321e+08 43.326
5.91321e+08 43.3491
5.91343e+08 43.3722
5.91343e+08 43.3952
5.91343e+08 43.4183
5.91377e+08 43.4413
5.91388e+08 43.4643
5.91444e+08 43.4873
5.91533e+08 43.5103
5.91569e+08 43.5333
5.91569e+08 43.5563
5.91614e+08 43.5792
5.92117e+08 43.6022
5.92229e+08 43.6251
5.92285e+08 43.6481
5.92285e+08 43.671
5.92352e+08 43.6939
5.92922e+08 43.7167
5.93012e+08 43.7396
5.93202e+08 43.7625
5.93213e+08 43.7853
5.93213e+08 43.8082
5.93291e+08 43.831
5.93548e+08 43.8538
5.93571e+08 43.8766
5.93571e+08 43.8994
5.93649e+08 43.9222
5.93839e+08 43.945
5.93839e+08 43.9677
5.9385e+08 43.9905
5.9385e+08 44.0132
5.93861e+08 44.0359
5.93861e+08 44.0586
5.96197e+08 44.0813
5.96566e+08 44.104
6.003e+08 44.1267
6.00322e+08 44.1493
6.0049e+08 44.172
6.01317e+08 44.1946
6.01484e+08 44.2173
6.01529e+08 44.2399
6.01551e+08 44.2625
6.1689e+08 44.2851
6.16913e+08 44.3076
6.16935e+08 44.3302
6.17125e+08 44.3528
6.17149e+08 44.3753
6.17171e+08 44.3979
6.17316e+08 44.4204
6.17349e+08 44.4429
6.17349e+08 44.4654
6.17372e+08 44.4879
6.17383e+08 44.5104
6.17383e+08 44.5328
6.17417e+08 44.5553
6.17705e+08 44.5777
6.17783e+08 44.6002
6.17799e+08 44.6226
6.17821e+08 44.645
6.17866e+08 44.6674
6.18096e+08 44.6898
6.18163e+08 44.7122
6.18325e+08 44.7345
6.18348e+08 44.7569
6.1837e+08 44.7792
6.18528e+08 44.8015
6.18628e+08 44.8239
6.18628e+08 44.8462
6.18662e+08 44.8685
6.18684e+08 44.8908
6.18808e+08 44.913
6.18808e+08 44.9353
6.1883e+08 44.9576
6.18864e+08 44.9798
6.18864e+08 45.002
6.18864e+08 45.0243
6.18864e+08 45.0465
6.19509e+08 45.0687
6.19554e+08 45.0909
6.2065e+08 45.113
6.20684e+08 45.1352
6.20762e+08 45.1574
6.21086e+08 45.1795
6.21265e+08 45.2016
6.2131e+08 45.2238
6.21388e+08 45.2459
6.27186e+08 45.268
6.27254e+08 45.2901
6.27276e+08 45.3121
