4.21091e+06 2
8.36254e+06 2.5
8.36257e+06 2.9
9.54859e+06 3.24483
9.54859e+06 3.55301
1.20918e+07 3.83446
1.20918e+07 4.09525
1.20918e+07 4.33944
1.4496e+07 4.56988
1.4496e+07 4.78871
1.44961e+07 4.99753
1.44961e+07 5.19763
1.75429e+07 5.39003
1.75429e+07 5.57555
1.75765e+07 5.75491
1.75766e+07 5.92867
1.75766e+07 6.09735
2.10834e+07 6.26135
2.10834e+07 6.42106
2.12512e+07 6.5768
2.12736e+07 6.72885
2.12736e+07 6.87746
2.1296e+07 7.02286
2.51048e+07 7.16526
2.51048e+07 7.30482
2.51048e+07 7.44171
2.51607e+07 7.57609
2.51607e+07 7.70809
2.51831e+07 7.83782
2.53061e+07 7.96541
2.90973e+07 8.09095
2.90973e+07 8.21454
2.91197e+07 8.33628
2.91533e+07 8.45624
2.91533e+07 8.57449
2.91868e+07 8.69112
2.93098e+07 8.80618
3.36465e+07 8.91974
3.36465e+07 9.03185
3.36577e+07 9.14257
3.36577e+07 9.25194
3.38255e+07 9.36003
3.38255e+07 9.46687
3.38479e+07 9.5725
3.40491e+07 9.67696
3.91501e+07 9.7803
3.91501e+07 9.88255
3.91501e+07 9.98374
3.91501e+07 10.0839
3.91613e+07 10.1831
3.93961e+07 10.2813
3.93961e+07 10.3785
3.93961e+07 10.4749
3.94744e+07 10.5704
4.51472e+07 10.665
4.51584e+07 10.7587
4.51584e+07 10.8517
4.51584e+07 10.9438
4.51808e+07 11.0352
4.51808e+07 11.1258
4.52591e+07 11.2157
4.52703e+07 11.3049
4.52703e+07 11.3933
4.52927e+07 11.4811
5.17603e+07 11.5682
5.17826e+07 11.6546
5.17827e+07 11.7404
5.17827e+07 11.8256
5.18386e+07 11.9102
5.18386e+07 11.9941
5.18386e+07 12.0775
5.19057e+07 12.1603
5.19393e+07 12.2425
5.19393e+07 12.3242
5.19393e+07 12.4054
5.89844e+07 12.486
5.89844e+07 12.5661
5.90627e+07 12.6456
5.90627e+07 12.7247
5.90739e+07 12.8033
5.90739e+07 12.8814
5.90739e+07 12.959
5.90739e+07 13.0362
5.90739e+07 13.1129
5.90963e+07 13.1892
5.91075e+07 13.265
5.91075e+07 13.3404
6.65692e+07 13.4153
6.65692e+07 13.4899
6.66251e+07 13.564
6.66476e+07 13.6377
6.66587e+07 13.7111
6.66699e+07 13.784
6.67259e+07 13.8566
6.67259e+07 13.9287
6.67594e+07 14.0005
6.67594e+07 14.0719
6.6793e+07 14.143
6.69495e+07 14.2137
6.69496e+07 14.2841
7.48221e+07 14.3541
7.49004e+07 14.4237
7.50123e+07 14.4931
7.50235e+07 14.5621
7.50235e+07 14.6307
7.50235e+07 14.6991
7.50235e+07 14.7671
7.50236e+07 14.8348
7.50348e+07 14.9022
7.50348e+07 14.9694
7.51578e+07 15.0362
7.51913e+07 15.1027
7.53255e+07 15.1689
7.53255e+07 15.2348
8.36205e+07 15.3004
8.36205e+07 15.3658
8.37547e+07 15.4309
8.37547e+07 15.4957
8.37547e+07 15.5602
8.37548e+07 15.6245
8.37548e+07 15.6885
8.3766e+07 15.7522
8.38443e+07 15.8157
8.38555e+07 15.8789
8.3945e+07 15.9419
8.3945e+07 16.0046
8.39785e+07 16.0671
8.42245e+07 16.1294
8.43251e+07 16.1914
9.31596e+07 16.2531
9.31596e+07 16.3146
9.32156e+07 16.3759
9.32267e+07 16.437
9.32267e+07 16.4978
9.32379e+07 16.5585
9.3238e+07 16.6189
9.33051e+07 16.679
9.35176e+07 16.739
9.35176e+07 16.7987
9.35288e+07 16.8582
9.35288e+07 16.9176
9.35847e+07 16.9767
9.35847e+07 17.0356
9.3663e+07 17.0943
9.36854e+07 17.1528
1.03124e+08 17.2111
1.03124e+08 17.2692
1.03179e+08 17.3271
1.03247e+08 17.3848
1.03247e+08 17.4423
1.03314e+08 17.4997
1.03314e+08 17.5568
1.03381e+08 17.6138
1.03571e+08 17.6705
1.03571e+08 17.7271
1.03571e+08 17.7835
1.03571e+08 17.8398
1.03638e+08 17.8958
1.03705e+08 17.9517
1.03739e+08 18.0074
1.03873e+08 18.0629
1.03873e+08 18.1183
1.1375e+08 18.1735
1.1375e+08 18.2285
1.1375e+08 18.2834
1.13784e+08 18.3381
1.13851e+08 18.3926
1.13929e+08 18.447
1.13929e+08 18.5012
1.1394e+08 18.5552
1.14131e+08 18.6091
1.14164e+08 18.6629
1.14164e+08 18.7164
1.14164e+08 18.7699
1.14242e+08 18.8231
1.14455e+08 18.8763
1.14556e+08 18.9293
1.14556e+08 18.9821
1.14556e+08 19.0348
1.14556e+08 19.0873
1.25226e+08 19.1397
1.25226e+08 19.1919
1.25237e+08 19.244
1.25327e+08 19.296
1.25327e+08 19.3478
1.25338e+08 19.3995
1.2536e+08 19.4511
1.25383e+08 19.5025
1.25528e+08 19.5537
1.25528e+08 19.6049
1.2554e+08 19.6559
1.2554e+08 19.7068
1.25551e+08 19.7575
1.2583e+08 19.8081
1.25976e+08 19.8586
1.25976e+08 19.909
1.25976e+08 19.9592
1.25998e+08 20.0093
1.25998e+08 20.0593
1.3703e+08 20.1091
1.3703e+08 20.1589
1.37075e+08 20.2085
1.37097e+08 20.2579
1.37097e+08 20.3073
1.37097e+08 20.3566
1.37108e+08 20.4057
1.37142e+08 20.4547
1.37321e+08 20.5036
1.37321e+08 20.5523
1.37343e+08 20.601
1.37377e+08 20.6495
1.37455e+08 20.698
1.37578e+08 20.7463
1.3769e+08 20.7945
1.37701e+08 20.8426
1.37701e+08 20.8906
1.37846e+08 20.9384
1.37846e+08 20.9862
1.37846e+08 21.0338
1.49614e+08 21.0814
1.49626e+08 21.1288
1.49637e+08 21.1761
1.49637e+08 21.2234
1.49637e+08 21.2705
1.49637e+08 21.3175
1.49726e+08 21.3644
1.49726e+08 21.4112
1.49771e+08 21.4579
1.49771e+08 21.5045
1.49849e+08 21.551
1.49883e+08 21.5974
1.49917e+08 21.6437
1.49984e+08 21.6899
1.50006e+08 21.736
1.50006e+08 21.782
1.50006e+08 21.8279
1.50017e+08 21.8738
1.50017e+08 21.9195
1.50017e+08 21.9651
1.50017e+08 22.0106
1.6265e+08 22.0561
1.6265e+08 22.1014
1.62694e+08 22.1466
1.62694e+08 22.1918
1.62717e+08 22.2369
1.62728e+08 22.2818
1.62739e+08 22.3267
1.62739e+08 22.3715
1.62885e+08 22.4162
1.62896e+08 22.4608
1.62896e+08 22.5053
1.62896e+08 22.5498
1.62952e+08 22.5941
1.62952e+08 22.6384
1.62952e+08 22.6825
1.62952e+08 22.7266
1.62952e+08 22.7706
1.62952e+08 22.8145
1.62952e+08 22.8584
1.62997e+08 22.9021
1.62997e+08 22.9458
1.62997e+08 22.9894
1.75712e+08 23.0329
1.75723e+08 23.0763
1.75757e+08 23.1196
1.75757e+08 23.1629
1.75791e+08 23.206
1.75791e+08 23.2491
1.75791e+08 23.2921
1.75791e+08 23.3351
1.75824e+08 23.3779
1.75824e+08 23.4207
1.75824e+08 23.4634
1.75824e+08 23.506
1.7597e+08 23.5486
1.76026e+08 23.591
1.76037e+08 23.6334
1.76037e+08 23.6757
1.76037e+08 23.718
1.76037e+08 23.7601
1.76048e+08 23.8022
1.7607e+08 23.8442
1.7607e+08 23.8862
1.7607e+08 23.928
1.89401e+08 23.9698
1.89412e+08 24.0116
1.89412e+08 24.0532
1.89502e+08 24.0948
1.89524e+08 24.1363
1.89547e+08 24.1777
1.89558e+08 24.2191
1.89592e+08 24.2604
1.89603e+08 24.3016
1.89614e+08 24.3427
1.89614e+08 24.3838
1.89614e+08 24.4248
1.89625e+08 24.4658
1.89659e+08 24.5066
1.89692e+08 24.5474
1.89692e+08 24.5882
1.89704e+08 24.6288
1.89704e+08 24.6694
1.89704e+08 24.71
1.89704e+08 24.7505
1.89704e+08 24.7909
1.89704e+08 24.8312
1.89704e+08 24.8715
2.03772e+08 24.9117
2.03772e+08 24.9518
2.03772e+08 24.9919
2.03772e+08 25.0319
2.03794e+08 25.0719
2.03794e+08 25.1117
2.03861e+08 25.1516
2.03861e+08 25.1913
2.03861e+08 25.231
2.03861e+08 25.2707
2.03861e+08 25.3102
2.03861e+08 25.3497
2.03861e+08 25.3892
2.03861e+08 25.4286
2.03906e+08 25.4679
2.03984e+08 25.5072
2.03984e+08 25.5464
2.03996e+08 25.5855
2.04018e+08 25.6246
2.0404e+08 25.6636
2.0404e+08 25.7026
2.0404e+08 25.7415
2.0404e+08 25.7803
2.04052e+08 25.8191
2.18712e+08 25.8579
2.18712e+08 25.8965
2.18768e+08 25.9351
2.18768e+08 25.9737
2.18768e+08 26.0122
2.18768e+08 26.0506
2.18768e+08 26.089
2.18768e+08 26.1274
2.18768e+08 26.1656
2.18768e+08 26.2039
2.18768e+08 26.242
2.18768e+08 26.2801
2.1878e+08 26.3182
2.1878e+08 26.3562
2.18802e+08 26.3941
2.18892e+08 26.432
2.18981e+08 26.4698
2.18981e+08 26.5076
2.18992e+08 26.5453
2.18992e+08 26.583
2.18992e+08 26.6206
2.19015e+08 26.6582
2.19015e+08 26.6957
2.19015e+08 26.7332
2.19059e+08 26.7706
2.34249e+08 26.8079
2.34249e+08 26.8452
2.34249e+08 26.8825
2.34249e+08 26.9197
2.3426e+08 26.9568
2.34271e+08 26.9939
2.34271e+08 27.031
2.34271e+08 27.068
2.34271e+08 27.1049
2.34271e+08 27.1418
2.34271e+08 27.1786
2.34272e+08 27.2154
2.34272e+08 27.2522
2.34272e+08 27.2889
2.34272e+08 27.3255
2.34272e+08 27.3621
2.34395e+08 27.3987
2.34618e+08 27.4352
2.34618e+08 27.4716
2.34618e+08 27.508
2.34618e+08 27.5444
2.34618e+08 27.5807
2.3463e+08 27.6169
2.3463e+08 27.6531
2.34641e+08 27.6893
2.34641e+08 27.7254
2.5033e+08 27.7615
2.5033e+08 27.7975
2.5033e+08 27.8335
2.50342e+08 27.8694
2.50353e+08 27.9053
2.50364e+08 27.9411
2.50375e+08 27.9769
2.50375e+08 28.0127
2.50375e+08 28.0484
2.50375e+08 28.084
2.50375e+08 28.1196
2.50375e+08 28.1552
2.50375e+08 28.1907
2.50375e+08 28.2262
2.50398e+08 28.2616
2.50398e+08 28.297
2.50398e+08 28.3323
2.50599e+08 28.3676
2.50711e+08 28.4029
2.50711e+08 28.4381
2.50711e+08 28.4732
2.50711e+08 28.5084
2.50711e+08 28.5434
2.50711e+08 28.5785
2.50711e+08 28.6135
2.50711e+08 28.6484
2.50711e+08 28.6833
2.67103e+08 28.7182
2.67114e+08 28.753
2.67114e+08 28.7878
2.67114e+08 28.8225
2.67137e+08 28.8572
2.67159e+08 28.8919
2.67181e+08 28.9265
2.67215e+08 28.961
2.67237e+08 28.9956
2.67237e+08 29.0301
2.67237e+08 29.0645
2.67237e+08 29.0989
2.67237e+08 29.1333
2.67237e+08 29.1676
2.6726e+08 29.2019
2.67338e+08 29.2361
2.67338e+08 29.2703
2.67338e+08 29.3045
2.67427e+08 29.3386
2.67472e+08 29.3727
2.67472e+08 29.4068
2.67472e+08 29.4408
2.67472e+08 29.4747
2.67484e+08 29.5087
2.67484e+08 29.5425
2.67484e+08 29.5764
2.67484e+08 29.6102
2.67484e+08 29.644
2.84493e+08 29.6777
2.84515e+08 29.7114
2.84526e+08 29.7451
2.84537e+08 29.7787
2.84537e+08 29.8123
2.84549e+08 29.8458
2.84549e+08 29.8793
2.84549e+08 29.9128
2.84593e+08 29.9462
2.84616e+08 29.9796
2.84616e+08 30.013
2.84627e+08 30.0463
2.84627e+08 30.0796
2.84627e+08 30.1128
2.84627e+08 30.146
2.84627e+08 30.1792
2.8466e+08 30.2123
2.8466e+08 30.2454
2.84683e+08 30.2785
2.84772e+08 30.3115
2.8484e+08 30.3445
2.84862e+08 30.3775
2.84873e+08 30.4104
2.84873e+08 30.4433
2.84918e+08 30.4761
2.84918e+08 30.5089
2.84918e+08 30.5417
2.84918e+08 30.5744
2.84918e+08 30.6071
3.02318e+08 30.6398
3.02352e+08 30.6725
3.02374e+08 30.7051
3.02386e+08 30.7376
3.02386e+08 30.7702
3.02386e+08 30.8027
3.02386e+08 30.8351
3.02419e+08 30.8676
3.02419e+08 30.9
3.02419e+08 30.9323
3.02419e+08 30.9646
3.02419e+08 30.9969
3.02419e+08 31.0292
3.02419e+08 31.0614
3.02419e+08 31.0936
3.02464e+08 31.1258
3.02464e+08 31.1579
3.02464e+08 31.19
3.02464e+08 31.2221
3.02475e+08 31.2541
3.02576e+08 31.2861
3.0261e+08 31.3181
3.02766e+08 31.35
3.02789e+08 31.3819
3.02789e+08 31.4137
3.02789e+08 31.4456
3.028e+08 31.4774
3.028e+08 31.5092
3.028e+08 31.5409
3.028e+08 31.5726
3.20837e+08 31.6043
3.20848e+08 31.6359
3.20848e+08 31.6675
3.20848e+08 31.6991
3.2087e+08 31.7306
3.20882e+08 31.7622
3.20893e+08 31.7936
3.20915e+08 31.8251
3.20915e+08 31.8565
3.20915e+08 31.8879
3.20949e+08 31.9193
3.20982e+08 31.9506
3.20982e+08 31.9819
3.20982e+08 32.0132
3.20994e+08 32.0444
3.21005e+08 32.0756
3.21005e+08 32.1068
3.21005e+08 32.1379
3.21027e+08 32.169
3.2105e+08 32.2001
3.21061e+08 32.2312
3.21161e+08 32.2622
3.21173e+08 32.2932
3.21229e+08 32.3242
3.21251e+08 32.3551
3.21251e+08 32.386
3.21251e+08 32.4169
3.21296e+08 32.4477
3.21296e+08 32.4786
3.21296e+08 32.5094
3.21296e+08 32.5401
3.39826e+08 32.5708
3.39848e+08 32.6015
3.39848e+08 32.6322
3.39893e+08 32.6629
3.39904e+08 32.6935
3.39904e+08 32.7241
3.39904e+08 32.7546
3.39915e+08 32.7852
3.39915e+08 32.8157
3.39926e+08 32.8461
3.39926e+08 32.8766
3.39926e+08 32.907
3.39926e+08 32.9374
3.39938e+08 32.9677
3.39938e+08 32.9981
3.39949e+08 33.0284
3.39949e+08 33.0587
3.39982e+08 33.0889
3.39982e+08 33.1191
3.39982e+08 33.1493
3.4005e+08 33.1795
3.40083e+08 33.2096
3.4015e+08 33.2397
3.4015e+08 33.2698
3.40162e+08 33.2999
3.40184e+08 33.3299
3.40184e+08 33.3599
3.40184e+08 33.3899
3.40184e+08 33.4198
3.40207e+08 33.4498
3.40207e+08 33.4797
3.40207e+08 33.5095
3.59318e+08 33.5394
3.59329e+08 33.5692
3.59329e+08 33.599
3.59329e+08 33.6287
3.59329e+08 33.6585
3.59329e+08 33.6882
3.59374e+08 33.7179
3.59374e+08 33.7475
3.59374e+08 33.7772
3.59407e+08 33.8068
3.5943e+08 33.8363
3.59463e+08 33.8659
3.59463e+08 33.8954
3.59463e+08 33.9249
3.59475e+08 33.9544
3.59519e+08 33.9839
3.5953e+08 34.0133
3.59564e+08 34.0427
3.59609e+08 34.0721
3.59609e+08 34.1014
3.59631e+08 34.1307
3.59676e+08 34.16
3.59698e+08 34.1893
3.5971e+08 34.2185
3.5981e+08 34.2478
3.59877e+08 34.277
3.59889e+08 34.3061
3.59889e+08 34.3353
3.59889e+08 34.3644
3.59889e+08 34.3935
3.599e+08 34.4226
3.599e+08 34.4516
3.599e+08 34.4807
3.79447e+08 34.5097
3.79447e+08 34.5387
3.79447e+08 34.5676
3.79447e+08 34.5965
3.79447e+08 34.6254
3.79447e+08 34.6543
3.79447e+08 34.6832
3.79458e+08 34.712
3.79469e+08 34.7408
3.79469e+08 34.7696
3.79492e+08 34.7984
3.79525e+08 34.8271
3.79548e+08 34.8558
3.7957e+08 34.8845
3.7957e+08 34.9132
3.79592e+08 34.9418
3.79592e+08 34.9704
3.79592e+08 34.999
3.79592e+08 35.0276
3.79637e+08 35.0561
3.79637e+08 35.0847
3.79648e+08 35.1132
3.79827e+08 35.1417
3.79827e+08 35.1701
3.79917e+08 35.1985
3.80074e+08 35.227
3.80085e+08 35.2553
3.80085e+08 35.2837
3.80085e+08 35.312
3.80085e+08 35.3404
3.80085e+08 35.3687
3.80141e+08 35.3969
3.80141e+08 35.4252
3.80141e+08 35.4534
4.00248e+08 35.4816
4.00248e+08 35.5098
4.00248e+08 35.538
4.00248e+08 35.5661
4.00248e+08 35.5942
4.00248e+08 35.6223
4.00248e+08 35.6504
4.00248e+08 35.6784
4.00281e+08 35.7065
4.00281e+08 35.7345
4.00292e+08 35.7625
4.00292e+08 35.7904
4.00315e+08 35.8184
4.00315e+08 35.8463
4.00315e+08 35.8742
4.00315e+08 35.902
4.00315e+08 35.9299
4.00315e+08 35.9577
4.00315e+08 35.9855
4.00315e+08 36.0133
4.00326e+08 36.0411
4.00337e+08 36.0688
4.00349e+08 36.0966
4.00539e+08 36.1243
4.00539e+08 36.152
4.00751e+08 36.1796
4.00796e+08 36.2073
4.00807e+08 36.2349
4.00807e+08 36.2625
4.0083e+08 36.2901
4.00863e+08 36.3176
4.00863e+08 36.3451
4.00908e+08 36.3727
4.00942e+08 36.4002
4.00975e+08 36.4276
4.21641e+08 36.4551
4.21641e+08 36.4825
4.21641e+08 36.5099
4.21652e+08 36.5373
4.21664e+08 36.5647
4.21664e+08 36.592
4.21664e+08 36.6194
4.21664e+08 36.6467
4.21664e+08 36.6739
4.21664e+08 36.7012
4.21664e+08 36.7285
4.21675e+08 36.7557
4.21675e+08 36.7829
4.21675e+08 36.8101
4.21675e+08 36.8372
4.21675e+08 36.8644
4.21675e+08 36.8915
4.21675e+08 36.9186
4.21675e+08 36.9457
4.21675e+08 36.9728
4.21686e+08 36.9998
4.2172e+08 37.0269
4.2172e+08 37.0539
4.21731e+08 37.0809
4.21787e+08 37.1078
4.21787e+08 37.1348
4.21966e+08 37.1617
4.22167e+08 37.1886
4.22167e+08 37.2155
4.22167e+08 37.2424
4.22167e+08 37.2692
4.22167e+08 37.296
4.22167e+08 37.3229
4.22167e+08 37.3497
4.22201e+08 37.3764
4.22201e+08 37.4032
4.43608e+08 37.4299
4.43608e+08 37.4566
4.43608e+08 37.4833
4.43642e+08 37.51
4.43642e+08 37.5367
4.43642e+08 37.5633
4.43642e+08 37.5899
4.43642e+08 37.6165
4.43642e+08 37.6431
4.43642e+08 37.6697
4.43642e+08 37.6962
4.43642e+08 37.7228
4.43642e+08 37.7493
4.43653e+08 37.7758
4.43653e+08 37.8022
4.43653e+08 37.8287
4.43653e+08 37.8551
4.43653e+08 37.8815
4.43653e+08 37.9079
4.43653e+08 37.9343
4.43664e+08 37.9607
4.4372e+08 37.987
4.4372e+08 38.0133
4.4372e+08 38.0397
4.4372e+08 38.0659
4.43765e+08 38.0922
4.43765e+08 38.1185
4.43911e+08 38.1447
4.44157e+08 38.1709
4.44157e+08 38.1971
4.44157e+08 38.2233
4.44168e+08 38.2495
4.44168e+08 38.2756
4.44168e+08 38.3017
4.44179e+08 38.3278
4.4419e+08 38.3539
4.44202e+08 38.38
4.66198e+08 38.406
4.66198e+08 38.4321
4.66243e+08 38.4581
4.66243e+08 38.4841
4.66243e+08 38.5101
4.66243e+08 38.5361
4.66243e+08 38.562
4.66243e+08 38.5879
4.66243e+08 38.6139
4.66243e+08 38.6398
4.66243e+08 38.6656
4.66243e+08 38.6915
4.66243e+08 38.7173
4.66243e+08 38.7432
4.66243e+08 38.769
4.66254e+08 38.7948
4.66265e+08 38.8206
4.66265e+08 38.8463
4.66265e+08 38.8721
4.66265e+08 38.8978
4.66265e+08 38.9235
4.66265e+08 38.9492
4.66265e+08 38.9749
4.66265e+08 39.0005
4.66265e+08 39.0262
4.66288e+08 39.0518
4.6631e+08 39.0774
4.6631e+08 39.103
4.66422e+08 39.1285
4.66679e+08 39.1541
4.66691e+08 39.1796
4.66691e+08 39.2052
4.66691e+08 39.2307
4.66691e+08 39.2562
4.66702e+08 39.2816
4.66713e+08 39.3071
4.66713e+08 39.3325
4.66713e+08 39.358
4.89326e+08 39.3834
4.89326e+08 39.4088
4.89337e+08 39.4341
4.89337e+08 39.4595
4.89337e+08 39.4848
4.89337e+08 39.5102
4.89337e+08 39.5355
4.89349e+08 39.5608
4.89349e+08 39.586
4.89349e+08 39.6113
4.89349e+08 39.6366
4.8936e+08 39.6618
4.8936e+08 39.687
4.8936e+08 39.7122
4.89371e+08 39.7374
4.89382e+08 39.7625
4.89382e+08 39.7877
4.89382e+08 39.8128
4.89382e+08 39.8379
4.89382e+08 39.863
4.89382e+08 39.8881
4.89382e+08 39.9132
4.89382e+08 39.9382
4.89382e+08 39.9633
4.89382e+08 39.9883
4.89382e+08 40.0133
4.89382e+08 40.0383
4.89427e+08 40.0633
4.89427e+08 40.0882
4.89494e+08 40.1132
4.89763e+08 40.1381
4.89808e+08 40.163
4.89808e+08 40.1879
4.89808e+08 40.2128
4.89808e+08 40.2377
4.89808e+08 40.2625
4.89808e+08 40.2874
4.89808e+08 40.3122
4.89808e+08 40.337
5.13173e+08 40.3618
5.13173e+08 40.3866
5.13207e+08 40.4113
5.13207e+08 40.4361
5.13207e+08 40.4608
5.13207e+08 40.4855
5.13218e+08 40.5102
5.13229e+08 40.5349
5.13229e+08 40.5596
5.13229e+08 40.5842
5.13241e+08 40.6089
5.13241e+08 40.6335
5.13263e+08 40.6581
5.13263e+08 40.6827
5.13286e+08 40.7073
5.13286e+08 40.7318
5.13286e+08 40.7564
5.13286e+08 40.7809
5.13286e+08 40.8055
5.13286e+08 40.83
5.13286e+08 40.8545
5.13286e+08 40.8789
5.13286e+08 40.9034
5.13286e+08 40.9278
5.13286e+08 40.9523
5.13286e+08 40.9767
5.13297e+08 41.0011
5.13297e+08 41.0255
5.13353e+08 41.0499
5.13353e+08 41.0742
5.13398e+08 41.0986
5.13554e+08 41.1229
5.13566e+08 41.1472
5.13566e+08 41.1715
5.13566e+08 41.1958
5.13577e+08 41.2201
5.13588e+08 41.2443
5.13599e+08 41.2686
5.13633e+08 41.2928
5.13644e+08 41.317
5.37768e+08 41.3412
5.37768e+08 41.3654
5.37768e+08 41.3896
5.37768e+08 41.4138
5.37802e+08 41.4379
5.37813e+08 41.462
5.37813e+08 41.4862
5.37813e+08 41.5103
5.37813e+08 41.5344
5.37813e+08 41.5584
5.37824e+08 41.5825
5.37824e+08 41.6065
5.3788e+08 41.6306
5.3788e+08 41.6546
5.3788e+08 41.6786
5.3788e+08 41.7026
5.3788e+08 41.7266
5.3788e+08 41.7505
5.37891e+08 41.7745
5.37891e+08 41.7984
5.37891e+08 41.8224
5.37891e+08 41.8463
5.37891e+08 41.8702
5.37891e+08 41.8941
5.37891e+08 41.9179
5.37903e+08 41.9418
5.37936e+08 41.9656
5.37936e+08 41.9894
5.37936e+08 42.0133
5.37936e+08 42.0371
5.37936e+08 42.0609
5.38003e+08 42.0846
5.38194e+08 42.1084
5.38205e+08 42.1321
5.38205e+08 42.1559
5.38205e+08 42.1796
5.38205e+08 42.2033
5.38205e+08 42.227
5.38205e+08 42.2507
5.3825e+08 42.2743
5.3825e+08 42.298
5.6278e+08 42.3216
5.6278e+08 42.3453
5.6278e+08 42.3689
5.6278e+08 42.3925
5.62792e+08 42.4161
5.62792e+08 42.4397
5.62792e+08 42.4632
5.62792e+08 42.4868
5.62814e+08 42.5103
5.62825e+08 42.5338
5.62836e+08 42.5573
5.62836e+08 42.5808
5.62881e+08 42.6043
5.62881e+08 42.6278
5.62881e+08 42.6513
5.62881e+08 42.6747
5.62881e+08 42.6981
5.62881e+08 42.7216
5.62881e+08 42.745
5.62915e+08 42.7684
5.62915e+08 42.7917
5.62915e+08 42.8151
5.62949e+08 42.8385
5.62949e+08 42.8618
5.62949e+08 42.8851
5.62949e+08 42.9085
5.63005e+08 42.9318
5.63016e+08 42.9551
5.63016e+08 42.9783
5.63016e+08 43.0016
5.63016e+08 43.0249
5.63016e+08 43.0481
5.63072e+08 43.0713
5.63173e+08 43.0945
5.63173e+08 43.1178
5.63173e+08 43.1409
5.63173e+08 43.1641
5.63173e+08 43.1873
5.63173e+08 43.2104
5.63173e+08 43.2336
5.63173e+08 43.2567
5.63173e+08 43.2798
5.88527e+08 43.3029
5.88527e+08 43.326
5.88527e+08 43.3491
5.88527e+08 43.3722
5.88527e+08 43.3952
5.88527e+08 43.4183
5.88539e+08 43.4413
5.88539e+08 43.4643
5.88539e+08 43.4873
5.88539e+08 43.5103
5.88539e+08 43.5333
5.88539e+08 43.5563
5.88584e+08 43.5792
5.88584e+08 43.6022
5.88584e+08 43.6251
5.88584e+08 43.6481
5.88584e+08 43.671
5.88584e+08 43.6939
5.88584e+08 43.7167
5.88584e+08 43.7396
5.88584e+08 43.7625
5.88584e+08 43.7853
5.88584e+08 43.8082
5.88584e+08 43.831
5.88584e+08 43.8538
5.88584e+08 43.8766
5.88606e+08 43.8994
5.88617e+08 43.9222
5.88617e+08 43.945
5.8864e+08 43.9677
5.88651e+08 43.9905
5.88662e+08 44.0132
5.88662e+08 44.0359
5.88785e+08 44.0586
5.88853e+08 44.0813
5.88853e+08 44.104
5.88853e+08 44.1267
5.88853e+08 44.1493
5.88853e+08 44.172
5.88853e+08 44.1946
5.88853e+08 44.2173
5.88853e+08 44.2399
5.88853e+08 44.2625
6.14741e+08 44.2851
6.14741e+08 44.3076
6.14752e+08 44.3302
6.14752e+08 44.3528
6.14752e+08 44.3753
6.14763e+08 44.3979
6.14786e+08 44.4204
6.14786e+08 44.4429
6.14786e+08 44.4654
6.14786e+08 44.4879
6.14786e+08 44.5104
6.14786e+08 44.5328
6.14808e+08 44.5553
6.14808e+08 44.5777
6.14808e+08 44.6002
6.14808e+08 44.6226
6.14808e+08 44.645
6.14819e+08 44.6674
6.14819e+08 44.6898
6.14819e+08 44.7122
6.1483e+08 44.7345
6.14831e+08 44.7569
6.14831e+08 44.7792
6.14831e+08 44.8015
6.14831e+08 44.8239
6.14831e+08 44.8462
6.14853e+08 44.8685
6.14853e+08 44.8908
6.14853e+08 44.913
6.1492e+08 44.9353
6.1492e+08 44.9576
6.14931e+08 44.9798
6.14954e+08 45.002
6.14954e+08 45.0243
6.15021e+08 45.0465
6.15066e+08 45.0687
6.15066e+08 45.0909
6.15066e+08 45.113
6.15077e+08 45.1352
6.15077e+08 45.1574
6.15077e+08 45.1795
6.15077e+08 45.2016
6.15077e+08 45.2238
6.15077e+08 45.2459
6.19074e+08 45.268
6.19085e+08 45.2901
6.1913e+08 45.3121
