3.61945e+06 2
8.35088e+06 2.5
8.35089e+06 2.9
9.49887e+06 3.24483
9.49887e+06 3.55301
1.19183e+07 3.83446
1.19183e+07 4.09525
1.19183e+07 4.33944
1.44905e+07 4.56988
1.44905e+07 4.78871
1.44905e+07 4.99753
1.44905e+07 5.19763
1.74452e+07 5.39003
1.74452e+07 5.57555
1.74453e+07 5.75491
1.74453e+07 5.92867
1.74453e+07 6.09735
2.09901e+07 6.26135
2.09901e+07 6.42106
2.09901e+07 6.5768
2.09901e+07 6.72885
2.09901e+07 6.87746
2.09901e+07 7.02286
2.49264e+07 7.16526
2.49599e+07 7.30482
2.49823e+07 7.44171
2.49823e+07 7.57609
2.49823e+07 7.70809
2.50047e+07 7.83782
2.50047e+07 7.96541
2.88854e+07 8.09095
2.89077e+07 8.21454
2.89524e+07 8.33628
2.8986e+07 8.45624
2.8986e+07 8.57449
2.90307e+07 8.69112
2.90307e+07 8.80618
3.38103e+07 8.91974
3.38214e+07 9.03185
3.38214e+07 9.14257
3.38215e+07 9.25194
3.38438e+07 9.36003
3.38886e+07 9.46687
3.38886e+07 9.5725
3.38886e+07 9.67696
3.91579e+07 9.7803
3.91579e+07 9.88255
3.91579e+07 9.98374
3.91579e+07 10.0839
3.91579e+07 10.1831
3.9158e+07 10.2813
3.91915e+07 10.3785
3.92027e+07 10.4749
3.92027e+07 10.5704
4.50155e+07 10.665
4.50155e+07 10.7587
4.50155e+07 10.8517
4.50379e+07 10.9438
4.50491e+07 11.0352
4.50491e+07 11.1258
4.50491e+07 11.2157
4.50491e+07 11.3049
4.50716e+07 11.3933
4.51164e+07 11.4811
5.11662e+07 11.5682
5.11662e+07 11.6546
5.11662e+07 11.7404
5.11662e+07 11.8256
5.11662e+07 11.9102
5.11662e+07 11.9941
5.12445e+07 12.0775
5.12557e+07 12.1603
5.12557e+07 12.2425
5.15465e+07 12.3242
5.15803e+07 12.4054
5.82602e+07 12.486
5.82602e+07 12.5661
5.82826e+07 12.6456
5.82826e+07 12.7247
5.82826e+07 12.8033
5.82826e+07 12.8814
5.83497e+07 12.959
5.8361e+07 13.0362
5.8361e+07 13.1129
5.83834e+07 13.1892
5.854e+07 13.265
5.86856e+07 13.3404
6.57623e+07 13.4153
6.57623e+07 13.4899
6.57624e+07 13.564
6.57847e+07 13.6377
6.57847e+07 13.7111
6.58183e+07 13.784
6.58183e+07 13.8566
6.5863e+07 13.9287
6.5863e+07 14.0005
6.5863e+07 14.0719
6.5863e+07 14.143
6.61316e+07 14.2137
6.64672e+07 14.2841
7.39051e+07 14.3541
7.39051e+07 14.4237
7.39051e+07 14.4931
7.39051e+07 14.5621
7.39051e+07 14.6307
7.39275e+07 14.6991
7.39275e+07 14.7671
7.39499e+07 14.8348
7.39499e+07 14.9022
7.39499e+07 14.9694
7.39499e+07 15.0362
7.39499e+07 15.1027
7.43193e+07 15.1689
7.44536e+07 15.2348
8.25104e+07 15.3004
8.25104e+07 15.3658
8.25104e+07 15.4309
8.25104e+07 15.4957
8.25104e+07 15.5602
8.25104e+07 15.6245
8.25104e+07 15.6885
8.25328e+07 15.7522
8.2544e+07 15.8157
8.2544e+07 15.8789
8.25999e+07 15.9419
8.25999e+07 16.0046
8.25999e+07 16.0671
8.30253e+07 16.1294
8.31596e+07 16.1914
9.18092e+07 16.2531
9.18092e+07 16.3146
9.18092e+07 16.3759
9.18316e+07 16.437
9.18316e+07 16.4978
9.18316e+07 16.5585
9.18651e+07 16.6189
9.18876e+07 16.679
9.18876e+07 16.739
9.18876e+07 16.7987
9.18876e+07 16.8582
9.18876e+07 16.9176
9.18876e+07 16.9767
9.18876e+07 17.0356
9.24249e+07 17.0943
9.26821e+07 17.1528
1.0174e+08 17.2111
1.0174e+08 17.2692
1.0174e+08 17.3271
1.01751e+08 17.3848
1.01751e+08 17.4423
1.01762e+08 17.4997
1.01785e+08 17.5568
1.01829e+08 17.6138
1.01829e+08 17.6705
1.01829e+08 17.7271
1.01829e+08 17.7835
1.01829e+08 17.8398
1.01829e+08 17.8958
1.01829e+08 17.9517
1.01829e+08 18.0074
1.02423e+08 18.0629
1.02635e+08 18.1183
1.12252e+08 18.1735
1.12297e+08 18.2285
1.12297e+08 18.2834
1.12319e+08 18.3381
1.12319e+08 18.3926
1.12319e+08 18.447
1.12386e+08 18.5012
1.12431e+08 18.5552
1.12431e+08 18.6091
1.12431e+08 18.6629
1.12431e+08 18.7164
1.12465e+08 18.7699
1.12476e+08 18.8231
1.12487e+08 18.8763
1.12487e+08 18.9293
1.12498e+08 18.9821
1.13092e+08 19.0348
1.13327e+08 19.0873
1.23584e+08 19.1397
1.23662e+08 19.1919
1.23662e+08 19.244
1.23673e+08 19.296
1.23695e+08 19.3478
1.23695e+08 19.3995
1.23718e+08 19.4511
1.23718e+08 19.5025
1.23718e+08 19.5537
1.23718e+08 19.6049
1.2374e+08 19.6559
1.23763e+08 19.7068
1.23774e+08 19.7575
1.23774e+08 19.8081
1.23774e+08 19.8586
1.23774e+08 19.909
1.2449e+08 19.9592
1.2449e+08 20.0093
1.24602e+08 20.0593
1.35328e+08 20.1091
1.35406e+08 20.1589
1.35406e+08 20.2085
1.35406e+08 20.2579
1.35428e+08 20.3073
1.35428e+08 20.3566
1.35507e+08 20.4057
1.35507e+08 20.4547
1.35518e+08 20.5036
1.35529e+08 20.5523
1.35563e+08 20.601
1.35585e+08 20.6495
1.35585e+08 20.698
1.3563e+08 20.7463
1.3563e+08 20.7945
1.35641e+08 20.8426
1.36514e+08 20.8906
1.36525e+08 20.9384
1.36525e+08 20.9862
1.36715e+08 21.0338
1.47651e+08 21.0814
1.4773e+08 21.1288
1.4773e+08 21.1761
1.4773e+08 21.2234
1.47774e+08 21.2705
1.47774e+08 21.3175
1.47819e+08 21.3644
1.47819e+08 21.4112
1.47853e+08 21.4579
1.47898e+08 21.5045
1.47898e+08 21.551
1.4792e+08 21.5974
1.47976e+08 21.6437
1.47976e+08 21.6899
1.47987e+08 21.736
1.48021e+08 21.782
1.48938e+08 21.8279
1.48961e+08 21.8738
1.48961e+08 21.9195
1.49151e+08 21.9651
1.49151e+08 22.0106
1.60464e+08 22.0561
1.60565e+08 22.1014
1.60565e+08 22.1466
1.60565e+08 22.1918
1.6061e+08 22.2369
1.6061e+08 22.2818
1.6071e+08 22.3267
1.6071e+08 22.3715
1.6071e+08 22.4162
1.60755e+08 22.4608
1.60755e+08 22.5053
1.608e+08 22.5498
1.60811e+08 22.5941
1.60811e+08 22.6384
1.60833e+08 22.6825
1.60845e+08 22.7266
1.62098e+08 22.7706
1.6212e+08 22.8145
1.62131e+08 22.8584
1.62266e+08 22.9021
1.62266e+08 22.9458
1.62266e+08 22.9894
1.7345e+08 23.0329
1.73573e+08 23.0763
1.73573e+08 23.1196
1.73595e+08 23.1629
1.73607e+08 23.206
1.73607e+08 23.2491
1.73618e+08 23.2921
1.73618e+08 23.3351
1.73651e+08 23.3779
1.73719e+08 23.4207
1.73719e+08 23.4634
1.73741e+08 23.506
1.73741e+08 23.5486
1.73763e+08 23.591
1.7383e+08 23.6334
1.73853e+08 23.6757
1.75151e+08 23.718
1.75162e+08 23.7601
1.75173e+08 23.8022
1.75341e+08 23.8442
1.75341e+08 23.8862
1.75341e+08 23.928
1.86993e+08 23.9698
1.86993e+08 24.0116
1.87093e+08 24.0532
1.87149e+08 24.0948
1.87172e+08 24.1363
1.87172e+08 24.1777
1.87172e+08 24.2191
1.87217e+08 24.2604
1.87239e+08 24.3016
1.8725e+08 24.3427
1.87261e+08 24.3838
1.87261e+08 24.4248
1.87295e+08 24.4658
1.87295e+08 24.5066
1.87306e+08 24.5474
1.87306e+08 24.5882
1.87329e+08 24.6288
1.88962e+08 24.6694
1.88962e+08 24.71
1.88962e+08 24.7505
1.89029e+08 24.7909
1.89029e+08 24.8312
1.89029e+08 24.8715
2.01106e+08 24.9117
2.01106e+08 24.9518
2.01106e+08 24.9919
2.01229e+08 25.0319
2.0124e+08 25.0719
2.0133e+08 25.1117
2.0133e+08 25.1516
2.01341e+08 25.1913
2.01386e+08 25.231
2.01386e+08 25.2707
2.01386e+08 25.3102
2.01386e+08 25.3497
2.01441e+08 25.3892
2.01453e+08 25.4286
2.01453e+08 25.4679
2.01453e+08 25.5072
2.01453e+08 25.5464
2.01464e+08 25.5855
2.03209e+08 25.6246
2.03209e+08 25.6636
2.03209e+08 25.7026
2.03332e+08 25.7415
2.03344e+08 25.7803
2.03344e+08 25.8191
2.15865e+08 25.8579
2.15865e+08 25.8965
2.15865e+08 25.9351
2.15988e+08 25.9737
2.15999e+08 26.0122
2.161e+08 26.0506
2.16122e+08 26.089
2.16133e+08 26.1274
2.162e+08 26.1656
2.162e+08 26.2039
2.162e+08 26.242
2.162e+08 26.2801
2.162e+08 26.3182
2.16223e+08 26.3562
2.16234e+08 26.3941
2.16256e+08 26.432
2.16279e+08 26.4698
2.16301e+08 26.5076
2.16301e+08 26.5453
2.18102e+08 26.583
2.18102e+08 26.6206
2.18102e+08 26.6582
2.18349e+08 26.6957
2.18349e+08 26.7332
2.1836e+08 26.7706
2.31233e+08 26.8079
2.31233e+08 26.8452
2.31233e+08 26.8825
2.31412e+08 26.9197
2.31412e+08 26.9568
2.31412e+08 26.9939
2.31535e+08 27.031
2.31535e+08 27.068
2.31535e+08 27.1049
2.3158e+08 27.1418
2.3158e+08 27.1786
2.3158e+08 27.2154
2.3158e+08 27.2522
2.3158e+08 27.2889
2.31647e+08 27.3255
2.31703e+08 27.3621
2.31703e+08 27.3987
2.31703e+08 27.4352
2.31703e+08 27.4716
2.31703e+08 27.508
2.3356e+08 27.5444
2.3356e+08 27.5807
2.33571e+08 27.6169
2.33762e+08 27.6531
2.33773e+08 27.6893
2.33795e+08 27.7254
2.47332e+08 27.7615
2.47332e+08 27.7975
2.47332e+08 27.8335
2.47478e+08 27.8694
2.475e+08 27.9053
2.475e+08 27.9411
2.47623e+08 27.9769
2.47634e+08 28.0127
2.47646e+08 28.0484
2.47668e+08 28.084
2.47713e+08 28.1196
2.47713e+08 28.1552
2.47713e+08 28.1907
2.47746e+08 28.2262
2.47746e+08 28.2616
2.4778e+08 28.297
2.47802e+08 28.3323
2.47802e+08 28.3676
2.47802e+08 28.4029
2.47802e+08 28.4381
2.47858e+08 28.4732
2.49637e+08 28.5084
2.49637e+08 28.5434
2.49659e+08 28.5785
2.49928e+08 28.6135
2.49962e+08 28.6484
2.49962e+08 28.6833
2.63874e+08 28.7182
2.63874e+08 28.753
2.63874e+08 28.7878
2.64053e+08 28.8225
2.64098e+08 28.8572
2.64098e+08 28.8919
2.64277e+08 28.9265
2.64277e+08 28.961
2.64277e+08 28.9956
2.6431e+08 29.0301
2.64355e+08 29.0645
2.64433e+08 29.0989
2.64433e+08 29.1333
2.64433e+08 29.1676
2.64433e+08 29.2019
2.64433e+08 29.2361
2.64433e+08 29.2703
2.64433e+08 29.3045
2.64445e+08 29.3386
2.64445e+08 29.3727
2.64445e+08 29.4068
2.64467e+08 29.4408
2.66291e+08 29.4747
2.66291e+08 29.5087
2.66313e+08 29.5425
2.66492e+08 29.5764
2.66492e+08 29.6102
2.66492e+08 29.644
2.80982e+08 29.6777
2.80993e+08 29.7114
2.80993e+08 29.7451
2.81307e+08 29.7787
2.81329e+08 29.8123
2.8134e+08 29.8458
2.81463e+08 29.8793
2.81463e+08 29.9128
2.81463e+08 29.9462
2.81463e+08 29.9796
2.81463e+08 30.013
2.81486e+08 30.0463
2.81597e+08 30.0796
2.81642e+08 30.1128
2.81642e+08 30.146
2.81653e+08 30.1792
2.81676e+08 30.2123
2.81687e+08 30.2454
2.81687e+08 30.2785
2.81765e+08 30.3115
2.81765e+08 30.3445
2.81765e+08 30.3775
2.81911e+08 30.4104
2.83444e+08 30.4433
2.83444e+08 30.4761
2.835e+08 30.5089
2.83634e+08 30.5417
2.83635e+08 30.5744
2.83635e+08 30.6071
2.98827e+08 30.6398
2.98827e+08 30.6725
2.98827e+08 30.7051
2.99096e+08 30.7376
2.99096e+08 30.7702
2.99152e+08 30.8027
2.99197e+08 30.8351
2.99208e+08 30.8676
2.9923e+08 30.9
2.9923e+08 30.9323
2.99241e+08 30.9646
2.99253e+08 30.9969
2.99376e+08 31.0292
2.99622e+08 31.0614
2.99633e+08 31.0936
2.99633e+08 31.1258
2.99633e+08 31.1579
2.99633e+08 31.19
2.99655e+08 31.2221
2.99655e+08 31.2541
2.99666e+08 31.2861
2.997e+08 31.3181
2.997e+08 31.35
2.99722e+08 31.3819
3.01121e+08 31.4137
3.01121e+08 31.4456
3.01121e+08 31.4774
3.01346e+08 31.5092
3.01424e+08 31.5409
3.01424e+08 31.5726
3.17067e+08 31.6043
3.17067e+08 31.6359
3.17067e+08 31.6675
3.17391e+08 31.6991
3.17391e+08 31.7306
3.17391e+08 31.7622
3.17559e+08 31.7936
3.17559e+08 31.8251
3.1766e+08 31.8565
3.1766e+08 31.8879
3.17738e+08 31.9193
3.1776e+08 31.9506
3.17895e+08 31.9819
3.17906e+08 32.0132
3.18062e+08 32.0444
3.18096e+08 32.0756
3.18096e+08 32.1068
3.18163e+08 32.1379
3.18163e+08 32.169
3.18185e+08 32.2001
3.1823e+08 32.2312
3.1823e+08 32.2622
3.1823e+08 32.2932
3.1823e+08 32.3242
3.1823e+08 32.3551
3.19596e+08 32.386
3.19607e+08 32.4169
3.19607e+08 32.4477
3.1972e+08 32.4786
3.19742e+08 32.5094
3.19742e+08 32.5401
3.35952e+08 32.5708
3.35952e+08 32.6015
3.35952e+08 32.6322
3.36366e+08 32.6629
3.36366e+08 32.6935
3.36366e+08 32.7241
3.36512e+08 32.7546
3.36545e+08 32.7852
3.36657e+08 32.8157
3.36657e+08 32.8461
3.36735e+08 32.8766
3.36758e+08 32.907
3.37003e+08 32.9374
3.37026e+08 32.9677
3.37026e+08 32.9981
3.37037e+08 33.0284
3.37071e+08 33.0587
3.37071e+08 33.0889
3.37082e+08 33.1191
3.37104e+08 33.1493
3.37149e+08 33.1795
3.37149e+08 33.2096
3.37149e+08 33.2397
3.3716e+08 33.2698
3.3716e+08 33.2999
3.37171e+08 33.3299
3.38514e+08 33.3599
3.38514e+08 33.3899
3.38515e+08 33.4198
3.38717e+08 33.4498
3.38728e+08 33.4797
3.38728e+08 33.5095
3.55448e+08 33.5394
3.55448e+08 33.5692
3.55448e+08 33.599
3.55895e+08 33.6287
3.55895e+08 33.6585
3.55895e+08 33.6882
3.56153e+08 33.7179
3.56164e+08 33.7475
3.56343e+08 33.7772
3.56399e+08 33.8068
3.56443e+08 33.8363
3.56533e+08 33.8659
3.56656e+08 33.8954
3.56656e+08 33.9249
3.56656e+08 33.9544
3.56656e+08 33.9839
3.56656e+08 34.0133
3.56656e+08 34.0427
3.56656e+08 34.0721
3.56656e+08 34.1014
3.56745e+08 34.1307
3.56768e+08 34.16
3.56768e+08 34.1893
3.56768e+08 34.2185
3.56768e+08 34.2478
3.56824e+08 34.277
3.56824e+08 34.3061
3.58055e+08 34.3353
3.58077e+08 34.3644
3.58077e+08 34.3935
3.58269e+08 34.4226
3.58291e+08 34.4516
3.58291e+08 34.4807
3.75512e+08 34.5097
3.75512e+08 34.5387
3.75512e+08 34.5676
3.7606e+08 34.5965
3.76094e+08 34.6254
3.76105e+08 34.6543
3.76306e+08 34.6832
3.76306e+08 34.712
3.76709e+08 34.7408
3.76709e+08 34.7696
3.76753e+08 34.7984
3.76888e+08 34.8271
3.76955e+08 34.8558
3.76955e+08 34.8845
3.76955e+08 34.9132
3.76955e+08 34.9418
3.76955e+08 34.9704
3.76977e+08 34.999
3.76977e+08 35.0276
3.76977e+08 35.0561
3.77022e+08 35.0847
3.77033e+08 35.1132
3.77044e+08 35.1417
3.77044e+08 35.1701
3.77055e+08 35.1985
3.77055e+08 35.227
3.77067e+08 35.2553
3.77067e+08 35.2837
3.78265e+08 35.312
3.78265e+08 35.3404
3.78265e+08 35.3687
3.78445e+08 35.3969
3.78456e+08 35.4252
3.78456e+08 35.4534
3.96156e+08 35.4816
3.96156e+08 35.5098
3.96156e+08 35.538
3.96727e+08 35.5661
3.96839e+08 35.5942
3.96872e+08 35.6223
3.97219e+08 35.6504
3.97263e+08 35.6784
3.97431e+08 35.7065
3.97431e+08 35.7345
3.97487e+08 35.7625
3.97632e+08 35.7904
3.97632e+08 35.8184
3.97632e+08 35.8463
3.97644e+08 35.8742
3.97644e+08 35.902
3.97644e+08 35.9299
3.97666e+08 35.9577
3.97666e+08 35.9855
3.97666e+08 36.0133
3.97688e+08 36.0411
3.97688e+08 36.0688
3.97711e+08 36.0966
3.97711e+08 36.1243
3.97711e+08 36.152
3.97711e+08 36.1796
3.97744e+08 36.2073
3.97767e+08 36.2349
3.97767e+08 36.2625
3.98976e+08 36.2901
3.98976e+08 36.3176
3.98976e+08 36.3451
3.99201e+08 36.3727
3.99246e+08 36.4002
3.99246e+08 36.4276
4.17374e+08 36.4551
4.17374e+08 36.4825
4.17374e+08 36.5099
4.17933e+08 36.5373
4.18146e+08 36.5647
4.18235e+08 36.592
4.18694e+08 36.6194
4.18694e+08 36.6467
4.18772e+08 36.6739
4.18817e+08 36.7012
4.18839e+08 36.7285
4.18862e+08 36.7557
4.18862e+08 36.7829
4.18862e+08 36.8101
4.18873e+08 36.8372
4.18873e+08 36.8644
4.18895e+08 36.8915
4.18906e+08 36.9186
4.18973e+08 36.9457
4.18973e+08 36.9728
4.18973e+08 36.9998
4.18973e+08 37.0269
4.18985e+08 37.0539
4.18985e+08 37.0809
4.18985e+08 37.1078
4.18996e+08 37.1348
4.18996e+08 37.1617
4.19041e+08 37.1886
4.19041e+08 37.2155
4.19041e+08 37.2424
4.20295e+08 37.2692
4.20295e+08 37.296
4.20295e+08 37.3229
4.20464e+08 37.3497
4.20497e+08 37.3764
4.2052e+08 37.4032
4.39262e+08 37.4299
4.39262e+08 37.4566
4.39262e+08 37.4833
4.39866e+08 37.51
4.39967e+08 37.5367
4.40079e+08 37.5633
4.40593e+08 37.5899
4.40638e+08 37.6165
4.40683e+08 37.6431
4.40716e+08 37.6697
4.40716e+08 37.6962
4.40716e+08 37.7228
4.40716e+08 37.7493
4.40716e+08 37.7758
4.40727e+08 37.8022
4.40772e+08 37.8287
4.40772e+08 37.8551
4.40772e+08 37.8815
4.40783e+08 37.9079
4.40783e+08 37.9343
4.40783e+08 37.9607
4.40783e+08 37.987
4.40806e+08 38.0133
4.40828e+08 38.0397
4.40851e+08 38.0659
4.40862e+08 38.0922
4.40873e+08 38.1185
4.40884e+08 38.1447
4.41007e+08 38.1709
4.41007e+08 38.1971
4.41007e+08 38.2233
4.42216e+08 38.2495
4.42216e+08 38.2756
4.42216e+08 38.3017
4.42397e+08 38.3278
4.42441e+08 38.3539
4.42453e+08 38.38
4.61696e+08 38.406
4.61696e+08 38.4321
4.61696e+08 38.4581
4.62367e+08 38.4841
4.62423e+08 38.5101
4.62467e+08 38.5361
4.62836e+08 38.562
4.62836e+08 38.5879
4.62848e+08 38.6139
4.62915e+08 38.6398
4.62915e+08 38.6656
4.62937e+08 38.6915
4.62937e+08 38.7173
4.62937e+08 38.7432
4.63004e+08 38.769
4.63116e+08 38.7948
4.63116e+08 38.8206
4.63116e+08 38.8463
4.63206e+08 38.8721
4.63217e+08 38.8978
4.63262e+08 38.9235
4.63273e+08 38.9492
4.63317e+08 38.9749
4.63317e+08 39.0005
4.63318e+08 39.0262
4.63318e+08 39.0518
4.63318e+08 39.0774
4.6334e+08 39.103
4.63385e+08 39.1285
4.63396e+08 39.1541
4.63508e+08 39.1796
4.63519e+08 39.2052
4.64683e+08 39.2307
4.64683e+08 39.2562
4.64683e+08 39.2816
4.64886e+08 39.3071
4.64909e+08 39.3325
4.64942e+08 39.358
4.84775e+08 39.3834
4.84797e+08 39.4088
4.84797e+08 39.4341
4.8548e+08 39.4595
4.85592e+08 39.4848
4.85692e+08 39.5102
4.8586e+08 39.5355
4.8586e+08 39.5608
4.8586e+08 39.586
4.85905e+08 39.6113
4.85905e+08 39.6366
4.85961e+08 39.6618
4.85961e+08 39.687
4.85961e+08 39.7122
4.86017e+08 39.7374
4.86039e+08 39.7625
4.86039e+08 39.7877
4.8605e+08 39.8128
4.86151e+08 39.8379
4.86184e+08 39.863
4.86252e+08 39.8881
4.86319e+08 39.9132
4.86363e+08 39.9382
4.86363e+08 39.9633
4.86363e+08 39.9883
4.86363e+08 40.0133
4.86363e+08 40.0383
4.86363e+08 40.0633
4.86363e+08 40.0882
4.8652e+08 40.1132
4.86531e+08 40.1381
4.86587e+08 40.163
4.86621e+08 40.1879
4.87785e+08 40.2128
4.87785e+08 40.2377
4.87785e+08 40.2625
4.8801e+08 40.2874
4.88033e+08 40.3122
4.88033e+08 40.337
5.08537e+08 40.3618
5.08616e+08 40.3866
5.08616e+08 40.4113
5.09265e+08 40.4361
5.09444e+08 40.4608
5.09455e+08 40.4855
5.095e+08 40.5102
5.095e+08 40.5349
5.095e+08 40.5596
5.09533e+08 40.5842
5.09533e+08 40.6089
5.09533e+08 40.6335
5.09533e+08 40.6581
5.09567e+08 40.6827
5.09634e+08 40.7073
5.09634e+08 40.7318
5.09645e+08 40.7564
5.09679e+08 40.7809
5.09947e+08 40.8055
5.09958e+08 40.83
5.09958e+08 40.8545
5.09969e+08 40.8789
5.09981e+08 40.9034
5.09981e+08 40.9278
5.10014e+08 40.9523
5.10014e+08 40.9767
5.10014e+08 41.0011
5.10014e+08 41.0255
5.10037e+08 41.0499
5.10037e+08 41.0742
5.10137e+08 41.0986
5.10137e+08 41.1229
5.10216e+08 41.1472
5.10317e+08 41.1715
5.11559e+08 41.1958
5.11559e+08 41.2201
5.11559e+08 41.2443
5.11762e+08 41.2686
5.11796e+08 41.2928
5.11796e+08 41.317
5.32985e+08 41.3412
5.33019e+08 41.3654
5.33019e+08 41.3896
5.33578e+08 41.4138
5.3378e+08 41.4379
5.3378e+08 41.462
5.3378e+08 41.4862
5.33802e+08 41.5103
5.33802e+08 41.5344
5.33813e+08 41.5584
5.33813e+08 41.5825
5.33813e+08 41.6065
5.33813e+08 41.6306
5.33813e+08 41.6546
5.33836e+08 41.6786
5.33836e+08 41.7026
5.33847e+08 41.7266
5.33869e+08 41.7505
5.34194e+08 41.7745
5.34205e+08 41.7984
5.34205e+08 41.8224
5.34238e+08 41.8463
5.34238e+08 41.8702
5.34238e+08 41.8941
5.34272e+08 41.9179
5.34283e+08 41.9418
5.34294e+08 41.9656
5.34294e+08 41.9894
5.34305e+08 42.0133
5.34317e+08 42.0371
5.34317e+08 42.0609
5.34361e+08 42.0846
5.34361e+08 42.1084
5.34451e+08 42.1321
5.34596e+08 42.1559
5.35907e+08 42.1796
5.35907e+08 42.2033
5.35907e+08 42.227
5.3612e+08 42.2507
5.36154e+08 42.2743
5.36154e+08 42.298
5.57929e+08 42.3216
5.57962e+08 42.3453
5.57962e+08 42.3689
5.58623e+08 42.3925
5.58701e+08 42.4161
5.58701e+08 42.4397
5.58701e+08 42.4632
5.58712e+08 42.4868
5.58723e+08 42.5103
5.58746e+08 42.5338
5.58746e+08 42.5573
5.58746e+08 42.5808
5.58768e+08 42.6043
5.58768e+08 42.6278
5.58824e+08 42.6513
5.58824e+08 42.6747
5.58846e+08 42.6981
5.58891e+08 42.7216
5.5907e+08 42.745
5.59093e+08 42.7684
5.59093e+08 42.7917
5.59115e+08 42.8151
5.59137e+08 42.8385
5.59149e+08 42.8618
5.59171e+08 42.8851
5.59171e+08 42.9085
5.59171e+08 42.9318
5.59171e+08 42.9551
5.59171e+08 42.9783
5.59171e+08 43.0016
5.59204e+08 43.0249
5.59204e+08 43.0481
5.59216e+08 43.0713
5.59216e+08 43.0945
5.59283e+08 43.1178
5.59495e+08 43.1409
5.60806e+08 43.1641
5.60806e+08 43.1873
5.60806e+08 43.2104
5.6112e+08 43.2336
5.61131e+08 43.2567
5.61131e+08 43.2798
5.83533e+08 43.3029
5.83533e+08 43.326
5.83533e+08 43.3491
5.84115e+08 43.3722
5.84249e+08 43.3952
5.84249e+08 43.4183
5.84283e+08 43.4413
5.84283e+08 43.4643
5.84283e+08 43.4873
5.84283e+08 43.5103
5.84283e+08 43.5333
5.84283e+08 43.5563
5.84316e+08 43.5792
5.84316e+08 43.6022
5.84328e+08 43.6251
5.84361e+08 43.6481
5.84473e+08 43.671
5.84473e+08 43.6939
5.84585e+08 43.7167
5.84585e+08 43.7396
5.84607e+08 43.7625
5.84619e+08 43.7853
5.84641e+08 43.8082
5.84641e+08 43.831
5.84641e+08 43.8538
5.84641e+08 43.8766
5.84663e+08 43.8994
5.84674e+08 43.9222
5.84674e+08 43.945
5.84674e+08 43.9677
5.84675e+08 43.9905
5.84675e+08 44.0132
5.84675e+08 44.0359
5.84675e+08 44.0586
5.84686e+08 44.0813
5.84764e+08 44.104
5.84954e+08 44.1267
5.86298e+08 44.1493
5.86298e+08 44.172
5.86309e+08 44.1946
5.86691e+08 44.2173
5.86691e+08 44.2399
5.86691e+08 44.2625
6.09568e+08 44.2851
6.09568e+08 44.3076
6.09568e+08 44.3302
6.10217e+08 44.3528
6.10217e+08 44.3753
6.10217e+08 44.3979
6.10217e+08 44.4204
6.10217e+08 44.4429
6.10217e+08 44.4654
6.10217e+08 44.4879
6.10217e+08 44.5104
6.10217e+08 44.5328
6.10318e+08 44.5553
6.1034e+08 44.5777
6.1034e+08 44.6002
6.1034e+08 44.6226
6.10374e+08 44.645
6.10385e+08 44.6674
6.10631e+08 44.6898
6.10631e+08 44.7122
6.10665e+08 44.7345
6.1072e+08 44.7569
6.10732e+08 44.7792
6.10732e+08 44.8015
6.10732e+08 44.8239
6.10732e+08 44.8462
6.10743e+08 44.8685
6.10743e+08 44.8908
6.10743e+08 44.913
6.10743e+08 44.9353
6.10743e+08 44.9576
6.10743e+08 44.9798
6.10754e+08 45.002
6.10754e+08 45.0243
6.10754e+08 45.0465
6.10754e+08 45.0687
6.10765e+08 45.0909
6.10911e+08 45.113
6.12355e+08 45.1352
6.12355e+08 45.1574
6.12355e+08 45.1795
6.12804e+08 45.2016
6.12816e+08 45.2238
6.12816e+08 45.2459
6.14015e+08 45.268
6.14049e+08 45.2901
6.1406e+08 45.3121
