5.3758e+06 2
8.31054e+06 2.5
8.33333e+06 2.9
9.79479e+06 3.24483
9.92895e+06 3.55301
1.24167e+07 3.83446
1.25844e+07 4.09525
1.30091e+07 4.33944
1.4441e+07 4.56988
1.44857e+07 4.78871
1.44969e+07 4.99753
1.4754e+07 5.19763
1.74652e+07 5.39003
1.74773e+07 5.57555
1.76106e+07 5.75491
1.76106e+07 5.92867
1.77224e+07 6.09735
2.11804e+07 6.26135
2.11958e+07 6.42106
2.1261e+07 6.5768
2.1261e+07 6.72885
2.14734e+07 6.87746
2.14734e+07 7.02286
2.53605e+07 7.16526
2.53829e+07 7.30482
2.54501e+07 7.44171
2.54501e+07 7.57609
2.56737e+07 7.70809
2.57073e+07 7.83782
2.57297e+07 7.96541
2.95765e+07 8.09095
2.95877e+07 8.21454
2.97329e+07 8.33628
2.97329e+07 8.45624
2.99901e+07 8.57449
3.01355e+07 8.69112
3.01802e+07 8.80618
3.44343e+07 8.91974
3.44343e+07 9.03185
3.45528e+07 9.14257
3.45874e+07 9.25194
3.45874e+07 9.36003
3.50011e+07 9.46687
3.51352e+07 9.5725
3.51353e+07 9.67696
3.98768e+07 9.7803
3.98768e+07 9.88255
3.9912e+07 9.98374
3.99878e+07 10.0839
4.00238e+07 10.1831
4.00239e+07 10.2813
4.06486e+07 10.3785
4.06822e+07 10.4749
4.06822e+07 10.5704
4.59224e+07 10.665
4.59224e+07 10.7587
4.59337e+07 10.8517
4.60314e+07 10.9438
4.60314e+07 11.0352
4.62176e+07 11.1258
4.62511e+07 11.2157
4.66759e+07 11.3049
4.68101e+07 11.3933
4.68101e+07 11.4811
5.24912e+07 11.5682
5.24912e+07 11.6546
5.25361e+07 11.7404
5.26748e+07 11.8256
5.26917e+07 11.9102
5.26918e+07 11.9941
5.29315e+07 12.0775
5.29315e+07 12.1603
5.33675e+07 12.2425
5.35016e+07 12.3242
5.35016e+07 12.4054
5.96636e+07 12.486
5.96636e+07 12.5661
5.97307e+07 12.6456
5.98181e+07 12.7247
5.98182e+07 12.8033
5.98517e+07 12.8814
6.01222e+07 12.959
6.01223e+07 13.0362
6.0167e+07 13.1129
6.06812e+07 13.1892
6.07371e+07 13.265
6.07371e+07 13.3404
6.74695e+07 13.4153
6.74695e+07 13.4899
6.75031e+07 13.564
6.75478e+07 13.6377
6.75478e+07 13.7111
6.75478e+07 13.784
6.78784e+07 13.8566
6.78784e+07 13.9287
6.79902e+07 14.0005
6.80014e+07 14.0719
6.84262e+07 14.143
6.85492e+07 14.2137
6.85492e+07 14.2841
7.57847e+07 14.3541
7.57847e+07 14.4237
7.58071e+07 14.4931
7.58407e+07 14.5621
7.58519e+07 14.6307
7.58519e+07 14.6991
7.61986e+07 14.7671
7.62098e+07 14.8348
7.62462e+07 14.9022
7.62892e+07 14.9694
7.62892e+07 15.0362
7.67251e+07 15.1027
7.68592e+07 15.1689
7.69039e+07 15.2348
8.46763e+07 15.3004
8.46763e+07 15.3658
8.47323e+07 15.4309
8.47435e+07 15.4957
8.49111e+07 15.5602
8.49335e+07 15.6245
8.50362e+07 15.6885
8.53144e+07 15.7522
8.54262e+07 15.8157
8.54598e+07 15.8789
8.54598e+07 15.9419
8.54598e+07 16.0046
8.5538e+07 16.0671
8.56386e+07 16.1294
8.56387e+07 16.1914
9.42384e+07 16.2531
9.42496e+07 16.3146
9.43391e+07 16.3759
9.43615e+07 16.437
9.43727e+07 16.4978
9.44063e+07 16.5585
9.45852e+07 16.6189
9.49341e+07 16.679
9.49565e+07 16.739
9.50571e+07 16.7987
9.50683e+07 16.8582
9.50795e+07 16.9176
9.50795e+07 16.9767
9.51019e+07 17.0356
9.52472e+07 17.0943
9.52696e+07 17.1528
1.0435e+08 17.2111
1.0435e+08 17.2692
1.04384e+08 17.3271
1.0444e+08 17.3848
1.04451e+08 17.4423
1.04451e+08 17.4997
1.04641e+08 17.5568
1.04977e+08 17.6138
1.04977e+08 17.6705
1.04977e+08 17.7271
1.0501e+08 17.7835
1.05032e+08 17.8398
1.05055e+08 17.8958
1.05055e+08 17.9517
1.05111e+08 18.0074
1.05368e+08 18.0629
1.05401e+08 18.1183
1.14985e+08 18.1735
1.15041e+08 18.2285
1.15064e+08 18.2834
1.15108e+08 18.3381
1.15108e+08 18.3926
1.15142e+08 18.447
1.15332e+08 18.5012
1.15657e+08 18.5552
1.1569e+08 18.6091
1.1569e+08 18.6629
1.15723e+08 18.7164
1.15783e+08 18.7699
1.15819e+08 18.8231
1.15819e+08 18.8763
1.1588e+08 18.9293
1.15925e+08 18.9821
1.1635e+08 19.0348
1.16405e+08 19.0873
1.2656e+08 19.1397
1.2656e+08 19.1919
1.2656e+08 19.244
1.2656e+08 19.296
1.2656e+08 19.3478
1.2656e+08 19.3995
1.26728e+08 19.4511
1.27007e+08 19.5025
1.27018e+08 19.5537
1.27041e+08 19.6049
1.27052e+08 19.6559
1.27074e+08 19.7068
1.27074e+08 19.7575
1.27074e+08 19.8081
1.272e+08 19.8586
1.27335e+08 19.909
1.27548e+08 19.9592
1.27603e+08 20.0093
1.27648e+08 20.0593
1.38395e+08 20.1091
1.38395e+08 20.1589
1.38395e+08 20.2085
1.38395e+08 20.2579
1.38418e+08 20.3073
1.38418e+08 20.3566
1.38586e+08 20.4057
1.38753e+08 20.4547
1.38832e+08 20.5036
1.38887e+08 20.5523
1.38899e+08 20.601
1.38932e+08 20.6495
1.38943e+08 20.698
1.38955e+08 20.7463
1.39122e+08 20.7945
1.39189e+08 20.8426
1.39547e+08 20.8906
1.39614e+08 20.9384
1.39614e+08 20.9862
1.39715e+08 21.0338
1.50831e+08 21.0814
1.50853e+08 21.1288
1.50887e+08 21.1761
1.50887e+08 21.2234
1.50887e+08 21.2705
1.50887e+08 21.3175
1.51178e+08 21.3644
1.51245e+08 21.4112
1.5129e+08 21.4579
1.51301e+08 21.5045
1.51323e+08 21.551
1.51334e+08 21.5974
1.51457e+08 21.6437
1.51457e+08 21.6899
1.51647e+08 21.736
1.51726e+08 21.782
1.52151e+08 21.8279
1.52151e+08 21.8738
1.52151e+08 21.9195
1.52151e+08 21.9651
1.52173e+08 22.0106
1.63826e+08 22.0561
1.63871e+08 22.1014
1.63882e+08 22.1466
1.63915e+08 22.1918
1.63915e+08 22.2369
1.63927e+08 22.2818
1.64072e+08 22.3267
1.6424e+08 22.3715
1.64285e+08 22.4162
1.64285e+08 22.4608
1.64307e+08 22.5053
1.64329e+08 22.5498
1.64329e+08 22.5941
1.64452e+08 22.6384
1.64631e+08 22.6825
1.64676e+08 22.7266
1.65145e+08 22.7706
1.65179e+08 22.8145
1.65179e+08 22.8584
1.6519e+08 22.9021
1.6519e+08 22.9458
1.65213e+08 22.9894
1.76933e+08 23.0329
1.76989e+08 23.0763
1.77034e+08 23.1196
1.77034e+08 23.1629
1.77045e+08 23.206
1.77056e+08 23.2491
1.7724e+08 23.2921
1.77452e+08 23.3351
1.77486e+08 23.3779
1.77564e+08 23.4207
1.77698e+08 23.4634
1.77721e+08 23.506
1.77743e+08 23.5486
1.77844e+08 23.591
1.78045e+08 23.6334
1.78179e+08 23.6757
1.78403e+08 23.718
1.78425e+08 23.7601
1.78425e+08 23.8022
1.7857e+08 23.8442
1.7857e+08 23.8862
1.78604e+08 23.928
1.90608e+08 23.9698
1.9063e+08 24.0116
1.90708e+08 24.0532
1.90764e+08 24.0948
1.90775e+08 24.1363
1.90798e+08 24.1777
1.90798e+08 24.2191
1.91227e+08 24.2604
1.91484e+08 24.3016
1.91484e+08 24.3427
1.91495e+08 24.3838
1.91528e+08 24.4248
1.91528e+08 24.4658
1.91528e+08 24.5066
1.91573e+08 24.5474
1.91875e+08 24.5882
1.92143e+08 24.6288
1.92289e+08 24.6694
1.92289e+08 24.71
1.92289e+08 24.7505
1.92434e+08 24.7909
1.92434e+08 24.8312
1.92434e+08 24.8715
2.04814e+08 24.9117
2.04904e+08 24.9518
2.04937e+08 24.9919
2.0506e+08 25.0319
2.05105e+08 25.0719
2.05127e+08 25.1117
2.05128e+08 25.1516
2.05128e+08 25.1913
2.05699e+08 25.231
2.05744e+08 25.2707
2.05878e+08 25.3102
2.059e+08 25.3497
2.059e+08 25.3892
2.059e+08 25.4286
2.06046e+08 25.4679
2.06046e+08 25.5072
2.06224e+08 25.5464
2.06582e+08 25.5855
2.06638e+08 25.6246
2.06672e+08 25.6636
2.0675e+08 25.7026
2.06974e+08 25.7415
2.06974e+08 25.7803
2.06974e+08 25.8191
2.19729e+08 25.8579
2.1974e+08 25.8965
2.19829e+08 25.9351
2.19975e+08 25.9737
2.20019e+08 26.0122
2.20064e+08 26.0506
2.20064e+08 26.089
2.20087e+08 26.1274
2.20098e+08 26.1656
2.20798e+08 26.2039
2.20831e+08 26.242
2.20909e+08 26.2801
2.20943e+08 26.3182
2.20977e+08 26.3562
2.20988e+08 26.3941
2.21032e+08 26.432
2.21032e+08 26.4698
2.21223e+08 26.5076
2.21547e+08 26.5453
2.2167e+08 26.583
2.2177e+08 26.6206
2.21826e+08 26.6582
2.22061e+08 26.6957
2.22072e+08 26.7332
2.22162e+08 26.7706
2.3524e+08 26.8079
2.35251e+08 26.8452
2.35285e+08 26.8825
2.35486e+08 26.9197
2.35497e+08 26.9568
2.35519e+08 26.9939
2.35575e+08 27.031
2.35575e+08 27.068
2.35607e+08 27.1049
2.35776e+08 27.1418
2.36302e+08 27.1786
2.36391e+08 27.2154
2.36413e+08 27.2522
2.36525e+08 27.2889
2.3657e+08 27.3255
2.36581e+08 27.3621
2.36592e+08 27.3987
2.36592e+08 27.4352
2.36738e+08 27.4716
2.3714e+08 27.508
2.37219e+08 27.5444
2.37353e+08 27.5807
2.37464e+08 27.6169
2.37744e+08 27.6531
2.37912e+08 27.6893
2.37968e+08 27.7254
2.51286e+08 27.7615
2.51297e+08 27.7975
2.51322e+08 27.8335
2.51367e+08 27.8694
2.51568e+08 27.9053
2.51579e+08 27.9411
2.5168e+08 27.9769
2.51725e+08 28.0127
2.51781e+08 28.0484
2.51881e+08 28.084
2.51971e+08 28.1196
2.52485e+08 28.1552
2.52485e+08 28.1907
2.52574e+08 28.2262
2.52686e+08 28.2616
2.52708e+08 28.297
2.5272e+08 28.3323
2.52731e+08 28.3676
2.52731e+08 28.4029
2.52876e+08 28.4381
2.53391e+08 28.4732
2.53446e+08 28.5084
2.53592e+08 28.5434
2.5367e+08 28.5785
2.53994e+08 28.6135
2.54072e+08 28.6484
2.54184e+08 28.6833
2.6798e+08 28.7182
2.67991e+08 28.753
2.67991e+08 28.7878
2.68215e+08 28.8225
2.68282e+08 28.8572
2.68282e+08 28.8919
2.68461e+08 28.9265
2.68472e+08 28.961
2.68606e+08 28.9956
2.68606e+08 29.0301
2.68606e+08 29.0645
2.68651e+08 29.0989
2.6921e+08 29.1333
2.6921e+08 29.1676
2.6931e+08 29.2019
2.69378e+08 29.2361
2.694e+08 29.2703
2.69456e+08 29.3045
2.69467e+08 29.3386
2.69467e+08 29.3727
2.69635e+08 29.4068
2.70082e+08 29.4408
2.70093e+08 29.4747
2.70283e+08 29.5087
2.7044e+08 29.5425
2.70686e+08 29.5764
2.70842e+08 29.6102
2.70932e+08 29.644
2.8524e+08 29.6777
2.85263e+08 29.7114
2.85285e+08 29.7451
2.85441e+08 29.7787
2.85497e+08 29.8123
2.85542e+08 29.8458
2.85866e+08 29.8793
2.85889e+08 29.9128
2.85933e+08 29.9462
2.85933e+08 29.9796
2.85967e+08 30.013
2.85967e+08 30.0463
2.86012e+08 30.0796
2.86503e+08 30.1128
2.86515e+08 30.146
2.86571e+08 30.1792
2.86694e+08 30.2123
2.86749e+08 30.2454
2.86794e+08 30.2785
2.86805e+08 30.3115
2.86805e+08 30.3445
2.86973e+08 30.3775
2.87253e+08 30.4104
2.87253e+08 30.4433
2.87655e+08 30.4761
2.87778e+08 30.5089
2.88046e+08 30.5417
2.88192e+08 30.5744
2.88326e+08 30.6071
3.03087e+08 30.6398
3.03143e+08 30.6725
3.03143e+08 30.7051
3.03344e+08 30.7376
3.034e+08 30.7702
3.03456e+08 30.8027
3.03679e+08 30.8351
3.03679e+08 30.8676
3.03802e+08 30.9
3.03802e+08 30.9323
3.03814e+08 30.9646
3.03836e+08 30.9969
3.03847e+08 31.0292
3.03892e+08 31.0614
3.04395e+08 31.0936
3.04395e+08 31.1258
3.04451e+08 31.1579
3.0454e+08 31.19
3.04551e+08 31.2221
3.04607e+08 31.2541
3.04708e+08 31.2861
3.04708e+08 31.3181
3.04954e+08 31.35
3.05189e+08 31.3819
3.05267e+08 31.4137
3.05457e+08 31.4456
3.05714e+08 31.4774
3.05983e+08 31.5092
3.06128e+08 31.5409
3.06273e+08 31.5726
3.21492e+08 31.6043
3.21492e+08 31.6359
3.21503e+08 31.6675
3.21738e+08 31.6991
3.2176e+08 31.7306
3.21872e+08 31.7622
3.22152e+08 31.7936
3.22152e+08 31.8251
3.22196e+08 31.8565
3.22196e+08 31.8879
3.22207e+08 31.9193
3.22207e+08 31.9506
3.22219e+08 31.9819
3.22219e+08 32.0132
3.22297e+08 32.0444
3.22845e+08 32.0756
3.22845e+08 32.1068
3.22945e+08 32.1379
3.23035e+08 32.169
3.23035e+08 32.2001
3.23046e+08 32.2312
3.23158e+08 32.2622
3.2318e+08 32.2932
3.23471e+08 32.3242
3.2365e+08 32.3551
3.2365e+08 32.386
3.24008e+08 32.4169
3.2422e+08 32.4477
3.24511e+08 32.4786
3.24924e+08 32.5094
3.2517e+08 32.5401
3.40485e+08 32.5708
3.40508e+08 32.6015
3.40519e+08 32.6322
3.40731e+08 32.6629
3.40787e+08 32.6935
3.40966e+08 32.7241
3.41167e+08 32.7546
3.41179e+08 32.7852
3.41179e+08 32.8157
3.4119e+08 32.8461
3.41279e+08 32.8766
3.41302e+08 32.907
3.41324e+08 32.9374
3.41324e+08 32.9677
3.41324e+08 32.9981
3.41413e+08 33.0284
3.41872e+08 33.0587
3.41872e+08 33.0889
3.41995e+08 33.1191
3.42095e+08 33.1493
3.42095e+08 33.1795
3.42107e+08 33.2096
3.42274e+08 33.2397
3.42286e+08 33.2698
3.42621e+08 33.2999
3.428e+08 33.3299
3.42833e+08 33.3599
3.42979e+08 33.3899
3.4337e+08 33.4198
3.43784e+08 33.4498
3.44186e+08 33.4797
3.44734e+08 33.5095
3.60066e+08 33.5394
3.60177e+08 33.5692
3.60193e+08 33.599
3.60323e+08 33.6287
3.60418e+08 33.6585
3.60675e+08 33.6882
3.60921e+08 33.7179
3.60932e+08 33.7475
3.60954e+08 33.7772
3.61055e+08 33.8068
3.61077e+08 33.8363
3.61088e+08 33.8659
3.61133e+08 33.8954
3.61144e+08 33.9249
3.61144e+08 33.9544
3.612e+08 33.9839
3.61256e+08 34.0133
3.61636e+08 34.0427
3.61659e+08 34.0721
3.61703e+08 34.1014
3.61726e+08 34.1307
3.6177e+08 34.16
3.61782e+08 34.1893
3.61905e+08 34.2185
3.62072e+08 34.2478
3.62486e+08 34.277
3.62665e+08 34.3061
3.62665e+08 34.3353
3.62665e+08 34.3644
3.63213e+08 34.3935
3.63693e+08 34.4226
3.64163e+08 34.4516
3.64632e+08 34.4807
3.8036e+08 34.5097
3.80435e+08 34.5387
3.80477e+08 34.5676
3.80729e+08 34.5965
3.80729e+08 34.6254
3.80908e+08 34.6543
3.81076e+08 34.6832
3.81154e+08 34.712
3.81154e+08 34.7408
3.81221e+08 34.7696
3.81244e+08 34.7984
3.81244e+08 34.8271
3.81411e+08 34.8558
3.81411e+08 34.8845
3.81411e+08 34.9132
3.81422e+08 34.9418
3.81445e+08 34.9704
3.81445e+08 34.999
3.81993e+08 35.0276
3.81993e+08 35.0561
3.82037e+08 35.0847
3.82037e+08 35.1132
3.82093e+08 35.1417
3.82093e+08 35.1701
3.82216e+08 35.1985
3.82328e+08 35.227
3.82854e+08 35.2553
3.83044e+08 35.2837
3.83044e+08 35.312
3.83044e+08 35.3404
3.83569e+08 35.3687
3.84251e+08 35.3969
3.84933e+08 35.4252
3.85e+08 35.4534
4.01273e+08 35.4816
4.01276e+08 35.5098
4.01276e+08 35.538
4.01555e+08 35.5661
4.01622e+08 35.5942
4.01712e+08 35.6223
4.01913e+08 35.6504
4.01969e+08 35.6784
4.01969e+08 35.7065
4.02014e+08 35.7345
4.02014e+08 35.7625
4.02014e+08 35.7904
4.02047e+08 35.8184
4.02047e+08 35.8463
4.0217e+08 35.8742
4.0217e+08 35.902
4.02182e+08 35.9299
4.02204e+08 35.9577
4.02651e+08 35.9855
4.02662e+08 36.0133
4.02662e+08 36.0411
4.02696e+08 36.0688
4.02696e+08 36.0966
4.02718e+08 36.1243
4.02729e+08 36.152
4.03042e+08 36.1796
4.03244e+08 36.2073
4.03635e+08 36.2349
4.04116e+08 36.2625
4.04116e+08 36.2901
4.04116e+08 36.3176
4.04384e+08 36.3451
4.05267e+08 36.3727
4.05882e+08 36.4002
4.0634e+08 36.4276
4.22703e+08 36.4551
4.22714e+08 36.4825
4.22725e+08 36.5099
4.22915e+08 36.5373
4.22994e+08 36.5647
4.23139e+08 36.592
4.23318e+08 36.6194
4.2334e+08 36.6467
4.2334e+08 36.6739
4.2334e+08 36.7012
4.2334e+08 36.7285
4.2334e+08 36.7557
4.23363e+08 36.7829
4.23363e+08 36.8101
4.23441e+08 36.8372
4.23441e+08 36.8644
4.23553e+08 36.8915
4.23631e+08 36.9186
4.23933e+08 36.9457
4.24e+08 36.9728
4.24e+08 36.9998
4.24e+08 37.0269
4.24011e+08 37.0539
4.24011e+08 37.0809
4.24033e+08 37.1078
4.24056e+08 37.1348
4.24246e+08 37.1617
4.24514e+08 37.1886
4.25286e+08 37.2155
4.25543e+08 37.2424
4.25588e+08 37.2692
4.25632e+08 37.296
4.26169e+08 37.3229
4.26761e+08 37.3497
4.27656e+08 37.3764
4.27745e+08 37.4032
4.44633e+08 37.4299
4.44633e+08 37.4566
4.44656e+08 37.4833
4.4479e+08 37.51
4.44946e+08 37.5367
4.45058e+08 37.5633
4.4527e+08 37.5899
4.4527e+08 37.6165
4.45271e+08 37.6431
4.45282e+08 37.6697
4.45282e+08 37.6962
4.45282e+08 37.7228
4.45282e+08 37.7493
4.45293e+08 37.7758
4.45371e+08 37.8022
4.45394e+08 37.8287
4.4555e+08 37.8551
4.45774e+08 37.8815
4.4593e+08 37.9079
4.45941e+08 37.9343
4.45941e+08 37.9607
4.45953e+08 37.987
4.45953e+08 38.0133
4.45953e+08 38.0397
4.45953e+08 38.0659
4.4602e+08 38.0922
4.46042e+08 38.1185
4.46232e+08 38.1447
4.46422e+08 38.1709
4.47276e+08 38.1971
4.47534e+08 38.2233
4.47656e+08 38.2495
4.4769e+08 38.2756
4.48439e+08 38.3017
4.48819e+08 38.3278
4.49769e+08 38.3539
4.50462e+08 38.38
4.67228e+08 38.406
4.67272e+08 38.4321
4.6735e+08 38.4581
4.67351e+08 38.4841
4.67541e+08 38.5101
4.67697e+08 38.5361
4.67831e+08 38.562
4.67854e+08 38.5879
4.67854e+08 38.6139
4.67865e+08 38.6398
4.67865e+08 38.6656
4.67865e+08 38.6915
4.67865e+08 38.7173
4.67876e+08 38.7432
4.68077e+08 38.769
4.68111e+08 38.7948
4.68167e+08 38.8206
4.68379e+08 38.8463
4.68547e+08 38.8721
4.68547e+08 38.8978
4.6858e+08 38.9235
4.68591e+08 38.9492
4.68591e+08 38.9749
4.68592e+08 39.0005
4.68592e+08 39.0262
4.68592e+08 39.0518
4.6867e+08 39.0774
4.6867e+08 39.103
4.68927e+08 39.1285
4.69151e+08 39.1541
4.69911e+08 39.1796
4.70705e+08 39.2052
4.70783e+08 39.2307
4.70783e+08 39.2562
4.71096e+08 39.2816
4.71443e+08 39.3071
4.72404e+08 39.3325
4.7294e+08 39.358
4.90556e+08 39.3834
4.90556e+08 39.4088
4.90634e+08 39.4341
4.90735e+08 39.4595
4.90746e+08 39.4848
4.90914e+08 39.5102
4.91014e+08 39.5355
4.91036e+08 39.5608
4.9107e+08 39.586
4.9107e+08 39.6113
4.9107e+08 39.6366
4.9107e+08 39.6618
4.91081e+08 39.687
4.91193e+08 39.7122
4.91394e+08 39.7374
4.91461e+08 39.7625
4.91562e+08 39.7877
4.91752e+08 39.8128
4.91819e+08 39.8379
4.91819e+08 39.863
4.91819e+08 39.8881
4.91819e+08 39.9132
4.91819e+08 39.9382
4.91819e+08 39.9633
4.91819e+08 39.9883
4.91819e+08 40.0133
4.9183e+08 40.0383
4.91886e+08 40.0633
4.91886e+08 40.0882
4.92199e+08 40.1132
4.92345e+08 40.1381
4.93262e+08 40.163
4.93798e+08 40.1879
4.93899e+08 40.2128
4.93921e+08 40.2377
4.94123e+08 40.2625
4.94816e+08 40.2874
4.95844e+08 40.3122
4.96235e+08 40.337
5.14387e+08 40.3618
5.14432e+08 40.3866
5.14544e+08 40.4113
5.14566e+08 40.4361
5.14566e+08 40.4608
5.1479e+08 40.4855
5.14823e+08 40.5102
5.14857e+08 40.5349
5.14868e+08 40.5596
5.14879e+08 40.5842
5.14879e+08 40.6089
5.14924e+08 40.6335
5.14957e+08 40.6581
5.1508e+08 40.6827
5.15494e+08 40.7073
5.15494e+08 40.7318
5.15505e+08 40.7564
5.15539e+08 40.7809
5.15561e+08 40.8055
5.15572e+08 40.83
5.15583e+08 40.8545
5.15606e+08 40.8789
5.15628e+08 40.9034
5.15639e+08 40.9278
5.15639e+08 40.9523
5.15639e+08 40.9767
5.15639e+08 41.0011
5.15639e+08 41.0255
5.15695e+08 41.0499
5.15729e+08 41.0742
5.15975e+08 41.0986
5.1602e+08 41.1229
5.17179e+08 41.1472
5.17816e+08 41.1715
5.1786e+08 41.1958
5.17939e+08 41.2201
5.18151e+08 41.2443
5.18665e+08 41.2686
5.19481e+08 41.2928
5.19738e+08 41.317
5.38774e+08 41.3412
5.38796e+08 41.3654
5.38964e+08 41.3896
5.39042e+08 41.4138
5.39098e+08 41.4379
5.39176e+08 41.462
5.39187e+08 41.4862
5.39221e+08 41.5103
5.39277e+08 41.5344
5.3931e+08 41.5584
5.39321e+08 41.5825
5.39333e+08 41.6065
5.394e+08 41.6306
5.39757e+08 41.6546
5.39892e+08 41.6786
5.39903e+08 41.7026
5.39959e+08 41.7266
5.39992e+08 41.7505
5.39992e+08 41.7745
5.40015e+08 41.7984
5.40037e+08 41.8224
5.40037e+08 41.8463
5.40037e+08 41.8702
5.40048e+08 41.8941
5.40059e+08 41.9179
5.40115e+08 41.9418
5.40115e+08 41.9656
5.40115e+08 41.9894
5.40115e+08 42.0133
5.40138e+08 42.0371
5.40182e+08 42.0609
5.40339e+08 42.0846
5.40339e+08 42.1084
5.41603e+08 42.1321
5.42397e+08 42.1559
5.42453e+08 42.1796
5.42509e+08 42.2033
5.42732e+08 42.227
5.43157e+08 42.2507
5.43951e+08 42.2743
5.44096e+08 42.298
5.6378e+08 42.3216
5.63813e+08 42.3453
5.64015e+08 42.3689
5.6416e+08 42.3925
5.64182e+08 42.4161
5.64182e+08 42.4397
5.64216e+08 42.4632
5.64283e+08 42.4868
5.64283e+08 42.5103
5.64294e+08 42.5338
5.64328e+08 42.5573
5.64328e+08 42.5808
5.64484e+08 42.6043
5.64764e+08 42.6278
5.64887e+08 42.6513
5.64887e+08 42.6747
5.64898e+08 42.6981
5.64898e+08 42.7216
5.64976e+08 42.745
5.65021e+08 42.7684
5.65032e+08 42.7917
5.65032e+08 42.8151
5.65032e+08 42.8385
5.65032e+08 42.8618
5.65043e+08 42.8851
5.65099e+08 42.9085
5.6511e+08 42.9318
5.6511e+08 42.9551
5.65122e+08 42.9783
5.65122e+08 43.0016
5.65166e+08 43.0249
5.65178e+08 43.0481
5.65233e+08 43.0713
5.65267e+08 43.0945
5.6665e+08 43.1178
5.67343e+08 43.1409
5.67466e+08 43.1641
5.67589e+08 43.1873
5.6788e+08 43.2104
5.6826e+08 43.2336
5.69076e+08 43.2567
5.69132e+08 43.2798
5.89464e+08 43.3029
5.89476e+08 43.326
5.89733e+08 43.3491
5.89744e+08 43.3722
5.89833e+08 43.3952
5.89845e+08 43.4183
5.89845e+08 43.4413
5.89856e+08 43.4643
5.89856e+08 43.4873
5.89867e+08 43.5103
5.89889e+08 43.5333
5.89923e+08 43.5563
5.90146e+08 43.5792
5.90381e+08 43.6022
5.90482e+08 43.6251
5.90504e+08 43.6481
5.90515e+08 43.671
5.90527e+08 43.6939
5.9056e+08 43.7167
5.90594e+08 43.7396
5.90616e+08 43.7625
5.90627e+08 43.7853
5.90627e+08 43.8082
5.90627e+08 43.831
5.90627e+08 43.8538
5.90683e+08 43.8766
5.90694e+08 43.8994
5.90694e+08 43.9222
5.90717e+08 43.945
5.90717e+08 43.9677
5.90717e+08 43.9905
5.90795e+08 44.0132
5.9084e+08 44.0359
5.90851e+08 44.0586
5.90885e+08 44.0813
5.92341e+08 44.104
5.9309e+08 44.1267
5.93224e+08 44.1493
5.93235e+08 44.172
5.9366e+08 44.1946
5.93861e+08 44.2173
5.94767e+08 44.2399
5.94879e+08 44.2625
6.14505e+08 44.2851
6.14505e+08 44.3076
6.14505e+08 44.3302
6.14505e+08 44.3528
6.14505e+08 44.3753
6.14505e+08 44.3979
6.14539e+08 44.4204
6.14595e+08 44.4429
6.14595e+08 44.4654
6.14651e+08 44.4879
6.14651e+08 44.5104
6.14651e+08 44.5328
6.14684e+08 44.5553
6.14684e+08 44.5777
6.14684e+08 44.6002
6.14684e+08 44.6226
6.14684e+08 44.645
6.14684e+08 44.6674
6.14684e+08 44.6898
6.14707e+08 44.7122
6.14707e+08 44.7345
6.14707e+08 44.7569
6.1474e+08 44.7792
6.1474e+08 44.8015
6.1474e+08 44.8239
6.1474e+08 44.8462
6.1474e+08 44.8685
6.1474e+08 44.8908
6.1474e+08 44.913
6.1474e+08 44.9353
6.1474e+08 44.9576
6.1474e+08 44.9798
6.1474e+08 45.002
6.1474e+08 45.0243
6.1474e+08 45.0465
6.1474e+08 45.0687
6.14953e+08 45.0909
6.14953e+08 45.113
6.15053e+08 45.1352
6.15053e+08 45.1574
6.15143e+08 45.1795
6.15177e+08 45.2016
6.15177e+08 45.2238
6.15177e+08 45.2459
6.16185e+08 45.268
6.16185e+08 45.2901
6.16185e+08 45.3121
