4.80427e+06 2
8.4186e+06 2.5
8.41861e+06 2.9
9.81682e+06 3.24483
9.81683e+06 3.55301
1.19588e+07 3.83446
1.19588e+07 4.09525
1.19588e+07 4.33944
1.45082e+07 4.56988
1.45082e+07 4.78871
1.45082e+07 4.99753
1.45642e+07 5.19763
1.66455e+07 5.39003
1.66498e+07 5.57555
1.6671e+07 5.75491
1.68791e+07 5.92867
1.68791e+07 6.09735
1.99766e+07 6.26135
1.99766e+07 6.42106
2.0055e+07 6.5768
2.02904e+07 6.72885
2.02904e+07 6.87746
2.02904e+07 7.02286
2.39022e+07 7.16526
2.39023e+07 7.30482
2.41183e+07 7.44171
2.43756e+07 7.57609
2.43756e+07 7.70809
2.43885e+07 7.83782
2.43886e+07 7.96541
2.81794e+07 8.09095
2.81794e+07 8.21454
2.84256e+07 8.33628
2.8504e+07 8.45624
2.85264e+07 8.57449
2.85487e+07 8.69112
2.85487e+07 8.80618
3.27309e+07 8.91974
3.27309e+07 9.03185
3.27309e+07 9.14257
3.29324e+07 9.25194
3.30443e+07 9.36003
3.30547e+07 9.46687
3.30699e+07 9.5725
3.30811e+07 9.67696
3.79965e+07 9.7803
3.79965e+07 9.88255
3.79965e+07 9.98374
3.79965e+07 10.0839
3.81085e+07 10.1831
3.84602e+07 10.2813
3.84602e+07 10.3785
3.84602e+07 10.4749
3.84602e+07 10.5704
4.36581e+07 10.665
4.36581e+07 10.7587
4.36581e+07 10.8517
4.36581e+07 10.9438
4.36581e+07 11.0352
4.39043e+07 11.1258
4.43405e+07 11.2157
4.43405e+07 11.3049
4.43517e+07 11.3933
4.43517e+07 11.4811
5.00134e+07 11.5682
5.00134e+07 11.6546
5.00135e+07 11.7404
5.00135e+07 11.8256
5.00135e+07 11.9102
5.00135e+07 11.9941
5.04833e+07 12.0775
5.06512e+07 12.1603
5.06959e+07 12.2425
5.07518e+07 12.3242
5.07785e+07 12.4054
5.70469e+07 12.486
5.70469e+07 12.5661
5.70469e+07 12.6456
5.7047e+07 12.7247
5.7047e+07 12.8033
5.7047e+07 12.8814
5.75505e+07 12.959
5.75505e+07 13.0362
5.79195e+07 13.1129
5.79642e+07 13.1892
5.79755e+07 13.265
5.79755e+07 13.3404
6.47421e+07 13.4153
6.47421e+07 13.4899
6.47533e+07 13.564
6.48875e+07 13.6377
6.48875e+07 13.7111
6.48988e+07 13.784
6.52345e+07 13.8566
6.52345e+07 13.9287
6.52457e+07 14.0005
6.53799e+07 14.0719
6.54246e+07 14.143
6.54918e+07 14.2137
6.5626e+07 14.2841
7.29389e+07 14.3541
7.29501e+07 14.4237
7.29501e+07 14.4931
7.30731e+07 14.5621
7.30955e+07 14.6307
7.32633e+07 14.6991
7.35431e+07 14.7671
7.35431e+07 14.8348
7.35431e+07 14.9022
7.35432e+07 14.9694
7.35767e+07 15.0362
7.35767e+07 15.1027
7.37893e+07 15.1689
7.37893e+07 15.2348
8.1926e+07 15.3004
8.19931e+07 15.3658
8.20267e+07 15.4309
8.21722e+07 15.4957
8.21834e+07 15.5602
8.23623e+07 15.6245
8.27204e+07 15.6885
8.2754e+07 15.7522
8.2754e+07 15.8157
8.2754e+07 15.8789
8.2754e+07 15.9419
8.2754e+07 16.0046
8.2754e+07 16.0671
8.28436e+07 16.1294
8.28548e+07 16.1914
9.1221e+07 16.2531
9.13328e+07 16.3146
9.13664e+07 16.3759
9.14449e+07 16.437
9.14449e+07 16.4978
9.16015e+07 16.5585
9.20378e+07 16.6189
9.20603e+07 16.679
9.20938e+07 16.739
9.20938e+07 16.7987
9.21498e+07 16.8582
9.21498e+07 16.9176
9.21498e+07 16.9767
9.21498e+07 17.0356
9.21723e+07 17.0943
9.21947e+07 17.1528
1.01024e+08 17.2111
1.01236e+08 17.2692
1.01348e+08 17.3271
1.01706e+08 17.3848
1.01751e+08 17.4423
1.01851e+08 17.4997
1.02198e+08 17.5568
1.0231e+08 17.6138
1.0231e+08 17.6705
1.0231e+08 17.7271
1.0231e+08 17.7835
1.0231e+08 17.8398
1.0231e+08 17.8958
1.0231e+08 17.9517
1.0231e+08 18.0074
1.02389e+08 18.0629
1.02389e+08 18.1183
1.11697e+08 18.1735
1.11887e+08 18.2285
1.11988e+08 18.2834
1.12212e+08 18.3381
1.12223e+08 18.3926
1.12357e+08 18.447
1.1285e+08 18.5012
1.12906e+08 18.5552
1.12917e+08 18.6091
1.12917e+08 18.6629
1.12928e+08 18.7164
1.12928e+08 18.7699
1.12962e+08 18.8231
1.12962e+08 18.8763
1.12962e+08 18.9293
1.12962e+08 18.9821
1.13085e+08 19.0348
1.13085e+08 19.0873
1.23004e+08 19.1397
1.23037e+08 19.1919
1.23149e+08 19.244
1.23429e+08 19.296
1.23473e+08 19.3478
1.23652e+08 19.3995
1.24122e+08 19.4511
1.24156e+08 19.5025
1.24156e+08 19.5537
1.24156e+08 19.6049
1.2419e+08 19.6559
1.2419e+08 19.7068
1.2429e+08 19.7575
1.2429e+08 19.8081
1.24313e+08 19.8586
1.24313e+08 19.909
1.24324e+08 19.9592
1.24324e+08 20.0093
1.24324e+08 20.0593
1.34746e+08 20.1091
1.34824e+08 20.1589
1.34925e+08 20.2085
1.35204e+08 20.2579
1.35204e+08 20.3073
1.35238e+08 20.3566
1.35809e+08 20.4057
1.35932e+08 20.4547
1.35966e+08 20.5036
1.35966e+08 20.5523
1.35966e+08 20.601
1.35977e+08 20.6495
1.36022e+08 20.698
1.36022e+08 20.7463
1.36022e+08 20.7945
1.36022e+08 20.8426
1.36055e+08 20.8906
1.36078e+08 20.9384
1.36089e+08 20.9862
1.361e+08 21.0338
1.47058e+08 21.0814
1.47159e+08 21.1288
1.47271e+08 21.1761
1.47517e+08 21.2234
1.47517e+08 21.2705
1.47673e+08 21.3175
1.48233e+08 21.3644
1.48401e+08 21.4112
1.48412e+08 21.4579
1.48423e+08 21.5045
1.48435e+08 21.551
1.48435e+08 21.5974
1.48535e+08 21.6437
1.48535e+08 21.6899
1.48535e+08 21.736
1.48535e+08 21.782
1.48535e+08 21.8279
1.48547e+08 21.8738
1.48547e+08 21.9195
1.48547e+08 21.9651
1.48547e+08 22.0106
1.60047e+08 22.0561
1.60126e+08 22.1014
1.60316e+08 22.1466
1.60483e+08 22.1918
1.60483e+08 22.2369
1.60562e+08 22.2818
1.61189e+08 22.3267
1.61401e+08 22.3715
1.6148e+08 22.4162
1.6148e+08 22.4608
1.6148e+08 22.5053
1.6148e+08 22.5498
1.61491e+08 22.5941
1.61491e+08 22.6384
1.61491e+08 22.6825
1.61502e+08 22.7266
1.61502e+08 22.7706
1.61502e+08 22.8145
1.61502e+08 22.8584
1.61547e+08 22.9021
1.61547e+08 22.9458
1.61547e+08 22.9894
1.73165e+08 23.0329
1.73221e+08 23.0763
1.73367e+08 23.1196
1.73512e+08 23.1629
1.73512e+08 23.206
1.73568e+08 23.2491
1.74306e+08 23.2921
1.74598e+08 23.3351
1.74676e+08 23.3779
1.74676e+08 23.4207
1.74676e+08 23.4634
1.74676e+08 23.506
1.74676e+08 23.5486
1.74676e+08 23.591
1.74676e+08 23.6334
1.74676e+08 23.6757
1.74676e+08 23.718
1.74676e+08 23.7601
1.74676e+08 23.8022
1.74699e+08 23.8442
1.74721e+08 23.8862
1.74732e+08 23.928
1.86625e+08 23.9698
1.86692e+08 24.0116
1.86804e+08 24.0532
1.86938e+08 24.0948
1.87039e+08 24.1363
1.87039e+08 24.1777
1.87084e+08 24.2191
1.87778e+08 24.2604
1.88125e+08 24.3016
1.88214e+08 24.3427
1.88214e+08 24.3838
1.88214e+08 24.4248
1.88214e+08 24.4658
1.88248e+08 24.5066
1.88248e+08 24.5474
1.88248e+08 24.5882
1.88248e+08 24.6288
1.88248e+08 24.6694
1.88248e+08 24.71
1.88248e+08 24.7505
1.88259e+08 24.7909
1.88259e+08 24.8312
1.88282e+08 24.8715
2.01006e+08 24.9117
2.01017e+08 24.9518
2.01028e+08 24.9919
2.01084e+08 25.0319
2.01162e+08 25.0719
2.01442e+08 25.1117
2.01442e+08 25.1516
2.01453e+08 25.1913
2.02002e+08 25.231
2.02349e+08 25.2707
2.02461e+08 25.3102
2.02461e+08 25.3497
2.02461e+08 25.3892
2.02461e+08 25.4286
2.02461e+08 25.4679
2.02461e+08 25.5072
2.02461e+08 25.5464
2.02461e+08 25.5855
2.02472e+08 25.6246
2.02472e+08 25.6636
2.02484e+08 25.7026
2.02484e+08 25.7415
2.02484e+08 25.7803
2.02495e+08 25.8191
2.15922e+08 25.8579
2.15922e+08 25.8965
2.1599e+08 25.9351
2.16023e+08 25.9737
2.16023e+08 26.0122
2.16191e+08 26.0506
2.16303e+08 26.089
2.16303e+08 26.1274
2.16325e+08 26.1656
2.16885e+08 26.2039
2.17232e+08 26.242
2.17367e+08 26.2801
2.17367e+08 26.3182
2.17367e+08 26.3562
2.17378e+08 26.3941
2.17378e+08 26.432
2.17378e+08 26.4698
2.17378e+08 26.5076
2.17378e+08 26.5453
2.17378e+08 26.583
2.17378e+08 26.6206
2.17378e+08 26.6582
2.17378e+08 26.6957
2.17378e+08 26.7332
2.17411e+08 26.7706
2.31411e+08 26.8079
2.31411e+08 26.8452
2.31467e+08 26.8825
2.31523e+08 26.9197
2.31568e+08 26.9568
2.31568e+08 26.9939
2.31601e+08 27.031
2.31724e+08 27.068
2.31736e+08 27.1049
2.31758e+08 27.1418
2.32284e+08 27.1786
2.3271e+08 27.2154
2.32811e+08 27.2522
2.32811e+08 27.2889
2.32811e+08 27.3255
2.32811e+08 27.3621
2.32811e+08 27.3987
2.32822e+08 27.4352
2.32822e+08 27.4716
2.32822e+08 27.508
2.32822e+08 27.5444
2.32822e+08 27.5807
2.32822e+08 27.6169
2.32822e+08 27.6531
2.32822e+08 27.6893
2.32855e+08 27.7254
2.47503e+08 27.7615
2.47503e+08 27.7975
2.47515e+08 27.8335
2.47515e+08 27.8694
2.47526e+08 27.9053
2.47526e+08 27.9411
2.47649e+08 27.9769
2.47649e+08 28.0127
2.4775e+08 28.0484
2.4775e+08 28.084
2.47761e+08 28.1196
2.48298e+08 28.1552
2.48825e+08 28.1907
2.48847e+08 28.2262
2.48847e+08 28.2616
2.48847e+08 28.297
2.48847e+08 28.3323
2.48847e+08 28.3676
2.48847e+08 28.4029
2.48847e+08 28.4381
2.48847e+08 28.4732
2.48847e+08 28.5084
2.4887e+08 28.5434
2.48881e+08 28.5785
2.48881e+08 28.6135
2.48881e+08 28.6484
2.48903e+08 28.6833
2.64067e+08 28.7182
2.64067e+08 28.753
2.641e+08 28.7878
2.64112e+08 28.8225
2.64134e+08 28.8572
2.64156e+08 28.8919
2.64246e+08 28.9265
2.64291e+08 28.961
2.64291e+08 28.9956
2.64391e+08 29.0301
2.64391e+08 29.0645
2.64392e+08 29.0989
2.64918e+08 29.1333
2.65466e+08 29.1676
2.65534e+08 29.2019
2.65534e+08 29.2361
2.65534e+08 29.2703
2.65534e+08 29.3045
2.65534e+08 29.3386
2.65534e+08 29.3727
2.65534e+08 29.4068
2.65534e+08 29.4408
2.65534e+08 29.4747
2.65534e+08 29.5087
2.65534e+08 29.5425
2.65534e+08 29.5764
2.65534e+08 29.6102
2.65534e+08 29.644
2.81277e+08 29.6777
2.81288e+08 29.7114
2.8131e+08 29.7451
2.81366e+08 29.7787
2.81366e+08 29.8123
2.81366e+08 29.8458
2.81444e+08 29.8793
2.81512e+08 29.9128
2.81512e+08 29.9462
2.81568e+08 29.9796
2.81568e+08 30.013
2.81568e+08 30.0463
2.81568e+08 30.0796
2.82172e+08 30.1128
2.82643e+08 30.146
2.82777e+08 30.1792
2.82777e+08 30.2123
2.82777e+08 30.2454
2.82777e+08 30.2785
2.82777e+08 30.3115
2.82777e+08 30.3445
2.82777e+08 30.3775
2.82777e+08 30.4104
2.82777e+08 30.4433
2.82777e+08 30.4761
2.82777e+08 30.5089
2.82777e+08 30.5417
2.82777e+08 30.5744
2.82799e+08 30.6071
2.99058e+08 30.6398
2.99069e+08 30.6725
2.9908e+08 30.7051
2.99114e+08 30.7376
2.99159e+08 30.7702
2.99159e+08 30.8027
2.99237e+08 30.8351
2.99282e+08 30.8676
2.99293e+08 30.9
2.99315e+08 30.9323
2.99315e+08 30.9646
2.99338e+08 30.9969
2.99338e+08 31.0292
2.99338e+08 31.0614
2.99987e+08 31.0936
3.00435e+08 31.1258
3.00536e+08 31.1579
3.00536e+08 31.19
3.00536e+08 31.2221
3.00536e+08 31.2541
3.00536e+08 31.2861
3.00547e+08 31.3181
3.00603e+08 31.35
3.00603e+08 31.3819
3.00603e+08 31.4137
3.00603e+08 31.4456
3.00603e+08 31.4774
3.00603e+08 31.5092
3.00603e+08 31.5409
3.00603e+08 31.5726
3.17376e+08 31.6043
3.17398e+08 31.6359
3.17421e+08 31.6675
3.17465e+08 31.6991
3.17477e+08 31.7306
3.17477e+08 31.7622
3.17577e+08 31.7936
3.176e+08 31.8251
3.17611e+08 31.8565
3.17656e+08 31.8879
3.17656e+08 31.9193
3.17678e+08 31.9506
3.17689e+08 31.9819
3.17701e+08 32.0132
3.17701e+08 32.0444
3.1835e+08 32.0756
3.18876e+08 32.1068
3.18888e+08 32.1379
3.1891e+08 32.169
3.18921e+08 32.2001
3.18921e+08 32.2312
3.18932e+08 32.2622
3.18932e+08 32.2932
3.18932e+08 32.3242
3.18999e+08 32.3551
3.18999e+08 32.386
3.19e+08 32.4169
3.19e+08 32.4477
3.19e+08 32.4786
3.19e+08 32.5094
3.19056e+08 32.5401
3.36242e+08 32.5708
3.36242e+08 32.6015
3.36276e+08 32.6322
3.36298e+08 32.6629
3.36298e+08 32.6935
3.36298e+08 32.7241
3.36455e+08 32.7546
3.36477e+08 32.7852
3.36511e+08 32.8157
3.36578e+08 32.8461
3.36578e+08 32.8766
3.36589e+08 32.907
3.36589e+08 32.9374
3.36589e+08 32.9677
3.366e+08 32.9981
3.366e+08 33.0284
3.37261e+08 33.0587
3.37799e+08 33.0889
3.37821e+08 33.1191
3.37854e+08 33.1493
3.37866e+08 33.1795
3.37888e+08 33.2096
3.37888e+08 33.2397
3.37922e+08 33.2698
3.37922e+08 33.2999
3.37933e+08 33.3299
3.37933e+08 33.3599
3.37944e+08 33.3899
3.37944e+08 33.4198
3.37944e+08 33.4498
3.37944e+08 33.4797
3.38235e+08 33.5095
3.55543e+08 33.5394
3.55554e+08 33.5692
3.55565e+08 33.599
3.55588e+08 33.6287
3.55644e+08 33.6585
3.55644e+08 33.6882
3.557e+08 33.7179
3.55845e+08 33.7475
3.55868e+08 33.7772
3.55912e+08 33.8068
3.55923e+08 33.8363
3.55968e+08 33.8659
3.55968e+08 33.8954
3.55968e+08 33.9249
3.55968e+08 33.9544
3.55968e+08 33.9839
3.55968e+08 34.0133
3.56718e+08 34.0427
3.57211e+08 34.0721
3.57211e+08 34.1014
3.57222e+08 34.1307
3.57222e+08 34.16
3.57222e+08 34.1893
3.57222e+08 34.2185
3.57256e+08 34.2478
3.57256e+08 34.277
3.57256e+08 34.3061
3.57256e+08 34.3353
3.57301e+08 34.3644
3.57323e+08 34.3935
3.57435e+08 34.4226
3.57457e+08 34.4516
3.57714e+08 34.4807
3.75471e+08 34.5097
3.75471e+08 34.5387
3.75482e+08 34.5676
3.75505e+08 34.5965
3.75505e+08 34.6254
3.75505e+08 34.6543
3.75628e+08 34.6832
3.75684e+08 34.712
3.75762e+08 34.7408
3.75852e+08 34.7696
3.75852e+08 34.7984
3.75852e+08 34.8271
3.75852e+08 34.8558
3.75897e+08 34.8845
3.75897e+08 34.9132
3.75897e+08 34.9418
3.75897e+08 34.9704
3.75897e+08 34.999
3.76725e+08 35.0276
3.77229e+08 35.0561
3.77229e+08 35.0847
3.7724e+08 35.1132
3.7724e+08 35.1417
3.7724e+08 35.1701
3.7724e+08 35.1985
3.7724e+08 35.227
3.7724e+08 35.2553
3.7724e+08 35.2837
3.7724e+08 35.312
3.77285e+08 35.3404
3.77307e+08 35.3687
3.77352e+08 35.3969
3.77352e+08 35.4252
3.77743e+08 35.4534
3.95947e+08 35.4816
3.95948e+08 35.5098
3.9597e+08 35.538
3.96037e+08 35.5661
3.96071e+08 35.5942
3.96071e+08 35.6223
3.96138e+08 35.6504
3.96227e+08 35.6784
3.96339e+08 35.7065
3.96395e+08 35.7345
3.96395e+08 35.7625
3.96429e+08 35.7904
3.96429e+08 35.8184
3.9644e+08 35.8463
3.9644e+08 35.8742
3.9644e+08 35.902
3.9644e+08 35.9299
3.96451e+08 35.9577
3.97324e+08 35.9855
3.97324e+08 36.0133
3.97851e+08 36.0411
3.97851e+08 36.0688
3.97862e+08 36.0966
3.97862e+08 36.1243
3.97862e+08 36.152
3.97862e+08 36.1796
3.97862e+08 36.2073
3.97862e+08 36.2349
3.97862e+08 36.2625
3.97862e+08 36.2901
3.97862e+08 36.3176
3.97862e+08 36.3451
3.97929e+08 36.3727
3.97929e+08 36.4002
3.98209e+08 36.4276
4.17054e+08 36.4551
4.17054e+08 36.4825
4.17054e+08 36.5099
4.17087e+08 36.5373
4.17143e+08 36.5647
4.17143e+08 36.592
4.17311e+08 36.6194
4.17423e+08 36.6467
4.17513e+08 36.6739
4.17625e+08 36.7012
4.17647e+08 36.7285
4.17736e+08 36.7557
4.17759e+08 36.7829
4.17803e+08 36.8101
4.17803e+08 36.8372
4.17837e+08 36.8644
4.17837e+08 36.8915
4.17848e+08 36.9186
4.18453e+08 36.9457
4.18453e+08 36.9728
4.18453e+08 36.9998
4.19069e+08 37.0269
4.19113e+08 37.0539
4.19147e+08 37.0809
4.19147e+08 37.1078
4.19158e+08 37.1348
4.19169e+08 37.1617
4.19169e+08 37.1886
4.19169e+08 37.2155
4.19169e+08 37.2424
4.19169e+08 37.2692
4.19169e+08 37.296
4.19169e+08 37.3229
4.19181e+08 37.3497
4.19181e+08 37.3764
4.19371e+08 37.4032
4.38834e+08 37.4299
4.38834e+08 37.4566
4.38868e+08 37.4833
4.38902e+08 37.51
4.38924e+08 37.5367
4.38924e+08 37.5633
4.39137e+08 37.5899
4.39204e+08 37.6165
4.39271e+08 37.6431
4.39383e+08 37.6697
4.39383e+08 37.6962
4.39383e+08 37.7228
4.3954e+08 37.7493
4.3964e+08 37.7758
4.3964e+08 37.8022
4.3964e+08 37.8287
4.3964e+08 37.8551
4.3964e+08 37.8815
4.40189e+08 37.9079
4.40189e+08 37.9343
4.40189e+08 37.9607
4.40984e+08 37.987
4.40984e+08 38.0133
4.41062e+08 38.0397
4.41062e+08 38.0659
4.41084e+08 38.0922
4.41084e+08 38.1185
4.41107e+08 38.1447
4.41107e+08 38.1709
4.41107e+08 38.1971
4.41107e+08 38.2233
4.41107e+08 38.2495
4.41107e+08 38.2756
4.41107e+08 38.3017
4.41107e+08 38.3278
4.41107e+08 38.3539
4.41252e+08 38.38
4.61292e+08 38.406
4.61292e+08 38.4321
4.61292e+08 38.4581
4.61292e+08 38.4841
4.61326e+08 38.5101
4.61337e+08 38.5361
4.61617e+08 38.562
4.61617e+08 38.5879
4.61661e+08 38.6139
4.61695e+08 38.6398
4.61695e+08 38.6656
4.61729e+08 38.6915
4.61796e+08 38.7173
4.61908e+08 38.7432
4.61919e+08 38.769
4.61952e+08 38.7948
4.61952e+08 38.8206
4.61964e+08 38.8463
4.62557e+08 38.8721
4.62557e+08 38.8978
4.6258e+08 38.9235
4.63575e+08 38.9492
4.63575e+08 38.9749
4.63575e+08 39.0005
4.63575e+08 39.0262
4.63575e+08 39.0518
4.63642e+08 39.0774
4.63642e+08 39.103
4.63654e+08 39.1285
4.63654e+08 39.1541
4.63654e+08 39.1796
4.63654e+08 39.2052
4.63654e+08 39.2307
4.63654e+08 39.2562
4.63654e+08 39.2816
4.63665e+08 39.3071
4.63665e+08 39.3325
4.63732e+08 39.358
4.84296e+08 39.3834
4.84296e+08 39.4088
4.84296e+08 39.4341
4.84296e+08 39.4595
4.8433e+08 39.4848
4.84419e+08 39.5102
4.84699e+08 39.5355
4.84721e+08 39.5608
4.84766e+08 39.586
4.84766e+08 39.6113
4.84777e+08 39.6366
4.84777e+08 39.6618
4.84777e+08 39.687
4.84923e+08 39.7122
4.84956e+08 39.7374
4.84979e+08 39.7625
4.84979e+08 39.7877
4.8499e+08 39.8128
4.85584e+08 39.8379
4.85584e+08 39.863
4.85584e+08 39.8881
4.8659e+08 39.9132
4.8659e+08 39.9382
4.86591e+08 39.9633
4.86591e+08 39.9883
4.86602e+08 40.0133
4.86602e+08 40.0383
4.86613e+08 40.0633
4.86613e+08 40.0882
4.86624e+08 40.1132
4.86624e+08 40.1381
4.86736e+08 40.163
4.86781e+08 40.1879
4.86781e+08 40.2128
4.86781e+08 40.2377
4.86792e+08 40.2625
4.86803e+08 40.2874
4.86814e+08 40.3122
4.86926e+08 40.337
5.07911e+08 40.3618
5.07911e+08 40.3866
5.07911e+08 40.4113
5.07911e+08 40.4361
5.07934e+08 40.4608
5.08113e+08 40.4855
5.08337e+08 40.5102
5.08404e+08 40.5349
5.08415e+08 40.5596
5.08415e+08 40.5842
5.08415e+08 40.6089
5.08426e+08 40.6335
5.08437e+08 40.6581
5.08661e+08 40.6827
5.08695e+08 40.7073
5.08717e+08 40.7318
5.08717e+08 40.7564
5.08717e+08 40.7809
5.09277e+08 40.8055
5.09277e+08 40.83
5.09277e+08 40.8545
5.10351e+08 40.8789
5.10351e+08 40.9034
5.10351e+08 40.9278
5.10351e+08 40.9523
5.10374e+08 40.9767
5.10374e+08 41.0011
5.10374e+08 41.0255
5.10374e+08 41.0499
5.10374e+08 41.0742
5.10374e+08 41.0986
5.10374e+08 41.1229
5.10374e+08 41.1472
5.10463e+08 41.1715
5.10463e+08 41.1958
5.10463e+08 41.2201
5.10463e+08 41.2443
5.10486e+08 41.2686
5.10497e+08 41.2928
5.10564e+08 41.317
5.32128e+08 41.3412
5.32139e+08 41.3654
5.3215e+08 41.3896
5.3215e+08 41.4138
5.32184e+08 41.4379
5.32374e+08 41.462
5.32598e+08 41.4862
5.32632e+08 41.5103
5.32643e+08 41.5344
5.32643e+08 41.5584
5.32643e+08 41.5825
5.32643e+08 41.6065
5.32688e+08 41.6306
5.32945e+08 41.6546
5.32945e+08 41.6786
5.33034e+08 41.7026
5.33068e+08 41.7266
5.33068e+08 41.7505
5.3355e+08 41.7745
5.3355e+08 41.7984
5.3355e+08 41.8224
5.34613e+08 41.8463
5.34613e+08 41.8702
5.34613e+08 41.8941
5.34613e+08 41.9179
5.34613e+08 41.9418
5.34613e+08 41.9656
5.34613e+08 41.9894
5.34624e+08 42.0133
5.34635e+08 42.0371
5.34635e+08 42.0609
5.34635e+08 42.0846
5.34635e+08 42.1084
5.34635e+08 42.1321
5.34725e+08 42.1559
5.34725e+08 42.1796
5.34725e+08 42.2033
5.34725e+08 42.227
5.3477e+08 42.2507
5.34803e+08 42.2743
5.34837e+08 42.298
5.56809e+08 42.3216
5.56854e+08 42.3453
5.56854e+08 42.3689
5.56854e+08 42.3925
5.56966e+08 42.4161
5.57123e+08 42.4397
5.57335e+08 42.4632
5.57414e+08 42.4868
5.57458e+08 42.5103
5.57458e+08 42.5338
5.5747e+08 42.5573
5.57481e+08 42.5808
5.57682e+08 42.6043
5.57861e+08 42.6278
5.57861e+08 42.6513
5.57861e+08 42.6747
5.57861e+08 42.6981
5.57861e+08 42.7216
5.5841e+08 42.745
5.5841e+08 42.7684
5.58422e+08 42.7917
5.59395e+08 42.8151
5.59395e+08 42.8385
5.59395e+08 42.8618
5.59406e+08 42.8851
5.59406e+08 42.9085
5.59406e+08 42.9318
5.59406e+08 42.9551
5.59406e+08 42.9783
5.59406e+08 43.0016
5.59417e+08 43.0249
5.59417e+08 43.0481
5.59417e+08 43.0713
5.59417e+08 43.0945
5.59417e+08 43.1178
5.59496e+08 43.1409
5.59496e+08 43.1641
5.59496e+08 43.1873
5.59496e+08 43.2104
5.59496e+08 43.2336
5.59574e+08 43.2567
5.5963e+08 43.2798
5.82107e+08 43.3029
5.82141e+08 43.326
5.82141e+08 43.3491
5.82141e+08 43.3722
5.82208e+08 43.3952
5.82387e+08 43.4183
5.82544e+08 43.4413
5.82723e+08 43.4643
5.82835e+08 43.4873
5.82835e+08 43.5103
5.82846e+08 43.5333
5.82902e+08 43.5563
5.83092e+08 43.5792
5.83137e+08 43.6022
5.83148e+08 43.6251
5.83148e+08 43.6481
5.83148e+08 43.671
5.83159e+08 43.6939
5.83798e+08 43.7167
5.8382e+08 43.7396
5.8382e+08 43.7625
5.84816e+08 43.7853
5.84816e+08 43.8082
5.84816e+08 43.831
5.84827e+08 43.8538
5.84827e+08 43.8766
5.84827e+08 43.8994
5.84827e+08 43.9222
5.84827e+08 43.945
5.84827e+08 43.9677
5.84827e+08 43.9905
5.84827e+08 44.0132
5.84827e+08 44.0359
5.84827e+08 44.0586
5.84827e+08 44.0813
5.84827e+08 44.104
5.8485e+08 44.1267
5.8485e+08 44.1493
5.8485e+08 44.172
5.8485e+08 44.1946
5.8485e+08 44.2173
5.84928e+08 44.2399
5.8495e+08 44.2625
6.08029e+08 44.2851
6.08029e+08 44.3076
6.08051e+08 44.3302
6.08085e+08 44.3528
6.08208e+08 44.3753
6.0832e+08 44.3979
6.08398e+08 44.4204
6.08566e+08 44.4429
6.08856e+08 44.4654
6.08856e+08 44.4879
6.08856e+08 44.5104
6.08991e+08 44.5328
6.09125e+08 44.5553
6.09125e+08 44.5777
6.09125e+08 44.6002
6.09136e+08 44.6226
6.09192e+08 44.645
6.09203e+08 44.6674
6.09842e+08 44.6898
6.0992e+08 44.7122
6.09931e+08 44.7345
6.1086e+08 44.7569
6.1086e+08 44.7792
6.1086e+08 44.8015
6.1086e+08 44.8239
6.1086e+08 44.8462
6.1086e+08 44.8685
6.1086e+08 44.8908
6.1086e+08 44.913
6.1086e+08 44.9353
6.1086e+08 44.9576
6.1086e+08 44.9798
6.1086e+08 45.002
6.1086e+08 45.0243
6.1086e+08 45.0465
6.1086e+08 45.0687
6.1086e+08 45.0909
6.1086e+08 45.113
6.1086e+08 45.1352
6.1086e+08 45.1574
6.10871e+08 45.1795
6.10871e+08 45.2016
6.10894e+08 45.2238
6.10905e+08 45.2459
6.14186e+08 45.268
6.1422e+08 45.2901
6.14253e+08 45.3121
