4.8479e+06 2
8.37332e+06 2.5
8.37333e+06 2.9
9.58682e+06 3.24483
9.60918e+06 3.55301
1.21459e+07 3.83446
1.21459e+07 4.09525
1.2146e+07 4.33944
1.51874e+07 4.56988
1.52097e+07 4.78871
1.52097e+07 4.99753
1.52657e+07 5.19763
1.8788e+07 5.39003
1.8788e+07 5.57555
1.8788e+07 5.75491
1.8788e+07 5.92867
1.88998e+07 6.09735
2.24261e+07 6.26135
2.24485e+07 6.42106
2.25379e+07 6.5768
2.2605e+07 6.72885
2.28622e+07 6.87746
2.29628e+07 7.02286
2.69758e+07 7.16526
2.70205e+07 7.30482
2.70876e+07 7.44171
2.71659e+07 7.57609
2.73e+07 7.70809
2.73e+07 7.83782
2.73001e+07 7.96541
3.12274e+07 8.09095
3.13057e+07 8.21454
3.14065e+07 8.33628
3.14624e+07 8.45624
3.15183e+07 8.57449
3.15742e+07 8.69112
3.15742e+07 8.80618
3.5553e+07 8.91974
3.5553e+07 9.03185
3.59107e+07 9.14257
3.63916e+07 9.25194
3.64027e+07 9.36003
3.64587e+07 9.46687
3.6481e+07 9.5725
3.64811e+07 9.67696
4.11873e+07 9.7803
4.11873e+07 9.88255
4.12879e+07 9.98374
4.14445e+07 10.0839
4.20929e+07 10.1831
4.21152e+07 10.2813
4.21712e+07 10.3785
4.21824e+07 10.4749
4.22495e+07 10.5704
4.74649e+07 10.665
4.74649e+07 10.7587
4.74873e+07 10.8517
4.7711e+07 10.9438
4.77445e+07 11.0352
4.80911e+07 11.1258
4.80911e+07 11.2157
4.82141e+07 11.3049
4.83148e+07 11.3933
4.83371e+07 11.4811
5.42196e+07 11.5682
5.42307e+07 11.6546
5.4309e+07 11.7404
5.46556e+07 11.8256
5.46891e+07 11.9102
5.46891e+07 11.9941
5.49798e+07 12.0775
5.49798e+07 12.1603
5.50021e+07 12.2425
5.51699e+07 12.3242
5.51699e+07 12.4054
6.15555e+07 12.486
6.1589e+07 12.5661
6.16114e+07 12.6456
6.18014e+07 12.7247
6.18014e+07 12.8033
6.18014e+07 12.8814
6.19132e+07 12.959
6.19356e+07 13.0362
6.20362e+07 13.1129
6.2461e+07 13.1892
6.27183e+07 13.265
6.27518e+07 13.3404
7.01102e+07 13.4153
7.01214e+07 13.4899
7.01326e+07 13.564
7.03897e+07 13.6377
7.03897e+07 13.7111
7.03897e+07 13.784
7.04121e+07 13.8566
7.04121e+07 13.9287
7.04569e+07 14.0005
7.04792e+07 14.0719
7.04905e+07 14.143
7.06135e+07 14.2137
7.07365e+07 14.2841
7.77821e+07 14.3541
7.77821e+07 14.4237
7.78269e+07 14.4931
7.83522e+07 14.5621
7.83969e+07 14.6307
7.84305e+07 14.6991
7.84305e+07 14.7671
7.85087e+07 14.8348
7.85647e+07 14.9022
7.85647e+07 14.9694
7.87323e+07 15.0362
7.90453e+07 15.1027
7.9392e+07 15.1689
7.96492e+07 15.2348
8.80029e+07 15.3004
8.80029e+07 15.3658
8.80589e+07 15.4309
8.8193e+07 15.4957
8.8193e+07 15.5602
8.8193e+07 15.6245
8.82042e+07 15.6885
8.82154e+07 15.7522
8.82266e+07 15.8157
8.82266e+07 15.8789
8.82266e+07 15.9419
8.82266e+07 16.0046
8.83272e+07 16.0671
8.84726e+07 16.1294
8.87521e+07 16.1914
9.73074e+07 16.2531
9.73409e+07 16.3146
9.76092e+07 16.3759
9.76539e+07 16.437
9.76539e+07 16.4978
9.76651e+07 16.5585
9.76986e+07 16.6189
9.76986e+07 16.679
9.76986e+07 16.739
9.7721e+07 16.7987
9.7721e+07 16.8582
9.7721e+07 16.9176
9.7721e+07 16.9767
9.77769e+07 17.0356
9.847e+07 17.0943
9.86601e+07 17.1528
1.08166e+08 17.2111
1.08222e+08 17.2692
1.08266e+08 17.3271
1.08278e+08 17.3848
1.08278e+08 17.4423
1.08278e+08 17.4997
1.08278e+08 17.5568
1.083e+08 17.6138
1.083e+08 17.6705
1.08367e+08 17.7271
1.08378e+08 17.7835
1.08378e+08 17.8398
1.08378e+08 17.8958
1.08378e+08 17.9517
1.08378e+08 18.0074
1.08624e+08 18.0629
1.08814e+08 18.1183
1.18712e+08 18.1735
1.1879e+08 18.2285
1.18801e+08 18.2834
1.18857e+08 18.3381
1.18913e+08 18.3926
1.18913e+08 18.447
1.18946e+08 18.5012
1.18946e+08 18.5552
1.18946e+08 18.6091
1.18991e+08 18.6629
1.19058e+08 18.7164
1.19092e+08 18.7699
1.19092e+08 18.8231
1.19092e+08 18.8763
1.1917e+08 18.9293
1.1917e+08 18.9821
1.19572e+08 19.0348
1.1983e+08 19.0873
1.30677e+08 19.1397
1.30677e+08 19.1919
1.30677e+08 19.244
1.30677e+08 19.296
1.30677e+08 19.3478
1.30677e+08 19.3995
1.30756e+08 19.4511
1.30756e+08 19.5025
1.30756e+08 19.5537
1.30756e+08 19.6049
1.30756e+08 19.6559
1.30756e+08 19.7068
1.30756e+08 19.7575
1.30756e+08 19.8081
1.30756e+08 19.8586
1.30756e+08 19.909
1.30946e+08 19.9592
1.30979e+08 20.0093
1.31147e+08 20.0593
1.42173e+08 20.1091
1.42363e+08 20.1589
1.42363e+08 20.2085
1.42408e+08 20.2579
1.42542e+08 20.3073
1.42542e+08 20.3566
1.42721e+08 20.4057
1.42755e+08 20.4547
1.42755e+08 20.5036
1.42777e+08 20.5523
1.42788e+08 20.601
1.42788e+08 20.6495
1.42788e+08 20.698
1.42788e+08 20.7463
1.42788e+08 20.7945
1.42822e+08 20.8426
1.43045e+08 20.8906
1.4318e+08 20.9384
1.43202e+08 20.9862
1.4366e+08 21.0338
1.55626e+08 21.0814
1.55627e+08 21.1288
1.55627e+08 21.1761
1.55627e+08 21.2234
1.55627e+08 21.2705
1.55627e+08 21.3175
1.55627e+08 21.3644
1.55649e+08 21.4112
1.55649e+08 21.4579
1.55694e+08 21.5045
1.55694e+08 21.551
1.55694e+08 21.5974
1.55716e+08 21.6437
1.55716e+08 21.6899
1.55716e+08 21.736
1.55727e+08 21.782
1.55794e+08 21.8279
1.55861e+08 21.8738
1.55973e+08 21.9195
1.56253e+08 21.9651
1.56297e+08 22.0106
1.68643e+08 22.0561
1.68654e+08 22.1014
1.68654e+08 22.1466
1.68654e+08 22.1918
1.68654e+08 22.2369
1.68654e+08 22.2818
1.68655e+08 22.3267
1.68744e+08 22.3715
1.68744e+08 22.4162
1.68744e+08 22.4608
1.68744e+08 22.5053
1.68744e+08 22.5498
1.68778e+08 22.5941
1.68789e+08 22.6384
1.68789e+08 22.6825
1.688e+08 22.7266
1.68845e+08 22.7706
1.69024e+08 22.8145
1.69079e+08 22.8584
1.70354e+08 22.9021
1.70443e+08 22.9458
1.70466e+08 22.9894
1.81839e+08 23.0329
1.82018e+08 23.0763
1.82063e+08 23.1196
1.82097e+08 23.1629
1.82097e+08 23.206
1.82108e+08 23.2491
1.8213e+08 23.2921
1.82253e+08 23.3351
1.82253e+08 23.3779
1.82264e+08 23.4207
1.82264e+08 23.4634
1.82264e+08 23.506
1.82264e+08 23.5486
1.82354e+08 23.591
1.82354e+08 23.6334
1.8251e+08 23.6757
1.82522e+08 23.718
1.82745e+08 23.7601
1.82745e+08 23.8022
1.83472e+08 23.8442
1.83528e+08 23.8862
1.83673e+08 23.928
1.95337e+08 23.9698
1.95337e+08 24.0116
1.95974e+08 24.0532
1.96119e+08 24.0948
1.96119e+08 24.1363
1.96119e+08 24.1777
1.96119e+08 24.2191
1.96119e+08 24.2604
1.96119e+08 24.3016
1.96186e+08 24.3427
1.96253e+08 24.3838
1.96287e+08 24.4248
1.96287e+08 24.4658
1.96287e+08 24.5066
1.96332e+08 24.5474
1.96376e+08 24.5882
1.96589e+08 24.6288
1.966e+08 24.6694
1.96757e+08 24.71
1.96757e+08 24.7505
1.97237e+08 24.7909
1.9726e+08 24.8312
1.97304e+08 24.8715
2.09987e+08 24.9117
2.09987e+08 24.9518
2.09987e+08 24.9919
2.10221e+08 25.0319
2.10221e+08 25.0719
2.10255e+08 25.1117
2.10255e+08 25.1516
2.10713e+08 25.1913
2.1078e+08 25.231
2.10792e+08 25.2707
2.10792e+08 25.3102
2.10792e+08 25.3497
2.10792e+08 25.3892
2.10792e+08 25.4286
2.10825e+08 25.4679
2.10825e+08 25.5072
2.10993e+08 25.5464
2.11183e+08 25.5855
2.11183e+08 25.6246
2.11261e+08 25.6636
2.11261e+08 25.7026
2.11798e+08 25.7415
2.11798e+08 25.7803
2.11809e+08 25.8191
2.24638e+08 25.8579
2.24638e+08 25.8965
2.24661e+08 25.9351
2.25097e+08 25.9737
2.2513e+08 26.0122
2.25141e+08 26.0506
2.25141e+08 26.089
2.25376e+08 26.1274
2.25477e+08 26.1656
2.2551e+08 26.2039
2.2551e+08 26.242
2.25577e+08 26.2801
2.25577e+08 26.3182
2.25577e+08 26.3562
2.25577e+08 26.3941
2.25723e+08 26.432
2.25723e+08 26.4698
2.26013e+08 26.5076
2.26315e+08 26.5453
2.26326e+08 26.583
2.26371e+08 26.6206
2.26371e+08 26.6582
2.26997e+08 26.6957
2.27008e+08 26.7332
2.27008e+08 26.7706
2.40267e+08 26.8079
2.40267e+08 26.8452
2.403e+08 26.8825
2.403e+08 26.9197
2.403e+08 26.9568
2.40356e+08 26.9939
2.4068e+08 27.031
2.4068e+08 27.068
2.41038e+08 27.1049
2.41228e+08 27.1418
2.41228e+08 27.1786
2.41228e+08 27.2154
2.41295e+08 27.2522
2.41295e+08 27.2889
2.41295e+08 27.3255
2.41329e+08 27.3621
2.41396e+08 27.3987
2.41407e+08 27.4352
2.41429e+08 27.4716
2.4191e+08 27.508
2.41977e+08 27.5444
2.42044e+08 27.5807
2.42044e+08 27.6169
2.42782e+08 27.6531
2.4286e+08 27.6893
2.4286e+08 27.7254
2.56808e+08 27.7615
2.56808e+08 27.7975
2.56808e+08 27.8335
2.56808e+08 27.8694
2.56808e+08 27.9053
2.56808e+08 27.9411
2.56886e+08 27.9769
2.56964e+08 28.0127
2.56964e+08 28.0484
2.56964e+08 28.084
2.56987e+08 28.1196
2.56987e+08 28.1552
2.5711e+08 28.1907
2.5711e+08 28.2262
2.57221e+08 28.2616
2.57568e+08 28.297
2.57601e+08 28.3323
2.57646e+08 28.3676
2.57646e+08 28.4029
2.5768e+08 28.4381
2.58015e+08 28.4732
2.58015e+08 28.5084
2.58015e+08 28.5434
2.58015e+08 28.5785
2.59122e+08 28.6135
2.59122e+08 28.6484
2.59122e+08 28.6833
2.7381e+08 28.7182
2.7381e+08 28.753
2.73889e+08 28.7878
2.73978e+08 28.8225
2.73978e+08 28.8572
2.74012e+08 28.8919
2.74012e+08 28.9265
2.74012e+08 28.961
2.74034e+08 28.9956
2.74034e+08 29.0301
2.74056e+08 29.0645
2.74168e+08 29.0989
2.74168e+08 29.1333
2.74235e+08 29.1676
2.74235e+08 29.2019
2.74235e+08 29.2361
2.74269e+08 29.2703
2.74269e+08 29.3045
2.74269e+08 29.3386
2.74269e+08 29.3727
2.74526e+08 29.4068
2.74604e+08 29.4408
2.74604e+08 29.4747
2.74705e+08 29.5087
2.74705e+08 29.5425
2.7608e+08 29.5764
2.76113e+08 29.6102
2.76125e+08 29.644
2.89821e+08 29.6777
2.90279e+08 29.7114
2.90771e+08 29.7451
2.90771e+08 29.7787
2.91062e+08 29.8123
2.91062e+08 29.8458
2.91118e+08 29.8793
2.9114e+08 29.9128
2.9114e+08 29.9462
2.91252e+08 29.9796
2.91252e+08 30.013
2.91431e+08 30.0463
2.91431e+08 30.0796
2.91509e+08 30.1128
2.91554e+08 30.146
2.91576e+08 30.1792
2.91576e+08 30.2123
2.91587e+08 30.2454
2.91598e+08 30.2785
2.91598e+08 30.3115
2.91632e+08 30.3445
2.91632e+08 30.3775
2.91721e+08 30.4104
2.91721e+08 30.4433
2.92112e+08 30.4761
2.92112e+08 30.5089
2.93633e+08 30.5417
2.93666e+08 30.5744
2.93689e+08 30.6071
3.08131e+08 30.6398
3.08589e+08 30.6725
3.08656e+08 30.7051
3.08656e+08 30.7376
3.08656e+08 30.7702
3.08947e+08 30.8027
3.09092e+08 30.8351
3.09204e+08 30.8676
3.09204e+08 30.9
3.09305e+08 30.9323
3.09338e+08 30.9646
3.09338e+08 30.9969
3.09617e+08 31.0292
3.09662e+08 31.0614
3.09696e+08 31.0936
3.09696e+08 31.1258
3.09696e+08 31.1579
3.09729e+08 31.19
3.09729e+08 31.2221
3.09785e+08 31.2541
3.09796e+08 31.2861
3.0993e+08 31.3181
3.0993e+08 31.35
3.09986e+08 31.3819
3.10031e+08 31.4137
3.10154e+08 31.4456
3.10299e+08 31.4774
3.11797e+08 31.5092
3.1182e+08 31.5409
3.1182e+08 31.5726
3.26136e+08 31.6043
3.26371e+08 31.6359
3.26494e+08 31.6675
3.26695e+08 31.6991
3.27064e+08 31.7306
3.27064e+08 31.7622
3.27176e+08 31.7936
3.27478e+08 31.8251
3.27478e+08 31.8565
3.27545e+08 31.8879
3.28003e+08 31.9193
3.28003e+08 31.9506
3.28249e+08 31.9819
3.28383e+08 32.0132
3.28383e+08 32.0444
3.28595e+08 32.0756
3.28595e+08 32.1068
3.28651e+08 32.1379
3.28651e+08 32.169
3.28662e+08 32.2001
3.28662e+08 32.2312
3.28662e+08 32.2622
3.28685e+08 32.2932
3.28685e+08 32.3242
3.28729e+08 32.3551
3.28763e+08 32.386
3.28897e+08 32.4169
3.29042e+08 32.4477
3.3054e+08 32.4786
3.30563e+08 32.5094
3.30574e+08 32.5401
3.45756e+08 32.5708
3.45957e+08 32.6015
3.46046e+08 32.6322
3.46147e+08 32.6629
3.46147e+08 32.6935
3.46147e+08 32.7241
3.46616e+08 32.7546
3.46616e+08 32.7852
3.46616e+08 32.8157
3.46616e+08 32.8461
3.46728e+08 32.8766
3.46851e+08 32.907
3.4694e+08 32.9374
3.47175e+08 32.9677
3.47175e+08 32.9981
3.47499e+08 33.0284
3.47499e+08 33.0587
3.47645e+08 33.0889
3.477e+08 33.1191
3.477e+08 33.1493
3.4779e+08 33.1795
3.47868e+08 33.2096
3.47924e+08 33.2397
3.4798e+08 33.2698
3.4798e+08 33.2999
3.48047e+08 33.3299
3.48047e+08 33.3599
3.48103e+08 33.3899
3.48192e+08 33.4198
3.49847e+08 33.4498
3.49847e+08 33.4797
3.49858e+08 33.5095
3.65516e+08 33.5394
3.65606e+08 33.5692
3.65695e+08 33.599
3.65695e+08 33.6287
3.65807e+08 33.6585
3.66142e+08 33.6882
3.66243e+08 33.7179
3.66343e+08 33.7475
3.66355e+08 33.7772
3.66511e+08 33.8068
3.66712e+08 33.8363
3.67048e+08 33.8659
3.67193e+08 33.8954
3.67338e+08 33.9249
3.67338e+08 33.9544
3.67495e+08 33.9839
3.67562e+08 34.0133
3.67562e+08 34.0427
3.67606e+08 34.0721
3.67707e+08 34.1014
3.67707e+08 34.1307
3.67796e+08 34.16
3.67796e+08 34.1893
3.6783e+08 34.2185
3.67931e+08 34.2478
3.67931e+08 34.277
3.67987e+08 34.3061
3.68076e+08 34.3353
3.6821e+08 34.3644
3.6821e+08 34.3935
3.6973e+08 34.4226
3.6973e+08 34.4516
3.69742e+08 34.4807
3.86041e+08 34.5097
3.86041e+08 34.5387
3.86097e+08 34.5676
3.8613e+08 34.5965
3.86197e+08 34.6254
3.86432e+08 34.6543
3.86432e+08 34.6832
3.86432e+08 34.712
3.86532e+08 34.7408
3.86678e+08 34.7696
3.87035e+08 34.7984
3.87382e+08 34.8271
3.8746e+08 34.8558
3.87795e+08 34.8845
3.87997e+08 34.9132
3.8822e+08 34.9418
3.88265e+08 34.9704
3.88265e+08 34.999
3.88265e+08 35.0276
3.88265e+08 35.0561
3.88321e+08 35.0847
3.88321e+08 35.1132
3.88366e+08 35.1417
3.88366e+08 35.1701
3.88444e+08 35.1985
3.88489e+08 35.227
3.88522e+08 35.2553
3.88522e+08 35.2837
3.88746e+08 35.312
3.88824e+08 35.3404
3.88824e+08 35.3687
3.90232e+08 35.3969
3.90244e+08 35.4252
3.90244e+08 35.4534
4.07613e+08 35.4816
4.07613e+08 35.5098
4.07613e+08 35.538
4.07613e+08 35.5661
4.07635e+08 35.5942
4.07635e+08 35.6223
4.07635e+08 35.6504
4.07635e+08 35.6784
4.07892e+08 35.7065
4.08283e+08 35.7345
4.0901e+08 35.7625
4.09144e+08 35.7904
4.09189e+08 35.8184
4.09401e+08 35.8463
4.09401e+08 35.8742
4.09491e+08 35.902
4.0958e+08 35.9299
4.0958e+08 35.9577
4.0958e+08 35.9855
4.0958e+08 36.0133
4.0958e+08 36.0411
4.09625e+08 36.0688
4.09625e+08 36.0966
4.09669e+08 36.1243
4.09681e+08 36.152
4.09703e+08 36.1796
4.09703e+08 36.2073
4.09703e+08 36.2349
4.09714e+08 36.2625
4.09904e+08 36.2901
4.09927e+08 36.3176
4.09938e+08 36.3451
4.1138e+08 36.3727
4.1138e+08 36.4002
4.1138e+08 36.4276
4.29291e+08 36.4551
4.29291e+08 36.4825
4.29336e+08 36.5099
4.29358e+08 36.5373
4.29492e+08 36.5647
4.29492e+08 36.592
4.29548e+08 36.6194
4.29615e+08 36.6467
4.30744e+08 36.6739
4.30856e+08 36.7012
4.30934e+08 36.7285
4.31079e+08 36.7557
4.31225e+08 36.7829
4.31303e+08 36.8101
4.31303e+08 36.8372
4.31325e+08 36.8644
4.31348e+08 36.8915
4.31348e+08 36.9186
4.31348e+08 36.9457
4.31348e+08 36.9728
4.31348e+08 36.9998
4.31348e+08 37.0269
4.31348e+08 37.0539
4.31348e+08 37.0809
4.3137e+08 37.1078
4.3137e+08 37.1348
4.3156e+08 37.1617
4.3165e+08 37.1886
4.31773e+08 37.2155
4.31817e+08 37.2424
4.32052e+08 37.2692
4.32186e+08 37.296
4.32264e+08 37.3229
4.33092e+08 37.3497
4.33092e+08 37.3764
4.33137e+08 37.4032
4.5154e+08 37.4299
4.5154e+08 37.4566
4.51608e+08 37.4833
4.51686e+08 37.51
4.52233e+08 37.5367
4.52345e+08 37.5633
4.52714e+08 37.5899
4.52826e+08 37.6165
4.53429e+08 37.6431
4.53474e+08 37.6697
4.53474e+08 37.6962
4.53496e+08 37.7228
4.53508e+08 37.7493
4.53552e+08 37.7758
4.53552e+08 37.8022
4.53564e+08 37.8287
4.53619e+08 37.8551
4.53631e+08 37.8815
4.53631e+08 37.9079
4.53631e+08 37.9343
4.53642e+08 37.9607
4.53642e+08 37.987
4.53642e+08 38.0133
4.53642e+08 38.0397
4.53642e+08 38.0659
4.53653e+08 38.0922
4.53687e+08 38.1185
4.53944e+08 38.1447
4.54044e+08 38.1709
4.54301e+08 38.1971
4.54301e+08 38.2233
4.54503e+08 38.2495
4.54648e+08 38.2756
4.54648e+08 38.3017
4.55431e+08 38.3278
4.55431e+08 38.3539
4.55666e+08 38.38
4.74391e+08 38.406
4.74425e+08 38.4321
4.75107e+08 38.4581
4.75364e+08 38.4841
4.75788e+08 38.5101
4.75788e+08 38.5361
4.75833e+08 38.562
4.76001e+08 38.5879
4.76258e+08 38.6139
4.76269e+08 38.6398
4.76269e+08 38.6656
4.76347e+08 38.6915
4.76426e+08 38.7173
4.76426e+08 38.7432
4.76426e+08 38.769
4.76426e+08 38.7948
4.7647e+08 38.8206
4.76515e+08 38.8463
4.76538e+08 38.8721
4.76538e+08 38.8978
4.76571e+08 38.9235
4.76571e+08 38.9492
4.76571e+08 38.9749
4.76571e+08 39.0005
4.76571e+08 39.0262
4.76594e+08 39.0518
4.76594e+08 39.0774
4.76806e+08 39.103
4.76996e+08 39.1285
4.76996e+08 39.1541
4.77309e+08 39.1796
4.77309e+08 39.2052
4.77577e+08 39.2307
4.77633e+08 39.2562
4.77633e+08 39.2816
4.78315e+08 39.3071
4.78315e+08 39.3325
4.78729e+08 39.358
4.98834e+08 39.3834
4.98968e+08 39.4088
4.99158e+08 39.4341
4.99158e+08 39.4595
4.99315e+08 39.4848
4.99315e+08 39.5102
4.99315e+08 39.5355
4.99505e+08 39.5608
4.99605e+08 39.586
4.99639e+08 39.6113
4.99639e+08 39.6366
4.99751e+08 39.6618
4.99829e+08 39.687
4.99829e+08 39.7122
4.99851e+08 39.7374
4.99874e+08 39.7625
4.9993e+08 39.7877
5.00041e+08 39.8128
5.00064e+08 39.8379
5.00153e+08 39.863
5.00153e+08 39.8881
5.00153e+08 39.9132
5.00153e+08 39.9382
5.00265e+08 39.9633
5.00265e+08 39.9883
5.00321e+08 40.0133
5.00444e+08 40.0383
5.005e+08 40.0633
5.00701e+08 40.0882
5.00746e+08 40.1132
5.00746e+08 40.1381
5.00969e+08 40.163
5.00969e+08 40.1879
5.01092e+08 40.2128
5.0117e+08 40.2377
5.0117e+08 40.2625
5.01864e+08 40.2874
5.01942e+08 40.3122
5.02993e+08 40.337
5.23814e+08 40.3618
5.23814e+08 40.3866
5.23814e+08 40.4113
5.23814e+08 40.4361
5.23814e+08 40.4608
5.23825e+08 40.4855
5.23848e+08 40.5102
5.23915e+08 40.5349
5.23948e+08 40.5596
5.2425e+08 40.5842
5.24284e+08 40.6089
5.2434e+08 40.6335
5.24407e+08 40.6581
5.24496e+08 40.6827
5.24541e+08 40.7073
5.24809e+08 40.7318
5.24865e+08 40.7564
5.24865e+08 40.7809
5.25033e+08 40.8055
5.25122e+08 40.83
5.25156e+08 40.8545
5.25156e+08 40.8789
5.252e+08 40.9034
5.25267e+08 40.9278
5.25267e+08 40.9523
5.25312e+08 40.9767
5.25346e+08 41.0011
5.25346e+08 41.0255
5.25357e+08 41.0499
5.25368e+08 41.0742
5.25379e+08 41.0986
5.25379e+08 41.1229
5.25379e+08 41.1472
5.25379e+08 41.1715
5.2539e+08 41.1958
5.2539e+08 41.2201
5.25402e+08 41.2443
5.26453e+08 41.2686
5.2671e+08 41.2928
5.2747e+08 41.317
5.48887e+08 41.3412
5.48887e+08 41.3654
5.48887e+08 41.3896
5.48887e+08 41.4138
5.49156e+08 41.4379
5.49156e+08 41.462
5.49189e+08 41.4862
5.49312e+08 41.5103
5.49435e+08 41.5344
5.49524e+08 41.5584
5.49524e+08 41.5825
5.49524e+08 41.6065
5.49636e+08 41.6306
5.49681e+08 41.6546
5.49681e+08 41.6786
5.49681e+08 41.7026
5.49714e+08 41.7266
5.49714e+08 41.7505
5.49714e+08 41.7745
5.49748e+08 41.7984
5.49815e+08 41.8224
5.4996e+08 41.8463
5.4996e+08 41.8702
5.49972e+08 41.8941
5.49972e+08 41.9179
5.49972e+08 41.9418
5.50039e+08 41.9656
5.50039e+08 41.9894
5.50072e+08 42.0133
5.50084e+08 42.0371
5.50084e+08 42.0609
5.50117e+08 42.0846
5.50117e+08 42.1084
5.50207e+08 42.1321
5.5024e+08 42.1559
5.5024e+08 42.1796
5.50285e+08 42.2033
5.50296e+08 42.227
5.51627e+08 42.2507
5.51996e+08 42.2743
5.52421e+08 42.298
5.74793e+08 42.3216
5.74793e+08 42.3453
5.74793e+08 42.3689
5.74837e+08 42.3925
5.74837e+08 42.4161
5.74905e+08 42.4397
5.74927e+08 42.4632
5.74994e+08 42.4868
5.74994e+08 42.5103
5.75005e+08 42.5338
5.75061e+08 42.5573
5.75139e+08 42.5808
5.75206e+08 42.6043
5.75307e+08 42.6278
5.75307e+08 42.6513
5.75318e+08 42.6747
5.75318e+08 42.6981
5.75318e+08 42.7216
5.75318e+08 42.745
5.75318e+08 42.7684
5.75318e+08 42.7917
5.75318e+08 42.8151
5.75318e+08 42.8385
5.75318e+08 42.8618
5.75318e+08 42.8851
5.75318e+08 42.9085
5.75508e+08 42.9318
5.75553e+08 42.9551
5.75553e+08 42.9783
5.75553e+08 43.0016
5.75553e+08 43.0249
5.75564e+08 43.0481
5.75564e+08 43.0713
5.75564e+08 43.0945
5.75654e+08 43.1178
5.75687e+08 43.1409
5.75687e+08 43.1641
5.75777e+08 43.1873
5.7581e+08 43.2104
5.77197e+08 43.2336
5.77868e+08 43.2567
5.78147e+08 43.2798
6.01114e+08 43.3029
6.01114e+08 43.326
6.01114e+08 43.3491
6.01114e+08 43.3722
6.01114e+08 43.3952
6.01114e+08 43.4183
6.01114e+08 43.4413
6.01114e+08 43.4643
6.01114e+08 43.4873
6.01114e+08 43.5103
6.01114e+08 43.5333
6.01125e+08 43.5563
6.01137e+08 43.5792
6.01148e+08 43.6022
6.01148e+08 43.6251
6.01148e+08 43.6481
6.01148e+08 43.671
6.01148e+08 43.6939
6.01148e+08 43.7167
6.01181e+08 43.7396
6.01237e+08 43.7625
6.01248e+08 43.7853
6.01271e+08 43.8082
6.01293e+08 43.831
6.01293e+08 43.8538
6.01293e+08 43.8766
6.01651e+08 43.8994
6.01684e+08 43.9222
6.01684e+08 43.945
6.01684e+08 43.9677
6.01707e+08 43.9905
6.01729e+08 44.0132
6.01796e+08 44.0359
6.01796e+08 44.0586
6.01808e+08 44.0813
6.01808e+08 44.104
6.01819e+08 44.1267
6.01841e+08 44.1493
6.01841e+08 44.172
6.01875e+08 44.1946
6.03127e+08 44.2173
6.03887e+08 44.2399
6.04536e+08 44.2625
6.18118e+08 44.2851
6.18162e+08 44.3076
6.18172e+08 44.3302
6.18217e+08 44.3528
6.18275e+08 44.3753
6.18275e+08 44.3979
6.18275e+08 44.4204
6.18275e+08 44.4429
6.18275e+08 44.4654
6.18275e+08 44.4879
6.18287e+08 44.5104
6.18297e+08 44.5328
6.18297e+08 44.5553
6.18308e+08 44.5777
6.18308e+08 44.6002
6.18331e+08 44.6226
6.18331e+08 44.645
6.18342e+08 44.6674
6.18353e+08 44.6898
6.18365e+08 44.7122
6.18433e+08 44.7345
6.18466e+08 44.7569
6.18523e+08 44.7792
6.18523e+08 44.8015
6.18567e+08 44.8239
6.18579e+08 44.8462
6.19139e+08 44.8685
6.19139e+08 44.8908
6.1914e+08 44.913
6.19152e+08 44.9353
6.19162e+08 44.9576
6.19162e+08 44.9798
6.19174e+08 45.002
6.19287e+08 45.0243
6.19308e+08 45.0465
6.19361e+08 45.0687
6.19361e+08 45.0909
6.19361e+08 45.113
6.19365e+08 45.1352
6.19365e+08 45.1574
6.19388e+08 45.1795
6.21041e+08 45.2016
6.21367e+08 45.2238
6.21367e+08 45.2459
6.2721e+08 45.268
6.27243e+08 45.2901
6.27288e+08 45.3121
