2.98137e+06 2
8.31575e+06 2.5
8.31576e+06 2.9
1.02694e+07 3.24483
1.02694e+07 3.55301
1.18545e+07 3.83446
1.19217e+07 4.09525
1.19441e+07 4.33944
1.55041e+07 4.56988
1.55153e+07 4.78871
1.55153e+07 4.99753
1.55601e+07 5.19763
1.88828e+07 5.39003
1.89164e+07 5.57555
1.89276e+07 5.75491
1.9017e+07 5.92867
1.90282e+07 6.09735
2.29007e+07 6.26135
2.29231e+07 6.42106
2.29231e+07 6.5768
2.30127e+07 6.72885
2.30127e+07 6.87746
2.30127e+07 7.02286
2.70459e+07 7.16526
2.71018e+07 7.30482
2.71018e+07 7.44171
2.73366e+07 7.57609
2.73366e+07 7.70809
2.73367e+07 7.83782
2.73367e+07 7.96541
3.1262e+07 8.09095
3.1452e+07 8.21454
3.14743e+07 8.33628
3.16198e+07 8.45624
3.16198e+07 8.57449
3.16198e+07 8.69112
3.16198e+07 8.80618
3.59462e+07 8.91974
3.59686e+07 9.03185
3.59798e+07 9.14257
3.59799e+07 9.25194
3.62371e+07 9.36003
3.62931e+07 9.46687
3.62931e+07 9.5725
3.62931e+07 9.67696
4.1258e+07 9.7803
4.13363e+07 9.88255
4.13475e+07 9.98374
4.13811e+07 10.0839
4.13811e+07 10.1831
4.15937e+07 10.2813
4.16049e+07 10.3785
4.16049e+07 10.4749
4.16049e+07 10.5704
4.70475e+07 10.665
4.71929e+07 10.7587
4.72041e+07 10.8517
4.73495e+07 10.9438
4.73495e+07 11.0352
4.73496e+07 11.1258
4.75286e+07 11.2157
4.75286e+07 11.3049
4.75286e+07 11.3933
4.7551e+07 11.4811
5.35813e+07 11.5682
5.36932e+07 11.6546
5.37044e+07 11.7404
5.38163e+07 11.8256
5.38498e+07 11.9102
5.38611e+07 11.9941
5.38723e+07 12.0775
5.41519e+07 12.1603
5.41519e+07 12.2425
5.41854e+07 12.3242
5.41854e+07 12.4054
6.08324e+07 12.486
6.08772e+07 12.5661
6.08773e+07 12.6456
6.10562e+07 12.7247
6.10786e+07 12.8033
6.12016e+07 12.8814
6.12464e+07 12.959
6.12464e+07 13.0362
6.13918e+07 13.1129
6.13918e+07 13.1892
6.14143e+07 13.265
6.14143e+07 13.3404
6.84474e+07 13.4153
6.85593e+07 13.4899
6.85593e+07 13.564
6.86265e+07 13.6377
6.866e+07 13.7111
6.8839e+07 13.784
6.90067e+07 13.8566
6.90067e+07 13.9287
6.90179e+07 14.0005
6.91298e+07 14.0719
6.91298e+07 14.143
6.91635e+07 14.2137
6.91635e+07 14.2841
7.65318e+07 14.3541
7.67108e+07 14.4237
7.6722e+07 14.4931
7.68562e+07 14.5621
7.68563e+07 14.6307
7.71805e+07 14.6991
7.71917e+07 14.7671
7.71917e+07 14.8348
7.72253e+07 14.9022
7.72253e+07 14.9694
7.74937e+07 15.0362
7.74937e+07 15.1027
7.75496e+07 15.1689
7.75832e+07 15.2348
8.50979e+07 15.3004
8.52769e+07 15.3658
8.52769e+07 15.4309
8.57243e+07 15.4957
8.57244e+07 15.5602
8.59368e+07 15.6245
8.59815e+07 15.6885
8.6015e+07 15.7522
8.61045e+07 15.8157
8.61157e+07 15.8789
8.63729e+07 15.9419
8.63729e+07 16.0046
8.63729e+07 16.0671
8.64512e+07 16.1294
8.64624e+07 16.1914
9.46817e+07 16.2531
9.48048e+07 16.3146
9.48048e+07 16.3759
9.50176e+07 16.437
9.50176e+07 16.4978
9.50847e+07 16.5585
9.51406e+07 16.6189
9.51406e+07 16.679
9.51965e+07 16.739
9.52189e+07 16.7987
9.55879e+07 16.8582
9.56326e+07 16.9176
9.56662e+07 16.9767
9.56662e+07 17.0356
9.60462e+07 17.0943
9.61022e+07 17.1528
1.04545e+08 17.2111
1.04612e+08 17.2692
1.04612e+08 17.3271
1.04948e+08 17.3848
1.04948e+08 17.4423
1.05004e+08 17.4997
1.05015e+08 17.5568
1.05015e+08 17.6138
1.05015e+08 17.6705
1.05015e+08 17.7271
1.05463e+08 17.7835
1.05507e+08 17.8398
1.05541e+08 17.8958
1.05541e+08 17.9517
1.05541e+08 18.0074
1.0591e+08 18.0629
1.05943e+08 18.1183
1.15359e+08 18.1735
1.15393e+08 18.2285
1.15393e+08 18.2834
1.15784e+08 18.3381
1.15784e+08 18.3926
1.15807e+08 18.447
1.15841e+08 18.5012
1.15841e+08 18.5552
1.15841e+08 18.6091
1.15852e+08 18.6629
1.16031e+08 18.7164
1.16143e+08 18.7699
1.16165e+08 18.8231
1.16165e+08 18.8763
1.16165e+08 18.9293
1.1621e+08 18.9821
1.16377e+08 19.0348
1.1669e+08 19.0873
1.26611e+08 19.1397
1.26734e+08 19.1919
1.26735e+08 19.244
1.27093e+08 19.296
1.27093e+08 19.3478
1.27126e+08 19.3995
1.27216e+08 19.4511
1.27216e+08 19.5025
1.27216e+08 19.5537
1.27261e+08 19.6049
1.27317e+08 19.6559
1.27507e+08 19.7068
1.27596e+08 19.7575
1.27618e+08 19.8081
1.2763e+08 19.8586
1.2773e+08 19.909
1.27797e+08 19.9592
1.27797e+08 20.0093
1.28032e+08 20.0593
1.38506e+08 20.1091
1.38561e+08 20.1589
1.3864e+08 20.2085
1.39121e+08 20.2579
1.39144e+08 20.3073
1.39211e+08 20.3566
1.39311e+08 20.4057
1.39311e+08 20.4547
1.39311e+08 20.5036
1.39311e+08 20.5523
1.39345e+08 20.601
1.39479e+08 20.6495
1.39513e+08 20.698
1.39513e+08 20.7463
1.39513e+08 20.7945
1.39557e+08 20.8426
1.39647e+08 20.8906
1.39647e+08 20.9384
1.39647e+08 20.9862
1.39893e+08 21.0338
1.50928e+08 21.0814
1.50984e+08 21.1288
1.51085e+08 21.1761
1.51544e+08 21.2234
1.51544e+08 21.2705
1.51623e+08 21.3175
1.51902e+08 21.3644
1.51902e+08 21.4112
1.51902e+08 21.4579
1.51902e+08 21.5045
1.51902e+08 21.551
1.51913e+08 21.5974
1.51925e+08 21.6437
1.51925e+08 21.6899
1.51925e+08 21.736
1.51969e+08 21.782
1.52215e+08 21.8279
1.52238e+08 21.8738
1.52238e+08 21.9195
1.52506e+08 21.9651
1.52506e+08 22.0106
1.63844e+08 22.0561
1.63933e+08 22.1014
1.64079e+08 22.1466
1.64751e+08 22.1918
1.64751e+08 22.2369
1.64751e+08 22.2818
1.6512e+08 22.3267
1.65131e+08 22.3715
1.65131e+08 22.4162
1.65131e+08 22.4608
1.65131e+08 22.5053
1.65131e+08 22.5498
1.65131e+08 22.5941
1.65131e+08 22.6384
1.65153e+08 22.6825
1.65187e+08 22.7266
1.65299e+08 22.7706
1.6541e+08 22.8145
1.6541e+08 22.8584
1.65679e+08 22.9021
1.6569e+08 22.9458
1.65701e+08 22.9894
1.76861e+08 23.0329
1.76951e+08 23.0763
1.77018e+08 23.1196
1.776e+08 23.1629
1.776e+08 23.206
1.776e+08 23.2491
1.77902e+08 23.2921
1.77925e+08 23.3351
1.77925e+08 23.3779
1.77925e+08 23.4207
1.77947e+08 23.4634
1.77947e+08 23.506
1.77958e+08 23.5486
1.77958e+08 23.591
1.77958e+08 23.6334
1.77958e+08 23.6757
1.77958e+08 23.718
1.78126e+08 23.7601
1.78137e+08 23.8022
1.78395e+08 23.8442
1.78417e+08 23.8862
1.78484e+08 23.928
1.90359e+08 23.9698
1.90359e+08 24.0116
1.90494e+08 24.0532
1.90527e+08 24.0948
1.91322e+08 24.1363
1.91322e+08 24.1777
1.91322e+08 24.2191
1.91479e+08 24.2604
1.91479e+08 24.3016
1.9149e+08 24.3427
1.9149e+08 24.3838
1.91501e+08 24.4248
1.91523e+08 24.4658
1.91523e+08 24.5066
1.91557e+08 24.5474
1.91557e+08 24.5882
1.91557e+08 24.6288
1.91557e+08 24.6694
1.91814e+08 24.71
1.91814e+08 24.7505
1.92351e+08 24.7909
1.92351e+08 24.8312
1.92362e+08 24.8715
2.04492e+08 24.9117
2.04492e+08 24.9518
2.04493e+08 24.9919
2.04571e+08 25.0319
2.04604e+08 25.0719
2.05601e+08 25.1117
2.05601e+08 25.1516
2.05601e+08 25.1913
2.05645e+08 25.231
2.05645e+08 25.2707
2.05679e+08 25.3102
2.05701e+08 25.3497
2.05713e+08 25.3892
2.05735e+08 25.4286
2.05735e+08 25.4679
2.05891e+08 25.5072
2.05891e+08 25.5464
2.05891e+08 25.5855
2.05925e+08 25.6246
2.06059e+08 25.6636
2.0607e+08 25.7026
2.07009e+08 25.7415
2.0701e+08 25.7803
2.0701e+08 25.8191
2.19144e+08 25.8579
2.19144e+08 25.8965
2.19144e+08 25.9351
2.19244e+08 25.9737
2.19244e+08 26.0122
2.19244e+08 26.0506
2.20352e+08 26.089
2.20352e+08 26.1274
2.20363e+08 26.1656
2.20464e+08 26.2039
2.20464e+08 26.242
2.20487e+08 26.2801
2.20565e+08 26.3182
2.20621e+08 26.3562
2.20654e+08 26.3941
2.20677e+08 26.432
2.20923e+08 26.4698
2.20956e+08 26.5076
2.20956e+08 26.5453
2.20956e+08 26.583
2.21146e+08 26.6206
2.2118e+08 26.6582
2.21873e+08 26.6957
2.21895e+08 26.7332
2.21918e+08 26.7706
2.34422e+08 26.8079
2.34433e+08 26.8452
2.34433e+08 26.8825
2.34466e+08 26.9197
2.34478e+08 26.9568
2.34478e+08 26.9939
2.34478e+08 27.031
2.35753e+08 27.068
2.35776e+08 27.1049
2.35798e+08 27.1418
2.36055e+08 27.1786
2.36089e+08 27.2154
2.36223e+08 27.2522
2.36268e+08 27.2889
2.36301e+08 27.3255
2.36346e+08 27.3621
2.36391e+08 27.3987
2.36536e+08 27.4352
2.3657e+08 27.4716
2.36581e+08 27.508
2.36603e+08 27.5444
2.36715e+08 27.5807
2.36715e+08 27.6169
2.37341e+08 27.6531
2.37341e+08 27.6893
2.37352e+08 27.7254
2.50373e+08 27.7615
2.50373e+08 27.7975
2.50406e+08 27.8335
2.50429e+08 27.8694
2.50451e+08 27.9053
2.50462e+08 27.9411
2.50473e+08 27.9769
2.50485e+08 28.0127
2.52152e+08 28.0484
2.52152e+08 28.084
2.52219e+08 28.1196
2.52588e+08 28.1552
2.52588e+08 28.1907
2.52632e+08 28.2262
2.52677e+08 28.2616
2.52677e+08 28.297
2.52677e+08 28.3323
2.52677e+08 28.3676
2.52811e+08 28.4029
2.52811e+08 28.4381
2.52834e+08 28.4732
2.52856e+08 28.5084
2.53001e+08 28.5434
2.53013e+08 28.5785
2.53449e+08 28.6135
2.53449e+08 28.6484
2.53482e+08 28.6833
2.66982e+08 28.7182
2.66982e+08 28.753
2.67016e+08 28.7878
2.67016e+08 28.8225
2.67027e+08 28.8572
2.67038e+08 28.8919
2.67061e+08 28.9265
2.67072e+08 28.961
2.67072e+08 28.9956
2.69052e+08 29.0301
2.69052e+08 29.0645
2.69052e+08 29.0989
2.69309e+08 29.1333
2.69376e+08 29.1676
2.6941e+08 29.2019
2.69477e+08 29.2361
2.69499e+08 29.2703
2.69544e+08 29.3045
2.69578e+08 29.3386
2.69756e+08 29.3727
2.69756e+08 29.4068
2.69756e+08 29.4408
2.69768e+08 29.4747
2.6979e+08 29.5087
2.69801e+08 29.5425
2.70115e+08 29.5764
2.70115e+08 29.6102
2.70148e+08 29.644
2.84193e+08 29.6777
2.84238e+08 29.7114
2.8426e+08 29.7451
2.8426e+08 29.7787
2.8426e+08 29.8123
2.84361e+08 29.8458
2.84361e+08 29.8793
2.84361e+08 29.9128
2.84361e+08 29.9462
2.86464e+08 29.9796
2.86486e+08 30.013
2.86498e+08 30.0463
2.86498e+08 30.0796
2.86621e+08 30.1128
2.86621e+08 30.146
2.86665e+08 30.1792
2.86811e+08 30.2123
2.86844e+08 30.2454
2.86956e+08 30.2785
2.86956e+08 30.3115
2.87146e+08 30.3445
2.87146e+08 30.3775
2.87157e+08 30.4104
2.87247e+08 30.4433
2.87247e+08 30.4761
2.8728e+08 30.5089
2.87448e+08 30.5417
2.87448e+08 30.5744
2.87448e+08 30.6071
3.01922e+08 30.6398
3.01945e+08 30.6725
3.02023e+08 30.7051
3.02056e+08 30.7376
3.02056e+08 30.7702
3.02068e+08 30.8027
3.02068e+08 30.8351
3.02068e+08 30.8676
3.02068e+08 30.9
3.04093e+08 30.9323
3.04115e+08 30.9646
3.04126e+08 30.9969
3.04171e+08 31.0292
3.04204e+08 31.0614
3.04529e+08 31.0936
3.04529e+08 31.1258
3.04529e+08 31.1579
3.04652e+08 31.19
3.0473e+08 31.2221
3.04808e+08 31.2541
3.04808e+08 31.2861
3.04954e+08 31.3181
3.04954e+08 31.35
3.05021e+08 31.3819
3.05088e+08 31.4137
3.05088e+08 31.4456
3.0511e+08 31.4774
3.05256e+08 31.5092
3.05278e+08 31.5409
3.05289e+08 31.5726
3.20196e+08 31.6043
3.20319e+08 31.6359
3.20352e+08 31.6675
3.20363e+08 31.6991
3.20375e+08 31.7306
3.20375e+08 31.7622
3.20375e+08 31.7936
3.20375e+08 31.8251
3.20397e+08 31.8565
3.22422e+08 31.8879
3.22433e+08 31.9193
3.22455e+08 31.9506
3.22467e+08 31.9819
3.22467e+08 32.0132
3.22478e+08 32.0444
3.225e+08 32.0756
3.225e+08 32.1068
3.225e+08 32.1379
3.2269e+08 32.169
3.22746e+08 32.2001
3.23093e+08 32.2312
3.23104e+08 32.2622
3.23171e+08 32.2932
3.23171e+08 32.3242
3.2325e+08 32.3551
3.23283e+08 32.386
3.23283e+08 32.4169
3.23306e+08 32.4477
3.23619e+08 32.4786
3.2363e+08 32.5094
3.2363e+08 32.5401
3.39171e+08 32.5708
3.39227e+08 32.6015
3.39261e+08 32.6322
3.39261e+08 32.6629
3.39283e+08 32.6935
3.39283e+08 32.7241
3.39283e+08 32.7546
3.39295e+08 32.7852
3.39295e+08 32.8157
3.41375e+08 32.8461
3.41387e+08 32.8766
3.41521e+08 32.907
3.41521e+08 32.9374
3.41521e+08 32.9677
3.41521e+08 32.9981
3.41521e+08 33.0284
3.41566e+08 33.0587
3.41566e+08 33.0889
3.41566e+08 33.1191
3.41611e+08 33.1493
3.41633e+08 33.1795
3.41868e+08 33.2096
3.41868e+08 33.2397
3.41957e+08 33.2698
3.4198e+08 33.2999
3.41991e+08 33.3299
3.42058e+08 33.3599
3.42069e+08 33.3899
3.42114e+08 33.4198
3.42382e+08 33.4498
3.42405e+08 33.4797
3.42438e+08 33.5095
3.5873e+08 33.5394
3.5882e+08 33.5692
3.5882e+08 33.599
3.5882e+08 33.6287
3.5882e+08 33.6585
3.5882e+08 33.6882
3.5882e+08 33.7179
3.5882e+08 33.7475
3.58865e+08 33.7772
3.60789e+08 33.8068
3.60856e+08 33.8363
3.61002e+08 33.8659
3.61002e+08 33.8954
3.61035e+08 33.9249
3.61058e+08 33.9544
3.61069e+08 33.9839
3.61091e+08 34.0133
3.61158e+08 34.0427
3.61158e+08 34.0721
3.61158e+08 34.1014
3.61225e+08 34.1307
3.61259e+08 34.16
3.61349e+08 34.1893
3.61349e+08 34.2185
3.61371e+08 34.2478
3.61371e+08 34.277
3.61371e+08 34.3061
3.61393e+08 34.3353
3.61393e+08 34.3644
3.61404e+08 34.3935
3.61662e+08 34.4226
3.61751e+08 34.4516
3.61807e+08 34.4807
3.78889e+08 34.5097
3.78956e+08 34.5387
3.78956e+08 34.5676
3.78956e+08 34.5965
3.78979e+08 34.6254
3.7899e+08 34.6543
3.7899e+08 34.6832
3.79023e+08 34.712
3.7927e+08 34.7408
3.80925e+08 34.7696
3.80937e+08 34.7984
3.80959e+08 34.8271
3.80959e+08 34.8558
3.8097e+08 34.8845
3.8106e+08 34.9132
3.81071e+08 34.9418
3.81105e+08 34.9704
3.81105e+08 34.999
3.81194e+08 35.0276
3.81194e+08 35.0561
3.81216e+08 35.0847
3.81384e+08 35.1132
3.8144e+08 35.1417
3.81463e+08 35.1701
3.81463e+08 35.1985
3.81463e+08 35.227
3.81463e+08 35.2553
3.81463e+08 35.2837
3.81463e+08 35.312
3.81463e+08 35.3404
3.81485e+08 35.3687
3.81675e+08 35.3969
3.81698e+08 35.4252
3.81787e+08 35.4534
3.99686e+08 35.4816
3.99809e+08 35.5098
3.99809e+08 35.538
3.99809e+08 35.5661
3.9982e+08 35.5942
3.99832e+08 35.6223
3.99843e+08 35.6504
3.99921e+08 35.6784
4.00179e+08 35.7065
4.01745e+08 35.7345
4.01745e+08 35.7625
4.01745e+08 35.7904
4.01745e+08 35.8184
4.01745e+08 35.8463
4.01768e+08 35.8742
4.01768e+08 35.902
4.01779e+08 35.9299
4.01779e+08 35.9577
4.01779e+08 35.9855
4.01779e+08 36.0133
4.01779e+08 36.0411
4.01779e+08 36.0688
4.02014e+08 36.0966
4.02047e+08 36.1243
4.02126e+08 36.152
4.02126e+08 36.1796
4.02126e+08 36.2073
4.02126e+08 36.2349
4.02126e+08 36.2625
4.02126e+08 36.2901
4.02126e+08 36.3176
4.02126e+08 36.3451
4.02182e+08 36.3727
4.02305e+08 36.4002
4.02573e+08 36.4276
4.21142e+08 36.4551
4.21142e+08 36.4825
4.21142e+08 36.5099
4.21142e+08 36.5373
4.21142e+08 36.5647
4.21164e+08 36.592
4.21175e+08 36.6194
4.21478e+08 36.6467
4.21578e+08 36.6739
4.231e+08 36.7012
4.231e+08 36.7285
4.231e+08 36.7557
4.231e+08 36.7829
4.231e+08 36.8101
4.231e+08 36.8372
4.23111e+08 36.8644
4.23111e+08 36.8915
4.23123e+08 36.9186
4.23123e+08 36.9457
4.23123e+08 36.9728
4.23123e+08 36.9998
4.23134e+08 37.0269
4.23134e+08 37.0539
4.23291e+08 37.0809
4.23324e+08 37.1078
4.23369e+08 37.1348
4.23369e+08 37.1617
4.23369e+08 37.1886
4.23369e+08 37.2155
4.23369e+08 37.2424
4.2338e+08 37.2692
4.2338e+08 37.296
4.23403e+08 37.3229
4.23514e+08 37.3497
4.23537e+08 37.3764
4.23984e+08 37.4032
4.42924e+08 37.4299
4.42924e+08 37.4566
4.42924e+08 37.4833
4.42924e+08 37.51
4.42924e+08 37.5367
4.42924e+08 37.5633
4.42935e+08 37.5899
4.43316e+08 37.6165
4.43472e+08 37.6431
4.44905e+08 37.6697
4.44905e+08 37.6962
4.44905e+08 37.7228
4.44905e+08 37.7493
4.44905e+08 37.7758
4.44905e+08 37.8022
4.44905e+08 37.8287
4.44905e+08 37.8551
4.44927e+08 37.8815
4.44927e+08 37.9079
4.44938e+08 37.9343
4.44938e+08 37.9607
4.44938e+08 37.987
4.44938e+08 38.0133
4.4495e+08 38.0397
4.44983e+08 38.0659
4.45006e+08 38.0922
4.45006e+08 38.1185
4.45039e+08 38.1447
4.45051e+08 38.1709
4.45062e+08 38.1971
4.45162e+08 38.2233
4.45162e+08 38.2495
4.45162e+08 38.2756
4.45207e+08 38.3017
4.45364e+08 38.3278
4.45498e+08 38.3539
4.45789e+08 38.38
4.65408e+08 38.406
4.65408e+08 38.4321
4.6542e+08 38.4581
4.6542e+08 38.4841
4.6542e+08 38.5101
4.65442e+08 38.5361
4.65565e+08 38.562
4.66069e+08 38.5879
4.66147e+08 38.6139
4.67479e+08 38.6398
4.67479e+08 38.6656
4.67479e+08 38.6915
4.67479e+08 38.7173
4.67479e+08 38.7432
4.67479e+08 38.769
4.67479e+08 38.7948
4.67479e+08 38.8206
4.6749e+08 38.8463
4.6749e+08 38.8721
4.67501e+08 38.8978
4.67501e+08 38.9235
4.67501e+08 38.9492
4.67501e+08 38.9749
4.67501e+08 39.0005
4.67535e+08 39.0262
4.6758e+08 39.0518
4.6758e+08 39.0774
4.6758e+08 39.103
4.6758e+08 39.1285
4.67591e+08 39.1541
4.67602e+08 39.1796
4.67613e+08 39.2052
4.67613e+08 39.2307
4.67613e+08 39.2562
4.67636e+08 39.2816
4.68139e+08 39.3071
4.68206e+08 39.3325
4.68475e+08 39.358
4.88479e+08 39.3834
4.88479e+08 39.4088
4.88479e+08 39.4341
4.88479e+08 39.4595
4.88479e+08 39.4848
4.8849e+08 39.5102
4.88535e+08 39.5355
4.89274e+08 39.5608
4.89408e+08 39.586
4.9065e+08 39.6113
4.9065e+08 39.6366
4.90661e+08 39.6618
4.90661e+08 39.687
4.90661e+08 39.7122
4.90661e+08 39.7374
4.90661e+08 39.7625
4.90661e+08 39.7877
4.90662e+08 39.8128
4.90662e+08 39.8379
4.90662e+08 39.863
4.90673e+08 39.8881
4.90673e+08 39.9132
4.90673e+08 39.9382
4.90673e+08 39.9633
4.90684e+08 39.9883
4.90729e+08 40.0133
4.90841e+08 40.0383
4.90863e+08 40.0633
4.90874e+08 40.0882
4.9093e+08 40.1132
4.91042e+08 40.1381
4.91042e+08 40.163
4.91064e+08 40.1879
4.91087e+08 40.2128
4.91087e+08 40.2377
4.91098e+08 40.2625
4.91322e+08 40.2874
4.91333e+08 40.3122
4.9168e+08 40.337
5.12137e+08 40.3618
5.12137e+08 40.3866
5.12137e+08 40.4113
5.12137e+08 40.4361
5.12148e+08 40.4608
5.12148e+08 40.4855
5.12249e+08 40.5102
5.13043e+08 40.5349
5.13167e+08 40.5596
5.14364e+08 40.5842
5.14398e+08 40.6089
5.14398e+08 40.6335
5.14398e+08 40.6581
5.14398e+08 40.6827
5.14398e+08 40.7073
5.14398e+08 40.7318
5.14398e+08 40.7564
5.14409e+08 40.7809
5.14409e+08 40.8055
5.14409e+08 40.83
5.14409e+08 40.8545
5.14409e+08 40.8789
5.14409e+08 40.9034
5.1442e+08 40.9278
5.1442e+08 40.9523
5.14476e+08 40.9767
5.14476e+08 41.0011
5.14532e+08 41.0255
5.1461e+08 41.0499
5.1461e+08 41.0742
5.14622e+08 41.0986
5.14745e+08 41.1229
5.14778e+08 41.1472
5.14789e+08 41.1715
5.14834e+08 41.1958
5.14834e+08 41.2201
5.14834e+08 41.2443
5.14991e+08 41.2686
5.14991e+08 41.2928
5.15338e+08 41.317
5.36417e+08 41.3412
5.36428e+08 41.3654
5.3645e+08 41.3896
5.3645e+08 41.4138
5.36506e+08 41.4379
5.36529e+08 41.462
5.36585e+08 41.4862
5.37379e+08 41.5103
5.37502e+08 41.5344
5.38733e+08 41.5584
5.38812e+08 41.5825
5.38812e+08 41.6065
5.38812e+08 41.6306
5.38812e+08 41.6546
5.38812e+08 41.6786
5.38812e+08 41.7026
5.38812e+08 41.7266
5.38812e+08 41.7505
5.38812e+08 41.7745
5.38823e+08 41.7984
5.38857e+08 41.8224
5.3889e+08 41.8463
5.3889e+08 41.8702
5.3889e+08 41.8941
5.38924e+08 41.9179
5.3898e+08 41.9418
5.3898e+08 41.9656
5.3898e+08 41.9894
5.39058e+08 42.0133
5.39114e+08 42.0371
5.39125e+08 42.0609
5.39159e+08 42.0846
5.39181e+08 42.1084
5.39181e+08 42.1321
5.39192e+08 42.1559
5.39215e+08 42.1796
5.39215e+08 42.2033
5.39226e+08 42.227
5.39326e+08 42.2507
5.39327e+08 42.2743
5.39752e+08 42.298
5.6146e+08 42.3216
5.61471e+08 42.3453
5.61471e+08 42.3689
5.61471e+08 42.3925
5.61494e+08 42.4161
5.61516e+08 42.4397
5.6155e+08 42.4632
5.62378e+08 42.4868
5.6249e+08 42.5103
5.63743e+08 42.5338
5.63811e+08 42.5573
5.63811e+08 42.5808
5.63811e+08 42.6043
5.63811e+08 42.6278
5.63833e+08 42.6513
5.63833e+08 42.6747
5.63867e+08 42.6981
5.63867e+08 42.7216
5.63867e+08 42.745
5.63867e+08 42.7684
5.63867e+08 42.7917
5.63911e+08 42.8151
5.63911e+08 42.8385
5.63923e+08 42.8618
5.64023e+08 42.8851
5.64034e+08 42.9085
5.64034e+08 42.9318
5.64034e+08 42.9551
5.64046e+08 42.9783
5.64046e+08 43.0016
5.64079e+08 43.0249
5.64079e+08 43.0481
5.64079e+08 43.0713
5.64079e+08 43.0945
5.64079e+08 43.1178
5.64079e+08 43.1409
5.64079e+08 43.1641
5.64079e+08 43.1873
5.64079e+08 43.2104
5.64146e+08 43.2336
5.64146e+08 43.2567
5.64773e+08 43.2798
5.87036e+08 43.3029
5.8707e+08 43.326
5.8707e+08 43.3491
5.8707e+08 43.3722
5.8707e+08 43.3952
5.8707e+08 43.4183
5.87137e+08 43.4413
5.87853e+08 43.4643
5.88032e+08 43.4873
5.89331e+08 43.5103
5.89398e+08 43.5333
5.89431e+08 43.5563
5.89465e+08 43.5792
5.89476e+08 43.6022
5.89476e+08 43.6251
5.89476e+08 43.6481
5.89498e+08 43.671
5.89521e+08 43.6939
5.89521e+08 43.7167
5.89554e+08 43.7396
5.89588e+08 43.7625
5.89823e+08 43.7853
5.89845e+08 43.8082
5.89845e+08 43.831
5.89845e+08 43.8538
5.89845e+08 43.8766
5.89845e+08 43.8994
5.89845e+08 43.9222
5.89845e+08 43.945
5.89845e+08 43.9677
5.89845e+08 43.9905
5.89845e+08 44.0132
5.89845e+08 44.0359
5.89845e+08 44.0586
5.89845e+08 44.0813
5.89845e+08 44.104
5.89845e+08 44.1267
5.89845e+08 44.1493
5.89845e+08 44.172
5.89868e+08 44.1946
5.8989e+08 44.2173
5.8989e+08 44.2399
5.90371e+08 44.2625
6.13223e+08 44.2851
6.13335e+08 44.3076
6.13346e+08 44.3302
6.13346e+08 44.3528
6.13357e+08 44.3753
6.13368e+08 44.3979
6.13424e+08 44.4204
6.14118e+08 44.4429
6.14174e+08 44.4654
6.15573e+08 44.4879
6.15585e+08 44.5104
6.15585e+08 44.5328
6.15596e+08 44.5553
6.15596e+08 44.5777
6.15596e+08 44.6002
6.15596e+08 44.6226
6.15596e+08 44.645
6.15596e+08 44.6674
6.15607e+08 44.6898
6.15641e+08 44.7122
6.15708e+08 44.7345
6.1573e+08 44.7569
6.15764e+08 44.7792
6.15819e+08 44.8015
6.15819e+08 44.8239
6.15819e+08 44.8462
6.15819e+08 44.8685
6.1582e+08 44.8908
6.1582e+08 44.913
6.15853e+08 44.9353
6.15864e+08 44.9576
6.15864e+08 44.9798
6.15864e+08 45.002
6.15864e+08 45.0243
6.15875e+08 45.0465
6.15875e+08 45.0687
6.15875e+08 45.0909
6.1592e+08 45.113
6.1592e+08 45.1352
6.1592e+08 45.1574
6.15931e+08 45.1795
6.15954e+08 45.2016
6.15954e+08 45.2238
6.1649e+08 45.2459
6.19111e+08 45.268
6.19155e+08 45.2901
6.19178e+08 45.3121
