4.82324e+06 2
8.36227e+06 2.5
8.36228e+06 2.9
9.89504e+06 3.24483
9.95092e+06 3.55301
1.20576e+07 3.83446
1.20576e+07 4.09525
1.20576e+07 4.33944
1.4932e+07 4.56988
1.4932e+07 4.78871
1.49477e+07 4.99753
1.49799e+07 5.19763
1.85084e+07 5.39003
1.85084e+07 5.57555
1.85307e+07 5.75491
1.85307e+07 5.92867
1.85307e+07 6.09735
2.22546e+07 6.26135
2.26794e+07 6.42106
2.2847e+07 6.5768
2.29811e+07 6.72885
2.3037e+07 6.87746
2.32606e+07 7.02286
2.73648e+07 7.16526
2.74207e+07 7.30482
2.74208e+07 7.44171
2.74208e+07 7.57609
2.74208e+07 7.70809
2.74208e+07 7.83782
2.7432e+07 7.96541
3.14467e+07 8.09095
3.16368e+07 8.21454
3.16703e+07 8.33628
3.16703e+07 8.45624
3.17486e+07 8.57449
3.19051e+07 8.69112
3.19051e+07 8.80618
3.70156e+07 8.91974
3.7038e+07 9.03185
3.70603e+07 9.14257
3.70604e+07 9.25194
3.71051e+07 9.36003
3.71721e+07 9.46687
3.71722e+07 9.5725
3.71833e+07 9.67696
4.24043e+07 9.7803
4.24043e+07 9.88255
4.24602e+07 9.98374
4.24714e+07 10.0839
4.24938e+07 10.1831
4.2505e+07 10.2813
4.25609e+07 10.3785
4.25832e+07 10.4749
4.26727e+07 10.5704
4.89351e+07 10.665
4.89351e+07 10.7587
4.89351e+07 10.8517
4.89351e+07 10.9438
4.89351e+07 11.0352
4.89798e+07 11.1258
4.89799e+07 11.2157
4.89799e+07 11.3049
4.90022e+07 11.3933
4.91252e+07 11.4811
5.57823e+07 11.5682
5.58047e+07 11.6546
5.58047e+07 11.7404
5.58382e+07 11.8256
5.59053e+07 11.9102
5.59165e+07 11.9941
5.59165e+07 12.0775
5.60394e+07 12.1603
5.60841e+07 12.2425
5.61624e+07 12.3242
5.62295e+07 12.4054
6.31651e+07 12.486
6.31651e+07 12.5661
6.3221e+07 12.6456
6.33216e+07 12.7247
6.33216e+07 12.8033
6.34222e+07 12.8814
6.34669e+07 12.959
6.34669e+07 13.0362
6.34893e+07 13.1129
6.35787e+07 13.1892
6.35899e+07 13.265
6.36011e+07 13.3404
7.10695e+07 13.4153
7.11142e+07 13.4899
7.11925e+07 13.564
7.1226e+07 13.6377
7.13266e+07 13.7111
7.13266e+07 13.784
7.1349e+07 13.8566
7.13713e+07 13.9287
7.13713e+07 14.0005
7.13825e+07 14.0719
7.14608e+07 14.143
7.14831e+07 14.2137
7.15725e+07 14.2841
7.81937e+07 14.3541
7.81937e+07 14.4237
7.83054e+07 14.4931
7.83054e+07 14.5621
7.85514e+07 14.6307
7.87749e+07 14.6991
7.88755e+07 14.7671
7.88755e+07 14.8348
7.89537e+07 14.9022
7.91326e+07 14.9694
7.91326e+07 15.0362
7.91326e+07 15.1027
7.91326e+07 15.1689
7.91661e+07 15.2348
8.71481e+07 15.3004
8.71816e+07 15.3658
8.7204e+07 15.4309
8.73493e+07 15.4957
8.75505e+07 15.5602
8.76287e+07 15.6245
8.76622e+07 15.6885
8.76622e+07 15.7522
8.77964e+07 15.8157
8.78411e+07 15.8789
8.78411e+07 15.9419
8.78411e+07 16.0046
8.7897e+07 16.0671
8.7897e+07 16.1294
8.79641e+07 16.1914
9.73915e+07 16.2531
9.75369e+07 16.3146
9.76263e+07 16.3759
9.76598e+07 16.437
9.76598e+07 16.4978
9.76599e+07 16.5585
9.77269e+07 16.6189
9.77269e+07 16.679
9.79058e+07 16.739
9.79058e+07 16.7987
9.79058e+07 16.8582
9.79617e+07 16.9176
9.80176e+07 16.9767
9.81629e+07 17.0356
9.81629e+07 17.0943
9.81629e+07 17.1528
1.07784e+08 17.2111
1.0803e+08 17.2692
1.08142e+08 17.3271
1.08142e+08 17.3848
1.08142e+08 17.4423
1.08142e+08 17.4997
1.08254e+08 17.5568
1.08466e+08 17.6138
1.08466e+08 17.6705
1.08488e+08 17.7271
1.08533e+08 17.7835
1.08589e+08 17.8398
1.08701e+08 17.8958
1.08723e+08 17.9517
1.08723e+08 18.0074
1.08723e+08 18.0629
1.08723e+08 18.1183
1.18866e+08 18.1735
1.19012e+08 18.2285
1.19179e+08 18.2834
1.19179e+08 18.3381
1.19191e+08 18.3926
1.19291e+08 18.447
1.19291e+08 18.5012
1.19336e+08 18.5552
1.19336e+08 18.6091
1.19336e+08 18.6629
1.19336e+08 18.7164
1.19336e+08 18.7699
1.19414e+08 18.8231
1.19414e+08 18.8763
1.19425e+08 18.9293
1.19448e+08 18.9821
1.19448e+08 19.0348
1.19649e+08 19.0873
1.30027e+08 19.1397
1.30072e+08 19.1919
1.30083e+08 19.244
1.30106e+08 19.296
1.30139e+08 19.3478
1.30229e+08 19.3995
1.30296e+08 19.4511
1.30318e+08 19.5025
1.30352e+08 19.5537
1.30396e+08 19.6049
1.30441e+08 19.6559
1.30486e+08 19.7068
1.30653e+08 19.7575
1.30653e+08 19.8081
1.30676e+08 19.8586
1.30709e+08 19.909
1.30709e+08 19.9592
1.30754e+08 20.0093
1.30843e+08 20.0593
1.42138e+08 20.1091
1.42138e+08 20.1589
1.42138e+08 20.2085
1.42138e+08 20.2579
1.42138e+08 20.3073
1.4216e+08 20.3566
1.42272e+08 20.4057
1.42272e+08 20.4547
1.42272e+08 20.5036
1.42272e+08 20.5523
1.42305e+08 20.601
1.42372e+08 20.6495
1.42484e+08 20.698
1.42529e+08 20.7463
1.42596e+08 20.7945
1.4263e+08 20.8426
1.42708e+08 20.8906
1.42708e+08 20.9384
1.42719e+08 20.9862
1.4273e+08 21.0338
1.54326e+08 21.0814
1.54326e+08 21.1288
1.54326e+08 21.1761
1.54416e+08 21.2234
1.54427e+08 21.2705
1.54751e+08 21.3175
1.54807e+08 21.3644
1.54829e+08 21.4112
1.54829e+08 21.4579
1.54841e+08 21.5045
1.54841e+08 21.551
1.54885e+08 21.5974
1.54941e+08 21.6437
1.54941e+08 21.6899
1.54964e+08 21.736
1.54975e+08 21.782
1.54975e+08 21.8279
1.54975e+08 21.8738
1.55008e+08 21.9195
1.55098e+08 21.9651
1.55098e+08 22.0106
1.68026e+08 22.0561
1.68026e+08 22.1014
1.68037e+08 22.1466
1.68037e+08 22.1918
1.68048e+08 22.2369
1.68171e+08 22.2818
1.68193e+08 22.3267
1.68193e+08 22.3715
1.68204e+08 22.4162
1.6835e+08 22.4608
1.6835e+08 22.5053
1.68674e+08 22.5498
1.68674e+08 22.5941
1.68763e+08 22.6384
1.6902e+08 22.6825
1.69311e+08 22.7266
1.69456e+08 22.7706
1.69456e+08 22.8145
1.69892e+08 22.8584
1.69948e+08 22.9021
1.70004e+08 22.9458
1.70049e+08 22.9894
1.80139e+08 23.0329
1.80162e+08 23.0763
1.80531e+08 23.1196
1.80531e+08 23.1629
1.80609e+08 23.206
1.80654e+08 23.2491
1.8071e+08 23.2921
1.8071e+08 23.3351
1.80832e+08 23.3779
1.80866e+08 23.4207
1.809e+08 23.4634
1.80955e+08 23.506
1.80955e+08 23.5486
1.81078e+08 23.591
1.81134e+08 23.6334
1.8128e+08 23.6757
1.81324e+08 23.718
1.81414e+08 23.7601
1.81414e+08 23.8022
1.81447e+08 23.8442
1.81447e+08 23.8862
1.81514e+08 23.928
1.94854e+08 23.9698
1.94899e+08 24.0116
1.94899e+08 24.0532
1.94899e+08 24.0948
1.94899e+08 24.1363
1.95e+08 24.1777
1.95089e+08 24.2191
1.95089e+08 24.2604
1.95111e+08 24.3016
1.95301e+08 24.3427
1.95313e+08 24.3838
1.95368e+08 24.4248
1.95391e+08 24.4658
1.95436e+08 24.5066
1.95558e+08 24.5474
1.95592e+08 24.5882
1.95592e+08 24.6288
1.95693e+08 24.6694
1.95737e+08 24.71
1.95737e+08 24.7505
1.95749e+08 24.7909
1.95749e+08 24.8312
1.95816e+08 24.8715
2.08454e+08 24.9117
2.08487e+08 24.9518
2.08532e+08 24.9919
2.08621e+08 25.0319
2.08733e+08 25.0719
2.08834e+08 25.1117
2.09057e+08 25.1516
2.09057e+08 25.1913
2.0908e+08 25.231
2.09113e+08 25.2707
2.09158e+08 25.3102
2.09281e+08 25.3497
2.09415e+08 25.3892
2.09415e+08 25.4286
2.09415e+08 25.4679
2.0956e+08 25.5072
2.0956e+08 25.5464
2.09627e+08 25.5855
2.09851e+08 25.6246
2.09996e+08 25.6636
2.10007e+08 25.7026
2.10086e+08 25.7415
2.10119e+08 25.7803
2.10242e+08 25.8191
2.23464e+08 25.8579
2.23509e+08 25.8965
2.23554e+08 25.9351
2.23777e+08 25.9737
2.23777e+08 26.0122
2.24124e+08 26.0506
2.24146e+08 26.089
2.24247e+08 26.1274
2.24269e+08 26.1656
2.24426e+08 26.2039
2.24571e+08 26.242
2.2466e+08 26.2801
2.2466e+08 26.3182
2.2466e+08 26.3562
2.2466e+08 26.3941
2.24705e+08 26.432
2.24705e+08 26.4698
2.2475e+08 26.5076
2.2475e+08 26.5453
2.25052e+08 26.583
2.25141e+08 26.6206
2.25141e+08 26.6582
2.25175e+08 26.6957
2.25175e+08 26.7332
2.25231e+08 26.7706
2.38874e+08 26.8079
2.38874e+08 26.8452
2.38874e+08 26.8825
2.38886e+08 26.9197
2.38908e+08 26.9568
2.3893e+08 26.9939
2.38984e+08 27.031
2.38997e+08 27.068
2.3914e+08 27.1049
2.39241e+08 27.1418
2.39409e+08 27.1786
2.39476e+08 27.2154
2.39498e+08 27.2522
2.3952e+08 27.2889
2.39576e+08 27.3255
2.3961e+08 27.3621
2.39655e+08 27.3987
2.39655e+08 27.4352
2.39699e+08 27.4716
2.39699e+08 27.508
2.40392e+08 27.5444
2.40571e+08 27.5807
2.40694e+08 27.6169
2.40806e+08 27.6531
2.40828e+08 27.6893
2.40996e+08 27.7254
2.55147e+08 27.7615
2.55147e+08 27.7975
2.5518e+08 27.8335
2.5518e+08 27.8694
2.55214e+08 27.9053
2.55236e+08 27.9411
2.55449e+08 27.9769
2.55449e+08 28.0127
2.55449e+08 28.0484
2.55572e+08 28.084
2.55672e+08 28.1196
2.55672e+08 28.1552
2.55695e+08 28.1907
2.55773e+08 28.2262
2.55818e+08 28.2616
2.55818e+08 28.297
2.55941e+08 28.3323
2.55941e+08 28.3676
2.55963e+08 28.4029
2.56019e+08 28.4381
2.56209e+08 28.4732
2.56991e+08 28.5084
2.57002e+08 28.5434
2.57002e+08 28.5785
2.57092e+08 28.6135
2.57103e+08 28.6484
2.57762e+08 28.6833
2.71917e+08 28.7182
2.7195e+08 28.753
2.71984e+08 28.7878
2.71984e+08 28.8225
2.71984e+08 28.8572
2.71984e+08 28.8919
2.72029e+08 28.9265
2.7204e+08 28.961
2.7204e+08 28.9956
2.72062e+08 29.0301
2.72062e+08 29.0645
2.72096e+08 29.0989
2.72096e+08 29.1333
2.72096e+08 29.1676
2.72118e+08 29.2019
2.7223e+08 29.2361
2.72275e+08 29.2703
2.72431e+08 29.3045
2.72487e+08 29.3386
2.72554e+08 29.3727
2.72677e+08 29.4068
2.72711e+08 29.4408
2.73382e+08 29.4747
2.73382e+08 29.5087
2.7365e+08 29.5425
2.73706e+08 29.5764
2.73706e+08 29.6102
2.74544e+08 29.644
2.89411e+08 29.6777
2.89411e+08 29.7114
2.89444e+08 29.7451
2.89444e+08 29.7787
2.89444e+08 29.8123
2.89445e+08 29.8458
2.89467e+08 29.8793
2.89467e+08 29.9128
2.89467e+08 29.9462
2.89501e+08 29.9796
2.89501e+08 30.013
2.89501e+08 30.0463
2.89501e+08 30.0796
2.89501e+08 30.1128
2.89501e+08 30.146
2.89501e+08 30.1792
2.89512e+08 30.2123
2.89534e+08 30.2454
2.8968e+08 30.2785
2.89735e+08 30.3115
2.89836e+08 30.3445
2.9016e+08 30.3775
2.90205e+08 30.4104
2.9082e+08 30.4433
2.90864e+08 30.4761
2.90864e+08 30.5089
2.90965e+08 30.5417
2.91222e+08 30.5744
2.91625e+08 30.6071
3.07356e+08 30.6398
3.07356e+08 30.6725
3.07479e+08 30.7051
3.07479e+08 30.7376
3.07502e+08 30.7702
3.07513e+08 30.8027
3.07513e+08 30.8351
3.07524e+08 30.8676
3.07524e+08 30.9
3.07535e+08 30.9323
3.07535e+08 30.9646
3.07535e+08 30.9969
3.07535e+08 31.0292
3.07535e+08 31.0614
3.07535e+08 31.0936
3.07535e+08 31.1258
3.07535e+08 31.1579
3.07546e+08 31.19
3.07546e+08 31.2221
3.07546e+08 31.2541
3.0758e+08 31.2861
3.0758e+08 31.3181
3.07748e+08 31.35
3.07748e+08 31.3819
3.08228e+08 31.4137
3.08229e+08 31.4456
3.08273e+08 31.4774
3.08307e+08 31.5092
3.08944e+08 31.5409
3.09671e+08 31.5726
3.26002e+08 31.6043
3.26002e+08 31.6359
3.26092e+08 31.6675
3.26103e+08 31.6991
3.26103e+08 31.7306
3.26103e+08 31.7622
3.26103e+08 31.7936
3.26125e+08 31.8251
3.26125e+08 31.8565
3.26125e+08 31.8879
3.26125e+08 31.9193
3.26125e+08 31.9506
3.26125e+08 31.9819
3.26125e+08 32.0132
3.26125e+08 32.0444
3.26125e+08 32.0756
3.26125e+08 32.1068
3.26125e+08 32.1379
3.26137e+08 32.169
3.26159e+08 32.2001
3.26159e+08 32.2312
3.26248e+08 32.2622
3.26293e+08 32.2932
3.26394e+08 32.3242
3.26461e+08 32.3551
3.26863e+08 32.386
3.26931e+08 32.4169
3.2702e+08 32.4477
3.27121e+08 32.4786
3.27579e+08 32.5094
3.28462e+08 32.5401
3.45126e+08 32.5708
3.45148e+08 32.6015
3.45237e+08 32.6322
3.45237e+08 32.6629
3.45304e+08 32.6935
3.45304e+08 32.7241
3.45305e+08 32.7546
3.45305e+08 32.7852
3.45305e+08 32.8157
3.45327e+08 32.8461
3.45338e+08 32.8766
3.45338e+08 32.907
3.45338e+08 32.9374
3.45338e+08 32.9677
3.45338e+08 32.9981
3.45338e+08 33.0284
3.45338e+08 33.0587
3.45338e+08 33.0889
3.45338e+08 33.1191
3.45338e+08 33.1493
3.45338e+08 33.1795
3.45338e+08 33.2096
3.45338e+08 33.2397
3.45338e+08 33.2698
3.45596e+08 33.2999
3.45607e+08 33.3299
3.45864e+08 33.3599
3.45942e+08 33.3899
3.46087e+08 33.4198
3.46199e+08 33.4498
3.46713e+08 33.4797
3.47462e+08 33.5095
3.64904e+08 33.5394
3.64971e+08 33.5692
3.64982e+08 33.599
3.65027e+08 33.6287
3.6505e+08 33.6585
3.65072e+08 33.6882
3.65105e+08 33.7179
3.65105e+08 33.7475
3.65105e+08 33.7772
3.65128e+08 33.8068
3.65139e+08 33.8363
3.6515e+08 33.8659
3.6515e+08 33.8954
3.6515e+08 33.9249
3.6515e+08 33.9544
3.6515e+08 33.9839
3.6515e+08 34.0133
3.6515e+08 34.0427
3.6515e+08 34.0721
3.6515e+08 34.1014
3.6515e+08 34.1307
3.6515e+08 34.16
3.65162e+08 34.1893
3.65184e+08 34.2185
3.65184e+08 34.2478
3.65419e+08 34.277
3.65441e+08 34.3061
3.65486e+08 34.3353
3.65575e+08 34.3644
3.65821e+08 34.3935
3.65866e+08 34.4226
3.66201e+08 34.4516
3.66849e+08 34.4807
3.85203e+08 34.5097
3.85236e+08 34.5387
3.85404e+08 34.5676
3.85438e+08 34.5965
3.85516e+08 34.6254
3.85527e+08 34.6543
3.85527e+08 34.6832
3.8555e+08 34.712
3.85572e+08 34.7408
3.85583e+08 34.7696
3.85605e+08 34.7984
3.85605e+08 34.8271
3.85605e+08 34.8558
3.85605e+08 34.8845
3.85606e+08 34.9132
3.85606e+08 34.9418
3.85606e+08 34.9704
3.85606e+08 34.999
3.85606e+08 35.0276
3.85606e+08 35.0561
3.85617e+08 35.0847
3.85639e+08 35.1132
3.85639e+08 35.1417
3.85661e+08 35.1701
3.85661e+08 35.1985
3.85662e+08 35.227
3.85874e+08 35.2553
3.85874e+08 35.2837
3.8593e+08 35.312
3.85963e+08 35.3404
3.86042e+08 35.3687
3.86042e+08 35.3969
3.86343e+08 35.4252
3.87271e+08 35.4534
4.06239e+08 35.4816
4.06261e+08 35.5098
4.06317e+08 35.538
4.06351e+08 35.5661
4.06373e+08 35.5942
4.06384e+08 35.6223
4.06418e+08 35.6504
4.06519e+08 35.6784
4.06552e+08 35.7065
4.06574e+08 35.7345
4.06575e+08 35.7625
4.06642e+08 35.7904
4.06642e+08 35.8184
4.06653e+08 35.8463
4.06653e+08 35.8742
4.06653e+08 35.902
4.06653e+08 35.9299
4.06653e+08 35.9577
4.06664e+08 35.9855
4.06675e+08 36.0133
4.06675e+08 36.0411
4.06675e+08 36.0688
4.06686e+08 36.0966
4.06686e+08 36.1243
4.06698e+08 36.152
4.06742e+08 36.1796
4.06742e+08 36.2073
4.06754e+08 36.2349
4.06865e+08 36.2625
4.06932e+08 36.2901
4.06944e+08 36.3176
4.06955e+08 36.3451
4.06955e+08 36.3727
4.07178e+08 36.4002
4.08084e+08 36.4276
4.2771e+08 36.4551
4.27778e+08 36.4825
4.27856e+08 36.5099
4.27856e+08 36.5373
4.27945e+08 36.5647
4.27945e+08 36.592
4.27945e+08 36.6194
4.27945e+08 36.6467
4.2799e+08 36.6739
4.28001e+08 36.7012
4.28001e+08 36.7285
4.28001e+08 36.7557
4.28001e+08 36.7829
4.28001e+08 36.8101
4.28001e+08 36.8372
4.28024e+08 36.8644
4.28068e+08 36.8915
4.28091e+08 36.9186
4.28135e+08 36.9457
4.28147e+08 36.9728
4.28158e+08 36.9998
4.28158e+08 37.0269
4.2818e+08 37.0539
4.2818e+08 37.0809
4.28191e+08 37.1078
4.28191e+08 37.1348
4.28225e+08 37.1617
4.28247e+08 37.1886
4.28281e+08 37.2155
4.28326e+08 37.2424
4.28326e+08 37.2692
4.28326e+08 37.296
4.28326e+08 37.3229
4.28359e+08 37.3497
4.28449e+08 37.3764
4.28817e+08 37.4032
4.49539e+08 37.4299
4.49796e+08 37.4566
4.49863e+08 37.4833
4.49863e+08 37.51
4.49863e+08 37.5367
4.49863e+08 37.5633
4.49863e+08 37.5899
4.49863e+08 37.6165
4.49886e+08 37.6431
4.49919e+08 37.6697
4.4993e+08 37.6962
4.49931e+08 37.7228
4.49931e+08 37.7493
4.49931e+08 37.7758
4.49931e+08 37.8022
4.49931e+08 37.8287
4.49931e+08 37.8551
4.49931e+08 37.8815
4.49931e+08 37.9079
4.49942e+08 37.9343
4.49986e+08 37.9607
4.49986e+08 37.987
4.50009e+08 38.0133
4.5002e+08 38.0397
4.5002e+08 38.0659
4.50054e+08 38.0922
4.50087e+08 38.1185
4.50098e+08 38.1447
4.50132e+08 38.1709
4.50188e+08 38.1971
4.50288e+08 38.2233
4.50322e+08 38.2495
4.50322e+08 38.2756
4.50333e+08 38.3017
4.50333e+08 38.3278
4.50333e+08 38.3539
4.50344e+08 38.38
4.72509e+08 38.406
4.7261e+08 38.4321
4.72655e+08 38.4581
4.72666e+08 38.4841
4.72666e+08 38.5101
4.72677e+08 38.5361
4.72677e+08 38.562
4.72722e+08 38.5879
4.72722e+08 38.6139
4.72722e+08 38.6398
4.72722e+08 38.6656
4.72722e+08 38.6915
4.72722e+08 38.7173
4.72733e+08 38.7432
4.72733e+08 38.769
4.72755e+08 38.7948
4.72755e+08 38.8206
4.72778e+08 38.8463
4.72778e+08 38.8721
4.72778e+08 38.8978
4.72822e+08 38.9235
4.72845e+08 38.9492
4.72845e+08 38.9749
4.72856e+08 39.0005
4.72856e+08 39.0262
4.72856e+08 39.0518
4.72878e+08 39.0774
4.72878e+08 39.103
4.72878e+08 39.1285
4.72878e+08 39.1541
4.72901e+08 39.1796
4.72945e+08 39.2052
4.73124e+08 39.2307
4.73124e+08 39.2562
4.73124e+08 39.2816
4.73124e+08 39.3071
4.73135e+08 39.3325
4.73135e+08 39.358
4.95504e+08 39.3834
4.95806e+08 39.4088
4.95951e+08 39.4341
4.95974e+08 39.4595
4.95974e+08 39.4848
4.95974e+08 39.5102
4.95996e+08 39.5355
4.95996e+08 39.5608
4.95996e+08 39.586
4.95996e+08 39.6113
4.95996e+08 39.6366
4.95996e+08 39.6618
4.95996e+08 39.687
4.96007e+08 39.7122
4.96019e+08 39.7374
4.96041e+08 39.7625
4.96063e+08 39.7877
4.96108e+08 39.8128
4.96119e+08 39.8379
4.9613e+08 39.863
4.96142e+08 39.8881
4.96142e+08 39.9132
4.96142e+08 39.9382
4.96142e+08 39.9633
4.96142e+08 39.9883
4.96153e+08 40.0133
4.96164e+08 40.0383
4.96175e+08 40.0633
4.96175e+08 40.0882
4.96175e+08 40.1132
4.96175e+08 40.1381
4.96175e+08 40.163
4.96175e+08 40.1879
4.96231e+08 40.2128
4.96231e+08 40.2377
4.96265e+08 40.2625
4.96265e+08 40.2874
4.96321e+08 40.3122
4.96343e+08 40.337
5.19104e+08 40.3618
5.19651e+08 40.3866
5.19786e+08 40.4113
5.1983e+08 40.4361
5.19853e+08 40.4608
5.19875e+08 40.4855
5.19886e+08 40.5102
5.19886e+08 40.5349
5.19886e+08 40.5596
5.19886e+08 40.5842
5.19909e+08 40.6089
5.1992e+08 40.6335
5.1992e+08 40.6581
5.1992e+08 40.6827
5.1992e+08 40.7073
5.1992e+08 40.7318
5.19942e+08 40.7564
5.20032e+08 40.7809
5.20032e+08 40.8055
5.20032e+08 40.83
5.20032e+08 40.8545
5.20043e+08 40.8789
5.20043e+08 40.9034
5.20065e+08 40.9278
5.20065e+08 40.9523
5.20065e+08 40.9767
5.20077e+08 41.0011
5.20077e+08 41.0255
5.20077e+08 41.0499
5.20077e+08 41.0742
5.20077e+08 41.0986
5.20077e+08 41.1229
5.20077e+08 41.1472
5.20077e+08 41.1715
5.20077e+08 41.1958
5.2011e+08 41.2201
5.2011e+08 41.2443
5.20133e+08 41.2686
5.20222e+08 41.2928
5.20222e+08 41.317
5.43193e+08 41.3412
5.43439e+08 41.3654
5.4364e+08 41.3896
5.43808e+08 41.4138
5.43864e+08 41.4379
5.43919e+08 41.462
5.44031e+08 41.4862
5.44065e+08 41.5103
5.44065e+08 41.5344
5.44087e+08 41.5584
5.44087e+08 41.5825
5.44177e+08 41.6065
5.44177e+08 41.6306
5.44221e+08 41.6546
5.44244e+08 41.6786
5.44244e+08 41.7026
5.44266e+08 41.7266
5.44344e+08 41.7505
5.444e+08 41.7745
5.444e+08 41.7984
5.44434e+08 41.8224
5.44479e+08 41.8463
5.44479e+08 41.8702
5.44479e+08 41.8941
5.44557e+08 41.9179
5.44557e+08 41.9418
5.44568e+08 41.9656
5.44568e+08 41.9894
5.44568e+08 42.0133
5.44568e+08 42.0371
5.44568e+08 42.0609
5.44568e+08 42.0846
5.44568e+08 42.1084
5.44568e+08 42.1321
5.4459e+08 42.1559
5.4459e+08 42.1796
5.4459e+08 42.2033
5.4459e+08 42.227
5.44613e+08 42.2507
5.44635e+08 42.2743
5.44635e+08 42.298
5.67893e+08 42.3216
5.68105e+08 42.3453
5.68519e+08 42.3689
5.68597e+08 42.3925
5.68687e+08 42.4161
5.68687e+08 42.4397
5.6872e+08 42.4632
5.6872e+08 42.4868
5.6872e+08 42.5103
5.68787e+08 42.5338
5.68787e+08 42.5573
5.68832e+08 42.5808
5.68854e+08 42.6043
5.69067e+08 42.6278
5.69145e+08 42.6513
5.69145e+08 42.6747
5.69167e+08 42.6981
5.69223e+08 42.7216
5.69223e+08 42.745
5.69234e+08 42.7684
5.69246e+08 42.7917
5.69257e+08 42.8151
5.69268e+08 42.8385
5.69268e+08 42.8618
5.69279e+08 42.8851
5.69302e+08 42.9085
5.69335e+08 42.9318
5.69335e+08 42.9551
5.69335e+08 42.9783
5.69335e+08 43.0016
5.69335e+08 43.0249
5.69357e+08 43.0481
5.69357e+08 43.0713
5.69402e+08 43.0945
5.69413e+08 43.1178
5.69413e+08 43.1409
5.69425e+08 43.1641
5.69548e+08 43.1873
5.69548e+08 43.2104
5.69604e+08 43.2336
5.69615e+08 43.2567
5.69637e+08 43.2798
5.93417e+08 43.3029
5.93439e+08 43.326
5.93529e+08 43.3491
5.93551e+08 43.3722
5.93708e+08 43.3952
5.93741e+08 43.4183
5.93842e+08 43.4413
5.93853e+08 43.4643
5.93853e+08 43.4873
5.93853e+08 43.5103
5.93887e+08 43.5333
5.9392e+08 43.5563
5.93965e+08 43.5792
5.94088e+08 43.6022
5.94155e+08 43.6251
5.94188e+08 43.6481
5.94244e+08 43.671
5.94356e+08 43.6939
5.94356e+08 43.7167
5.94367e+08 43.7396
5.94367e+08 43.7625
5.94457e+08 43.7853
5.94513e+08 43.8082
5.94513e+08 43.831
5.94557e+08 43.8538
5.94557e+08 43.8766
5.94591e+08 43.8994
5.94591e+08 43.9222
5.94591e+08 43.945
5.94625e+08 43.9677
5.9468e+08 43.9905
5.94714e+08 44.0132
5.94714e+08 44.0359
5.94748e+08 44.0586
5.94781e+08 44.0813
5.94781e+08 44.104
5.94781e+08 44.1267
5.94781e+08 44.1493
5.94859e+08 44.172
5.94882e+08 44.1946
5.95061e+08 44.2173
5.95206e+08 44.2399
5.95262e+08 44.2625
6.18979e+08 44.2851
6.19019e+08 44.3076
6.19271e+08 44.3302
6.19326e+08 44.3528
6.19506e+08 44.3753
6.1953e+08 44.3979
6.19551e+08 44.4204
6.19551e+08 44.4429
6.19577e+08 44.4654
6.19589e+08 44.4879
6.19608e+08 44.5104
6.19608e+08 44.5328
6.1963e+08 44.5553
6.19643e+08 44.5777
6.19664e+08 44.6002
6.19664e+08 44.6226
6.19698e+08 44.645
6.19722e+08 44.6674
6.19722e+08 44.6898
6.19755e+08 44.7122
6.19778e+08 44.7345
6.19801e+08 44.7569
6.19811e+08 44.7792
6.19811e+08 44.8015
6.19811e+08 44.8239
6.19835e+08 44.8462
6.19846e+08 44.8685
6.19846e+08 44.8908
6.19846e+08 44.913
6.19846e+08 44.9353
6.19846e+08 44.9576
6.19881e+08 44.9798
6.19903e+08 45.002
6.19914e+08 45.0243
6.19914e+08 45.0465
6.19914e+08 45.0687
6.19914e+08 45.0909
6.19929e+08 45.113
6.19951e+08 45.1352
6.20077e+08 45.1574
6.20109e+08 45.1795
6.20544e+08 45.2016
6.207e+08 45.2238
6.20835e+08 45.2459
6.29429e+08 45.268
6.29552e+08 45.2901
6.29954e+08 45.3121
