4.78092e+06 2
8.31581e+06 2.5
8.31582e+06 2.9
1.02694e+07 3.24483
1.02694e+07 3.55301
1.1933e+07 3.83446
1.1933e+07 4.09525
1.19889e+07 4.33944
1.56496e+07 4.56988
1.56608e+07 4.78871
1.56608e+07 4.99753
1.57504e+07 5.19763
1.90283e+07 5.39003
1.90507e+07 5.57555
1.90507e+07 5.75491
1.91181e+07 5.92867
1.91182e+07 6.09735
2.30351e+07 6.26135
2.30464e+07 6.42106
2.30464e+07 6.5768
2.30802e+07 6.72885
2.30802e+07 6.87746
2.30802e+07 7.02286
2.74708e+07 7.16526
2.75715e+07 7.30482
2.75715e+07 7.44171
2.76166e+07 7.57609
2.76166e+07 7.70809
2.76166e+07 7.83782
2.76166e+07 7.96541
3.16199e+07 8.09095
3.16871e+07 8.21454
3.16871e+07 8.33628
3.18103e+07 8.45624
3.18326e+07 8.57449
3.18438e+07 8.69112
3.18662e+07 8.80618
3.62819e+07 8.91974
3.62819e+07 9.03185
3.63827e+07 9.14257
3.63827e+07 9.25194
3.65841e+07 9.36003
3.65841e+07 9.46687
3.66065e+07 9.5725
3.66289e+07 9.67696
4.15937e+07 9.7803
4.15937e+07 9.88255
4.15937e+07 9.98374
4.1728e+07 10.0839
4.1728e+07 10.1831
4.19406e+07 10.2813
4.19406e+07 10.3785
4.1963e+07 10.4749
4.20078e+07 10.5704
4.7551e+07 10.665
4.7551e+07 10.7587
4.75511e+07 10.8517
4.76741e+07 10.9438
4.76741e+07 11.0352
4.76741e+07 11.1258
4.79425e+07 11.2157
4.8032e+07 11.3049
4.80879e+07 11.3933
4.81438e+07 11.4811
5.41631e+07 11.5682
5.41631e+07 11.6546
5.41855e+07 11.7404
5.42303e+07 11.8256
5.42303e+07 11.9102
5.42415e+07 11.9941
5.42639e+07 12.0775
5.44764e+07 12.1603
5.45323e+07 12.2425
5.46218e+07 12.3242
5.46218e+07 12.4054
6.13919e+07 12.486
6.13919e+07 12.5661
6.14143e+07 12.6456
6.14367e+07 12.7247
6.14368e+07 12.8033
6.14479e+07 12.8814
6.14591e+07 12.959
6.14592e+07 13.0362
6.175e+07 13.1129
6.175e+07 13.1892
6.17724e+07 13.265
6.17724e+07 13.3404
6.91299e+07 13.4153
6.91299e+07 13.4899
6.91523e+07 13.564
6.91859e+07 13.6377
6.91859e+07 13.7111
6.92195e+07 13.784
6.92418e+07 13.8566
6.92419e+07 13.9287
6.9253e+07 14.0005
6.94991e+07 14.0719
6.95103e+07 14.143
6.95103e+07 14.2137
6.95215e+07 14.2841
7.74937e+07 14.3541
7.74937e+07 14.4237
7.75049e+07 14.4931
7.7628e+07 14.5621
7.7628e+07 14.6307
7.76503e+07 14.6991
7.76839e+07 14.7671
7.76951e+07 14.8348
7.77287e+07 14.9022
7.77287e+07 14.9694
7.79301e+07 15.0362
7.79301e+07 15.1027
7.79301e+07 15.1689
7.79413e+07 15.2348
8.62834e+07 15.3004
8.6317e+07 15.3658
8.63729e+07 15.4309
8.66302e+07 15.4957
8.66302e+07 15.5602
8.66302e+07 15.6245
8.66973e+07 15.6885
8.66973e+07 15.7522
8.66973e+07 15.8157
8.66974e+07 15.8789
8.68652e+07 15.9419
8.68652e+07 16.0046
8.68652e+07 16.0671
8.68652e+07 16.1294
8.68652e+07 16.1914
9.53196e+07 16.2531
9.55544e+07 16.3146
9.55991e+07 16.3759
9.61581e+07 16.437
9.61805e+07 16.4978
9.61805e+07 16.5585
9.62476e+07 16.6189
9.62811e+07 16.679
9.62812e+07 16.739
9.62812e+07 16.7987
9.64825e+07 16.8582
9.65161e+07 16.9176
9.65161e+07 16.9767
9.65161e+07 17.0356
9.65161e+07 17.0943
9.65274e+07 17.1528
1.05205e+08 17.2111
1.05496e+08 17.2692
1.05507e+08 17.3271
1.05921e+08 17.3848
1.05955e+08 17.4423
1.05955e+08 17.4997
1.05977e+08 17.5568
1.06078e+08 17.6138
1.06078e+08 17.6705
1.06122e+08 17.7271
1.06491e+08 17.7835
1.06491e+08 17.8398
1.06503e+08 17.8958
1.06514e+08 17.9517
1.06514e+08 18.0074
1.06514e+08 18.0629
1.06514e+08 18.1183
1.15818e+08 18.1735
1.16075e+08 18.2285
1.16098e+08 18.2834
1.1669e+08 18.3381
1.16735e+08 18.3926
1.16735e+08 18.447
1.16836e+08 18.5012
1.1688e+08 18.5552
1.16892e+08 18.6091
1.16903e+08 18.6629
1.17205e+08 18.7164
1.17205e+08 18.7699
1.17205e+08 18.8231
1.17205e+08 18.8763
1.17205e+08 18.9293
1.17205e+08 18.9821
1.17238e+08 19.0348
1.17272e+08 19.0873
1.27149e+08 19.1397
1.27328e+08 19.1919
1.27417e+08 19.244
1.28122e+08 19.296
1.282e+08 19.3478
1.28245e+08 19.3995
1.28289e+08 19.4511
1.28289e+08 19.5025
1.28301e+08 19.5537
1.28323e+08 19.6049
1.28569e+08 19.6559
1.2858e+08 19.7068
1.2858e+08 19.7575
1.2858e+08 19.8081
1.28625e+08 19.8586
1.28636e+08 19.909
1.28647e+08 19.9592
1.28681e+08 20.0093
1.28692e+08 20.0593
1.39233e+08 20.1091
1.39311e+08 20.1589
1.39311e+08 20.2085
1.39904e+08 20.2579
1.40027e+08 20.3073
1.40072e+08 20.3566
1.40072e+08 20.4057
1.40117e+08 20.4547
1.4015e+08 20.5036
1.4015e+08 20.5523
1.40475e+08 20.601
1.40519e+08 20.6495
1.40553e+08 20.698
1.40564e+08 20.7463
1.4062e+08 20.7945
1.4062e+08 20.8426
1.40631e+08 20.8906
1.40631e+08 20.9384
1.40631e+08 20.9862
1.40631e+08 21.0338
1.51835e+08 21.0814
1.5188e+08 21.1288
1.5188e+08 21.1761
1.52405e+08 21.2234
1.52528e+08 21.2705
1.52596e+08 21.3175
1.52618e+08 21.3644
1.52618e+08 21.4112
1.5264e+08 21.4579
1.5264e+08 21.5045
1.53043e+08 21.551
1.53188e+08 21.5974
1.53188e+08 21.6437
1.53211e+08 21.6899
1.53244e+08 21.736
1.53244e+08 21.782
1.53278e+08 21.8279
1.53289e+08 21.8738
1.53289e+08 21.9195
1.53289e+08 21.9651
1.53289e+08 22.0106
1.65019e+08 22.0561
1.65019e+08 22.1014
1.65086e+08 22.1466
1.65433e+08 22.1918
1.65679e+08 22.2369
1.65735e+08 22.2818
1.65858e+08 22.3267
1.6588e+08 22.3715
1.6588e+08 22.4162
1.6588e+08 22.4608
1.6616e+08 22.5053
1.66182e+08 22.5498
1.66182e+08 22.5941
1.66182e+08 22.6384
1.66249e+08 22.6825
1.66249e+08 22.7266
1.66283e+08 22.7706
1.6635e+08 22.8145
1.6635e+08 22.8584
1.6635e+08 22.9021
1.6635e+08 22.9458
1.6635e+08 22.9894
1.77723e+08 23.0329
1.77723e+08 23.0763
1.77723e+08 23.1196
1.78361e+08 23.1629
1.78484e+08 23.206
1.78529e+08 23.2491
1.7854e+08 23.2921
1.7854e+08 23.3351
1.78585e+08 23.3779
1.78607e+08 23.4207
1.78831e+08 23.4634
1.79177e+08 23.506
1.79177e+08 23.5486
1.79211e+08 23.591
1.79222e+08 23.6334
1.79255e+08 23.6757
1.79323e+08 23.718
1.79356e+08 23.7601
1.79356e+08 23.8022
1.79356e+08 23.8442
1.79356e+08 23.8862
1.79356e+08 23.928
1.91434e+08 23.9698
1.91434e+08 24.0116
1.91434e+08 24.0532
1.91434e+08 24.0948
1.92105e+08 24.1363
1.92273e+08 24.1777
1.92418e+08 24.2191
1.92541e+08 24.2604
1.92552e+08 24.3016
1.92586e+08 24.3427
1.92586e+08 24.3838
1.9272e+08 24.4248
1.92966e+08 24.4658
1.92966e+08 24.5066
1.92966e+08 24.5474
1.92966e+08 24.5882
1.92977e+08 24.6288
1.93011e+08 24.6694
1.93055e+08 24.71
1.93055e+08 24.7505
1.93055e+08 24.7909
1.93078e+08 24.8312
1.93078e+08 24.8715
2.05645e+08 24.9117
2.05645e+08 24.9518
2.05645e+08 24.9919
2.05645e+08 25.0319
2.05645e+08 25.0719
2.06674e+08 25.1117
2.06775e+08 25.1516
2.06819e+08 25.1913
2.06819e+08 25.231
2.06819e+08 25.2707
2.06831e+08 25.3102
2.06853e+08 25.3497
2.06909e+08 25.3892
2.07188e+08 25.4286
2.07211e+08 25.4679
2.07267e+08 25.5072
2.07289e+08 25.5464
2.07334e+08 25.5855
2.07423e+08 25.6246
2.07446e+08 25.6636
2.07446e+08 25.7026
2.07446e+08 25.7415
2.07446e+08 25.7803
2.07446e+08 25.8191
2.20431e+08 25.8579
2.20431e+08 25.8965
2.20431e+08 25.9351
2.20431e+08 25.9737
2.20431e+08 26.0122
2.20431e+08 26.0506
2.21661e+08 26.089
2.21683e+08 26.1274
2.21694e+08 26.1656
2.21694e+08 26.2039
2.21705e+08 26.242
2.21705e+08 26.2801
2.21728e+08 26.3182
2.2175e+08 26.3562
2.22041e+08 26.3941
2.22063e+08 26.432
2.22108e+08 26.4698
2.22108e+08 26.5076
2.2213e+08 26.5453
2.2222e+08 26.583
2.22309e+08 26.6206
2.22332e+08 26.6582
2.22332e+08 26.6957
2.22354e+08 26.7332
2.22365e+08 26.7706
2.35899e+08 26.8079
2.35899e+08 26.8452
2.35943e+08 26.8825
2.35988e+08 26.9197
2.36011e+08 26.9568
2.36011e+08 26.9939
2.36044e+08 27.031
2.37017e+08 27.068
2.37017e+08 27.1049
2.37017e+08 27.1418
2.37017e+08 27.1786
2.37017e+08 27.2154
2.37039e+08 27.2522
2.37084e+08 27.2889
2.37129e+08 27.3255
2.37386e+08 27.3621
2.37419e+08 27.3987
2.37431e+08 27.4352
2.37431e+08 27.4716
2.37431e+08 27.508
2.37599e+08 27.5444
2.378e+08 27.5807
2.37811e+08 27.6169
2.37845e+08 27.6531
2.37889e+08 27.6893
2.37912e+08 27.7254
2.52263e+08 27.7615
2.52286e+08 27.7975
2.52286e+08 27.8335
2.52353e+08 27.8694
2.52375e+08 27.9053
2.52375e+08 27.9411
2.52442e+08 27.9769
2.52465e+08 28.0127
2.5308e+08 28.0484
2.5308e+08 28.084
2.5308e+08 28.1196
2.53091e+08 28.1552
2.53091e+08 28.1907
2.53113e+08 28.2262
2.53203e+08 28.2616
2.53214e+08 28.297
2.5346e+08 28.3323
2.53471e+08 28.3676
2.53606e+08 28.4029
2.53606e+08 28.4381
2.53606e+08 28.4732
2.53986e+08 28.5084
2.54142e+08 28.5434
2.54154e+08 28.5785
2.54154e+08 28.6135
2.54165e+08 28.6484
2.54165e+08 28.6833
2.68951e+08 28.7182
2.68996e+08 28.753
2.68996e+08 28.7878
2.69153e+08 28.8225
2.69153e+08 28.8572
2.69175e+08 28.8919
2.69186e+08 28.9265
2.69186e+08 28.961
2.69186e+08 28.9956
2.69801e+08 29.0301
2.69801e+08 29.0645
2.69801e+08 29.0989
2.69801e+08 29.1333
2.69801e+08 29.1676
2.69801e+08 29.2019
2.69801e+08 29.2361
2.69812e+08 29.2703
2.70115e+08 29.3045
2.70115e+08 29.3386
2.70271e+08 29.3727
2.70372e+08 29.4068
2.70372e+08 29.4408
2.70663e+08 29.4747
2.70886e+08 29.5087
2.70886e+08 29.5425
2.70887e+08 29.5764
2.70898e+08 29.6102
2.7092e+08 29.644
2.86319e+08 29.6777
2.86341e+08 29.7114
2.86386e+08 29.7451
2.86542e+08 29.7787
2.86587e+08 29.8123
2.86587e+08 29.8458
2.86587e+08 29.8793
2.86632e+08 29.9128
2.86632e+08 29.9462
2.8709e+08 29.9796
2.8709e+08 30.013
2.8709e+08 30.0463
2.8709e+08 30.0796
2.8709e+08 30.1128
2.8709e+08 30.146
2.8709e+08 30.1792
2.8709e+08 30.2123
2.8709e+08 30.2454
2.87437e+08 30.2785
2.87448e+08 30.3115
2.87527e+08 30.3445
2.87594e+08 30.3775
2.87628e+08 30.4104
2.87918e+08 30.4433
2.88131e+08 30.4761
2.88131e+08 30.5089
2.88131e+08 30.5417
2.88131e+08 30.5744
2.88131e+08 30.6071
3.0388e+08 30.6398
3.0388e+08 30.6725
3.0388e+08 30.7051
3.04316e+08 30.7376
3.04338e+08 30.7702
3.04428e+08 30.8027
3.04461e+08 30.8351
3.04551e+08 30.8676
3.04551e+08 30.9
3.04808e+08 30.9323
3.04808e+08 30.9646
3.04808e+08 30.9969
3.04808e+08 31.0292
3.04819e+08 31.0614
3.04819e+08 31.0936
3.04819e+08 31.1258
3.04819e+08 31.1579
3.04819e+08 31.19
3.0482e+08 31.2221
3.05256e+08 31.2541
3.05278e+08 31.2861
3.05334e+08 31.3181
3.0539e+08 31.35
3.05413e+08 31.3819
3.05692e+08 31.4137
3.05849e+08 31.4456
3.05849e+08 31.4774
3.05849e+08 31.5092
3.0586e+08 31.5409
3.05883e+08 31.5726
3.2231e+08 31.6043
3.22332e+08 31.6359
3.22344e+08 31.6675
3.22455e+08 31.6991
3.22455e+08 31.7306
3.22455e+08 31.7622
3.22455e+08 31.7936
3.22467e+08 31.8251
3.22478e+08 31.8565
3.23026e+08 31.8879
3.23037e+08 31.9193
3.23037e+08 31.9506
3.23059e+08 31.9819
3.23059e+08 32.0132
3.23082e+08 32.0444
3.23093e+08 32.0756
3.23093e+08 32.1068
3.23093e+08 32.1379
3.23093e+08 32.169
3.23104e+08 32.2001
3.23596e+08 32.2312
3.2363e+08 32.2622
3.23664e+08 32.2932
3.23787e+08 32.3242
3.23876e+08 32.3551
3.24044e+08 32.386
3.24178e+08 32.4169
3.24178e+08 32.4477
3.24178e+08 32.4786
3.24178e+08 32.5094
3.24201e+08 32.5401
3.41252e+08 32.5708
3.41252e+08 32.6015
3.41252e+08 32.6322
3.4142e+08 32.6629
3.4142e+08 32.6935
3.41431e+08 32.7241
3.41431e+08 32.7546
3.41431e+08 32.7852
3.41465e+08 32.8157
3.41532e+08 32.8461
3.41566e+08 32.8766
3.41566e+08 32.907
3.41577e+08 32.9374
3.41611e+08 32.9677
3.41611e+08 32.9981
3.41611e+08 33.0284
3.41611e+08 33.0587
3.41633e+08 33.0889
3.41633e+08 33.1191
3.41644e+08 33.1493
3.41734e+08 33.1795
3.42304e+08 33.2096
3.42394e+08 33.2397
3.42573e+08 33.2698
3.42819e+08 33.2999
3.42852e+08 33.3299
3.43076e+08 33.3599
3.43244e+08 33.3899
3.43255e+08 33.4198
3.43255e+08 33.4498
3.43255e+08 33.4797
3.43255e+08 33.5095
3.60789e+08 33.5394
3.60789e+08 33.5692
3.60789e+08 33.599
3.60901e+08 33.6287
3.60901e+08 33.6585
3.60901e+08 33.6882
3.60901e+08 33.7179
3.60901e+08 33.7475
3.60946e+08 33.7772
3.61035e+08 33.8068
3.61113e+08 33.8363
3.61113e+08 33.8659
3.61114e+08 33.8954
3.61169e+08 33.9249
3.61181e+08 33.9544
3.61181e+08 33.9839
3.61181e+08 34.0133
3.61181e+08 34.0427
3.61192e+08 34.0721
3.61192e+08 34.1014
3.61225e+08 34.1307
3.61225e+08 34.16
3.61416e+08 34.1893
3.61751e+08 34.2185
3.62366e+08 34.2478
3.62411e+08 34.277
3.62411e+08 34.3061
3.62679e+08 34.3353
3.6278e+08 34.3644
3.6278e+08 34.3935
3.6278e+08 34.4226
3.6278e+08 34.4516
3.62792e+08 34.4807
3.80903e+08 34.5097
3.80903e+08 34.5387
3.80903e+08 34.5676
3.80925e+08 34.5965
3.80925e+08 34.6254
3.80925e+08 34.6543
3.80925e+08 34.6832
3.80937e+08 34.712
3.80937e+08 34.7408
3.80959e+08 34.7696
3.81105e+08 34.7984
3.81116e+08 34.8271
3.81172e+08 34.8558
3.81239e+08 34.8845
3.81239e+08 34.9132
3.81239e+08 34.9418
3.81239e+08 34.9704
3.81239e+08 34.999
3.81284e+08 35.0276
3.81317e+08 35.0561
3.81328e+08 35.0847
3.81362e+08 35.1132
3.81384e+08 35.1417
3.81507e+08 35.1701
3.81619e+08 35.1985
3.8257e+08 35.227
3.82592e+08 35.2553
3.82592e+08 35.2837
3.82693e+08 35.312
3.82861e+08 35.3404
3.82894e+08 35.3687
3.82928e+08 35.3969
3.82928e+08 35.4252
3.82984e+08 35.4534
4.01678e+08 35.4816
4.017e+08 35.5098
4.01711e+08 35.538
4.01745e+08 35.5661
4.01745e+08 35.5942
4.01745e+08 35.6223
4.01745e+08 35.6504
4.01745e+08 35.6784
4.01745e+08 35.7065
4.01768e+08 35.7345
4.01779e+08 35.7625
4.01779e+08 35.7904
4.01779e+08 35.8184
4.01779e+08 35.8463
4.01779e+08 35.8742
4.01779e+08 35.902
4.01779e+08 35.9299
4.01812e+08 35.9577
4.01846e+08 35.9855
4.01846e+08 36.0133
4.01846e+08 36.0411
4.01846e+08 36.0688
4.01913e+08 36.0966
4.01913e+08 36.1243
4.02137e+08 36.152
4.02148e+08 36.1796
4.03334e+08 36.2073
4.03367e+08 36.2349
4.03367e+08 36.2625
4.03412e+08 36.2901
4.03569e+08 36.3176
4.0358e+08 36.3451
4.0358e+08 36.3727
4.03591e+08 36.4002
4.03647e+08 36.4276
4.22977e+08 36.4551
4.23022e+08 36.4825
4.23044e+08 36.5099
4.231e+08 36.5373
4.231e+08 36.5647
4.231e+08 36.592
4.231e+08 36.6194
4.231e+08 36.6467
4.231e+08 36.6739
4.231e+08 36.7012
4.231e+08 36.7285
4.231e+08 36.7557
4.231e+08 36.7829
4.23111e+08 36.8101
4.23123e+08 36.8372
4.23134e+08 36.8644
4.23134e+08 36.8915
4.23134e+08 36.9186
4.23134e+08 36.9457
4.23134e+08 36.9728
4.23134e+08 36.9998
4.23134e+08 37.0269
4.23134e+08 37.0539
4.23134e+08 37.0809
4.23134e+08 37.1078
4.23425e+08 37.1348
4.2347e+08 37.1617
4.247e+08 37.1886
4.247e+08 37.2155
4.247e+08 37.2424
4.24711e+08 37.2692
4.24913e+08 37.296
4.24991e+08 37.3229
4.24991e+08 37.3497
4.25024e+08 37.3764
4.25047e+08 37.4032
4.4477e+08 37.4299
4.4477e+08 37.4566
4.4477e+08 37.4833
4.44905e+08 37.51
4.44905e+08 37.5367
4.44905e+08 37.5633
4.44905e+08 37.5899
4.44905e+08 37.6165
4.44905e+08 37.6431
4.44905e+08 37.6697
4.44905e+08 37.6962
4.44905e+08 37.7228
4.44905e+08 37.7493
4.44905e+08 37.7758
4.44905e+08 37.8022
4.44927e+08 37.8287
4.44927e+08 37.8551
4.44938e+08 37.8815
4.44938e+08 37.9079
4.44938e+08 37.9343
4.44939e+08 37.9607
4.44939e+08 37.987
4.44939e+08 38.0133
4.44939e+08 38.0397
4.44939e+08 38.0659
4.44939e+08 38.0922
4.45241e+08 38.1185
4.45319e+08 38.1447
4.46527e+08 38.1709
4.46538e+08 38.1971
4.46538e+08 38.2233
4.46594e+08 38.2495
4.46684e+08 38.2756
4.46762e+08 38.3017
4.46762e+08 38.3278
4.46796e+08 38.3539
4.4684e+08 38.38
4.67378e+08 38.406
4.67378e+08 38.4321
4.67389e+08 38.4581
4.67479e+08 38.4841
4.67479e+08 38.5101
4.67479e+08 38.5361
4.67479e+08 38.562
4.67479e+08 38.5879
4.67479e+08 38.6139
4.67479e+08 38.6398
4.67479e+08 38.6656
4.67479e+08 38.6915
4.67479e+08 38.7173
4.67479e+08 38.7432
4.67479e+08 38.769
4.67479e+08 38.7948
4.6749e+08 38.8206
4.67501e+08 38.8463
4.67501e+08 38.8721
4.67501e+08 38.8978
4.67513e+08 38.9235
4.67513e+08 38.9492
4.67513e+08 38.9749
4.67513e+08 39.0005
4.67513e+08 39.0262
4.67513e+08 39.0518
4.67513e+08 39.0774
4.67725e+08 39.103
4.67882e+08 39.1285
4.69179e+08 39.1541
4.69202e+08 39.1796
4.69202e+08 39.2052
4.69202e+08 39.2307
4.69269e+08 39.2562
4.69359e+08 39.2816
4.69359e+08 39.3071
4.69359e+08 39.3325
4.69403e+08 39.358
4.90549e+08 39.3834
4.90549e+08 39.4088
4.90583e+08 39.4341
4.9065e+08 39.4595
4.9065e+08 39.4848
4.9065e+08 39.5102
4.9065e+08 39.5355
4.9065e+08 39.5608
4.9065e+08 39.586
4.9065e+08 39.6113
4.9065e+08 39.6366
4.9065e+08 39.6618
4.9065e+08 39.687
4.9065e+08 39.7122
4.9065e+08 39.7374
4.9065e+08 39.7625
4.9065e+08 39.7877
4.90662e+08 39.8128
4.90662e+08 39.8379
4.90673e+08 39.863
4.90673e+08 39.8881
4.90673e+08 39.9132
4.90673e+08 39.9382
4.90673e+08 39.9633
4.90684e+08 39.9883
4.90684e+08 40.0133
4.90684e+08 40.0383
4.90684e+08 40.0633
4.91199e+08 40.0882
4.91254e+08 40.1132
4.92384e+08 40.1381
4.92384e+08 40.163
4.92384e+08 40.1879
4.92384e+08 40.2128
4.92385e+08 40.2377
4.92541e+08 40.2625
4.92541e+08 40.2874
4.92553e+08 40.3122
4.92575e+08 40.337
5.14342e+08 40.3618
5.14342e+08 40.3866
5.14364e+08 40.4113
5.14364e+08 40.4361
5.14375e+08 40.4608
5.14386e+08 40.4855
5.14386e+08 40.5102
5.14386e+08 40.5349
5.14386e+08 40.5596
5.14398e+08 40.5842
5.14398e+08 40.6089
5.14398e+08 40.6335
5.14398e+08 40.6581
5.14398e+08 40.6827
5.14398e+08 40.7073
5.14398e+08 40.7318
5.14398e+08 40.7564
5.14398e+08 40.7809
5.14398e+08 40.8055
5.14398e+08 40.83
5.14398e+08 40.8545
5.14398e+08 40.8789
5.14398e+08 40.9034
5.14398e+08 40.9278
5.14398e+08 40.9523
5.14398e+08 40.9767
5.14409e+08 41.0011
5.14409e+08 41.0255
5.14409e+08 41.0499
5.14935e+08 41.0742
5.14935e+08 41.0986
5.16054e+08 41.1229
5.16121e+08 41.1472
5.16121e+08 41.1715
5.16121e+08 41.1958
5.16177e+08 41.2201
5.16267e+08 41.2443
5.16267e+08 41.2686
5.16267e+08 41.2928
5.16267e+08 41.317
5.38689e+08 41.3412
5.38689e+08 41.3654
5.38722e+08 41.3896
5.38733e+08 41.4138
5.38733e+08 41.4379
5.38733e+08 41.462
5.38745e+08 41.4862
5.38756e+08 41.5103
5.38756e+08 41.5344
5.38756e+08 41.5584
5.38756e+08 41.5825
5.38756e+08 41.6065
5.38756e+08 41.6306
5.38756e+08 41.6546
5.38756e+08 41.6786
5.38756e+08 41.7026
5.38756e+08 41.7266
5.38756e+08 41.7505
5.38756e+08 41.7745
5.38756e+08 41.7984
5.38756e+08 41.8224
5.38756e+08 41.8463
5.38756e+08 41.8702
5.38756e+08 41.8941
5.38767e+08 41.9179
5.38767e+08 41.9418
5.38801e+08 41.9656
5.38801e+08 41.9894
5.38801e+08 42.0133
5.38801e+08 42.0371
5.39416e+08 42.0609
5.39416e+08 42.0846
5.40345e+08 42.1084
5.40591e+08 42.1321
5.40591e+08 42.1559
5.40591e+08 42.1796
5.40647e+08 42.2033
5.40681e+08 42.227
5.40681e+08 42.2507
5.40681e+08 42.2743
5.40681e+08 42.298
5.63676e+08 42.3216
5.63676e+08 42.3453
5.63721e+08 42.3689
5.63743e+08 42.3925
5.63755e+08 42.4161
5.63766e+08 42.4397
5.63766e+08 42.4632
5.63766e+08 42.4868
5.63766e+08 42.5103
5.63766e+08 42.5338
5.63766e+08 42.5573
5.63766e+08 42.5808
5.63766e+08 42.6043
5.63766e+08 42.6278
5.63766e+08 42.6513
5.63766e+08 42.6747
5.63766e+08 42.6981
5.63766e+08 42.7216
5.63766e+08 42.745
5.63766e+08 42.7684
5.63766e+08 42.7917
5.63766e+08 42.8151
5.63766e+08 42.8385
5.63766e+08 42.8618
5.63766e+08 42.8851
5.63766e+08 42.9085
5.63766e+08 42.9318
5.63766e+08 42.9551
5.63766e+08 42.9783
5.63766e+08 43.0016
5.63777e+08 43.0249
5.64303e+08 43.0481
5.64303e+08 43.0713
5.65053e+08 43.0945
5.65332e+08 43.1178
5.65355e+08 43.1409
5.65377e+08 43.1641
5.65702e+08 43.1873
5.65735e+08 43.2104
5.65735e+08 43.2336
5.65735e+08 43.2567
5.65735e+08 43.2798
5.89219e+08 43.3029
5.89219e+08 43.326
5.89219e+08 43.3491
5.89241e+08 43.3722
5.89263e+08 43.3952
5.89286e+08 43.4183
5.89286e+08 43.4413
5.89308e+08 43.4643
5.89308e+08 43.4873
5.89308e+08 43.5103
5.89308e+08 43.5333
5.89308e+08 43.5563
5.89308e+08 43.5792
5.89331e+08 43.6022
5.89331e+08 43.6251
5.89331e+08 43.6481
5.89331e+08 43.671
5.89331e+08 43.6939
5.89331e+08 43.7167
5.89331e+08 43.7396
5.89331e+08 43.7625
5.89331e+08 43.7853
5.89331e+08 43.8082
5.89331e+08 43.831
5.89331e+08 43.8538
5.89331e+08 43.8766
5.89331e+08 43.8994
5.89331e+08 43.9222
5.89331e+08 43.945
5.89331e+08 43.9677
5.89331e+08 43.9905
5.89331e+08 44.0132
5.89823e+08 44.0359
5.89823e+08 44.0586
5.90651e+08 44.0813
5.90819e+08 44.104
5.90841e+08 44.1267
5.90908e+08 44.1493
5.9121e+08 44.172
5.91334e+08 44.1946
5.91345e+08 44.2173
5.91389e+08 44.2399
5.91389e+08 44.2625
6.15428e+08 44.2851
6.15461e+08 44.3076
6.15495e+08 44.3302
6.15506e+08 44.3528
6.1554e+08 44.3753
6.1554e+08 44.3979
6.1554e+08 44.4204
6.1554e+08 44.4429
6.1554e+08 44.4654
6.1554e+08 44.4879
6.1554e+08 44.5104
6.1554e+08 44.5328
6.1554e+08 44.5553
6.15551e+08 44.5777
6.15551e+08 44.6002
6.15551e+08 44.6226
6.15551e+08 44.645
6.15551e+08 44.6674
6.15573e+08 44.6898
6.15584e+08 44.7122
6.15585e+08 44.7345
6.15585e+08 44.7569
6.15596e+08 44.7792
6.15607e+08 44.8015
6.15607e+08 44.8239
6.15607e+08 44.8462
6.15607e+08 44.8685
6.15607e+08 44.8908
6.15607e+08 44.913
6.15607e+08 44.9353
6.15618e+08 44.9576
6.15618e+08 44.9798
6.15618e+08 45.002
6.1601e+08 45.0243
6.16043e+08 45.0465
6.16849e+08 45.0687
6.16894e+08 45.0909
6.16916e+08 45.113
6.17006e+08 45.1352
6.17073e+08 45.1574
6.17073e+08 45.1795
6.17085e+08 45.2016
6.17129e+08 45.2238
6.1713e+08 45.2459
6.20319e+08 45.268
6.20375e+08 45.2901
6.20487e+08 45.3121
