4.20288e+06 2
8.28369e+06 2.5
8.2837e+06 2.9
1.00573e+07 3.24483
1.00573e+07 3.55301
1.19137e+07 3.83446
1.19137e+07 4.09525
1.20418e+07 4.33944
1.54666e+07 4.56988
1.54666e+07 4.78871
1.54666e+07 4.99753
1.54667e+07 5.19763
1.86857e+07 5.39003
1.86858e+07 5.57555
1.87082e+07 5.75491
1.87529e+07 5.92867
1.87529e+07 6.09735
2.3264e+07 6.26135
2.33088e+07 6.42106
2.33312e+07 6.5768
2.33424e+07 6.72885
2.33424e+07 6.87746
2.33424e+07 7.02286
2.75628e+07 7.16526
2.75852e+07 7.30482
2.75965e+07 7.44171
2.76077e+07 7.57609
2.76188e+07 7.70809
2.76412e+07 7.83782
2.76524e+07 7.96541
3.22536e+07 8.09095
3.23319e+07 8.21454
3.23991e+07 8.33628
3.23991e+07 8.45624
3.23991e+07 8.57449
3.23991e+07 8.69112
3.23991e+07 8.80618
3.71831e+07 8.91974
3.71831e+07 9.03185
3.73733e+07 9.14257
3.73957e+07 9.25194
3.73957e+07 9.36003
3.73957e+07 9.46687
3.73957e+07 9.5725
3.74181e+07 9.67696
4.33267e+07 9.7803
4.33267e+07 9.88255
4.33267e+07 9.98374
4.34722e+07 10.0839
4.35058e+07 10.1831
4.35058e+07 10.2813
4.35058e+07 10.3785
4.35058e+07 10.4749
4.35058e+07 10.5704
4.94729e+07 10.665
4.94953e+07 10.7587
4.95176e+07 10.8517
4.96743e+07 10.9438
4.96743e+07 11.0352
4.97079e+07 11.1258
4.97079e+07 11.2157
4.97079e+07 11.3049
4.97191e+07 11.3933
4.97303e+07 11.4811
5.65543e+07 11.5682
5.65878e+07 11.6546
5.65878e+07 11.7404
5.68339e+07 11.8256
5.68339e+07 11.9102
5.68339e+07 11.9941
5.6834e+07 12.0775
5.6834e+07 12.1603
5.6834e+07 12.2425
5.68341e+07 12.3242
5.68341e+07 12.4054
6.41224e+07 12.486
6.41336e+07 12.5661
6.41448e+07 12.6456
6.4335e+07 12.7247
6.43462e+07 12.8033
6.43462e+07 12.8814
6.43574e+07 12.959
6.43574e+07 13.0362
6.43798e+07 13.1129
6.43798e+07 13.1892
6.4391e+07 13.265
6.4391e+07 13.3404
7.21658e+07 13.4153
7.21993e+07 13.4899
7.21994e+07 13.564
7.23448e+07 13.6377
7.23448e+07 13.7111
7.23448e+07 13.784
7.2356e+07 13.8566
7.23561e+07 13.9287
7.23673e+07 14.0005
7.24156e+07 14.0719
7.24392e+07 14.143
7.24392e+07 14.2137
7.24717e+07 14.2841
8.08772e+07 14.3541
8.08772e+07 14.4237
8.08997e+07 14.4931
8.10117e+07 14.5621
8.10117e+07 14.6307
8.10117e+07 14.6991
8.10229e+07 14.7671
8.10229e+07 14.8348
8.10341e+07 14.9022
8.10453e+07 14.9694
8.10677e+07 15.0362
8.10677e+07 15.1027
8.10678e+07 15.1689
8.10678e+07 15.2348
9.00359e+07 15.3004
9.00471e+07 15.3658
9.00584e+07 15.4309
9.01369e+07 15.4957
9.01481e+07 15.5602
9.01593e+07 15.6245
9.01817e+07 15.6885
9.01929e+07 15.7522
9.02264e+07 15.8157
9.02265e+07 15.8789
9.02489e+07 15.9419
9.02489e+07 16.0046
9.02601e+07 16.0671
9.02601e+07 16.1294
9.02601e+07 16.1914
1.0003e+08 16.2531
1.0003e+08 16.3146
1.00042e+08 16.3759
1.00053e+08 16.437
1.00087e+08 16.4978
1.00109e+08 16.5585
1.00109e+08 16.6189
1.00132e+08 16.679
1.00132e+08 16.739
1.00165e+08 16.7987
1.00199e+08 16.8582
1.00199e+08 16.9176
1.00199e+08 16.9767
1.0021e+08 17.0356
1.00232e+08 17.0943
1.00232e+08 17.1528
1.10464e+08 17.2111
1.10464e+08 17.2692
1.10475e+08 17.3271
1.1052e+08 17.3848
1.10521e+08 17.4423
1.10543e+08 17.4997
1.10554e+08 17.5568
1.10621e+08 17.6138
1.10621e+08 17.6705
1.10633e+08 17.7271
1.10644e+08 17.7835
1.10644e+08 17.8398
1.10644e+08 17.8958
1.10719e+08 17.9517
1.10729e+08 18.0074
1.10759e+08 18.0629
1.10759e+08 18.1183
1.21558e+08 18.1735
1.21569e+08 18.2285
1.21569e+08 18.2834
1.21569e+08 18.3381
1.21569e+08 18.3926
1.21614e+08 18.447
1.21625e+08 18.5012
1.21648e+08 18.5552
1.21659e+08 18.6091
1.21693e+08 18.6629
1.2176e+08 18.7164
1.2176e+08 18.7699
1.21771e+08 18.8231
1.21816e+08 18.8763
1.21816e+08 18.9293
1.21816e+08 18.9821
1.21816e+08 19.0348
1.21827e+08 19.0873
1.33165e+08 19.1397
1.33177e+08 19.1919
1.33177e+08 19.244
1.33211e+08 19.296
1.33222e+08 19.3478
1.33244e+08 19.3995
1.33244e+08 19.4511
1.33278e+08 19.5025
1.33334e+08 19.5537
1.33345e+08 19.6049
1.33435e+08 19.6559
1.33446e+08 19.7068
1.33446e+08 19.7575
1.33479e+08 19.8081
1.33479e+08 19.8586
1.33479e+08 19.909
1.3348e+08 19.9592
1.3348e+08 20.0093
1.33498e+08 20.0593
1.45477e+08 20.1091
1.45477e+08 20.1589
1.45477e+08 20.2085
1.45534e+08 20.2579
1.45545e+08 20.3073
1.45545e+08 20.3566
1.45556e+08 20.4057
1.45556e+08 20.4547
1.45568e+08 20.5036
1.4568e+08 20.5523
1.4578e+08 20.601
1.4578e+08 20.6495
1.4578e+08 20.698
1.45803e+08 20.7463
1.45814e+08 20.7945
1.45836e+08 20.8426
1.45836e+08 20.8906
1.45836e+08 20.9384
1.45836e+08 20.9862
1.45836e+08 21.0338
1.58383e+08 21.0814
1.58383e+08 21.1288
1.58383e+08 21.1761
1.5845e+08 21.2234
1.5845e+08 21.2705
1.58462e+08 21.3175
1.58529e+08 21.3644
1.58529e+08 21.4112
1.5854e+08 21.4579
1.58641e+08 21.5045
1.5873e+08 21.551
1.5873e+08 21.5974
1.5873e+08 21.6437
1.5873e+08 21.6899
1.58742e+08 21.736
1.58742e+08 21.782
1.58742e+08 21.8279
1.58742e+08 21.8738
1.58742e+08 21.9195
1.58764e+08 21.9651
1.58764e+08 22.0106
1.71836e+08 22.0561
1.71836e+08 22.1014
1.71836e+08 22.1466
1.71904e+08 22.1918
1.71904e+08 22.2369
1.71915e+08 22.2818
1.71949e+08 22.3267
1.71982e+08 22.3715
1.71983e+08 22.4162
1.72039e+08 22.4608
1.72173e+08 22.5053
1.72173e+08 22.5498
1.72173e+08 22.5941
1.72184e+08 22.6384
1.72195e+08 22.6825
1.72195e+08 22.7266
1.72195e+08 22.7706
1.72195e+08 22.8145
1.72195e+08 22.8584
1.72195e+08 22.9021
1.72195e+08 22.9458
1.72196e+08 22.9894
1.85205e+08 23.0329
1.85205e+08 23.0763
1.85239e+08 23.1196
1.85273e+08 23.1629
1.85284e+08 23.206
1.85318e+08 23.2491
1.85318e+08 23.2921
1.85329e+08 23.3351
1.85352e+08 23.3779
1.85475e+08 23.4207
1.8552e+08 23.4634
1.8552e+08 23.506
1.8552e+08 23.5486
1.85531e+08 23.591
1.85564e+08 23.6334
1.85576e+08 23.6757
1.85576e+08 23.718
1.85576e+08 23.7601
1.85576e+08 23.8022
1.85576e+08 23.8442
1.85576e+08 23.8862
1.85576e+08 23.928
1.99117e+08 23.9698
1.99117e+08 24.0116
1.99117e+08 24.0532
1.99117e+08 24.0948
1.99218e+08 24.1363
1.99218e+08 24.1777
1.9924e+08 24.2191
1.99251e+08 24.2604
1.99274e+08 24.3016
1.9933e+08 24.3427
1.99419e+08 24.3838
1.99453e+08 24.4248
1.99453e+08 24.4658
1.99453e+08 24.5066
1.99464e+08 24.5474
1.99476e+08 24.5882
1.99476e+08 24.6288
1.99476e+08 24.6694
1.99476e+08 24.71
1.99476e+08 24.7505
1.99476e+08 24.7909
1.99476e+08 24.8312
1.99476e+08 24.8715
2.13887e+08 24.9117
2.13887e+08 24.9518
2.13921e+08 24.9919
2.13921e+08 25.0319
2.13943e+08 25.0719
2.1401e+08 25.1117
2.14011e+08 25.1516
2.14067e+08 25.1913
2.14067e+08 25.231
2.14067e+08 25.2707
2.14179e+08 25.3102
2.14212e+08 25.3497
2.14235e+08 25.3892
2.14235e+08 25.4286
2.14235e+08 25.4679
2.14246e+08 25.5072
2.14257e+08 25.5464
2.14258e+08 25.5855
2.14258e+08 25.6246
2.14258e+08 25.6636
2.14258e+08 25.7026
2.14258e+08 25.7415
2.14258e+08 25.7803
2.14258e+08 25.8191
2.29066e+08 25.8579
2.29066e+08 25.8965
2.29066e+08 25.9351
2.29077e+08 25.9737
2.29077e+08 26.0122
2.29077e+08 26.0506
2.29133e+08 26.089
2.29145e+08 26.1274
2.29201e+08 26.1656
2.29201e+08 26.2039
2.2929e+08 26.242
2.29313e+08 26.2801
2.29346e+08 26.3182
2.29347e+08 26.3562
2.29358e+08 26.3941
2.29358e+08 26.432
2.29358e+08 26.4698
2.29369e+08 26.5076
2.29369e+08 26.5453
2.29369e+08 26.583
2.29369e+08 26.6206
2.29369e+08 26.6582
2.29369e+08 26.6957
2.29369e+08 26.7332
2.2937e+08 26.7706
2.44935e+08 26.8079
2.44935e+08 26.8452
2.44957e+08 26.8825
2.44957e+08 26.9197
2.44968e+08 26.9568
2.44979e+08 26.9939
2.4498e+08 27.031
2.45013e+08 27.068
2.45025e+08 27.1049
2.45148e+08 27.1418
2.4517e+08 27.1786
2.4517e+08 27.2154
2.45215e+08 27.2522
2.45226e+08 27.2889
2.45249e+08 27.3255
2.45249e+08 27.3621
2.45249e+08 27.3987
2.45249e+08 27.4352
2.45249e+08 27.4716
2.45249e+08 27.508
2.45249e+08 27.5444
2.45249e+08 27.5807
2.45249e+08 27.6169
2.45249e+08 27.6531
2.45249e+08 27.6893
2.4525e+08 27.7254
2.61196e+08 27.7615
2.61196e+08 27.7975
2.61196e+08 27.8335
2.61196e+08 27.8694
2.61196e+08 27.9053
2.61196e+08 27.9411
2.61196e+08 27.9769
2.61196e+08 28.0127
2.61297e+08 28.0484
2.61297e+08 28.084
2.61398e+08 28.1196
2.61398e+08 28.1552
2.61398e+08 28.1907
2.61454e+08 28.2262
2.61466e+08 28.2616
2.61477e+08 28.297
2.61477e+08 28.3323
2.61477e+08 28.3676
2.61477e+08 28.4029
2.61477e+08 28.4381
2.61477e+08 28.4732
2.61477e+08 28.5084
2.61477e+08 28.5434
2.61477e+08 28.5785
2.61477e+08 28.6135
2.61477e+08 28.6484
2.61489e+08 28.6833
2.7826e+08 28.7182
2.78271e+08 28.753
2.78271e+08 28.7878
2.78271e+08 28.8225
2.78271e+08 28.8572
2.78271e+08 28.8919
2.78282e+08 28.9265
2.78282e+08 28.961
2.78282e+08 28.9956
2.78361e+08 29.0301
2.78361e+08 29.0645
2.78462e+08 29.0989
2.78462e+08 29.1333
2.78496e+08 29.1676
2.78529e+08 29.2019
2.78541e+08 29.2361
2.78552e+08 29.2703
2.78552e+08 29.3045
2.78552e+08 29.3386
2.78552e+08 29.3727
2.78552e+08 29.4068
2.78553e+08 29.4408
2.78553e+08 29.4747
2.78564e+08 29.5087
2.78564e+08 29.5425
2.78564e+08 29.5764
2.78564e+08 29.6102
2.78642e+08 29.644
2.95715e+08 29.6777
2.95715e+08 29.7114
2.95715e+08 29.7451
2.95715e+08 29.7787
2.95726e+08 29.8123
2.95749e+08 29.8458
2.95749e+08 29.8793
2.95749e+08 29.9128
2.95749e+08 29.9462
2.95782e+08 29.9796
2.95782e+08 30.013
2.95783e+08 30.0463
2.95883e+08 30.0796
2.95883e+08 30.1128
2.95928e+08 30.146
2.95962e+08 30.1792
2.95973e+08 30.2123
2.95985e+08 30.2454
2.95985e+08 30.2785
2.95985e+08 30.3115
2.95985e+08 30.3445
2.95985e+08 30.3775
2.96008e+08 30.4104
2.96041e+08 30.4433
2.96041e+08 30.4761
2.96041e+08 30.5089
2.96086e+08 30.5417
2.96086e+08 30.5744
2.96131e+08 30.6071
3.13946e+08 30.6398
3.13957e+08 30.6725
3.13979e+08 30.7051
3.13979e+08 30.7376
3.13979e+08 30.7702
3.13979e+08 30.8027
3.13979e+08 30.8351
3.13979e+08 30.8676
3.13979e+08 30.9
3.1398e+08 30.9323
3.1398e+08 30.9646
3.1398e+08 30.9969
3.1398e+08 31.0292
3.14081e+08 31.0614
3.14081e+08 31.0936
3.14136e+08 31.1258
3.1417e+08 31.1579
3.14193e+08 31.19
3.14193e+08 31.2221
3.14193e+08 31.2541
3.14194e+08 31.2861
3.14194e+08 31.3181
3.14194e+08 31.35
3.14205e+08 31.3819
3.14294e+08 31.4137
3.14294e+08 31.4456
3.14294e+08 31.4774
3.1435e+08 31.5092
3.1435e+08 31.5409
3.14353e+08 31.5726
3.32699e+08 31.6043
3.32699e+08 31.6359
3.32699e+08 31.6675
3.32699e+08 31.6991
3.32699e+08 31.7306
3.32699e+08 31.7622
3.32699e+08 31.7936
3.32699e+08 31.8251
3.32699e+08 31.8565
3.327e+08 31.8879
3.327e+08 31.9193
3.327e+08 31.9506
3.32711e+08 31.9819
3.32711e+08 32.0132
3.32801e+08 32.0444
3.32801e+08 32.0756
3.32812e+08 32.1068
3.32902e+08 32.1379
3.32924e+08 32.169
3.32925e+08 32.2001
3.32925e+08 32.2312
3.32925e+08 32.2622
3.32925e+08 32.2932
3.32925e+08 32.3242
3.32925e+08 32.3551
3.33029e+08 32.386
3.33097e+08 32.4169
3.33097e+08 32.4477
3.33175e+08 32.4786
3.33186e+08 32.5094
3.33254e+08 32.5401
3.52046e+08 32.5708
3.52046e+08 32.6015
3.52046e+08 32.6322
3.52046e+08 32.6629
3.52046e+08 32.6935
3.52046e+08 32.7241
3.52046e+08 32.7546
3.52046e+08 32.7852
3.52046e+08 32.8157
3.52069e+08 32.8461
3.52092e+08 32.8766
3.52092e+08 32.907
3.52092e+08 32.9374
3.52092e+08 32.9677
3.52092e+08 32.9981
3.52148e+08 33.0284
3.52159e+08 33.0587
3.52159e+08 33.0889
3.52249e+08 33.1191
3.5226e+08 33.1493
3.52283e+08 33.1795
3.52283e+08 33.2096
3.52283e+08 33.2397
3.52283e+08 33.2698
3.52283e+08 33.2999
3.52295e+08 33.3299
3.52376e+08 33.3599
3.52455e+08 33.3899
3.52456e+08 33.4198
3.52508e+08 33.4498
3.52519e+08 33.4797
3.52631e+08 33.5095
3.71938e+08 33.5394
3.71938e+08 33.5692
3.71938e+08 33.599
3.71938e+08 33.6287
3.71938e+08 33.6585
3.71938e+08 33.6882
3.71938e+08 33.7179
3.71938e+08 33.7475
3.71938e+08 33.7772
3.71983e+08 33.8068
3.71983e+08 33.8363
3.71983e+08 33.8659
3.71983e+08 33.8954
3.71983e+08 33.9249
3.71984e+08 33.9544
3.72051e+08 33.9839
3.72051e+08 34.0133
3.72062e+08 34.0427
3.72096e+08 34.0721
3.72118e+08 34.1014
3.72152e+08 34.1307
3.72186e+08 34.16
3.72186e+08 34.1893
3.72186e+08 34.2185
3.72186e+08 34.2478
3.72186e+08 34.277
3.72226e+08 34.3061
3.72349e+08 34.3353
3.72393e+08 34.3644
3.72406e+08 34.3935
3.72481e+08 34.4226
3.72481e+08 34.4516
3.72552e+08 34.4807
3.92464e+08 34.5097
3.92464e+08 34.5387
3.92464e+08 34.5676
3.92464e+08 34.5965
3.92464e+08 34.6254
3.92464e+08 34.6543
3.92464e+08 34.6832
3.92464e+08 34.712
3.92464e+08 34.7408
3.9251e+08 34.7696
3.9251e+08 34.7984
3.9251e+08 34.8271
3.9251e+08 34.8558
3.9251e+08 34.8845
3.9251e+08 34.9132
3.92577e+08 34.9418
3.92577e+08 34.9704
3.92588e+08 34.999
3.92599e+08 35.0276
3.92611e+08 35.0561
3.92678e+08 35.0847
3.92689e+08 35.1132
3.92724e+08 35.1417
3.92724e+08 35.1701
3.92735e+08 35.1985
3.92735e+08 35.227
3.92735e+08 35.2553
3.92748e+08 35.2837
3.92891e+08 35.312
3.92904e+08 35.3404
3.92981e+08 35.3687
3.92992e+08 35.3969
3.92992e+08 35.4252
3.93058e+08 35.4534
4.13592e+08 35.4816
4.13592e+08 35.5098
4.13592e+08 35.538
4.13592e+08 35.5661
4.13592e+08 35.5942
4.13592e+08 35.6223
4.13592e+08 35.6504
4.13592e+08 35.6784
4.13592e+08 35.7065
4.1366e+08 35.7345
4.13682e+08 35.7625
4.13682e+08 35.7904
4.13682e+08 35.8184
4.13682e+08 35.8463
4.13693e+08 35.8742
4.13705e+08 35.902
4.13705e+08 35.9299
4.13727e+08 35.9577
4.1376e+08 35.9855
4.1376e+08 36.0133
4.1376e+08 36.0411
4.13839e+08 36.0688
4.13839e+08 36.0966
4.13862e+08 36.1243
4.13862e+08 36.152
4.13885e+08 36.1796
4.13885e+08 36.2073
4.13885e+08 36.2349
4.13907e+08 36.2625
4.1403e+08 36.2901
4.14053e+08 36.3176
4.14175e+08 36.3451
4.14216e+08 36.3727
4.14231e+08 36.4002
4.14261e+08 36.4276
4.35343e+08 36.4551
4.35343e+08 36.4825
4.35343e+08 36.5099
4.35343e+08 36.5373
4.35343e+08 36.5647
4.35343e+08 36.592
4.35343e+08 36.6194
4.35343e+08 36.6467
4.35343e+08 36.6739
4.35456e+08 36.7012
4.35456e+08 36.7285
4.35456e+08 36.7557
4.35456e+08 36.7829
4.35456e+08 36.8101
4.35467e+08 36.8372
4.35489e+08 36.8644
4.35501e+08 36.8915
4.35512e+08 36.9186
4.35512e+08 36.9457
4.35512e+08 36.9728
4.35512e+08 36.9998
4.35512e+08 37.0269
4.35602e+08 37.0539
4.35613e+08 37.0809
4.35625e+08 37.1078
4.35636e+08 37.1348
4.35681e+08 37.1617
4.35681e+08 37.1886
4.35681e+08 37.2155
4.35703e+08 37.2424
4.35771e+08 37.2692
4.35815e+08 37.296
4.35894e+08 37.3229
4.3595e+08 37.3497
4.35972e+08 37.3764
4.35994e+08 37.4032
4.57676e+08 37.4299
4.57676e+08 37.4566
4.57676e+08 37.4833
4.57676e+08 37.51
4.57676e+08 37.5367
4.57676e+08 37.5633
4.57676e+08 37.5899
4.57676e+08 37.6165
4.57676e+08 37.6431
4.578e+08 37.6697
4.57811e+08 37.6962
4.57822e+08 37.7228
4.57845e+08 37.7493
4.57845e+08 37.7758
4.57845e+08 37.8022
4.57845e+08 37.8287
4.57845e+08 37.8551
4.57845e+08 37.8815
4.57845e+08 37.9079
4.57845e+08 37.9343
4.57845e+08 37.9607
4.57845e+08 37.987
4.57845e+08 38.0133
4.57968e+08 38.0397
4.57968e+08 38.0659
4.58036e+08 38.0922
4.58047e+08 38.1185
4.58103e+08 38.1447
4.58103e+08 38.1709
4.58103e+08 38.1971
4.58126e+08 38.2233
4.58137e+08 38.2495
4.58137e+08 38.2756
4.58215e+08 38.3017
4.58305e+08 38.3278
4.58305e+08 38.3539
4.58305e+08 38.38
4.805e+08 38.406
4.80523e+08 38.4321
4.80523e+08 38.4581
4.80523e+08 38.4841
4.80523e+08 38.5101
4.80523e+08 38.5361
4.80523e+08 38.562
4.80523e+08 38.5879
4.80523e+08 38.6139
4.80669e+08 38.6398
4.80692e+08 38.6656
4.80692e+08 38.6915
4.80714e+08 38.7173
4.80714e+08 38.7432
4.80725e+08 38.769
4.80725e+08 38.7948
4.80725e+08 38.8206
4.80725e+08 38.8463
4.80725e+08 38.8721
4.80725e+08 38.8978
4.80725e+08 38.9235
4.80725e+08 38.9492
4.80725e+08 38.9749
4.80725e+08 39.0005
4.80826e+08 39.0262
4.80826e+08 39.0518
4.80995e+08 39.0774
4.81006e+08 39.103
4.81006e+08 39.1285
4.81006e+08 39.1541
4.81006e+08 39.1796
4.81006e+08 39.2052
4.81018e+08 39.2307
4.81018e+08 39.2562
4.81096e+08 39.2816
4.81186e+08 39.3071
4.81186e+08 39.3325
4.81197e+08 39.358
5.03783e+08 39.3834
5.03929e+08 39.4088
5.03951e+08 39.4341
5.03985e+08 39.4595
5.03996e+08 39.4848
5.0403e+08 39.5102
5.0403e+08 39.5355
5.0403e+08 39.5608
5.0403e+08 39.586
5.04131e+08 39.6113
5.04199e+08 39.6366
5.04199e+08 39.6618
5.04232e+08 39.687
5.04232e+08 39.7122
5.04266e+08 39.7374
5.04266e+08 39.7625
5.04266e+08 39.7877
5.04266e+08 39.8128
5.04266e+08 39.8379
5.04266e+08 39.863
5.04266e+08 39.8881
5.04266e+08 39.9132
5.04266e+08 39.9382
5.04266e+08 39.9633
5.04266e+08 39.9883
5.04345e+08 40.0133
5.04345e+08 40.0383
5.04535e+08 40.0633
5.04536e+08 40.0882
5.04536e+08 40.1132
5.04536e+08 40.1381
5.04536e+08 40.163
5.04536e+08 40.1879
5.04581e+08 40.2128
5.04592e+08 40.2377
5.04693e+08 40.2625
5.0495e+08 40.2874
5.0495e+08 40.3122
5.04983e+08 40.337
5.27653e+08 40.3618
5.27653e+08 40.3866
5.27653e+08 40.4113
5.2772e+08 40.4361
5.2772e+08 40.4608
5.27798e+08 40.4855
5.27888e+08 40.5102
5.27899e+08 40.5349
5.2791e+08 40.5596
5.2809e+08 40.5842
5.28113e+08 40.6089
5.28124e+08 40.6335
5.28135e+08 40.6581
5.28169e+08 40.6827
5.28169e+08 40.7073
5.28169e+08 40.7318
5.28169e+08 40.7564
5.28169e+08 40.7809
5.28169e+08 40.8055
5.28202e+08 40.83
5.28214e+08 40.8545
5.28214e+08 40.8789
5.28214e+08 40.9034
5.28214e+08 40.9278
5.28214e+08 40.9523
5.28259e+08 40.9767
5.28259e+08 41.0011
5.28259e+08 41.0255
5.28461e+08 41.0499
5.28461e+08 41.0742
5.28472e+08 41.0986
5.28472e+08 41.1229
5.28472e+08 41.1472
5.28472e+08 41.1715
5.28562e+08 41.1958
5.28562e+08 41.2201
5.28875e+08 41.2443
5.28942e+08 41.2686
5.28942e+08 41.2928
5.28987e+08 41.317
5.52214e+08 41.3412
5.52214e+08 41.3654
5.52214e+08 41.3896
5.52214e+08 41.4138
5.52214e+08 41.4379
5.52214e+08 41.462
5.52214e+08 41.4862
5.52215e+08 41.5103
5.52259e+08 41.5344
5.52663e+08 41.5584
5.52707e+08 41.5825
5.52707e+08 41.6065
5.52707e+08 41.6306
5.52741e+08 41.6546
5.52741e+08 41.6786
5.52741e+08 41.7026
5.52741e+08 41.7266
5.52741e+08 41.7505
5.52752e+08 41.7745
5.52786e+08 41.7984
5.52786e+08 41.8224
5.52786e+08 41.8463
5.52786e+08 41.8702
5.52786e+08 41.8941
5.52797e+08 41.9179
5.52842e+08 41.9418
5.52842e+08 41.9656
5.52842e+08 41.9894
5.52842e+08 42.0133
5.53056e+08 42.0371
5.53067e+08 42.0609
5.53067e+08 42.0846
5.53078e+08 42.1084
5.53078e+08 42.1321
5.53078e+08 42.1559
5.53302e+08 42.1796
5.53302e+08 42.2033
5.53626e+08 42.227
5.53649e+08 42.2507
5.5366e+08 42.2743
5.53671e+08 42.298
5.7732e+08 42.3216
5.7732e+08 42.3453
5.7732e+08 42.3689
5.7732e+08 42.3925
5.7732e+08 42.4161
5.7732e+08 42.4397
5.77321e+08 42.4632
5.77321e+08 42.4868
5.77321e+08 42.5103
5.77825e+08 42.5338
5.77825e+08 42.5573
5.77825e+08 42.5808
5.77825e+08 42.6043
5.77825e+08 42.6278
5.77825e+08 42.6513
5.77847e+08 42.6747
5.77847e+08 42.6981
5.77858e+08 42.7216
5.77892e+08 42.745
5.77903e+08 42.7684
5.77903e+08 42.7917
5.77903e+08 42.8151
5.7797e+08 42.8385
5.7797e+08 42.8618
5.77971e+08 42.8851
5.77971e+08 42.9085
5.77971e+08 42.9318
5.77971e+08 42.9551
5.77971e+08 42.9783
5.77971e+08 43.0016
5.78184e+08 43.0249
5.78207e+08 43.0481
5.78218e+08 43.0713
5.78218e+08 43.0945
5.78218e+08 43.1178
5.78218e+08 43.1409
5.78442e+08 43.1641
5.78442e+08 43.1873
5.7871e+08 43.2104
5.7871e+08 43.2336
5.78733e+08 43.2567
5.78733e+08 43.2798
6.02894e+08 43.3029
6.0295e+08 43.326
6.03029e+08 43.3491
6.03029e+08 43.3722
6.03029e+08 43.3952
6.03029e+08 43.4183
6.03029e+08 43.4413
6.03029e+08 43.4643
6.03029e+08 43.4873
6.03544e+08 43.5103
6.03544e+08 43.5333
6.03544e+08 43.5563
6.03544e+08 43.5792
6.03578e+08 43.6022
6.03578e+08 43.6251
6.03578e+08 43.6481
6.03578e+08 43.671
6.03578e+08 43.6939
6.03612e+08 43.7167
6.03634e+08 43.7396
6.03634e+08 43.7625
6.03634e+08 43.7853
6.0369e+08 43.8082
6.0369e+08 43.831
6.0369e+08 43.8538
6.0369e+08 43.8766
6.0369e+08 43.8994
6.0369e+08 43.9222
6.0369e+08 43.945
6.0369e+08 43.9677
6.0369e+08 43.9905
6.03904e+08 44.0132
6.03937e+08 44.0359
6.03949e+08 44.0586
6.03949e+08 44.0813
6.03949e+08 44.104
6.03949e+08 44.1267
6.04161e+08 44.1493
6.04161e+08 44.172
6.04553e+08 44.1946
6.04553e+08 44.2173
6.0462e+08 44.2399
6.0462e+08 44.2625
6.24423e+08 44.2851
6.24445e+08 44.3076
6.24512e+08 44.3302
6.24512e+08 44.3528
6.24512e+08 44.3753
6.24512e+08 44.3979
6.24647e+08 44.4204
6.24647e+08 44.4429
6.24647e+08 44.4654
6.24792e+08 44.4879
6.24792e+08 44.5104
6.24792e+08 44.5328
6.24792e+08 44.5553
6.24792e+08 44.5777
6.24792e+08 44.6002
6.24792e+08 44.6226
6.24792e+08 44.645
6.24792e+08 44.6674
6.24804e+08 44.6898
6.24804e+08 44.7122
6.24804e+08 44.7345
6.24804e+08 44.7569
6.24804e+08 44.7792
6.24804e+08 44.8015
6.24804e+08 44.8239
6.24826e+08 44.8462
6.24837e+08 44.8685
6.24837e+08 44.8908
6.24837e+08 44.913
6.24837e+08 44.9353
6.24837e+08 44.9576
6.25743e+08 44.9798
6.25754e+08 45.002
6.25833e+08 45.0243
6.25866e+08 45.0465
6.25889e+08 45.0687
6.25922e+08 45.0909
6.25933e+08 45.113
6.26101e+08 45.1352
6.26113e+08 45.1574
6.26459e+08 45.1795
6.26493e+08 45.2016
6.26493e+08 45.2238
6.26526e+08 45.2459
6.31215e+08 45.268
6.31227e+08 45.2901
6.31271e+08 45.3121
