4.80333e+06 2
8.35101e+06 2.5
8.35102e+06 2.9
9.82014e+06 3.24483
9.82017e+06 3.55301
1.18698e+07 3.83446
1.18698e+07 4.09525
1.18698e+07 4.33944
1.44009e+07 4.56988
1.44445e+07 4.78871
1.4478e+07 4.99753
1.45154e+07 5.19763
1.81681e+07 5.39003
1.81681e+07 5.57555
1.82352e+07 5.75491
1.82352e+07 5.92867
1.82352e+07 6.09735
2.15049e+07 6.26135
2.15272e+07 6.42106
2.15496e+07 6.5768
2.17508e+07 6.72885
2.19521e+07 6.87746
2.21087e+07 7.02286
2.6479e+07 7.16526
2.6479e+07 7.30482
2.6479e+07 7.44171
2.69149e+07 7.57609
2.70603e+07 7.70809
2.70938e+07 7.83782
2.70939e+07 7.96541
3.08077e+07 8.09095
3.08077e+07 8.21454
3.08077e+07 8.33628
3.10872e+07 8.45624
3.14785e+07 8.57449
3.15455e+07 8.69112
3.15455e+07 8.80618
3.59972e+07 8.91974
3.59972e+07 9.03185
3.60642e+07 9.14257
3.60642e+07 9.25194
3.65114e+07 9.36003
3.66232e+07 9.46687
3.67238e+07 9.5725
3.67238e+07 9.67696
4.23086e+07 9.7803
4.2331e+07 9.88255
4.2331e+07 9.98374
4.2331e+07 10.0839
4.2331e+07 10.1831
4.25322e+07 10.2813
4.25993e+07 10.3785
4.26775e+07 10.4749
4.26776e+07 10.5704
4.88387e+07 10.665
4.90846e+07 10.7587
4.9107e+07 10.8517
4.91629e+07 10.9438
4.91629e+07 11.0352
4.91629e+07 11.1258
4.92859e+07 11.2157
4.92859e+07 11.3049
4.93195e+07 11.3933
4.94424e+07 11.4811
5.54554e+07 11.5682
5.54777e+07 11.6546
5.55783e+07 11.7404
5.56119e+07 11.8256
5.56119e+07 11.9102
5.56119e+07 11.9941
5.56119e+07 12.0775
5.58579e+07 12.1603
5.58803e+07 12.2425
5.59361e+07 12.3242
5.59585e+07 12.4054
6.33488e+07 12.486
6.34159e+07 12.5661
6.34494e+07 12.6456
6.34718e+07 12.7247
6.34718e+07 12.8033
6.34718e+07 12.8814
6.34718e+07 12.959
6.34718e+07 13.0362
6.35613e+07 13.1129
6.35613e+07 13.1892
6.3606e+07 13.265
6.36507e+07 13.3404
7.10418e+07 13.4153
7.10418e+07 13.4899
7.10418e+07 13.564
7.10418e+07 13.6377
7.10641e+07 13.7111
7.10642e+07 13.784
7.10642e+07 13.8566
7.10642e+07 13.9287
7.10642e+07 14.0005
7.10754e+07 14.0719
7.11089e+07 14.143
7.11089e+07 14.2137
7.11425e+07 14.2841
7.97377e+07 14.3541
7.97377e+07 14.4237
7.97377e+07 14.4931
7.97377e+07 14.5621
7.97377e+07 14.6307
7.97377e+07 14.6991
7.97378e+07 14.7671
7.97378e+07 14.8348
7.97378e+07 14.9022
7.97378e+07 14.9694
7.97378e+07 15.0362
7.97713e+07 15.1027
7.9816e+07 15.1689
7.98272e+07 15.2348
8.85732e+07 15.3004
8.8618e+07 15.3658
8.8618e+07 15.4309
8.8618e+07 15.4957
8.8618e+07 15.5602
8.8618e+07 15.6245
8.8618e+07 15.6885
8.8618e+07 15.7522
8.8618e+07 15.8157
8.8618e+07 15.8789
8.8618e+07 15.9419
8.8618e+07 16.0046
8.8618e+07 16.0671
8.86516e+07 16.1294
8.87857e+07 16.1914
9.76443e+07 16.2531
9.77113e+07 16.3146
9.77113e+07 16.3759
9.77113e+07 16.437
9.77113e+07 16.4978
9.77896e+07 16.5585
9.77896e+07 16.6189
9.79237e+07 16.679
9.81361e+07 16.739
9.81584e+07 16.7987
9.82367e+07 16.8582
9.82926e+07 16.9176
9.84491e+07 16.9767
9.85385e+07 17.0356
9.86279e+07 17.0943
9.86391e+07 17.1528
1.07569e+08 17.2111
1.07569e+08 17.2692
1.07569e+08 17.3271
1.07625e+08 17.3848
1.07658e+08 17.4423
1.07692e+08 17.4997
1.07737e+08 17.5568
1.0777e+08 17.6138
1.07983e+08 17.6705
1.07983e+08 17.7271
1.07983e+08 17.7835
1.07983e+08 17.8398
1.08027e+08 17.8958
1.08318e+08 17.9517
1.0843e+08 18.0074
1.08586e+08 18.0629
1.08676e+08 18.1183
1.1775e+08 18.1735
1.1775e+08 18.2285
1.1775e+08 18.2834
1.1775e+08 18.3381
1.17907e+08 18.3926
1.18354e+08 18.447
1.18376e+08 18.5012
1.18376e+08 18.5552
1.18477e+08 18.6091
1.18488e+08 18.6629
1.1851e+08 18.7164
1.18532e+08 18.7699
1.18532e+08 18.8231
1.18734e+08 18.8763
1.18957e+08 18.9293
1.19013e+08 18.9821
1.19248e+08 19.0348
1.19337e+08 19.0873
1.28835e+08 19.1397
1.28891e+08 19.1919
1.28913e+08 19.244
1.28913e+08 19.296
1.29014e+08 19.3478
1.29059e+08 19.3995
1.2917e+08 19.4511
1.29193e+08 19.5025
1.29204e+08 19.5537
1.29204e+08 19.6049
1.29237e+08 19.6559
1.29271e+08 19.7068
1.29282e+08 19.7575
1.29293e+08 19.8081
1.29673e+08 19.8586
1.29741e+08 19.909
1.3002e+08 19.9592
1.30121e+08 20.0093
1.30165e+08 20.0593
1.40712e+08 20.1091
1.40746e+08 20.1589
1.40779e+08 20.2085
1.40802e+08 20.2579
1.4088e+08 20.3073
1.40992e+08 20.3566
1.40992e+08 20.4057
1.40992e+08 20.4547
1.4107e+08 20.5036
1.41115e+08 20.5523
1.41226e+08 20.601
1.41249e+08 20.6495
1.41249e+08 20.698
1.41249e+08 20.7463
1.41282e+08 20.7945
1.41495e+08 20.8426
1.41506e+08 20.8906
1.41718e+08 20.9384
1.41763e+08 20.9862
1.41942e+08 21.0338
1.53058e+08 21.0814
1.53114e+08 21.1288
1.53136e+08 21.1761
1.53136e+08 21.2234
1.53348e+08 21.2705
1.53371e+08 21.3175
1.53382e+08 21.3644
1.53382e+08 21.4112
1.53382e+08 21.4579
1.53382e+08 21.5045
1.53382e+08 21.551
1.53382e+08 21.5974
1.53382e+08 21.6437
1.53382e+08 21.6899
1.53382e+08 21.736
1.53494e+08 21.782
1.53494e+08 21.8279
1.53527e+08 21.8738
1.53572e+08 21.9195
1.53583e+08 21.9651
1.53583e+08 22.0106
1.66298e+08 22.0561
1.66332e+08 22.1014
1.66343e+08 22.1466
1.66377e+08 22.1918
1.66399e+08 22.2369
1.66399e+08 22.2818
1.66399e+08 22.3267
1.66399e+08 22.3715
1.66399e+08 22.4162
1.66399e+08 22.4608
1.66399e+08 22.5053
1.6641e+08 22.5498
1.6641e+08 22.5941
1.66477e+08 22.6384
1.66489e+08 22.6825
1.66545e+08 22.7266
1.66545e+08 22.7706
1.66556e+08 22.8145
1.66634e+08 22.8584
1.66757e+08 22.9021
1.66858e+08 22.9458
1.66858e+08 22.9894
1.79148e+08 23.0329
1.79171e+08 23.0763
1.79171e+08 23.1196
1.79305e+08 23.1629
1.79428e+08 23.206
1.79428e+08 23.2491
1.79428e+08 23.2921
1.79428e+08 23.3351
1.79461e+08 23.3779
1.79461e+08 23.4207
1.79462e+08 23.4634
1.79462e+08 23.506
1.79473e+08 23.5486
1.79573e+08 23.591
1.79573e+08 23.6334
1.79573e+08 23.6757
1.79585e+08 23.718
1.79585e+08 23.7601
1.79585e+08 23.8022
1.79607e+08 23.8442
1.79607e+08 23.8862
1.79607e+08 23.928
1.9258e+08 23.9698
1.92635e+08 24.0116
1.9287e+08 24.0532
1.93016e+08 24.0948
1.9306e+08 24.1363
1.93172e+08 24.1777
1.93172e+08 24.2191
1.93206e+08 24.2604
1.93206e+08 24.3016
1.93217e+08 24.3427
1.93217e+08 24.3838
1.93262e+08 24.4248
1.93284e+08 24.4658
1.93407e+08 24.5066
1.93407e+08 24.5474
1.93407e+08 24.5882
1.93407e+08 24.6288
1.93407e+08 24.6694
1.93407e+08 24.71
1.93407e+08 24.7505
1.93418e+08 24.7909
1.93418e+08 24.8312
1.93429e+08 24.8715
2.06548e+08 24.9117
2.06593e+08 24.9518
2.06705e+08 24.9919
2.06917e+08 25.0319
2.07286e+08 25.0719
2.07431e+08 25.1117
2.07498e+08 25.1516
2.07521e+08 25.1913
2.07521e+08 25.231
2.07554e+08 25.2707
2.07599e+08 25.3102
2.07599e+08 25.3497
2.07655e+08 25.3892
2.07677e+08 25.4286
2.07689e+08 25.4679
2.07722e+08 25.5072
2.07733e+08 25.5464
2.07733e+08 25.5855
2.07733e+08 25.6246
2.07745e+08 25.6636
2.07745e+08 25.7026
2.07745e+08 25.7415
2.07745e+08 25.7803
2.07756e+08 25.8191
2.21301e+08 25.8579
2.21301e+08 25.8965
2.21502e+08 25.9351
2.21838e+08 25.9737
2.21871e+08 26.0122
2.2214e+08 26.0506
2.2233e+08 26.089
2.22352e+08 26.1274
2.22397e+08 26.1656
2.2243e+08 26.2039
2.22464e+08 26.242
2.22464e+08 26.2801
2.22475e+08 26.3182
2.22475e+08 26.3562
2.2252e+08 26.3941
2.22598e+08 26.432
2.22609e+08 26.4698
2.22732e+08 26.5076
2.22754e+08 26.5453
2.22777e+08 26.583
2.22788e+08 26.6206
2.22788e+08 26.6582
2.22788e+08 26.6957
2.22788e+08 26.7332
2.22788e+08 26.7706
2.36306e+08 26.8079
2.36306e+08 26.8452
2.36596e+08 26.8825
2.37155e+08 26.9197
2.37334e+08 26.9568
2.37334e+08 26.9939
2.37446e+08 27.031
2.37625e+08 27.068
2.37658e+08 27.1049
2.37792e+08 27.1418
2.37893e+08 27.1786
2.37904e+08 27.2154
2.37904e+08 27.2522
2.37904e+08 27.2889
2.37904e+08 27.3255
2.37982e+08 27.3621
2.38016e+08 27.3987
2.38016e+08 27.4352
2.38262e+08 27.4716
2.38262e+08 27.508
2.38273e+08 27.5444
2.38273e+08 27.5807
2.38307e+08 27.6169
2.38329e+08 27.6531
2.3834e+08 27.6893
2.3834e+08 27.7254
2.51761e+08 27.7615
2.51839e+08 27.7975
2.52454e+08 27.8335
2.52544e+08 27.8694
2.5317e+08 27.9053
2.53326e+08 27.9411
2.53494e+08 27.9769
2.53494e+08 28.0127
2.53494e+08 28.0484
2.53572e+08 28.084
2.53594e+08 28.1196
2.5365e+08 28.1552
2.5374e+08 28.1907
2.53773e+08 28.2262
2.53773e+08 28.2616
2.53773e+08 28.297
2.53773e+08 28.3323
2.53796e+08 28.3676
2.5384e+08 28.4029
2.54209e+08 28.4381
2.54354e+08 28.4732
2.54388e+08 28.5084
2.54388e+08 28.5434
2.54444e+08 28.5785
2.54489e+08 28.6135
2.545e+08 28.6484
2.545e+08 28.6833
2.68255e+08 28.7182
2.68322e+08 28.753
2.69138e+08 28.7878
2.69216e+08 28.8225
2.69395e+08 28.8572
2.69585e+08 28.8919
2.70166e+08 28.9265
2.70166e+08 28.961
2.70199e+08 28.9956
2.70199e+08 29.0301
2.70199e+08 29.0645
2.70199e+08 29.0989
2.703e+08 29.1333
2.70345e+08 29.1676
2.70345e+08 29.2019
2.70345e+08 29.2361
2.70356e+08 29.2703
2.70356e+08 29.3045
2.70479e+08 29.3386
2.70512e+08 29.3727
2.7068e+08 29.4068
2.7068e+08 29.4408
2.70703e+08 29.4747
2.70926e+08 29.5087
2.71094e+08 29.5425
2.7115e+08 29.5764
2.71183e+08 29.6102
2.71239e+08 29.644
2.85309e+08 29.6777
2.85309e+08 29.7114
2.86293e+08 29.7451
2.86371e+08 29.7787
2.86472e+08 29.8123
2.86472e+08 29.8458
2.87042e+08 29.8793
2.87176e+08 29.9128
2.87209e+08 29.9462
2.8722e+08 29.9796
2.8722e+08 30.013
2.8722e+08 30.0463
2.87254e+08 30.0796
2.87388e+08 30.1128
2.8741e+08 30.146
2.87444e+08 30.1792
2.87444e+08 30.2123
2.87444e+08 30.2454
2.87466e+08 30.2785
2.87545e+08 30.3115
2.87589e+08 30.3445
2.8769e+08 30.3775
2.87701e+08 30.4104
2.87791e+08 30.4433
2.87858e+08 30.4761
2.87969e+08 30.5089
2.88193e+08 30.5417
2.8826e+08 30.5744
2.88428e+08 30.6071
3.03068e+08 30.6398
3.03068e+08 30.6725
3.03884e+08 30.7051
3.04264e+08 30.7376
3.04353e+08 30.7702
3.04376e+08 30.8027
3.04454e+08 30.8351
3.04678e+08 30.8676
3.04935e+08 30.9
3.05002e+08 30.9323
3.05002e+08 30.9646
3.05002e+08 30.9969
3.05024e+08 31.0292
3.05058e+08 31.0614
3.05069e+08 31.0936
3.05069e+08 31.1258
3.0508e+08 31.1579
3.0508e+08 31.19
3.05225e+08 31.2221
3.05225e+08 31.2541
3.05393e+08 31.2861
3.05483e+08 31.3181
3.0555e+08 31.35
3.05583e+08 31.3819
3.05684e+08 31.4137
3.05985e+08 31.4456
3.06075e+08 31.4774
3.06075e+08 31.5092
3.06108e+08 31.5409
3.0622e+08 31.5726
3.21343e+08 31.6043
3.21343e+08 31.6359
3.21734e+08 31.6675
3.22338e+08 31.6991
3.22505e+08 31.7306
3.2255e+08 31.7622
3.2274e+08 31.7936
3.22796e+08 31.8251
3.22919e+08 31.8565
3.22997e+08 31.8879
3.23265e+08 31.9193
3.23265e+08 31.9506
3.23422e+08 31.9819
3.23433e+08 32.0132
3.23466e+08 32.0444
3.23466e+08 32.0756
3.23467e+08 32.1068
3.23511e+08 32.1379
3.23511e+08 32.169
3.23556e+08 32.2001
3.23567e+08 32.2312
3.23679e+08 32.2622
3.23902e+08 32.2932
3.23958e+08 32.3242
3.24037e+08 32.3551
3.24059e+08 32.386
3.24148e+08 32.4169
3.24148e+08 32.4477
3.24283e+08 32.4786
3.24573e+08 32.5094
3.2464e+08 32.5401
3.40343e+08 32.5708
3.40343e+08 32.6015
3.40567e+08 32.6322
3.41338e+08 32.6629
3.41394e+08 32.6935
3.41618e+08 32.7241
3.41673e+08 32.7546
3.41763e+08 32.7852
3.41919e+08 32.8157
3.41942e+08 32.8461
3.42199e+08 32.8766
3.42221e+08 32.907
3.42579e+08 32.9374
3.42635e+08 32.9677
3.42702e+08 32.9981
3.42724e+08 33.0284
3.42914e+08 33.0587
3.42914e+08 33.0889
3.42959e+08 33.1191
3.42959e+08 33.1493
3.42959e+08 33.1795
3.43026e+08 33.2096
3.43026e+08 33.2397
3.43026e+08 33.2698
3.43182e+08 33.2999
3.43261e+08 33.3299
3.43261e+08 33.3599
3.43328e+08 33.3899
3.4335e+08 33.4198
3.43417e+08 33.4498
3.43752e+08 33.4797
3.43797e+08 33.5095
3.59791e+08 33.5394
3.59791e+08 33.5692
3.59948e+08 33.599
3.60283e+08 33.6287
3.60305e+08 33.6585
3.60417e+08 33.6882
3.60697e+08 33.7179
3.60831e+08 33.7475
3.61233e+08 33.7772
3.61233e+08 33.8068
3.61445e+08 33.8363
3.61445e+08 33.8659
3.61725e+08 33.8954
3.61982e+08 33.9249
3.61982e+08 33.9544
3.62071e+08 33.9839
3.62071e+08 34.0133
3.6215e+08 34.0427
3.62217e+08 34.0721
3.6234e+08 34.1014
3.6234e+08 34.1307
3.62362e+08 34.16
3.62362e+08 34.1893
3.62373e+08 34.2185
3.62373e+08 34.2478
3.62373e+08 34.277
3.62809e+08 34.3061
3.62921e+08 34.3353
3.63044e+08 34.3644
3.63044e+08 34.3935
3.63055e+08 34.4226
3.63189e+08 34.4516
3.63223e+08 34.4807
3.79976e+08 34.5097
3.79976e+08 34.5387
3.80088e+08 34.5676
3.80479e+08 34.5965
3.80479e+08 34.6254
3.80547e+08 34.6543
3.80547e+08 34.6832
3.80547e+08 34.712
3.80848e+08 34.7408
3.8105e+08 34.7696
3.8153e+08 34.7984
3.81564e+08 34.8271
3.8181e+08 34.8558
3.81977e+08 34.8845
3.82011e+08 34.9132
3.82011e+08 34.9418
3.82011e+08 34.9704
3.82044e+08 34.999
3.82067e+08 35.0276
3.82089e+08 35.0561
3.82134e+08 35.0847
3.82145e+08 35.1132
3.82257e+08 35.1417
3.82324e+08 35.1701
3.82324e+08 35.1985
3.82324e+08 35.227
3.82424e+08 35.2553
3.82424e+08 35.2837
3.82961e+08 35.312
3.82994e+08 35.3404
3.83006e+08 35.3687
3.83073e+08 35.3969
3.83173e+08 35.4252
3.8324e+08 35.4534
4.00711e+08 35.4816
4.00711e+08 35.5098
4.00791e+08 35.538
4.01025e+08 35.5661
4.01025e+08 35.5942
4.01193e+08 35.6223
4.01193e+08 35.6504
4.01238e+08 35.6784
4.01339e+08 35.7065
4.01551e+08 35.7345
4.02188e+08 35.7625
4.02255e+08 35.7904
4.02657e+08 35.8184
4.02657e+08 35.8463
4.02657e+08 35.8742
4.02691e+08 35.902
4.02725e+08 35.9299
4.02725e+08 35.9577
4.02736e+08 35.9855
4.02736e+08 36.0133
4.02736e+08 36.0411
4.02736e+08 36.0688
4.02736e+08 36.0966
4.02781e+08 36.1243
4.02781e+08 36.152
4.02781e+08 36.1796
4.02881e+08 36.2073
4.02903e+08 36.2349
4.02971e+08 36.2625
4.02971e+08 36.2901
4.02971e+08 36.3176
4.02993e+08 36.3451
4.03574e+08 36.3727
4.03697e+08 36.4002
4.03697e+08 36.4276
4.21983e+08 36.4551
4.21983e+08 36.4825
4.22028e+08 36.5099
4.22374e+08 36.5373
4.22453e+08 36.5647
4.22453e+08 36.592
4.22453e+08 36.6194
4.22587e+08 36.6467
4.22587e+08 36.6739
4.22654e+08 36.7012
4.22911e+08 36.7285
4.23336e+08 36.7557
4.2357e+08 36.7829
4.2357e+08 36.8101
4.2357e+08 36.8372
4.23582e+08 36.8644
4.23582e+08 36.8915
4.23671e+08 36.9186
4.23705e+08 36.9457
4.23716e+08 36.9728
4.23738e+08 36.9998
4.23749e+08 37.0269
4.23794e+08 37.0539
4.23839e+08 37.0809
4.23839e+08 37.1078
4.23872e+08 37.1348
4.23872e+08 37.1617
4.23962e+08 37.1886
4.23962e+08 37.2155
4.24006e+08 37.2424
4.24051e+08 37.2692
4.24085e+08 37.296
4.24085e+08 37.3229
4.24509e+08 37.3497
4.24666e+08 37.3764
4.24666e+08 37.4032
4.4388e+08 37.4299
4.4388e+08 37.4566
4.43924e+08 37.4833
4.44193e+08 37.51
4.44305e+08 37.5367
4.44305e+08 37.5633
4.44338e+08 37.5899
4.44539e+08 37.6165
4.44539e+08 37.6431
4.44595e+08 37.6697
4.44752e+08 37.6962
4.44852e+08 37.7228
4.45378e+08 37.7493
4.45422e+08 37.7758
4.45467e+08 37.8022
4.4549e+08 37.8287
4.45523e+08 37.8551
4.45523e+08 37.8815
4.45534e+08 37.9079
4.45545e+08 37.9343
4.45579e+08 37.9607
4.45579e+08 37.987
4.45613e+08 38.0133
4.45646e+08 38.0397
4.45657e+08 38.0659
4.45668e+08 38.0922
4.45702e+08 38.1185
4.45702e+08 38.1447
4.45702e+08 38.1709
4.45702e+08 38.1971
4.45713e+08 38.2233
4.45758e+08 38.2495
4.45803e+08 38.2756
4.45803e+08 38.3017
4.46037e+08 38.3278
4.4616e+08 38.3539
4.4616e+08 38.38
4.6638e+08 38.406
4.6638e+08 38.4321
4.66391e+08 38.4581
4.66615e+08 38.4841
4.66615e+08 38.5101
4.66671e+08 38.5361
4.66682e+08 38.562
4.66772e+08 38.5879
4.66816e+08 38.6139
4.66816e+08 38.6398
4.67029e+08 38.6656
4.67163e+08 38.6915
4.67487e+08 38.7173
4.67644e+08 38.7432
4.67878e+08 38.769
4.67957e+08 38.7948
4.67979e+08 38.8206
4.68046e+08 38.8463
4.6808e+08 38.8721
4.6808e+08 38.8978
4.68091e+08 38.9235
4.68091e+08 38.9492
4.68102e+08 38.9749
4.68102e+08 39.0005
4.68113e+08 39.0262
4.68136e+08 39.0518
4.68136e+08 39.0774
4.68147e+08 39.103
4.68147e+08 39.1285
4.68147e+08 39.1541
4.68158e+08 39.1796
4.68158e+08 39.2052
4.68203e+08 39.2307
4.68214e+08 39.2562
4.68259e+08 39.2816
4.68292e+08 39.3071
4.68426e+08 39.3325
4.68426e+08 39.358
4.89563e+08 39.3834
4.89574e+08 39.4088
4.89641e+08 39.4341
4.901e+08 39.4595
4.901e+08 39.4848
4.901e+08 39.5102
4.90133e+08 39.5355
4.90156e+08 39.5608
4.90189e+08 39.586
4.90189e+08 39.6113
4.90346e+08 39.6366
4.90558e+08 39.6618
4.90759e+08 39.687
4.90905e+08 39.7122
4.91095e+08 39.7374
4.91095e+08 39.7625
4.91184e+08 39.7877
4.91218e+08 39.8128
4.91218e+08 39.8379
4.91229e+08 39.863
4.9124e+08 39.8881
4.9124e+08 39.9132
4.91263e+08 39.9382
4.91285e+08 39.9633
4.91285e+08 39.9883
4.91285e+08 40.0133
4.91296e+08 40.0383
4.91296e+08 40.0633
4.91307e+08 40.0882
4.9133e+08 40.1132
4.91341e+08 40.1381
4.91363e+08 40.163
4.91363e+08 40.1879
4.91441e+08 40.2128
4.91441e+08 40.2377
4.91531e+08 40.2625
4.91676e+08 40.2874
4.91967e+08 40.3122
4.92067e+08 40.337
5.13272e+08 40.3618
5.13305e+08 40.3866
5.13484e+08 40.4113
5.13797e+08 40.4361
5.13864e+08 40.4608
5.13864e+08 40.4855
5.1392e+08 40.5102
5.13931e+08 40.5349
5.13931e+08 40.5596
5.14054e+08 40.5842
5.14155e+08 40.6089
5.14345e+08 40.6335
5.14535e+08 40.6581
5.14602e+08 40.6827
5.14747e+08 40.7073
5.1477e+08 40.7318
5.14814e+08 40.7564
5.14848e+08 40.7809
5.14937e+08 40.8055
5.1496e+08 40.83
5.1496e+08 40.8545
5.1496e+08 40.8789
5.14971e+08 40.9034
5.14993e+08 40.9278
5.14993e+08 40.9523
5.15005e+08 40.9767
5.15005e+08 41.0011
5.15016e+08 41.0255
5.15016e+08 41.0499
5.15016e+08 41.0742
5.15027e+08 41.0986
5.15072e+08 41.1229
5.15172e+08 41.1472
5.15172e+08 41.1715
5.15195e+08 41.1958
5.15251e+08 41.2201
5.15251e+08 41.2443
5.15407e+08 41.2686
5.15686e+08 41.2928
5.1572e+08 41.317
5.37852e+08 41.3412
5.37852e+08 41.3654
5.38121e+08 41.3896
5.38914e+08 41.4138
5.38937e+08 41.4379
5.38937e+08 41.462
5.38937e+08 41.4862
5.38937e+08 41.5103
5.38948e+08 41.5344
5.38948e+08 41.5584
5.39015e+08 41.5825
5.39071e+08 41.6065
5.3925e+08 41.6306
5.39283e+08 41.6546
5.39283e+08 41.6786
5.39283e+08 41.7026
5.39295e+08 41.7266
5.39295e+08 41.7505
5.39317e+08 41.7745
5.39317e+08 41.7984
5.39317e+08 41.8224
5.39328e+08 41.8463
5.39339e+08 41.8702
5.39339e+08 41.8941
5.39351e+08 41.9179
5.39373e+08 41.9418
5.39373e+08 41.9656
5.39395e+08 41.9894
5.39473e+08 42.0133
5.39518e+08 42.0371
5.39563e+08 42.0609
5.39697e+08 42.0846
5.40088e+08 42.1084
5.40111e+08 42.1321
5.40111e+08 42.1559
5.40111e+08 42.1796
5.40278e+08 42.2033
5.40301e+08 42.227
5.40535e+08 42.2507
5.40636e+08 42.2743
5.40714e+08 42.298
5.62813e+08 42.3216
5.62836e+08 42.3453
5.63372e+08 42.3689
5.63797e+08 42.3925
5.63842e+08 42.4161
5.63875e+08 42.4397
5.63909e+08 42.4632
5.63954e+08 42.4868
5.63954e+08 42.5103
5.63954e+08 42.5338
5.63954e+08 42.5573
5.64066e+08 42.5808
5.64144e+08 42.6043
5.64177e+08 42.6278
5.642e+08 42.6513
5.642e+08 42.6747
5.64222e+08 42.6981
5.64244e+08 42.7216
5.64244e+08 42.745
5.64244e+08 42.7684
5.64244e+08 42.7917
5.64244e+08 42.8151
5.64256e+08 42.8385
5.64256e+08 42.8618
5.64256e+08 42.8851
5.64278e+08 42.9085
5.64312e+08 42.9318
5.64323e+08 42.9551
5.64334e+08 42.9783
5.64345e+08 43.0016
5.6439e+08 43.0249
5.64435e+08 43.0481
5.64669e+08 43.0713
5.65027e+08 43.0945
5.65116e+08 43.1178
5.65172e+08 43.1409
5.65239e+08 43.1641
5.6553e+08 43.1873
5.6553e+08 43.2104
5.65765e+08 43.2336
5.65765e+08 43.2567
5.65798e+08 43.2798
5.88848e+08 43.3029
5.88848e+08 43.326
5.89407e+08 43.3491
5.89519e+08 43.3722
5.89541e+08 43.3952
5.89541e+08 43.4183
5.89552e+08 43.4413
5.89586e+08 43.4643
5.89586e+08 43.4873
5.89586e+08 43.5103
5.89586e+08 43.5333
5.89697e+08 43.5563
5.89731e+08 43.5792
5.89742e+08 43.6022
5.89742e+08 43.6251
5.89742e+08 43.6481
5.89753e+08 43.671
5.8982e+08 43.6939
5.89843e+08 43.7167
5.89865e+08 43.7396
5.89865e+08 43.7625
5.89899e+08 43.7853
5.89899e+08 43.8082
5.8991e+08 43.831
5.89932e+08 43.8538
5.89955e+08 43.8766
5.89955e+08 43.8994
5.89999e+08 43.9222
5.90022e+08 43.945
5.90145e+08 43.9677
5.90201e+08 43.9905
5.90447e+08 44.0132
5.9048e+08 44.0359
5.90581e+08 44.0586
5.90938e+08 44.0813
5.91017e+08 44.104
5.91028e+08 44.1267
5.9124e+08 44.1493
5.91285e+08 44.172
5.91318e+08 44.1946
5.91553e+08 44.2173
5.91598e+08 44.2399
5.91699e+08 44.2625
6.14546e+08 44.2851
6.14546e+08 44.3076
6.14669e+08 44.3302
6.14681e+08 44.3528
6.14691e+08 44.3753
6.14691e+08 44.3979
6.14691e+08 44.4204
6.14758e+08 44.4429
6.14793e+08 44.4654
6.14871e+08 44.4879
6.14882e+08 44.5104
6.14972e+08 44.5328
6.14972e+08 44.5553
6.14994e+08 44.5777
6.15004e+08 44.6002
6.15027e+08 44.6226
6.15039e+08 44.645
6.15095e+08 44.6674
6.15161e+08 44.6898
6.15185e+08 44.7122
6.15185e+08 44.7345
6.15196e+08 44.7569
6.1523e+08 44.7792
6.15274e+08 44.8015
6.15286e+08 44.8239
6.15342e+08 44.8462
6.15364e+08 44.8685
6.15409e+08 44.8908
6.15419e+08 44.913
6.15454e+08 44.9353
6.15454e+08 44.9576
6.1551e+08 44.9798
6.1552e+08 45.002
6.15554e+08 45.0243
6.1561e+08 45.0465
6.15789e+08 45.0687
6.15845e+08 45.0909
6.15857e+08 45.113
6.15901e+08 45.1352
6.16025e+08 45.1574
6.16025e+08 45.1795
6.16184e+08 45.2016
6.16205e+08 45.2238
6.16328e+08 45.2459
6.22894e+08 45.268
6.22905e+08 45.2901
6.23095e+08 45.3121
