3833.6 0.497535
7742.95 0.487894
9652.3 0.655593
11576.5 0.99507
13489.9 0.994032
15410.1 0.99507
17319.5 0.996361
19226.8 0.997403
21134.2 0.999651
23041.5 1
24948.9 1
26856.2 1
28763.6 1
30670.9 1
32578.3 1
34485.6 1
36393 1
38300.3 1
40207.7 1
42115 1
44022.4 1
45929.7 1
47837.1 1
49744.4 1
51651.8 1
53559.1 1
55466.5 1
57373.8 1
59281.2 1
61188.5 1
63095.9 1
65003.2 1
66910.6 1
68817.9 1
70725.3 1
72632.6 1
74540 1
76447.3 1
78354.6 1
80262 1
82169.3 1
84076.7 1
85984 1
87891.4 1
89798.7 1
91706.1 1
93613.4 1
95520.8 1
97428.1 1
99335.5 1
101243 1
103150 1
105058 1
106965 1
108872 1
110780 1
112687 1
114594 1
116502 1
118409 1
120316 1
122224 1
124131 1
126038 1
127946 1
129853 1
131760 1
133668 1
135575 1
137482 1
139390 1
141297 1
143205 1
145112 1
147019 1
148927 1
150834 1
152741 1
154649 1
156556 1
158463 1
160371 1
162278 1
164185 1
166093 1
168000 1
169907 1
171815 1
173722 1
175629 1
177537 1
179444 1
181351 1
183259 1
185166 1
187074 1
188981 1
190888 1
192796 1
194703 1
196610 1
198518 1
200425 1
202332 1
204240 1
206147 1
208054 1
209962 1
211869 1
213776 1
215684 1
217591 1
219498 1
221406 1
223313 1
225220 1
227128 1
229035 1
230943 1
232850 1
234757 1
236665 1
238572 1
240479 1
242387 1
244294 1
246201 1
248109 1
250016 1
251923 1
253831 1
255738 1
257645 1
259553 1
261460 1
263367 1
265275 1
267182 1
269090 1
270997 1
272904 1
274812 1
276719 1
278626 1
280534 1
282441 1
284348 1
286256 1
288163 1
290070 1
291978 1
293885 1
295792 1
297700 1
299607 1
301514 1
303422 1
305329 1
307236 1
309144 1
311051 1
312959 1
314866 1
316773 1
318681 1
320588 1
322495 1
324403 1
326310 1
328217 1
330125 1
332032 1
333939 1
335847 1
337754 1
339661 1
341569 1
343476 1
345383 1
347291 1
349198 1
351106 1
353013 1
354920 1
356828 1
358735 1
360642 1
362550 1
364457 1
366364 1
368272 1
370179 1
372086 1
373994 1
375901 1
377808 1
379716 1
381623 1
383530 1
385438 1
387345 1
389252 1
391160 1
393067 1
394975 1
396882 1
398789 1
400697 1
402604 1
404511 1
406419 1
408326 1
410233 1
412141 1
414048 1
415955 1
417863 1
419770 1
421677 1
423585 1
425492 1
427399 1.05477
429307 1
431214 1
433121 1
435029 1
436936 1
438844 1
440751 1
442658 1
444566 1
446473 1
448380 1
450288 1
452195 1.0553
454102 1
456010 1
457917 1
459824 1
461732 1
463639 1
465546 1
467454 1
469361 1
471268 1
473176 1
475083 1
476991 1
478898 1
480805 1
482713 1
484620 1
486527 1
488435 1
490342 1
492249 1
494157 1
496064 1
497971 1
499879 1
501786 1
503693 1
505601 1
507508 1
509415 1
511323 1
513230 1
515137 1
517045 1
518952 1
520860 1
522767 1
524674 1
526582 1
528489 1
530396 1
532304 1
534211 1
536118 1
538026 1
539933 1
541840 1
543748 1
545655 1
547562 1
549470 1
551377 1
553284 1
555192 1
557099 1
559007 1
560914 1
562821 1
564729 1
566636 1
568543 1
570451 1
572358 1
574265 1
576173 1
578080 1
579987 1
581895 1
583802 1
585709 1
587617 1
589524 1
591431 1
593339 1
595246 1
597153 1
599061 1
600968 1
602876 1
604783 1
606690 1
608598 1
610505 1
612412 1
614320 1
616227 1
618134 1
620042 1
621949 1
623856 1
625764 1
627671 1
629578 1
631486 1
633393 1
635300 1
637208 1
639115 1
641022 1
642930 1
644837 1
646745 1
648652 1
650559 1
652467 1
654374 1
656281 1
658189 1
660096 1
662003 1
663911 1
665818 1
667725 1
669633 1
671540 1
673447 1
675355 1
677262 1
679169 1
681077 1
682984 1
684892 1
686799 1
688706 1
690614 1
692521 1
694428 1
696336 1
698243 1
700150 1
702058 1
703965 1
705872 1
707780 1
709687 1
711594 1
713502 1
715409 1
717316 1
719224 1
721131 1
723038 1
724946 1
726853 1
728761 1
730668 1
732575 1
734483 1
736390 1
738297 1
740205 1
742112 1
744019 1
745927 1
747834 1
749741 1
751649 1
753556 1
755463 1
757371 1
759278 1
761185 1
763093 1
765000 1
766908 1
768815 1
770722 1
772630 1
774537 1
776444 1
778352 1
780259 1
782166 1
784074 1
785981 1
787888 1
789796 1
791703 1
793610 1
795518 1
797425 1
799332 1
801240 1
803147 1
805054 1
806962 1
808869 1
810777 1
812684 1
814591 1
816499 1
818406 1
820313 1
822221 1
824128 1
826035 1
827943 1
829850 1
831757 1
833665 1
835572 1
837479 1
839387 1
841294 1
843201 1
845109 1
847016 1
848923 1
850831 1
852738 1
854646 1.05515
856553 1
858460 1
860368 1
862275 1
864182 1
866090 1
867997 1
869904 1
871812 1
873719 1
875626 1
877534 1
879441 1
881348 1
883256 1.00531
885163 1
887070 1
888978 1
890885 1
892793 1
894700 1
896607 1
898515 1
900422 1
902329 1
904237 1
906144 1
908051 1
909959 1
911866 1
913773 1
915681 1
917588 1
919495 1
921403 1
923310 1
925217 1
927125 1
929032 1
930939 1
932847 1
934754 1
936662 1
938569 1
940476 1
942384 1
944291 1
946198 1
948106 1
950013 1
951920 1
953828 1
955735 1
957642 1
