2984.38 2984.38
7454.73 4470.35
8942.85 5958.46
17139.5 9684.75
18628.6 11173.9
19376.7 10433.8
20121.7 11178.9
32787.7 13411
33532.8 13411
40981.3 7448.58
41726.4 8193.64
50668.1 9686.75
52156.2 10429.8
62589 11920.9
64077.1 13409
64824.2 12668
76000.1 13411
77488.2 13411
78235.2 14158.1
78978.3 14154.1
91646.3 15646.2
93135.4 15647.2
93882.5 15647.2
94627.5 15649.2
95369.6 16391.3
106547 12665
107294 12666
108036 12666
117724 11176.9
118468 11174.9
119213 11919.9
128899 10430.8
129644 11175.9
130387 11173.9
140820 11920.9
141565 11920.9
142308 11920.9
143053 12666
154231 13411
154976 13411
155719 13411
156467 13414
157212 14159.1
168386 14155.1
169132 11919.9
169875 12663
183287 14901.2
184033 14901.2
184777 14901.2
197444 14156.1
198190 14902.2
211601 14157.1
212346 14156.1
213091 14901.2
227992 15646.2
228737 15646.2
243639 15647.2
244384 15647.2
245126 16389.3
259285 15646.2
260030 14904.2
269714 10428.8
270459 10428.8
281635 11920.9
282380 11920.9
283127 12668
295793 13413
296538 13411
306967 11173.9
307712 11173.9
308457 11918.9
315908 8940.7
317397 9684.75
318143 9685.75
318887 10429.8
327084 11175.9
329318 11920.9
330064 11920.9
330808 11920.9
340495 13411
341984 14900.2
344219 14901.2
344967 14903.2
345712 14904.2
353908 13413
355395 13411
356140 14156.1
358376 4468.35
359865 5957.46
360611 5216.41
361355 5215.41
363590 5214.41
365827 5961.46
366572 5960.46
367316 5960.46
368806 7450.58
370299 6708.52
373277 7450.58
374022 7450.58
374769 7453.58
